data/frame-000360.color.jpg -0.212025 -0.668397 0.669811 -0.244221 0.698348 0.310061 1.205441 1155.915
data/frame-000361.color.jpg -0.210984 -0.667502 0.671112 -0.244001 0.697634 0.301452 1.206975 1155.915
data/frame-000362.color.jpg -0.211263 -0.669014 0.669810 -0.243191 0.700845 0.300159 1.207039 1155.915
data/frame-000363.color.jpg 0.211458 0.672696 -0.666539 0.241850 0.709182 0.304187 1.205769 1155.915
data/frame-000364.color.jpg 0.209485 0.675676 -0.664247 0.241566 0.707310 0.307050 1.207482 1155.915
data/frame-000365.color.jpg 0.208289 0.673028 -0.666822 0.242894 0.703791 0.299273 1.208359 1155.915
data/frame-000366.color.jpg 0.205641 0.672440 -0.668073 0.243340 0.697870 0.294282 1.213126 1155.915
data/frame-000367.color.jpg 0.202896 0.674322 -0.669012 0.237797 0.700028 0.276584 1.212548 1155.915
data/frame-000368.color.jpg 0.191964 0.678927 -0.670835 0.228450 0.702111 0.240869 1.218831 1155.915
data/frame-000369.color.jpg 0.177510 0.685079 -0.670462 0.222794 0.694307 0.213202 1.227594 1155.915
data/frame-000370.color.jpg 0.164277 0.689205 -0.671991 0.215493 0.681621 0.181657 1.230320 1155.915
data/frame-000371.color.jpg 0.165226 0.692742 -0.667690 0.216794 0.681085 0.200914 1.231290 1155.915
data/frame-000372.color.jpg 0.167974 0.697226 -0.659970 0.223829 0.688572 0.233451 1.234517 1155.915
data/frame-000373.color.jpg 0.175866 0.705316 -0.649290 0.223659 0.715521 0.261789 1.226223 1155.915
data/frame-000374.color.jpg 0.173865 0.717419 -0.639652 0.214304 0.745736 0.262772 1.222573 1155.915
data/frame-000375.color.jpg 0.177357 0.731962 -0.624775 0.205993 0.787967 0.275347 1.210350 1155.915
data/frame-000376.color.jpg 0.184349 0.740153 -0.610806 0.212382 0.803120 0.329021 1.205088 1155.915
data/frame-000377.color.jpg 0.206432 0.743558 -0.593940 0.227470 0.820871 0.426808 1.186370 1155.915
data/frame-000378.color.jpg 0.236952 0.744402 -0.577299 0.237582 0.851086 0.534445 1.147875 1155.915
data/frame-000379.color.jpg 0.259938 0.741581 -0.566473 0.248190 0.870564 0.610898 1.115821 1155.915
data/frame-000380.color.jpg 0.291582 0.737748 -0.548893 0.263484 0.889194 0.711020 1.060730 1155.915
data/frame-000381.color.jpg 0.318297 0.731814 -0.539608 0.268252 0.922015 0.778077 1.010817 1155.915
data/frame-000382.color.jpg 0.346867 0.724303 -0.527339 0.277457 0.951600 0.838961 0.954949 1155.915
data/frame-000383.color.jpg 0.361606 0.724569 -0.513557 0.283725 0.957031 0.893355 0.916194 1155.915
data/frame-000384.color.jpg 0.372524 0.725752 -0.501633 0.287878 0.957435 0.937025 0.883573 1155.915
data/frame-000385.color.jpg 0.377132 0.726627 -0.496955 0.287784 0.955758 0.952649 0.867722 1155.915
data/frame-000386.color.jpg 0.373016 0.724847 -0.496056 0.298973 0.942072 0.974264 0.879262 1155.915
data/frame-000387.color.jpg 0.378981 0.721703 -0.498339 0.295257 0.955664 0.972323 0.867455 1155.915
data/frame-000388.color.jpg 0.385785 0.718384 -0.498337 0.294542 0.969020 0.984020 0.846101 1155.915
data/frame-000389.color.jpg 0.394657 0.715949 -0.495730 0.293112 0.982572 0.991748 0.812561 1155.915
data/frame-000390.color.jpg 0.402927 0.713826 -0.491808 0.293645 0.982551 1.006109 0.768501 1155.915
data/frame-000391.color.jpg 0.405302 0.708869 -0.493635 0.299266 0.992277 1.031430 0.739464 1155.915
data/frame-000392.color.jpg 0.402932 0.703304 -0.499591 0.305644 1.009801 1.040623 0.731502 1155.915
data/frame-000393.color.jpg 0.397421 0.698235 -0.506103 0.313663 1.031262 1.075162 0.720788 1155.915
data/frame-000394.color.jpg 0.394032 0.689795 -0.514368 0.323028 1.039060 1.088123 0.724225 1155.915
data/frame-000395.color.jpg 0.391499 0.678098 -0.525239 0.333221 1.046135 1.091556 0.731968 1155.915
data/frame-000396.color.jpg 0.390579 0.672051 -0.530976 0.337430 1.058938 1.094360 0.729629 1155.915
data/frame-000397.color.jpg 0.386873 0.668692 -0.535433 0.341309 1.066973 1.103389 0.731537 1155.915
data/frame-000398.color.jpg 0.381475 0.665048 -0.541517 0.344888 1.074802 1.110086 0.738725 1155.915
data/frame-000399.color.jpg 0.379826 0.651808 -0.554956 0.350574 1.099229 1.096222 0.743478 1155.915
data/frame-000400.color.jpg 0.367424 0.626130 -0.585301 0.361086 1.118433 1.063210 0.793719 1155.915
data/frame-000401.color.jpg 0.358436 0.610650 -0.604788 0.364502 1.118231 1.026483 0.827409 1155.915
data/frame-000402.color.jpg -0.351297 -0.606892 0.614229 -0.361933 1.112415 1.001483 0.842237 1155.915
data/frame-000403.color.jpg -0.343154 -0.614174 0.619334 -0.348512 1.099101 0.968722 0.845609 1155.915
data/frame-000404.color.jpg 0.341451 0.632862 -0.608855 0.334952 1.077444 0.978682 0.828122 1155.915
data/frame-000405.color.jpg 0.337325 0.659534 -0.590700 0.319845 1.023968 1.002532 0.801820 1155.915
data/frame-000406.color.jpg 0.339384 0.684187 -0.570363 0.302313 0.974945 1.010956 0.766416 1155.915
data/frame-000407.color.jpg 0.346528 0.703567 -0.550538 0.286041 0.934427 1.032219 0.724188 1155.915
data/frame-000408.color.jpg 0.344527 0.719310 -0.536519 0.275756 0.892365 1.037784 0.713214 1155.915
data/frame-000409.color.jpg 0.346428 0.728742 -0.527640 0.265554 0.876603 1.036983 0.701414 1155.915
data/frame-000410.color.jpg 0.343804 0.737795 -0.519474 0.260007 0.856909 1.042848 0.702450 1155.915
data/frame-000411.color.jpg 0.340638 0.743299 -0.514693 0.258001 0.830627 1.050166 0.703628 1155.915
data/frame-000412.color.jpg 0.331295 0.741394 -0.522982 0.258977 0.792515 1.034331 0.729951 1155.915
data/frame-000413.color.jpg 0.320026 0.733158 -0.536953 0.267849 0.748152 1.020897 0.761712 1155.915
data/frame-000414.color.jpg 0.321705 0.720884 -0.551748 0.269085 0.753233 0.998251 0.766459 1155.915
data/frame-000415.color.jpg 0.308294 0.704548 -0.575092 0.278992 0.729280 0.970946 0.800180 1155.915
data/frame-000416.color.jpg 0.289920 0.683593 -0.604978 0.287487 0.698563 0.944166 0.831780 1155.915
data/frame-000417.color.jpg 0.280120 0.656902 -0.622490 0.320186 0.639217 0.983798 0.816305 1155.915
data/frame-000418.color.jpg -0.276115 -0.634877 0.639094 -0.335039 0.609568 0.998941 0.808693 1155.915
data/frame-000419.color.jpg -0.262790 -0.610748 0.660698 -0.348434 0.552577 0.994979 0.821260 1155.915
data/frame-000420.color.jpg -0.249838 -0.590735 0.674920 -0.364824 0.535819 0.974093 0.845869 1155.915
data/frame-000421.color.jpg -0.245959 -0.579551 0.686809 -0.363205 0.532146 0.973358 0.864508 1155.915
data/frame-000422.color.jpg -0.249410 -0.573187 0.694100 -0.357038 0.534758 0.966168 0.871669 1155.915
data/frame-000423.color.jpg -0.253055 -0.582877 0.688266 -0.350010 0.501417 0.939519 0.880793 1155.915
data/frame-000424.color.jpg -0.262396 -0.600905 0.671122 -0.345915 0.449936 0.934261 0.879212 1155.915
data/frame-000425.color.jpg -0.266909 -0.606586 0.663779 -0.346715 0.402957 0.931107 0.883831 1155.915
data/frame-000426.color.jpg -0.266122 -0.605860 0.663051 -0.349966 0.355985 0.914261 0.894583 1155.915
data/frame-000427.color.jpg -0.260230 -0.588880 0.678526 -0.353698 0.311488 0.884082 0.923662 1155.915
data/frame-000428.color.jpg -0.251768 -0.574381 0.693693 -0.354246 0.261369 0.866308 0.942237 1155.915
data/frame-000429.color.jpg -0.251389 -0.564749 0.701923 -0.353789 0.238684 0.863061 0.938691 1155.915
data/frame-000430.color.jpg -0.247932 -0.572227 0.698298 -0.351378 0.196418 0.855847 0.935985 1155.915
data/frame-000431.color.jpg -0.243218 -0.577033 0.693734 -0.355825 0.138178 0.863803 0.923765 1155.915
data/frame-000432.color.jpg -0.244674 -0.571511 0.700430 -0.350583 0.092143 0.863965 0.923190 1155.915
data/frame-000433.color.jpg -0.251413 -0.576543 0.696546 -0.345273 0.076985 0.867322 0.923253 1155.915
data/frame-000434.color.jpg -0.266183 -0.589351 0.681204 -0.343181 0.048449 0.881756 0.917867 1155.915
data/frame-000435.color.jpg -0.273098 -0.608456 0.663385 -0.339292 0.006449 0.876214 0.924769 1155.915
data/frame-000436.color.jpg -0.280677 -0.623515 0.647339 -0.336752 -0.043205 0.875766 0.931712 1155.915
data/frame-000437.color.jpg -0.287577 -0.628845 0.637775 -0.339258 -0.061913 0.881246 0.930286 1155.915
data/frame-000438.color.jpg 0.294796 0.632004 -0.630875 0.340093 -0.094481 0.880210 0.935476 1155.915
data/frame-000439.color.jpg -0.288932 -0.623723 0.648007 -0.327986 -0.189025 0.871388 0.947579 1155.915
data/frame-000440.color.jpg -0.309738 -0.626185 0.631059 -0.337222 -0.229471 0.921662 0.895668 1155.915
data/frame-000441.color.jpg 0.308495 0.634423 -0.626063 0.332241 -0.249347 0.906773 0.906151 1155.915
data/frame-000442.color.jpg 0.308473 0.639962 -0.625020 0.323486 -0.264794 0.881425 0.927683 1155.915
data/frame-000443.color.jpg 0.307671 0.657494 -0.614583 0.308753 -0.284561 0.829354 0.978535 1155.915
data/frame-000444.color.jpg 0.302726 0.679518 -0.595488 0.303326 -0.324663 0.762064 1.025357 1155.915
data/frame-000445.color.jpg 0.307720 0.688370 -0.586260 0.296234 -0.326462 0.729977 1.052280 1155.915
data/frame-000446.color.jpg 0.311626 0.694466 -0.577386 0.295349 -0.336372 0.711629 1.073499 1155.915
data/frame-000447.color.jpg 0.318456 0.699756 -0.568333 0.293128 -0.339724 0.699442 1.093691 1155.915
data/frame-000448.color.jpg 0.326737 0.706860 -0.555688 0.291210 -0.341470 0.672650 1.123513 1155.915
data/frame-000449.color.jpg 0.326511 0.713681 -0.549855 0.285848 -0.332576 0.631709 1.155937 1155.915
data/frame-000450.color.jpg 0.331513 0.717935 -0.545600 0.277470 -0.313424 0.599041 1.185791 1155.915
data/frame-000451.color.jpg 0.324121 0.721791 -0.545267 0.276852 -0.326859 0.563086 1.202520 1155.915
data/frame-000452.color.jpg 0.316221 0.712112 -0.557429 0.286658 -0.348058 0.556854 1.192667 1155.915
data/frame-000453.color.jpg 0.316952 0.705088 -0.564342 0.289672 -0.343138 0.562171 1.189882 1155.915
data/frame-000454.color.jpg 0.305028 0.705868 -0.573310 0.282882 -0.332801 0.522859 1.206072 1155.915
data/frame-000455.color.jpg 0.299985 0.705141 -0.580868 0.274551 -0.307860 0.491977 1.221692 1155.915
data/frame-000456.color.jpg 0.288009 0.707423 -0.588245 0.265654 -0.290771 0.435416 1.240832 1155.915
data/frame-000457.color.jpg 0.283644 0.707236 -0.591930 0.262646 -0.283668 0.411397 1.248473 1155.915
data/frame-000458.color.jpg 0.283827 0.707264 -0.592823 0.260348 -0.275694 0.394628 1.254015 1155.915
data/frame-000459.color.jpg 0.281194 0.708572 -0.592956 0.259343 -0.262141 0.367997 1.262173 1155.915
data/frame-000460.color.jpg 0.286594 0.708693 -0.590947 0.257681 -0.244077 0.370536 1.269211 1155.915
data/frame-000461.color.jpg 0.292041 0.706320 -0.589249 0.261934 -0.241193 0.368005 1.266180 1155.915
data/frame-000462.color.jpg 0.297675 0.699290 -0.589850 0.272874 -0.251015 0.384595 1.256691 1155.915
data/frame-000463.color.jpg 0.293332 0.698711 -0.592733 0.272813 -0.258397 0.369028 1.253837 1155.915
data/frame-000464.color.jpg 0.287669 0.700206 -0.594377 0.271430 -0.259672 0.344008 1.255572 1155.915
data/frame-000465.color.jpg 0.282582 0.701577 -0.596331 0.268935 -0.263277 0.320273 1.258526 1155.915
data/frame-000466.color.jpg 0.278223 0.701865 -0.598058 0.268895 -0.270073 0.308622 1.257969 1155.915
data/frame-000467.color.jpg 0.271963 0.701136 -0.601366 0.269820 -0.280076 0.294665 1.255505 1155.915
data/frame-000468.color.jpg 0.267958 0.700612 -0.603041 0.271446 -0.295117 0.290186 1.251888 1155.915
data/frame-000469.color.jpg 0.277833 0.692842 -0.602825 0.281747 -0.306564 0.332571 1.239718 1155.915
data/frame-000470.color.jpg 0.301208 0.681154 -0.594367 0.303367 -0.315142 0.418064 1.213988 1155.915
data/frame-000471.color.jpg 0.327814 0.669820 -0.583363 0.321817 -0.317017 0.466057 1.171282 1155.915
data/frame-000472.color.jpg 0.323110 0.670549 -0.586561 0.319235 -0.326404 0.408691 1.146315 1155.915
data/frame-000473.color.jpg 0.326200 0.670977 -0.585083 0.317903 -0.329905 0.398161 1.126216 1155.915
data/frame-000474.color.jpg 0.336173 0.665968 -0.582643 0.322493 -0.330044 0.398894 1.092290 1155.915
data/frame-000475.color.jpg 0.333248 0.660380 -0.588033 0.327202 -0.346122 0.380588 1.058428 1155.915
data/frame-000476.color.jpg 0.330349 0.658201 -0.590475 0.330121 -0.356961 0.361551 1.036055 1155.915
data/frame-000477.color.jpg 0.334985 0.657076 -0.587253 0.333421 -0.355444 0.373426 1.023011 1155.915
data/frame-000478.color.jpg 0.337613 0.657238 -0.584796 0.334767 -0.349007 0.384618 1.023317 1155.915
data/frame-000479.color.jpg 0.337930 0.658464 -0.583398 0.334479 -0.352190 0.395965 1.030870 1155.915
data/frame-000480.color.jpg 0.337765 0.655769 -0.586861 0.333882 -0.373072 0.419564 1.039955 1155.915
data/frame-000481.color.jpg 0.337733 0.646947 -0.596259 0.334471 -0.402709 0.454844 1.047931 1155.915
data/frame-000482.color.jpg 0.330489 0.639518 -0.606152 0.338191 -0.450176 0.483669 1.053580 1155.915
data/frame-000483.color.jpg 0.330038 0.638893 -0.605329 0.341273 -0.483545 0.500222 1.059019 1155.915
data/frame-000484.color.jpg 0.316609 0.646862 -0.603410 0.342379 -0.551496 0.479108 1.067270 1155.915
data/frame-000485.color.jpg 0.297733 0.652625 -0.608387 0.339559 -0.624428 0.447788 1.064673 1155.915
data/frame-000486.color.jpg 0.282329 0.650868 -0.617359 0.339895 -0.691513 0.433207 1.051164 1155.915
data/frame-000487.color.jpg 0.271237 0.651783 -0.620605 0.341262 -0.738925 0.421563 1.044102 1155.915
data/frame-000488.color.jpg 0.264702 0.650924 -0.625579 0.338943 -0.761939 0.423491 1.041243 1155.915
data/frame-000489.color.jpg 0.261196 0.651463 -0.627749 0.336606 -0.781071 0.426582 1.041894 1155.915
data/frame-000490.color.jpg 0.254969 0.650315 -0.631361 0.336845 -0.797194 0.422290 1.030344 1155.915
data/frame-000491.color.jpg 0.245192 0.654999 -0.636874 0.324421 -0.797053 0.406620 1.039763 1155.915
data/frame-000492.color.jpg 0.247504 0.649090 -0.641689 0.325052 -0.796946 0.449043 1.022500 1155.915
data/frame-000493.color.jpg -0.250012 -0.629847 0.656166 -0.332013 -0.803728 0.538071 0.976165 1155.915
data/frame-000494.color.jpg -0.251745 -0.611357 0.667506 -0.342495 -0.808909 0.624447 0.926714 1155.915
data/frame-000495.color.jpg -0.258507 -0.595017 0.672671 -0.355868 -0.809117 0.708797 0.869046 1155.915
data/frame-000496.color.jpg -0.260716 -0.592835 0.671852 -0.359429 -0.811770 0.745366 0.835101 1155.915
data/frame-000497.color.jpg -0.256466 -0.588886 0.673048 -0.366667 -0.833140 0.776561 0.796831 1155.915
data/frame-000498.color.jpg -0.257375 -0.590388 0.667905 -0.372966 -0.862408 0.810467 0.764893 1155.915
data/frame-000499.color.jpg -0.260646 -0.607931 0.640230 -0.390626 -0.927782 0.815267 0.721295 1155.915
data/frame-000500.color.jpg 0.258553 0.626890 -0.621600 0.392138 -0.964115 0.796718 0.723628 1155.915
data/frame-000501.color.jpg 0.265482 0.641012 -0.602017 0.395219 -0.987976 0.785078 0.723467 1155.915
data/frame-000502.color.jpg 0.279816 0.656535 -0.581525 0.390505 -0.992998 0.773367 0.741649 1155.915
data/frame-000503.color.jpg 0.293852 0.666015 -0.570611 0.380103 -0.991126 0.784721 0.772322 1155.915
data/frame-000504.color.jpg 0.294279 0.672167 -0.568854 0.371479 -0.986122 0.769941 0.790543 1155.915
data/frame-000505.color.jpg 0.296309 0.681461 -0.565290 0.358134 -0.977666 0.771345 0.821861 1155.915
data/frame-000506.color.jpg 0.296036 0.686379 -0.563075 0.352411 -0.963331 0.786836 0.823374 1155.915
data/frame-000507.color.jpg 0.297736 0.689011 -0.561218 0.348786 -0.947806 0.804520 0.821832 1155.915
data/frame-000508.color.jpg 0.304469 0.685836 -0.560087 0.351041 -0.934891 0.836427 0.793214 1155.915
data/frame-000509.color.jpg 0.313759 0.682452 -0.560843 0.348238 -0.888988 0.885623 0.772494 1155.915
data/frame-000510.color.jpg 0.317554 0.692576 -0.554235 0.335144 -0.850401 0.905932 0.792830 1155.915
data/frame-000511.color.jpg 0.324930 0.698946 -0.546668 0.327182 -0.810779 0.921879 0.793352 1155.915
data/frame-000512.color.jpg 0.331259 0.706541 -0.537974 0.318829 -0.768789 0.937691 0.792816 1155.915
data/frame-000513.color.jpg 0.334275 0.716242 -0.525490 0.314830 -0.746629 0.931506 0.789297 1155.915
data/frame-000514.color.jpg 0.341605 0.728019 -0.509151 0.306692 -0.715036 0.929320 0.797939 1155.915
data/frame-000515.color.jpg 0.354880 0.735332 -0.494230 0.298470 -0.674574 0.934882 0.797190 1155.915
data/frame-000516.color.jpg 0.369739 0.746883 -0.473986 0.284248 -0.626827 0.948586 0.810510 1155.915
data/frame-000517.color.jpg 0.378275 0.752443 -0.461377 0.279049 -0.599905 0.944657 0.813286 1155.915
data/frame-000518.color.jpg 0.380737 0.760063 -0.450171 0.273292 -0.578360 0.934380 0.820122 1155.915
data/frame-000519.color.jpg 0.386400 0.768789 -0.434966 0.265449 -0.562446 0.928678 0.832829 1155.915
data/frame-000520.color.jpg 0.395798 0.778817 -0.414030 0.255670 -0.529361 0.928390 0.845182 1155.915
data/frame-000521.color.jpg 0.404010 0.782800 -0.402786 0.248521 -0.513251 0.925844 0.851150 1155.915
data/frame-000522.color.jpg 0.407785 0.783000 -0.401559 0.243665 -0.502731 0.934233 0.853064 1155.915
data/frame-000523.color.jpg 0.411955 0.780480 -0.401099 0.245485 -0.504396 0.943957 0.842421 1155.915
data/frame-000524.color.jpg 0.409732 0.768776 -0.418176 0.257355 -0.536460 0.972044 0.804575 1155.915
data/frame-000525.color.jpg 0.411682 0.760102 -0.428275 0.263332 -0.550950 0.984836 0.778689 1155.915
data/frame-000526.color.jpg 0.406117 0.745715 -0.451992 0.273279 -0.578612 1.006275 0.745210 1155.915
data/frame-000527.color.jpg 0.394102 0.732943 -0.473266 0.288960 -0.635910 1.021901 0.705038 1155.915
data/frame-000528.color.jpg 0.381399 0.721187 -0.492201 0.303581 -0.681694 1.029566 0.671707 1155.915
data/frame-000529.color.jpg 0.370358 0.710551 -0.508065 0.315945 -0.734535 1.039388 0.637392 1155.915
data/frame-000530.color.jpg 0.363103 0.705406 -0.517963 0.319802 -0.768601 1.056571 0.628938 1155.915
data/frame-000531.color.jpg 0.357009 0.693882 -0.531306 0.329827 -0.788484 1.078564 0.595910 1155.915
data/frame-000532.color.jpg 0.352694 0.683610 -0.542420 0.337736 -0.799664 1.094588 0.566116 1155.915
data/frame-000533.color.jpg 0.342198 0.665002 -0.562728 0.352149 -0.824061 1.120635 0.508309 1155.915
data/frame-000534.color.jpg 0.335011 0.646819 -0.583442 0.359150 -0.833210 1.158842 0.467161 1155.915
data/frame-000535.color.jpg 0.326581 0.631166 -0.600679 0.366277 -0.836513 1.183235 0.429622 1155.915
data/frame-000536.color.jpg 0.320657 0.623453 -0.609788 0.369654 -0.841004 1.200158 0.412103 1155.915
data/frame-000537.color.jpg -0.314019 -0.613337 0.619117 -0.376702 -0.842235 1.212564 0.384652 1155.915
data/frame-000538.color.jpg -0.308333 -0.604547 0.628959 -0.379293 -0.844185 1.230823 0.367304 1155.915
data/frame-000539.color.jpg -0.304413 -0.592926 0.639630 -0.382942 -0.841480 1.244906 0.342597 1155.915
data/frame-000540.color.jpg -0.297521 -0.589290 0.645689 -0.383802 -0.855541 1.247434 0.336110 1155.915
data/frame-000541.color.jpg -0.294417 -0.580914 0.653668 -0.385455 -0.857874 1.262603 0.321018 1155.915
data/frame-000542.color.jpg -0.290436 -0.574740 0.659468 -0.387844 -0.870028 1.275896 0.306646 1155.915
data/frame-000543.color.jpg -0.286706 -0.568857 0.664376 -0.390903 -0.876603 1.284605 0.292361 1155.915
data/frame-000544.color.jpg -0.283016 -0.560090 0.670537 -0.395705 -0.885428 1.295424 0.267842 1155.915
data/frame-000545.color.jpg -0.275509 -0.549225 0.678892 -0.401937 -0.890339 1.304819 0.237776 1155.915
data/frame-000546.color.jpg -0.265917 -0.539205 0.685546 -0.410576 -0.897431 1.315869 0.204983 1155.915
data/frame-000547.color.jpg -0.263266 -0.524973 0.695323 -0.414271 -0.891974 1.333971 0.181358 1155.915
data/frame-000548.color.jpg -0.250615 -0.505674 0.707364 -0.425584 -0.874777 1.351448 0.135732 1155.915
data/frame-000549.color.jpg -0.238407 -0.481851 0.723092 -0.433727 -0.835600 1.382245 0.095187 1155.915
data/frame-000550.color.jpg -0.233601 -0.448060 0.742538 -0.439670 -0.761229 1.435328 0.056736 1155.915
data/frame-000551.color.jpg -0.227634 -0.425308 0.754065 -0.445737 -0.714599 1.458525 0.026322 1155.915
data/frame-000552.color.jpg -0.210359 -0.385184 0.774787 -0.455068 -0.633907 1.491506 -0.012917 1155.915
data/frame-000553.color.jpg -0.192138 -0.353037 0.790164 -0.462698 -0.569882 1.510720 -0.039561 1155.915
data/frame-000554.color.jpg -0.181827 -0.330658 0.800787 -0.465127 -0.520219 1.523393 -0.049855 1155.915
data/frame-000555.color.jpg -0.181818 -0.315390 0.804836 -0.468733 -0.489413 1.529896 -0.061714 1155.915
data/frame-000556.color.jpg -0.169770 -0.297291 0.813396 -0.470302 -0.458294 1.544581 -0.060059 1155.915
data/frame-000557.color.jpg -0.159757 -0.276799 0.819181 -0.476238 -0.424442 1.541880 -0.074001 1155.915
data/frame-000558.color.jpg -0.146415 -0.256301 0.828870 -0.475234 -0.391545 1.545640 -0.066417 1155.915
data/frame-000559.color.jpg -0.139137 -0.239386 0.836322 -0.473182 -0.365999 1.552115 -0.052713 1155.915
data/frame-000560.color.jpg -0.124909 -0.233055 0.841364 -0.471371 -0.385316 1.532545 -0.040375 1155.915
data/frame-000561.color.jpg -0.115057 -0.227050 0.844069 -0.471972 -0.395497 1.523143 -0.036033 1155.915
data/frame-000562.color.jpg -0.103595 -0.222841 0.847136 -0.471137 -0.406076 1.521725 -0.027338 1155.915
data/frame-000563.color.jpg -0.092946 -0.215749 0.849299 -0.472762 -0.419381 1.514954 -0.019689 1155.915
data/frame-000564.color.jpg -0.086994 -0.205732 0.852420 -0.472743 -0.424749 1.508196 -0.005699 1155.915
data/frame-000565.color.jpg -0.083264 -0.197372 0.853800 -0.474485 -0.417885 1.502076 -0.003496 1155.915
data/frame-000566.color.jpg -0.082936 -0.193173 0.855088 -0.473953 -0.423236 1.489219 0.010483 1155.915
data/frame-000567.color.jpg -0.080056 -0.188272 0.857306 -0.472409 -0.423754 1.478464 0.030872 1155.915
data/frame-000568.color.jpg -0.079163 -0.187250 0.856943 -0.473624 -0.426884 1.467602 0.037347 1155.915
data/frame-000569.color.jpg -0.081832 -0.184609 0.857431 -0.473323 -0.420148 1.449816 0.050577 1155.915
data/frame-000570.color.jpg -0.077416 -0.184172 0.860230 -0.469139 -0.422569 1.448627 0.070924 1155.915
data/frame-000571.color.jpg -0.063431 -0.177932 0.864161 -0.466414 -0.431944 1.426992 0.073555 1155.915
data/frame-000572.color.jpg -0.072385 -0.173083 0.864521 -0.466268 -0.413185 1.429409 0.073391 1155.915
data/frame-000573.color.jpg -0.084361 -0.172615 0.860254 -0.472281 -0.400183 1.424332 0.055965 1155.915
data/frame-000574.color.jpg -0.076747 -0.172277 0.861204 -0.471973 -0.414538 1.417579 0.053414 1155.915
data/frame-000575.color.jpg -0.082095 -0.178073 0.863203 -0.465222 -0.420137 1.397342 0.079847 1155.915
data/frame-000576.color.jpg -0.081546 -0.178300 0.866169 -0.459685 -0.414568 1.387010 0.096058 1155.915
data/frame-000577.color.jpg -0.069329 -0.173217 0.873426 -0.449796 -0.407630 1.376661 0.112919 1155.915
data/frame-000578.color.jpg -0.061692 -0.159533 0.880922 -0.441270 -0.377542 1.392255 0.117336 1155.915
data/frame-000579.color.jpg -0.066138 -0.151489 0.883567 -0.438163 -0.334272 1.413269 0.119893 1155.915
data/frame-000580.color.jpg -0.062970 -0.146405 0.883402 -0.440683 -0.309713 1.419528 0.112601 1155.915
data/frame-000581.color.jpg -0.055367 -0.141457 0.885387 -0.439334 -0.289632 1.411447 0.117180 1155.915
data/frame-000582.color.jpg -0.045484 -0.139343 0.892466 -0.426638 -0.271814 1.412206 0.149388 1155.915
data/frame-000583.color.jpg -0.037537 -0.123652 0.897405 -0.421860 -0.225207 1.410543 0.159157 1155.915
data/frame-000584.color.jpg -0.029485 -0.107633 0.904063 -0.412572 -0.183116 1.410003 0.181937 1155.915
data/frame-000585.color.jpg -0.026206 -0.096030 0.909010 -0.404714 -0.158601 1.409990 0.199874 1155.915
data/frame-000586.color.jpg -0.019859 -0.075636 0.913819 -0.398521 -0.114505 1.408443 0.218991 1155.915
data/frame-000587.color.jpg -0.009900 -0.061435 0.916240 -0.395767 -0.095767 1.400231 0.226133 1155.915
data/frame-000588.color.jpg -0.005324 -0.052200 0.919583 -0.389377 -0.085196 1.398041 0.248030 1155.915
data/frame-000589.color.jpg -0.000138 -0.045259 0.921477 -0.385788 -0.087754 1.388893 0.260079 1155.915
data/frame-000590.color.jpg 0.002410 -0.037623 0.924266 -0.379884 -0.088562 1.368135 0.279084 1155.915
data/frame-000591.color.jpg 0.008162 -0.029921 0.927386 -0.372819 -0.105809 1.349910 0.307727 1155.915
data/frame-000592.color.jpg 0.021763 -0.019913 0.927365 -0.372993 -0.127602 1.335828 0.314071 1155.915
data/frame-000593.color.jpg 0.022490 -0.012112 0.927156 -0.373803 -0.122236 1.334945 0.315925 1155.915
data/frame-000594.color.jpg 0.035042 0.014590 0.927577 -0.371698 -0.139416 1.311782 0.332778 1155.915
data/frame-000595.color.jpg 0.040831 0.034506 0.926111 -0.373443 -0.138579 1.301207 0.334965 1155.915
data/frame-000596.color.jpg 0.042525 0.048701 0.924982 -0.374470 -0.151945 1.292243 0.342110 1155.915
data/frame-000597.color.jpg 0.046389 0.055078 0.925090 -0.372858 -0.159125 1.286609 0.347539 1155.915
data/frame-000598.color.jpg 0.050745 0.064531 0.924074 -0.373293 -0.161970 1.282514 0.347307 1155.915
data/frame-000599.color.jpg 0.051305 0.070948 0.923022 -0.374652 -0.155444 1.283040 0.345332 1155.915
data/frame-000600.color.jpg 0.055717 0.083011 0.920919 -0.376714 -0.146094 1.282717 0.342864 1155.915
data/frame-000601.color.jpg 0.055707 0.101773 0.919876 -0.374656 -0.123761 1.279712 0.350770 1155.915
data/frame-000602.color.jpg 0.061402 0.123866 0.919789 -0.367254 -0.093018 1.273398 0.368553 1155.915
data/frame-000603.color.jpg 0.066055 0.140257 0.919597 -0.360980 -0.081777 1.266543 0.382852 1155.915
data/frame-000604.color.jpg 0.070737 0.157449 0.917796 -0.357572 -0.068412 1.260845 0.388917 1155.915
data/frame-000605.color.jpg 0.076934 0.170116 0.916921 -0.352699 -0.058322 1.253378 0.395681 1155.915
data/frame-000606.color.jpg 0.076306 0.181339 0.915272 -0.351526 -0.040208 1.255451 0.399848 1155.915
data/frame-000607.color.jpg 0.079972 0.194350 0.914282 -0.346296 -0.031087 1.248171 0.408937 1155.915
data/frame-000608.color.jpg 0.087284 0.213048 0.908449 -0.348872 -0.013290 1.254358 0.396825 1155.915
data/frame-000609.color.jpg 0.091377 0.232534 0.903091 -0.349292 0.011190 1.260140 0.388553 1155.915
data/frame-000610.color.jpg 0.093951 0.240719 0.901110 -0.348180 0.021944 1.256626 0.386112 1155.915
data/frame-000611.color.jpg 0.104244 0.263888 0.895641 -0.342526 0.047485 1.269171 0.383291 1155.915
data/frame-000612.color.jpg 0.122013 0.301761 0.881196 -0.342850 0.110442 1.284492 0.361666 1155.915
data/frame-000613.color.jpg 0.132219 0.322703 0.872617 -0.341936 0.156321 1.294577 0.352370 1155.915
data/frame-000614.color.jpg 0.139767 0.335044 0.863470 -0.350186 0.192390 1.301602 0.329670 1155.915
data/frame-000615.color.jpg 0.149278 0.342982 0.856998 -0.354450 0.214593 1.308163 0.316450 1155.915
data/frame-000616.color.jpg 0.158426 0.358823 0.843917 -0.365994 0.267680 1.309738 0.289966 1155.915
data/frame-000617.color.jpg 0.167645 0.375511 0.833255 -0.369558 0.320822 1.308726 0.285883 1155.915
data/frame-000618.color.jpg 0.181476 0.384897 0.825615 -0.370513 0.350417 1.318466 0.284382 1155.915
data/frame-000619.color.jpg 0.193654 0.388783 0.815786 -0.381889 0.379237 1.327680 0.256066 1155.915
data/frame-000620.color.jpg 0.205549 0.395537 0.806060 -0.389317 0.404555 1.329309 0.235436 1155.915
data/frame-000621.color.jpg 0.216814 0.388777 0.798192 -0.405874 0.402846 1.353067 0.181988 1155.915
data/frame-000622.color.jpg 0.227906 0.370737 0.795690 -0.421296 0.366236 1.382583 0.122360 1155.915
data/frame-000623.color.jpg 0.228052 0.360680 0.800570 -0.420702 0.339282 1.392938 0.118886 1155.915
data/frame-000624.color.jpg 0.232115 0.352088 0.799604 -0.427539 0.323783 1.407436 0.094056 1155.915
data/frame-000625.color.jpg 0.233171 0.347236 0.800327 -0.429575 0.320439 1.407952 0.086615 1155.915
data/frame-000626.color.jpg 0.231929 0.341955 0.797167 -0.440228 0.324065 1.408501 0.060719 1155.915
data/frame-000627.color.jpg 0.236350 0.333449 0.790562 -0.456029 0.322940 1.407909 0.015231 1155.915
data/frame-000628.color.jpg 0.246497 0.331251 0.783726 -0.463989 0.325004 1.413631 -0.014513 1155.915
data/frame-000629.color.jpg 0.258189 0.337560 0.774941 -0.467823 0.338924 1.417586 -0.032864 1155.915
data/frame-000630.color.jpg 0.267575 0.343793 0.765240 -0.473939 0.359540 1.415991 -0.056229 1155.915
data/frame-000631.color.jpg 0.273452 0.361635 0.755073 -0.473612 0.409305 1.412170 -0.055149 1155.915
data/frame-000632.color.jpg 0.284207 0.385703 0.744841 -0.464405 0.464953 1.406138 -0.029609 1155.915
data/frame-000633.color.jpg 0.288958 0.401169 0.738390 -0.458637 0.498356 1.402956 -0.008969 1155.915
data/frame-000634.color.jpg 0.294639 0.409635 0.735111 -0.452768 0.511265 1.394787 0.006484 1155.915
data/frame-000635.color.jpg 0.298855 0.417236 0.728251 -0.454148 0.534164 1.387312 0.005209 1155.915
data/frame-000636.color.jpg 0.306888 0.417933 0.723339 -0.455997 0.531746 1.388665 -0.002704 1155.915
data/frame-000637.color.jpg 0.317501 0.420064 0.716714 -0.457232 0.531439 1.384362 -0.010828 1155.915
data/frame-000638.color.jpg 0.321283 0.424641 0.713297 -0.455702 0.532490 1.385592 -0.001220 1155.915
data/frame-000639.color.jpg 0.324684 0.431290 0.706972 -0.456903 0.540375 1.379735 0.000741 1155.915
data/frame-000640.color.jpg 0.330975 0.434256 0.699656 -0.460823 0.541360 1.366849 -0.011924 1155.915
data/frame-000641.color.jpg 0.336625 0.438544 0.689706 -0.467620 0.554685 1.368976 -0.026820 1155.915
data/frame-000642.color.jpg 0.341700 0.436279 0.684729 -0.473338 0.552305 1.375457 -0.042912 1155.915
data/frame-000643.color.jpg 0.345891 0.431415 0.680581 -0.480676 0.545559 1.376042 -0.064683 1155.915
data/frame-000644.color.jpg 0.354364 0.427496 0.672395 -0.489448 0.549439 1.374962 -0.095211 1155.915
data/frame-000645.color.jpg 0.357588 0.426751 0.665263 -0.497433 0.558938 1.378301 -0.116025 1155.915
data/frame-000646.color.jpg 0.366176 0.419734 0.656633 -0.508500 0.552543 1.377395 -0.154561 1155.915
data/frame-000647.color.jpg 0.369697 0.414894 0.652876 -0.514723 0.543835 1.375854 -0.176119 1155.915
data/frame-000648.color.jpg 0.371724 0.414437 0.648749 -0.518834 0.548029 1.378154 -0.187723 1155.915
data/frame-000649.color.jpg 0.372374 0.415937 0.644886 -0.521973 0.549500 1.378967 -0.193270 1155.915
data/frame-000650.color.jpg 0.372445 0.416387 0.643283 -0.523539 0.545130 1.375746 -0.197279 1155.915
data/frame-000651.color.jpg 0.375154 0.419362 0.642511 -0.520169 0.537823 1.374397 -0.187155 1155.915
data/frame-000652.color.jpg 0.375523 0.420122 0.644420 -0.516917 0.538482 1.373629 -0.178521 1155.915
data/frame-000653.color.jpg 0.376396 0.415868 0.642471 -0.522122 0.534965 1.371119 -0.196915 1155.915
data/frame-000654.color.jpg 0.375196 0.415740 0.638170 -0.528325 0.545057 1.367891 -0.213115 1155.915
data/frame-000655.color.jpg 0.379699 0.421859 0.631354 -0.528447 0.570591 1.357411 -0.215867 1155.915
data/frame-000656.color.jpg 0.377487 0.421953 0.636298 -0.524008 0.558796 1.369836 -0.201783 1155.915
data/frame-000657.color.jpg 0.374698 0.421894 0.639311 -0.522387 0.549421 1.369325 -0.197515 1155.915
data/frame-000658.color.jpg 0.368823 0.430388 0.641484 -0.516946 0.543472 1.363198 -0.174574 1155.915
data/frame-000659.color.jpg 0.367588 0.438033 0.642938 -0.509545 0.523241 1.361248 -0.148194 1155.915
data/frame-000660.color.jpg 0.361500 0.445384 0.647154 -0.502138 0.490701 1.355840 -0.118869 1155.915
data/frame-000661.color.jpg 0.363291 0.456201 0.643464 -0.495837 0.493680 1.351047 -0.101879 1155.915
data/frame-000662.color.jpg 0.355103 0.461741 0.642700 -0.497628 0.485587 1.343018 -0.098148 1155.915
data/frame-000663.color.jpg 0.361856 0.470498 0.644809 -0.481574 0.460187 1.345568 -0.067668 1155.915
data/frame-000664.color.jpg 0.367295 0.479080 0.640022 -0.475340 0.448572 1.344340 -0.061295 1155.915
data/frame-000665.color.jpg 0.370898 0.497003 0.634811 -0.460909 0.448053 1.343728 -0.028390 1155.915
data/frame-000666.color.jpg 0.372710 0.512510 0.627079 -0.452983 0.467719 1.337774 -0.011614 1155.915
data/frame-000667.color.jpg 0.377335 0.519798 0.621181 -0.448956 0.473985 1.333726 -0.012252 1155.915
data/frame-000668.color.jpg 0.374231 0.524455 0.619179 -0.448905 0.474636 1.330897 -0.015910 1155.915
data/frame-000669.color.jpg 0.375714 0.529401 0.617085 -0.444725 0.481729 1.332490 -0.011401 1155.915
data/frame-000670.color.jpg 0.370054 0.537369 0.618571 -0.437795 0.485393 1.331212 0.008171 1155.915
data/frame-000671.color.jpg 0.375368 0.554293 0.609434 -0.424792 0.498732 1.327627 0.031284 1155.915
data/frame-000672.color.jpg 0.384500 0.563812 0.603162 -0.412881 0.499710 1.319946 0.050041 1155.915
data/frame-000673.color.jpg 0.383760 0.582858 0.602086 -0.387939 0.493672 1.314197 0.118866 1155.915
data/frame-000674.color.jpg 0.374001 0.607236 0.594775 -0.370986 0.512981 1.290284 0.183359 1155.915
data/frame-000675.color.jpg 0.367064 0.624683 0.592163 -0.352674 0.513080 1.269302 0.240415 1155.915
data/frame-000676.color.jpg 0.364570 0.631223 0.596342 -0.336188 0.472562 1.262428 0.276718 1155.915
data/frame-000677.color.jpg 0.363197 0.635928 0.597768 -0.326124 0.446809 1.258430 0.297439 1155.915
data/frame-000678.color.jpg 0.354209 0.642971 0.600832 -0.316425 0.428473 1.242893 0.324634 1155.915
data/frame-000679.color.jpg 0.341629 0.651562 0.610403 -0.293540 0.381799 1.226327 0.380677 1155.915
data/frame-000680.color.jpg 0.330983 0.659239 0.612422 -0.284243 0.364404 1.208276 0.404858 1155.915
data/frame-000681.color.jpg 0.324688 0.663197 0.614075 -0.278675 0.353468 1.202760 0.419513 1155.915
data/frame-000682.color.jpg 0.297827 0.670101 0.630242 -0.255066 0.287353 1.165468 0.497421 1155.915
data/frame-000683.color.jpg 0.291687 0.675326 0.631671 -0.244632 0.274477 1.142310 0.527559 1155.915
data/frame-000684.color.jpg 0.276443 0.680621 0.638338 -0.229909 0.261440 1.105714 0.577581 1155.915
data/frame-000685.color.jpg 0.272209 0.683481 0.637472 -0.228877 0.263829 1.093454 0.588700 1155.915
data/frame-000686.color.jpg 0.264754 0.687646 0.636221 -0.228628 0.269218 1.075636 0.602728 1155.915
data/frame-000687.color.jpg 0.252808 0.694352 0.634907 -0.225515 0.282477 1.051712 0.620869 1155.915
data/frame-000688.color.jpg 0.240886 0.701002 0.632974 -0.223412 0.297628 1.028580 0.635576 1155.915
data/frame-000689.color.jpg 0.230853 0.705291 0.637132 -0.208167 0.288720 1.008039 0.663883 1155.915
data/frame-000690.color.jpg 0.220667 0.711795 0.638206 -0.193253 0.289297 0.984644 0.690173 1155.915
data/frame-000691.color.jpg 0.212714 0.717507 0.637328 -0.183712 0.280579 0.970105 0.707306 1155.915
data/frame-000692.color.jpg 0.209136 0.725417 0.633330 -0.170072 0.267790 0.956244 0.723338 1155.915
data/frame-000693.color.jpg 0.206906 0.732680 0.628517 -0.159172 0.255676 0.943046 0.734913 1155.915
data/frame-000694.color.jpg 0.207439 0.739555 0.622694 -0.149263 0.239064 0.933762 0.741610 1155.915
data/frame-000695.color.jpg 0.205688 0.745760 0.618697 -0.136929 0.216915 0.919427 0.753977 1155.915
data/frame-000696.color.jpg 0.205577 0.754537 0.610010 -0.127670 0.207692 0.907464 0.760656 1155.915
data/frame-000697.color.jpg 0.203599 0.765763 0.598096 -0.120148 0.190638 0.899175 0.767141 1155.915
data/frame-000698.color.jpg 0.204848 0.777392 0.586280 -0.099877 0.158844 0.897408 0.785618 1155.915
data/frame-000699.color.jpg 0.208585 0.788984 0.570415 -0.092857 0.144368 0.885253 0.783586 1155.915
data/frame-000700.color.jpg 0.216024 0.800869 0.551705 -0.086973 0.124853 0.895893 0.779629 1155.915
data/frame-000701.color.jpg 0.224867 0.806931 0.539499 -0.085074 0.113999 0.911237 0.768920 1155.915
data/frame-000702.color.jpg 0.234138 0.811370 0.529426 -0.081032 0.109092 0.926796 0.761399 1155.915
data/frame-000703.color.jpg 0.242173 0.816441 0.518095 -0.079709 0.107737 0.932786 0.752013 1155.915
data/frame-000704.color.jpg 0.247924 0.824062 0.504252 -0.072011 0.109946 0.940630 0.753412 1155.915
data/frame-000705.color.jpg 0.259274 0.833614 0.481673 -0.076522 0.136985 0.970619 0.737218 1155.915
data/frame-000706.color.jpg 0.274738 0.843909 0.453891 -0.079490 0.172916 1.003320 0.722248 1155.915
data/frame-000707.color.jpg 0.290455 0.846564 0.438146 -0.083630 0.183085 1.029756 0.698705 1155.915
data/frame-000708.color.jpg 0.307907 0.847045 0.424082 -0.088669 0.191512 1.059198 0.666973 1155.915
data/frame-000709.color.jpg 0.327007 0.846750 0.412015 -0.079524 0.169161 1.089638 0.642999 1155.915
data/frame-000710.color.jpg 0.339097 0.846536 0.401427 -0.085122 0.174678 1.109651 0.611260 1155.915
data/frame-000711.color.jpg 0.351540 0.844107 0.394259 -0.091992 0.169852 1.143395 0.576437 1155.915
data/frame-000712.color.jpg 0.360514 0.836486 0.400648 -0.099000 0.146566 1.171035 0.546572 1155.915
data/frame-000713.color.jpg 0.366784 0.825831 0.415208 -0.105238 0.100250 1.195266 0.518416 1155.915
data/frame-000714.color.jpg 0.375209 0.816231 0.423912 -0.115255 0.066608 1.217700 0.484801 1155.915
data/frame-000715.color.jpg 0.379041 0.810587 0.429291 -0.122417 0.047994 1.232241 0.464254 1155.915
data/frame-000716.color.jpg 0.381943 0.806936 0.432448 -0.126342 0.027728 1.242991 0.450223 1155.915
data/frame-000717.color.jpg 0.388687 0.802936 0.433571 -0.127403 0.008031 1.255983 0.428077 1155.915
data/frame-000718.color.jpg 0.392835 0.798772 0.436185 -0.131857 -0.008463 1.264704 0.410354 1155.915
data/frame-000719.color.jpg 0.400084 0.792590 0.439737 -0.135522 -0.031484 1.272624 0.385378 1155.915
data/frame-000720.color.jpg 0.408165 0.786736 0.442498 -0.136546 -0.051503 1.279285 0.362243 1155.915
data/frame-000721.color.jpg 0.415807 0.782036 0.442194 -0.141384 -0.064772 1.290425 0.337400 1155.915
data/frame-000722.color.jpg 0.421064 0.779284 0.441345 -0.143651 -0.067541 1.294753 0.319302 1155.915
data/frame-000723.color.jpg 0.425527 0.777182 0.441263 -0.142133 -0.078824 1.300112 0.307200 1155.915
data/frame-000724.color.jpg 0.430044 0.773621 0.441241 -0.147917 -0.082807 1.308060 0.289870 1155.915
data/frame-000725.color.jpg 0.431771 0.770564 0.442967 -0.153574 -0.087269 1.316202 0.276516 1155.915
data/frame-000726.color.jpg 0.434326 0.768012 0.443624 -0.157213 -0.089210 1.321754 0.262153 1155.915
data/frame-000727.color.jpg 0.438834 0.764661 0.443639 -0.160942 -0.094380 1.330969 0.244083 1155.915
data/frame-000728.color.jpg 0.444860 0.761689 0.441906 -0.163243 -0.098624 1.333201 0.225889 1155.915
data/frame-000729.color.jpg 0.452299 0.757943 0.440785 -0.163267 -0.103537 1.347105 0.208392 1155.915
data/frame-000730.color.jpg 0.458312 0.755491 0.439163 -0.162231 -0.106799 1.355383 0.191672 1155.915
data/frame-000731.color.jpg 0.463322 0.753492 0.436143 -0.165416 -0.109662 1.360024 0.175105 1155.915
data/frame-000732.color.jpg 0.467692 0.753333 0.431252 -0.166658 -0.099234 1.366908 0.162128 1155.915
data/frame-000733.color.jpg 0.471271 0.754482 0.425342 -0.166567 -0.099050 1.366062 0.152927 1155.915
data/frame-000734.color.jpg 0.476668 0.755679 0.418315 -0.163551 -0.093811 1.372288 0.142836 1155.915
data/frame-000735.color.jpg 0.479841 0.758858 0.410943 -0.158157 -0.085237 1.371902 0.136659 1155.915
data/frame-000736.color.jpg 0.481139 0.762217 0.404229 -0.155338 -0.081450 1.373349 0.136517 1155.915
data/frame-000737.color.jpg 0.483061 0.765175 0.397094 -0.153215 -0.075331 1.372362 0.133360 1155.915
data/frame-000738.color.jpg 0.485196 0.767403 0.391828 -0.148825 -0.070742 1.373592 0.129588 1155.915
data/frame-000739.color.jpg 0.487493 0.768428 0.388293 -0.145252 -0.076494 1.375182 0.128000 1155.915
data/frame-000740.color.jpg 0.489798 0.769501 0.385429 -0.139325 -0.074443 1.375985 0.131101 1155.915
data/frame-000741.color.jpg 0.488824 0.771072 0.384319 -0.137107 -0.086128 1.380244 0.134000 1155.915
data/frame-000742.color.jpg 0.491598 0.770365 0.382100 -0.137363 -0.091372 1.374891 0.127985 1155.915
data/frame-000743.color.jpg 0.494884 0.770348 0.379171 -0.133728 -0.086166 1.373673 0.124111 1155.915
data/frame-000744.color.jpg 0.493564 0.773247 0.375943 -0.130959 -0.086035 1.377825 0.127571 1155.915
data/frame-000750.color.jpg 0.273486 0.774235 -0.532844 0.204555 0.734208 0.438213 1.049607 1155.915
data/frame-000751.color.jpg 0.252058 0.778105 -0.541331 0.194885 0.722829 0.371835 1.072778 1155.915
data/frame-000752.color.jpg 0.234010 0.779459 -0.550409 0.186366 0.708456 0.311783 1.094250 1155.915
data/frame-000753.color.jpg 0.224240 0.779794 -0.556516 0.178682 0.703116 0.270803 1.099413 1155.915
data/frame-000754.color.jpg 0.211435 0.779563 -0.564038 0.171577 0.685320 0.223404 1.108526 1155.915
data/frame-000755.color.jpg 0.183895 0.785120 -0.573058 0.146196 0.678029 0.130416 1.100510 1155.915
data/frame-000756.color.jpg 0.174584 0.784443 -0.577710 0.142898 0.670171 0.107435 1.105149 1155.915
data/frame-000757.color.jpg 0.157641 0.780769 -0.588407 0.139019 0.646604 0.060906 1.112960 1155.915
data/frame-000758.color.jpg 0.152900 0.773111 -0.598370 0.144479 0.622850 0.045900 1.120363 1155.915
data/frame-000759.color.jpg 0.145827 0.759576 -0.612926 0.161556 0.565492 0.052231 1.140528 1155.915
data/frame-000760.color.jpg 0.154277 0.748223 -0.619076 0.181947 0.509078 0.082633 1.151114 1155.915
data/frame-000761.color.jpg 0.149201 0.733258 -0.633070 0.198226 0.444071 0.108489 1.170734 1155.915
data/frame-000762.color.jpg 0.137754 0.712900 -0.647081 0.232558 0.344778 0.144214 1.193266 1155.915
data/frame-000763.color.jpg 0.135318 0.707026 -0.651022 0.240778 0.316029 0.154526 1.195350 1155.915
data/frame-000764.color.jpg 0.129841 0.690215 -0.661260 0.263590 0.247533 0.192286 1.202985 1155.915
data/frame-000765.color.jpg 0.131605 0.673104 -0.672832 0.277325 0.221515 0.232918 1.205179 1155.915
data/frame-000766.color.jpg -0.141241 -0.663519 0.675621 -0.288669 0.259443 0.310156 1.201294 1155.915
data/frame-000767.color.jpg -0.147748 -0.663718 0.671925 -0.293540 0.293068 0.359950 1.198698 1155.915
data/frame-000768.color.jpg 0.167893 0.669998 -0.657267 0.301522 0.371014 0.460509 1.185926 1155.915
data/frame-000769.color.jpg 0.195524 0.683383 -0.636079 0.300270 0.479317 0.560074 1.148255 1155.915
data/frame-000770.color.jpg 0.206732 0.690302 -0.626053 0.297998 0.535888 0.608089 1.125374 1155.915
data/frame-000771.color.jpg 0.233621 0.693157 -0.611624 0.301448 0.633215 0.715163 1.061794 1155.915
data/frame-000772.color.jpg 0.246986 0.692475 -0.602102 0.311369 0.664325 0.790527 1.027421 1155.915
data/frame-000773.color.jpg 0.273342 0.710345 -0.566808 0.315313 0.677719 0.923786 0.934295 1155.915
data/frame-000774.color.jpg 0.286632 0.721382 -0.547996 0.311690 0.685309 0.976786 0.887412 1155.915
data/frame-000775.color.jpg 0.314920 0.739018 -0.508491 0.310022 0.669307 1.086774 0.774037 1155.915
data/frame-000776.color.jpg 0.337412 0.750161 -0.483787 0.298933 0.718443 1.166479 0.683429 1155.915
data/frame-000777.color.jpg 0.351929 0.747141 -0.481519 0.293371 0.760636 1.193506 0.640309 1155.915
data/frame-000778.color.jpg 0.368486 0.743426 -0.478973 0.286567 0.817616 1.217491 0.583587 1155.915
data/frame-000779.color.jpg 0.377974 0.749629 -0.461780 0.286271 0.854352 1.287219 0.531018 1155.915
data/frame-000780.color.jpg 0.387316 0.750578 -0.453613 0.284350 0.866364 1.285839 0.488039 1155.915
data/frame-000781.color.jpg 0.394612 0.758035 -0.439540 0.276531 0.877429 1.315651 0.448863 1155.915
data/frame-000782.color.jpg 0.401691 0.759626 -0.432736 0.272678 0.892683 1.328640 0.414496 1155.915
data/frame-000783.color.jpg 0.410628 0.757871 -0.426364 0.274278 0.911251 1.348860 0.375676 1155.915
data/frame-000784.color.jpg 0.412574 0.750615 -0.429800 0.285711 0.908819 1.364053 0.374765 1155.915
data/frame-000785.color.jpg 0.409754 0.747326 -0.434061 0.291884 0.911804 1.364290 0.387339 1155.915
data/frame-000786.color.jpg 0.400229 0.734198 -0.453577 0.308280 0.917310 1.345765 0.432154 1155.915
data/frame-000787.color.jpg 0.393584 0.724844 -0.469614 0.314889 0.916592 1.338029 0.468016 1155.915
data/frame-000788.color.jpg 0.380664 0.699397 -0.504837 0.333284 0.929524 1.287621 0.533972 1155.915
data/frame-000789.color.jpg 0.376498 0.689122 -0.517913 0.339303 0.928290 1.272271 0.557327 1155.915
data/frame-000790.color.jpg 0.363433 0.667834 -0.543778 0.355274 0.936069 1.237465 0.622284 1155.915
data/frame-000791.color.jpg 0.348555 0.651543 -0.567549 0.363166 0.925868 1.199284 0.688407 1155.915
data/frame-000792.color.jpg 0.339364 0.634552 -0.587776 0.369723 0.921056 1.168632 0.734538 1155.915
data/frame-000793.color.jpg 0.328824 0.619084 -0.607336 0.373834 0.917727 1.142554 0.776285 1155.915
data/frame-000794.color.jpg -0.329276 -0.609252 0.618628 -0.371064 0.919695 1.115568 0.784479 1155.915
data/frame-000795.color.jpg -0.329798 -0.610679 0.615653 -0.373195 0.875845 1.126703 0.767887 1155.915
data/frame-000796.color.jpg 0.333402 0.619101 -0.603301 0.376277 0.820183 1.156224 0.729048 1155.915
data/frame-000797.color.jpg 0.335013 0.626551 -0.594601 0.376363 0.767562 1.180632 0.702672 1155.915
data/frame-000798.color.jpg 0.338646 0.629507 -0.590642 0.374409 0.744403 1.180422 0.684530 1155.915
data/frame-000799.color.jpg 0.342906 0.636709 -0.584053 0.368644 0.683943 1.194621 0.655464 1155.915
data/frame-000800.color.jpg 0.342645 0.636528 -0.583359 0.370296 0.646170 1.195550 0.649371 1155.915
data/frame-000801.color.jpg 0.341198 0.631484 -0.587563 0.373606 0.611673 1.178710 0.646268 1155.915
data/frame-000802.color.jpg 0.332756 0.618754 -0.601950 0.379569 0.593605 1.167922 0.666196 1155.915
data/frame-000803.color.jpg 0.324651 0.612759 -0.612617 0.379247 0.578568 1.151130 0.681508 1155.915
data/frame-000804.color.jpg -0.322126 -0.602135 0.622579 -0.382183 0.565969 1.126171 0.688224 1155.915
data/frame-000805.color.jpg -0.316712 -0.592742 0.632496 -0.385096 0.558005 1.122521 0.703570 1155.915
data/frame-000806.color.jpg -0.313519 -0.579002 0.645319 -0.387332 0.556230 1.101669 0.708255 1155.915
data/frame-000807.color.jpg -0.304458 -0.566689 0.660482 -0.387212 0.562228 1.082114 0.731389 1155.915
data/frame-000808.color.jpg -0.300490 -0.553476 0.673028 -0.387818 0.564912 1.067788 0.727959 1155.915
data/frame-000809.color.jpg -0.291070 -0.545807 0.684131 -0.386443 0.554498 1.070324 0.721270 1155.915
data/frame-000810.color.jpg -0.286362 -0.537065 0.691163 -0.389682 0.559184 1.078446 0.714657 1155.915
data/frame-000811.color.jpg -0.286343 -0.529994 0.699249 -0.384922 0.564560 1.078235 0.687613 1155.915
data/frame-000812.color.jpg -0.277838 -0.528923 0.704335 -0.383350 0.553923 1.074507 0.684825 1155.915
data/frame-000813.color.jpg -0.262733 -0.526305 0.715091 -0.377650 0.536802 1.062923 0.701663 1155.915
data/frame-000814.color.jpg -0.256418 -0.529847 0.717696 -0.372055 0.526411 1.053915 0.706807 1155.915
data/frame-000815.color.jpg -0.244518 -0.537911 0.718931 -0.366062 0.486888 1.030446 0.734766 1155.915
data/frame-000816.color.jpg -0.247702 -0.545341 0.718591 -0.353375 0.461135 0.999970 0.755706 1155.915
data/frame-000817.color.jpg -0.249669 -0.565555 0.704552 -0.348453 0.393057 0.966639 0.786492 1155.915
data/frame-000818.color.jpg -0.245392 -0.581570 0.694661 -0.344971 0.328039 0.930516 0.826338 1155.915
data/frame-000819.color.jpg -0.242592 -0.593821 0.688186 -0.339008 0.271441 0.875621 0.871370 1155.915
data/frame-000820.color.jpg -0.238822 -0.596076 0.689793 -0.334431 0.249845 0.835205 0.913652 1155.915
data/frame-000821.color.jpg -0.239656 -0.593187 0.697991 -0.321718 0.242472 0.799572 0.938030 1155.915
data/frame-000822.color.jpg -0.256344 -0.578945 0.702152 -0.325720 0.245368 0.821394 0.906419 1155.915
data/frame-000823.color.jpg -0.257549 -0.580361 0.699376 -0.328212 0.201984 0.830122 0.888411 1155.915
data/frame-000824.color.jpg -0.262766 -0.587927 0.689286 -0.331936 0.171174 0.851932 0.872903 1155.915
data/frame-000825.color.jpg -0.264933 -0.591771 0.687161 -0.327760 0.149457 0.847932 0.874226 1155.915
data/frame-000826.color.jpg -0.263439 -0.593501 0.688534 -0.322919 0.116268 0.829543 0.886644 1155.915
data/frame-000827.color.jpg -0.270451 -0.602400 0.678109 -0.322705 0.089386 0.824873 0.883803 1155.915
data/frame-000828.color.jpg -0.277949 -0.631010 0.651281 -0.316867 0.017497 0.810270 0.897405 1155.915
data/frame-000829.color.jpg 0.280707 0.654189 -0.621752 0.326595 -0.064706 0.797306 0.895461 1155.915
data/frame-000830.color.jpg 0.283775 0.679784 -0.597327 0.317122 -0.114527 0.756857 0.931198 1155.915
data/frame-000831.color.jpg 0.291484 0.687198 -0.588149 0.311249 -0.122623 0.740699 0.944674 1155.915
data/frame-000832.color.jpg 0.295820 0.685559 -0.588838 0.309464 -0.120174 0.739137 0.950312 1155.915
data/frame-000833.color.jpg 0.293736 0.670881 -0.604523 0.313352 -0.111562 0.726238 0.958811 1155.915
data/frame-000834.color.jpg 0.290905 0.661844 -0.616185 0.312494 -0.098169 0.700354 0.972694 1155.915
data/frame-000835.color.jpg 0.286871 0.655597 -0.622278 0.317282 -0.104949 0.671565 0.984476 1155.915
data/frame-000836.color.jpg 0.281728 0.652189 -0.625104 0.323301 -0.125719 0.655246 0.992022 1155.915
data/frame-000837.color.jpg 0.282643 0.651859 -0.626592 0.320273 -0.135809 0.644691 1.003477 1155.915
data/frame-000838.color.jpg 0.286688 0.655128 -0.623048 0.316905 -0.148266 0.626137 1.013176 1155.915
data/frame-000839.color.jpg 0.286459 0.664817 -0.614147 0.314297 -0.177399 0.590149 1.027481 1155.915
data/frame-000840.color.jpg 0.295127 0.675237 -0.602612 0.306291 -0.185010 0.555584 1.043061 1155.915
data/frame-000841.color.jpg 0.296400 0.687409 -0.589832 0.302843 -0.203856 0.525934 1.065395 1155.915
data/frame-000842.color.jpg 0.302893 0.694173 -0.578603 0.302652 -0.213948 0.514117 1.075731 1155.915
data/frame-000843.color.jpg 0.316062 0.702164 -0.566011 0.294453 -0.198725 0.477913 1.094332 1155.915
data/frame-000844.color.jpg 0.307636 0.707995 -0.567216 0.287001 -0.209743 0.421296 1.105100 1155.915
data/frame-000845.color.jpg 0.332316 0.695318 -0.561127 0.302052 -0.212632 0.464764 1.081665 1155.915
data/frame-000846.color.jpg 0.341995 0.691875 -0.555875 0.308791 -0.220882 0.460484 1.065379 1155.915
data/frame-000847.color.jpg 0.348865 0.684823 -0.555802 0.316850 -0.229753 0.461608 1.045136 1155.915
data/frame-000848.color.jpg 0.356151 0.682735 -0.552567 0.318903 -0.226658 0.458435 1.035553 1155.915
data/frame-000849.color.jpg 0.347438 0.684952 -0.549604 0.328730 -0.254968 0.422523 1.024376 1155.915
data/frame-000850.color.jpg 0.334139 0.686502 -0.553618 0.332526 -0.276590 0.383553 1.015632 1155.915
data/frame-000851.color.jpg 0.325572 0.683313 -0.562688 0.332368 -0.293133 0.351490 1.007795 1155.915
data/frame-000852.color.jpg 0.325996 0.677945 -0.565874 0.337496 -0.303130 0.344730 0.994045 1155.915
data/frame-000853.color.jpg 0.324135 0.680679 -0.564456 0.336158 -0.298072 0.311720 0.989156 1155.915
data/frame-000854.color.jpg 0.336973 0.676485 -0.562921 0.334570 -0.287355 0.323227 0.980695 1155.915
data/frame-000855.color.jpg 0.350845 0.672599 -0.556805 0.338359 -0.283608 0.327142 0.966550 1155.915
data/frame-000856.color.jpg 0.367618 0.659895 -0.549899 0.356380 -0.304238 0.356954 0.934226 1155.915
data/frame-000857.color.jpg 0.374981 0.646954 -0.553092 0.367328 -0.323918 0.370226 0.904562 1155.915
data/frame-000858.color.jpg 0.380876 0.637539 -0.557195 0.371500 -0.331625 0.359428 0.883226 1155.915
data/frame-000859.color.jpg 0.382903 0.638217 -0.558173 0.366752 -0.333470 0.330408 0.876062 1155.915
data/frame-000860.color.jpg 0.386441 0.638052 -0.557300 0.364649 -0.329122 0.307626 0.868214 1155.915
data/frame-000861.color.jpg 0.392765 0.641705 -0.550733 0.361447 -0.323211 0.293424 0.864010 1155.915
data/frame-000862.color.jpg 0.394004 0.643483 -0.545179 0.365336 -0.335284 0.281736 0.852208 1155.915
data/frame-000863.color.jpg 0.400406 0.633175 -0.554992 0.361590 -0.339788 0.282105 0.841790 1155.915
data/frame-000864.color.jpg 0.407220 0.626419 -0.560509 0.357212 -0.342313 0.290996 0.835140 1155.915
data/frame-000865.color.jpg 0.416379 0.624870 -0.551484 0.363361 -0.342596 0.301682 0.829382 1155.915
data/frame-000866.color.jpg 0.423733 0.624101 -0.543198 0.368625 -0.342984 0.314632 0.826050 1155.915
data/frame-000867.color.jpg 0.429886 0.622562 -0.534381 0.376897 -0.349608 0.326555 0.816315 1155.915
data/frame-000868.color.jpg 0.430265 0.618221 -0.533412 0.384900 -0.371320 0.333639 0.805291 1155.915
data/frame-000869.color.jpg 0.426135 0.613859 -0.536718 0.391816 -0.398371 0.335796 0.796238 1155.915
data/frame-000870.color.jpg 0.410503 0.612591 -0.543140 0.401520 -0.435424 0.325607 0.784212 1155.915
data/frame-000871.color.jpg 0.396942 0.607664 -0.552951 0.409177 -0.491733 0.317271 0.767412 1155.915
data/frame-000872.color.jpg 0.379428 0.599630 -0.571379 0.412315 -0.550209 0.315052 0.741639 1155.915
data/frame-000873.color.jpg 0.362442 0.596525 -0.588083 0.408598 -0.595272 0.313209 0.725826 1155.915
data/frame-000874.color.jpg -0.334665 -0.598415 0.608020 -0.400263 -0.650412 0.303344 0.711567 1155.915
data/frame-000875.color.jpg -0.323407 -0.591741 0.617824 -0.404406 -0.693643 0.333694 0.689588 1155.915
data/frame-000876.color.jpg -0.310738 -0.582902 0.630963 -0.406882 -0.740417 0.379486 0.664157 1155.915
data/frame-000877.color.jpg -0.299048 -0.574570 0.643841 -0.407317 -0.763854 0.418839 0.647524 1155.915
data/frame-000878.color.jpg -0.287656 -0.558896 0.659196 -0.412736 -0.786782 0.490677 0.615001 1155.915
data/frame-000879.color.jpg -0.282818 -0.556149 0.660795 -0.417208 -0.802850 0.536569 0.598919 1155.915
data/frame-000880.color.jpg -0.263379 -0.546531 0.670669 -0.426777 -0.821665 0.585877 0.547676 1155.915
data/frame-000881.color.jpg -0.262624 -0.523063 0.684749 -0.434226 -0.817397 0.678300 0.488740 1155.915
data/frame-000882.color.jpg -0.267801 -0.523194 0.686655 -0.427850 -0.807543 0.711299 0.487623 1155.915
data/frame-000883.color.jpg -0.274200 -0.540907 0.674580 -0.420922 -0.813330 0.708873 0.502743 1155.915
data/frame-000884.color.jpg -0.274411 -0.570009 0.664230 -0.398230 -0.833651 0.679980 0.558380 1155.915
data/frame-000885.color.jpg -0.260101 -0.593794 0.656740 -0.385290 -0.870566 0.634930 0.589833 1155.915
data/frame-000886.color.jpg -0.247271 -0.620844 0.639419 -0.380201 -0.921801 0.577647 0.608844 1155.915
data/frame-000887.color.jpg -0.243663 -0.634342 0.636159 -0.365431 -0.930440 0.574093 0.639990 1155.915
data/frame-000888.color.jpg 0.250222 0.636039 -0.632021 0.365229 -0.928180 0.606440 0.639024 1155.915
data/frame-000889.color.jpg 0.260601 0.633626 -0.630615 0.364596 -0.907221 0.651808 0.633416 1155.915
data/frame-000890.color.jpg -0.262542 -0.625916 0.632343 -0.373421 -0.890837 0.695078 0.597071 1155.915
data/frame-000891.color.jpg -0.267773 -0.610965 0.647019 -0.369306 -0.855353 0.771049 0.577431 1155.915
data/frame-000892.color.jpg -0.280353 -0.590495 0.657454 -0.374797 -0.786628 0.876032 0.530696 1155.915
data/frame-000893.color.jpg -0.288610 -0.586617 0.653025 -0.382287 -0.761957 0.913289 0.499933 1155.915
data/frame-000894.color.jpg -0.293770 -0.585617 0.651295 -0.382841 -0.738929 0.943861 0.488300 1155.915
data/frame-000895.color.jpg -0.285667 -0.587424 0.657680 -0.375213 -0.710632 0.965035 0.498489 1155.915
data/frame-000896.color.jpg -0.280052 -0.598342 0.659786 -0.358107 -0.689499 0.952766 0.542141 1155.915
data/frame-000897.color.jpg -0.276645 -0.599005 0.662834 -0.353993 -0.668609 0.964368 0.550494 1155.915
data/frame-000898.color.jpg -0.264761 -0.608429 0.657731 -0.356518 -0.692769 0.944033 0.549412 1155.915
data/frame-000899.color.jpg -0.266511 -0.622386 0.641653 -0.360400 -0.701603 0.952903 0.553985 1155.915
data/frame-000900.color.jpg 0.282158 0.633403 -0.624364 0.359663 -0.673192 0.973165 0.557422 1155.915
data/frame-000901.color.jpg 0.289668 0.644411 -0.611994 0.355375 -0.655964 0.983348 0.572783 1155.915
data/frame-000902.color.jpg 0.301684 0.654840 -0.599187 0.348061 -0.624008 0.979380 0.591381 1155.915
data/frame-000903.color.jpg 0.314213 0.673203 -0.579698 0.334691 -0.593183 0.961213 0.624282 1155.915
data/frame-000904.color.jpg 0.310943 0.683568 -0.570033 0.333334 -0.589112 0.947943 0.635569 1155.915
data/frame-000905.color.jpg 0.312577 0.686565 -0.565154 0.333955 -0.574512 0.948964 0.635948 1155.915
data/frame-000906.color.jpg 0.325256 0.691397 -0.553789 0.330901 -0.544077 0.953956 0.635433 1155.915
data/frame-000907.color.jpg 0.355475 0.699645 -0.536472 0.310376 -0.470919 0.961710 0.652038 1155.915
data/frame-000908.color.jpg 0.355401 0.711991 -0.524923 0.302018 -0.447892 0.946652 0.675137 1155.915
data/frame-000909.color.jpg 0.354768 0.731364 -0.503296 0.293152 -0.420809 0.918244 0.695774 1155.915
data/frame-000910.color.jpg 0.358634 0.745028 -0.487777 0.279979 -0.390008 0.897671 0.719195 1155.915
data/frame-000911.color.jpg 0.359342 0.755058 -0.475451 0.273325 -0.365762 0.879253 0.734507 1155.915
data/frame-000912.color.jpg 0.359996 0.766464 -0.460222 0.266705 -0.351325 0.858212 0.749044 1155.915
data/frame-000913.color.jpg 0.362462 0.774484 -0.448913 0.259370 -0.331512 0.848046 0.765995 1155.915
data/frame-000914.color.jpg 0.362398 0.780952 -0.442444 0.251048 -0.312082 0.837512 0.783869 1155.915
data/frame-000915.color.jpg 0.364852 0.782820 -0.439099 0.247523 -0.303599 0.843828 0.788832 1155.915
data/frame-000916.color.jpg 0.368940 0.774402 -0.443395 0.259974 -0.325247 0.874671 0.764458 1155.915
data/frame-000917.color.jpg 0.371917 0.753028 -0.463447 0.282568 -0.363083 0.940919 0.714428 1155.915
data/frame-000918.color.jpg 0.381271 0.711770 -0.504109 0.306414 -0.396038 1.052167 0.626487 1155.915
data/frame-000919.color.jpg 0.378366 0.692097 -0.523622 0.321964 -0.416731 1.099478 0.582094 1155.915
data/frame-000920.color.jpg 0.376185 0.676006 -0.534360 0.340529 -0.451700 1.136815 0.539148 1155.915
data/frame-000921.color.jpg 0.368354 0.658300 -0.546929 0.363076 -0.489365 1.162403 0.488019 1155.915
data/frame-000922.color.jpg 0.367361 0.644857 -0.557461 0.372078 -0.501370 1.180927 0.458996 1155.915
data/frame-000923.color.jpg 0.364598 0.632522 -0.567739 0.380337 -0.532376 1.193955 0.440900 1155.915
data/frame-000924.color.jpg 0.357905 0.627501 -0.574148 0.385359 -0.561380 1.203503 0.433930 1155.915
data/frame-000925.color.jpg 0.343135 0.634613 -0.571641 0.390834 -0.632885 1.183350 0.440217 1155.915
data/frame-000926.color.jpg 0.325852 0.629464 -0.577672 0.404835 -0.698881 1.186738 0.417270 1155.915
data/frame-000927.color.jpg 0.325635 0.626674 -0.578239 0.408512 -0.724896 1.190016 0.407313 1155.915
data/frame-000928.color.jpg 0.331411 0.629459 -0.571430 0.409166 -0.765624 1.196688 0.405415 1155.915
data/frame-000929.color.jpg 0.328144 0.629664 -0.572911 0.409411 -0.813107 1.189920 0.406579 1155.915
data/frame-000930.color.jpg 0.322997 0.616751 -0.580573 0.422168 -0.846560 1.196160 0.366639 1155.915
data/frame-000931.color.jpg 0.319200 0.601347 -0.594234 0.428227 -0.892850 1.212858 0.347379 1155.915
data/frame-000932.color.jpg -0.305652 -0.588032 0.609888 -0.434548 -0.914963 1.220723 0.324143 1155.915
data/frame-000933.color.jpg -0.292845 -0.570814 0.624860 -0.444930 -0.936320 1.222468 0.284828 1155.915
data/frame-000934.color.jpg -0.265705 -0.540691 0.659183 -0.450036 -0.927256 1.252632 0.247031 1155.915
data/frame-000935.color.jpg -0.259936 -0.526970 0.668152 -0.456408 -0.916208 1.268743 0.216553 1155.915
data/frame-000936.color.jpg -0.248405 -0.511423 0.680118 -0.462796 -0.904606 1.282843 0.180632 1155.915
data/frame-000937.color.jpg -0.233713 -0.495007 0.693889 -0.467830 -0.883556 1.299060 0.147643 1155.915
data/frame-000938.color.jpg -0.222925 -0.480736 0.702372 -0.475259 -0.873819 1.312706 0.105987 1155.915
data/frame-000939.color.jpg -0.209814 -0.461453 0.717946 -0.477067 -0.832700 1.339500 0.074589 1155.915
data/frame-000940.color.jpg -0.204484 -0.435260 0.740741 -0.469082 -0.741219 1.401839 0.067128 1155.915
data/frame-000941.color.jpg -0.191196 -0.410239 0.763167 -0.461221 -0.673444 1.433886 0.057745 1155.915
data/frame-000942.color.jpg -0.166731 -0.391425 0.784140 -0.451787 -0.625890 1.447518 0.061614 1155.915
data/frame-000943.color.jpg -0.149225 -0.372327 0.800155 -0.445933 -0.573764 1.468053 0.058452 1155.915
data/frame-000944.color.jpg -0.140318 -0.352003 0.813750 -0.440699 -0.516127 1.481609 0.056378 1155.915
data/frame-000945.color.jpg -0.129417 -0.330006 0.831398 -0.427931 -0.456557 1.490751 0.082918 1155.915
data/frame-000946.color.jpg -0.114834 -0.310365 0.843913 -0.422254 -0.423543 1.491383 0.094478 1155.915
data/frame-000947.color.jpg -0.096191 -0.284483 0.855159 -0.422516 -0.375517 1.491808 0.087602 1155.915
data/frame-000948.color.jpg -0.084205 -0.257768 0.866247 -0.419621 -0.323433 1.502261 0.089121 1155.915
data/frame-000949.color.jpg -0.066251 -0.216426 0.885785 -0.405160 -0.245681 1.501213 0.122752 1155.915
data/frame-000950.color.jpg -0.047627 -0.196430 0.894770 -0.398163 -0.217570 1.506716 0.138387 1155.915
data/frame-000951.color.jpg -0.039584 -0.185914 0.899337 -0.393779 -0.216084 1.498953 0.145154 1155.915
data/frame-000952.color.jpg -0.034890 -0.171176 0.902280 -0.394172 -0.195082 1.507875 0.143461 1155.915
data/frame-000953.color.jpg -0.025407 -0.150232 0.906185 -0.394478 -0.180056 1.507620 0.145969 1155.915
data/frame-000954.color.jpg -0.016497 -0.131533 0.908476 -0.396356 -0.166154 1.515169 0.143312 1155.915
data/frame-000955.color.jpg -0.017732 -0.117490 0.904196 -0.410259 -0.156014 1.519260 0.105214 1155.915
data/frame-000956.color.jpg -0.012471 -0.096035 0.895952 -0.433464 -0.131006 1.541845 0.041666 1155.915
data/frame-000957.color.jpg -0.007723 -0.087084 0.890449 -0.446606 -0.124960 1.541637 0.004441 1155.915
data/frame-000958.color.jpg -0.001834 -0.071344 0.888352 -0.453583 -0.101106 1.543996 -0.013147 1155.915
data/frame-000959.color.jpg 0.001756 -0.056621 0.890301 -0.451836 -0.085032 1.542570 -0.004139 1155.915
data/frame-000960.color.jpg 0.005798 -0.041053 0.894689 -0.444760 -0.068807 1.539888 0.019136 1155.915
data/frame-000961.color.jpg 0.013691 -0.031105 0.898525 -0.437605 -0.068164 1.531653 0.047766 1155.915
data/frame-000962.color.jpg 0.020568 -0.019439 0.899481 -0.436043 -0.051492 1.520491 0.059845 1155.915
data/frame-000963.color.jpg 0.025158 -0.010652 0.902167 -0.430522 -0.044064 1.504631 0.086424 1155.915
data/frame-000964.color.jpg 0.039344 0.011914 0.906477 -0.420250 -0.023410 1.468344 0.139222 1155.915
data/frame-000965.color.jpg 0.050998 0.021964 0.907246 -0.416919 -0.037181 1.443552 0.157093 1155.915
data/frame-000966.color.jpg 0.057668 0.036333 0.909933 -0.409117 -0.034360 1.425846 0.178583 1155.915
data/frame-000967.color.jpg 0.058023 0.058154 0.912332 -0.401125 -0.004210 1.395120 0.194637 1155.915
data/frame-000968.color.jpg 0.059834 0.073519 0.917387 -0.386543 0.009181 1.372705 0.226064 1155.915
data/frame-000969.color.jpg 0.059849 0.086258 0.920586 -0.376162 0.028598 1.361932 0.249136 1155.915
data/frame-000970.color.jpg 0.056695 0.094524 0.924381 -0.365200 0.032511 1.354813 0.273593 1155.915
data/frame-000971.color.jpg 0.061226 0.103494 0.932010 -0.341903 0.026019 1.333639 0.322748 1155.915
data/frame-000972.color.jpg 0.062880 0.116976 0.933273 -0.333714 0.039357 1.323454 0.333988 1155.915
data/frame-000973.color.jpg 0.064839 0.123432 0.934561 -0.327348 0.041558 1.304680 0.339470 1155.915
data/frame-000974.color.jpg 0.067091 0.129944 0.939536 -0.309654 0.032430 1.285676 0.374907 1155.915
data/frame-000975.color.jpg 0.068587 0.142156 0.942243 -0.295409 0.046292 1.260114 0.403004 1155.915
data/frame-000976.color.jpg 0.061822 0.150917 0.943602 -0.288126 0.062551 1.250498 0.419705 1155.915
data/frame-000977.color.jpg 0.055324 0.161587 0.947052 -0.271885 0.070341 1.227338 0.451261 1155.915
data/frame-000978.color.jpg 0.058620 0.170411 0.947300 -0.264852 0.069066 1.215229 0.461929 1155.915
data/frame-000979.color.jpg 0.062826 0.189894 0.945658 -0.256366 0.074302 1.212552 0.475813 1155.915
data/frame-000980.color.jpg 0.071085 0.214073 0.940752 -0.253192 0.096990 1.215748 0.478213 1155.915
data/frame-000981.color.jpg 0.073318 0.238505 0.934025 -0.255609 0.132255 1.211089 0.469740 1155.915
data/frame-000982.color.jpg 0.079843 0.267909 0.926490 -0.251925 0.165731 1.210683 0.472828 1155.915
data/frame-000983.color.jpg 0.089439 0.292053 0.919616 -0.247007 0.188797 1.212831 0.477280 1155.915
data/frame-000984.color.jpg 0.092888 0.309906 0.913501 -0.246669 0.211002 1.215897 0.472715 1155.915
data/frame-000985.color.jpg 0.098396 0.331524 0.905595 -0.245574 0.248223 1.220987 0.470636 1155.915
data/frame-000986.color.jpg 0.103674 0.345010 0.900303 -0.244284 0.269603 1.223623 0.467260 1155.915
data/frame-000987.color.jpg 0.111079 0.365725 0.894059 -0.233593 0.304448 1.222714 0.485217 1155.915
data/frame-000988.color.jpg 0.111597 0.387435 0.884902 -0.233215 0.356089 1.223270 0.485126 1155.915
data/frame-000989.color.jpg 0.119504 0.408637 0.874498 -0.232352 0.406435 1.218663 0.483996 1155.915
data/frame-000990.color.jpg 0.122409 0.431164 0.863431 -0.231520 0.464285 1.210074 0.488948 1155.915
data/frame-000991.color.jpg 0.121472 0.452634 0.851155 -0.236435 0.527462 1.201253 0.482808 1155.915
data/frame-000992.color.jpg 0.126149 0.475880 0.838358 -0.234052 0.584704 1.186272 0.493783 1155.915
data/frame-000993.color.jpg 0.135734 0.495369 0.825639 -0.233465 0.620848 1.168427 0.498403 1155.915
data/frame-000994.color.jpg 0.144294 0.507547 0.818217 -0.228246 0.637500 1.157524 0.513550 1155.915
data/frame-000995.color.jpg 0.152129 0.524502 0.806715 -0.225756 0.668554 1.137995 0.524641 1155.915
data/frame-000996.color.jpg 0.158431 0.539512 0.794332 -0.229920 0.704034 1.119602 0.521813 1155.915
data/frame-000997.color.jpg 0.168340 0.557841 0.777739 -0.235793 0.735750 1.091023 0.517346 1155.915
data/frame-000998.color.jpg 0.183814 0.573569 0.760308 -0.243235 0.754574 1.081497 0.508123 1155.915
data/frame-000999.color.jpg 0.212156 0.580299 0.746952 -0.245569 0.738651 1.088104 0.507275 1155.915
data/frame-001000.color.jpg 0.233105 0.585186 0.735336 -0.250002 0.737832 1.087393 0.499494 1155.915
data/frame-001001.color.jpg 0.247272 0.587983 0.725443 -0.258582 0.741729 1.089853 0.483441 1155.915
data/frame-001002.color.jpg 0.252500 0.590350 0.718154 -0.268300 0.753024 1.100109 0.467047 1155.915
data/frame-001003.color.jpg 0.266400 0.586993 0.708076 -0.288268 0.755673 1.120971 0.422628 1155.915
data/frame-001004.color.jpg 0.277816 0.580919 0.702995 -0.301909 0.750659 1.143363 0.387986 1155.915
data/frame-001005.color.jpg 0.285854 0.579847 0.692372 -0.320447 0.768885 1.155836 0.346477 1155.915
data/frame-001006.color.jpg 0.295542 0.577905 0.684903 -0.331040 0.776314 1.167626 0.322640 1155.915
data/frame-001007.color.jpg 0.304701 0.571593 0.681526 -0.340531 0.768515 1.185996 0.299498 1155.915
data/frame-001008.color.jpg 0.317226 0.565068 0.678503 -0.345975 0.754627 1.202101 0.280481 1155.915
data/frame-001009.color.jpg 0.325064 0.562148 0.672080 -0.355853 0.755682 1.210129 0.255645 1155.915
data/frame-001010.color.jpg 0.331119 0.562042 0.663744 -0.365942 0.774618 1.225137 0.234974 1155.915
data/frame-001011.color.jpg 0.336816 0.559038 0.660682 -0.370851 0.777843 1.240219 0.217801 1155.915
data/frame-001012.color.jpg 0.346772 0.551129 0.655240 -0.382970 0.774470 1.252808 0.171534 1155.915
data/frame-001013.color.jpg 0.355598 0.546310 0.644305 -0.399958 0.780415 1.269884 0.117698 1155.915
data/frame-001014.color.jpg 0.358977 0.539290 0.641624 -0.410635 0.774165 1.281687 0.082105 1155.915
data/frame-001015.color.jpg 0.355632 0.529723 0.646257 -0.418654 0.755158 1.290936 0.059962 1155.915
data/frame-001016.color.jpg 0.351924 0.522430 0.648090 -0.428015 0.750660 1.289460 0.031073 1155.915
data/frame-001017.color.jpg 0.349935 0.512828 0.647997 -0.441195 0.746761 1.292775 -0.010517 1155.915
data/frame-001018.color.jpg 0.345908 0.504811 0.644981 -0.457726 0.751153 1.292698 -0.053499 1155.915
data/frame-001019.color.jpg 0.347161 0.488690 0.651971 -0.464322 0.720717 1.311807 -0.078318 1155.915
data/frame-001020.color.jpg 0.350938 0.475489 0.656940 -0.468170 0.691717 1.317327 -0.099713 1155.915
data/frame-001021.color.jpg 0.349265 0.473108 0.653553 -0.476499 0.703536 1.318033 -0.121329 1155.915
data/frame-001022.color.jpg 0.352956 0.469607 0.647446 -0.485494 0.705865 1.315874 -0.151299 1155.915
data/frame-001023.color.jpg 0.357634 0.462834 0.643296 -0.494018 0.692434 1.319137 -0.183414 1155.915
data/frame-001024.color.jpg 0.374194 0.462885 0.632512 -0.495625 0.690901 1.318601 -0.198854 1155.915
data/frame-001025.color.jpg 0.382352 0.464089 0.626630 -0.495746 0.686085 1.318791 -0.202336 1155.915
data/frame-001026.color.jpg 0.387495 0.460882 0.620793 -0.502047 0.684851 1.317179 -0.226299 1155.915
data/frame-001027.color.jpg 0.397301 0.458952 0.609348 -0.510107 0.685970 1.316989 -0.255887 1155.915
data/frame-001028.color.jpg 0.403613 0.463680 0.600186 -0.511736 0.696686 1.313633 -0.259057 1155.915
data/frame-001029.color.jpg 0.404584 0.466242 0.600136 -0.508692 0.683153 1.311448 -0.247027 1155.915
data/frame-001030.color.jpg 0.406598 0.468967 0.601203 -0.503292 0.660755 1.309296 -0.229999 1155.915
data/frame-001031.color.jpg 0.403274 0.475300 0.605035 -0.495371 0.650599 1.308914 -0.198267 1155.915
data/frame-001032.color.jpg 0.398091 0.481503 0.608528 -0.489257 0.639219 1.299794 -0.171175 1155.915
data/frame-001033.color.jpg 0.394544 0.487551 0.610118 -0.484134 0.627735 1.295145 -0.147529 1155.915
data/frame-001034.color.jpg 0.390677 0.489909 0.612334 -0.482087 0.608714 1.288841 -0.136079 1155.915
data/frame-001035.color.jpg 0.382763 0.493466 0.620196 -0.474701 0.580589 1.288316 -0.107256 1155.915
data/frame-001036.color.jpg 0.379569 0.496235 0.624066 -0.469276 0.558780 1.282867 -0.090944 1155.915
data/frame-001037.color.jpg 0.376395 0.502386 0.625726 -0.463036 0.547215 1.278332 -0.070778 1155.915
data/frame-001038.color.jpg 0.376387 0.514311 0.625120 -0.450602 0.542735 1.272243 -0.031309 1155.915
data/frame-001039.color.jpg 0.373886 0.519291 0.626784 -0.444622 0.533376 1.264648 -0.011375 1155.915
data/frame-001040.color.jpg 0.371203 0.518227 0.635096 -0.436236 0.498569 1.262446 0.008578 1155.915
data/frame-001041.color.jpg 0.365238 0.521336 0.637322 -0.434316 0.498097 1.252047 0.019287 1155.915
data/frame-001042.color.jpg 0.363288 0.527602 0.639196 -0.425541 0.489437 1.243851 0.041282 1155.915
data/frame-001043.color.jpg 0.360968 0.537974 0.638589 -0.415320 0.488958 1.231492 0.068538 1155.915
data/frame-001044.color.jpg 0.362180 0.548118 0.634684 -0.406901 0.489067 1.222614 0.086838 1155.915
data/frame-001045.color.jpg 0.366245 0.558791 0.630190 -0.395574 0.484597 1.218174 0.106126 1155.915
data/frame-001046.color.jpg 0.369815 0.575518 0.620573 -0.383281 0.496160 1.207432 0.129085 1155.915
data/frame-001047.color.jpg 0.367877 0.592687 0.614286 -0.368837 0.504367 1.193934 0.164959 1155.915
data/frame-001048.color.jpg 0.365686 0.609618 0.608427 -0.352783 0.503202 1.180916 0.204320 1155.915
data/frame-001049.color.jpg 0.367320 0.628207 0.598882 -0.334323 0.507662 1.159601 0.245427 1155.915
data/frame-001050.color.jpg 0.361149 0.636841 0.599992 -0.322511 0.496211 1.150560 0.274611 1155.915
data/frame-001051.color.jpg 0.348237 0.650436 0.603275 -0.302857 0.483618 1.132929 0.327285 1155.915
data/frame-001052.color.jpg 0.335330 0.664527 0.602577 -0.287853 0.486164 1.103424 0.373026 1155.915
data/frame-001053.color.jpg 0.322975 0.675031 0.603352 -0.275657 0.489789 1.080748 0.408505 1155.915
data/frame-001054.color.jpg 0.316126 0.684539 0.602792 -0.260984 0.482158 1.061822 0.443441 1155.915
data/frame-001055.color.jpg 0.318022 0.700132 0.591108 -0.243452 0.477706 1.041767 0.475418 1155.915
data/frame-001056.color.jpg 0.312638 0.745654 0.557731 -0.187600 0.479050 0.975874 0.579130 1155.915
data/frame-001057.color.jpg 0.305895 0.767351 0.532765 -0.183745 0.525593 0.940324 0.599240 1155.915
data/frame-001058.color.jpg 0.314092 0.798703 0.483174 -0.173096 0.581662 0.897204 0.630159 1155.915
data/frame-001059.color.jpg 0.319756 0.831136 0.429965 -0.148657 0.603570 0.835029 0.689078 1155.915
data/frame-001060.color.jpg 0.326783 0.852140 0.387867 -0.128955 0.614489 0.779896 0.733539 1155.915
data/frame-001061.color.jpg 0.338935 0.862855 0.357646 -0.112668 0.604830 0.775936 0.761641 1155.915
data/frame-001062.color.jpg 0.358994 0.865320 0.333073 -0.106801 0.600301 0.794503 0.759374 1155.915
data/frame-001063.color.jpg 0.377220 0.864380 0.314647 -0.107471 0.597368 0.814907 0.745628 1155.915
data/frame-001064.color.jpg 0.400331 0.861543 0.293225 -0.107228 0.596450 0.855588 0.725857 1155.915
data/frame-001065.color.jpg 0.426564 0.855476 0.272226 -0.109989 0.599150 0.906608 0.694202 1155.915
data/frame-001066.color.jpg 0.437133 0.854429 0.260753 -0.104274 0.584406 0.926289 0.686703 1155.915
data/frame-001067.color.jpg 0.445841 0.854617 0.250206 -0.090840 0.560247 0.947687 0.687578 1155.915
data/frame-001068.color.jpg 0.447647 0.854746 0.247020 -0.089461 0.552362 0.955277 0.677804 1155.915
data/frame-001069.color.jpg 0.448392 0.853578 0.250593 -0.086901 0.524552 0.980556 0.647671 1155.915
data/frame-001070.color.jpg 0.450668 0.855000 0.242958 -0.082733 0.513619 1.010068 0.614241 1155.915
data/frame-001071.color.jpg 0.452233 0.855682 0.235319 -0.088985 0.500868 1.037234 0.574365 1155.915
data/frame-001072.color.jpg 0.451707 0.853209 0.244503 -0.090636 0.463129 1.068330 0.532904 1155.915
data/frame-001073.color.jpg 0.450913 0.853058 0.246517 -0.090544 0.457447 1.075987 0.522449 1155.915
data/frame-001074.color.jpg 0.446786 0.852710 0.255080 -0.090570 0.421498 1.096550 0.498253 1155.915
data/frame-001075.color.jpg 0.444729 0.851921 0.260288 -0.093263 0.396572 1.109429 0.476658 1155.915
data/frame-001076.color.jpg 0.444139 0.850074 0.266719 -0.094743 0.362634 1.124588 0.443825 1155.915
data/frame-001077.color.jpg 0.442210 0.848012 0.275430 -0.097285 0.327471 1.137301 0.416436 1155.915
data/frame-001078.color.jpg 0.440264 0.849342 0.272874 -0.101612 0.313263 1.141960 0.388032 1155.915
data/frame-001079.color.jpg 0.439559 0.850223 0.271652 -0.100572 0.305111 1.142671 0.384807 1155.915
data/frame-001080.color.jpg 0.436511 0.851095 0.273081 -0.102582 0.300334 1.141129 0.374210 1155.915
data/frame-001081.color.jpg 0.428017 0.854051 0.277006 -0.103281 0.295172 1.139860 0.375490 1155.915
data/frame-001082.color.jpg 0.422715 0.854754 0.283379 -0.102000 0.280441 1.145277 0.370981 1155.915
data/frame-001083.color.jpg 0.409805 0.855370 0.300689 -0.099943 0.241128 1.149993 0.366090 1155.915
data/frame-001084.color.jpg 0.406693 0.855116 0.306279 -0.097829 0.216999 1.168472 0.348665 1155.915
data/frame-001085.color.jpg 0.410837 0.850151 0.310351 -0.110177 0.209368 1.182474 0.307044 1155.915
data/frame-001086.color.jpg 0.419187 0.840339 0.321174 -0.122308 0.183147 1.210752 0.253987 1155.915
data/frame-001087.color.jpg 0.415841 0.839408 0.327073 -0.124474 0.161818 1.222610 0.241819 1155.915
data/frame-001088.color.jpg 0.418463 0.838334 0.327194 -0.122590 0.144200 1.231525 0.229127 1155.915
data/frame-001089.color.jpg 0.420209 0.835757 0.331626 -0.122305 0.117989 1.243585 0.213539 1155.915
