data/frame-000230.color.jpg 0.027214 -0.029057 0.899735 -0.434617 0.327490 0.970543 0.972027 1155.915
data/frame-000231.color.jpg 0.026272 -0.031729 0.902226 -0.429292 0.327728 0.961516 0.980961 1155.915
data/frame-000232.color.jpg 0.026703 -0.032611 0.903315 -0.426902 0.329149 0.955847 0.981571 1155.915
data/frame-000233.color.jpg 0.021922 -0.036599 0.904096 -0.425194 0.339830 0.951052 0.977106 1155.915
data/frame-000234.color.jpg 0.019013 -0.036620 0.901491 -0.430827 0.345406 0.968426 0.965590 1155.915
data/frame-000235.color.jpg 0.008930 -0.046469 0.885714 -0.461814 0.332484 1.053518 0.899872 1155.915
data/frame-000236.color.jpg 0.010423 -0.047752 0.871000 -0.488845 0.326810 1.154172 0.861894 1155.915
data/frame-000237.color.jpg 0.002216 -0.048140 0.863800 -0.501524 0.336254 1.213668 0.851013 1155.915
data/frame-000238.color.jpg -0.000810 -0.051856 0.848148 -0.527215 0.331196 1.292383 0.800456 1155.915
data/frame-000239.color.jpg -0.006387 -0.051055 0.839427 -0.541031 0.341179 1.319509 0.768808 1155.915
data/frame-000240.color.jpg -0.007183 -0.047605 0.827746 -0.559034 0.346651 1.372877 0.730690 1155.915
data/frame-000241.color.jpg -0.013189 -0.046730 0.821457 -0.568200 0.364496 1.391853 0.704938 1155.915
data/frame-000242.color.jpg -0.037218 -0.057750 0.798169 -0.598504 0.409443 1.451591 0.593905 1155.915
data/frame-000243.color.jpg -0.048680 -0.071007 0.788692 -0.608731 0.426837 1.479959 0.552310 1155.915
data/frame-000244.color.jpg -0.053180 -0.079021 0.783065 -0.614603 0.429201 1.491656 0.524825 1155.915
data/frame-000245.color.jpg -0.065745 -0.092429 0.775668 -0.620866 0.440637 1.514637 0.484695 1155.915
data/frame-000246.color.jpg -0.067677 -0.094717 0.774114 -0.622251 0.446268 1.517378 0.478459 1155.915
data/frame-000247.color.jpg -0.070624 -0.101207 0.768718 -0.627568 0.450250 1.525419 0.457424 1155.915
data/frame-000248.color.jpg -0.072097 -0.101730 0.768314 -0.627811 0.455482 1.528940 0.456038 1155.915
data/frame-000249.color.jpg -0.067814 -0.100984 0.771524 -0.624463 0.445634 1.525835 0.469458 1155.915
data/frame-000250.color.jpg -0.064060 -0.094952 0.771906 -0.625333 0.445759 1.519635 0.469762 1155.915
data/frame-000251.color.jpg -0.051873 -0.078253 0.776242 -0.623405 0.425468 1.516398 0.492507 1155.915
data/frame-000252.color.jpg -0.037375 -0.061307 0.782455 -0.618554 0.399463 1.511410 0.526835 1155.915
data/frame-000253.color.jpg -0.028354 -0.049198 0.783675 -0.618571 0.372193 1.511038 0.531721 1155.915
data/frame-000254.color.jpg -0.015331 -0.034660 0.784587 -0.618859 0.344512 1.513549 0.539904 1155.915
data/frame-000255.color.jpg -0.010472 -0.028998 0.787284 -0.615820 0.333778 1.506267 0.551284 1155.915
data/frame-000256.color.jpg -0.004586 -0.018952 0.789067 -0.613998 0.322269 1.500710 0.561947 1155.915
data/frame-000257.color.jpg 0.011058 0.002017 0.799607 -0.600419 0.297765 1.465445 0.614968 1155.915
data/frame-000258.color.jpg 0.019308 0.010481 0.798106 -0.602117 0.276261 1.462449 0.609993 1155.915
data/frame-000259.color.jpg 0.025676 0.019562 0.801340 -0.597338 0.262693 1.449324 0.622993 1155.915
data/frame-000260.color.jpg 0.031932 0.026705 0.802970 -0.594563 0.247077 1.440494 0.629061 1155.915
data/frame-000261.color.jpg 0.044219 0.042703 0.803431 -0.592217 0.212641 1.427010 0.632611 1155.915
data/frame-000262.color.jpg 0.068493 0.069661 0.810654 -0.577318 0.179049 1.406771 0.670953 1155.915
data/frame-000263.color.jpg 0.100191 0.104332 0.806453 -0.573333 0.149667 1.417893 0.649133 1155.915
data/frame-000264.color.jpg 0.106366 0.113611 0.804764 -0.572829 0.142322 1.418262 0.636977 1155.915
data/frame-000265.color.jpg 0.124812 0.140029 0.798687 -0.571764 0.144649 1.441686 0.598740 1155.915
data/frame-000266.color.jpg 0.157245 0.182726 0.791651 -0.561404 0.152370 1.452571 0.561874 1155.915
data/frame-000267.color.jpg 0.158269 0.183981 0.792053 -0.560137 0.149673 1.456811 0.563451 1155.915
data/frame-000268.color.jpg 0.169325 0.209928 0.792377 -0.547172 0.172890 1.434261 0.570179 1155.915
data/frame-000269.color.jpg 0.182404 0.229661 0.791463 -0.536257 0.185269 1.425505 0.575555 1155.915
data/frame-000270.color.jpg 0.193918 0.237958 0.792239 -0.527379 0.149900 1.437468 0.539283 1155.915
data/frame-000271.color.jpg 0.193513 0.225832 0.792810 -0.531983 0.108314 1.451947 0.497572 1155.915
data/frame-000272.color.jpg 0.190287 0.212350 0.797648 -0.531466 0.013417 1.455981 0.459544 1155.915
data/frame-000273.color.jpg 0.188107 0.212693 0.798335 -0.531073 -0.029591 1.454569 0.441389 1155.915
data/frame-000274.color.jpg 0.196617 0.225410 0.798893 -0.521826 -0.074731 1.451458 0.433247 1155.915
data/frame-000275.color.jpg 0.204347 0.238284 0.793753 -0.520979 -0.094718 1.454214 0.405121 1155.915
data/frame-000276.color.jpg 0.226443 0.265269 0.785878 -0.510638 -0.100399 1.463106 0.370605 1155.915
data/frame-000277.color.jpg 0.246748 0.319205 0.774583 -0.487077 -0.044097 1.485719 0.371240 1155.915
data/frame-000278.color.jpg 0.251765 0.328619 0.766842 -0.490486 -0.023003 1.485115 0.347823 1155.915
data/frame-000279.color.jpg 0.273324 0.359616 0.753439 -0.477808 0.001964 1.502370 0.329860 1155.915
data/frame-000280.color.jpg 0.281598 0.377713 0.748036 -0.467417 0.015310 1.514609 0.338900 1155.915
data/frame-000281.color.jpg 0.291365 0.394796 0.739573 -0.460733 0.032081 1.515878 0.336305 1155.915
data/frame-000282.color.jpg 0.312141 0.421960 0.721162 -0.452153 0.047342 1.520829 0.321157 1155.915
data/frame-000283.color.jpg 0.317350 0.431630 0.715300 -0.448699 0.059243 1.519612 0.324187 1155.915
data/frame-000284.color.jpg 0.325415 0.450643 0.706430 -0.438159 0.075442 1.515865 0.340054 1155.915
data/frame-000285.color.jpg 0.341127 0.482902 0.685592 -0.424737 0.094872 1.510810 0.353194 1155.915
data/frame-000286.color.jpg 0.343287 0.489753 0.682261 -0.420494 0.095401 1.504417 0.361299 1155.915
data/frame-000287.color.jpg 0.343255 0.504761 0.677156 -0.410916 0.102323 1.492806 0.387298 1155.915
data/frame-000288.color.jpg 0.336048 0.533404 0.672781 -0.387192 0.125417 1.453802 0.471935 1155.915
data/frame-000289.color.jpg 0.336168 0.538080 0.672640 -0.380810 0.120827 1.445576 0.486739 1155.915
data/frame-000290.color.jpg 0.324610 0.552851 0.673295 -0.368319 0.146030 1.419364 0.544392 1155.915
data/frame-000291.color.jpg 0.314001 0.561597 0.676834 -0.357643 0.155237 1.385724 0.594017 1155.915
data/frame-000292.color.jpg 0.295219 0.575720 0.683700 -0.337559 0.169118 1.324438 0.672522 1155.915
data/frame-000293.color.jpg 0.286229 0.576794 0.685531 -0.339750 0.184310 1.305038 0.683584 1155.915
data/frame-000294.color.jpg 0.281075 0.576461 0.689037 -0.337518 0.186062 1.287671 0.696727 1155.915
data/frame-000295.color.jpg 0.270918 0.578809 0.693348 -0.332945 0.196026 1.266219 0.722381 1155.915
data/frame-000296.color.jpg 0.264116 0.582475 0.698039 -0.322036 0.186023 1.232334 0.752744 1155.915
data/frame-000297.color.jpg 0.260999 0.584735 0.698627 -0.319194 0.186430 1.218488 0.763098 1155.915
data/frame-000298.color.jpg 0.261034 0.599544 0.694832 -0.299360 0.167046 1.174415 0.803300 1155.915
data/frame-000299.color.jpg 0.256566 0.614741 0.686804 -0.290804 0.176945 1.140058 0.824002 1155.915
data/frame-000300.color.jpg 0.256811 0.622105 0.680519 -0.289702 0.176157 1.124273 0.827036 1155.915
data/frame-000301.color.jpg 0.265156 0.625582 0.676115 -0.284968 0.151735 1.118477 0.823319 1155.915
data/frame-000302.color.jpg 0.257834 0.635851 0.671896 -0.278873 0.147091 1.092705 0.847565 1155.915
data/frame-000303.color.jpg 0.256048 0.641721 0.669894 -0.271801 0.130447 1.067336 0.863340 1155.915
data/frame-000304.color.jpg 0.254666 0.647954 0.663713 -0.273470 0.142153 1.061615 0.863153 1155.915
data/frame-000305.color.jpg 0.247864 0.653022 0.663551 -0.268003 0.144084 1.034640 0.879114 1155.915
data/frame-000306.color.jpg 0.246027 0.656786 0.662437 -0.263210 0.139746 1.020560 0.889007 1155.915
data/frame-000307.color.jpg 0.253320 0.665394 0.653776 -0.256237 0.113162 1.018517 0.892019 1155.915
data/frame-000308.color.jpg 0.266263 0.672411 0.641840 -0.254968 0.093974 1.032865 0.877186 1155.915
data/frame-000309.color.jpg 0.283216 0.686218 0.622054 -0.248882 0.058975 1.061165 0.861613 1155.915
data/frame-000310.color.jpg 0.291404 0.701636 0.602870 -0.243593 0.049619 1.073501 0.856453 1155.915
data/frame-000311.color.jpg 0.299953 0.717562 0.582773 -0.235601 0.041102 1.083278 0.854817 1155.915
data/frame-000312.color.jpg 0.307322 0.730110 0.564836 -0.231200 0.039043 1.093036 0.849483 1155.915
data/frame-000313.color.jpg 0.313324 0.740849 0.549730 -0.225315 0.045017 1.098988 0.846484 1155.915
data/frame-000314.color.jpg 0.323807 0.751150 0.531570 -0.219900 0.041444 1.116357 0.837028 1155.915
data/frame-000315.color.jpg 0.330472 0.756920 0.520077 -0.217669 0.041233 1.131187 0.829571 1155.915
data/frame-000316.color.jpg 0.339212 0.763853 0.506002 -0.213132 0.040727 1.139596 0.817476 1155.915
data/frame-000317.color.jpg 0.350602 0.771519 0.487888 -0.209288 0.046077 1.161553 0.796501 1155.915
data/frame-000318.color.jpg 0.354136 0.773440 0.482650 -0.208392 0.046897 1.171203 0.791070 1155.915
data/frame-000319.color.jpg 0.366206 0.777637 0.466792 -0.208035 0.059308 1.203771 0.765300 1155.915
data/frame-000320.color.jpg 0.370367 0.779486 0.460066 -0.208730 0.069024 1.213635 0.755776 1155.915
data/frame-000321.color.jpg 0.376635 0.782704 0.451141 -0.204918 0.071204 1.223892 0.747710 1155.915
data/frame-000322.color.jpg 0.384119 0.783185 0.443555 -0.205752 0.072307 1.239866 0.730651 1155.915
data/frame-000323.color.jpg 0.393564 0.783062 0.435412 -0.205758 0.070253 1.262970 0.711699 1155.915
data/frame-000324.color.jpg 0.403591 0.781299 0.428962 -0.206586 0.070809 1.280919 0.688968 1155.915
data/frame-000325.color.jpg 0.411904 0.779629 0.422764 -0.209248 0.072878 1.302590 0.666350 1155.915
data/frame-000326.color.jpg 0.418873 0.777259 0.420205 -0.209385 0.069659 1.319215 0.650272 1155.915
data/frame-000327.color.jpg 0.440621 0.768637 0.411109 -0.214569 0.069517 1.370947 0.591561 1155.915
data/frame-000328.color.jpg 0.453235 0.762516 0.406471 -0.218927 0.071080 1.393972 0.554402 1155.915
data/frame-000329.color.jpg 0.461871 0.757895 0.404453 -0.220654 0.067915 1.413898 0.530040 1155.915
data/frame-000330.color.jpg 0.474315 0.750061 0.400062 -0.228877 0.074040 1.426837 0.484513 1155.915
data/frame-000331.color.jpg 0.481116 0.745393 0.399249 -0.231337 0.070661 1.449090 0.465840 1155.915
data/frame-000332.color.jpg 0.485598 0.743809 0.398111 -0.229020 0.067239 1.464987 0.457330 1155.915
data/frame-000333.color.jpg 0.490405 0.741634 0.395511 -0.230332 0.067198 1.472058 0.440991 1155.915
data/frame-000334.color.jpg 0.496250 0.736981 0.395874 -0.232119 0.065129 1.482820 0.421605 1155.915
data/frame-000335.color.jpg 0.505435 0.731231 0.391731 -0.237452 0.073642 1.499464 0.390435 1155.915
data/frame-000336.color.jpg 0.506994 0.728973 0.390849 -0.242470 0.085158 1.510618 0.380638 1155.915
data/frame-000337.color.jpg 0.512082 0.722464 0.392929 -0.247838 0.094235 1.518655 0.360813 1155.915
data/frame-000338.color.jpg 0.516698 0.713911 0.403527 -0.246008 0.056870 1.533592 0.341543 1155.915
data/frame-000339.color.jpg 0.524880 0.705613 0.405511 -0.249345 0.029408 1.541365 0.300975 1155.915
data/frame-000340.color.jpg 0.519472 0.709237 0.408273 -0.245855 0.021949 1.541450 0.316454 1155.915
data/frame-000341.color.jpg 0.520250 0.712695 0.406282 -0.237361 0.015411 1.542262 0.320097 1155.915
data/frame-000342.color.jpg 0.523574 0.723810 0.383003 -0.235115 0.074199 1.552826 0.307487 1155.915
data/frame-000343.color.jpg 0.524604 0.742567 0.357842 -0.212918 0.109382 1.546059 0.333401 1155.915
data/frame-000344.color.jpg 0.524560 0.761859 0.330281 -0.187943 0.134734 1.534299 0.366084 1155.915
data/frame-000345.color.jpg 0.533262 0.788119 0.271554 -0.144080 0.167525 1.519922 0.401805 1155.915
data/frame-000346.color.jpg 0.533703 0.805612 0.230175 -0.114756 0.178313 1.510664 0.435318 1155.915
data/frame-000347.color.jpg 0.538964 0.809347 0.210763 -0.100267 0.176910 1.506176 0.435476 1155.915
data/frame-000348.color.jpg 0.540696 0.815089 0.191566 -0.081116 0.162370 1.501965 0.453302 1155.915
data/frame-000349.color.jpg 0.538809 0.820691 0.178533 -0.065400 0.151019 1.495198 0.474024 1155.915
data/frame-000350.color.jpg 0.536225 0.824531 0.170288 -0.060109 0.142598 1.489146 0.488262 1155.915
data/frame-000351.color.jpg 0.535245 0.828218 0.157637 -0.052139 0.146882 1.483617 0.499516 1155.915
data/frame-000352.color.jpg 0.533593 0.833846 0.135517 -0.040188 0.144939 1.473626 0.510527 1155.915
data/frame-000353.color.jpg 0.533872 0.837634 0.111500 -0.030285 0.159852 1.465160 0.514699 1155.915
data/frame-000354.color.jpg 0.521524 0.848114 0.092601 -0.011860 0.151985 1.444863 0.567026 1155.915
data/frame-000355.color.jpg 0.516818 0.852023 0.083025 -0.007982 0.160374 1.425943 0.585480 1155.915
data/frame-000356.color.jpg 0.509084 0.857400 0.075473 -0.001141 0.156683 1.405954 0.615187 1155.915
data/frame-000357.color.jpg 0.494000 0.866956 0.065945 0.001388 0.167627 1.366402 0.659999 1155.915
data/frame-000358.color.jpg 0.473478 0.878465 0.063877 0.006167 0.163626 1.321539 0.713115 1155.915
data/frame-000359.color.jpg 0.449918 0.890666 0.065476 -0.000774 0.169647 1.263382 0.769376 1155.915
data/frame-000360.color.jpg 0.428620 0.900581 0.072209 -0.005044 0.169256 1.218011 0.817748 1155.915
data/frame-000361.color.jpg 0.422814 0.902575 0.080896 -0.006565 0.166970 1.194441 0.826884 1155.915
data/frame-000362.color.jpg 0.408653 0.909168 0.079969 -0.004648 0.159298 1.160485 0.855398 1155.915
data/frame-000363.color.jpg 0.400095 0.913597 0.072547 0.000975 0.153852 1.130627 0.876005 1155.915
data/frame-000364.color.jpg 0.390651 0.918506 0.060877 0.005635 0.150926 1.098852 0.898153 1155.915
data/frame-000365.color.jpg 0.373192 0.926436 0.047032 0.015220 0.133430 1.050484 0.927977 1155.915
data/frame-000366.color.jpg 0.356757 0.932980 0.042680 0.021265 0.093013 1.013437 0.956496 1155.915
data/frame-000367.color.jpg 0.356202 0.933456 0.022630 0.035604 0.024920 0.987900 0.967733 1155.915
data/frame-000368.color.jpg 0.351634 0.935417 0.014695 0.033637 0.004367 0.972173 0.979870 1155.915
data/frame-000369.color.jpg 0.361696 0.931241 -0.005480 0.043995 -0.036360 0.984025 0.966055 1155.915
data/frame-000370.color.jpg 0.365218 0.927475 -0.046805 0.064929 -0.083618 1.011644 0.955394 1155.915
data/frame-000371.color.jpg 0.369753 0.924069 -0.063160 0.073419 -0.106498 1.023445 0.943240 1155.915
data/frame-000372.color.jpg 0.378785 0.918186 -0.086270 0.077553 -0.127975 1.045869 0.926411 1155.915
data/frame-000373.color.jpg 0.394626 0.907906 -0.108865 0.090139 -0.153631 1.097089 0.887988 1155.915
data/frame-000374.color.jpg 0.409420 0.895687 -0.136426 0.107273 -0.187071 1.145786 0.842442 1155.915
data/frame-000375.color.jpg 0.420121 0.888369 -0.144906 0.115333 -0.202107 1.180368 0.816610 1155.915
data/frame-000376.color.jpg 0.433721 0.878534 -0.153777 0.128124 -0.216097 1.218793 0.778719 1155.915
data/frame-000377.color.jpg 0.443403 0.871526 -0.160200 0.134802 -0.216759 1.248091 0.755426 1155.915
data/frame-000378.color.jpg 0.461703 0.862495 -0.156548 0.135740 -0.219441 1.274535 0.713363 1155.915
data/frame-000379.color.jpg 0.482340 0.852059 -0.151422 0.135704 -0.214421 1.314169 0.664011 1155.915
data/frame-000380.color.jpg 0.496920 0.845351 -0.142481 0.134727 -0.219796 1.354625 0.631881 1155.915
data/frame-000381.color.jpg 0.524832 0.830327 -0.133843 0.131131 -0.201688 1.396683 0.559909 1155.915
data/frame-000382.color.jpg 0.551541 0.817092 -0.113843 0.123303 -0.207948 1.441356 0.496029 1155.915
data/frame-000383.color.jpg 0.554585 0.815476 -0.111130 0.122816 -0.211922 1.441401 0.481322 1155.915
data/frame-000384.color.jpg 0.556564 0.813355 -0.113056 0.126130 -0.210493 1.445666 0.468547 1155.915
data/frame-000385.color.jpg 0.555875 0.813821 -0.112995 0.126218 -0.211374 1.446671 0.469825 1155.915
data/frame-000390.color.jpg 0.003418 -0.077168 0.847701 -0.524821 0.322686 1.204405 0.745496 1155.915
data/frame-000391.color.jpg 0.006572 -0.074109 0.848683 -0.523644 0.312925 1.202839 0.752518 1155.915
data/frame-000392.color.jpg 0.008597 -0.067845 0.848027 -0.525521 0.315758 1.199111 0.750327 1155.915
data/frame-000393.color.jpg 0.005893 -0.067260 0.848882 -0.524252 0.318685 1.195953 0.751726 1155.915
data/frame-000394.color.jpg 0.004129 -0.067848 0.848158 -0.525364 0.324682 1.199810 0.748008 1155.915
data/frame-000395.color.jpg 0.001590 -0.073791 0.848787 -0.523559 0.324453 1.200980 0.752935 1155.915
data/frame-000396.color.jpg 0.000472 -0.072777 0.847330 -0.526057 0.332716 1.199561 0.745799 1155.915
data/frame-000397.color.jpg -0.005443 -0.077896 0.843063 -0.532116 0.340072 1.218122 0.727762 1155.915
data/frame-000398.color.jpg -0.008514 -0.079254 0.840061 -0.536604 0.340029 1.234810 0.716908 1155.915
data/frame-000399.color.jpg -0.010873 -0.079645 0.829290 -0.553006 0.342122 1.271652 0.674431 1155.915
data/frame-000400.color.jpg -0.016352 -0.078834 0.824186 -0.560567 0.348177 1.281594 0.648048 1155.915
data/frame-000401.color.jpg -0.017247 -0.081647 0.819433 -0.567067 0.344297 1.301251 0.629403 1155.915
data/frame-000402.color.jpg -0.022226 -0.087225 0.811208 -0.577788 0.345395 1.331733 0.596503 1155.915
data/frame-000403.color.jpg -0.020757 -0.087346 0.809312 -0.580477 0.341658 1.337122 0.590695 1155.915
data/frame-000404.color.jpg -0.019969 -0.086269 0.804296 -0.587594 0.334837 1.351994 0.571289 1155.915
data/frame-000405.color.jpg -0.019047 -0.086305 0.804694 -0.587074 0.332347 1.356166 0.574246 1155.915
data/frame-000406.color.jpg -0.018163 -0.085023 0.799903 -0.593798 0.329352 1.377543 0.558078 1155.915
data/frame-000407.color.jpg -0.034903 -0.086144 0.802982 -0.588712 0.369212 1.393645 0.564854 1155.915
data/frame-000408.color.jpg -0.036333 -0.086739 0.803032 -0.588470 0.368910 1.399484 0.565035 1155.915
data/frame-000409.color.jpg -0.042382 -0.089254 0.799818 -0.592055 0.375717 1.422271 0.552884 1155.915
data/frame-000410.color.jpg -0.042624 -0.080637 0.794903 -0.599842 0.390928 1.441390 0.536968 1155.915
data/frame-000411.color.jpg -0.042483 -0.082988 0.795585 -0.598625 0.384491 1.449479 0.542609 1155.915
data/frame-000412.color.jpg -0.043226 -0.079049 0.793327 -0.602092 0.396417 1.457150 0.534799 1155.915
data/frame-000413.color.jpg -0.049621 -0.076820 0.783502 -0.614622 0.411064 1.483287 0.490358 1155.915
data/frame-000414.color.jpg -0.049356 -0.076304 0.784128 -0.613909 0.412382 1.484947 0.493256 1155.915
data/frame-000415.color.jpg -0.051611 -0.073054 0.780102 -0.619226 0.418157 1.501643 0.477067 1155.915
data/frame-000416.color.jpg -0.050956 -0.068702 0.773406 -0.628114 0.418129 1.515672 0.447146 1155.915
data/frame-000417.color.jpg -0.050983 -0.068658 0.772330 -0.629438 0.415812 1.515707 0.441107 1155.915
data/frame-000418.color.jpg -0.046468 -0.063050 0.772665 -0.629964 0.411537 1.528534 0.448096 1155.915
data/frame-000419.color.jpg -0.043738 -0.058659 0.768521 -0.635626 0.407872 1.539264 0.432873 1155.915
data/frame-000420.color.jpg -0.012929 -0.019849 0.782447 -0.622267 0.373202 1.517787 0.522506 1155.915
data/frame-000421.color.jpg -0.007558 -0.013328 0.786390 -0.617541 0.369792 1.505372 0.544990 1155.915
data/frame-000422.color.jpg -0.002534 -0.003748 0.788933 -0.614462 0.363048 1.490616 0.560366 1155.915
data/frame-000423.color.jpg 0.011082 0.019716 0.793100 -0.608671 0.351781 1.468159 0.585828 1155.915
data/frame-000424.color.jpg 0.015056 0.027234 0.794837 -0.606025 0.343428 1.461039 0.591655 1155.915
data/frame-000425.color.jpg 0.032312 0.052226 0.797565 -0.600099 0.329882 1.444650 0.613091 1155.915
data/frame-000426.color.jpg 0.036871 0.056907 0.800473 -0.595521 0.321499 1.436892 0.624355 1155.915
data/frame-000427.color.jpg 0.043726 0.065715 0.800856 -0.593633 0.308974 1.432469 0.625649 1155.915
data/frame-000428.color.jpg 0.052907 0.073263 0.801324 -0.591365 0.289969 1.429330 0.632022 1155.915
data/frame-000429.color.jpg 0.055242 0.077701 0.801386 -0.590501 0.286465 1.426094 0.635230 1155.915
data/frame-000430.color.jpg 0.060281 0.085127 0.800749 -0.589849 0.273564 1.420961 0.633689 1155.915
data/frame-000431.color.jpg 0.068959 0.090828 0.802452 -0.585718 0.244561 1.420290 0.649038 1155.915
data/frame-000432.color.jpg 0.081383 0.095885 0.802105 -0.583789 0.214003 1.419012 0.655059 1155.915
data/frame-000433.color.jpg 0.085877 0.099295 0.800758 -0.584425 0.197967 1.418667 0.653798 1155.915
data/frame-000434.color.jpg 0.089529 0.106622 0.798509 -0.585661 0.184850 1.419878 0.647803 1155.915
data/frame-000435.color.jpg 0.108523 0.133251 0.792716 -0.584866 0.173175 1.430058 0.629130 1155.915
data/frame-000436.color.jpg 0.120424 0.149419 0.786500 -0.587018 0.179952 1.442052 0.605199 1155.915
data/frame-000437.color.jpg 0.126328 0.157619 0.783625 -0.587477 0.189465 1.446470 0.589658 1155.915
data/frame-000438.color.jpg 0.136279 0.168982 0.782820 -0.583152 0.193500 1.455132 0.584693 1155.915
data/frame-000439.color.jpg 0.152612 0.188021 0.779002 -0.578371 0.192991 1.461649 0.577731 1155.915
data/frame-000440.color.jpg 0.156672 0.195794 0.776540 -0.578018 0.204904 1.465799 0.568278 1155.915
data/frame-000441.color.jpg 0.169064 0.214813 0.771463 -0.574559 0.222495 1.464517 0.558762 1155.915
data/frame-000442.color.jpg 0.180449 0.230164 0.767741 -0.570119 0.240041 1.473280 0.556425 1155.915
data/frame-000443.color.jpg 0.181310 0.233829 0.765623 -0.571202 0.242739 1.473572 0.550646 1155.915
data/frame-000444.color.jpg 0.194900 0.259810 0.760612 -0.562123 0.264644 1.465088 0.560869 1155.915
data/frame-000445.color.jpg 0.209108 0.280339 0.755973 -0.553344 0.259570 1.454762 0.572091 1155.915
data/frame-000446.color.jpg 0.214742 0.286936 0.756161 -0.547517 0.250188 1.452397 0.582076 1155.915
data/frame-000447.color.jpg 0.233282 0.298097 0.755326 -0.534977 0.204373 1.443253 0.588953 1155.915
data/frame-000448.color.jpg 0.232719 0.299132 0.757605 -0.531410 0.164987 1.438648 0.566883 1155.915
data/frame-000449.color.jpg 0.227325 0.297537 0.759911 -0.531348 0.132680 1.442466 0.539749 1155.915
data/frame-000450.color.jpg 0.230500 0.304500 0.760725 -0.524831 0.074987 1.441910 0.517005 1155.915
data/frame-000451.color.jpg 0.236563 0.306748 0.760907 -0.520542 0.042171 1.436389 0.497355 1155.915
data/frame-000452.color.jpg 0.239570 0.317332 0.761409 -0.512019 0.020925 1.425788 0.501529 1155.915
data/frame-000453.color.jpg 0.245444 0.336792 0.757431 -0.502620 0.024872 1.431743 0.501317 1155.915
data/frame-000454.color.jpg 0.253984 0.348192 0.754838 -0.494444 0.026630 1.428199 0.500234 1155.915
data/frame-000455.color.jpg 0.257306 0.368542 0.750326 -0.484749 0.038179 1.425158 0.509616 1155.915
data/frame-000456.color.jpg 0.264257 0.382732 0.745797 -0.476939 0.033411 1.425573 0.510381 1155.915
data/frame-000457.color.jpg 0.271678 0.396171 0.741619 -0.468232 0.028305 1.425139 0.513309 1155.915
data/frame-000458.color.jpg 0.278768 0.409409 0.737043 -0.459826 0.027768 1.422101 0.514403 1155.915
data/frame-000459.color.jpg 0.283437 0.420333 0.730625 -0.457351 0.030234 1.429364 0.501638 1155.915
data/frame-000460.color.jpg 0.291459 0.437458 0.728310 -0.439598 0.012859 1.422690 0.524553 1155.915
data/frame-000461.color.jpg 0.303977 0.448097 0.721785 -0.431084 -0.002612 1.421224 0.521054 1155.915
data/frame-000462.color.jpg 0.315347 0.463611 0.708927 -0.427836 0.001571 1.428091 0.504194 1155.915
data/frame-000463.color.jpg 0.323759 0.485588 0.690533 -0.427257 0.029010 1.442734 0.483736 1155.915
data/frame-000464.color.jpg 0.327374 0.496038 0.683841 -0.423241 0.035791 1.443162 0.485504 1155.915
data/frame-000465.color.jpg 0.332216 0.506276 0.677479 -0.417540 0.043334 1.443133 0.490482 1155.915
data/frame-000466.color.jpg 0.335581 0.514814 0.672402 -0.412586 0.042634 1.443320 0.495825 1155.915
data/frame-000467.color.jpg 0.340348 0.524769 0.667033 -0.404782 0.043183 1.437891 0.503997 1155.915
data/frame-000468.color.jpg 0.345232 0.531276 0.661964 -0.400455 0.042437 1.437641 0.503388 1155.915
data/frame-000469.color.jpg 0.350045 0.540638 0.655824 -0.393794 0.052128 1.436289 0.508935 1155.915
data/frame-000470.color.jpg 0.348478 0.547880 0.652524 -0.390643 0.060115 1.432634 0.519091 1155.915
data/frame-000471.color.jpg 0.350509 0.550337 0.650327 -0.389034 0.061533 1.430529 0.518776 1155.915
data/frame-000472.color.jpg 0.349716 0.556986 0.648311 -0.383611 0.068725 1.425069 0.533782 1155.915
data/frame-000473.color.jpg 0.347725 0.567447 0.644265 -0.376847 0.083170 1.406112 0.550782 1155.915
data/frame-000474.color.jpg 0.344877 0.572285 0.643338 -0.373718 0.091517 1.397041 0.562479 1155.915
data/frame-000475.color.jpg 0.343602 0.578369 0.639784 -0.371623 0.097088 1.381341 0.567877 1155.915
data/frame-000476.color.jpg 0.341279 0.584704 0.638644 -0.365766 0.098113 1.369967 0.584188 1155.915
data/frame-000477.color.jpg 0.340945 0.590036 0.640556 -0.353979 0.086429 1.357469 0.607688 1155.915
data/frame-000478.color.jpg 0.354661 0.589627 0.636094 -0.349199 0.067050 1.360922 0.584681 1155.915
data/frame-000479.color.jpg 0.364857 0.593774 0.637918 -0.327676 0.031378 1.352156 0.608292 1155.915
data/frame-000480.color.jpg 0.365663 0.608039 0.632593 -0.310491 0.022978 1.326176 0.642692 1155.915
data/frame-000481.color.jpg 0.373130 0.626228 0.617188 -0.296127 0.017115 1.322123 0.654673 1155.915
data/frame-000482.color.jpg 0.390169 0.646380 0.588871 -0.288432 0.013314 1.340368 0.631916 1155.915
data/frame-000483.color.jpg 0.400562 0.648165 0.579851 -0.288451 0.000710 1.348956 0.607450 1155.915
data/frame-000484.color.jpg 0.399105 0.650044 0.578208 -0.289541 0.002794 1.349221 0.605000 1155.915
data/frame-000485.color.jpg 0.392124 0.646262 0.582529 -0.298737 0.013482 1.344643 0.601123 1155.915
data/frame-000486.color.jpg 0.384247 0.649190 0.582461 -0.302733 0.017649 1.335369 0.610260 1155.915
data/frame-000487.color.jpg 0.384248 0.643971 0.586859 -0.305372 -0.002304 1.329416 0.604886 1155.915
data/frame-000488.color.jpg 0.374057 0.639870 0.596666 -0.307634 -0.013985 1.314344 0.621218 1155.915
data/frame-000489.color.jpg 0.363144 0.633124 0.606735 -0.314885 -0.028813 1.290151 0.632382 1155.915
data/frame-000490.color.jpg 0.366479 0.629805 0.607091 -0.316985 -0.054529 1.296610 0.623648 1155.915
data/frame-000491.color.jpg 0.368166 0.633988 0.601545 -0.317264 -0.061818 1.297097 0.615682 1155.915
data/frame-000492.color.jpg 0.371791 0.643415 0.593466 -0.309172 -0.076279 1.289727 0.614433 1155.915
data/frame-000493.color.jpg 0.372905 0.652602 0.584030 -0.306531 -0.074970 1.294271 0.610131 1155.915
data/frame-000494.color.jpg 0.375886 0.660613 0.577394 -0.298187 -0.087451 1.292953 0.611028 1155.915
data/frame-000495.color.jpg 0.384447 0.675928 0.553945 -0.297434 -0.069974 1.316272 0.583107 1155.915
data/frame-000496.color.jpg 0.391341 0.685725 0.539564 -0.292411 -0.067681 1.325123 0.572433 1155.915
data/frame-000497.color.jpg 0.397074 0.691913 0.531707 -0.284387 -0.072992 1.327815 0.571290 1155.915
data/frame-000498.color.jpg 0.402853 0.697098 0.525314 -0.275335 -0.088305 1.330841 0.571896 1155.915
data/frame-000499.color.jpg 0.408691 0.700447 0.517856 -0.272343 -0.090407 1.337965 0.562204 1155.915
data/frame-000500.color.jpg 0.414995 0.708556 0.503021 -0.269625 -0.076453 1.347338 0.550491 1155.915
data/frame-000501.color.jpg 0.421288 0.718682 0.487860 -0.260779 -0.073861 1.354611 0.546128 1155.915
data/frame-000502.color.jpg 0.427637 0.721896 0.478709 -0.258515 -0.075833 1.362183 0.534982 1155.915
data/frame-000503.color.jpg 0.437612 0.724845 0.468131 -0.252882 -0.085128 1.374361 0.518969 1155.915
data/frame-000504.color.jpg 0.446058 0.726814 0.459780 -0.247742 -0.095789 1.380397 0.504639 1155.915
data/frame-000505.color.jpg 0.452900 0.729415 0.449950 -0.245724 -0.094004 1.390070 0.488114 1155.915
data/frame-000506.color.jpg 0.455017 0.731986 0.445305 -0.242611 -0.091619 1.391597 0.485266 1155.915
data/frame-000507.color.jpg 0.456677 0.734868 0.440718 -0.239129 -0.085446 1.395453 0.483357 1155.915
data/frame-000508.color.jpg 0.460625 0.739224 0.433077 -0.231984 -0.079380 1.397845 0.479563 1155.915
data/frame-000509.color.jpg 0.462141 0.744003 0.426123 -0.226504 -0.073581 1.401117 0.479149 1155.915
data/frame-000510.color.jpg 0.466757 0.749357 0.414867 -0.220198 -0.058247 1.411301 0.472211 1155.915
data/frame-000511.color.jpg 0.468761 0.756442 0.401247 -0.216935 -0.032627 1.417470 0.467290 1155.915
data/frame-000512.color.jpg 0.471991 0.762344 0.384540 -0.219511 0.010479 1.428673 0.455831 1155.915
data/frame-000513.color.jpg 0.479774 0.774722 0.358878 -0.202061 0.026323 1.437906 0.445149 1155.915
data/frame-000514.color.jpg 0.485554 0.780804 0.343046 -0.192100 0.043310 1.445920 0.433820 1155.915
data/frame-000515.color.jpg 0.488059 0.783617 0.334834 -0.188757 0.053888 1.451345 0.423437 1155.915
data/frame-000516.color.jpg 0.494026 0.786732 0.322086 -0.182348 0.078002 1.465930 0.407463 1155.915
data/frame-000517.color.jpg 0.499542 0.787640 0.313441 -0.178427 0.090012 1.470397 0.390943 1155.915
data/frame-000518.color.jpg 0.501606 0.792467 0.301995 -0.170840 0.105560 1.471498 0.391759 1155.915
data/frame-000519.color.jpg 0.500631 0.800376 0.288147 -0.160431 0.126133 1.471760 0.407072 1155.915
data/frame-000520.color.jpg 0.505267 0.806284 0.268805 -0.149519 0.151605 1.470246 0.411230 1155.915
data/frame-000521.color.jpg 0.507490 0.811473 0.253644 -0.140106 0.172169 1.462524 0.420804 1155.915
data/frame-000522.color.jpg 0.508215 0.816826 0.239509 -0.130948 0.191621 1.454830 0.436326 1155.915
data/frame-000523.color.jpg 0.508984 0.818617 0.233931 -0.126803 0.201252 1.448456 0.443988 1155.915
data/frame-000524.color.jpg 0.512270 0.819358 0.227200 -0.120881 0.204258 1.451355 0.445473 1155.915
data/frame-000525.color.jpg 0.511142 0.823731 0.223152 -0.101998 0.179043 1.442494 0.469926 1155.915
data/frame-000526.color.jpg 0.512292 0.824083 0.219430 -0.101457 0.176145 1.438045 0.466516 1155.915
data/frame-000527.color.jpg 0.510912 0.828418 0.211831 -0.088428 0.139412 1.426022 0.483025 1155.915
data/frame-000528.color.jpg 0.509920 0.833007 0.198029 -0.082857 0.136313 1.421612 0.494954 1155.915
data/frame-000529.color.jpg 0.513659 0.832510 0.190199 -0.083102 0.134183 1.421464 0.486449 1155.915
data/frame-000530.color.jpg 0.512420 0.834398 0.186972 -0.079037 0.129616 1.423308 0.495891 1155.915
data/frame-000531.color.jpg 0.510804 0.836813 0.182023 -0.075437 0.115821 1.418226 0.502131 1155.915
data/frame-000532.color.jpg 0.511849 0.837392 0.177402 -0.072887 0.112784 1.416049 0.501474 1155.915
data/frame-000533.color.jpg 0.510078 0.840051 0.170093 -0.072130 0.107412 1.410807 0.506581 1155.915
data/frame-000534.color.jpg 0.513137 0.839830 0.163002 -0.069318 0.105475 1.416974 0.501170 1155.915
data/frame-000535.color.jpg 0.514578 0.841310 0.152690 -0.063975 0.104778 1.414230 0.504682 1155.915
data/frame-000536.color.jpg 0.509751 0.846642 0.141967 -0.056543 0.098921 1.404482 0.528059 1155.915
data/frame-000537.color.jpg 0.509992 0.847025 0.137760 -0.058985 0.105111 1.400174 0.530685 1155.915
data/frame-000538.color.jpg 0.507270 0.848591 0.137692 -0.060100 0.107268 1.395310 0.542482 1155.915
data/frame-000539.color.jpg 0.505382 0.850006 0.136510 -0.058678 0.105415 1.389224 0.553675 1155.915
data/frame-000540.color.jpg 0.500931 0.852550 0.137289 -0.058116 0.097969 1.384231 0.573899 1155.915
data/frame-000541.color.jpg 0.498858 0.855260 0.130339 -0.051791 0.085054 1.367665 0.587247 1155.915
data/frame-000542.color.jpg 0.499515 0.856004 0.124163 -0.048219 0.079411 1.359769 0.593758 1155.915
data/frame-000543.color.jpg 0.498266 0.858147 0.113126 -0.050171 0.082330 1.351044 0.608098 1155.915
data/frame-000544.color.jpg 0.497979 0.858849 0.110800 -0.046037 0.061281 1.345126 0.614119 1155.915
data/frame-000545.color.jpg 0.496325 0.860878 0.101105 -0.048252 0.068065 1.337479 0.619024 1155.915
data/frame-000546.color.jpg 0.491789 0.864173 0.097105 -0.043796 0.056975 1.325456 0.633896 1155.915
data/frame-000547.color.jpg 0.488035 0.866386 0.097183 -0.041861 0.043164 1.310638 0.643336 1155.915
data/frame-000548.color.jpg 0.477769 0.873624 0.086418 -0.032420 0.024956 1.293247 0.665983 1155.915
data/frame-000549.color.jpg 0.468990 0.880714 0.062424 -0.022228 0.023285 1.283508 0.682395 1155.915
data/frame-000550.color.jpg 0.473112 0.879726 0.047014 -0.006132 0.008614 1.282421 0.666253 1155.915
data/frame-000551.color.jpg 0.460130 0.887436 0.025915 0.008139 -0.001277 1.258673 0.690162 1155.915
data/frame-000552.color.jpg 0.460695 0.887281 0.021163 0.006626 -0.000226 1.261313 0.689206 1155.915
data/frame-000553.color.jpg 0.458497 0.888432 0.021320 0.003901 0.000626 1.251365 0.694430 1155.915
data/frame-000554.color.jpg 0.446576 0.894415 0.022026 0.010322 -0.024339 1.221635 0.723694 1155.915
data/frame-000555.color.jpg 0.437615 0.898889 0.019594 0.010401 -0.028402 1.201294 0.745808 1155.915
data/frame-000556.color.jpg 0.428117 0.903483 0.017153 0.011854 -0.036989 1.179070 0.766539 1155.915
data/frame-000557.color.jpg 0.413389 0.910247 0.017738 0.015673 -0.053846 1.145158 0.800676 1155.915
data/frame-000558.color.jpg 0.403502 0.914634 0.019517 0.015816 -0.060016 1.124618 0.824811 1155.915
data/frame-000559.color.jpg 0.400321 0.916080 0.018121 0.014556 -0.055108 1.113631 0.833153 1155.915
data/frame-000560.color.jpg 0.384792 0.922664 0.021098 0.013489 -0.062394 1.077108 0.866911 1155.915
data/frame-000561.color.jpg 0.374122 0.926989 0.023480 0.013139 -0.061384 1.058996 0.891215 1155.915
data/frame-000562.color.jpg 0.359004 0.932788 0.028482 0.014570 -0.073087 1.026292 0.921780 1155.915
data/frame-000563.color.jpg 0.355544 0.934049 0.029500 0.016427 -0.079289 1.013122 0.928964 1155.915
data/frame-000564.color.jpg 0.351488 0.935643 0.026650 0.017827 -0.086528 1.005961 0.937784 1155.915
data/frame-000565.color.jpg 0.349625 0.936502 0.019478 0.018655 -0.089573 1.001319 0.941891 1155.915
data/frame-000566.color.jpg 0.362776 0.931623 0.007556 0.020366 -0.098124 1.034663 0.917207 1155.915
data/frame-000567.color.jpg 0.403154 0.914867 -0.012356 0.018237 -0.086818 1.131763 0.837643 1155.915
data/frame-000568.color.jpg 0.426076 0.903768 -0.026516 0.030978 -0.108453 1.184253 0.782588 1155.915
data/frame-000569.color.jpg 0.440974 0.895677 -0.039395 0.041870 -0.121855 1.230725 0.743582 1155.915
data/frame-000570.color.jpg 0.458213 0.885556 -0.056662 0.051199 -0.129841 1.268954 0.696369 1155.915
data/frame-000571.color.jpg 0.461435 0.881322 -0.074112 0.069687 -0.147139 1.283626 0.678331 1155.915
data/frame-000572.color.jpg 0.467056 0.875616 -0.093104 0.080546 -0.140011 1.302216 0.657175 1155.915
data/frame-000573.color.jpg 0.471478 0.871167 -0.103963 0.089269 -0.145554 1.314488 0.638313 1155.915
data/frame-000574.color.jpg 0.481657 0.862892 -0.115210 0.100752 -0.154451 1.337462 0.600473 1155.915
data/frame-000575.color.jpg 0.494512 0.853885 -0.121269 0.107854 -0.156848 1.370361 0.555885 1155.915
data/frame-000576.color.jpg 0.506709 0.842094 -0.130502 0.130742 -0.184058 1.393658 0.498048 1155.915
data/frame-000577.color.jpg 0.507955 0.840097 -0.132145 0.136955 -0.201156 1.403824 0.486017 1155.915
data/frame-000578.color.jpg 0.511876 0.833580 -0.143594 0.150029 -0.209982 1.418279 0.456062 1155.915
data/frame-000579.color.jpg 0.514897 0.828132 -0.152252 0.160927 -0.215028 1.426917 0.433061 1155.915
data/frame-000580.color.jpg 0.519772 0.821793 -0.162459 0.167631 -0.212303 1.438015 0.409309 1155.915
data/frame-000581.color.jpg 0.521934 0.817368 -0.170427 0.174498 -0.215936 1.443993 0.395292 1155.915
data/frame-000582.color.jpg 0.524549 0.812817 -0.177098 0.181143 -0.222043 1.451520 0.376861 1155.915
data/frame-000583.color.jpg 0.529330 0.808795 -0.180621 0.181762 -0.220813 1.460192 0.361247 1155.915
data/frame-000584.color.jpg 0.530616 0.806386 -0.181674 0.187569 -0.231059 1.456829 0.347540 1155.915
data/frame-000585.color.jpg 0.530856 0.804902 -0.182103 0.192776 -0.242234 1.460991 0.339114 1155.915
data/frame-000586.color.jpg 0.532556 0.802301 -0.184760 0.196367 -0.251836 1.461186 0.325541 1155.915
data/frame-000587.color.jpg 0.526717 0.801907 -0.195618 0.203097 -0.255681 1.464159 0.328917 1155.915
data/frame-000588.color.jpg 0.524395 0.800309 -0.201756 0.209309 -0.258525 1.462623 0.326210 1155.915
data/frame-000589.color.jpg 0.524804 0.799689 -0.203422 0.209039 -0.257041 1.462759 0.324988 1155.915
data/frame-000600.color.jpg -0.029168 -0.116120 0.870139 -0.478041 0.320757 1.108064 0.809876 1155.915
data/frame-000601.color.jpg -0.028699 -0.116714 0.870626 -0.477037 0.317966 1.108110 0.810975 1155.915
data/frame-000602.color.jpg -0.028123 -0.116174 0.870414 -0.477589 0.318767 1.106374 0.809661 1155.915
data/frame-000603.color.jpg -0.027370 -0.115564 0.870469 -0.477682 0.319903 1.108921 0.812328 1155.915
data/frame-000604.color.jpg -0.026983 -0.116428 0.870671 -0.477124 0.317955 1.108734 0.813905 1155.915
data/frame-000605.color.jpg -0.029601 -0.120598 0.869418 -0.478217 0.307652 1.111249 0.805798 1155.915
data/frame-000606.color.jpg -0.027573 -0.119583 0.869809 -0.477883 0.310439 1.113346 0.809872 1155.915
data/frame-000607.color.jpg -0.028175 -0.121926 0.868339 -0.479925 0.306897 1.114743 0.805124 1155.915
data/frame-000608.color.jpg -0.027534 -0.119379 0.869354 -0.478763 0.311177 1.116300 0.810405 1155.915
data/frame-000609.color.jpg -0.026296 -0.117907 0.867354 -0.482807 0.315112 1.113941 0.802080 1155.915
data/frame-000610.color.jpg -0.027090 -0.119006 0.868997 -0.479529 0.315334 1.118356 0.807807 1155.915
data/frame-000611.color.jpg -0.028398 -0.119663 0.868736 -0.479762 0.314477 1.118086 0.807549 1155.915
data/frame-000612.color.jpg -0.028864 -0.124868 0.869067 -0.477804 0.311839 1.113830 0.812001 1155.915
data/frame-000613.color.jpg -0.028320 -0.124122 0.869366 -0.477489 0.313589 1.112750 0.813994 1155.915
data/frame-000614.color.jpg -0.027921 -0.125347 0.869833 -0.476340 0.314207 1.113445 0.816013 1155.915
data/frame-000615.color.jpg -0.028363 -0.125493 0.869533 -0.476821 0.313964 1.111541 0.815229 1155.915
data/frame-000616.color.jpg -0.029007 -0.122977 0.869265 -0.477927 0.315740 1.111666 0.812148 1155.915
data/frame-000617.color.jpg -0.030648 -0.123137 0.868639 -0.478919 0.315405 1.108702 0.808149 1155.915
data/frame-000618.color.jpg -0.029913 -0.123033 0.868899 -0.478522 0.317808 1.109466 0.809194 1155.915
data/frame-000619.color.jpg -0.027600 -0.122081 0.869381 -0.478029 0.319860 1.111290 0.811784 1155.915
data/frame-000620.color.jpg -0.029248 -0.123726 0.869246 -0.477752 0.317907 1.109878 0.811905 1155.915
data/frame-000621.color.jpg -0.028857 -0.124503 0.869834 -0.476503 0.316233 1.111226 0.814485 1155.915
data/frame-000622.color.jpg -0.028601 -0.124737 0.869863 -0.476404 0.310801 1.124530 0.818610 1155.915
data/frame-000623.color.jpg -0.026231 -0.119472 0.866113 -0.484651 0.309903 1.141611 0.803478 1155.915
data/frame-000624.color.jpg -0.024383 -0.117547 0.865273 -0.486714 0.309251 1.148887 0.801733 1155.915
data/frame-000625.color.jpg -0.023534 -0.114120 0.861187 -0.494753 0.302281 1.162071 0.784071 1155.915
data/frame-000626.color.jpg -0.023965 -0.114171 0.860460 -0.495984 0.298277 1.175115 0.783843 1155.915
data/frame-000627.color.jpg -0.021697 -0.112533 0.857026 -0.502366 0.288620 1.180289 0.770845 1155.915
data/frame-000628.color.jpg -0.019776 -0.110201 0.854451 -0.507324 0.284470 1.189273 0.760183 1155.915
data/frame-000629.color.jpg -0.015090 -0.106179 0.849564 -0.516467 0.272390 1.212901 0.744011 1155.915
data/frame-000630.color.jpg -0.014329 -0.105702 0.848678 -0.518043 0.269863 1.213826 0.741712 1155.915
data/frame-000631.color.jpg -0.012230 -0.101774 0.842413 -0.528992 0.261759 1.245381 0.721995 1155.915
data/frame-000632.color.jpg -0.009345 -0.094591 0.834869 -0.542180 0.263198 1.264808 0.691696 1155.915
data/frame-000633.color.jpg -0.009492 -0.093519 0.831548 -0.547441 0.258542 1.281967 0.679937 1155.915
data/frame-000634.color.jpg -0.009561 -0.092929 0.827201 -0.554086 0.255923 1.296226 0.663093 1155.915
data/frame-000635.color.jpg -0.010852 -0.086826 0.822170 -0.562476 0.265259 1.309125 0.642402 1155.915
data/frame-000636.color.jpg -0.012726 -0.082990 0.819286 -0.567205 0.271987 1.318284 0.631272 1155.915
data/frame-000637.color.jpg -0.010112 -0.081340 0.816283 -0.571807 0.265300 1.331061 0.620282 1155.915
data/frame-000638.color.jpg -0.009860 -0.078969 0.813712 -0.575795 0.262893 1.338583 0.610670 1155.915
data/frame-000639.color.jpg -0.008203 -0.075737 0.808764 -0.583179 0.262857 1.354443 0.595275 1155.915
data/frame-000640.color.jpg -0.016436 -0.072946 0.803200 -0.590998 0.278029 1.371876 0.569093 1155.915
data/frame-000641.color.jpg -0.023266 -0.071768 0.795437 -0.601322 0.291303 1.389358 0.535660 1155.915
data/frame-000642.color.jpg -0.024012 -0.071307 0.793795 -0.603514 0.293995 1.404492 0.529266 1155.915
data/frame-000643.color.jpg -0.025402 -0.067920 0.794019 -0.603552 0.302100 1.408724 0.531347 1155.915
data/frame-000644.color.jpg -0.025643 -0.069495 0.794061 -0.603307 0.297657 1.412261 0.528578 1155.915
data/frame-000645.color.jpg -0.026439 -0.070752 0.789290 -0.609357 0.296254 1.423204 0.507866 1155.915
data/frame-000646.color.jpg -0.029876 -0.069502 0.784824 -0.615084 0.306509 1.432618 0.488453 1155.915
data/frame-000647.color.jpg -0.031466 -0.070992 0.780960 -0.619735 0.308455 1.444860 0.472365 1155.915
data/frame-000648.color.jpg -0.032642 -0.074782 0.775915 -0.625538 0.300733 1.459566 0.452137 1155.915
data/frame-000649.color.jpg -0.035119 -0.076760 0.771772 -0.630271 0.296968 1.476948 0.435270 1155.915
data/frame-000650.color.jpg -0.031113 -0.076850 0.778350 -0.622332 0.291234 1.482105 0.467684 1155.915
data/frame-000651.color.jpg -0.031676 -0.076901 0.777845 -0.622928 0.292052 1.485084 0.465785 1155.915
data/frame-000652.color.jpg -0.039321 -0.079870 0.773909 -0.627009 0.298553 1.502399 0.448684 1155.915
data/frame-000653.color.jpg -0.041880 -0.079403 0.774345 -0.626363 0.302334 1.503988 0.450877 1155.915
data/frame-000654.color.jpg -0.040418 -0.078416 0.772940 -0.628317 0.300957 1.511386 0.447657 1155.915
data/frame-000655.color.jpg -0.045429 -0.078408 0.766547 -0.635763 0.309433 1.524464 0.423601 1155.915
data/frame-000656.color.jpg -0.047078 -0.077639 0.765730 -0.636721 0.313140 1.532099 0.423048 1155.915
data/frame-000657.color.jpg -0.047310 -0.076439 0.764707 -0.638077 0.312686 1.537382 0.421712 1155.915
data/frame-000658.color.jpg -0.049036 -0.074674 0.761401 -0.642096 0.317262 1.542489 0.407372 1155.915
data/frame-000659.color.jpg -0.050039 -0.072047 0.755666 -0.649056 0.319820 1.559663 0.386985 1155.915
data/frame-000660.color.jpg -0.048510 -0.069705 0.755618 -0.649484 0.314004 1.563192 0.386333 1155.915
data/frame-000661.color.jpg -0.043905 -0.065675 0.755113 -0.650817 0.310111 1.563027 0.384465 1155.915
data/frame-000662.color.jpg -0.041661 -0.064585 0.754091 -0.652257 0.303626 1.570905 0.381147 1155.915
data/frame-000663.color.jpg -0.046797 -0.062661 0.747180 -0.660004 0.314028 1.572658 0.349113 1155.915
data/frame-000664.color.jpg -0.047734 -0.063365 0.745719 -0.661521 0.313878 1.582650 0.345561 1155.915
data/frame-000665.color.jpg -0.048343 -0.063064 0.740697 -0.667123 0.319930 1.581008 0.322105 1155.915
data/frame-000666.color.jpg -0.045325 -0.065158 0.742428 -0.665207 0.308860 1.591400 0.332964 1155.915
data/frame-000667.color.jpg -0.048081 -0.065352 0.737620 -0.670324 0.309580 1.589382 0.308505 1155.915
data/frame-000668.color.jpg -0.047305 -0.064767 0.737592 -0.670467 0.312307 1.593850 0.308662 1155.915
data/frame-000669.color.jpg -0.045001 -0.067164 0.726907 -0.681960 0.296387 1.615746 0.261080 1155.915
data/frame-000670.color.jpg -0.040781 -0.068302 0.727728 -0.681237 0.281271 1.616655 0.264130 1155.915
data/frame-000671.color.jpg -0.041891 -0.068452 0.727231 -0.681685 0.281835 1.617064 0.261716 1155.915
data/frame-000672.color.jpg -0.041578 -0.066717 0.727165 -0.681947 0.284884 1.615299 0.258459 1155.915
data/frame-000673.color.jpg -0.041148 -0.065539 0.727879 -0.681325 0.280564 1.615993 0.261275 1155.915
data/frame-000674.color.jpg -0.037260 -0.062021 0.729078 -0.680596 0.277953 1.615123 0.266897 1155.915
data/frame-000675.color.jpg -0.035926 -0.059014 0.729690 -0.680279 0.273969 1.614069 0.267386 1155.915
data/frame-000676.color.jpg -0.036187 -0.057367 0.729792 -0.680297 0.275780 1.613126 0.266646 1155.915
data/frame-000677.color.jpg -0.038841 -0.052219 0.730917 -0.679356 0.290111 1.610696 0.270177 1155.915
data/frame-000678.color.jpg -0.035318 -0.045830 0.733445 -0.677282 0.294895 1.607999 0.279190 1155.915
data/frame-000679.color.jpg -0.037176 -0.045033 0.733059 -0.677653 0.298554 1.603705 0.275298 1155.915
data/frame-000680.color.jpg -0.031998 -0.041902 0.734338 -0.676734 0.285697 1.608164 0.284777 1155.915
data/frame-000681.color.jpg -0.031479 -0.034559 0.733666 -0.677900 0.297403 1.600993 0.286474 1155.915
data/frame-000682.color.jpg -0.031542 -0.036107 0.733793 -0.677680 0.295427 1.605524 0.290603 1155.915
data/frame-000683.color.jpg -0.036423 -0.049467 0.733842 -0.676537 0.292452 1.630235 0.299081 1155.915
data/frame-000684.color.jpg -0.037210 -0.048812 0.732166 -0.678355 0.296193 1.629570 0.292510 1155.915
data/frame-000685.color.jpg -0.033933 -0.041469 0.738747 -0.671850 0.302400 1.628324 0.326484 1155.915
data/frame-000686.color.jpg -0.020846 -0.032568 0.750620 -0.659602 0.287926 1.602374 0.381069 1155.915
data/frame-000687.color.jpg -0.011505 -0.022079 0.758340 -0.651384 0.278941 1.596213 0.421817 1155.915
data/frame-000688.color.jpg 0.001175 -0.012223 0.766562 -0.642053 0.254162 1.578249 0.460019 1155.915
data/frame-000689.color.jpg 0.011160 -0.002772 0.768980 -0.639170 0.238993 1.564057 0.471337 1155.915
data/frame-000690.color.jpg 0.016696 0.004938 0.777208 -0.629003 0.213351 1.551716 0.504117 1155.915
data/frame-000691.color.jpg 0.020882 0.010427 0.777215 -0.628802 0.202359 1.547755 0.498408 1155.915
data/frame-000692.color.jpg 0.024633 0.011621 0.774751 -0.631679 0.181652 1.552400 0.480234 1155.915
data/frame-000693.color.jpg 0.027965 0.013246 0.775883 -0.630117 0.165513 1.541638 0.476073 1155.915
data/frame-000694.color.jpg 0.030035 0.019150 0.779895 -0.624895 0.162375 1.528356 0.484397 1155.915
data/frame-000695.color.jpg 0.036859 0.025870 0.784478 -0.618519 0.155538 1.516324 0.496182 1155.915
data/frame-000696.color.jpg 0.034098 0.030356 0.782256 -0.621281 0.167549 1.511932 0.469914 1155.915
data/frame-000697.color.jpg 0.047659 0.052378 0.788714 -0.610668 0.175771 1.501773 0.484909 1155.915
data/frame-000698.color.jpg 0.060730 0.064154 0.787388 -0.610095 0.179653 1.502394 0.465427 1155.915
data/frame-000699.color.jpg 0.073323 0.072992 0.793833 -0.599270 0.182771 1.489012 0.482815 1155.915
data/frame-000700.color.jpg 0.079092 0.077172 0.799049 -0.591024 0.180405 1.483217 0.500222 1155.915
data/frame-000701.color.jpg 0.095412 0.093035 0.800022 -0.584984 0.179731 1.482069 0.503923 1155.915
data/frame-000702.color.jpg 0.115025 0.118334 0.799905 -0.576990 0.173928 1.474446 0.511895 1155.915
data/frame-000703.color.jpg 0.126372 0.139900 0.801902 -0.566931 0.179129 1.463209 0.526154 1155.915
data/frame-000704.color.jpg 0.140752 0.155350 0.802308 -0.558889 0.177907 1.457650 0.529724 1155.915
data/frame-000705.color.jpg 0.147959 0.170967 0.801586 -0.553478 0.182890 1.452139 0.529338 1155.915
data/frame-000706.color.jpg 0.154807 0.183799 0.802333 -0.546365 0.189316 1.435292 0.532025 1155.915
data/frame-000707.color.jpg 0.152784 0.193339 0.806678 -0.537166 0.208128 1.408170 0.542510 1155.915
data/frame-000708.color.jpg 0.153843 0.192538 0.811579 -0.529718 0.178958 1.381857 0.540430 1155.915
data/frame-000709.color.jpg 0.147270 0.179601 0.818179 -0.525963 0.142176 1.355998 0.540974 1155.915
data/frame-000710.color.jpg 0.137984 0.173542 0.831391 -0.509541 0.116240 1.329884 0.585216 1155.915
data/frame-000711.color.jpg 0.137434 0.165861 0.837827 -0.501646 0.075440 1.304421 0.598821 1155.915
data/frame-000712.color.jpg 0.136558 0.162987 0.844252 -0.491961 0.041757 1.283998 0.614487 1155.915
data/frame-000713.color.jpg 0.133200 0.158617 0.848539 -0.486908 0.028475 1.272246 0.625676 1155.915
data/frame-000714.color.jpg 0.127570 0.151849 0.853664 -0.481587 0.014416 1.249304 0.641995 1155.915
data/frame-000715.color.jpg 0.129160 0.145076 0.857092 -0.477141 -0.018472 1.237386 0.654396 1155.915
data/frame-000716.color.jpg 0.125854 0.145227 0.857806 -0.476695 -0.032863 1.223472 0.656260 1155.915
data/frame-000717.color.jpg 0.120086 0.145197 0.861516 -0.471474 -0.037030 1.206928 0.667158 1155.915
data/frame-000718.color.jpg 0.122559 0.146704 0.864050 -0.465699 -0.047686 1.192145 0.671101 1155.915
data/frame-000719.color.jpg 0.121616 0.149385 0.864437 -0.464373 -0.046695 1.194810 0.669875 1155.915
data/frame-000720.color.jpg 0.150638 0.175552 0.855307 -0.463615 -0.059444 1.213801 0.639166 1155.915
data/frame-000721.color.jpg 0.162893 0.205913 0.852272 -0.452436 -0.067503 1.216704 0.637010 1155.915
data/frame-000722.color.jpg 0.167642 0.236582 0.845674 -0.448064 -0.048690 1.231427 0.625564 1155.915
data/frame-000723.color.jpg 0.214370 0.349290 0.810495 -0.418496 0.035900 1.255975 0.603742 1155.915
data/frame-000724.color.jpg 0.239768 0.398040 0.783435 -0.412679 0.079813 1.267535 0.593181 1155.915
data/frame-000725.color.jpg 0.246223 0.411544 0.776606 -0.408521 0.096294 1.273829 0.601483 1155.915
data/frame-000726.color.jpg 0.258568 0.419948 0.767347 -0.409835 0.107699 1.282872 0.590310 1155.915
data/frame-000727.color.jpg 0.268706 0.441100 0.749590 -0.413935 0.131695 1.302914 0.574526 1155.915
data/frame-000728.color.jpg 0.274982 0.450122 0.740920 -0.415707 0.144134 1.324061 0.565349 1155.915
data/frame-000729.color.jpg 0.283257 0.459109 0.731567 -0.416887 0.150869 1.337829 0.554179 1155.915
data/frame-000730.color.jpg 0.299086 0.465190 0.713374 -0.430399 0.157238 1.382694 0.504265 1155.915
data/frame-000731.color.jpg 0.304960 0.467031 0.701013 -0.444367 0.171964 1.408682 0.463150 1155.915
data/frame-000732.color.jpg 0.311217 0.470862 0.687845 -0.456402 0.187544 1.421803 0.425453 1155.915
data/frame-000733.color.jpg 0.318970 0.479820 0.678062 -0.456359 0.188781 1.425358 0.412495 1155.915
data/frame-000734.color.jpg 0.323803 0.487943 0.668800 -0.458006 0.195223 1.435962 0.399873 1155.915
data/frame-000735.color.jpg 0.330604 0.498037 0.661092 -0.453451 0.187393 1.432488 0.399348 1155.915
data/frame-000736.color.jpg 0.348483 0.510113 0.660972 -0.425982 0.123651 1.416984 0.436417 1155.915
data/frame-000737.color.jpg 0.350574 0.528097 0.656895 -0.408289 0.087852 1.406216 0.472651 1155.915
data/frame-000738.color.jpg 0.359164 0.532079 0.651227 -0.404718 0.045864 1.406978 0.461642 1155.915
data/frame-000739.color.jpg 0.362657 0.541435 0.644837 -0.399392 0.022187 1.405355 0.464399 1155.915
data/frame-000740.color.jpg 0.363636 0.557237 0.637436 -0.388499 -0.008287 1.402580 0.486778 1155.915
data/frame-000741.color.jpg 0.365152 0.561129 0.633914 -0.387235 -0.032987 1.387752 0.492027 1155.915
data/frame-000742.color.jpg 0.367216 0.566159 0.630896 -0.382867 -0.058715 1.377295 0.507592 1155.915
data/frame-000743.color.jpg 0.373151 0.573197 0.627212 -0.372570 -0.081672 1.361620 0.524700 1155.915
data/frame-000744.color.jpg 0.389823 0.600193 0.600345 -0.356921 -0.075966 1.368161 0.529037 1155.915
data/frame-000745.color.jpg 0.397577 0.621584 0.579502 -0.346040 -0.052811 1.378687 0.534820 1155.915
data/frame-000746.color.jpg 0.404056 0.640707 0.563049 -0.330467 -0.042923 1.371782 0.545938 1155.915
data/frame-000747.color.jpg 0.409417 0.655555 0.551310 -0.314137 -0.050350 1.365813 0.556087 1155.915
data/frame-000748.color.jpg 0.413255 0.669113 0.538645 -0.302275 -0.049182 1.360781 0.560618 1155.915
data/frame-000749.color.jpg 0.402403 0.685096 0.539326 -0.279003 -0.054197 1.323902 0.617379 1155.915
data/frame-000750.color.jpg 0.399197 0.698492 0.531064 -0.265934 -0.053027 1.311290 0.638843 1155.915
data/frame-000751.color.jpg 0.401584 0.713179 0.515747 -0.253200 -0.046588 1.301516 0.646371 1155.915
data/frame-000752.color.jpg 0.407630 0.727531 0.499623 -0.234337 -0.059832 1.293567 0.654494 1155.915
data/frame-000753.color.jpg 0.405451 0.738991 0.491302 -0.219371 -0.063865 1.273261 0.675780 1155.915
data/frame-000754.color.jpg 0.405502 0.748625 0.480644 -0.210026 -0.055478 1.262208 0.687207 1155.915
data/frame-000755.color.jpg 0.402628 0.759593 0.470038 -0.199932 -0.044425 1.243315 0.706086 1155.915
data/frame-000756.color.jpg 0.398603 0.770777 0.457616 -0.193925 -0.024433 1.229274 0.725353 1155.915
data/frame-000757.color.jpg 0.395166 0.779154 0.449552 -0.186184 -0.014772 1.211559 0.744903 1155.915
data/frame-000758.color.jpg 0.386761 0.787270 0.444854 -0.180907 0.002875 1.187392 0.771459 1155.915
data/frame-000759.color.jpg 0.381800 0.794676 0.439231 -0.172613 0.011102 1.162620 0.795604 1155.915
data/frame-000760.color.jpg 0.380481 0.799293 0.434521 -0.165999 0.016069 1.150664 0.803795 1155.915
data/frame-000761.color.jpg 0.376916 0.795205 0.446013 -0.163266 -0.012560 1.135897 0.800888 1155.915
data/frame-000762.color.jpg 0.372654 0.796149 0.447963 -0.163108 -0.018086 1.127840 0.802811 1155.915
data/frame-000763.color.jpg 0.359377 0.802788 0.445735 -0.166431 0.006422 1.108686 0.827597 1155.915
data/frame-000764.color.jpg 0.367053 0.806355 0.435089 -0.160505 0.002264 1.115966 0.821605 1155.915
data/frame-000765.color.jpg 0.388692 0.810283 0.415211 -0.141278 -0.029287 1.150378 0.795607 1155.915
data/frame-000766.color.jpg 0.398512 0.828681 0.372575 -0.125156 0.005529 1.175800 0.790155 1155.915
data/frame-000767.color.jpg 0.418472 0.840077 0.325543 -0.114780 0.052079 1.213433 0.764041 1155.915
data/frame-000768.color.jpg 0.430786 0.842609 0.304500 -0.108225 0.062722 1.239298 0.747914 1155.915
data/frame-000769.color.jpg 0.444126 0.845922 0.278260 -0.098685 0.075571 1.259770 0.726764 1155.915
data/frame-000770.color.jpg 0.454391 0.846298 0.262267 -0.092329 0.086917 1.276001 0.707629 1155.915
data/frame-000771.color.jpg 0.468119 0.843856 0.247702 -0.086106 0.087107 1.299568 0.676763 1155.915
data/frame-000772.color.jpg 0.477308 0.846277 0.224995 -0.073275 0.089505 1.313670 0.657803 1155.915
data/frame-000773.color.jpg 0.484492 0.844696 0.215499 -0.072905 0.095528 1.335168 0.636244 1155.915
data/frame-000774.color.jpg 0.504130 0.834812 0.205470 -0.082001 0.116663 1.377760 0.572450 1155.915
data/frame-000775.color.jpg 0.510707 0.830614 0.205898 -0.082848 0.113992 1.398996 0.557726 1155.915
data/frame-000776.color.jpg 0.519034 0.824625 0.204988 -0.092614 0.130939 1.417377 0.531484 1155.915
data/frame-000777.color.jpg 0.529725 0.818602 0.201590 -0.092970 0.128093 1.437015 0.505672 1155.915
data/frame-000778.color.jpg 0.537240 0.816025 0.192651 -0.091445 0.131330 1.448431 0.489538 1155.915
data/frame-000779.color.jpg 0.540203 0.817158 0.182226 -0.085009 0.126122 1.451056 0.493169 1155.915
data/frame-000780.color.jpg 0.543982 0.817239 0.173003 -0.079208 0.111322 1.444307 0.487730 1155.915
data/frame-000781.color.jpg 0.545730 0.819828 0.158076 -0.071226 0.110186 1.443227 0.493825 1155.915
data/frame-000782.color.jpg 0.542811 0.827771 0.129750 -0.057581 0.106800 1.428643 0.518780 1155.915
data/frame-000783.color.jpg 0.541642 0.830877 0.119592 -0.044316 0.077241 1.420514 0.533250 1155.915
data/frame-000784.color.jpg 0.540411 0.834282 0.104647 -0.031282 0.031962 1.409368 0.547641 1155.915
data/frame-000785.color.jpg 0.536702 0.838260 0.093959 -0.021047 -0.010365 1.403765 0.564406 1155.915
data/frame-000786.color.jpg 0.535440 0.840331 0.083322 -0.014300 -0.037048 1.395921 0.572308 1155.915
data/frame-000787.color.jpg 0.530913 0.843999 0.075919 -0.005765 -0.063243 1.387633 0.588617 1155.915
data/frame-000788.color.jpg 0.527645 0.846889 0.065988 -0.003927 -0.082443 1.379274 0.600445 1155.915
data/frame-000789.color.jpg 0.526070 0.848416 0.058663 0.000189 -0.100164 1.373872 0.603219 1155.915
data/frame-000790.color.jpg 0.521818 0.851426 0.052408 0.005676 -0.137070 1.366109 0.611015 1155.915
data/frame-000791.color.jpg 0.526387 0.848509 0.054192 0.003581 -0.159290 1.361180 0.594958 1155.915
data/frame-000792.color.jpg 0.510974 0.858798 0.034885 0.012437 -0.167390 1.330865 0.622747 1155.915
data/frame-000793.color.jpg 0.505907 0.861980 0.027802 0.016612 -0.173850 1.327382 0.628478 1155.915
data/frame-000794.color.jpg 0.492572 0.869770 0.017470 0.023840 -0.188770 1.303078 0.651482 1155.915
data/frame-000795.color.jpg 0.462402 0.885499 0.011379 0.044120 -0.241972 1.240046 0.707529 1155.915
data/frame-000796.color.jpg 0.438502 0.897527 0.006375 0.046049 -0.244971 1.196505 0.756021 1155.915
data/frame-000797.color.jpg 0.423302 0.904853 0.004690 0.045098 -0.243448 1.156988 0.788614 1155.915
data/frame-000798.color.jpg 0.413588 0.909693 0.004578 0.037172 -0.227347 1.130845 0.815512 1155.915
data/frame-000799.color.jpg 0.401853 0.915073 0.006425 0.033367 -0.221249 1.101499 0.840844 1155.915
data/frame-000800.color.jpg 0.361858 0.931669 0.007264 0.031603 -0.219789 1.009716 0.920488 1155.915
data/frame-000801.color.jpg 0.342320 0.939052 0.017205 0.026503 -0.211299 0.955311 0.954874 1155.915
data/frame-000802.color.jpg 0.336600 0.941082 0.021323 0.024703 -0.210276 0.944326 0.965635 1155.915
data/frame-000803.color.jpg 0.326602 0.944591 0.023391 0.023067 -0.205177 0.914176 0.981144 1155.915
data/frame-000804.color.jpg 0.343939 0.938417 0.021786 0.024586 -0.210574 0.948484 0.949381 1155.915
data/frame-000805.color.jpg 0.372802 0.927482 0.012961 0.025042 -0.207872 1.021537 0.896276 1155.915
data/frame-000806.color.jpg 0.423517 0.901993 -0.047547 0.069145 -0.273743 1.185058 0.767385 1155.915
data/frame-000807.color.jpg 0.439847 0.891549 -0.065731 0.085762 -0.293325 1.227290 0.716773 1155.915
data/frame-000808.color.jpg 0.450743 0.884899 -0.071127 0.093412 -0.296652 1.245962 0.684749 1155.915
data/frame-000809.color.jpg 0.460744 0.875800 -0.087527 0.114139 -0.329568 1.283879 0.641491 1155.915
data/frame-000810.color.jpg 0.461580 0.872741 -0.096805 0.126077 -0.345224 1.298397 0.625043 1155.915
data/frame-000811.color.jpg 0.470791 0.862949 -0.116828 0.141513 -0.360062 1.331301 0.577802 1155.915
data/frame-000812.color.jpg 0.474116 0.858859 -0.123036 0.149794 -0.370847 1.340875 0.554614 1155.915
data/frame-000813.color.jpg 0.477785 0.854471 -0.135772 0.152209 -0.362452 1.356747 0.536416 1155.915
data/frame-000814.color.jpg 0.479923 0.850310 -0.146282 0.158900 -0.360297 1.371915 0.517577 1155.915
data/frame-000815.color.jpg 0.493838 0.839050 -0.147260 0.174450 -0.384769 1.389444 0.457195 1155.915
data/frame-000816.color.jpg 0.499424 0.832790 -0.151612 0.184526 -0.394996 1.406712 0.427597 1155.915
data/frame-000817.color.jpg 0.517599 0.821377 -0.150976 0.186110 -0.383520 1.427476 0.376420 1155.915
data/frame-000818.color.jpg 0.519563 0.817058 -0.154762 0.196263 -0.398922 1.429564 0.355477 1155.915
data/frame-000819.color.jpg 0.518074 0.815794 -0.159775 0.201374 -0.396284 1.435715 0.354545 1155.915
data/frame-000820.color.jpg -0.029602 -0.092292 0.902262 -0.420153 0.367387 0.927029 0.936344 1155.915
data/frame-000821.color.jpg -0.026326 -0.093058 0.904184 -0.416050 0.359826 0.917352 0.943531 1155.915
data/frame-000822.color.jpg -0.012679 -0.108594 0.909718 -0.400574 0.313633 0.890964 0.974095 1155.915
data/frame-000823.color.jpg -0.023624 -0.104559 0.907145 -0.406937 0.339803 0.905177 0.958751 1155.915
data/frame-000824.color.jpg -0.027537 -0.109266 0.907830 -0.403915 0.353641 0.907173 0.958821 1155.915
data/frame-000825.color.jpg -0.029503 -0.110569 0.904882 -0.409991 0.356494 0.912106 0.948103 1155.915
data/frame-000826.color.jpg -0.034362 -0.115090 0.905233 -0.407586 0.366559 0.908737 0.946972 1155.915
data/frame-000827.color.jpg -0.024929 -0.126785 0.904411 -0.406625 0.350643 0.913159 0.952642 1155.915
data/frame-000828.color.jpg -0.023693 -0.124259 0.894017 -0.429805 0.353353 0.971790 0.921708 1155.915
data/frame-000829.color.jpg -0.018744 -0.128206 0.880636 -0.455732 0.301891 1.037251 0.877712 1155.915
data/frame-000830.color.jpg -0.006495 -0.125351 0.874293 -0.468889 0.248096 1.082764 0.868209 1155.915
data/frame-000831.color.jpg 0.005145 -0.110863 0.868674 -0.482792 0.232701 1.111909 0.845951 1155.915
data/frame-000832.color.jpg 0.010389 -0.097624 0.861661 -0.497898 0.226495 1.141632 0.821335 1155.915
data/frame-000833.color.jpg 0.016634 -0.087041 0.854919 -0.511137 0.207513 1.169882 0.797825 1155.915
data/frame-000834.color.jpg 0.016760 -0.086243 0.847045 -0.524209 0.201682 1.201365 0.776450 1155.915
data/frame-000835.color.jpg 0.009619 -0.085890 0.838425 -0.538121 0.217284 1.235901 0.738398 1155.915
data/frame-000836.color.jpg 0.006126 -0.083690 0.832870 -0.547071 0.222383 1.266098 0.715220 1155.915
data/frame-000837.color.jpg 0.004870 -0.081410 0.828899 -0.553422 0.226957 1.288987 0.701700 1155.915
data/frame-000838.color.jpg -0.007351 -0.073250 0.817934 -0.570582 0.271620 1.321927 0.649095 1155.915
data/frame-000839.color.jpg -0.015591 -0.077206 0.809563 -0.581726 0.281714 1.350306 0.607267 1155.915
data/frame-000840.color.jpg -0.024105 -0.086226 0.803411 -0.588654 0.281487 1.375515 0.576321 1155.915
data/frame-000841.color.jpg -0.027685 -0.088039 0.799688 -0.593281 0.282885 1.382283 0.555097 1155.915
data/frame-000842.color.jpg -0.030613 -0.097079 0.790600 -0.603812 0.274560 1.416936 0.513512 1155.915
data/frame-000843.color.jpg -0.035183 -0.099176 0.787111 -0.607768 0.277115 1.435284 0.493029 1155.915
data/frame-000844.color.jpg -0.040195 -0.098864 0.781900 -0.614201 0.285877 1.439070 0.466495 1155.915
data/frame-000845.color.jpg -0.041351 -0.103690 0.774378 -0.622798 0.278182 1.457990 0.434816 1155.915
data/frame-000846.color.jpg -0.046363 -0.098636 0.766325 -0.633141 0.300586 1.482724 0.393994 1155.915
data/frame-000847.color.jpg -0.049330 -0.102040 0.755535 -0.645230 0.290094 1.503622 0.350023 1155.915
data/frame-000848.color.jpg -0.053978 -0.098205 0.750285 -0.651548 0.302389 1.508618 0.326195 1155.915
data/frame-000849.color.jpg -0.054080 -0.095881 0.749004 -0.653357 0.305346 1.513483 0.322481 1155.915
data/frame-000850.color.jpg -0.072263 -0.090353 0.742440 -0.659846 0.348230 1.518983 0.292458 1155.915
data/frame-000851.color.jpg -0.074456 -0.092053 0.744917 -0.656568 0.354353 1.513323 0.302278 1155.915
data/frame-000852.color.jpg -0.070115 -0.090071 0.752669 -0.648429 0.348202 1.501102 0.336541 1155.915
data/frame-000853.color.jpg -0.058516 -0.080898 0.762560 -0.639167 0.329552 1.481128 0.386725 1155.915
data/frame-000854.color.jpg -0.047924 -0.076528 0.770581 -0.630913 0.305025 1.476771 0.430301 1155.915
data/frame-000855.color.jpg -0.043094 -0.062827 0.777146 -0.624692 0.285663 1.447086 0.459905 1155.915
data/frame-000856.color.jpg -0.024215 -0.045088 0.781214 -0.622162 0.247519 1.445255 0.461139 1155.915
data/frame-000857.color.jpg -0.018538 -0.035919 0.785508 -0.617530 0.222453 1.449106 0.448343 1155.915
data/frame-000858.color.jpg -0.017058 -0.035449 0.780204 -0.624287 0.200763 1.470688 0.371466 1155.915
data/frame-000859.color.jpg -0.007719 -0.024181 0.786789 -0.616700 0.188471 1.463436 0.373888 1155.915
data/frame-000860.color.jpg -0.013257 -0.029415 0.791392 -0.610457 0.138164 1.468170 0.363734 1155.915
data/frame-000861.color.jpg -0.027453 -0.061370 0.793295 -0.605115 0.080769 1.457438 0.367777 1155.915
data/frame-000862.color.jpg -0.043311 -0.093177 0.790019 -0.604411 0.007121 1.455587 0.369745 1155.915
data/frame-000863.color.jpg -0.063023 -0.117554 0.786634 -0.602840 -0.031129 1.454766 0.378160 1155.915
data/frame-000864.color.jpg -0.074056 -0.128510 0.781792 -0.605642 -0.038411 1.449904 0.366730 1155.915
data/frame-000865.color.jpg -0.086315 -0.145337 0.781006 -0.601212 -0.062515 1.445606 0.389391 1155.915
data/frame-000866.color.jpg -0.077876 -0.144363 0.784425 -0.598141 -0.106489 1.433811 0.413487 1155.915
data/frame-000867.color.jpg -0.057204 -0.119987 0.785593 -0.604297 -0.160574 1.428207 0.410487 1155.915
data/frame-000868.color.jpg -0.012770 -0.074289 0.801229 -0.593591 -0.201317 1.407931 0.442354 1155.915
data/frame-000869.color.jpg 0.004209 -0.047356 0.807628 -0.587772 -0.208082 1.411847 0.447890 1155.915
data/frame-000870.color.jpg 0.026828 -0.024070 0.812530 -0.581804 -0.224991 1.405625 0.451581 1155.915
data/frame-000871.color.jpg 0.045568 0.000007 0.816865 -0.575026 -0.226794 1.393300 0.460630 1155.915
data/frame-000872.color.jpg 0.064750 0.029148 0.826324 -0.558701 -0.213570 1.369719 0.494695 1155.915
data/frame-000873.color.jpg 0.088956 0.088403 0.852047 -0.508220 -0.164935 1.300309 0.615332 1155.915
data/frame-000874.color.jpg 0.099110 0.122565 0.863381 -0.479299 -0.125335 1.254448 0.679544 1155.915
data/frame-000875.color.jpg 0.106532 0.139074 0.873031 -0.455111 -0.109804 1.201971 0.730238 1155.915
data/frame-000876.color.jpg 0.115278 0.154194 0.882353 -0.429404 -0.105720 1.139974 0.764969 1155.915
data/frame-000877.color.jpg 0.109462 0.166869 0.893115 -0.403135 -0.080871 1.084990 0.809477 1155.915
data/frame-000878.color.jpg 0.105733 0.168301 0.897983 -0.392583 -0.070125 1.062849 0.824495 1155.915
data/frame-000879.color.jpg 0.112812 0.176514 0.892188 -0.400146 -0.065760 1.088567 0.801513 1155.915
data/frame-000880.color.jpg 0.131143 0.194132 0.877173 -0.419144 -0.075457 1.150117 0.747607 1155.915
data/frame-000881.color.jpg 0.159529 0.233349 0.851618 -0.441413 -0.075043 1.236205 0.675094 1155.915
data/frame-000882.color.jpg 0.191345 0.275470 0.823963 -0.456715 -0.069736 1.316043 0.614477 1155.915
data/frame-000883.color.jpg 0.220767 0.304002 0.793509 -0.478736 -0.047194 1.379758 0.531540 1155.915
data/frame-000884.color.jpg 0.246765 0.313733 0.768737 -0.499722 -0.043319 1.439731 0.452957 1155.915
data/frame-000885.color.jpg 0.265132 0.312214 0.752592 -0.515590 -0.055925 1.465634 0.393378 1155.915
data/frame-000886.color.jpg 0.265894 0.311819 0.748381 -0.521531 -0.053605 1.480460 0.383805 1155.915
data/frame-000887.color.jpg 0.263901 0.308505 0.743076 -0.531995 -0.037308 1.493001 0.367065 1155.915
data/frame-000888.color.jpg 0.259757 0.303353 0.735131 -0.547801 -0.009499 1.512112 0.340441 1155.915
data/frame-000889.color.jpg 0.259710 0.305808 0.733832 -0.548200 -0.008737 1.515777 0.339267 1155.915
data/frame-000890.color.jpg 0.276370 0.336154 0.736238 -0.518241 -0.039240 1.486398 0.387903 1155.915
data/frame-000891.color.jpg 0.281157 0.357060 0.733267 -0.505745 -0.045901 1.483184 0.378273 1155.915
data/frame-000892.color.jpg 0.294569 0.387056 0.728723 -0.482058 -0.050037 1.469622 0.375744 1155.915
data/frame-000893.color.jpg 0.308878 0.426243 0.712301 -0.464261 -0.004086 1.476448 0.377996 1155.915
data/frame-000894.color.jpg 0.319394 0.457609 0.701493 -0.443271 0.029816 1.466527 0.408165 1155.915
data/frame-000895.color.jpg 0.333146 0.483114 0.687724 -0.427376 0.053808 1.460772 0.427159 1155.915
data/frame-000896.color.jpg 0.348394 0.495166 0.677624 -0.417442 0.058502 1.458353 0.434281 1155.915
data/frame-000897.color.jpg 0.358047 0.508321 0.670642 -0.404539 0.058988 1.453715 0.462910 1155.915
data/frame-000898.color.jpg 0.367041 0.528863 0.650248 -0.403439 0.088183 1.444366 0.458977 1155.915
data/frame-000899.color.jpg 0.375742 0.542876 0.646049 -0.383046 0.032830 1.425592 0.487081 1155.915
data/frame-000900.color.jpg 0.374970 0.556480 0.642439 -0.370134 0.005196 1.416495 0.510053 1155.915
data/frame-000901.color.jpg 0.373728 0.574569 0.631249 -0.362935 0.002166 1.414100 0.515130 1155.915
data/frame-000902.color.jpg 0.371975 0.585072 0.624646 -0.359364 -0.003117 1.411424 0.515438 1155.915
data/frame-000903.color.jpg 0.382249 0.589146 0.616504 -0.355970 -0.036868 1.416384 0.494265 1155.915
data/frame-000904.color.jpg 0.392152 0.588753 0.611192 -0.355008 -0.065752 1.416151 0.475430 1155.915
data/frame-000905.color.jpg 0.391551 0.602971 0.601331 -0.348589 -0.056840 1.416719 0.484431 1155.915
data/frame-000906.color.jpg 0.403716 0.597391 0.589082 -0.364856 -0.049110 1.453141 0.422978 1155.915
data/frame-000907.color.jpg 0.413991 0.587971 0.580201 -0.382450 -0.040482 1.479366 0.363854 1155.915
data/frame-000908.color.jpg 0.415245 0.579703 0.578694 -0.395764 -0.031288 1.489857 0.335768 1155.915
data/frame-000909.color.jpg 0.417697 0.575036 0.577191 -0.402136 -0.029103 1.502967 0.316586 1155.915
data/frame-000910.color.jpg 0.427951 0.571682 0.571477 -0.404291 -0.031637 1.500963 0.289356 1155.915
data/frame-000911.color.jpg 0.424857 0.568729 0.571588 -0.411499 -0.025078 1.515136 0.286734 1155.915
data/frame-000912.color.jpg 0.423807 0.568065 0.573319 -0.411090 -0.026550 1.516191 0.293586 1155.915
data/frame-000913.color.jpg 0.421549 0.564448 0.575706 -0.415039 -0.028167 1.506104 0.301871 1155.915
data/frame-000914.color.jpg 0.424232 0.564322 0.575124 -0.413280 -0.034504 1.499115 0.299911 1155.915
data/frame-000915.color.jpg 0.428841 0.560361 0.570508 -0.420251 -0.035992 1.514446 0.271438 1155.915
data/frame-000916.color.jpg 0.431691 0.558756 0.568621 -0.422024 -0.029310 1.512662 0.257241 1155.915
data/frame-000917.color.jpg 0.429654 0.558540 0.572296 -0.419414 -0.037148 1.507731 0.267046 1155.915
data/frame-000918.color.jpg 0.429247 0.560442 0.573347 -0.415843 -0.039645 1.508229 0.274578 1155.915
data/frame-000919.color.jpg 0.432205 0.557990 0.570304 -0.420237 -0.038277 1.514246 0.258181 1155.915
data/frame-000920.color.jpg 0.431025 0.559224 0.568888 -0.421725 -0.035704 1.520899 0.259290 1155.915
data/frame-000921.color.jpg 0.436531 0.557555 0.564658 -0.423951 -0.037956 1.513442 0.237853 1155.915
data/frame-000922.color.jpg 0.431367 0.575669 0.566724 -0.401685 -0.043278 1.490400 0.296795 1155.915
data/frame-000923.color.jpg 0.429421 0.594047 0.566202 -0.376989 -0.063811 1.468904 0.349890 1155.915
data/frame-000924.color.jpg 0.424579 0.622397 0.557069 -0.349327 -0.052454 1.438088 0.411948 1155.915
data/frame-000925.color.jpg 0.409656 0.638821 0.556768 -0.337785 -0.029613 1.411980 0.465153 1155.915
data/frame-000926.color.jpg 0.396127 0.656818 0.561110 -0.311172 -0.036580 1.367484 0.538297 1155.915
data/frame-000927.color.jpg 0.389882 0.664887 0.560821 -0.302319 -0.031201 1.349609 0.562681 1155.915
data/frame-000928.color.jpg 0.376152 0.681465 0.561706 -0.280359 -0.026427 1.309502 0.615523 1155.915
data/frame-000929.color.jpg 0.368715 0.686748 0.560239 -0.280283 -0.006300 1.297154 0.629730 1155.915
data/frame-000930.color.jpg 0.365478 0.691164 0.560595 -0.272858 -0.007456 1.280099 0.648588 1155.915
data/frame-000931.color.jpg 0.356316 0.702122 0.562748 -0.251750 -0.021179 1.246609 0.695468 1155.915
data/frame-000932.color.jpg 0.345540 0.717474 0.556703 -0.236463 -0.014568 1.216364 0.729198 1155.915
data/frame-000933.color.jpg 0.339805 0.726434 0.553666 -0.224233 -0.018609 1.202092 0.753560 1155.915
data/frame-000934.color.jpg 0.320010 0.755261 0.539970 -0.188697 -0.004910 1.144395 0.823754 1155.915
data/frame-000935.color.jpg 0.336298 0.766970 0.514011 -0.185613 0.017085 1.171782 0.791162 1155.915
data/frame-000936.color.jpg 0.370092 0.783284 0.467581 -0.175686 0.026468 1.224210 0.737641 1155.915
data/frame-000937.color.jpg 0.386195 0.796375 0.432785 -0.171284 0.051371 1.245686 0.715111 1155.915
data/frame-000938.color.jpg 0.409936 0.805718 0.394724 -0.164207 0.059308 1.285162 0.680553 1155.915
data/frame-000939.color.jpg 0.435769 0.799361 0.377025 -0.170235 0.062793 1.329560 0.623592 1155.915
data/frame-000940.color.jpg 0.449759 0.796980 0.367016 -0.166850 0.057869 1.351991 0.597571 1155.915
data/frame-000941.color.jpg 0.454326 0.796367 0.363752 -0.164533 0.053016 1.362196 0.590888 1155.915
data/frame-000942.color.jpg 0.476501 0.788318 0.351692 -0.166777 0.055393 1.400729 0.532223 1155.915
data/frame-000943.color.jpg 0.486842 0.782832 0.347398 -0.171679 0.063121 1.421404 0.496611 1155.915
data/frame-000944.color.jpg 0.492237 0.779083 0.344138 -0.179727 0.077602 1.433228 0.470625 1155.915
data/frame-000945.color.jpg 0.501652 0.772242 0.339871 -0.190984 0.099898 1.451909 0.429178 1155.915
data/frame-000946.color.jpg 0.503829 0.769499 0.340240 -0.195611 0.106285 1.459289 0.415541 1155.915
data/frame-000947.color.jpg 0.502993 0.768062 0.342034 -0.200229 0.124752 1.460304 0.413830 1155.915
data/frame-000948.color.jpg 0.502745 0.769494 0.340878 -0.197304 0.121735 1.452840 0.421120 1155.915
data/frame-000949.color.jpg 0.506369 0.780514 0.321204 -0.176684 0.112276 1.443098 0.444676 1155.915
data/frame-000950.color.jpg 0.516211 0.791845 0.287882 -0.153726 0.107800 1.445253 0.445331 1155.915
data/frame-000951.color.jpg 0.515091 0.806573 0.257834 -0.132826 0.107952 1.428638 0.467912 1155.915
data/frame-000952.color.jpg 0.516149 0.811947 0.245091 -0.119427 0.074978 1.421961 0.474792 1155.915
data/frame-000953.color.jpg 0.523964 0.813968 0.228068 -0.104416 0.020186 1.427767 0.465058 1155.915
data/frame-000954.color.jpg 0.533876 0.812150 0.214220 -0.097465 -0.008906 1.443280 0.442359 1155.915
data/frame-000955.color.jpg 0.542108 0.813596 0.194438 -0.079842 -0.032359 1.454668 0.426382 1155.915
data/frame-000956.color.jpg 0.544134 0.815502 0.183300 -0.072641 -0.041381 1.454019 0.423675 1155.915
data/frame-000957.color.jpg 0.542146 0.819024 0.175766 -0.066208 -0.039534 1.451513 0.433449 1155.915
data/frame-000958.color.jpg 0.540534 0.823801 0.161365 -0.056000 -0.049027 1.445919 0.447033 1155.915
data/frame-000959.color.jpg 0.540055 0.830151 0.133688 -0.036302 -0.066037 1.426655 0.490094 1155.915
data/frame-000960.color.jpg 0.545204 0.827456 0.131850 -0.026174 -0.142222 1.416015 0.511982 1155.915
data/frame-000961.color.jpg 0.545287 0.828126 0.127816 -0.023086 -0.142878 1.420815 0.517116 1155.915
data/frame-000962.color.jpg 0.547226 0.828022 0.120497 -0.020107 -0.142808 1.423585 0.514011 1155.915
data/frame-000963.color.jpg 0.547553 0.831599 0.092840 -0.003137 -0.147591 1.432513 0.517662 1155.915
data/frame-000964.color.jpg 0.547209 0.834145 0.068786 0.005700 -0.129714 1.445147 0.518512 1155.915
data/frame-000965.color.jpg 0.541619 0.839132 0.048988 0.010359 -0.093922 1.445924 0.550341 1155.915
data/frame-000966.color.jpg 0.547505 0.835654 0.042219 0.011780 -0.077807 1.450295 0.537465 1155.915
data/frame-000967.color.jpg 0.557104 0.829892 0.013290 0.027150 -0.062444 1.477557 0.528251 1155.915
data/frame-000968.color.jpg 0.566387 0.822812 -0.007544 0.046144 -0.078369 1.481225 0.504349 1155.915
data/frame-000969.color.jpg 0.565375 0.823075 -0.015485 0.051559 -0.074995 1.480784 0.506772 1155.915
data/frame-000970.color.jpg 0.556950 0.828782 -0.016808 0.051431 -0.082833 1.483851 0.538497 1155.915
data/frame-000971.color.jpg 0.546087 0.835600 -0.020767 0.055955 -0.085579 1.458062 0.564571 1155.915
data/frame-000972.color.jpg 0.519077 0.852729 -0.030985 0.049519 -0.073139 1.395310 0.634978 1155.915
data/frame-000973.color.jpg 0.497911 0.865254 -0.030004 0.050197 -0.079629 1.357606 0.685546 1155.915
data/frame-000974.color.jpg 0.492217 0.868739 -0.027295 0.047652 -0.079087 1.342546 0.696448 1155.915
data/frame-000975.color.jpg 0.478183 0.876677 -0.023490 0.047194 -0.084537 1.309270 0.729317 1155.915
data/frame-000976.color.jpg 0.447769 0.893056 -0.017288 0.040687 -0.076415 1.240556 0.800865 1155.915
data/frame-000977.color.jpg 0.432590 0.900657 -0.012934 0.038941 -0.073782 1.201181 0.824274 1155.915
data/frame-000978.color.jpg 0.424761 0.904342 -0.007614 0.041065 -0.083119 1.177513 0.835731 1155.915
data/frame-000979.color.jpg 0.410284 0.911151 -0.004244 0.038125 -0.078614 1.140187 0.860578 1155.915
data/frame-000980.color.jpg 0.388001 0.920651 -0.000414 0.043094 -0.095560 1.081349 0.895035 1155.915
data/frame-000981.color.jpg 0.376798 0.925419 0.003567 0.040125 -0.096244 1.053205 0.910627 1155.915
data/frame-000982.color.jpg 0.369445 0.928340 0.012306 0.039295 -0.097825 1.027518 0.915004 1155.915
data/frame-000983.color.jpg 0.366706 0.929397 0.017720 0.037873 -0.101612 1.022094 0.917786 1155.915
data/frame-000984.color.jpg 0.378022 0.924940 0.018390 0.035307 -0.103200 1.044292 0.895864 1155.915
data/frame-000985.color.jpg 0.393154 0.918274 -0.001172 0.046927 -0.119167 1.089934 0.859164 1155.915
data/frame-000986.color.jpg 0.403106 0.913240 -0.023360 0.054339 -0.126318 1.124077 0.830303 1155.915
data/frame-000987.color.jpg 0.411008 0.907615 -0.053249 0.066882 -0.134961 1.156224 0.800965 1155.915
data/frame-000988.color.jpg 0.416766 0.903429 -0.066723 0.075299 -0.143791 1.172696 0.780584 1155.915
data/frame-000989.color.jpg 0.424953 0.895851 -0.090581 0.093063 -0.163509 1.207697 0.744874 1155.915
data/frame-000990.color.jpg 0.429106 0.888423 -0.120265 0.110041 -0.169662 1.244834 0.720025 1155.915
data/frame-000991.color.jpg 0.428689 0.885101 -0.136702 0.118893 -0.178208 1.238781 0.714083 1155.915
data/frame-000992.color.jpg 0.410292 0.888055 -0.164479 0.126350 -0.176805 1.204271 0.752386 1155.915
data/frame-000993.color.jpg 0.414948 0.879199 -0.190577 0.136039 -0.178673 1.217822 0.734091 1155.915
data/frame-000994.color.jpg 0.416828 0.875017 -0.200137 0.143336 -0.188499 1.228127 0.719983 1155.915
data/frame-000995.color.jpg 0.423583 0.868603 -0.206884 0.152662 -0.205901 1.251749 0.692483 1155.915
data/frame-000996.color.jpg 0.406617 0.872964 -0.219497 0.156263 -0.210116 1.228515 0.726613 1155.915
data/frame-000997.color.jpg 0.393261 0.872444 -0.238224 0.165639 -0.226612 1.215779 0.743599 1155.915
data/frame-000998.color.jpg 0.386373 0.872918 -0.246173 0.167716 -0.244930 1.209422 0.756106 1155.915
data/frame-000999.color.jpg 0.379812 0.874754 -0.245079 0.174599 -0.261956 1.193731 0.766428 1155.915
data/frame-001000.color.jpg 0.395068 0.869513 -0.240212 0.173686 -0.259094 1.222785 0.737330 1155.915
data/frame-001001.color.jpg 0.424718 0.853128 -0.239927 0.184993 -0.253557 1.290498 0.663770 1155.915
data/frame-001002.color.jpg 0.445276 0.839953 -0.240358 0.196055 -0.258416 1.334067 0.603328 1155.915
data/frame-001003.color.jpg 0.468388 0.828625 -0.232595 0.199729 -0.261215 1.373899 0.539754 1155.915
data/frame-001004.color.jpg 0.483778 0.821272 -0.225516 0.201529 -0.255309 1.396217 0.500174 1155.915
data/frame-001005.color.jpg 0.497023 0.812852 -0.221048 0.208272 -0.264288 1.414662 0.454259 1155.915
data/frame-001006.color.jpg 0.509833 0.804915 -0.219012 0.210274 -0.255546 1.429621 0.416496 1155.915
data/frame-001007.color.jpg 0.514327 0.802790 -0.215207 0.211380 -0.250902 1.442406 0.405714 1155.915
data/frame-001008.color.jpg 0.519966 0.798767 -0.209635 0.218311 -0.265887 1.450644 0.382246 1155.915
data/frame-001009.color.jpg 0.523887 0.792042 -0.209753 0.232841 -0.282320 1.450085 0.347538 1155.915
data/frame-001010.color.jpg 0.521259 0.790778 -0.212221 0.240669 -0.291067 1.446510 0.342888 1155.915
data/frame-001011.color.jpg 0.523264 0.788029 -0.210566 0.246711 -0.300447 1.448982 0.327892 1155.915
