seq-01/frame-000000.color.png 0.973422 0.126495 0.190546 -0.0118515 0.0615648 0.177824 -0.191416
seq-01/frame-000001.color.png 0.973159 0.128854 0.190269 -0.0124884 0.0626348 0.180671 -0.190139
seq-01/frame-000002.color.png 0.973445 0.128758 0.188756 -0.0140486 0.0676959 0.177849 -0.192755
seq-01/frame-000003.color.png 0.973052 0.130523 0.18953 -0.0145304 0.0678144 0.177863 -0.192449
seq-01/frame-000004.color.png 0.971709 0.133254 0.19433 -0.0161663 0.0588779 0.179399 -0.191285
seq-01/frame-000005.color.png 0.972364 0.133276 0.191068 -0.0154682 0.0645409 0.176961 -0.194355
seq-01/frame-000006.color.png 0.972683 0.136795 0.186932 -0.0152318 0.0729931 0.182102 -0.194864
seq-01/frame-000007.color.png 0.972299 0.139707 0.186699 -0.0161512 0.0759458 0.186247 -0.197759
seq-01/frame-000008.color.png 0.972119 0.139916 0.187221 -0.0188728 0.0782717 0.184703 -0.200603
seq-01/frame-000009.color.png 0.972037 0.140992 0.186556 -0.0214935 0.0828938 0.187458 -0.206787
seq-01/frame-000010.color.png 0.972568 0.139645 0.184463 -0.0241592 0.0866667 0.186449 -0.21292
seq-01/frame-000011.color.png 0.973928 0.137487 0.178601 -0.0257703 0.0951102 0.183217 -0.217589
seq-01/frame-000012.color.png 0.974413 0.139207 0.174525 -0.0261075 0.102603 0.186202 -0.221903
seq-01/frame-000013.color.png 0.974367 0.142864 0.171312 -0.0291699 0.112019 0.196146 -0.225512
seq-01/frame-000014.color.png 0.975175 0.140068 0.168582 -0.0315546 0.11825 0.194674 -0.230643
seq-01/frame-000015.color.png 0.974939 0.141156 0.169049 -0.0314803 0.117299 0.196966 -0.229758
seq-01/frame-000016.color.png 0.976392 0.138252 0.162701 -0.0327631 0.129752 0.192903 -0.236603
seq-01/frame-000017.color.png 0.976826 0.139008 0.159126 -0.0341465 0.136103 0.196269 -0.242064
seq-01/frame-000018.color.png 0.977974 0.139053 0.151368 -0.0363307 0.151106 0.197628 -0.245503
seq-01/frame-000019.color.png 0.978277 0.140177 0.147378 -0.0400524 0.161967 0.200763 -0.253627
seq-01/frame-000020.color.png 0.97855 0.140211 0.144369 -0.0440323 0.173209 0.200863 -0.260119
seq-01/frame-000021.color.png 0.97856 0.140272 0.144303 -0.0438363 0.173379 0.200968 -0.259658
seq-01/frame-000022.color.png 0.9786 0.141721 0.141379 -0.0476447 0.184852 0.201099 -0.265334
seq-01/frame-000023.color.png 0.978634 0.1435 0.138692 -0.049484 0.193848 0.202157 -0.271346
seq-01/frame-000024.color.png 0.979584 0.143879 0.132072 -0.0476585 0.208534 0.201136 -0.276322
seq-01/frame-000025.color.png 0.979686 0.147198 0.127765 -0.04716 0.218761 0.203676 -0.279039
seq-01/frame-000026.color.png 0.979442 0.152633 0.123725 -0.045703 0.228037 0.211579 -0.28171
seq-01/frame-000027.color.png 0.979442 0.152635 0.123725 -0.0457028 0.228036 0.211583 -0.281709
seq-01/frame-000028.color.png 0.979364 0.156384 0.119059 -0.0470609 0.24052 0.215774 -0.283728
seq-01/frame-000029.color.png 0.979274 0.157992 0.11652 -0.0498481 0.252589 0.217268 -0.292435
seq-01/frame-000030.color.png 0.979546 0.158692 0.112672 -0.0511065 0.266776 0.216333 -0.293382
seq-01/frame-000031.color.png 0.979546 0.158692 0.112669 -0.0511058 0.266782 0.216333 -0.29338
seq-01/frame-000032.color.png 0.979184 0.159829 0.112231 -0.0553005 0.274405 0.213876 -0.301491
seq-01/frame-000033.color.png 0.978684 0.163422 0.11099 -0.0561436 0.281813 0.217403 -0.305884
seq-01/frame-000034.color.png 0.978939 0.164875 0.10523 -0.0584903 0.296928 0.213962 -0.311129
seq-01/frame-000035.color.png 0.978562 0.168944 0.102624 -0.0578215 0.305059 0.218599 -0.317175
seq-01/frame-000036.color.png 0.978561 0.16895 0.102622 -0.0578214 0.305064 0.21861 -0.317167
seq-01/frame-000037.color.png 0.978289 0.174425 0.0973061 -0.0552961 0.317982 0.228505 -0.314649
seq-01/frame-000038.color.png 0.97841 0.176109 0.092593 -0.0559117 0.329277 0.230704 -0.318294
seq-01/frame-000039.color.png 0.977847 0.180075 0.0881968 -0.0600812 0.344518 0.236054 -0.320706
seq-01/frame-000040.color.png 0.977847 0.180076 0.0881975 -0.0600817 0.344517 0.236055 -0.320705
seq-01/frame-000041.color.png 0.978819 0.175289 0.0859131 -0.0616969 0.357292 0.230273 -0.332142
seq-01/frame-000042.color.png 0.978697 0.17667 0.0838117 -0.0625699 0.364134 0.23586 -0.331183
seq-01/frame-000043.color.png 0.978532 0.179639 0.0768999 -0.0655003 0.379013 0.241043 -0.331807
seq-01/frame-000044.color.png 0.978534 0.179634 0.0768957 -0.0654993 0.379022 0.241032 -0.33181
seq-01/frame-000045.color.png 0.979796 0.176515 0.0688861 -0.0640146 0.394565 0.23735 -0.333472
seq-01/frame-000046.color.png 0.980083 0.17764 0.0618353 -0.0637091 0.406607 0.244323 -0.332324
seq-01/frame-000047.color.png 0.980862 0.173834 0.0564375 -0.0671331 0.416642 0.241238 -0.335913
seq-01/frame-000048.color.png 0.980862 0.173837 0.0564327 -0.0671317 0.416654 0.241244 -0.335901
seq-01/frame-000049.color.png 0.981797 0.170719 0.0486876 -0.0675257 0.432446 0.2412 -0.334737
seq-01/frame-000050.color.png 0.982628 0.164848 0.041323 -0.0745656 0.446679 0.231664 -0.336041
seq-01/frame-000051.color.png 0.983124 0.161941 0.0335136 -0.0782287 0.46138 0.228888 -0.333926
seq-01/frame-000052.color.png 0.983123 0.161943 0.0335177 -0.0782309 0.461372 0.228888 -0.333929
seq-01/frame-000053.color.png 0.983273 0.159641 0.0310356 -0.0820148 0.466799 0.229514 -0.336521
seq-01/frame-000054.color.png 0.984013 0.154089 0.0232529 -0.0862183 0.480442 0.223824 -0.33372
seq-01/frame-000055.color.png 0.98469 0.148726 0.0179527 -0.089124 0.486843 0.220441 -0.333656
seq-01/frame-000056.color.png 0.984691 0.148726 0.0179462 -0.0891198 0.486855 0.220441 -0.333647
seq-01/frame-000057.color.png 0.984885 0.145694 0.0115781 -0.0929598 0.493647 0.218837 -0.328229
seq-01/frame-000058.color.png 0.985773 0.137534 -0.00268785 -0.0965863 0.514068 0.204689 -0.321118
seq-01/frame-000059.color.png 0.985786 0.135188 -0.0151748 -0.0985914 0.532433 0.203142 -0.309326
seq-01/frame-000060.color.png 0.985884 0.13435 -0.0160743 -0.0986156 0.533968 0.201344 -0.309391
seq-01/frame-000061.color.png 0.985838 0.129846 -0.0180912 -0.104581 0.530695 0.195411 -0.312407
seq-01/frame-000062.color.png 0.985522 0.127628 -0.0323853 -0.10681 0.549542 0.191771 -0.297832
seq-01/frame-000063.color.png 0.984412 0.12653 -0.0406099 -0.115212 0.557856 0.186344 -0.290226
seq-01/frame-000064.color.png 0.984412 0.126527 -0.0406103 -0.115212 0.557856 0.186338 -0.290227
seq-01/frame-000065.color.png 0.98291 0.128754 -0.0488032 -0.122181 0.566227 0.189413 -0.278964
seq-01/frame-000066.color.png 0.982172 0.121062 -0.0596821 -0.130841 0.5758 0.170656 -0.269977
seq-01/frame-000067.color.png 0.981004 0.115501 -0.0732863 -0.137552 0.590336 0.15745 -0.256584
seq-01/frame-000068.color.png 0.981003 0.115502 -0.0732884 -0.137552 0.59034 0.157453 -0.25658
seq-01/frame-000069.color.png 0.980022 0.112646 -0.0800019 -0.143065 0.593173 0.152364 -0.248954
seq-01/frame-000070.color.png 0.979274 0.107623 -0.0897809 -0.146219 0.595617 0.145125 -0.238834
seq-01/frame-000071.color.png 0.977458 0.108147 -0.0990824 -0.151861 0.59864 0.144578 -0.228519
seq-01/frame-000072.color.png 0.974522 0.108283 -0.113045 -0.160632 0.609053 0.13668 -0.206899
seq-01/frame-000073.color.png 0.974471 0.108544 -0.114 -0.160089 0.610294 0.137481 -0.204198
seq-01/frame-000074.color.png 0.973293 0.110965 -0.115631 -0.164365 0.59868 0.145051 -0.202621
seq-01/frame-000075.color.png 0.969086 0.109927 -0.13255 -0.176688 0.612919 0.126147 -0.176984
seq-01/frame-000076.color.png 0.966051 0.109924 -0.140197 -0.187104 0.613297 0.11634 -0.168307
seq-01/frame-000077.color.png 0.966358 0.109758 -0.139295 -0.186286 0.611885 0.11772 -0.170248
seq-01/frame-000078.color.png 0.961734 0.118348 -0.138423 -0.204695 0.595228 0.117256 -0.166105
seq-01/frame-000079.color.png 0.955867 0.115108 -0.156472 -0.220418 0.612166 0.0867466 -0.149652
seq-01/frame-000080.color.png 0.951157 0.12177 -0.155739 -0.237104 0.601417 0.0842384 -0.151945
seq-01/frame-000081.color.png 0.947403 0.121365 -0.161392 -0.248296 0.595568 0.069508 -0.149924
seq-01/frame-000082.color.png 0.947405 0.121352 -0.161384 -0.248301 0.595548 0.069483 -0.14994
seq-01/frame-000083.color.png 0.940851 0.130251 -0.168414 -0.263574 0.592488 0.0657884 -0.140599
seq-01/frame-000084.color.png 0.935884 0.130772 -0.177104 -0.275052 0.593156 0.0496964 -0.134525
seq-01/frame-000085.color.png 0.930825 0.133324 -0.183977 -0.286255 0.591071 0.0427245 -0.132318
seq-01/frame-000086.color.png 0.930825 0.133324 -0.183977 -0.286255 0.591071 0.0427246 -0.132318
seq-01/frame-000087.color.png 0.926457 0.131934 -0.193057 -0.294958 0.59134 0.0291149 -0.126445
seq-01/frame-000088.color.png 0.923854 0.13349 -0.197742 -0.299288 0.588518 0.0255519 -0.122642
seq-01/frame-000089.color.png 0.921653 0.13459 -0.198953 -0.304726 0.58271 0.0224141 -0.126476
seq-01/frame-000090.color.png 0.921654 0.134589 -0.198955 -0.304726 0.582711 0.0224112 -0.126478
seq-01/frame-000091.color.png 0.919656 0.136744 -0.200243 -0.308927 0.578144 0.0229577 -0.129468
seq-01/frame-000092.color.png 0.917441 0.14169 -0.203377 -0.31123 0.5778 0.026358 -0.130517
seq-01/frame-000093.color.png 0.915872 0.139458 -0.20365 -0.316634 0.567338 0.0189793 -0.137435
seq-01/frame-000094.color.png 0.913351 0.140059 -0.20835 -0.320567 0.565511 0.0141753 -0.1389
seq-01/frame-000095.color.png 0.913473 0.137634 -0.208524 -0.321156 0.564529 0.00925426 -0.140252
seq-01/frame-000096.color.png 0.909641 0.15679 -0.213031 -0.320294 0.574472 0.0384102 -0.131598
seq-01/frame-000097.color.png 0.911404 0.139887 -0.208115 -0.326284 0.546967 0.00784633 -0.148766
seq-01/frame-000098.color.png 0.910076 0.144211 -0.208819 -0.327657 0.540733 0.0132582 -0.150384
seq-01/frame-000099.color.png 0.910076 0.144211 -0.208818 -0.327657 0.540732 0.0132576 -0.150384
seq-01/frame-000100.color.png 0.908602 0.148974 -0.213021 -0.326912 0.541958 0.0186203 -0.147305
seq-01/frame-000101.color.png 0.908192 0.150176 -0.216544 -0.325181 0.538372 0.0202673 -0.147448
seq-01/frame-000102.color.png 0.908821 0.151661 -0.217556 -0.322043 0.528036 0.0248193 -0.151716
seq-01/frame-000103.color.png 0.908013 0.155342 -0.220795 -0.32036 0.522405 0.0309621 -0.147098
seq-01/frame-000104.color.png 0.908014 0.155339 -0.220793 -0.320361 0.522401 0.0309585 -0.147101
seq-01/frame-000105.color.png 0.908512 0.15578 -0.224898 -0.315846 0.519261 0.0313372 -0.148343
seq-01/frame-000106.color.png 0.908596 0.156772 -0.226191 -0.314187 0.512392 0.0342158 -0.147807
seq-01/frame-000107.color.png 0.908769 0.160243 -0.227924 -0.310662 0.50846 0.0417967 -0.144249
seq-01/frame-000108.color.png 0.911056 0.157748 -0.226192 -0.30648 0.496276 0.0412919 -0.149428
seq-01/frame-000109.color.png 0.911057 0.157745 -0.22619 -0.306481 0.496272 0.0412871 -0.149431
seq-01/frame-000110.color.png 0.91085 0.16541 -0.227319 -0.302189 0.496861 0.0580656 -0.144156
seq-01/frame-000111.color.png 0.913866 0.161819 -0.22564 -0.296226 0.486101 0.0585168 -0.147534
seq-01/frame-000112.color.png 0.91495 0.165031 -0.224155 -0.292207 0.475651 0.0672186 -0.147651
seq-01/frame-000113.color.png 0.914956 0.16463 -0.224285 -0.292316 0.475679 0.0662807 -0.147826
seq-01/frame-000114.color.png 0.915789 0.166211 -0.223791 -0.289175 0.470444 0.0711671 -0.142227
seq-01/frame-000115.color.png 0.920529 0.166051 -0.216047 -0.27996 0.458672 0.0794272 -0.148207
seq-01/frame-000116.color.png 0.922624 0.16995 -0.209021 -0.276031 0.447269 0.0906541 -0.151546
seq-01/frame-000117.color.png 0.922624 0.16995 -0.209021 -0.276031 0.447269 0.0906542 -0.151546
seq-01/frame-000118.color.png 0.924993 0.16957 -0.20689 -0.26987 0.441432 0.0931822 -0.151761
seq-01/frame-000119.color.png 0.927831 0.175077 -0.199248 -0.262255 0.424794 0.111371 -0.153468
seq-01/frame-000120.color.png 0.93073 0.172903 -0.199578 -0.253011 0.415955 0.11415 -0.149291
seq-01/frame-000121.color.png 0.930732 0.172896 -0.199572 -0.253014 0.415944 0.11414 -0.1493
seq-01/frame-000122.color.png 0.932299 0.173295 -0.198054 -0.248115 0.408962 0.120419 -0.14538
seq-01/frame-000123.color.png 0.934755 0.173016 -0.196647 -0.24006 0.402816 0.125497 -0.140262
seq-01/frame-000124.color.png 0.936867 0.177573 -0.19235 -0.231838 0.394789 0.136163 -0.134305
seq-01/frame-000125.color.png 0.936866 0.177581 -0.19236 -0.231831 0.394809 0.136174 -0.134291
seq-01/frame-000126.color.png 0.939617 0.178519 -0.184991 -0.225895 0.382137 0.141082 -0.136642
seq-01/frame-000127.color.png 0.940421 0.179853 -0.181853 -0.224033 0.374412 0.142614 -0.132347
seq-01/frame-000128.color.png 0.940512 0.184796 -0.174792 -0.225243 0.365513 0.150809 -0.131648
seq-01/frame-000129.color.png 0.940512 0.184801 -0.174781 -0.225248 0.365498 0.150821 -0.131658
seq-01/frame-000130.color.png 0.942875 0.1821 -0.168415 -0.2224 0.358108 0.150921 -0.130022
seq-01/frame-000131.color.png 0.945977 0.182106 -0.155692 -0.218461 0.341184 0.155381 -0.134252
seq-01/frame-000132.color.png 0.947775 0.184092 -0.146662 -0.215227 0.325102 0.160513 -0.13581
seq-01/frame-000133.color.png 0.948031 0.187774 -0.145282 -0.21183 0.316606 0.168459 -0.12765
seq-01/frame-000134.color.png 0.94803 0.187776 -0.145291 -0.211826 0.31662 0.16846 -0.127647
seq-01/frame-000135.color.png 0.948922 0.190044 -0.144132 -0.206533 0.312443 0.174322 -0.120348
seq-01/frame-000136.color.png 0.950033 0.189789 -0.138193 -0.205719 0.305695 0.174886 -0.116428
seq-01/frame-000137.color.png 0.951619 0.188428 -0.12719 -0.206734 0.290934 0.175277 -0.120513
seq-01/frame-000138.color.png 0.95162 0.188424 -0.12719 -0.206734 0.290932 0.175272 -0.120517
seq-01/frame-000139.color.png 0.95311 0.188182 -0.121203 -0.203665 0.278607 0.175298 -0.119474
seq-01/frame-000140.color.png 0.95378 0.191297 -0.116691 -0.200231 0.266467 0.176053 -0.117013
seq-01/frame-000141.color.png 0.953184 0.198823 -0.113023 -0.197826 0.260602 0.186021 -0.110559
seq-01/frame-000142.color.png 0.953184 0.198823 -0.113025 -0.197825 0.260605 0.186022 -0.110559
seq-01/frame-000143.color.png 0.95359 0.201497 -0.107192 -0.196406 0.250715 0.190866 -0.108834
seq-01/frame-000144.color.png 0.953206 0.202892 -0.101192 -0.199983 0.242492 0.19355 -0.107614
seq-01/frame-000145.color.png 0.95449 0.19918 -0.0955646 -0.200358 0.236845 0.190187 -0.107701
seq-01/frame-000146.color.png 0.954489 0.199185 -0.0955519 -0.200364 0.236825 0.190198 -0.107708
seq-01/frame-000147.color.png 0.956272 0.19581 -0.0859743 -0.199528 0.221969 0.187719 -0.111943
seq-01/frame-000148.color.png 0.956715 0.196587 -0.0784999 -0.199719 0.207211 0.191632 -0.114745
seq-01/frame-000149.color.png 0.956714 0.19659 -0.0784956 -0.199721 0.207204 0.191638 -0.114745
seq-01/frame-000150.color.png 0.957818 0.196225 -0.0735603 -0.196645 0.193796 0.194171 -0.116261
seq-01/frame-000151.color.png 0.959345 0.191133 -0.0742275 -0.193949 0.180514 0.186318 -0.122661
seq-01/frame-000152.color.png 0.959684 0.191981 -0.075004 -0.191114 0.165878 0.189881 -0.119533
seq-01/frame-000153.color.png 0.959684 0.191982 -0.0750048 -0.191114 0.16588 0.189882 -0.119532
seq-01/frame-000154.color.png 0.960521 0.194037 -0.0749313 -0.184756 0.154116 0.194697 -0.116104
seq-01/frame-000155.color.png 0.960804 0.195987 -0.0758277 -0.180815 0.144833 0.197893 -0.115213
seq-01/frame-000156.color.png 0.961374 0.195243 -0.0759863 -0.178511 0.130546 0.200095 -0.118688
seq-01/frame-000157.color.png 0.961351 0.194866 -0.0788487 -0.177805 0.122813 0.202543 -0.113137
seq-01/frame-000158.color.png 0.961351 0.194867 -0.0788517 -0.177803 0.122818 0.202543 -0.113135
seq-01/frame-000159.color.png 0.961595 0.196831 -0.0745576 -0.176164 0.106219 0.213513 -0.115366
seq-01/frame-000160.color.png 0.96454 0.18401 -0.0802532 -0.171357 0.0979574 0.199736 -0.121417
seq-01/frame-000161.color.png 0.965731 0.176973 -0.0855301 -0.169497 0.0851954 0.192495 -0.130188
seq-01/frame-000162.color.png 0.965677 0.177067 -0.085665 -0.169639 0.0853504 0.192666 -0.130373
seq-01/frame-000163.color.png 0.965226 0.18022 -0.0883207 -0.167507 0.068123 0.203097 -0.127144
seq-01/frame-000164.color.png 0.966309 0.176546 -0.0963932 -0.160584 0.0574512 0.202515 -0.134034
seq-01/frame-000165.color.png 0.966309 0.176546 -0.0963933 -0.160584 0.0574514 0.202515 -0.134034
seq-01/frame-000166.color.png 0.966521 0.169608 -0.109816 -0.15815 0.0535962 0.195325 -0.135319
seq-01/frame-000167.color.png 0.965319 0.17018 -0.118919 -0.158294 0.0435548 0.19936 -0.138639
seq-01/frame-000168.color.png 0.965292 0.16881 -0.123409 -0.156475 0.0255915 0.200636 -0.141768
seq-01/frame-000169.color.png 0.965132 0.169647 -0.124007 -0.156082 0.0268365 0.201961 -0.140946
seq-01/frame-000170.color.png 0.963382 0.172347 -0.137354 -0.152725 0.0299231 0.208909 -0.141732
seq-01/frame-000171.color.png 0.962276 0.1729 -0.145054 -0.151951 0.0269247 0.21235 -0.14459
seq-01/frame-000172.color.png 0.962368 0.172192 -0.145546 -0.151706 0.0271393 0.211068 -0.146975
seq-01/frame-000173.color.png 0.962865 0.166042 -0.147764 -0.153258 0.0143512 0.208426 -0.158722
seq-01/frame-000174.color.png 0.962615 0.160203 -0.151529 -0.157309 0.00643473 0.208773 -0.163404
seq-01/frame-000175.color.png 0.962173 0.153528 -0.158721 -0.15956 0.000243755 0.208739 -0.172352
seq-01/frame-000176.color.png 0.962174 0.153523 -0.158721 -0.15956 0.000242012 0.208732 -0.172358
seq-01/frame-000177.color.png 0.960757 0.150919 -0.168096 -0.160977 -0.00297261 0.210366 -0.181809
seq-01/frame-000178.color.png 0.95854 0.149922 -0.179613 -0.162679 -0.00924281 0.214803 -0.187288
seq-01/frame-000179.color.png 0.956278 0.14449 -0.193555 -0.1649 -0.0123603 0.20995 -0.194156
seq-01/frame-000180.color.png 0.956278 0.14449 -0.193555 -0.1649 -0.01236 0.20995 -0.194156
seq-01/frame-000181.color.png 0.953879 0.142852 -0.205622 -0.165613 -0.013615 0.212269 -0.200054
seq-01/frame-000182.color.png 0.951285 0.138245 -0.220637 -0.165118 -0.00741971 0.212318 -0.213052
seq-01/frame-000183.color.png 0.950145 0.132815 -0.228931 -0.164851 -0.0112139 0.209165 -0.220977
seq-01/frame-000184.color.png 0.948957 0.132881 -0.237438 -0.159518 -0.0134044 0.211146 -0.227813
seq-01/frame-000185.color.png 0.948945 0.13296 -0.237053 -0.160098 -0.0140045 0.211817 -0.228299
seq-01/frame-000186.color.png 0.947291 0.130097 -0.247452 -0.156465 -0.0155682 0.211674 -0.233806
seq-01/frame-000187.color.png 0.944466 0.125389 -0.260595 -0.156054 -0.0141159 0.209318 -0.242454
seq-01/frame-000188.color.png 0.942256 0.12254 -0.271651 -0.152783 -0.012906 0.206775 -0.247084
seq-01/frame-000189.color.png 0.939779 0.120478 -0.280916 -0.152929 -0.00952082 0.209547 -0.253285
seq-01/frame-000190.color.png 0.9396 0.12101 -0.281264 -0.152968 -0.00872631 0.210383 -0.253051
seq-01/frame-000191.color.png 0.937996 0.11659 -0.287995 -0.153718 -0.00840495 0.210547 -0.255845
seq-01/frame-000192.color.png 0.937259 0.110476 -0.293606 -0.152107 -0.0151915 0.207711 -0.262346
seq-01/frame-000193.color.png 0.934246 0.108068 -0.302882 -0.154167 -0.0198683 0.209009 -0.261652
seq-01/frame-000194.color.png 0.93036 0.106236 -0.314317 -0.15604 -0.0160219 0.210655 -0.270157
seq-01/frame-000195.color.png 0.926372 0.107034 -0.325445 -0.156408 -0.0173328 0.218144 -0.264566
seq-01/frame-000196.color.png 0.926538 0.105478 -0.326226 -0.154853 -0.0155249 0.214145 -0.271014
seq-01/frame-000197.color.png 0.922344 0.100825 -0.338483 -0.15667 -0.0163147 0.210955 -0.278873
seq-01/frame-000198.color.png 0.915027 0.0999702 -0.356327 -0.160505 -0.00181002 0.213779 -0.274082
seq-01/frame-000199.color.png 0.909946 0.0954446 -0.367886 -0.165974 0.00231272 0.214552 -0.274488
seq-01/frame-000200.color.png 0.909249 0.0922012 -0.369703 -0.167586 -0.0122196 0.217472 -0.286491
seq-01/frame-000201.color.png 0.904562 0.0896921 -0.378742 -0.174003 -0.0113991 0.221643 -0.288813
seq-01/frame-000202.color.png 0.904199 0.089643 -0.379788 -0.173637 -0.00982519 0.22075 -0.287039
seq-01/frame-000203.color.png 0.898843 0.0881036 -0.393388 -0.171943 -0.00251077 0.218216 -0.283683
seq-01/frame-000204.color.png 0.89149 0.0934928 -0.404221 -0.181959 0.00708166 0.233458 -0.274346
seq-01/frame-000205.color.png 0.888388 0.093819 -0.408631 -0.187046 0.0047748 0.239847 -0.277357
seq-01/frame-000206.color.png 0.887641 0.0937821 -0.409835 -0.18797 -0.00290186 0.244776 -0.277606
seq-01/frame-000207.color.png 0.884869 0.0944996 -0.41589 -0.18738 -0.00246798 0.242367 -0.272442
seq-01/frame-000208.color.png 0.882156 0.0964601 -0.421423 -0.186812 -0.00397571 0.244929 -0.27804
seq-01/frame-000209.color.png 0.878846 0.0993621 -0.428694 -0.184333 -0.00357129 0.247864 -0.280665
seq-01/frame-000210.color.png 0.879008 0.0992105 -0.428487 -0.184122 -0.00403845 0.247552 -0.280921
seq-01/frame-000211.color.png 0.877221 0.101404 -0.432025 -0.183181 -0.00856926 0.248886 -0.280468
seq-01/frame-000212.color.png 0.876484 0.103335 -0.433248 -0.182741 -0.0136721 0.251346 -0.281211
seq-01/frame-000213.color.png 0.875404 0.103149 -0.435557 -0.182532 -0.0170507 0.251687 -0.285642
seq-01/frame-000214.color.png 0.875405 0.103153 -0.435554 -0.182533 -0.0170575 0.251698 -0.28563
seq-01/frame-000215.color.png 0.874998 0.102515 -0.437078 -0.181196 -0.0198105 0.249498 -0.288451
seq-01/frame-000216.color.png 0.875775 0.103542 -0.435555 -0.180527 -0.0253263 0.250127 -0.290016
seq-01/frame-000217.color.png 0.877945 0.102582 -0.431119 -0.181178 -0.0318687 0.250635 -0.291227
seq-01/frame-000218.color.png 0.882919 0.100618 -0.42188 -0.179854 -0.0428743 0.250119 -0.293015
seq-01/frame-000219.color.png 0.88292 0.100615 -0.42188 -0.179853 -0.0428753 0.250115 -0.293015
seq-01/frame-000220.color.png 0.887089 0.0976616 -0.414181 -0.178853 -0.0500391 0.248797 -0.295248
seq-01/frame-000221.color.png 0.89275 0.0934955 -0.404218 -0.17568 -0.0658692 0.245812 -0.29577
seq-01/frame-000222.color.png 0.895191 0.0936932 -0.400107 -0.172539 -0.0745239 0.245697 -0.292992
seq-01/frame-000223.color.png 0.897433 0.0938343 -0.396514 -0.169075 -0.0852299 0.24485 -0.291902
seq-01/frame-000224.color.png 0.897433 0.0938353 -0.396514 -0.169075 -0.0852309 0.244852 -0.291901
seq-01/frame-000225.color.png 0.899698 0.0932188 -0.392672 -0.166323 -0.0924003 0.242874 -0.292253
seq-01/frame-000226.color.png 0.902051 0.0935834 -0.387971 -0.16439 -0.102284 0.241993 -0.287423
seq-01/frame-000227.color.png 0.903299 0.0930566 -0.385096 -0.164599 -0.107338 0.240782 -0.284239
seq-01/frame-000228.color.png 0.905757 0.0922656 -0.379305 -0.164984 -0.11502 0.240977 -0.282985
seq-01/frame-000229.color.png 0.908983 0.0916413 -0.371759 -0.164765 -0.124609 0.240217 -0.27747
seq-01/frame-000230.color.png 0.912336 0.0919787 -0.363151 -0.165242 -0.134639 0.238348 -0.272272
seq-01/frame-000231.color.png 0.912334 0.0919744 -0.363157 -0.165239 -0.134626 0.238334 -0.272276
seq-01/frame-000232.color.png 0.915135 0.0937403 -0.355932 -0.16448 -0.144846 0.239877 -0.267933
seq-01/frame-000233.color.png 0.916268 0.093334 -0.352592 -0.165593 -0.148089 0.242287 -0.263433
seq-01/frame-000234.color.png 0.919735 0.0904486 -0.344748 -0.164487 -0.160279 0.236949 -0.258105
seq-01/frame-000235.color.png 0.922406 0.0945116 -0.338405 -0.160364 -0.175568 0.239989 -0.249581
seq-01/frame-000236.color.png 0.921917 0.0954252 -0.339097 -0.16117 -0.175059 0.24267 -0.246218
seq-01/frame-000237.color.png 0.923281 0.0932822 -0.335321 -0.162515 -0.179529 0.24519 -0.239906
seq-01/frame-000238.color.png 0.923281 0.0932826 -0.335321 -0.162515 -0.179528 0.245192 -0.239908
seq-01/frame-000239.color.png 0.925399 0.0882591 -0.330004 -0.164146 -0.183802 0.245409 -0.234598
seq-01/frame-000240.color.png 0.928694 0.0795134 -0.320572 -0.168637 -0.191922 0.240694 -0.228979
seq-01/frame-000241.color.png 0.931751 0.0745059 -0.311839 -0.170429 -0.200769 0.23905 -0.224792
seq-01/frame-000242.color.png 0.934072 0.0708139 -0.304606 -0.172364 -0.210867 0.242729 -0.216378
seq-01/frame-000243.color.png 0.935909 0.0663143 -0.300068 -0.172154 -0.217472 0.239484 -0.2051
seq-01/frame-000244.color.png 0.937554 0.0627255 -0.296026 -0.171539 -0.226423 0.236231 -0.205826
seq-01/frame-000245.color.png 0.937555 0.0627207 -0.296025 -0.171539 -0.226429 0.236222 -0.205833
seq-01/frame-000246.color.png 0.938544 0.0594112 -0.292624 -0.17314 -0.235671 0.238919 -0.202786
seq-01/frame-000247.color.png 0.940077 0.0561401 -0.289943 -0.170401 -0.246664 0.235668 -0.193612
seq-01/frame-000248.color.png 0.940516 0.052906 -0.288561 -0.171356 -0.249707 0.23526 -0.193004
seq-01/frame-000249.color.png 0.940899 0.0451407 -0.287289 -0.173597 -0.253926 0.226504 -0.193055
seq-01/frame-000250.color.png 0.941399 0.048604 -0.284797 -0.174058 -0.26246 0.237321 -0.180201
seq-01/frame-000251.color.png 0.942508 0.0457603 -0.281465 -0.174249 -0.268609 0.241618 -0.181769
seq-01/frame-000252.color.png 0.942508 0.0457565 -0.281463 -0.174249 -0.268614 0.241613 -0.181777
seq-01/frame-000253.color.png 0.944071 0.0379066 -0.2758 -0.17671 -0.283712 0.239351 -0.175275
seq-01/frame-000254.color.png 0.944708 0.0318001 -0.272567 -0.179507 -0.291294 0.238243 -0.171253
seq-01/frame-000255.color.png 0.94597 0.0280943 -0.267283 -0.181415 -0.300507 0.237945 -0.164654
seq-01/frame-000256.color.png 0.946984 0.0269878 -0.263493 -0.181837 -0.307303 0.242148 -0.160845
seq-01/frame-000257.color.png 0.947004 0.0253331 -0.260453 -0.186297 -0.312068 0.246101 -0.15547
seq-01/frame-000258.color.png 0.949389 0.0198269 -0.250183 -0.188879 -0.338352 0.23643 -0.148186
seq-01/frame-000259.color.png 0.94939 0.019821 -0.250182 -0.188878 -0.338354 0.236416 -0.148191
seq-01/frame-000260.color.png 0.950104 0.0260246 -0.247425 -0.188163 -0.352777 0.245986 -0.139702
seq-01/frame-000261.color.png 0.94893 0.0285771 -0.251286 -0.188601 -0.346043 0.248741 -0.141338
seq-01/frame-000262.color.png 0.952072 0.0311168 -0.243691 -0.182224 -0.363404 0.248867 -0.131758
seq-01/frame-000263.color.png 0.952072 0.0311134 -0.243689 -0.182225 -0.363407 0.248863 -0.13177
seq-01/frame-000264.color.png 0.955225 0.0314122 -0.236403 -0.175136 -0.379625 0.244887 -0.127858
seq-01/frame-000265.color.png 0.957569 0.0322576 -0.229437 -0.171407 -0.396916 0.240004 -0.120431
seq-01/frame-000266.color.png 0.958745 0.0382876 -0.224148 -0.170584 -0.404802 0.248745 -0.108921
seq-01/frame-000267.color.png 0.958742 0.0382361 -0.224162 -0.170598 -0.404756 0.248637 -0.108993
seq-01/frame-000268.color.png 0.960154 0.0474381 -0.2161 -0.17075 -0.407635 0.267086 -0.0950085
seq-01/frame-000269.color.png 0.963832 0.0356788 -0.206136 -0.165114 -0.419442 0.247264 -0.103701
seq-01/frame-000270.color.png 0.965818 0.0419383 -0.201036 -0.158183 -0.422304 0.248804 -0.071876
seq-01/frame-000271.color.png 0.970198 0.0448086 -0.183397 -0.151898 -0.439757 0.246232 -0.0723913
seq-01/frame-000272.color.png 0.9702 0.0448073 -0.183386 -0.151904 -0.439775 0.246236 -0.072392
seq-01/frame-000273.color.png 0.974206 0.0474022 -0.167781 -0.143268 -0.452122 0.251048 -0.0442847
seq-01/frame-000274.color.png 0.979673 0.0381078 -0.145805 -0.132397 -0.476828 0.227656 -0.0461017
seq-01/frame-000275.color.png 0.981339 0.0472321 -0.136402 -0.127033 -0.481637 0.238339 -0.0177247
seq-01/frame-000276.color.png 0.983292 0.0418028 -0.121876 -0.128592 -0.496149 0.234073 -0.0290728
seq-01/frame-000277.color.png 0.983537 0.0398162 -0.120324 -0.128807 -0.5007 0.229471 -0.0265198
seq-01/frame-000278.color.png 0.984164 0.0534 -0.107207 -0.130674 -0.513842 0.260084 0.0092436
seq-01/frame-000279.color.png 0.985952 0.036388 -0.0925115 -0.134228 -0.52774 0.236997 -0.00102046
seq-01/frame-000280.color.png 0.987182 0.0481629 -0.0821841 -0.128053 -0.546879 0.261116 0.0268246
seq-01/frame-000281.color.png 0.98718 0.048238 -0.0821762 -0.128043 -0.546894 0.261265 0.0269128
seq-01/frame-000282.color.png 0.988822 0.0329952 -0.078272 -0.122541 -0.554331 0.22643 0.0111225
seq-01/frame-000283.color.png 0.990094 0.0283829 -0.0718537 -0.117241 -0.568882 0.212975 0.00952309
seq-01/frame-000284.color.png 0.990376 0.0338014 -0.0640619 -0.117938 -0.586005 0.226016 0.0257446
seq-01/frame-000285.color.png 0.99044 0.0294279 -0.0625589 -0.11937 -0.602128 0.21957 0.0225197
seq-01/frame-000286.color.png 0.989856 0.0325915 -0.0646154 -0.122258 -0.605844 0.228417 0.0176642
seq-01/frame-000287.color.png 0.989856 0.0326023 -0.0646222 -0.122256 -0.605828 0.228436 0.017667
seq-01/frame-000288.color.png 0.989803 0.0357217 -0.0627633 -0.122783 -0.606348 0.236924 0.0259636
seq-01/frame-000289.color.png 0.990537 0.0364662 -0.0526736 -0.121378 -0.611206 0.237884 0.039575
seq-01/frame-000290.color.png 0.991877 0.0366525 -0.0393978 -0.115257 -0.626374 0.232265 0.0634423
seq-01/frame-000291.color.png 0.993008 0.0374019 -0.026763 -0.108717 -0.643163 0.224895 0.0742036
seq-01/frame-000292.color.png 0.993008 0.0374037 -0.0267582 -0.108721 -0.643171 0.224903 0.0742115
seq-01/frame-000293.color.png 0.993848 0.0405282 -0.0162799 -0.101775 -0.662963 0.222197 0.0883561
seq-01/frame-000294.color.png 0.994923 0.0345842 -0.0104392 -0.093927 -0.678833 0.199284 0.0904027
seq-01/frame-000295.color.png 0.995252 0.0455121 -0.00668817 -0.085776 -0.684067 0.205433 0.103872
seq-01/frame-000296.color.png 0.995251 0.045525 -0.00669313 -0.0857776 -0.684053 0.205459 0.10388
seq-01/frame-000297.color.png 0.996296 0.03729 0.000139541 -0.077486 -0.707018 0.174669 0.0976647
seq-01/frame-000298.color.png 0.996454 0.0436745 0.00377384 -0.0718199 -0.720174 0.173271 0.111153
seq-01/frame-000299.color.png 0.995697 0.0623072 0.00354651 -0.0685067 -0.718391 0.19872 0.127703
seq-01/frame-000300.color.png 0.996716 0.0539361 0.0102079 -0.0595269 -0.739999 0.159272 0.123254
seq-01/frame-000301.color.png 0.996714 0.0539553 0.00983757 -0.0596053 -0.739356 0.159594 0.122098
seq-01/frame-000302.color.png 0.996895 0.0572529 0.0160558 -0.0516223 -0.753185 0.150985 0.126803
seq-01/frame-000303.color.png 0.996076 0.073466 0.0123664 -0.0477819 -0.746488 0.17508 0.139003
seq-01/frame-000304.color.png 0.996913 0.06149 0.0218853 -0.0436401 -0.76836 0.143928 0.143776
seq-01/frame-000305.color.png 0.997067 0.0584627 0.0276172 -0.0409457 -0.774132 0.137695 0.150305
seq-01/frame-000306.color.png 0.997067 0.0584625 0.0276173 -0.0409457 -0.774132 0.137695 0.150305
seq-01/frame-000307.color.png 0.996673 0.0609786 0.0390328 -0.037441 -0.788097 0.139497 0.171051
seq-01/frame-000308.color.png 0.996736 0.0597408 0.0439354 -0.0319098 -0.786175 0.128086 0.176317
seq-01/frame-000309.color.png 0.996523 0.0569634 0.0553267 -0.0252336 -0.800494 0.115466 0.191622
seq-01/frame-000310.color.png 0.996026 0.0579304 0.0643374 -0.0209242 -0.811214 0.116174 0.206266
seq-01/frame-000311.color.png 0.996025 0.0579303 0.0643411 -0.0209241 -0.811221 0.116173 0.206273
seq-01/frame-000312.color.png 0.996021 0.052428 0.0698533 -0.017704 -0.816066 0.106596 0.215711
seq-01/frame-000313.color.png 0.995653 0.0544224 0.0744219 -0.0132036 -0.816348 0.104716 0.224981
seq-01/frame-000314.color.png 0.994627 0.0535095 0.0883148 -0.00738912 -0.828387 0.0937638 0.245653
seq-01/frame-000315.color.png 0.994055 0.0538541 0.0945932 -0.00259269 -0.829338 0.0857707 0.259287
seq-01/frame-000316.color.png 0.992818 0.0533563 0.107065 0.00149064 -0.836774 0.0772424 0.276973
seq-01/frame-000317.color.png 0.992818 0.0533564 0.107065 0.00149063 -0.836774 0.0772425 0.276973
seq-01/frame-000318.color.png 0.992126 0.0512996 0.114134 0.00519538 -0.842018 0.0702165 0.288347
seq-01/frame-000319.color.png 0.991234 0.051228 0.121548 0.007518 -0.846728 0.0666629 0.303761
seq-01/frame-000320.color.png 0.990306 0.0504571 0.128409 0.0160923 -0.853431 0.0530512 0.313454
seq-01/frame-000321.color.png 0.989212 0.0525142 0.13506 0.0214453 -0.858195 0.0491199 0.327633
seq-01/frame-000322.color.png 0.987485 0.0650696 0.141603 0.0242399 -0.853489 0.0695231 0.344175
seq-01/frame-000323.color.png 0.98733 0.0631676 0.143434 0.0248293 -0.856913 0.0643781 0.347636
seq-01/frame-000324.color.png 0.986637 0.0508951 0.152292 0.0276429 -0.854083 0.0397692 0.354821
seq-01/frame-000325.color.png 0.984952 0.0484512 0.162589 0.032979 -0.852371 0.0281357 0.364079
seq-01/frame-000326.color.png 0.982584 0.0505603 0.17416 0.0405106 -0.853911 0.016478 0.38046
seq-01/frame-000327.color.png 0.980671 0.0650022 0.179909 0.0411229 -0.84416 0.0400372 0.404723
seq-01/frame-000328.color.png 0.977861 0.0570903 0.195533 0.0479064 -0.849455 0.00957261 0.425702
seq-01/frame-000329.color.png 0.975217 0.0572703 0.20594 0.0571059 -0.856541 -0.00789575 0.446758
seq-01/frame-000330.color.png 0.973318 0.0637441 0.210877 0.0641859 -0.859171 -0.0120229 0.459237
seq-01/frame-000331.color.png 0.97148 0.0662832 0.21581 0.0725282 -0.858118 -0.0236497 0.464588
seq-01/frame-000332.color.png 0.970095 0.0682859 0.219695 0.0773785 -0.85628 -0.0327681 0.47593
seq-01/frame-000333.color.png 0.967768 0.0759496 0.225796 0.0816825 -0.854759 -0.0318474 0.486193
seq-01/frame-000334.color.png 0.966224 0.0741053 0.229598 0.0905815 -0.8509 -0.0584628 0.489803
seq-01/frame-000335.color.png 0.963445 0.0873572 0.235197 0.0939411 -0.845284 -0.0513837 0.501683
seq-01/frame-000336.color.png 0.95923 0.0886163 0.247846 0.102946 -0.846513 -0.0745203 0.522371
seq-01/frame-000337.color.png 0.95653 0.101777 0.252584 0.104366 -0.83917 -0.0608659 0.540245
seq-01/frame-000338.color.png 0.953409 0.0954776 0.263314 0.112078 -0.840346 -0.092615 0.554003
seq-01/frame-000339.color.png 0.951937 0.099372 0.265569 0.115823 -0.838541 -0.098234 0.555016
seq-01/frame-000340.color.png 0.950358 0.101295 0.269142 0.118838 -0.839081 -0.111655 0.561802
seq-01/frame-000341.color.png 0.94781 0.106997 0.27351 0.124093 -0.842815 -0.126245 0.568247
seq-01/frame-000342.color.png 0.946 0.11567 0.2753 0.126152 -0.846355 -0.124259 0.570276
seq-01/frame-000343.color.png 0.944919 0.116651 0.276648 0.130331 -0.845474 -0.135706 0.565918
seq-01/frame-000344.color.png 0.942203 0.125167 0.280481 0.133856 -0.84693 -0.13475 0.57312
seq-01/frame-000345.color.png 0.940181 0.129704 0.283845 0.136634 -0.846864 -0.138599 0.578101
seq-01/frame-000346.color.png 0.938539 0.134295 0.28592 0.139139 -0.84651 -0.138793 0.580749
seq-01/frame-000347.color.png 0.937209 0.137697 0.287086 0.142343 -0.846488 -0.145376 0.580556
seq-01/frame-000348.color.png 0.935025 0.144047 0.288967 0.146547 -0.846109 -0.147646 0.580771
seq-01/frame-000349.color.png 0.931993 0.14956 0.294159 0.149974 -0.851329 -0.148876 0.590941
seq-01/frame-000350.color.png 0.92886 0.15832 0.297022 0.1547 -0.853546 -0.150892 0.594493
seq-01/frame-000351.color.png 0.927759 0.164596 0.295845 0.156996 -0.856504 -0.146988 0.58985
seq-01/frame-000352.color.png 0.925911 0.165389 0.299326 0.160435 -0.858272 -0.154113 0.588736
seq-01/frame-000353.color.png 0.92179 0.177961 0.299735 0.169683 -0.858451 -0.156638 0.590723
seq-01/frame-000354.color.png 0.922136 0.176853 0.297192 0.173395 -0.859614 -0.167004 0.576044
seq-01/frame-000355.color.png 0.919553 0.184352 0.299407 0.175475 -0.863391 -0.160723 0.575512
seq-01/frame-000356.color.png 0.91956 0.18508 0.298885 0.175564 -0.869018 -0.154485 0.572145
seq-01/frame-000357.color.png 0.921261 0.184511 0.293661 0.176059 -0.872745 -0.144349 0.556043
seq-01/frame-000358.color.png 0.92297 0.184256 0.289888 0.17361 -0.874004 -0.137256 0.547782
seq-01/frame-000359.color.png 0.922679 0.186311 0.28944 0.173715 -0.876073 -0.136652 0.543424
seq-01/frame-000360.color.png 0.923288 0.192945 0.283773 0.172579 -0.877914 -0.129349 0.536193
seq-01/frame-000361.color.png 0.923436 0.196778 0.281083 0.171862 -0.883808 -0.126201 0.52352
seq-01/frame-000362.color.png 0.923252 0.203014 0.277424 0.171542 -0.887869 -0.119438 0.519516
seq-01/frame-000363.color.png 0.924694 0.209006 0.270049 0.16832 -0.888659 -0.105969 0.503085
seq-01/frame-000364.color.png 0.923371 0.216139 0.270516 0.165802 -0.888894 -0.0950674 0.507988
seq-01/frame-000365.color.png 0.923916 0.221186 0.264666 0.165554 -0.889919 -0.0904019 0.500735
seq-01/frame-000366.color.png 0.925064 0.229514 0.256116 0.161194 -0.898292 -0.0757967 0.483034
seq-01/frame-000367.color.png 0.925887 0.233424 0.247282 0.164617 -0.894056 -0.0743008 0.46855
seq-01/frame-000368.color.png 0.926718 0.23962 0.239264 0.162876 -0.897281 -0.0636224 0.457591
seq-01/frame-000369.color.png 0.928213 0.246513 0.230248 0.156964 -0.903468 -0.0443292 0.44453
seq-01/frame-000370.color.png 0.929818 0.251046 0.221527 0.152774 -0.907517 -0.0273029 0.430675
seq-01/frame-000371.color.png 0.932403 0.253069 0.209745 0.150291 -0.908205 -0.016542 0.411802
seq-01/frame-000372.color.png 0.934158 0.257386 0.201955 0.142535 -0.9116 0.00805523 0.399533
seq-01/frame-000373.color.png 0.93768 0.25696 0.19359 0.13134 -0.901636 0.0411896 0.391845
seq-01/frame-000374.color.png 0.937375 0.263402 0.187276 0.129905 -0.896325 0.0564062 0.38828
seq-01/frame-000375.color.png 0.938602 0.26453 0.18 0.129039 -0.889567 0.0664532 0.379522
seq-01/frame-000376.color.png 0.939863 0.266024 0.174048 0.124883 -0.881478 0.0805343 0.374328
seq-01/frame-000377.color.png 0.940341 0.271015 0.166908 0.120213 -0.87209 0.0948636 0.373312
seq-01/frame-000378.color.png 0.93929 0.279245 0.160832 0.117856 -0.874239 0.109924 0.371881
seq-01/frame-000379.color.png 0.940686 0.282453 0.146758 0.117443 -0.873765 0.125314 0.353901
seq-01/frame-000380.color.png 0.943331 0.283758 0.1304 0.112266 -0.866761 0.14866 0.33169
seq-01/frame-000381.color.png 0.947224 0.278469 0.120501 0.103446 -0.855754 0.165418 0.315064
seq-01/frame-000382.color.png 0.949021 0.276094 0.117919 0.0960537 -0.844838 0.183901 0.317637
seq-01/frame-000383.color.png 0.950065 0.275088 0.11647 0.0902075 -0.837518 0.203625 0.322306
seq-01/frame-000384.color.png 0.951965 0.271807 0.110085 0.0881213 -0.823232 0.214958 0.317272
seq-01/frame-000385.color.png 0.951823 0.273385 0.106912 0.0886775 -0.818469 0.225655 0.321493
seq-01/frame-000386.color.png 0.952207 0.276538 0.0947927 0.0885584 -0.80623 0.24176 0.313999
seq-01/frame-000387.color.png 0.955044 0.26954 0.0861737 0.0883961 -0.798393 0.234669 0.29817
seq-01/frame-000388.color.png 0.953496 0.277734 0.0780568 0.0872685 -0.791234 0.253767 0.299482
seq-01/frame-000389.color.png 0.954625 0.276736 0.0667785 0.0874621 -0.781731 0.257662 0.284141
seq-01/frame-000390.color.png 0.954685 0.280326 0.0530031 0.0847605 -0.771454 0.274828 0.272538
seq-01/frame-000391.color.png 0.95779 0.273237 0.0422229 0.0787228 -0.759422 0.282374 0.258661
seq-01/frame-000392.color.png 0.959672 0.269182 0.0349694 0.0731327 -0.75003 0.29175 0.252264
seq-01/frame-000393.color.png 0.962256 0.261858 0.0284085 0.0684642 -0.738161 0.30121 0.239585
seq-01/frame-000394.color.png 0.964108 0.256978 0.0220252 0.0630351 -0.723776 0.315335 0.237353
seq-01/frame-000395.color.png 0.966069 0.251306 0.0204321 0.0560254 -0.714058 0.323101 0.241621
seq-01/frame-000396.color.png 0.966103 0.252009 0.0170624 0.0533419 -0.70541 0.334056 0.243848
seq-01/frame-000397.color.png 0.966589 0.250633 0.00036824 0.0537474 -0.686924 0.354792 0.220131
seq-01/frame-000398.color.png 0.969758 0.239489 -0.0150331 0.0445944 -0.665208 0.367294 0.20956
seq-01/frame-000399.color.png 0.972499 0.229301 -0.0148448 0.0380406 -0.663921 0.363572 0.201495
seq-01/frame-000400.color.png 0.978509 0.20351 -0.017431 0.0282885 -0.645928 0.35709 0.186934
seq-01/frame-000401.color.png 0.979994 0.196874 -0.0190133 0.0221681 -0.627503 0.36497 0.183789
seq-01/frame-000402.color.png 0.978883 0.202853 -0.0213213 0.0135989 -0.605182 0.400656 0.201433
seq-01/frame-000403.color.png 0.980644 0.194728 -0.0198242 0.00506443 -0.592961 0.398068 0.203325
seq-01/frame-000404.color.png 0.981098 0.192635 -0.0181083 -0.00339898 -0.575496 0.402213 0.207991
seq-01/frame-000405.color.png 0.980741 0.194572 -0.0146879 -0.00853332 -0.569373 0.410262 0.219563
seq-01/frame-000406.color.png 0.981631 0.189047 -0.0220533 -0.0132669 -0.549709 0.406478 0.206961
seq-01/frame-000407.color.png 0.981023 0.192071 -0.0221683 -0.0145373 -0.549488 0.412228 0.212548
seq-01/frame-000408.color.png 0.982033 0.185671 -0.0302975 -0.014834 -0.539472 0.404444 0.198139
seq-01/frame-000409.color.png 0.980997 0.190815 -0.0289725 -0.0198694 -0.544707 0.416808 0.215959
seq-01/frame-000410.color.png 0.982979 0.177538 -0.0398187 -0.0254396 -0.515108 0.396466 0.183514
seq-01/frame-000411.color.png 0.983161 0.174419 -0.0452853 -0.0303471 -0.507499 0.410792 0.186312
seq-01/frame-000412.color.png 0.984326 0.16369 -0.0542759 -0.0369082 -0.487611 0.400312 0.163456
seq-01/frame-000413.color.png 0.9847 0.159097 -0.0583356 -0.0406326 -0.477523 0.40444 0.156338
seq-01/frame-000414.color.png 0.987709 0.139626 -0.053102 -0.0459963 -0.487866 0.374774 0.148958
seq-01/frame-000415.color.png 0.985233 0.155636 -0.0521693 -0.0487064 -0.486895 0.398797 0.173527
seq-01/frame-000416.color.png 0.985352 0.150442 -0.0643762 -0.0480088 -0.465935 0.39197 0.143741
seq-01/frame-000417.color.png 0.985488 0.149009 -0.0620743 -0.0525092 -0.475588 0.393314 0.158457
seq-01/frame-000418.color.png 0.984864 0.147076 -0.0701005 -0.0591439 -0.456386 0.391076 0.146807
seq-01/frame-000419.color.png 0.985339 0.141301 -0.0737044 -0.0609064 -0.444665 0.384081 0.130466
seq-01/frame-000420.color.png 0.985093 0.140906 -0.0745476 -0.0646457 -0.438947 0.39063 0.135127
seq-01/frame-000421.color.png 0.986678 0.127605 -0.0750211 -0.0674914 -0.438621 0.371043 0.114759
seq-01/frame-000422.color.png 0.986963 0.129056 -0.0696123 -0.066353 -0.450668 0.376063 0.128591
seq-01/frame-000423.color.png 0.986967 0.126647 -0.0747576 -0.0653309 -0.443526 0.37604 0.122349
seq-01/frame-000424.color.png 0.988004 0.118503 -0.0756256 -0.0639235 -0.443167 0.361001 0.113706
seq-01/frame-000425.color.png 0.988829 0.110853 -0.077349 -0.0628135 -0.438578 0.348061 0.100599
seq-01/frame-000426.color.png 0.988855 0.111859 -0.0763273 -0.0618653 -0.446461 0.349785 0.109201
seq-01/frame-000427.color.png 0.98887 0.106838 -0.0826674 -0.0623599 -0.432847 0.337245 0.0956779
seq-01/frame-000428.color.png 0.989248 0.10884 -0.0767562 -0.0604281 -0.446517 0.337529 0.103337
seq-01/frame-000429.color.png 0.989932 0.100772 -0.079097 -0.0601888 -0.446955 0.324842 0.0903949
seq-01/frame-000430.color.png 0.991034 0.0844161 -0.0852094 -0.0588565 -0.454599 0.297348 0.0688201
seq-01/frame-000431.color.png 0.988563 0.0970206 -0.0986402 -0.0599945 -0.446029 0.325498 0.0776322
seq-01/frame-000432.color.png 0.988431 0.0883947 -0.10756 -0.0601762 -0.441314 0.310701 0.0591323
seq-01/frame-000433.color.png 0.988773 0.0783523 -0.109996 -0.0639456 -0.437743 0.29167 0.0555909
seq-01/frame-000434.color.png 0.988268 0.0781508 -0.113144 -0.0664574 -0.427436 0.291302 0.0514729
seq-01/frame-000435.color.png 0.988478 0.0755876 -0.111584 -0.0688901 -0.425944 0.284478 0.0517842
seq-01/frame-000436.color.png 0.988657 0.0724452 -0.109548 -0.0728615 -0.428378 0.27622 0.0504561
seq-01/frame-000437.color.png 0.987809 0.0785624 -0.111018 -0.075743 -0.422978 0.288448 0.0526478
seq-01/frame-000438.color.png 0.988994 0.06604 -0.107715 -0.0769934 -0.433232 0.263533 0.0450373
seq-01/frame-000439.color.png 0.98785 0.0679883 -0.114406 -0.0802526 -0.419532 0.268159 0.0433408
seq-01/frame-000440.color.png 0.987003 0.069625 -0.11773 -0.0843591 -0.410166 0.270957 0.0453456
seq-01/frame-000441.color.png 0.987297 0.0670698 -0.114413 -0.0874956 -0.413615 0.264358 0.0443559
seq-01/frame-000442.color.png 0.987021 0.0699949 -0.114884 -0.0877001 -0.410215 0.266263 0.0461424
seq-01/frame-000443.color.png 0.987564 0.0658336 -0.113055 -0.0871836 -0.414595 0.256279 0.0422171
seq-01/frame-000444.color.png 0.98733 0.0642042 -0.115501 -0.0878486 -0.413997 0.249192 0.0428695
seq-01/frame-000445.color.png 0.987181 0.0628946 -0.117373 -0.0879901 -0.414985 0.242804 0.0372025
seq-01/frame-000446.color.png 0.986723 0.0619528 -0.122931 -0.0861825 -0.404178 0.236483 0.0308058
seq-01/frame-000447.color.png 0.98715 0.057205 -0.121127 -0.0871214 -0.407811 0.227079 0.027604
seq-01/frame-000448.color.png 0.987203 0.0573533 -0.120675 -0.0870538 -0.404954 0.219723 0.0310801
seq-01/frame-000449.color.png 0.987308 0.0582544 -0.120945 -0.0848596 -0.406805 0.210689 0.0309589
seq-01/frame-000450.color.png 0.987316 0.0576011 -0.121485 -0.0844489 -0.410606 0.203283 0.0266246
seq-01/frame-000451.color.png 0.986613 0.0598481 -0.128472 -0.0806696 -0.399592 0.196294 0.0234612
seq-01/frame-000452.color.png 0.986614 0.0598444 -0.128469 -0.0806687 -0.399599 0.196286 0.0234559
seq-01/frame-000453.color.png 0.986546 0.0596145 -0.129733 -0.0796403 -0.399474 0.187556 0.0213586
seq-01/frame-000454.color.png 0.986613 0.0588267 -0.131126 -0.0770684 -0.401596 0.173793 0.0176873
seq-01/frame-000455.color.png 0.987548 0.0525083 -0.127828 -0.0751722 -0.415401 0.153677 0.0165914
seq-01/frame-000456.color.png 0.986112 0.0580439 -0.136128 -0.075392 -0.401645 0.159704 0.0143869
seq-01/frame-000457.color.png 0.986112 0.0580257 -0.136131 -0.0753955 -0.401634 0.159669 0.0143637
seq-01/frame-000458.color.png 0.985166 0.0573192 -0.142932 -0.0757101 -0.384186 0.153699 0.0047787
seq-01/frame-000459.color.png 0.98569 0.0526748 -0.141926 -0.0741467 -0.378668 0.136107 -0.00085589
seq-01/frame-000460.color.png 0.986366 0.052312 -0.138437 -0.071984 -0.379875 0.131895 0.0025484
seq-01/frame-000461.color.png 0.986365 0.0523206 -0.138437 -0.0719846 -0.379875 0.131913 0.00255977
seq-01/frame-000462.color.png 0.986588 0.0520409 -0.13763 -0.0706658 -0.380365 0.12465 0.00585229
seq-01/frame-000463.color.png 0.985848 0.0457 -0.143376 -0.0738821 -0.365156 0.110281 -0.00986052
seq-01/frame-000464.color.png 0.985846 0.0447766 -0.143478 -0.0742737 -0.355495 0.106105 -0.0127159
seq-01/frame-000465.color.png 0.986403 0.0484346 -0.139392 -0.0723417 -0.354898 0.103899 0.0011578
seq-01/frame-000466.color.png 0.986403 0.0484348 -0.139392 -0.0723417 -0.354899 0.103899 0.0011581
seq-01/frame-000467.color.png 0.98642 0.0478659 -0.139636 -0.0720202 -0.349656 0.0987496 -0.00560477
seq-01/frame-000468.color.png 0.987021 0.0481336 -0.136531 -0.0695066 -0.350976 0.0952366 -0.000632098
seq-01/frame-000469.color.png 0.986929 0.0476061 -0.139317 -0.0655449 -0.342813 0.0887113 0.000148972
seq-01/frame-000470.color.png 0.986977 0.0418219 -0.140617 -0.0659908 -0.334291 0.0735344 -0.00714068
seq-01/frame-000471.color.png 0.986977 0.0418187 -0.140618 -0.0659914 -0.334288 0.0735284 -0.00714489
seq-01/frame-000472.color.png 0.986392 0.0485169 -0.14285 -0.0653574 -0.316482 0.0816684 -0.00282153
seq-01/frame-000473.color.png 0.987422 0.0484813 -0.13702 -0.0622328 -0.315296 0.0743818 0.0046812
seq-01/frame-000474.color.png 0.987602 0.0505599 -0.136484 -0.0587977 -0.307062 0.0706744 0.00341762
seq-01/frame-000475.color.png 0.987696 0.0516058 -0.136797 -0.0554987 -0.299536 0.0670963 0.00404487
seq-01/frame-000476.color.png 0.987696 0.0516049 -0.136798 -0.0554987 -0.299533 0.0670939 0.00404275
seq-01/frame-000477.color.png 0.987944 0.049726 -0.136292 -0.0540256 -0.289143 0.0594366 0.00375369
seq-01/frame-000478.color.png 0.988133 0.0506637 -0.134608 -0.0539125 -0.279785 0.0539786 0.00457803
seq-01/frame-000479.color.png 0.988392 0.0504366 -0.132486 -0.0546346 -0.27257 0.052034 0.00292621
seq-01/frame-000480.color.png 0.988567 0.0495105 -0.132735 -0.0516287 -0.26514 0.0475655 0.00301264
seq-01/frame-000481.color.png 0.988567 0.0495107 -0.132734 -0.0516288 -0.265141 0.047566 0.00301298
seq-01/frame-000482.color.png 0.988535 0.0479688 -0.133623 -0.0513978 -0.259185 0.0419262 0.00335954
seq-01/frame-000483.color.png 0.9882 0.0462873 -0.136207 -0.0525848 -0.245671 0.036326 -0.00366647
seq-01/frame-000484.color.png 0.988355 0.049653 -0.134818 -0.0501356 -0.236682 0.0335757 0.00407783
seq-01/frame-000485.color.png 0.988324 0.050863 -0.135388 -0.0479382 -0.228853 0.0278917 0.000350969
seq-01/frame-000486.color.png 0.988325 0.0508599 -0.135386 -0.0479395 -0.228858 0.0278879 0.000340655
seq-01/frame-000487.color.png 0.988361 0.0511482 -0.135816 -0.0456125 -0.22009 0.022569 -0.00123737
seq-01/frame-000488.color.png 0.988558 0.0522196 -0.134993 -0.04247 -0.212986 0.0124209 0.0042416
seq-01/frame-000489.color.png 0.98837 0.0531864 -0.13542 -0.0442337 -0.203466 0.0100559 -0.00538936
seq-01/frame-000490.color.png 0.988715 0.0543229 -0.133114 -0.0420942 -0.192826 0.000277253 0.00315934
seq-01/frame-000491.color.png 0.988648 0.0550388 -0.133173 -0.042556 -0.192982 0.00327856 0.000836256
seq-01/frame-000492.color.png 0.988109 0.0631318 -0.133713 -0.042139 -0.174265 0.0109994 0.000577814
seq-01/frame-000493.color.png 0.988629 0.0650812 -0.130227 -0.03765 -0.166221 0.000792627 0.00194782
seq-01/frame-000494.color.png 0.989561 0.0636211 -0.124127 -0.0362434 -0.1672 -0.00694929 -0.00846513
seq-01/frame-000495.color.png 0.989294 0.0682153 -0.124189 -0.0349342 -0.151147 -0.00608361 -0.00124979
seq-01/frame-000496.color.png 0.98972 0.0690373 -0.120556 -0.0339719 -0.137302 -0.0129505 -0.00320112
seq-01/frame-000497.color.png 0.989771 0.0741983 -0.11726 -0.0331464 -0.126081 -0.0127371 -0.00255285
seq-01/frame-000498.color.png 0.989771 0.07419 -0.117261 -0.033146 -0.126079 -0.0127548 -0.00256097
seq-01/frame-000499.color.png 0.990616 0.071598 -0.111852 -0.0323047 -0.120764 -0.0251572 -0.00368297
seq-01/frame-000500.color.png 0.991028 0.0723941 -0.10859 -0.0288275 -0.111315 -0.0287381 -0.00674359
seq-01/frame-000501.color.png 0.991134 0.0766401 -0.105133 -0.0269414 -0.100772 -0.025739 -0.00720974
seq-01/frame-000502.color.png 0.991367 0.0788386 -0.101676 -0.0252735 -0.0915077 -0.0247973 -0.0102986
seq-01/frame-000503.color.png 0.991851 0.0805718 -0.0955794 -0.0245754 -0.0896011 -0.0271354 -0.00849945
seq-01/frame-000504.color.png 0.991468 0.0822796 -0.0981178 -0.0243583 -0.0685333 -0.0241566 -0.0119647
seq-01/frame-000505.color.png 0.992423 0.0808581 -0.0901109 -0.020933 -0.0641938 -0.0295841 -0.0108147
seq-01/frame-000506.color.png 0.992375 0.0859736 -0.086122 -0.0195775 -0.0573516 -0.0225142 -0.0114064
seq-01/frame-000507.color.png 0.99258 0.0847151 -0.0852904 -0.0182462 -0.041688 -0.0266686 -0.0125921
seq-01/frame-000508.color.png 0.993008 0.0841796 -0.0811232 -0.0163673 -0.0312349 -0.0283436 -0.0128371
seq-01/frame-000509.color.png 0.993424 0.0848075 -0.0755622 -0.0144147 -0.028993 -0.0289005 -0.0134566
seq-01/frame-000510.color.png 0.994097 0.0798969 -0.0722664 -0.0128399 -0.0189674 -0.0384791 -0.0186631
seq-01/frame-000511.color.png 0.9945 0.0815492 -0.0647993 -0.0109844 -0.0142617 -0.0372439 -0.0153518
seq-01/frame-000512.color.png 0.994347 0.0855925 -0.0620587 -0.00983026 -0.0013803 -0.030049 -0.0175084
seq-01/frame-000513.color.png 0.994902 0.0825964 -0.0573625 -0.00751109 0.0066583 -0.0363938 -0.016884
seq-01/frame-000514.color.png 0.994903 0.0825927 -0.0573639 -0.00751156 0.00666116 -0.0364003 -0.0168863
seq-01/frame-000515.color.png 0.994704 0.0860598 -0.0560514 -0.00387945 0.01745 -0.0289876 -0.0197433
seq-01/frame-000516.color.png 0.995168 0.0812095 -0.0550706 -0.00361884 0.0262054 -0.039063 -0.0245209
seq-01/frame-000517.color.png 0.994312 0.0931636 -0.0515821 -0.0017017 0.0390927 -0.0170987 -0.0162055
seq-01/frame-000518.color.png 0.994936 0.0881127 -0.0483024 -0.00223172 0.0474233 -0.025809 -0.0188645
seq-01/frame-000519.color.png 0.994937 0.0880984 -0.0483089 -0.0022321 0.047437 -0.0258355 -0.0188696
seq-01/frame-000520.color.png 0.994894 0.0871833 -0.0508458 -1.48603e-05 0.068816 -0.0258353 -0.0230698
seq-01/frame-000521.color.png 0.995597 0.0868554 -0.0352542 -0.000213955 0.0530941 -0.0281745 -0.0202961
seq-01/frame-000522.color.png 0.995198 0.0889697 -0.0407547 0.00211831 0.0735494 -0.023269 -0.0224293
seq-01/frame-000523.color.png 0.995537 0.0901359 -0.0277897 0.0031178 0.0613247 -0.0192213 -0.0354448
seq-01/frame-000524.color.png 0.995232 0.0915724 -0.0331854 0.00521766 0.0885932 -0.0189637 -0.0190257
seq-01/frame-000525.color.png 0.995232 0.091574 -0.0331811 0.00521826 0.0885847 -0.0189604 -0.0190279
seq-01/frame-000526.color.png 0.995302 0.0919992 -0.0295934 0.00583565 0.0972843 -0.0174668 -0.0222375
seq-01/frame-000527.color.png 0.995325 0.0922571 -0.0278209 0.0065753 0.10461 -0.0160928 -0.0184971
seq-01/frame-000528.color.png 0.995034 0.0967172 -0.0220149 0.00831925 0.109913 -0.00505629 -0.0175704
seq-01/frame-000529.color.png 0.995549 0.0923511 -0.0172885 0.00739106 0.115555 -0.0100301 -0.0211159
seq-01/frame-000530.color.png 0.995569 0.0921565 -0.0170573 0.00759403 0.115317 -0.010099 -0.0217907
seq-01/frame-000531.color.png 0.995062 0.0973827 -0.0179887 0.00667308 0.125146 0.00232982 -0.011595
seq-01/frame-000532.color.png 0.995852 0.0902726 -0.0107568 0.00373425 0.133158 -0.00734896 -0.0162982
seq-01/frame-000533.color.png 0.995664 0.0927103 -0.00423973 0.00629611 0.142395 0.00538428 -0.018342
seq-01/frame-000534.color.png 0.99558 0.0934986 -0.00518756 0.00717717 0.154144 0.0153452 -0.00480347
seq-01/frame-000535.color.png 0.99636 0.0846026 -0.000837745 0.0104033 0.165357 0.0116375 -0.00502429
seq-01/frame-000536.color.png 0.996361 0.0845907 -0.000842898 0.0104033 0.165369 0.011618 -0.0050294
seq-01/frame-000537.color.png 0.997101 0.0753608 0.00398205 0.0096758 0.176647 0.00348347 -0.0103934
seq-01/frame-000538.color.png 0.997339 0.0712813 0.0108677 0.0107724 0.180633 0.00721226 -0.0112912
seq-01/frame-000539.color.png 0.997628 0.0668166 0.0146489 0.00773729 0.188531 0.00165849 -0.00819521
seq-01/frame-000540.color.png 0.997738 0.064707 0.0172535 0.00582314 0.19942 0.00140562 -0.00930508
seq-01/frame-000541.color.png 0.997413 0.0676384 0.0237435 0.00543329 0.199989 0.0140951 -0.00189776
seq-01/frame-000542.color.png 0.99745 0.0642233 0.0307973 0.00457019 0.201829 0.0171201 -0.000924113
seq-01/frame-000543.color.png 0.997659 0.0587843 0.0349304 0.000496331 0.207347 0.0121417 -0.00107044
seq-01/frame-000544.color.png 0.99766 0.0571774 0.037407 -0.00248527 0.21567 0.0144686 8.95707e-05
seq-01/frame-000545.color.png 0.997694 0.0548953 0.0397919 -0.00308004 0.224788 0.0199826 0.00444162
seq-01/frame-000546.color.png 0.997612 0.0488107 0.0486924 -0.00416985 0.224214 0.0149655 0.0021263
seq-01/frame-000547.color.png 0.997612 0.0488099 0.0486916 -0.0041697 0.224215 0.0149641 0.00212626
seq-01/frame-000548.color.png 0.997693 0.0451372 0.0506822 -0.00131806 0.232416 0.0159935 -0.00107843
seq-01/frame-000549.color.png 0.99736 0.0462953 0.0559299 -0.00104608 0.224804 0.0305895 0.000529687
seq-01/frame-000550.color.png 0.998387 0.0273895 0.0497337 -0.000488768 0.240245 0.0101046 0.00121915
seq-01/frame-000551.color.png 0.998667 0.0202337 0.0474627 -0.00131519 0.25348 0.0007389 0.00215101
seq-01/frame-000552.color.png 0.998349 0.0256181 0.051382 -0.00143355 0.257189 0.0159509 0.00679388
seq-01/frame-000553.color.png 0.998422 0.01813 0.0531412 -0.000296884 0.263974 0.0126257 0.00507945
seq-01/frame-000554.color.png 0.998237 0.013605 0.057776 -0.000526011 0.261207 0.0121341 0.00507356
seq-01/frame-000555.color.png 0.998424 0.0044006 0.055938 -0.00100315 0.270599 -0.00187325 0.00471534
seq-01/frame-000556.color.png 0.998299 0.00696862 0.0578652 -0.00174099 0.274486 0.00276364 0.00676917
seq-01/frame-000557.color.png 0.998179 0.00766605 0.0597766 -0.00272399 0.277802 0.00191732 0.00808641
seq-01/frame-000558.color.png 0.99809 0.00487628 0.0615435 -0.00240675 0.281386 -0.00266512 0.00889476
seq-01/frame-000559.color.png 0.99809 0.00487124 0.0615321 -0.00240425 0.28141 -0.0026736 0.0088931
seq-01/frame-000560.color.png 0.998051 0.00355037 0.0623008 -0.000407772 0.286029 -0.00531321 0.0131364
seq-01/frame-000561.color.png 0.99802 0.000304705 0.0628486 0.00234969 0.287969 -0.0157169 0.0132072
seq-01/frame-000562.color.png 0.997958 0.00182038 0.0638401 0.00120999 0.288393 -0.0162885 0.0130565
seq-01/frame-000563.color.png 0.997971 0.0010172 0.0636465 -0.0015295 0.296491 -0.0244038 0.0225001
seq-01/frame-000564.color.png 0.997674 0.000828323 0.0681349 -0.00195747 0.297433 -0.0305172 0.0245506
seq-01/frame-000565.color.png 0.997399 0.00144565 0.0719693 -0.00373271 0.295585 -0.0340432 0.0238579
seq-01/frame-000566.color.png 0.997399 0.00144564 0.0719693 -0.0037327 0.295585 -0.0340432 0.0238579
seq-01/frame-000567.color.png 0.997518 -0.00347 0.070192 -0.00440138 0.303713 -0.0463485 0.0263808
seq-01/frame-000568.color.png 0.997213 -0.00334454 0.0742836 -0.00608514 0.29896 -0.0514971 0.0317246
seq-01/frame-000569.color.png 0.997267 -0.0044146 0.0735858 -0.00486047 0.303968 -0.0569174 0.0371468
seq-01/frame-000570.color.png 0.997159 -0.00713003 0.0748444 -0.00458543 0.306617 -0.0658004 0.0366239
seq-01/frame-000571.color.png 0.996942 -0.00768001 0.0776465 -0.00430055 0.307594 -0.0717712 0.0427952
seq-01/frame-000572.color.png 0.996762 -0.00812116 0.0798296 -0.00522038 0.307683 -0.0780554 0.0471104
seq-01/frame-000573.color.png 0.996432 -0.00865618 0.0838557 -0.00403516 0.301155 -0.0832879 0.0547986
seq-01/frame-000574.color.png 0.996813 -0.00760267 0.0794002 -0.00101889 0.312573 -0.0903037 0.0635727
seq-01/frame-000575.color.png 0.996601 -0.00544145 0.0821946 0.00119831 0.308564 -0.0954521 0.0634473
seq-01/frame-000576.color.png 0.996422 -0.00776137 0.0841314 0.00223575 0.308713 -0.106066 0.0630232
seq-01/frame-000577.color.png 0.996215 -0.00496585 0.0866992 0.00389372 0.306681 -0.106758 0.0683362
seq-01/frame-000578.color.png 0.99629 -0.00862621 0.0854636 0.00522857 0.312362 -0.118491 0.0674413
seq-01/frame-000579.color.png 0.996199 -0.00935067 0.0862497 0.0078028 0.31209 -0.121225 0.0721614
seq-01/frame-000580.color.png 0.996094 -0.0118692 0.0866949 0.0118665 0.312898 -0.126505 0.0734711
seq-01/frame-000581.color.png 0.996174 -0.0137592 0.0845157 0.0174935 0.317371 -0.129867 0.0763502
seq-01/frame-000582.color.png 0.996009 -0.0157984 0.0855555 0.0199106 0.317041 -0.133221 0.0773076
seq-01/frame-000583.color.png 0.995734 -0.017656 0.0876076 0.0229408 0.317681 -0.139306 0.0779014
seq-01/frame-000584.color.png 0.995541 -0.0171403 0.0896344 0.0238736 0.316246 -0.142108 0.0811869
seq-01/frame-000585.color.png 0.995138 -0.0188865 0.0936749 0.0238664 0.30923 -0.15228 0.081381
seq-01/frame-000586.color.png 0.9951 -0.0188545 0.0928842 0.0281747 0.313121 -0.155494 0.0829586
seq-01/frame-000587.color.png 0.99499 -0.0194462 0.0928031 0.031689 0.315563 -0.160734 0.0849159
seq-01/frame-000588.color.png 0.994969 -0.0197864 0.0916211 0.0353736 0.3189 -0.165818 0.0842536
seq-01/frame-000589.color.png 0.994834 -0.0194821 0.0925516 0.0368686 0.317964 -0.170302 0.0822667
seq-01/frame-000590.color.png 0.994407 -0.0224536 0.0955772 0.038935 0.314513 -0.18218 0.0857223
seq-01/frame-000591.color.png 0.994262 -0.0240146 0.0962818 0.0399563 0.314516 -0.190388 0.087104
seq-01/frame-000592.color.png 0.994091 -0.0201477 0.0978261 0.0425088 0.314506 -0.19043 0.0878182
seq-01/frame-000593.color.png 0.993917 -0.0203916 0.0979434 0.0460388 0.313342 -0.198403 0.090013
seq-01/frame-000594.color.png 0.99363 -0.018553 0.100412 0.0476774 0.308591 -0.203474 0.0886903
seq-01/frame-000595.color.png 0.993519 -0.0158495 0.100829 0.0500282 0.309891 -0.205891 0.0883763
seq-01/frame-000596.color.png 0.993278 -0.0151702 0.102435 0.0517242 0.306166 -0.214036 0.0916816
seq-01/frame-000597.color.png 0.993247 -0.0132403 0.103158 0.051417 0.307994 -0.219938 0.0897754
seq-01/frame-000598.color.png 0.993046 -0.012654 0.104062 0.0535834 0.308537 -0.224211 0.0862024
seq-01/frame-000599.color.png 0.993107 -0.0114534 0.103853 0.0531212 0.31032 -0.229744 0.0892725
seq-01/frame-000600.color.png 0.993003 -0.0102647 0.105382 0.0522864 0.308769 -0.235947 0.0866141
seq-01/frame-000601.color.png 0.992828 -0.00817974 0.106739 0.0532139 0.304435 -0.236461 0.089232
seq-01/frame-000602.color.png 0.992882 -0.00643686 0.10535 0.0551764 0.303788 -0.238925 0.0902584
seq-01/frame-000603.color.png 0.992744 -0.00735947 0.106353 0.0556223 0.299281 -0.24732 0.0905112
seq-01/frame-000604.color.png 0.992883 -0.00747092 0.104308 0.0569848 0.30218 -0.252094 0.0942243
seq-01/frame-000605.color.png 0.992901 -0.00255132 0.103074 0.0592984 0.297183 -0.24432 0.0911757
seq-01/frame-000606.color.png 0.992972 -0.00267444 0.103772 0.0568365 0.287475 -0.253877 0.0930366
seq-01/frame-000607.color.png 0.993078 0.00424455 0.102602 0.0570203 0.281871 -0.246779 0.0947617
seq-01/frame-000608.color.png 0.995314 -0.000703895 0.0831569 0.0493421 0.308377 -0.269706 0.103113
seq-01/frame-000609.color.png 0.994117 0.0086333 0.0925887 0.0555288 0.26645 -0.253751 0.0963491
seq-01/frame-000610.color.png 0.99543 0.00292592 0.080437 0.0513826 0.27941 -0.273065 0.104842
seq-01/frame-000611.color.png 0.995052 0.00733214 0.081843 0.0558508 0.256242 -0.266381 0.0988922
seq-01/frame-000612.color.png 0.995546 0.0137082 0.0752672 0.0550871 0.250398 -0.259106 0.0930121
seq-01/frame-000613.color.png 0.995829 0.0152626 0.069867 0.056651 0.245401 -0.259035 0.0914837
seq-01/frame-000614.color.png 0.996291 0.0150629 0.0647914 0.0545807 0.23501 -0.265604 0.0936558
seq-01/frame-000615.color.png 0.996458 0.0145231 0.0635245 0.0531443 0.220774 -0.273531 0.102264
seq-01/frame-000616.color.png 0.99741 0.00493766 0.0525478 0.048854 0.227147 -0.298045 0.104779
seq-01/frame-000617.color.png 0.997362 0.00705845 0.0525804 0.0495385 0.213912 -0.289305 0.0994055
seq-01/frame-000618.color.png 0.99765 0.00116177 0.0477595 0.0491053 0.211267 -0.304968 0.111061
seq-01/frame-000619.color.png 0.997848 0.00397326 0.0428578 0.0494624 0.205646 -0.298661 0.11123
seq-01/frame-000620.color.png 0.997636 0.0113801 0.0431895 0.0522269 0.183175 -0.279819 0.106757
seq-01/frame-000621.color.png 0.998283 0.00924488 0.031823 0.0482978 0.186624 -0.287836 0.0979099
seq-01/frame-000622.color.png 0.998765 0.00781513 0.0214093 0.0441539 0.185776 -0.295541 0.0874837
seq-01/frame-000623.color.png 0.998873 0.011389 0.0162856 0.0430973 0.182938 -0.28463 0.102993
seq-01/frame-000624.color.png 0.999058 0.00590259 0.00647804 0.0424941 0.180271 -0.305622 0.082082
seq-01/frame-000625.color.png 0.998999 0.0133504 0.00621678 0.0422408 0.168184 -0.281725 0.104394
seq-01/frame-000626.color.png 0.99921 0.00792731 -0.00388037 0.0387486 0.16656 -0.305721 0.0810214
seq-01/frame-000627.color.png 0.999195 0.0138715 -0.00513039 0.0373034 0.144762 -0.285069 0.0779307
seq-01/frame-000628.color.png 0.999154 0.00764052 -0.014026 0.037892 0.157141 -0.298941 0.0975248
seq-01/frame-000629.color.png 0.999195 0.015582 -0.011371 0.0351887 0.120083 -0.280379 0.08185
seq-01/frame-000630.color.png 0.998946 0.0150726 -0.02482 0.0355508 0.132233 -0.282708 0.0793824
seq-01/frame-000631.color.png 0.998577 0.0156244 -0.0390113 0.0328318 0.146246 -0.283647 0.0771713
seq-01/frame-000632.color.png 0.998649 0.00898644 -0.0416796 0.0297069 0.118426 -0.309757 0.0744035
seq-01/frame-000633.color.png 0.998065 0.0166371 -0.0513432 0.0308869 0.123903 -0.284393 0.0876484
seq-01/frame-000634.color.png 0.998462 0.018414 -0.0460094 0.0248721 0.0828746 -0.283433 0.0798492
seq-01/frame-000635.color.png 0.997763 0.0233708 -0.0574092 0.0250393 0.0919101 -0.271742 0.0772267
seq-01/frame-000636.color.png 0.997676 0.0185709 -0.0618925 0.0215986 0.0818938 -0.288255 0.0827412
seq-01/frame-000637.color.png 0.997381 0.0215471 -0.0653031 0.0224229 0.0757357 -0.282255 0.0814603
seq-01/frame-000638.color.png 0.997259 0.0182153 -0.0699466 0.0157875 0.0570471 -0.291829 0.0869369
seq-01/frame-000639.color.png 0.996492 0.013013 -0.0811555 0.0157431 0.0672707 -0.304258 0.0949275
seq-01/frame-000640.color.png 0.996878 0.0207511 -0.0758865 0.00672587 0.0235715 -0.287948 0.0756124
seq-01/frame-000641.color.png 0.995669 0.0156939 -0.0914072 0.00646765 0.0430552 -0.301732 0.0885321
seq-01/frame-000642.color.png 0.995062 0.0141893 -0.0980532 0.00600624 0.0399653 -0.30338 0.0965993
seq-01/frame-000643.color.png 0.99494 0.0146721 -0.0993912 0.00109213 0.0161188 -0.307218 0.0830041
seq-01/frame-000644.color.png 0.993462 0.0135156 -0.113348 0.00163524 0.0328007 -0.305884 0.104553
seq-01/frame-000645.color.png 0.993493 0.0159442 -0.11266 -0.00503753 -0.00343873 -0.303703 0.0799579
seq-01/frame-000646.color.png 0.99222 0.0153222 -0.123403 -0.00597067 0.000780116 -0.301185 0.087271
seq-01/frame-000647.color.png 0.992 0.0180469 -0.124368 -0.0119262 -0.0297405 -0.294114 0.0714035
seq-01/frame-000648.color.png 0.989233 0.0167101 -0.144844 -0.0126282 0.0034697 -0.294685 0.0960876
seq-01/frame-000649.color.png 0.990731 0.0215407 -0.132644 -0.0198215 -0.0639574 -0.285439 0.0586024
seq-01/frame-000650.color.png 0.988863 0.0172142 -0.146623 -0.0188669 -0.0469004 -0.295549 0.0658207
seq-01/frame-000651.color.png 0.986917 0.0150628 -0.159321 -0.0196155 -0.0337934 -0.298274 0.082393
seq-01/frame-000652.color.png 0.986721 0.0186603 -0.159176 -0.0264 -0.0673055 -0.292935 0.0576852
seq-01/frame-000653.color.png 0.984377 0.0204436 -0.172293 -0.0299907 -0.0547419 -0.286512 0.0641261
seq-01/frame-000654.color.png 0.983865 0.0181065 -0.175377 -0.0304017 -0.0646887 -0.290356 0.0635275
seq-01/frame-000655.color.png 0.983111 0.0196282 -0.178771 -0.0338931 -0.0804013 -0.284638 0.0573635
seq-01/frame-000656.color.png 0.981794 0.0202393 -0.18534 -0.0363406 -0.0833702 -0.284169 0.0556834
seq-01/frame-000657.color.png 0.980489 0.0223963 -0.191178 -0.039886 -0.0881924 -0.281242 0.0527563
seq-01/frame-000658.color.png 0.979347 0.0227479 -0.1964 -0.0422901 -0.095613 -0.284796 0.049973
seq-01/frame-000659.color.png 0.978024 0.0255924 -0.201753 -0.0459248 -0.102319 -0.281608 0.0460324
seq-01/frame-000660.color.png 0.977387 0.02808 -0.203848 -0.0487099 -0.114008 -0.276514 0.0417517
seq-01/frame-000661.color.png 0.975672 0.0296007 -0.211264 -0.0505529 -0.114163 -0.27368 0.0388744
seq-01/frame-000662.color.png 0.975149 0.0299496 -0.213426 -0.0513563 -0.126581 -0.275845 0.0343288
seq-01/frame-000663.color.png 0.973023 0.0335076 -0.221492 -0.0551792 -0.127041 -0.27078 0.0336798
seq-01/frame-000664.color.png 0.971273 0.0361578 -0.227835 -0.0584159 -0.131664 -0.267827 0.0275623
seq-01/frame-000665.color.png 0.970233 0.0381166 -0.231815 -0.0587991 -0.139812 -0.272423 0.029917
seq-01/frame-000666.color.png 0.968015 0.0467743 -0.23846 -0.0624179 -0.145397 -0.258711 0.0200051
seq-01/frame-000667.color.png 0.966108 0.0472109 -0.245243 -0.0652866 -0.150617 -0.261736 0.0253759
seq-01/frame-000668.color.png 0.962668 0.0581851 -0.25402 -0.0731994 -0.151964 -0.241233 0.00967398
seq-01/frame-000669.color.png 0.960735 0.0596139 -0.259778 -0.0771294 -0.163379 -0.249415 0.00879418
seq-01/frame-000670.color.png 0.960491 0.0621496 -0.258559 -0.0821096 -0.186132 -0.246066 0.0080355
seq-01/frame-000671.color.png 0.960647 0.0635516 -0.257781 -0.0816553 -0.198455 -0.248842 0.00799918
seq-01/frame-000672.color.png 0.959255 0.0692244 -0.261961 -0.0800825 -0.196896 -0.24232 0.00337977
seq-01/frame-000673.color.png 0.957414 0.0717079 -0.267911 -0.0802528 -0.194193 -0.243979 0.006265
seq-01/frame-000674.color.png 0.95564 0.0836374 -0.26825 -0.0883121 -0.207451 -0.229232 -0.000286293
seq-01/frame-000675.color.png 0.955899 0.0856291 -0.265429 -0.0920506 -0.225577 -0.233312 -0.00385204
seq-01/frame-000676.color.png 0.956016 0.0862075 -0.264097 -0.0940991 -0.233907 -0.232279 -0.00141731
seq-01/frame-000677.color.png 0.955194 0.094705 -0.264079 -0.0943269 -0.237287 -0.222857 -0.00364194
seq-01/frame-000678.color.png 0.955602 0.0948785 -0.263512 -0.0915625 -0.245394 -0.235114 -0.00336642
seq-01/frame-000679.color.png 0.955537 0.0999591 -0.260569 -0.0951899 -0.255954 -0.225567 -0.00186771
seq-01/frame-000680.color.png 0.955316 0.102854 -0.260386 -0.0948258 -0.258731 -0.228521 -0.00629925
seq-01/frame-000681.color.png 0.956131 0.104077 -0.256296 -0.0964057 -0.270729 -0.226532 -6.23567e-05
seq-01/frame-000682.color.png 0.9549 0.112604 -0.256216 -0.0991989 -0.272128 -0.210803 -0.00658044
seq-01/frame-000683.color.png 0.956342 0.110803 -0.253808 -0.0933477 -0.279202 -0.228752 -0.00604436
seq-01/frame-000684.color.png 0.957249 0.11102 -0.251277 -0.0906035 -0.284236 -0.225409 -0.00556821
seq-01/frame-000685.color.png 0.95684 0.117257 -0.249621 -0.0916368 -0.290254 -0.213226 -0.00490919
seq-01/frame-000686.color.png 0.957503 0.121825 -0.244966 -0.091316 -0.301223 -0.210989 -0.00748655
seq-01/frame-000687.color.png 0.958208 0.120786 -0.242501 -0.09188 -0.305024 -0.208877 -0.0107015
seq-01/frame-000688.color.png 0.959232 0.120416 -0.23859 -0.09192 -0.309693 -0.208081 -0.0111443
seq-01/frame-000689.color.png 0.960992 0.121083 -0.231459 -0.0908856 -0.320633 -0.204791 -0.00886786
seq-01/frame-000690.color.png 0.961979 0.118588 -0.229143 -0.0895872 -0.324903 -0.204561 -0.0102663
seq-01/frame-000691.color.png 0.96211 0.119802 -0.22838 -0.0885122 -0.325997 -0.196385 -0.011598
seq-01/frame-000692.color.png 0.962496 0.118893 -0.228283 -0.0857442 -0.331443 -0.194552 -0.0160222
seq-01/frame-000693.color.png 0.962958 0.121336 -0.22597 -0.0832308 -0.336409 -0.180836 -0.0212906
seq-01/frame-000694.color.png 0.964376 0.116764 -0.22363 -0.0795851 -0.342006 -0.181572 -0.0222027
seq-01/frame-000695.color.png 0.965353 0.11486 -0.220921 -0.0780686 -0.34572 -0.174946 -0.0207817
seq-01/frame-000696.color.png 0.965669 0.116015 -0.218565 -0.0790818 -0.348393 -0.162042 -0.0251693
seq-01/frame-000697.color.png 0.967397 0.109558 -0.21469 -0.0777758 -0.355869 -0.166056 -0.023293
seq-01/frame-000698.color.png 0.967312 0.109563 -0.214995 -0.0779799 -0.354992 -0.165597 -0.024054
seq-01/frame-000699.color.png 0.967529 0.107593 -0.215546 -0.0764933 -0.350504 -0.15235 -0.0263134
seq-01/frame-000700.color.png 0.96906 0.10277 -0.211897 -0.0738912 -0.359047 -0.151629 -0.0230271
seq-01/frame-000701.color.png 0.969452 0.103921 -0.210037 -0.0724364 -0.355223 -0.13649 -0.0257848
seq-01/frame-000702.color.png 0.970061 0.100984 -0.209197 -0.0708553 -0.348213 -0.125601 -0.0284887
seq-01/frame-000703.color.png 0.971875 0.0946848 -0.204814 -0.0674163 -0.349311 -0.121193 -0.033014
seq-01/frame-000704.color.png 0.972593 0.0899064 -0.204489 -0.0645365 -0.345492 -0.116845 -0.0325931
seq-01/frame-000705.color.png 0.973585 0.0867225 -0.20224 -0.0609165 -0.347009 -0.109832 -0.0359583
seq-01/frame-000706.color.png 0.97379 0.084095 -0.203103 -0.0583901 -0.338456 -0.100874 -0.0444697
seq-01/frame-000707.color.png 0.97379 0.0840951 -0.203103 -0.0583902 -0.338456 -0.100873 -0.0444698
seq-01/frame-000708.color.png 0.97446 0.0795877 -0.20216 -0.0567897 -0.339674 -0.0971247 -0.0510144
seq-01/frame-000709.color.png 0.97471 0.0776061 -0.201949 -0.055978 -0.338131 -0.0867093 -0.0575504
seq-01/frame-000710.color.png 0.974761 0.0743153 -0.20298 -0.0558386 -0.332624 -0.0784532 -0.0638514
seq-01/frame-000711.color.png 0.974493 0.0727548 -0.204509 -0.0569717 -0.329275 -0.0695187 -0.0714988
seq-01/frame-000712.color.png 0.975209 0.0731854 -0.20128 -0.0556544 -0.333321 -0.0608447 -0.0776085
seq-01/frame-000713.color.png 0.974143 0.0722382 -0.207243 -0.053636 -0.31814 -0.054228 -0.0864128
seq-01/frame-000714.color.png 0.973792 0.0729166 -0.20833 -0.0548709 -0.317718 -0.0434891 -0.0955887
seq-01/frame-000715.color.png 0.973416 0.0720679 -0.209764 -0.0571505 -0.312408 -0.0352902 -0.105023
seq-01/frame-000716.color.png 0.972994 0.0697353 -0.21242 -0.0574241 -0.306132 -0.0313533 -0.114151
seq-01/frame-000717.color.png 0.972156 0.0694991 -0.216102 -0.0581536 -0.299258 -0.0232833 -0.123754
seq-01/frame-000718.color.png 0.970547 0.0677855 -0.223436 -0.0593261 -0.288679 -0.0187034 -0.131532
seq-01/frame-000719.color.png 0.968619 0.067583 -0.230778 -0.0628516 -0.278862 -0.0109968 -0.143467
seq-01/frame-000720.color.png 0.967119 0.0680496 -0.234954 -0.0696154 -0.272838 1.52257e-05 -0.152263
seq-01/frame-000721.color.png 0.965162 0.0649809 -0.242254 -0.0745119 -0.260853 0.00277791 -0.163579
seq-01/frame-000722.color.png 0.963666 0.0649016 -0.246878 -0.0786511 -0.255374 0.0102709 -0.171961
seq-01/frame-000723.color.png 0.960756 0.0639266 -0.256588 -0.0838058 -0.241978 0.0171051 -0.181074
seq-01/frame-000724.color.png 0.957699 0.0633474 -0.266322 -0.0887292 -0.229837 0.0226397 -0.192739
seq-01/frame-000725.color.png 0.954482 0.0634064 -0.276104 -0.0933317 -0.217482 0.0281515 -0.203896
seq-01/frame-000726.color.png 0.951274 0.0606942 -0.286526 -0.0964178 -0.204906 0.0307175 -0.21502
seq-01/frame-000727.color.png 0.947888 0.0598107 -0.296065 -0.101377 -0.193309 0.0384076 -0.223691
seq-01/frame-000728.color.png 0.943416 0.0553447 -0.310516 -0.10239 -0.173129 0.0336776 -0.231468
seq-01/frame-000729.color.png 0.940693 0.0552378 -0.316542 -0.108843 -0.168529 0.0424565 -0.244453
seq-01/frame-000730.color.png 0.936882 0.0557953 -0.324084 -0.118776 -0.152967 0.0523582 -0.248127
seq-01/frame-000731.color.png 0.934555 0.0544313 -0.328779 -0.124694 -0.141592 0.0564346 -0.256179
seq-01/frame-000732.color.png 0.930912 0.0543028 -0.335857 -0.13287 -0.126397 0.0648199 -0.260392
seq-01/frame-000733.color.png 0.928134 0.0507292 -0.341971 -0.13802 -0.113698 0.0656328 -0.270168
seq-01/frame-000734.color.png 0.924769 0.0499095 -0.349612 -0.141717 -0.100936 0.070593 -0.275521
seq-01/frame-000735.color.png 0.920717 0.0480767 -0.360014 -0.142685 -0.0862693 0.0713308 -0.281923
seq-01/frame-000736.color.png 0.915133 0.0464009 -0.371679 -0.149108 -0.0673845 0.0769498 -0.284273
seq-01/frame-000737.color.png 0.911845 0.0409011 -0.378305 -0.154116 -0.055665 0.0745399 -0.290781
seq-01/frame-000738.color.png 0.907985 0.0396984 -0.384168 -0.162487 -0.0405028 0.0773961 -0.293239
seq-01/frame-000739.color.png 0.904507 0.0389143 -0.388819 -0.170799 -0.0278132 0.0812925 -0.298335
seq-01/frame-000740.color.png 0.901262 0.0365916 -0.395693 -0.172674 -0.0162383 0.081834 -0.304997
seq-01/frame-000741.color.png 0.897482 0.0332543 -0.40625 -0.168471 -0.00362588 0.0784558 -0.31111
seq-01/frame-000742.color.png 0.890702 0.0334575 -0.42199 -0.165698 0.0198186 0.077821 -0.310281
seq-01/frame-000743.color.png 0.886555 0.0318914 -0.430466 -0.166439 0.0355417 0.0771317 -0.313094
seq-01/frame-000744.color.png 0.884285 0.0287584 -0.436136 -0.164312 0.0433088 0.073685 -0.320947
seq-01/frame-000745.color.png 0.87476 0.0288835 -0.456046 -0.161192 0.0730632 0.0714565 -0.318429
seq-01/frame-000746.color.png 0.875119 0.0285802 -0.455595 -0.160572 0.0721307 0.0701329 -0.315882
seq-01/frame-000747.color.png 0.870643 0.0289807 -0.46353 -0.162116 0.0849694 0.0736377 -0.316321
seq-01/frame-000748.color.png 0.867509 0.0287521 -0.468323 -0.16515 0.0961285 0.0750942 -0.317129
seq-01/frame-000749.color.png 0.86353 0.0279781 -0.47439 -0.168778 0.107462 0.0786272 -0.319572
seq-01/frame-000750.color.png 0.859676 0.0238707 -0.481513 -0.168916 0.122962 0.0712541 -0.322673
seq-01/frame-000751.color.png 0.855923 0.023406 -0.487323 -0.171361 0.133557 0.0728845 -0.319632
seq-01/frame-000752.color.png 0.851295 0.0203715 -0.493724 -0.176405 0.147896 0.0678476 -0.32249
seq-01/frame-000753.color.png 0.851295 0.0203732 -0.493723 -0.176406 0.147893 0.0678526 -0.322487
seq-01/frame-000754.color.png 0.848446 0.0196002 -0.49706 -0.180796 0.1585 0.0670841 -0.320742
seq-01/frame-000755.color.png 0.846026 0.0199087 -0.500716 -0.182012 0.168114 0.0662035 -0.318361
seq-01/frame-000756.color.png 0.842118 0.0213854 -0.506862 -0.18295 0.178505 0.0687962 -0.312703
seq-01/frame-000757.color.png 0.837237 0.019937 -0.51333 -0.187429 0.190959 0.0652425 -0.309024
seq-01/frame-000758.color.png 0.833873 0.0210464 -0.51694 -0.192318 0.19972 0.0674043 -0.304858
seq-01/frame-000759.color.png 0.831153 0.0188209 -0.519672 -0.196903 0.208417 0.063924 -0.303296
seq-01/frame-000760.color.png 0.82866 0.0173619 -0.523021 -0.198671 0.217887 0.0606771 -0.298807
seq-01/frame-000761.color.png 0.825674 0.0175294 -0.527094 -0.200318 0.225268 0.0590663 -0.292731
seq-01/frame-000762.color.png 0.825673 0.0175314 -0.527095 -0.200318 0.225271 0.0590735 -0.292734
seq-01/frame-000763.color.png 0.823086 0.0166568 -0.530379 -0.202359 0.232951 0.0562546 -0.29104
seq-01/frame-000764.color.png 0.820046 0.0179102 -0.536296 -0.198973 0.240483 0.0548427 -0.282934
seq-01/frame-000765.color.png 0.81452 0.0177123 -0.544608 -0.199111 0.252796 0.0505783 -0.273925
seq-01/frame-000766.color.png 0.811074 0.0188454 -0.548057 -0.203562 0.259919 0.0492327 -0.266073
seq-01/frame-000767.color.png 0.808787 0.0210175 -0.549224 -0.209225 0.26445 0.0483217 -0.262851
seq-01/frame-000768.color.png 0.806334 0.0202414 -0.551762 -0.212071 0.274308 0.043972 -0.260397
seq-01/frame-000769.color.png 0.806333 0.0202437 -0.551765 -0.212068 0.274316 0.0439737 -0.260395
seq-01/frame-000770.color.png 0.806842 0.0194396 -0.551263 -0.211513 0.277789 0.0425598 -0.256193
seq-01/frame-000771.color.png 0.808101 0.0185659 -0.549079 -0.212465 0.281433 0.0417472 -0.252016
seq-01/frame-000772.color.png 0.811395 0.0178082 -0.545463 -0.209262 0.283032 0.0429013 -0.250757
seq-01/frame-000773.color.png 0.814358 0.0148961 -0.543408 -0.203243 0.284841 0.040843 -0.249242
seq-01/frame-000774.color.png 0.817228 0.0127528 -0.539937 -0.201109 0.287291 0.0413789 -0.246994
seq-01/frame-000775.color.png 0.820802 0.0101308 -0.535273 -0.199161 0.288495 0.0374454 -0.244667
seq-01/frame-000776.color.png 0.823397 0.0119614 -0.532086 -0.196873 0.292005 0.0417543 -0.240692
seq-01/frame-000777.color.png 0.826814 0.0098097 -0.527031 -0.196268 0.290541 0.0435323 -0.238373
seq-01/frame-000778.color.png 0.830441 0.00513433 -0.521874 -0.194905 0.291097 0.0382667 -0.239581
seq-01/frame-000779.color.png 0.833411 0.00405643 -0.5164 -0.196829 0.293361 0.0377767 -0.234196
seq-01/frame-000780.color.png 0.838061 0.00240761 -0.508871 -0.196718 0.292181 0.0370308 -0.233171
seq-01/frame-000781.color.png 0.841975 0.00372969 -0.502811 -0.195565 0.297446 0.0436984 -0.228302
seq-01/frame-000782.color.png 0.848809 0.000509636 -0.49397 -0.188456 0.292372 0.0428323 -0.23478
seq-01/frame-000783.color.png 0.854364 -0.0005871 -0.486336 -0.183136 0.291767 0.0436851 -0.230286
seq-01/frame-000784.color.png 0.86033 0.000854893 -0.475976 -0.182426 0.289235 0.0455508 -0.230448
seq-01/frame-000785.color.png 0.866885 0.00270422 -0.464457 -0.181058 0.284008 0.0485789 -0.231847
seq-01/frame-000786.color.png 0.866885 0.00270425 -0.464457 -0.181058 0.284008 0.048579 -0.231847
seq-01/frame-000787.color.png 0.872829 0.0038425 -0.455014 -0.1764 0.280343 0.0534 -0.234958
seq-01/frame-000788.color.png 0.877629 0.000778704 -0.447511 -0.171757 0.279754 0.0519585 -0.237887
seq-01/frame-000789.color.png 0.882527 -0.00122391 -0.439565 -0.167114 0.281492 0.0484225 -0.236856
seq-01/frame-000790.color.png 0.888908 -0.00114175 -0.429311 -0.159792 0.275942 0.0511878 -0.24235
seq-01/frame-000791.color.png 0.894141 -0.00280471 -0.420721 -0.153293 0.275483 0.0495069 -0.240455
seq-01/frame-000792.color.png 0.900607 -0.00320104 -0.40836 -0.148792 0.267488 0.0490604 -0.241907
seq-01/frame-000793.color.png 0.904988 0.00146171 -0.400605 -0.143217 0.265181 0.0522998 -0.238631
seq-01/frame-000794.color.png 0.908487 0.0035311 -0.393215 -0.141492 0.261548 0.056715 -0.240159
seq-01/frame-000795.color.png 0.912831 -0.000246624 -0.385148 -0.135649 0.260252 0.0493863 -0.241964
seq-01/frame-000796.color.png 0.91266 -9.77756e-05 -0.385931 -0.134568 0.261914 0.0488591 -0.241118
seq-01/frame-000797.color.png 0.915921 0.00366139 -0.379864 -0.12953 0.262783 0.054164 -0.236268
seq-01/frame-000798.color.png 0.920273 0.0058115 -0.369704 -0.127994 0.258571 0.0560213 -0.236255
seq-01/frame-000799.color.png 0.924663 0.00698406 -0.359707 -0.124743 0.257078 0.056595 -0.239093
seq-01/frame-000800.color.png 0.930177 0.00836622 -0.346589 -0.120739 0.247809 0.0611204 -0.242709
seq-01/frame-000801.color.png 0.93529 0.00655269 -0.334778 -0.114515 0.239375 0.0622823 -0.250586
seq-01/frame-000802.color.png 0.939594 0.00663686 -0.325468 -0.105778 0.241172 0.0611176 -0.246013
seq-01/frame-000803.color.png 0.939593 0.00663495 -0.325474 -0.105776 0.241182 0.0611112 -0.24602
seq-01/frame-000804.color.png 0.943538 0.0088114 -0.316721 -0.0966788 0.239729 0.0632207 -0.244823
seq-01/frame-000805.color.png 0.947679 0.00691783 -0.304622 -0.0951997 0.230211 0.0617475 -0.245396
seq-01/frame-000806.color.png 0.95032 0.00589041 -0.29709 -0.0927079 0.229485 0.0570738 -0.245834
seq-01/frame-000807.color.png 0.950323 0.00564909 -0.297063 -0.0927793 0.229436 0.0563968 -0.245948
seq-01/frame-000808.color.png 0.953676 0.00553152 -0.286504 -0.0915815 0.226448 0.0565695 -0.244216
seq-01/frame-000809.color.png 0.956564 0.00614772 -0.278797 -0.0849648 0.232087 0.0570399 -0.246519
seq-01/frame-000810.color.png 0.960941 0.00605897 -0.264389 -0.0815682 0.220669 0.0602518 -0.24541
seq-01/frame-000811.color.png 0.963876 -0.00136731 -0.254374 -0.0789559 0.215769 0.0440001 -0.247911
seq-01/frame-000812.color.png 0.96626 0.00457026 -0.246672 -0.073979 0.213716 0.0555834 -0.246423
seq-01/frame-000813.color.png 0.968549 0.00769536 -0.238335 -0.0710625 0.212381 0.060753 -0.240359
seq-01/frame-000814.color.png 0.968626 0.00681476 -0.237871 -0.0716589 0.211379 0.0589056 -0.240844
seq-01/frame-000815.color.png 0.970166 0.0101182 -0.232132 -0.0692079 0.213294 0.065135 -0.240411
seq-01/frame-000816.color.png 0.972038 0.00800087 -0.224414 -0.0686777 0.209913 0.0604256 -0.242849
seq-01/frame-000817.color.png 0.973893 0.00767314 -0.217179 -0.0656189 0.20937 0.0601731 -0.243475
seq-01/frame-000818.color.png 0.973893 0.00766205 -0.217181 -0.0656203 0.209374 0.0601501 -0.243482
seq-01/frame-000819.color.png 0.975945 0.00699467 -0.209309 -0.0605917 0.211888 0.0583895 -0.241269
seq-01/frame-000820.color.png 0.978756 0.0103016 -0.196958 -0.0560192 0.206497 0.0657272 -0.241358
seq-01/frame-000821.color.png 0.980828 0.0108161 -0.187564 -0.0517634 0.205873 0.0680639 -0.241949
seq-01/frame-000822.color.png 0.980827 0.0108133 -0.187567 -0.0517638 0.20588 0.0680563 -0.241951
seq-01/frame-000823.color.png 0.983215 0.00864964 -0.176091 -0.0469636 0.200896 0.0660103 -0.241621
seq-01/frame-000824.color.png 0.984834 0.00636325 -0.167823 -0.0435638 0.199693 0.0601704 -0.240806
seq-01/frame-000825.color.png 0.986187 0.00740966 -0.159258 -0.0449027 0.199146 0.0578313 -0.241277
seq-01/frame-000826.color.png 0.988122 0.0146529 -0.146393 -0.0443696 0.194553 0.0696251 -0.242148
seq-01/frame-000827.color.png 0.988122 0.014653 -0.146392 -0.0443703 0.19455 0.0696252 -0.242149
seq-01/frame-000828.color.png 0.990015 0.0119103 -0.135051 -0.0385963 0.191652 0.0656354 -0.244858
seq-01/frame-000829.color.png 0.990965 0.0116592 -0.130209 -0.0299595 0.200706 0.0665436 -0.238668
seq-01/frame-000830.color.png 0.990965 0.0116545 -0.130208 -0.0299589 0.200705 0.0665365 -0.238669
seq-01/frame-000831.color.png 0.992227 0.00724615 -0.120086 -0.0318234 0.200543 0.0551629 -0.237357
seq-01/frame-000832.color.png 0.994302 0.00935871 -0.103091 -0.0254496 0.191135 0.0602076 -0.244432
seq-01/frame-000833.color.png 0.994302 0.00936005 -0.103091 -0.0254501 0.191134 0.0602101 -0.244432
seq-01/frame-000834.color.png 0.995779 0.0116372 -0.0875746 -0.0249059 0.180224 0.0647618 -0.244285
seq-01/frame-000835.color.png 0.996218 0.00798587 -0.0843841 -0.0190882 0.191665 0.0595334 -0.242757
seq-01/frame-000836.color.png 0.996234 0.00766053 -0.0841099 -0.0196116 0.190978 0.0589845 -0.242436
seq-01/frame-000837.color.png 0.997246 0.00781185 -0.0721498 -0.0153219 0.188563 0.0601246 -0.240976
seq-01/frame-000838.color.png 0.997867 0.0065475 -0.0639599 -0.011297 0.1892 0.0568671 -0.24177
seq-01/frame-000839.color.png 0.997854 0.00692238 -0.0639901 -0.0120479 0.189196 0.057608 -0.241025
seq-01/frame-000840.color.png 0.998382 0.00706316 -0.0551418 -0.0119586 0.187215 0.0574475 -0.240253
seq-01/frame-000841.color.png 0.998507 0.00711422 -0.0531656 -0.0102771 0.198551 0.0582059 -0.234083
seq-01/frame-000842.color.png 0.998673 0.00889034 -0.0493938 -0.011557 0.2047 0.0576063 -0.229845
seq-01/frame-000843.color.png 0.998673 0.00888547 -0.0493962 -0.0115566 0.204704 0.0575966 -0.229845
seq-01/frame-000844.color.png 0.998856 0.00864598 -0.0452738 -0.0127055 0.210969 0.05278 -0.231296
seq-01/frame-000845.color.png 0.999001 0.00906451 -0.042105 -0.0119511 0.220987 0.0505847 -0.229097
seq-01/frame-000846.color.png 0.999034 0.00979063 -0.041112 -0.0120634 0.219168 0.0519056 -0.228832
seq-01/frame-000847.color.png 0.999146 0.0131099 -0.037206 -0.0123239 0.225976 0.0559922 -0.228309
seq-01/frame-000848.color.png 0.999256 0.0125738 -0.0342012 -0.0126094 0.236943 0.053676 -0.22792
seq-01/frame-000849.color.png 0.999256 0.0125826 -0.034194 -0.0126108 0.236929 0.0536935 -0.227924
seq-01/frame-000850.color.png 0.999537 0.0116327 -0.0253746 -0.0120694 0.236725 0.0508473 -0.231904
seq-01/frame-000851.color.png 0.999548 0.0138147 -0.023322 -0.0129711 0.246266 0.0544968 -0.231047
seq-01/frame-000852.color.png 0.999714 0.0099685 -0.0168372 -0.0137819 0.244078 0.0475329 -0.23527
seq-01/frame-000853.color.png 0.999717 0.0103486 -0.0159755 -0.0142881 0.242237 0.0478888 -0.236062
seq-01/frame-000854.color.png 0.999716 0.0119149 -0.0151329 -0.0140391 0.251737 0.0518702 -0.23505
seq-01/frame-000855.color.png 0.999792 0.011717 -0.0113248 -0.0122667 0.25661 0.0547921 -0.236965
seq-01/frame-000856.color.png 0.999812 0.00671315 -0.0139927 -0.0115854 0.265314 0.0495007 -0.234755
seq-01/frame-000857.color.png 0.999813 0.00671211 -0.0139885 -0.0115853 0.265306 0.0494979 -0.234757
seq-01/frame-000858.color.png 0.999685 0.00526541 -0.0196603 -0.0146831 0.27809 0.0481386 -0.231947
seq-01/frame-000859.color.png 0.999528 0.00307668 -0.0229287 -0.0202061 0.289544 0.042074 -0.230232
seq-01/frame-000860.color.png 0.999479 0.00237758 -0.0212098 -0.0242252 0.291053 0.0393131 -0.231391
seq-01/frame-000861.color.png 0.999479 0.00237771 -0.0212097 -0.0242253 0.291053 0.0393133 -0.231392
seq-01/frame-000862.color.png 0.999413 0.00174012 -0.0232672 -0.0250753 0.30149 0.0396242 -0.230312
seq-01/frame-000863.color.png 0.999548 -0.00201607 -0.0208628 -0.021574 0.306062 0.0369733 -0.234305
seq-01/frame-000864.color.png 0.999581 -0.000956114 -0.0222041 -0.0185395 0.314344 0.0421541 -0.232403
seq-01/frame-000865.color.png 0.999548 -0.00211836 -0.0239059 -0.0180937 0.321074 0.0413582 -0.232714
seq-01/frame-000866.color.png 0.999548 -0.0021171 -0.0239033 -0.0180941 0.321068 0.0413603 -0.232716
seq-01/frame-000867.color.png 0.999436 -0.00588189 -0.0280206 -0.017575 0.333997 0.0376137 -0.232202
seq-01/frame-000868.color.png 0.99941 -0.00729295 -0.0288971 -0.0170546 0.341487 0.0369909 -0.230907
seq-01/frame-000869.color.png 0.999381 -0.00779749 -0.0298222 -0.0169704 0.349947 0.0365228 -0.23083
seq-01/frame-000870.color.png 0.999381 -0.00779561 -0.0298191 -0.0169715 0.349941 0.0365255 -0.230832
seq-01/frame-000871.color.png 0.99936 -0.00870545 -0.0294191 -0.0184075 0.353492 0.0333816 -0.23293
seq-01/frame-000872.color.png 0.999264 -0.00879474 -0.0320599 -0.0191598 0.362824 0.0334683 -0.231819
seq-01/frame-000873.color.png 0.9993 -0.00919172 -0.0309586 -0.018907 0.366188 0.0339718 -0.232106
seq-01/frame-000874.color.png 0.999215 -0.011853 -0.0337274 -0.0170625 0.375193 0.0322255 -0.229972
seq-01/frame-000875.color.png 0.999215 -0.0118588 -0.0337344 -0.0170607 0.375206 0.0322179 -0.229968
seq-01/frame-000876.color.png 0.999089 -0.0127997 -0.03723 -0.0164497 0.384725 0.0317136 -0.226337
seq-01/frame-000877.color.png 0.999114 -0.0132372 -0.036227 -0.0168672 0.38861 0.0309307 -0.229302
seq-01/frame-000878.color.png 0.999089 -0.0144723 -0.0366322 -0.0163965 0.393764 0.0303551 -0.229207
seq-01/frame-000879.color.png 0.999107 -0.0137718 -0.0364892 -0.0162456 0.393323 0.0317353 -0.228575
seq-01/frame-000880.color.png 0.999021 -0.0158704 -0.0385037 -0.0149028 0.401445 0.0300021 -0.22767
seq-01/frame-000881.color.png 0.999062 -0.0168805 -0.0368097 -0.015337 0.402723 0.0291885 -0.229813
seq-01/frame-000882.color.png 0.998989 -0.0184145 -0.0381805 -0.0149395 0.409467 0.0283698 -0.227292
seq-01/frame-000883.color.png 0.99899 -0.0184115 -0.0381777 -0.0149398 0.409462 0.0283756 -0.227294
seq-01/frame-000884.color.png 0.99895 -0.0198775 -0.0388648 -0.013881 0.41626 0.0275068 -0.226141
seq-01/frame-000885.color.png 0.998952 -0.0200773 -0.0381261 -0.0154065 0.419584 0.0254059 -0.224391
seq-01/frame-000886.color.png 0.998856 -0.0207517 -0.0392329 -0.0178167 0.427279 0.0212767 -0.223908
seq-01/frame-000887.color.png 0.998908 -0.0205728 -0.0375408 -0.0187216 0.430009 0.0204443 -0.223044
seq-01/frame-000888.color.png 0.998908 -0.0205677 -0.0375353 -0.0187229 0.429998 0.0204527 -0.223048
seq-01/frame-000889.color.png 0.999005 -0.0202299 -0.036172 -0.0164885 0.431163 0.0220897 -0.223091
seq-01/frame-000890.color.png 0.998962 -0.0208027 -0.0379203 -0.01431 0.437182 0.0222673 -0.221366
seq-01/frame-000891.color.png 0.998933 -0.0208928 -0.0387734 -0.0138621 0.441932 0.0220857 -0.2185
seq-01/frame-000892.color.png 0.998885 -0.0201639 -0.0403941 -0.0138015 0.449087 0.0245167 -0.217227
seq-01/frame-000893.color.png 0.998885 -0.0201618 -0.0403886 -0.0138029 0.449076 0.0245193 -0.217232
seq-01/frame-000894.color.png 0.998677 -0.0234744 -0.0430955 -0.0153419 0.460241 0.0185231 -0.213803
seq-01/frame-000895.color.png 0.998831 -0.0230408 -0.0391648 -0.0164704 0.461606 0.0203227 -0.216343
seq-01/frame-000896.color.png 0.998855 -0.0242132 -0.0375967 -0.0169793 0.463293 0.0199245 -0.217937
seq-01/frame-000897.color.png 0.99873 -0.0245972 -0.0407303 -0.0165531 0.471982 0.0199921 -0.211255
seq-01/frame-000898.color.png 0.99873 -0.0246056 -0.0407375 -0.0165499 0.471995 0.0199789 -0.211252
seq-01/frame-000899.color.png 0.998641 -0.022359 -0.0428463 -0.0195041 0.479611 0.0175212 -0.209639
seq-01/frame-000900.color.png 0.998571 -0.0203707 -0.043863 -0.0227416 0.485678 0.0175 -0.209259
seq-01/frame-000901.color.png 0.99853 -0.020405 -0.044518 -0.0232121 0.493728 0.021811 -0.209804
seq-01/frame-000902.color.png 0.998358 -0.0257914 -0.0460851 -0.0221841 0.501895 0.0162598 -0.209454
seq-01/frame-000903.color.png 0.998145 -0.0277033 -0.0486285 -0.0239677 0.511178 0.0130128 -0.205475
seq-01/frame-000904.color.png 0.998035 -0.0286239 -0.0498707 -0.0248815 0.520122 0.0107939 -0.203667
seq-01/frame-000905.color.png 0.997877 -0.0283083 -0.0520296 -0.0270613 0.528202 0.00768784 -0.201467
seq-01/frame-000906.color.png 0.997878 -0.0283009 -0.0520296 -0.0270605 0.528203 0.0077022 -0.201464
seq-01/frame-000907.color.png 0.997656 -0.0278598 -0.0542513 -0.031045 0.537301 0.000998883 -0.200746
seq-01/frame-000908.color.png 0.997541 -0.0240426 -0.0560736 -0.0345055 0.545374 0.0019781 -0.200363
seq-01/frame-000909.color.png 0.997159 -0.0243722 -0.0612573 -0.0364254 0.556798 0.000306392 -0.195969
seq-01/frame-000910.color.png 0.996652 -0.0276729 -0.0665607 -0.0385925 0.569555 -0.0066246 -0.191763
seq-01/frame-000911.color.png 0.996651 -0.0276767 -0.0665623 -0.0385919 0.569558 -0.00663122 -0.191762
seq-01/frame-000912.color.png 0.996384 -0.0274447 -0.0688159 -0.0415899 0.575697 -0.00945443 -0.187693
seq-01/frame-000913.color.png 0.996067 -0.0257437 -0.0740974 -0.041205 0.585349 -0.00619866 -0.182153
seq-01/frame-000914.color.png 0.995299 -0.0279256 -0.0821075 -0.0431136 0.599895 -0.0143285 -0.17346
seq-01/frame-000915.color.png 0.994815 -0.0242022 -0.0876283 -0.0456013 0.609741 -0.0142943 -0.168197
seq-01/frame-000916.color.png 0.994099 -0.0228756 -0.0950322 -0.0470436 0.623658 -0.016051 -0.162226
seq-01/frame-000917.color.png 0.993688 -0.0225704 -0.0993716 -0.0468941 0.635118 -0.0152888 -0.160304
seq-01/frame-000918.color.png 0.993688 -0.0225714 -0.0993729 -0.0468932 0.635119 -0.0152895 -0.160303
seq-01/frame-000919.color.png 0.993337 -0.0220852 -0.103367 -0.0459222 0.643438 -0.0123004 -0.155644
seq-01/frame-000920.color.png 0.992718 -0.0239689 -0.108915 -0.0455357 0.653321 -0.0146459 -0.151773
seq-01/frame-000921.color.png 0.991903 -0.023621 -0.115466 -0.0472998 0.666387 -0.0158851 -0.14493
seq-01/frame-000922.color.png 0.991578 -0.0228612 -0.117917 -0.0484403 0.672708 -0.0148974 -0.142905
seq-01/frame-000923.color.png 0.990652 -0.0256539 -0.125551 -0.0467663 0.686762 -0.0175505 -0.136657
seq-01/frame-000924.color.png 0.990026 -0.025892 -0.130192 -0.047202 0.694255 -0.0188037 -0.130368
seq-01/frame-000925.color.png 0.989013 -0.0245265 -0.137216 -0.0492296 0.704173 -0.0206525 -0.12335
seq-01/frame-000926.color.png 0.987841 -0.0236013 -0.144612 -0.0519754 0.71503 -0.0234821 -0.115367
seq-01/frame-000927.color.png 0.98784 -0.0236012 -0.144617 -0.0519732 0.715039 -0.0234797 -0.11536
seq-01/frame-000928.color.png 0.986694 -0.0222854 -0.152301 -0.0523711 0.725319 -0.0203795 -0.105346
seq-01/frame-000929.color.png 0.984924 -0.0248992 -0.162826 -0.0528363 0.737683 -0.0240478 -0.0915626
seq-01/frame-000930.color.png 0.983629 -0.0269755 -0.167557 -0.0605898 0.7445 -0.038887 -0.0858535
seq-01/frame-000931.color.png 0.982444 -0.02511 -0.173574 -0.0636041 0.754336 -0.0404186 -0.0768825
seq-01/frame-000932.color.png 0.981506 -0.0250719 -0.177226 -0.0678771 0.761824 -0.0458852 -0.0732371
seq-01/frame-000933.color.png 0.980774 -0.0258578 -0.180759 -0.068842 0.772362 -0.0480935 -0.0688826
seq-01/frame-000934.color.png 0.980369 -0.0257923 -0.182441 -0.0701844 0.780075 -0.0472917 -0.0685143
seq-01/frame-000935.color.png 0.98037 -0.0257973 -0.182437 -0.0701855 0.780069 -0.0473019 -0.0685229
seq-01/frame-000936.color.png 0.980197 -0.0266699 -0.181968 -0.0734129 0.786514 -0.0509026 -0.0689971
seq-01/frame-000937.color.png 0.980001 -0.0266405 -0.183439 -0.0723816 0.795392 -0.0465378 -0.0675695
seq-01/frame-000938.color.png 0.979659 -0.0295682 -0.18404 -0.0743217 0.802586 -0.052244 -0.0678691
seq-01/frame-000939.color.png 0.979444 -0.0292509 -0.185197 -0.0744032 0.811734 -0.0509661 -0.0653158
seq-01/frame-000940.color.png 0.979225 -0.0295356 -0.186099 -0.0749267 0.820944 -0.0517922 -0.064796
seq-01/frame-000941.color.png 0.979036 -0.0290106 -0.187368 -0.0744385 0.828757 -0.0501036 -0.0628102
seq-01/frame-000942.color.png 0.978544 -0.0306991 -0.189157 -0.0756958 0.835504 -0.0520791 -0.0618648
seq-01/frame-000943.color.png 0.978157 -0.0329115 -0.189841 -0.0780184 0.841233 -0.0581567 -0.060392
seq-01/frame-000944.color.png 0.977885 -0.0329597 -0.190742 -0.0791969 0.846921 -0.0596303 -0.0591867
seq-01/frame-000945.color.png 0.977885 -0.0329669 -0.190744 -0.0791954 0.846923 -0.0596417 -0.0591871
seq-01/frame-000946.color.png 0.977222 -0.0318722 -0.193962 -0.0799983 0.855946 -0.0597294 -0.0512181
seq-01/frame-000947.color.png 0.976953 -0.0329155 -0.193985 -0.0827641 0.85811 -0.0655121 -0.0538065
seq-01/frame-000948.color.png 0.976144 -0.0314652 -0.19736 -0.0848658 0.86399 -0.0666749 -0.0452785
seq-01/frame-000949.color.png 0.975073 -0.0319071 -0.200983 -0.0884331 0.871179 -0.0745699 -0.0391213
seq-01/frame-000950.color.png 0.974864 -0.0269845 -0.202821 -0.0881834 0.877278 -0.0662635 -0.0349172
seq-01/frame-000951.color.png 0.974188 -0.0260827 -0.206487 -0.0874102 0.885382 -0.0611757 -0.0267491
seq-01/frame-000952.color.png 0.973776 -0.031418 -0.206521 -0.0901202 0.886314 -0.0752126 -0.0273332
seq-01/frame-000953.color.png 0.973019 -0.0322845 -0.208293 -0.0938435 0.887266 -0.0838588 -0.0245592
seq-01/frame-000954.color.png 0.972267 -0.0266737 -0.209637 -0.100189 0.888298 -0.0854883 -0.0163286
seq-01/frame-000955.color.png 0.972182 -0.0266606 -0.210161 -0.0999168 0.889193 -0.0851807 -0.0152578
seq-01/frame-000956.color.png 0.970988 -0.0243326 -0.214058 -0.103778 0.895037 -0.090633 -0.00641572
seq-01/frame-000957.color.png 0.97075 -0.0223215 -0.212864 -0.108791 0.891844 -0.0963678 -0.00656696
seq-01/frame-000958.color.png 0.9693 -0.0170918 -0.217854 -0.11272 0.897128 -0.0966421 0.00790725
seq-01/frame-000959.color.png 0.968717 -0.0176056 -0.218162 -0.11697 0.895443 -0.107566 0.0111162
seq-01/frame-000960.color.png 0.968198 -0.0148007 -0.218329 -0.121271 0.892011 -0.112813 0.0152254
seq-01/frame-000961.color.png 0.965643 -0.0117734 -0.223816 -0.131538 0.898669 -0.133302 0.033209
seq-01/frame-000962.color.png 0.965838 -0.00514953 -0.219897 -0.137028 0.893972 -0.135962 0.0300858
seq-01/frame-000963.color.png 0.965025 -0.00102245 -0.223287 -0.137361 0.89598 -0.13368 0.0390105
seq-01/frame-000964.color.png 0.963211 0.00202044 -0.227552 -0.142969 0.897042 -0.144085 0.0564359
seq-01/frame-000965.color.png 0.9624 0.00526866 -0.226709 -0.149537 0.891402 -0.157378 0.0587818
seq-01/frame-000966.color.png 0.960463 0.0125555 -0.228311 -0.158831 0.890525 -0.170261 0.066844
seq-01/frame-000967.color.png 0.959623 0.0194938 -0.22319 -0.170089 0.882493 -0.182004 0.0587347
seq-01/frame-000968.color.png 0.958152 0.0227824 -0.226986 -0.172925 0.886479 -0.188021 0.0713732
seq-01/frame-000969.color.png 0.956564 0.0301149 -0.228685 -0.178273 0.886144 -0.192488 0.0836559
seq-01/frame-000970.color.png 0.956366 0.0378853 -0.21863 -0.19008 0.870024 -0.203459 0.0670566
seq-01/frame-000971.color.png 0.955198 0.0443094 -0.216221 -0.197185 0.863523 -0.208536 0.0634021
seq-01/frame-000972.color.png 0.953828 0.0488821 -0.219328 -0.199294 0.864693 -0.20527 0.0724602
seq-01/frame-000973.color.png 0.952866 0.049347 -0.221827 -0.201008 0.863891 -0.206651 0.0856792
seq-01/frame-000974.color.png 0.951194 0.051676 -0.222654 -0.207327 0.858802 -0.218446 0.0952058
seq-01/frame-000975.color.png 0.949226 0.0585599 -0.221608 -0.215477 0.850608 -0.227171 0.0969483
seq-01/frame-000976.color.png 0.946682 0.0663825 -0.22336 -0.222481 0.845345 -0.231831 0.1054
seq-01/frame-000977.color.png 0.944803 0.0706664 -0.223005 -0.229395 0.837593 -0.240861 0.106538
seq-01/frame-000978.color.png 0.94332 0.0802731 -0.222273 -0.233018 0.831814 -0.23292 0.109786
seq-01/frame-000979.color.png 0.941728 0.0851404 -0.223674 -0.236367 0.829634 -0.230294 0.118771
seq-01/frame-000980.color.png 0.941119 0.0837183 -0.224928 -0.238105 0.828114 -0.237028 0.124941
seq-01/frame-000981.color.png 0.940748 0.0910196 -0.219721 -0.241724 0.823497 -0.231357 0.122595
seq-01/frame-000982.color.png 0.941163 0.093324 -0.21665 -0.242005 0.821645 -0.228279 0.121072
seq-01/frame-000983.color.png 0.941887 0.0957867 -0.212427 -0.241966 0.81897 -0.22549 0.119804
seq-01/frame-000984.color.png 0.942301 0.100121 -0.20979 -0.240898 0.823851 -0.21763 0.120241
seq-01/frame-000985.color.png 0.944929 0.105158 -0.200197 -0.236583 0.826356 -0.198191 0.112872
seq-01/frame-000986.color.png 0.949497 0.104468 -0.189593 -0.227146 0.822425 -0.179551 0.102035
seq-01/frame-000987.color.png 0.952668 0.101351 -0.183153 -0.22047 0.818127 -0.177003 0.098929
seq-01/frame-000988.color.png 0.953259 0.108124 -0.177866 -0.219022 0.818408 -0.174272 0.0942547
seq-01/frame-000989.color.png 0.953071 0.117226 -0.17273 -0.219267 0.816978 -0.164194 0.0888902
seq-01/frame-000990.color.png 0.954913 0.120832 -0.166249 -0.214246 0.810234 -0.149889 0.0811691
seq-01/frame-000991.color.png 0.95558 0.123569 -0.166309 -0.209615 0.811343 -0.140169 0.0863801
seq-01/frame-000992.color.png 0.957738 0.126387 -0.155188 -0.206595 0.801922 -0.128282 0.0713732
seq-01/frame-000993.color.png 0.960035 0.127649 -0.153145 -0.196431 0.804058 -0.109115 0.070245
seq-01/frame-000994.color.png 0.962055 0.126701 -0.151213 -0.188497 0.798258 -0.0895823 0.0716376
seq-01/frame-000995.color.png 0.963563 0.121717 -0.15053 -0.184588 0.791817 -0.0866158 0.0723102
seq-01/frame-000996.color.png 0.964629 0.121096 -0.146732 -0.182471 0.784395 -0.079558 0.0702923
seq-01/frame-000997.color.png 0.964631 0.121084 -0.146733 -0.182469 0.784393 -0.0795747 0.070287
seq-01/frame-000998.color.png 0.966524 0.121368 -0.140429 -0.177147 0.772523 -0.0656101 0.0654232
seq-01/frame-000999.color.png 0.96767 0.12186 -0.139873 -0.17088 0.766608 -0.0522331 0.0680617
