seq-01/frame-000129.color.png 0.922327 0.16285 -0.285258 -0.203522 0.707176 0.240745 0.483143
seq-01/frame-000140.color.png 0.945967 0.176192 -0.204047 -0.180186 0.655107 0.352708 0.362557
seq-01/frame-000151.color.png 0.957837 0.184623 -0.155704 -0.155622 0.615975 0.434216 0.289028
seq-01/frame-000285.color.png 0.974686 0.151712 -0.13012 -0.100197 0.494823 1.50768 -0.390646
seq-04/frame-000350.color.png 0.991317 0.1302 0.0180463 0.00353942 -0.159603 1.41568 -0.420226
seq-04/frame-000361.color.png 0.988514 0.149692 0.0182958 -0.00984354 -0.113579 1.43998 -0.424052
seq-04/frame-000495.color.png 0.96112 0.274483 0.019643 -0.0228487 -0.0742682 1.37793 -0.421789
seq-04/frame-000099.color.png 0.988221 0.130543 -0.0768271 -0.0218174 0.110892 1.23036 -0.0552373
seq-01/frame-000459.color.png 0.990987 0.0755639 -0.0781721 -0.078262 0.516551 1.98391 -1.54099
seq-04/frame-000110.color.png 0.990974 0.126516 -0.0441458 -0.003878 -0.0158858 1.24359 -0.0562464
seq-04/frame-000244.color.png 0.952637 0.251745 0.170106 0.0130648 -0.159975 1.11662 0.328716
seq-04/frame-000255.color.png 0.963713 0.247558 0.0997931 -0.00362309 -0.107642 1.20552 0.239312
seq-01/frame-000208.color.png 0.974549 0.146639 -0.121639 -0.118135 0.43724 0.725572 -0.045373
seq-01/frame-000353.color.png 0.988384 0.0779475 -0.11496 -0.0616957 0.419287 1.36604 -0.978415
seq-01/frame-000364.color.png 0.990222 0.0799935 -0.0855795 -0.0757404 0.371911 1.4572 -1.01547
seq-01/frame-000342.color.png 0.987403 0.0868209 -0.110657 -0.0724767 0.453358 1.31848 -0.848638
seq-01/frame-000498.color.png 0.996407 -0.00290707 -0.069248 -0.0486676 0.421652 1.82495 -1.88211
seq-01/frame-000091.color.png 0.876553 0.133537 -0.403426 -0.225987 0.687814 -0.0926435 0.987054
seq-01/frame-000102.color.png 0.868441 0.124385 -0.41801 -0.235811 0.623356 -0.062263 0.944228
seq-04/frame-000312.color.png 0.98653 0.161979 0.00735728 -0.021608 0.0522239 1.34492 -0.183216
seq-04/frame-000323.color.png 0.988763 0.147911 0.0154663 -0.0152053 -0.0409713 1.38339 -0.271738
seq-04/frame-000457.color.png 0.969552 0.242454 0.0305508 -0.0158787 -0.0877716 1.38186 -0.395987
seq-04/frame-000061.color.png 0.971758 0.188936 -0.141051 -0.00972396 0.163493 1.15362 0.191587
seq-01/frame-000421.color.png 0.987182 0.0887648 -0.104378 -0.0818416 0.554707 1.76546 -1.28031
seq-01/frame-000025.color.png 0.958143 0.216532 -0.147919 -0.114874 1.4151 0.0384739 0.661232
seq-04/frame-000072.color.png 0.972155 0.180697 -0.147973 -0.0191667 0.190878 1.20897 0.11622
seq-04/frame-000206.color.png 0.912517 0.192589 0.352933 0.0752409 -0.295213 1.0735 0.403363
seq-01/frame-000159.color.png 0.96353 0.170649 -0.155366 -0.135463 0.592889 0.469053 0.215914
seq-01/frame-000170.color.png 0.966912 0.157483 -0.157308 -0.124641 0.574628 0.514099 0.117568
seq-04/frame-000468.color.png 0.966733 0.253441 0.0290418 -0.0187376 -0.0819619 1.381 -0.39949
seq-01/frame-000304.color.png 0.986042 0.109301 -0.0966577 -0.0801952 0.387814 1.48015 -0.706219
seq-01/frame-000315.color.png 0.987566 0.100828 -0.095643 -0.0734835 0.371208 1.24053 -0.636456
seq-01/frame-000053.color.png 0.929748 0.179779 -0.276167 -0.164256 1.14685 -0.124976 0.885513
seq-01/frame-000064.color.png 0.901693 0.17313 -0.346385 -0.192335 0.963181 -0.180785 1.00362
seq-04/frame-000129.color.png 0.99521 0.0578922 0.0750635 0.023888 -0.187677 1.01423 -0.0963621
seq-04/frame-000274.color.png 0.982715 0.17919 0.0429128 -0.017881 -0.0315 1.24989 -0.00693141
seq-04/frame-000285.color.png 0.983244 0.179809 -0.0218623 -0.0205217 0.0389902 1.3058 -0.0589626
seq-04/frame-000012.color.png 0.978375 0.171364 -0.115713 -0.00519707 0.231851 0.959936 0.519756
seq-01/frame-000372.color.png 0.988344 0.084199 -0.104735 -0.071534 0.410099 1.50179 -1.0414
seq-01/frame-000383.color.png 0.990319 0.0884052 -0.0732321 -0.0780347 0.344732 1.57017 -1.16603
seq-04/frame-000023.color.png 0.976692 0.171013 -0.128835 -0.0151035 0.288857 1.01378 0.453642
seq-04/frame-000034.color.png 0.974884 0.179003 -0.131453 -0.0167116 0.26068 1.03983 0.384249
seq-01/frame-000121.color.png 0.895634 0.143712 -0.350398 -0.233253 0.698996 0.131285 0.611653
seq-01/frame-000132.color.png 0.931255 0.165105 -0.258918 -0.19613 0.698838 0.281216 0.440727
seq-04/frame-000168.color.png 0.951838 0.053316 0.295102 0.0638537 -0.364701 1.09866 0.0679533
seq-01/frame-000266.color.png 0.987253 0.0752052 -0.106024 -0.0918414 0.275955 0.620042 -0.232306
seq-01/frame-000277.color.png 0.989378 0.0487058 -0.110139 -0.0814141 0.247996 0.547327 -0.384984
seq-04/frame-000410.color.png 0.978859 0.201037 0.0376445 -0.00154246 -0.116629 1.39078 -0.374499
seq-01/frame-000015.color.png 0.96203 0.212616 -0.132155 -0.108759 1.44337 0.0742665 0.626882
seq-01/frame-000026.color.png 0.957889 0.217298 -0.148676 -0.114566 1.40694 0.0411206 0.656695
seq-04/frame-000342.color.png 0.990895 0.134391 0.00760164 -0.0030267 -0.144051 1.41246 -0.380701
seq-04/frame-000487.color.png 0.964244 0.26272 0.0238448 -0.0253625 -0.0634676 1.37324 -0.431504
seq-04/frame-000091.color.png 0.982116 0.146586 -0.116046 -0.0222388 0.192917 1.22921 -0.00997566
seq-04/frame-000498.color.png 0.960905 0.275269 0.0177399 -0.0239721 -0.0652101 1.66136 -0.494056
seq-04/frame-000225.color.png 0.929593 0.245932 0.269555 0.0521062 -0.221874 1.07865 0.42222
seq-04/frame-000236.color.png 0.941808 0.25506 0.216995 0.0292595 -0.183759 1.10675 0.397498
seq-04/frame-000247.color.png 0.95683 0.25095 0.146443 0.00744979 -0.152113 1.14247 0.301727
seq-01/frame-000334.color.png 0.977467 0.104623 -0.165602 -0.0786694 0.461747 0.632381 -0.219988
seq-01/frame-000345.color.png 0.987734 0.0802393 -0.105874 -0.0820584 0.459551 1.31861 -0.895923
seq-01/frame-000094.color.png 0.872443 0.127889 -0.410928 -0.231573 0.656669 -0.0770183 0.978847
seq-01/frame-000083.color.png 0.883578 0.154753 -0.385935 -0.215398 0.791069 -0.132766 0.995738
seq-01/frame-000239.color.png 0.980126 0.128846 -0.102641 -0.110529 0.389074 0.89086 -0.129751
seq-04/frame-000372.color.png 0.986978 0.160234 0.0132586 -0.00479302 -0.104626 1.42485 -0.408923
seq-04/frame-000121.color.png 0.992206 0.123316 0.0174662 0.00391187 -0.132717 1.24643 -0.0407445
seq-01/frame-000470.color.png 0.992245 0.0638203 -0.0826607 -0.0674131 0.581382 2.02197 -1.63452
seq-01/frame-000481.color.png 0.994592 0.0424577 -0.0758104 -0.0568851 0.52826 1.98319 -1.72341
seq-04/frame-000304.color.png 0.985586 0.166775 -0.022395 -0.0174689 0.08703 1.32761 -0.14995
seq-04/frame-000053.color.png 0.972778 0.183174 -0.141802 -0.00657052 0.165126 1.12547 0.232514
seq-04/frame-000198.color.png 0.907236 0.151793 0.384376 0.0783373 -0.334601 1.09061 0.357996
seq-04/frame-000209.color.png 0.914853 0.203036 0.340952 0.0746473 -0.290622 1.0754 0.419358
seq-01/frame-000296.color.png 0.981444 0.120987 -0.118226 -0.0902872 0.444179 1.45458 -0.618219
seq-01/frame-000307.color.png 0.987599 0.09833 -0.0998283 -0.0708077 0.349073 1.2082 -0.579409
seq-04/frame-000440.color.png 0.972791 0.228864 0.0340522 -0.0117861 -0.091142 1.37983 -0.387556
seq-01/frame-000045.color.png 0.936004 0.208043 -0.234883 -0.159512 1.2397 -0.0184099 0.848974
seq-01/frame-000034.color.png 0.949824 0.216146 -0.182547 -0.133385 1.33911 -0.0051332 0.732505
seq-01/frame-000056.color.png 0.918972 0.196172 -0.290727 -0.180234 1.10872 -0.0840874 0.953356
seq-04/frame-000429.color.png 0.97628 0.213155 0.037011 -0.00854081 -0.110364 1.38467 -0.400144
seq-04/frame-000451.color.png 0.969964 0.240713 0.0319513 -0.0143501 -0.093801 1.38648 -0.385272
seq-04/frame-000334.color.png 0.989031 0.147276 -0.010575 -0.00397755 -0.0959871 1.40207 -0.325648
seq-01/frame-000432.color.png 0.984981 0.102761 -0.107194 -0.0880986 0.575739 1.88656 -1.28927
seq-01/frame-000181.color.png 0.958714 0.177376 -0.172432 -0.140259 0.609794 0.620209 0.118012
seq-04/frame-000266.color.png 0.974581 0.205042 0.0897835 -0.00942707 -0.0895649 1.25796 0.0957721
seq-04/frame-000004.color.png 0.980345 0.170938 -0.098503 0.00106379 0.180888 0.933951 0.581709
seq-04/frame-000015.color.png 0.979093 0.166843 -0.116132 -0.00734724 0.254521 0.972561 0.494189
seq-01/frame-000113.color.png 0.874368 0.137203 -0.404511 -0.230275 0.636659 0.053708 0.762666
seq-01/frame-000269.color.png 0.977419 0.1495 -0.117251 -0.0924918 0.448977 1.45448 -0.331564
seq-04/frame-000391.color.png 0.983792 0.174154 0.0423389 0.00553394 -0.132696 1.39338 -0.383616
seq-01/frame-000018.color.png 0.961625 0.211431 -0.136379 -0.109431 1.43971 0.0635367 0.634564
seq-01/frame-000007.color.png 0.962957 0.209494 -0.131803 -0.107026 1.44782 0.0756633 0.629045
seq-04/frame-000402.color.png 0.98 0.194146 0.0436078 0.00257039 -0.127224 1.38515 -0.364205
seq-04/frame-000140.color.png 0.986937 0.0606736 0.143902 0.0395636 -0.223246 0.833593 0.119776
seq-01/frame-000489.color.png 0.996117 0.0168455 -0.0681105 -0.0531776 0.446822 1.90181 -1.8249
seq-04/frame-000151.color.png 0.976487 0.0618303 0.199488 0.0534328 -0.30743 1.11324 0.0182825
seq-01/frame-000238.color.png 0.980469 0.126441 -0.104132 -0.108852 0.394599 0.873876 -0.123905
seq-01/frame-000394.color.png 0.985524 0.114962 -0.10237 -0.0710327 0.527186 1.73724 -1.11456
seq-01/frame-000143.color.png 0.94952 0.18168 -0.187174 -0.174271 0.644661 0.37641 0.351065
seq-04/frame-000228.color.png 0.933309 0.244972 0.259099 0.0423193 -0.204653 1.09359 0.40967
seq-01/frame-000326.color.png 0.985774 0.0798643 -0.118129 -0.0889786 0.517178 1.228 -0.740113
seq-04/frame-000459.color.png 0.968888 0.245111 0.0301274 -0.0164025 -0.0877001 1.38649 -0.394213
seq-01/frame-000075.color.png 0.885006 0.16641 -0.379183 -0.212819 0.848082 -0.180438 1.01981
seq-04/frame-000470.color.png 0.966634 0.25374 0.0289366 -0.0199089 -0.083847 1.38384 -0.405294
seq-04/frame-000353.color.png 0.991034 0.132323 0.0183986 -0.00196673 -0.1473 1.42168 -0.431919
seq-04/frame-000364.color.png 0.988472 0.149641 0.0208963 -0.00974758 -0.122269 1.42939 -0.428863
seq-04/frame-000102.color.png 0.988987 0.12671 -0.0740279 -0.0191915 0.0866065 1.23049 -0.0614167
seq-01/frame-000451.color.png 0.990741 0.0769717 -0.0799798 -0.0781718 0.484614 1.92428 -1.45299
seq-01/frame-000462.color.png 0.991211 0.0678448 -0.0818175 -0.0787687 0.56971 1.96761 -1.58254
seq-01/frame-000473.color.png 0.992711 0.0660417 -0.0801824 -0.0611039 0.558314 2.05232 -1.63601
seq-04/frame-000113.color.png 0.991656 0.125176 -0.0307343 -0.00236887 -0.0501384 1.24566 -0.0554965
seq-01/frame-000200.color.png 0.968969 0.158383 -0.137539 -0.130751 0.502593 0.705155 -0.00500101
seq-01/frame-000211.color.png 0.976151 0.143993 -0.113723 -0.116024 0.419374 0.744497 -0.0570949
seq-01/frame-000222.color.png 0.978802 0.135168 -0.104913 -0.112557 0.378079 0.77807 -0.0865008
seq-01/frame-000356.color.png 0.989265 0.086733 -0.103721 -0.055447 0.379436 1.42993 -0.979632
seq-04/frame-000421.color.png 0.977441 0.207453 0.0387651 -0.00837976 -0.106254 1.39204 -0.392501
seq-01/frame-000037.color.png 0.949395 0.205755 -0.194085 -0.136548 1.31427 -0.0402286 0.743312
seq-04/frame-000432.color.png 0.975981 0.214983 0.0342435 -0.00841701 -0.0951881 1.382 -0.401872
seq-04/frame-000170.color.png 0.948279 0.0589134 0.304846 0.0660765 -0.377482 1.12208 0.0864575
seq-04/frame-000181.color.png 0.928482 0.104546 0.348835 0.0728379 -0.350263 1.11212 0.22709
seq-04/frame-000315.color.png 0.986745 0.159226 0.0224713 -0.0218308 0.00373191 1.34441 -0.203351
seq-04/frame-000326.color.png 0.988958 0.147038 0.012597 -0.0135413 -0.0597518 1.38204 -0.289777
seq-01/frame-000279.color.png 0.988007 0.0548483 -0.113251 -0.0894909 0.278519 0.58575 -0.322881
seq-04/frame-000460.color.png 0.969313 0.243576 0.0288997 -0.016397 -0.083661 1.37458 -0.40122
seq-04/frame-000064.color.png 0.971767 0.186609 -0.143996 -0.0105857 0.169334 1.16807 0.161213
seq-01/frame-000413.color.png 0.985134 0.0988781 -0.112207 -0.0845172 0.598086 1.74147 -1.19999
seq-01/frame-000424.color.png 0.986425 0.0917754 -0.106739 -0.0845526 0.568304 1.78769 -1.2819
seq-01/frame-000435.color.png 0.985744 0.103331 -0.101641 -0.085441 0.546596 1.91668 -1.29486
seq-01/frame-000162.color.png 0.96398 0.167805 -0.156372 -0.134657 0.592113 0.486255 0.203071
seq-01/frame-000173.color.png 0.963994 0.163271 -0.164727 -0.130091 0.602933 0.542711 0.125947
seq-04/frame-000383.color.png 0.986251 0.162327 0.030841 0.00265576 -0.126366 1.40283 -0.402737
seq-04/frame-000394.color.png 0.983447 0.175536 0.0447117 0.00441762 -0.139973 1.37913 -0.38497
seq-04/frame-000132.color.png 0.994335 0.0520799 0.0879489 0.0291573 -0.200033 1.00295 -0.0943405
seq-01/frame-000492.color.png 0.996147 0.00505715 -0.0708196 -0.0514842 0.447141 1.85582 -1.86086
seq-04/frame-000143.color.png 0.987741 0.0361898 0.14404 0.048071 -0.237908 0.984899 -0.0646981
seq-04/frame-000277.color.png 0.982509 0.184109 0.0164338 -0.0225921 -0.00372491 1.27432 -0.0167793
seq-04/frame-000288.color.png 0.983658 0.175733 -0.0339647 -0.0195356 0.0506141 1.30866 -0.0756262
seq-01/frame-000230.color.png 0.978502 0.138868 -0.0983088 -0.116553 0.384141 0.841358 -0.0849543
seq-01/frame-000241.color.png 0.980314 0.125381 -0.103411 -0.112117 0.39945 0.89452 -0.148722
seq-04/frame-000026.color.png 0.976808 0.172809 -0.125305 -0.0167678 0.292633 1.00791 0.431901
seq-01/frame-000375.color.png 0.987777 0.0885628 -0.103543 -0.075713 0.425202 1.52018 -1.05873
seq-01/frame-000386.color.png 0.988453 0.0951197 -0.0878867 -0.078675 0.521195 1.86385 -1.31101
seq-04/frame-000422.color.png 0.977719 0.205984 0.0396221 -0.00816673 -0.111952 1.3881 -0.398601
seq-01/frame-000124.color.png 0.904878 0.153011 -0.324761 -0.228722 0.714398 0.155374 0.56099
seq-01/frame-000135.color.png 0.936983 0.169615 -0.236947 -0.192744 0.688029 0.304299 0.413456
seq-04/frame-000200.color.png 0.909211 0.165153 0.374258 0.0773971 -0.318671 1.08385 0.371788
seq-04/frame-000345.color.png 0.991142 0.132259 0.0120656 0.000667395 -0.155207 1.41464 -0.398597
seq-04/frame-000356.color.png 0.989924 0.141103 0.0113931 -0.00335765 -0.123887 1.42728 -0.428461
seq-04/frame-000479.color.png 0.965529 0.258438 0.0216606 -0.0222232 -0.0625602 1.38138 -0.415882
seq-04/frame-000083.color.png 0.975029 0.167741 -0.143766 -0.0226588 0.217242 1.21971 0.0557812
seq-01/frame-000443.color.png 0.987644 0.0937103 -0.0902352 -0.0873839 0.523877 1.93216 -1.34579
seq-01/frame-000454.color.png 0.991087 0.0673403 -0.0838651 -0.0786068 0.523541 1.91435 -1.51253
seq-04/frame-000094.color.png 0.984923 0.139325 -0.0997077 -0.0239614 0.169594 1.22889 -0.0346672
seq-04/frame-000105.color.png 0.989521 0.129533 -0.0626464 -0.0120353 0.0310756 1.23715 -0.0537884
seq-01/frame-000192.color.png 0.962248 0.166931 -0.164311 -0.138618 0.575776 0.651906 0.0579823
seq-01/frame-000203.color.png 0.971796 0.149709 -0.134971 -0.122403 0.478714 0.692478 -0.0231096
seq-04/frame-000239.color.png 0.946916 0.251441 0.199247 0.0206851 -0.166992 1.09883 0.366527
seq-01/frame-000337.color.png 0.985 0.0864392 -0.125368 -0.0811568 0.525185 1.27754 -0.795532
seq-01/frame-000348.color.png 0.987725 0.0814281 -0.109134 -0.0765445 0.509621 1.56826 -1.10091
seq-01/frame-000086.color.png 0.881333 0.145469 -0.391078 -0.221696 0.752865 -0.119005 0.991045
seq-01/frame-000097.color.png 0.872857 0.122341 -0.411777 -0.231503 0.64809 -0.070864 0.970563
seq-01/frame-000231.color.png 0.978536 0.137384 -0.100733 -0.115954 0.394307 0.846037 -0.0850019
seq-04/frame-000413.color.png 0.978573 0.202693 0.0360853 -0.00288117 -0.104623 1.38616 -0.379422
seq-04/frame-000162.color.png 0.959959 0.0615833 0.266702 0.059638 -0.349733 1.12012 0.0619596
seq-04/frame-000296.color.png 0.983533 0.172788 -0.0508399 -0.0148928 0.0846872 1.31846 -0.105643
seq-04/frame-000307.color.png 0.985311 0.16921 -0.00871988 -0.0213197 0.064578 1.33231 -0.153002
seq-04/frame-000318.color.png 0.986804 0.160036 0.0163447 -0.0184336 0.000102915 1.35995 -0.211686
seq-04/frame-000452.color.png 0.970006 0.240709 0.0305603 -0.0145984 -0.0907591 1.38612 -0.388264
seq-04/frame-000045.color.png 0.97452 0.179185 -0.134234 -0.0135769 0.191691 1.09615 0.288108
seq-01/frame-000405.color.png 0.983979 0.115428 -0.110038 -0.0797131 0.577888 1.77885 -1.12668
seq-01/frame-000009.color.png 0.962765 0.210116 -0.132055 -0.107223 1.44791 0.0782855 0.631486
seq-01/frame-000416.color.png 0.986182 0.0964306 -0.107079 -0.0817364 0.570811 1.75257 -1.22945
seq-04/frame-000056.color.png 0.972418 0.18601 -0.140471 -0.00847714 0.172259 1.13033 0.219405
seq-01/frame-000154.color.png 0.959937 0.180705 -0.155367 -0.147405 0.619087 0.441945 0.274477
seq-01/frame-000165.color.png 0.964567 0.167833 -0.156988 -0.129601 0.587299 0.522709 0.182635
seq-04/frame-000067.color.png 0.972267 0.185256 -0.142002 -0.0145863 0.171116 1.18706 0.145247
seq-01/frame-000299.color.png 0.982565 0.127756 -0.104454 -0.085635 0.380558 1.51701 -0.608001
seq-01/frame-000310.color.png 0.988653 0.0997373 -0.0814155 -0.0773907 0.339106 1.44904 -0.788986
seq-04/frame-000190.color.png 0.91379 0.112201 0.383461 0.0731871 -0.349365 1.10082 0.269164
seq-04/frame-000201.color.png 0.909156 0.170003 0.372369 0.0766572 -0.317512 1.08601 0.385724
seq-01/frame-000048.color.png 0.933436 0.202746 -0.246723 -0.163457 1.21248 -0.0363987 0.866967
seq-01/frame-000193.color.png 0.962331 0.165683 -0.163843 -0.140082 0.578519 0.65488 0.0572922
seq-04/frame-000375.color.png 0.986904 0.160185 0.0183631 -0.00498744 -0.104047 1.41883 -0.407438
seq-04/frame-000124.color.png 0.993155 0.110921 0.034704 0.0115955 -0.140429 1.21514 -0.0464556
seq-04/frame-000258.color.png 0.965944 0.240506 0.0952168 -0.00661702 -0.102824 1.22621 0.211748
seq-04/frame-000269.color.png 0.977929 0.192996 0.0789999 -0.0129351 -0.0755458 1.26235 0.0486786
seq-04/frame-000007.color.png 0.979584 0.168117 -0.110236 0.000347708 0.204487 0.945872 0.560529
seq-01/frame-000367.color.png 0.989423 0.0828483 -0.0942073 -0.072823 0.383534 1.47515 -1.01326
seq-01/frame-000378.color.png 0.987833 0.0911003 -0.102191 -0.0737832 0.431906 1.54084 -1.08257
seq-04/frame-000018.color.png 0.978394 0.166588 -0.122012 -0.0103696 0.267653 0.988358 0.47763
seq-04/frame-000152.color.png 0.97544 0.055891 0.205845 0.0549606 -0.308397 1.09743 0.0142154
seq-01/frame-000105.color.png 0.868362 0.133523 -0.418206 -0.230702 0.614867 -0.0346567 0.897936
seq-01/frame-000116.color.png 0.880812 0.143534 -0.387466 -0.231167 0.660649 0.083421 0.702026
seq-01/frame-000127.color.png 0.91405 0.160242 -0.30583 -0.212845 0.705855 0.209492 0.515047
seq-01/frame-000261.color.png 0.986202 0.0822148 -0.111124 -0.0910918 0.283426 0.624025 -0.178291
seq-04/frame-000163.color.png 0.958654 0.058328 0.271783 0.0609428 -0.353441 1.11859 0.0588562
seq-04/frame-000405.color.png 0.979226 0.198605 0.0408641 0.00162988 -0.126447 1.38846 -0.364206
seq-01/frame-000010.color.png 0.962819 0.209428 -0.132303 -0.107775 1.44628 0.0710475 0.620821
seq-04/frame-000337.color.png 0.989597 0.143735 -0.00552281 -0.00257973 -0.117537 1.41356 -0.346751
seq-04/frame-000482.color.png 0.96539 0.258697 0.023525 -0.023319 -0.0725228 1.37277 -0.426508
seq-04/frame-000075.color.png 0.971514 0.183082 -0.148231 -0.0258515 0.298103 1.76989 -0.135294
seq-04/frame-000086.color.png 0.977435 0.162159 -0.133565 -0.0220308 0.201556 1.23359 0.029308
seq-04/frame-000220.color.png 0.923404 0.241363 0.292773 0.0579066 -0.231352 1.07109 0.436724
seq-04/frame-000231.color.png 0.937538 0.249346 0.239704 0.0372858 -0.191598 1.10083 0.397185
seq-01/frame-000184.color.png 0.959865 0.176004 -0.170485 -0.136444 0.60369 0.625444 0.101889
seq-01/frame-000318.color.png 0.987184 0.102532 -0.0969463 -0.0745394 0.47358 1.76945 -0.981964
seq-01/frame-000329.color.png 0.98444 0.0820885 -0.130071 -0.0849789 0.529025 1.2373 -0.751355
seq-01/frame-000340.color.png 0.9865 0.0893058 -0.11416 -0.0762205 0.478786 1.31646 -0.821123
seq-01/frame-000067.color.png 0.896303 0.173294 -0.35684 -0.19818 0.929701 -0.175259 1.02354
seq-01/frame-000078.color.png 0.884501 0.16425 -0.379726 -0.215609 0.830783 -0.171599 1.00903
seq-01/frame-000089.color.png 0.879298 0.136596 -0.39769 -0.223648 0.715799 -0.0962904 0.987225
seq-01/frame-000465.color.png 0.991967 0.0627576 -0.0838219 -0.0709673 0.573656 1.98166 -1.61809
seq-04/frame-000299.color.png 0.983609 0.174479 -0.0429506 -0.0150033 0.083417 1.32575 -0.11328
seq-04/frame-000037.color.png 0.974136 0.183137 -0.130847 -0.0199893 0.254596 1.06393 0.36528
seq-01/frame-000397.color.png 0.984403 0.114443 -0.105324 -0.082225 0.573711 1.7432 -1.1136
seq-04/frame-000048.color.png 0.973814 0.179754 -0.138861 -0.00961475 0.170044 1.1051 0.264539
seq-04/frame-000182.color.png 0.926614 0.104255 0.354041 0.0719223 -0.345431 1.10587 0.22423
seq-04/frame-000193.color.png 0.906679 0.12337 0.396238 0.075556 -0.347624 1.09624 0.310296
seq-01/frame-000146.color.png 0.953374 0.183819 -0.175968 -0.162244 0.626473 0.397979 0.32896
seq-01/frame-000280.color.png 0.977903 0.117167 -0.145496 -0.0938584 0.353701 0.580554 -0.0801419
seq-01/frame-000291.color.png 0.978089 0.13749 -0.124923 -0.0939827 0.45308 1.49814 -0.482114
seq-04/frame-000424.color.png 0.977657 0.206571 0.0381624 -0.00770564 -0.1124 1.38344 -0.403227
seq-01/frame-000029.color.png 0.955893 0.216223 -0.157984 -0.120655 1.38752 0.0279327 0.678786
seq-01/frame-000040.color.png 0.945111 0.209384 -0.207244 -0.141331 1.28652 -0.0310558 0.781724
seq-04/frame-000435.color.png 0.975072 0.219173 0.0335449 -0.00846886 -0.101399 1.38157 -0.399096
seq-01/frame-000427.color.png 0.986001 0.0940767 -0.109776 -0.0830728 0.566243 1.81269 -1.29508
seq-04/frame-000250.color.png 0.958886 0.250182 0.133946 -0.00205154 -0.139718 1.16742 0.289595
seq-01/frame-000359.color.png 0.990425 0.0860569 -0.0851778 -0.0663179 0.355489 1.45031 -0.995107
seq-01/frame-000108.color.png 0.868435 0.136036 -0.414109 -0.236278 0.620913 -0.0207279 0.853672
seq-04/frame-000386.color.png 0.985808 0.164163 0.0347252 0.00517602 -0.12309 1.39073 -0.400266
seq-01/frame-000002.color.png 0.963911 0.206305 -0.131034 -0.105564 1.44944 0.0794729 0.621506
seq-04/frame-000397.color.png 0.981883 0.184701 0.042236 0.00277119 -0.122999 1.38245 -0.37338
seq-04/frame-000135.color.png 0.990841 0.0708166 0.109564 0.0348597 -0.22675 1.09879 -0.0538035
seq-01/frame-000484.color.png 0.99529 0.0386683 -0.069727 -0.0551399 0.48112 1.97737 -1.74355
seq-01/frame-000495.color.png 0.996142 0.00116213 -0.0719778 -0.0501853 0.444786 1.83776 -1.86883
seq-04/frame-000280.color.png 0.982902 0.182739 -0.00528588 -0.0219828 0.0251523 1.29216 -0.0334417
seq-01/frame-000233.color.png 0.978473 0.135823 -0.102409 -0.116853 0.401638 0.858878 -0.0900303
seq-04/frame-000454.color.png 0.969374 0.243436 0.0289903 -0.0145891 -0.086644 1.38883 -0.386642
seq-01/frame-000059.color.png 0.916013 0.176568 -0.313278 -0.177765 1.05775 -0.150124 0.944705
seq-01/frame-000070.color.png 0.89136 0.169867 -0.367336 -0.204174 0.899463 -0.179736 1.02607
seq-04/frame-000465.color.png 0.967218 0.251573 0.0291218 -0.0187718 -0.0809258 1.38179 -0.39605
seq-04/frame-000359.color.png 0.988755 0.149025 0.0114491 -0.00496473 -0.119338 1.44949 -0.420569
seq-04/frame-000348.color.png 0.991444 0.12946 0.0162664 0.0037532 -0.157383 1.41479 -0.412149
seq-04/frame-000493.color.png 0.962291 0.270231 0.0206802 -0.0233293 -0.0739234 1.37433 -0.426716
seq-04/frame-000097.color.png 0.98788 0.130238 -0.081454 -0.0222711 0.132637 1.23156 -0.057298
seq-01/frame-000457.color.png 0.990965 0.0697882 -0.0818502 -0.0801187 0.541658 1.93951 -1.53215
seq-01/frame-000446.color.png 0.988152 0.0922594 -0.0878334 -0.0856059 0.516079 1.94108 -1.36304
seq-01/frame-000195.color.png 0.964144 0.164856 -0.155774 -0.137781 0.561794 0.674208 0.0416328
seq-01/frame-000206.color.png 0.973015 0.150189 -0.126459 -0.121214 0.454942 0.715329 -0.0335507
seq-04/frame-000029.color.png 0.975217 0.179107 -0.128666 -0.0178223 0.279658 1.03745 0.429174
seq-04/frame-000416.color.png 0.978545 0.2026 0.036967 -0.0060409 -0.0999313 1.38405 -0.387722
seq-01/frame-000021.color.png 0.960288 0.213321 -0.139578 -0.113395 1.42902 0.0504403 0.637702
seq-04/frame-000427.color.png 0.976542 0.212357 0.0347874 -0.00772703 -0.105739 1.38609 -0.398966
seq-04/frame-000165.color.png 0.956046 0.0588659 0.280624 0.0613225 -0.3636 1.1222 0.068103
seq-04/frame-000176.color.png 0.940303 0.0781783 0.322927 0.0737326 -0.363993 1.11192 0.169249
seq-04/frame-000154.color.png 0.97294 0.0529859 0.21774 0.056296 -0.310087 1.08172 0.0194634
seq-04/frame-000310.color.png 0.986206 0.164257 -0.00360476 -0.0201357 0.0612691 1.34439 -0.170959
seq-01/frame-000263.color.png 0.986477 0.0805164 -0.11039 -0.0905216 0.288861 0.61987 -0.193778
seq-01/frame-000274.color.png 0.987839 0.0513407 -0.10884 -0.098449 0.270513 0.59198 -0.313221
seq-04/frame-000059.color.png 0.97241 0.18888 -0.136561 -0.0097021 0.157424 1.14659 0.19884
seq-01/frame-000408.color.png 0.98485 0.103042 -0.114048 -0.0802923 0.598315 1.74142 -1.16651
seq-01/frame-000419.color.png 0.986999 0.089763 -0.103767 -0.0837187 0.566173 1.75193 -1.27087
seq-01/frame-000157.color.png 0.962064 0.175683 -0.155816 -0.138884 0.604026 0.459324 0.240966
seq-01/frame-000168.color.png 0.966511 0.159978 -0.157168 -0.12475 0.572343 0.503592 0.1306
seq-01/frame-000302.color.png 0.985488 0.110082 -0.102173 -0.0790934 0.392588 1.46426 -0.693902
seq-01/frame-000051.color.png 0.929223 0.198344 -0.258326 -0.174562 1.17929 -0.0619299 0.909302
seq-04/frame-000484.color.png 0.965712 0.257528 0.0221857 -0.0242319 -0.0629552 1.36586 -0.435589
seq-04/frame-000367.color.png 0.987125 0.159065 0.0160135 -0.00508775 -0.119606 1.43745 -0.410166
seq-04/frame-000378.color.png 0.986482 0.162186 0.0233311 -0.00207709 -0.117724 1.41428 -0.402845
seq-04/frame-000116.color.png 0.992202 0.123335 -0.0179963 0.000815089 -0.0680809 1.23573 -0.0524387
seq-04/frame-000127.color.png 0.992703 0.0999295 0.0653863 0.0166892 -0.178148 1.17578 -0.0469251
seq-04/frame-000138.color.png 0.988104 0.05977 0.136348 0.0385615 -0.230626 0.812631 0.0899037
seq-04/frame-000261.color.png 0.970191 0.22452 0.0908913 -0.00762532 -0.0985524 1.23675 0.159722
seq-01/frame-000476.color.png 0.993152 0.0631582 -0.078201 -0.0595384 0.541797 2.0519 -1.65027
seq-01/frame-000225.color.png 0.978862 0.135289 -0.107421 -0.109487 0.397752 0.795099 -0.0737875
seq-01/frame-000236.color.png 0.979381 0.131546 -0.104094 -0.112572 0.398814 0.87551 -0.106892
seq-04/frame-000010.color.png 0.979259 0.168056 -0.113135 -0.00314482 0.219108 0.947851 0.535399
seq-01/frame-000370.color.png 0.988783 0.0827338 -0.0993411 -0.0747939 0.393138 1.48747 -1.03165
seq-01/frame-000381.color.png 0.988311 0.0941594 -0.0958949 -0.0719719 0.433302 1.57217 -1.10576
seq-04/frame-000021.color.png 0.977647 0.165137 -0.129527 -0.0126275 0.282582 0.999059 0.458883
seq-04/frame-000272.color.png 0.981065 0.183276 0.0605804 -0.0158557 -0.0572502 1.25902 0.012821
seq-01/frame-000119.color.png 0.889428 0.143411 -0.36589 -0.233401 0.68354 0.109509 0.646504
seq-01/frame-000264.color.png 0.986967 0.0768527 -0.105691 -0.0939059 0.278177 0.615871 -0.210991
seq-04/frame-000446.color.png 0.971155 0.235293 0.0360875 -0.0138863 -0.0939202 1.38238 -0.384539
seq-04/frame-000195.color.png 0.905162 0.134209 0.395797 0.0775538 -0.340589 1.09213 0.330111
seq-04/frame-000329.color.png 0.988985 0.147579 0.000424204 -0.0113283 -0.0841772 1.40167 -0.312829
seq-04/frame-000340.color.png 0.990177 0.139805 0.000636455 -0.00186145 -0.124896 1.42144 -0.365172
seq-04/frame-000474.color.png 0.966745 0.253666 0.025707 -0.0199002 -0.0797112 1.37939 -0.415398
seq-04/frame-000089.color.png 0.980621 0.151707 -0.121841 -0.022848 0.197545 1.23528 -0.00283229
seq-01/frame-000438.color.png 0.986582 0.098301 -0.0898626 -0.0944378 0.532735 1.91899 -1.32275
seq-01/frame-000449.color.png 0.990137 0.0813669 -0.0818228 -0.0794554 0.48799 1.9275 -1.42616
seq-04/frame-000223.color.png 0.926276 0.243469 0.28197 0.0568222 -0.230666 1.07333 0.434103
seq-04/frame-000078.color.png 0.971881 0.178753 -0.151765 -0.0214999 0.192672 1.23697 0.0893091
seq-01/frame-000176.color.png 0.963161 0.16612 -0.169354 -0.126666 0.597544 0.551628 0.11099
seq-01/frame-000187.color.png 0.960587 0.172555 -0.167246 -0.139737 0.598265 0.624651 0.0851673
seq-01/frame-000198.color.png 0.96744 0.161375 -0.143843 -0.131629 0.525208 0.696041 0.0146354
seq-01/frame-000321.color.png 0.986027 0.0989772 -0.105812 -0.0822042 0.547063 1.77486 -1.00963
seq-01/frame-000332.color.png 0.982944 0.0875104 -0.137459 -0.0852519 0.553304 1.25533 -0.744786
seq-04/frame-000234.color.png 0.939756 0.253069 0.227409 0.0331581 -0.194459 1.10367 0.394815
seq-01/frame-000081.color.png 0.883993 0.159785 -0.383754 -0.213911 0.805944 -0.146766 1.00096
seq-04/frame-000408.color.png 0.979311 0.198992 0.0367757 0.000196913 -0.112959 1.38769 -0.372928
seq-04/frame-000146.color.png 0.982911 0.059404 0.167192 0.0490246 -0.284313 1.09476 -0.00629346
seq-04/frame-000157.color.png 0.966631 0.0665283 0.24076 0.0568655 -0.335863 1.12469 0.0430532
seq-04/frame-000291.color.png 0.983563 0.173583 -0.0465857 -0.0174191 0.0669582 1.30895 -0.090202
seq-04/frame-000302.color.png 0.98467 0.170707 -0.0322273 -0.0156586 0.0856463 1.33335 -0.137956
seq-01/frame-000255.color.png 0.985223 0.0898259 -0.11298 -0.0922141 0.2872 0.629099 -0.13772
seq-04/frame-000447.color.png 0.970487 0.238058 0.0359612 -0.0138208 -0.0963044 1.38744 -0.380131
seq-04/frame-000040.color.png 0.973215 0.187497 -0.131892 -0.0173731 0.21846 1.08003 0.347862
seq-01/frame-000389.color.png 0.987762 0.0955883 -0.0982985 -0.0743398 0.503525 1.64209 -1.15431
seq-01/frame-000004.color.png 0.963591 0.207412 -0.131641 -0.105562 1.45089 0.0765605 0.625305
seq-01/frame-000400.color.png 0.983962 0.111998 -0.113631 -0.079765 0.591163 1.74612 -1.12249
seq-04/frame-000051.color.png 0.972528 0.183394 -0.143165 -0.00767322 0.177903 1.11557 0.254498
seq-01/frame-000138.color.png 0.942762 0.174671 -0.216923 -0.183395 0.66229 0.333047 0.378004
seq-01/frame-000149.color.png 0.957129 0.184035 -0.161352 -0.15492 0.606112 0.423494 0.293262
seq-01/frame-000160.color.png 0.963518 0.16956 -0.157063 -0.134958 0.595196 0.476116 0.221707
seq-01/frame-000294.color.png 0.978262 0.140822 -0.119276 -0.0945826 0.433507 1.5355 -0.512262
seq-01/frame-000283.color.png 0.977632 0.118672 -0.145424 -0.0948962 0.347183 0.59857 -0.0930912
seq-04/frame-000185.color.png 0.922336 0.107303 0.363854 0.0734288 -0.353168 1.10688 0.241474
seq-01/frame-000032.color.png 0.953411 0.214599 -0.170213 -0.126421 1.36134 0.0078159 0.703362
seq-01/frame-000043.color.png 0.943374 0.195286 -0.223647 -0.147957 1.25387 -0.0579105 0.801853
seq-04/frame-000108.color.png 0.990505 0.126365 -0.0539155 -0.00497507 0.00617739 1.241 -0.0566129
seq-01/frame-000468.color.png 0.992182 0.0617723 -0.0821396 -0.0707964 0.5788 1.99787 -1.63492
seq-04/frame-000119.color.png 0.992404 0.122999 0.00217284 0.00100454 -0.103256 1.23911 -0.0464399
seq-04/frame-000242.color.png 0.953292 0.241096 0.181145 0.0171561 -0.151113 1.0772 0.327409
seq-04/frame-000253.color.png 0.961817 0.248615 0.114377 -0.00402442 -0.125927 1.17192 0.256852
seq-01/frame-000217.color.png 0.977038 0.142535 -0.110814 -0.113144 0.403674 0.754011 -0.0665932
seq-04/frame-000264.color.png 0.972564 0.214075 0.0906817 -0.0081912 -0.0931703 1.25769 0.123791
seq-04/frame-000002.color.png 0.980328 0.171507 -0.0976371 0.00322704 0.167869 0.922637 0.603462
seq-01/frame-000351.color.png 0.988008 0.0754176 -0.118608 -0.0639178 0.42879 1.3329 -0.971186
seq-01/frame-000362.color.png 0.990135 0.0838881 -0.07862 -0.0800862 0.365184 1.46432 -1.00538
seq-04/frame-000013.color.png 0.978627 0.169551 -0.116211 -0.00601555 0.24313 0.963588 0.511506
seq-04/frame-000147.color.png 0.98166 0.0639306 0.17283 0.0488594 -0.290627 1.11456 0.0100139
seq-01/frame-000100.color.png 0.870188 0.125767 -0.414154 -0.235438 0.636127 -0.0635795 0.950204
seq-01/frame-000111.color.png 0.870238 0.137502 -0.41263 -0.231334 0.621764 0.0267805 0.804593
seq-01/frame-000245.color.png 0.980279 0.117885 -0.114365 -0.109892 0.422044 0.909473 -0.170773
seq-01/frame-000256.color.png 0.985071 0.0907943 -0.115143 -0.0901865 0.296588 0.631393 -0.136104
seq-04/frame-000389.color.png 0.984345 0.17102 0.0423613 0.00479503 -0.138766 1.40148 -0.384962
seq-01/frame-000005.color.png 0.964069 0.20508 -0.133822 -0.102982 1.45502 0.0754867 0.62777
seq-04/frame-000321.color.png 0.988476 0.14937 0.0158044 -0.0188091 -0.0153295 1.36506 -0.255337
seq-04/frame-000477.color.png 0.966985 0.253064 0.0220711 -0.0202807 -0.0674303 1.37425 -0.427974
seq-04/frame-000070.color.png 0.972873 0.178608 -0.145879 -0.0183628 0.18429 1.19395 0.115389
seq-01/frame-000430.color.png 0.985878 0.100047 -0.10527 -0.0833869 0.547815 1.85773 -1.29184
seq-04/frame-000204.color.png 0.910994 0.185388 0.360501 0.0758941 -0.303406 1.07968 0.403917
seq-04/frame-000215.color.png 0.919421 0.230663 0.312505 0.0616508 -0.245767 1.06873 0.445922
seq-01/frame-000179.color.png 0.959286 0.17757 -0.172494 -0.13596 0.600806 0.610343 0.123547
seq-04/frame-000226.color.png 0.930948 0.246007 0.265361 0.048981 -0.214797 1.08332 0.414307
seq-01/frame-000313.color.png 0.987598 0.105523 -0.0923614 -0.070595 0.352272 1.24672 -0.611337
seq-01/frame-000324.color.png 0.986355 0.0892449 -0.106993 -0.0877023 0.584415 1.7335 -1.05645
seq-01/frame-000062.color.png 0.904964 0.189279 -0.329664 -0.191142 1.00603 -0.129242 1.00712
seq-01/frame-000073.color.png 0.887595 0.16617 -0.375065 -0.209498 0.868093 -0.181229 1.03093
seq-04/frame-000351.color.png 0.991409 0.129504 0.018282 0.00170871 -0.151715 1.41394 -0.427904
seq-04/frame-000283.color.png 0.983181 0.18074 -0.0133893 -0.0225478 0.0323996 1.29633 -0.0468562
seq-04/frame-000032.color.png 0.97536 0.177736 -0.129494 -0.0176966 0.266424 1.03111 0.387648
seq-04/frame-000177.color.png 0.939709 0.0785214 0.324554 0.0737972 -0.355799 1.0925 0.162071
seq-04/frame-000188.color.png 0.918531 0.110184 0.372663 0.0726788 -0.348184 1.10494 0.253788
seq-01/frame-000130.color.png 0.925349 0.162383 -0.277211 -0.201283 0.70578 0.258786 0.468187
seq-01/frame-000275.color.png 0.978373 0.114378 -0.14545 -0.0924614 0.367557 0.586818 -0.0492344
seq-01/frame-000286.color.png 0.976151 0.147848 -0.121443 -0.10258 0.46439 1.50943 -0.427113
seq-04/frame-000419.color.png 0.97805 0.204792 0.0376017 -0.00798861 -0.101992 1.38809 -0.393645
seq-01/frame-000013.color.png 0.96281 0.209397 -0.132394 -0.107804 1.447 0.071811 0.620138
seq-01/frame-000024.color.png 0.960221 0.208302 -0.146772 -0.11421 1.41529 0.0224 0.638984
seq-01/frame-000035.color.png 0.949884 0.211534 -0.186843 -0.134398 1.32967 -0.0209389 0.735666
seq-04/frame-000430.color.png 0.97591 0.214914 0.0366023 -0.00847201 -0.107063 1.38918 -0.398681
seq-01/frame-000411.color.png 0.984463 0.102446 -0.114464 -0.0850645 0.611499 1.74875 -1.17463
seq-04/frame-000245.color.png 0.957219 0.242502 0.157206 0.0145227 -0.142504 1.09166 0.300126
seq-01/frame-000343.color.png 0.987456 0.0872342 -0.109497 -0.07301 0.451411 1.33952 -0.859917
seq-01/frame-000092.color.png 0.875586 0.133749 -0.404272 -0.228088 0.678032 -0.093529 0.980933
seq-04/frame-000370.color.png 0.986924 0.16083 0.00990153 -0.0040238 -0.0972072 1.43148 -0.407425
seq-04/frame-000381.color.png 0.986198 0.162987 0.0291213 0.000378354 -0.118465 1.40667 -0.399066
seq-04/frame-000130.color.png 0.995089 0.0562219 0.0772651 0.0258231 -0.187565 1.0084 -0.0988309
seq-01/frame-000479.color.png 0.994118 0.0524773 -0.0761772 -0.05633 0.522184 2.01883 -1.69042
seq-01/frame-000490.color.png 0.995996 0.0119173 -0.0707213 -0.0533729 0.460887 1.8813 -1.83907
seq-01/frame-000228.color.png 0.978312 0.139885 -0.0997822 -0.115679 0.390859 0.829675 -0.0781062
seq-01/frame-000373.color.png 0.988168 0.0836261 -0.106359 -0.0722377 0.424701 1.49703 -1.04614
seq-01/frame-000122.color.png 0.898995 0.14388 -0.342263 -0.232297 0.705336 0.145731 0.589817
seq-01/frame-000305.color.png 0.988079 0.09624 -0.0907011 -0.0788154 0.372813 1.43432 -0.750962
seq-04/frame-000438.color.png 0.973567 0.225694 0.0334918 -0.0103381 -0.0959243 1.38786 -0.392033
seq-01/frame-000054.color.png 0.92404 0.196058 -0.274473 -0.179933 1.14286 -0.0751642 0.936385
seq-04/frame-000449.color.png 0.970586 0.238087 0.0329469 -0.0138456 -0.0916374 1.38609 -0.384947
seq-04/frame-000187.color.png 0.920399 0.109018 0.368394 0.0725693 -0.352964 1.10609 0.251885
seq-04/frame-000332.color.png 0.988801 0.149027 -0.00516817 -0.00611243 -0.093977 1.40332 -0.316127
seq-04/frame-000343.color.png 0.990703 0.13569 0.00976991 -0.00108185 -0.14466 1.42251 -0.380979
seq-04/frame-000081.color.png 0.971877 0.182806 -0.145835 -0.0277272 0.316336 1.80506 -0.150808
seq-01/frame-000441.color.png 0.987105 0.0955303 -0.0891524 -0.0924638 0.532715 1.92666 -1.33312
seq-01/frame-000452.color.png 0.99101 0.0718442 -0.0812861 -0.078289 0.494314 1.91955 -1.48186
seq-04/frame-000092.color.png 0.982348 0.14779 -0.112263 -0.0233858 0.186944 1.23747 -0.0107388
seq-01/frame-000190.color.png 0.960938 0.170505 -0.1664 -0.140844 0.591102 0.642728 0.0735215
seq-01/frame-000335.color.png 0.983189 0.08617 -0.136119 -0.0859352 0.564719 1.26075 -0.766574
seq-04/frame-000400.color.png 0.980851 0.18959 0.0445046 0.00257996 -0.127805 1.38062 -0.369558
seq-01/frame-000016.color.png 0.963247 0.205206 -0.134225 -0.109677 1.44407 0.0455096 0.612588
seq-04/frame-000411.color.png 0.978487 0.202868 0.03747 -0.00213527 -0.114179 1.38792 -0.374649
seq-04/frame-000149.color.png 0.979132 0.0649601 0.186988 0.0460099 -0.302706 1.12478 0.0120366
seq-04/frame-000160.color.png 0.963119 0.0650989 0.254572 0.0579367 -0.342605 1.12319 0.0481175
seq-04/frame-000294.color.png 0.983197 0.174347 -0.0519227 -0.0151759 0.0800231 1.32026 -0.0990279
seq-04/frame-000305.color.png 0.985368 0.168735 -0.0123925 -0.0206077 0.0754562 1.32596 -0.148514
seq-01/frame-000247.color.png 0.983927 0.0969015 -0.104726 -0.107382 0.29378 0.612926 -0.0690566
seq-01/frame-000258.color.png 0.985977 0.0814709 -0.111506 -0.0936978 0.283015 0.615937 -0.157921
seq-04/frame-000043.color.png 0.974409 0.179752 -0.13412 -0.0150882 0.20297 1.0877 0.3
seq-01/frame-000392.color.png 0.986745 0.107585 -0.0977627 -0.0721221 0.510188 1.69466 -1.13247
seq-01/frame-000403.color.png 0.983495 0.111582 -0.116158 -0.0824288 0.613589 1.74816 -1.12356
seq-01/frame-000141.color.png 0.948252 0.177007 -0.198759 -0.173153 0.649607 0.362739 0.360946
seq-01/frame-000152.color.png 0.958556 0.181917 -0.157562 -0.152485 0.627172 0.433538 0.286566
seq-04/frame-000217.color.png 0.920946 0.234577 0.305477 0.0592945 -0.237291 1.06299 0.434892
seq-04/frame-000362.color.png 0.98891 0.146934 0.0189542 -0.0104265 -0.113191 1.43021 -0.431785
seq-04/frame-000373.color.png 0.986266 0.164316 0.015794 -0.00552234 -0.102037 1.43969 -0.396388
seq-04/frame-000100.color.png 0.988476 0.12884 -0.0764385 -0.0217529 0.104742 1.23458 -0.0584562
seq-01/frame-000460.color.png 0.990707 0.068438 -0.0872909 -0.0787097 0.583533 1.95854 -1.56536
seq-01/frame-000471.color.png 0.992343 0.0634103 -0.0849335 -0.0634127 0.581752 2.0255 -1.63806
seq-04/frame-000111.color.png 0.991603 0.124905 -0.0332975 -0.00352763 -0.0441189 1.23699 -0.0592118
seq-04/frame-000122.color.png 0.992515 0.120877 0.0158826 0.00714566 -0.114376 1.24501 -0.0437385
seq-01/frame-000209.color.png 0.975156 0.144259 -0.118156 -0.119575 0.435864 0.72361 -0.0485843
seq-01/frame-000220.color.png 0.977437 0.13829 -0.109072 -0.116601 0.400886 0.767511 -0.0725813
seq-04/frame-000005.color.png 0.980878 0.165056 -0.103125 -0.000732815 0.190921 0.926049 0.561387
seq-01/frame-000354.color.png 0.989187 0.0841321 -0.107197 -0.054224 0.371018 1.40736 -0.981426
seq-01/frame-000365.color.png 0.990042 0.0829941 -0.0858178 -0.0745987 0.366703 1.46907 -1.01033
seq-04/frame-000256.color.png 0.964701 0.244843 0.0968696 -0.00444389 -0.100483 1.21465 0.230884
seq-01/frame-000103.color.png 0.867448 0.128907 -0.419187 -0.234944 0.617749 -0.0611386 0.931433
seq-01/frame-000114.color.png 0.875196 0.136551 -0.40396 -0.228478 0.636824 0.0676526 0.748623
seq-04/frame-000179.color.png 0.935423 0.0905337 0.33387 0.0729239 -0.349941 1.09941 0.195856
seq-04/frame-000313.color.png 0.986458 0.161996 0.0120614 -0.0226378 0.0442538 1.35099 -0.188285
seq-04/frame-000324.color.png 0.989258 0.144932 0.0132496 -0.0136904 -0.0360522 1.37218 -0.28336
seq-01/frame-000288.color.png 0.97551 0.151222 -0.1268 -0.0971265 0.47709 1.53893 -0.4101
seq-04/frame-000335.color.png 0.988819 0.148832 -0.00855278 -0.00355389 -0.109153 1.41918 -0.327221
seq-04/frame-000062.color.png 0.971716 0.188755 -0.141635 -0.00887492 0.15985 1.15905 0.184291
seq-01/frame-000422.color.png 0.986641 0.0891169 -0.106625 -0.0850217 0.573095 1.77109 -1.28403
seq-01/frame-000433.color.png 0.985264 0.101826 -0.103529 -0.0903723 0.566798 1.8895 -1.29313
seq-04/frame-000073.color.png 0.971142 0.18674 -0.146555 -0.0230873 0.232481 1.50789 0.00992274
seq-04/frame-000084.color.png 0.975159 0.169341 -0.140873 -0.0233146 0.21266 1.23626 0.0494207
seq-01/frame-000171.color.png 0.966435 0.155188 -0.160031 -0.127708 0.581422 0.509947 0.108822
seq-01/frame-000182.color.png 0.958647 0.175953 -0.171667 -0.143415 0.613965 0.617262 0.11578
seq-04/frame-000218.color.png 0.922065 0.235074 0.30174 0.0590731 -0.233649 1.06461 0.433069
seq-01/frame-000316.color.png 0.987247 0.102471 -0.0961473 -0.0748198 0.373697 1.25541 -0.641572
seq-01/frame-000327.color.png 0.986141 0.0861135 -0.106152 -0.0940309 0.597395 1.72528 -1.08954
seq-01/frame-000065.color.png 0.899893 0.174799 -0.348878 -0.194734 0.956739 -0.179708 1.0092
seq-01/frame-000076.color.png 0.884331 0.165743 -0.3798 -0.215034 0.843601 -0.180354 1.01863
seq-04/frame-000392.color.png 0.983631 0.174324 0.0453689 0.00471639 -0.144802 1.39301 -0.384252
seq-04/frame-000141.color.png 0.989312 0.0350759 0.129737 -0.0565684 -0.135005 0.907381 0.0181908
seq-04/frame-000275.color.png 0.982705 0.181838 0.0285337 -0.0203116 -0.014041 1.26007 -0.00697515
seq-04/frame-000286.color.png 0.983823 0.176061 -0.0262891 -0.0200861 0.0431353 1.29977 -0.0716939
seq-01/frame-000250.color.png 0.980603 0.120664 -0.112713 -0.105609 0.418372 0.946562 -0.192993
seq-04/frame-000297.color.png 0.983174 0.175291 -0.0493098 -0.0145151 0.0932711 1.32513 -0.105544
seq-04/frame-000024.color.png 0.977235 0.167978 -0.128785 -0.0144537 0.292998 0.998404 0.439689
seq-01/frame-000384.color.png 0.988734 0.092511 -0.0910328 -0.0745642 0.45128 1.59321 -1.1346
seq-01/frame-000395.color.png 0.985088 0.114973 -0.104742 -0.073572 0.547949 1.73968 -1.11065
seq-04/frame-000035.color.png 0.974293 0.181495 -0.132037 -0.0194737 0.263919 1.04752 0.371657
seq-04/frame-000046.color.png 0.974144 0.180729 -0.134984 -0.0126138 0.185402 1.09966 0.287177
seq-01/frame-000133.color.png 0.933112 0.165093 -0.254444 -0.193144 0.696051 0.28758 0.432192
seq-01/frame-000144.color.png 0.951226 0.183206 -0.181194 -0.169626 0.635733 0.383829 0.336036
seq-04/frame-000180.color.png 0.931824 0.0968288 0.341998 0.073246 -0.340742 1.09605 0.216048
seq-01/frame-000278.color.png 0.978198 0.117602 -0.144613 -0.0915682 0.356141 0.583964 -0.0705574
seq-01/frame-000289.color.png 0.976353 0.14443 -0.12883 -0.0963247 0.484614 1.50487 -0.435996
seq-01/frame-000027.color.png 0.955997 0.21908 -0.154969 -0.118572 1.40294 0.0328624 0.675114
seq-04/frame-000354.color.png 0.991034 0.132614 0.0160842 -0.00246446 -0.137912 1.41631 -0.434488
seq-04/frame-000488.color.png 0.964614 0.261091 0.0262102 -0.0257629 -0.0736547 1.36246 -0.437717
seq-04/frame-000103.color.png 0.989383 0.125888 -0.0705889 -0.0170484 0.0678295 1.22963 -0.0618226
seq-04/frame-000499.color.png 0.961129 0.274571 0.0163737 -0.0239369 -0.0615067 1.65858 -0.499665
seq-04/frame-000237.color.png 0.943179 0.255212 0.211039 0.0272428 -0.174613 1.10994 0.387147
seq-04/frame-000248.color.png 0.958938 0.247175 0.138959 0.00577058 -0.141377 1.1403 0.289491
seq-01/frame-000201.color.png 0.969726 0.15483 -0.137798 -0.129118 0.503517 0.698213 -0.00170101
seq-04/frame-000259.color.png 0.967158 0.235875 0.0944534 -0.00688274 -0.103212 1.22501 0.191268
seq-01/frame-000346.color.png 0.987689 0.0822196 -0.102416 -0.0849754 0.444767 1.31985 -0.904789
seq-01/frame-000357.color.png 0.989984 0.0840006 -0.0966301 -0.0594791 0.370813 1.42572 -0.991903
seq-04/frame-000142.color.png 0.988745 0.0399425 0.136583 0.0461928 -0.230166 0.994611 -0.0622649
seq-01/frame-000084.color.png 0.88286 0.1502 -0.387003 -0.219606 0.776824 -0.137068 0.994072
seq-01/frame-000095.color.png 0.872343 0.12404 -0.41322 -0.22996 0.651024 -0.0725244 0.979858
seq-01/frame-000106.color.png 0.868149 0.134457 -0.417761 -0.231763 0.615928 -0.0310292 0.889836
seq-01/frame-000240.color.png 0.980655 0.122534 -0.104666 -0.111114 0.401697 0.874384 -0.145106
seq-01/frame-000482.color.png 0.995033 0.0405771 -0.070502 -0.0573798 0.495413 1.98098 -1.73657
seq-04/frame-000316.color.png 0.986925 0.158421 0.0218267 -0.0201353 -0.00668308 1.3411 -0.207965
seq-04/frame-000472.color.png 0.96648 0.254564 0.0273312 -0.0191449 -0.0826588 1.378 -0.409325
seq-04/frame-000054.color.png 0.972825 0.182697 -0.142062 -0.00715271 0.170702 1.11887 0.224509
seq-01/frame-000414.color.png 0.985098 0.098547 -0.112973 -0.0843087 0.60011 1.74616 -1.20487
seq-04/frame-000065.color.png 0.971901 0.185367 -0.144603 -0.0117589 0.176227 1.17338 0.15794
seq-04/frame-000199.color.png 0.908257 0.155157 0.380523 0.0787305 -0.328747 1.08717 0.36274
seq-04/frame-000210.color.png 0.91558 0.205751 0.337634 0.073366 -0.28675 1.07447 0.424791
seq-01/frame-000163.color.png 0.963489 0.171667 -0.156947 -0.132612 0.590834 0.516997 0.204468
seq-01/frame-000297.color.png 0.981461 0.128784 -0.11044 -0.0891738 0.4078 1.50813 -0.591908
seq-01/frame-000308.color.png 0.987132 0.103925 -0.0992926 -0.0700723 0.352433 1.2289 -0.569162
seq-01/frame-000319.color.png 0.986891 0.10176 -0.0995682 -0.076014 0.495672 1.77293 -0.984292
seq-04/frame-000441.color.png 0.972097 0.231639 0.0350232 -0.0119586 -0.0952297 1.38625 -0.384524
seq-01/frame-000046.color.png 0.937978 0.194281 -0.242705 -0.153448 1.22864 -0.058795 0.840268
seq-01/frame-000057.color.png 0.917314 0.192329 -0.296997 -0.182587 1.0951 -0.097398 0.946347
seq-01/frame-000068.color.png 0.893516 0.175327 -0.361768 -0.200036 0.919899 -0.165833 1.03358
seq-01/frame-000444.color.png 0.987711 0.0924592 -0.0905474 -0.0876278 0.535708 1.93003 -1.35035
seq-04/frame-000031.color.png 0.973429 0.191088 -0.124385 -0.0212176 0.2622 1.07853 0.435278
seq-04/frame-000267.color.png 0.975499 0.201592 0.0875262 -0.010096 -0.0833652 1.2624 0.0805432
seq-04/frame-000278.color.png 0.982912 0.182549 0.00875235 -0.0219661 0.0078797 1.27619 -0.0200021
seq-04/frame-000016.color.png 0.978456 0.168969 -0.118377 -0.0077858 0.26174 0.977017 0.492831
seq-01/frame-000376.color.png 0.987854 0.0889975 -0.103169 -0.0747004 0.4238 1.52466 -1.06537
seq-04/frame-000027.color.png 0.976471 0.17422 -0.125979 -0.0167753 0.283285 1.01865 0.424795
seq-04/frame-000172.color.png 0.945253 0.0603867 0.313006 0.0698379 -0.370543 1.10283 0.108884
seq-01/frame-000125.color.png 0.906778 0.157077 -0.319562 -0.225746 0.714315 0.170993 0.54994
seq-01/frame-000270.color.png 0.988135 0.0604463 -0.108834 -0.0899508 0.283257 0.607009 -0.261689
seq-01/frame-000281.color.png 0.97738 0.119025 -0.147948 -0.0931229 0.36201 0.586569 -0.0798475
seq-01/frame-000259.color.png 0.986086 0.0844495 -0.109544 -0.0922156 0.277958 0.624623 -0.174468
seq-04/frame-000403.color.png 0.97968 0.195798 0.0434184 0.00240267 -0.128429 1.3885 -0.362106
seq-01/frame-000008.color.png 0.96273 0.210065 -0.13181 -0.107932 1.44912 0.0755816 0.626102
seq-01/frame-000030.color.png 0.954646 0.215315 -0.164648 -0.123211 1.37962 0.0187965 0.69355
seq-01/frame-000019.color.png 0.961333 0.211693 -0.136479 -0.111351 1.4363 0.0547212 0.631919
seq-04/frame-000414.color.png 0.978065 0.204699 0.0383019 -0.0043789 -0.112294 1.3905 -0.377467
seq-04/frame-000485.color.png 0.964001 0.263925 0.0200651 -0.025364 -0.0449516 1.3805 -0.419589
seq-01/frame-000406.color.png 0.984446 0.107948 -0.11398 -0.0788751 0.592213 1.75711 -1.14774
seq-04/frame-000229.color.png 0.933796 0.24653 0.256023 0.0412275 -0.204765 1.09572 0.412331
seq-04/frame-000240.color.png 0.948094 0.252207 0.192853 0.0178106 -0.156747 1.10691 0.359569
seq-01/frame-000338.color.png 0.985672 0.0883402 -0.121824 -0.0761976 0.508056 1.29988 -0.80099
seq-04/frame-000471.color.png 0.967045 0.25248 0.0266901 -0.019115 -0.0776039 1.37464 -0.411308
seq-01/frame-000087.color.png 0.880681 0.139913 -0.393721 -0.223179 0.742513 -0.115264 0.988827
seq-04/frame-000365.color.png 0.988645 0.149287 0.0159006 -0.00646832 -0.10951 1.41155 -0.430296
seq-04/frame-000376.color.png 0.986869 0.160091 0.0208495 -0.00509034 -0.112909 1.41974 -0.407797
seq-04/frame-000114.color.png 0.99185 0.124849 -0.0253362 -0.0020698 -0.0662912 1.24307 -0.0552228
seq-01/frame-000463.color.png 0.991589 0.0647624 -0.0838192 -0.074375 0.571765 1.97218 -1.60061
seq-01/frame-000474.color.png 0.992863 0.0657122 -0.0782669 -0.0614748 0.547176 2.05834 -1.64102
seq-01/frame-000212.color.png 0.97649 0.141426 -0.114262 -0.115806 0.425696 0.740055 -0.0566084
seq-01/frame-000223.color.png 0.977864 0.140609 -0.106272 -0.112771 0.393724 0.802707 -0.0685495
seq-01/frame-000300.color.png 0.98405 0.119806 -0.102052 -0.0829366 0.382209 1.49984 -0.643997
seq-04/frame-000433.color.png 0.97514 0.218202 0.0375294 -0.00906543 -0.11171 1.38568 -0.395742
seq-01/frame-000038.color.png 0.947352 0.206097 -0.201784 -0.139039 1.30065 -0.0454708 0.759254
seq-01/frame-000049.color.png 0.930735 0.202222 -0.256297 -0.164776 1.19685 -0.0434231 0.883483
seq-04/frame-000444.color.png 0.97132 0.234568 0.0366105 -0.0131963 -0.095874 1.38654 -0.383097
seq-04/frame-000171.color.png 0.946873 0.0575472 0.309162 0.0673706 -0.374981 1.10597 0.0994795
seq-04/frame-000327.color.png 0.989432 0.144477 0.00384199 -0.0116917 -0.0682544 1.37618 -0.307617
seq-04/frame-000076.color.png 0.97149 0.183651 -0.147947 -0.0243061 0.233897 1.50725 -0.0118129
seq-01/frame-000425.color.png 0.98607 0.0927956 -0.110141 -0.0832061 0.573492 1.80189 -1.2866
seq-01/frame-000436.color.png 0.985547 0.104296 -0.100398 -0.0879729 0.559158 1.92955 -1.28705
seq-01/frame-000174.color.png 0.964884 0.160373 -0.16333 -0.128853 0.595581 0.523917 0.108205
seq-01/frame-000185.color.png 0.960511 0.173624 -0.170355 -0.135105 0.60456 0.616213 0.0927384
seq-04/frame-000008.color.png 0.979318 0.168956 -0.111309 -0.0010313 0.21059 0.944105 0.560061
seq-04/frame-000384.color.png 0.98637 0.161675 0.0302382 0.00459981 -0.123724 1.3947 -0.402857
seq-01/frame-000000.color.png 0.964017 0.206483 -0.130293 -0.105161 1.45023 0.0794717 0.618151
seq-01/frame-000011.color.png 0.962774 0.209517 -0.132181 -0.108149 1.44753 0.0704325 0.621348
seq-04/frame-000395.color.png 0.983044 0.178337 0.0424104 0.0047303 -0.133371 1.38592 -0.382327
seq-04/frame-000133.color.png 0.993831 0.0463242 0.0953965 0.0324466 -0.209679 0.989516 -0.0940131
seq-01/frame-000493.color.png 0.996117 0.00389622 -0.0715377 -0.0511689 0.450458 1.84683 -1.86138
seq-04/frame-000144.color.png 0.979224 0.108482 0.167637 0.0353534 -0.323341 1.29458 0.0603671
seq-04/frame-000155.color.png 0.969636 0.0638952 0.229567 0.054977 -0.324786 1.11982 0.042969
seq-04/frame-000289.color.png 0.983842 0.173255 -0.0413892 -0.0180275 0.0593973 1.30871 -0.087398
seq-01/frame-000242.color.png 0.980324 0.123389 -0.105898 -0.111918 0.401154 0.898241 -0.151772
seq-01/frame-000253.color.png 0.985349 0.0919968 -0.108456 -0.0941343 0.282056 0.621568 -0.120133
seq-04/frame-000038.color.png 0.974281 0.18208 -0.131443 -0.0185948 0.244692 1.06245 0.350388
seq-01/frame-000387.color.png 0.98863 0.0935622 -0.0897095 -0.0762182 0.46862 1.61989 -1.15378
seq-01/frame-000398.color.png 0.984191 0.115544 -0.104011 -0.0848489 0.574262 1.74349 -1.11481
seq-01/frame-000136.color.png 0.93948 0.171538 -0.228477 -0.189079 0.67364 0.314835 0.393577
seq-01/frame-000147.color.png 0.95408 0.184084 -0.170211 -0.16393 0.623766 0.410697 0.316497
seq-04/frame-000463.color.png 0.968287 0.247676 0.0272732 -0.0182518 -0.0752107 1.38283 -0.400504
seq-04/frame-000212.color.png 0.917464 0.218833 0.325189 0.0680004 -0.269433 1.07066 0.43908
seq-04/frame-000346.color.png 0.991351 0.130523 0.0133056 0.00318349 -0.15543 1.41832 -0.404555
seq-04/frame-000357.color.png 0.989784 0.142083 0.0113817 -0.00312704 -0.125592 1.42335 -0.428822
seq-04/frame-000368.color.png 0.987561 0.156602 0.0134408 -0.00435318 -0.113859 1.42374 -0.417134
seq-04/frame-000095.color.png 0.985578 0.138341 -0.0946487 -0.0232116 0.16165 1.23465 -0.0389659
seq-01/frame-000455.color.png 0.99102 0.0665111 -0.0847895 -0.0791617 0.535786 1.91407 -1.52102
seq-01/frame-000466.color.png 0.991804 0.0632519 -0.0854057 -0.0709155 0.591926 1.9858 -1.61565
seq-04/frame-000106.color.png 0.98987 0.127458 -0.0617233 -0.0101147 0.0254697 1.2318 -0.0566006
seq-04/frame-000117.color.png 0.992104 0.124938 -0.0109676 0.00057188 -0.088194 1.24331 -0.0499769
seq-01/frame-000204.color.png 0.972084 0.149653 -0.1334 -0.121908 0.473 0.69643 -0.0223964
seq-01/frame-000215.color.png 0.976542 0.14338 -0.109567 -0.117486 0.416351 0.752847 -0.0573358
seq-04/frame-000000.color.png 0.981147 0.175243 -0.081356 0.00464192 0.162985 0.904305 0.654282
seq-01/frame-000349.color.png 0.987838 0.0828692 -0.108127 -0.074943 0.426578 1.35189 -0.938779
seq-01/frame-000360.color.png 0.990303 0.0867614 -0.0813921 -0.0717501 0.356775 1.46261 -0.996255
seq-04/frame-000251.color.png 0.95943 0.249935 0.130444 -0.00315579 -0.143669 1.16286 0.27875
seq-01/frame-000098.color.png 0.872455 0.124944 -0.411293 -0.232487 0.644741 -0.0645208 0.961361
seq-04/frame-000425.color.png 0.977498 0.207749 0.0357484 -0.00779601 -0.10301 1.38615 -0.40293
seq-04/frame-000174.color.png 0.94234 0.0692708 0.319398 0.0719878 -0.371683 1.11383 0.130496
seq-04/frame-000308.color.png 0.98564 0.167482 -0.00862128 -0.0197107 0.066513 1.34193 -0.157725
seq-04/frame-000319.color.png 0.987593 0.154973 0.0173042 -0.0185355 -0.00507621 1.35854 -0.23237
seq-01/frame-000272.color.png 0.988152 0.0570904 -0.107717 -0.093237 0.267125 0.601427 -0.307147
seq-04/frame-000464.color.png 0.967483 0.251047 0.0244322 -0.0188489 -0.0579512 1.38774 -0.39085
seq-04/frame-000330.color.png 0.989257 0.145775 -0.000311393 -0.0109932 -0.0902566 1.40098 -0.318511
seq-04/frame-000057.color.png 0.972137 0.190038 -0.136892 -0.00982525 0.165855 1.14115 0.21199
seq-01/frame-000417.color.png 0.986539 0.092549 -0.106746 -0.0823501 0.576647 1.75077 -1.24712
seq-01/frame-000428.color.png 0.985911 0.0959605 -0.108504 -0.0836541 0.561788 1.828 -1.30043
seq-04/frame-000068.color.png 0.972764 0.181073 -0.143914 -0.0151933 0.177505 1.18453 0.128498
seq-04/frame-000213.color.png 0.918111 0.222817 0.321246 0.0650047 -0.261728 1.0709 0.439375
seq-01/frame-000155.color.png 0.960573 0.179278 -0.156035 -0.144262 0.609685 0.450788 0.258819
seq-01/frame-000166.color.png 0.964001 0.169448 -0.157195 -0.131448 0.586626 0.530398 0.175859
seq-01/frame-000177.color.png 0.961921 0.171609 -0.169786 -0.128181 0.59689 0.570165 0.11576
seq-01/frame-000311.color.png 0.987454 0.105961 -0.0919394 -0.0724798 0.344284 1.24034 -0.592655
seq-01/frame-000060.color.png 0.912035 0.180835 -0.320369 -0.181258 1.03487 -0.144195 0.971831
seq-04/frame-000469.color.png 0.966615 0.253876 0.0288446 -0.0192458 -0.0820299 1.38221 -0.403208
seq-01/frame-000391.color.png 0.986847 0.102975 -0.101053 -0.0729174 0.532279 1.67214 -1.14127
seq-04/frame-000387.color.png 0.985376 0.166131 0.0375197 0.0051491 -0.129704 1.39133 -0.39502
seq-04/frame-000125.color.png 0.993403 0.103528 0.0472799 0.0140368 -0.150385 1.18346 -0.0528899
seq-01/frame-000485.color.png 0.995585 0.0321059 -0.0703938 -0.0531475 0.476898 1.95409 -1.767
seq-04/frame-000136.color.png 0.989145 0.066871 0.126243 0.0344025 -0.216339 0.846151 0.109942
seq-04/frame-000270.color.png 0.979105 0.189231 0.0731995 -0.0136425 -0.0699858 1.26028 0.032337
seq-04/frame-000281.color.png 0.983145 0.181258 -0.00933625 -0.0220109 0.0298139 1.29271 -0.0380954
seq-01/frame-000234.color.png 0.979004 0.132025 -0.103414 -0.115868 0.402033 0.856203 -0.0993705
seq-04/frame-000426.color.png 0.977518 0.20765 0.0357292 -0.00801191 -0.103061 1.37796 -0.405225
seq-04/frame-000019.color.png 0.97838 0.166202 -0.122453 -0.0124468 0.265042 0.994406 0.46228
seq-01/frame-000368.color.png 0.989079 0.0838935 -0.0949874 -0.0752403 0.391196 1.48218 -1.01428
seq-01/frame-000379.color.png 0.98782 0.093272 -0.1012 -0.0726007 0.435216 1.55051 -1.08163
seq-01/frame-000390.color.png 0.987592 0.0961164 -0.101276 -0.071881 0.515843 1.6425 -1.15115
seq-04/frame-000030.color.png 0.975212 0.17832 -0.12978 -0.017903 0.281827 1.03588 0.419198
seq-01/frame-000117.color.png 0.88526 0.144007 -0.375616 -0.233429 0.672983 0.0884865 0.677165
seq-01/frame-000128.color.png 0.918462 0.160979 -0.294996 -0.208544 0.707043 0.230133 0.496928
seq-01/frame-000139.color.png 0.944542 0.17549 -0.208469 -0.183263 0.659219 0.347144 0.37265
seq-01/frame-000273.color.png 0.988733 0.0507348 -0.11068 -0.087082 0.269024 0.582474 -0.312548
seq-01/frame-000022.color.png 0.960425 0.21213 -0.141689 -0.111841 1.43058 0.0459111 0.639682
seq-04/frame-000338.color.png 0.990024 0.140779 -0.00556745 -0.00138132 -0.118556 1.41679 -0.355896
seq-04/frame-000349.color.png 0.9912 0.131107 0.0178843 0.00372666 -0.160532 1.41742 -0.411141
seq-04/frame-000483.color.png 0.965771 0.257399 0.0225695 -0.0228646 -0.0697158 1.36857 -0.435037
seq-04/frame-000087.color.png 0.979075 0.154514 -0.130531 -0.0223486 0.197454 1.22147 0.00109573
seq-01/frame-000447.color.png 0.989048 0.0890281 -0.0843446 -0.0821253 0.497035 1.9382 -1.38437
seq-04/frame-000098.color.png 0.98796 0.131433 -0.0785676 -0.0220596 0.121456 1.23595 -0.0527347
seq-04/frame-000232.color.png 0.937441 0.251642 0.237989 0.0352471 -0.196649 1.10242 0.409287
seq-04/frame-000243.color.png 0.954943 0.240729 0.172794 0.0166139 -0.145338 1.07507 0.323048
seq-01/frame-000196.color.png 0.965344 0.164179 -0.149592 -0.137036 0.546688 0.685152 0.0286281
seq-04/frame-000494.color.png 0.962523 0.269469 0.0205362 -0.0226734 -0.077584 1.36575 -0.434395
seq-01/frame-000330.color.png 0.984666 0.0834236 -0.127808 -0.0844884 0.509726 1.24713 -0.747018
seq-01/frame-000341.color.png 0.987252 0.0844556 -0.11353 -0.0728774 0.477874 1.30252 -0.851657
seq-01/frame-000352.color.png 0.987524 0.0837505 -0.116906 -0.0641563 0.422973 1.37946 -0.959174
seq-01/frame-000079.color.png 0.884541 0.162203 -0.380667 -0.215335 0.826688 -0.172731 1.00514
seq-01/frame-000090.color.png 0.877594 0.132337 -0.401728 -0.225678 0.699416 -0.0993773 0.991444
seq-01/frame-000101.color.png 0.86913 0.123733 -0.417228 -0.234998 0.626541 -0.0623987 0.944453
seq-01/frame-000235.color.png 0.979717 0.127786 -0.103819 -0.11422 0.401862 0.848685 -0.107582
seq-01/frame-000477.color.png 0.993306 0.060716 -0.0783742 -0.0592728 0.540287 2.04453 -1.65863
seq-04/frame-000300.color.png 0.983617 0.174764 -0.0416245 -0.0149422 0.0862829 1.33076 -0.116513
seq-04/frame-000311.color.png 0.986411 0.162982 -0.00196226 -0.0206302 0.0641705 1.34648 -0.174683
seq-04/frame-000049.color.png 0.9733 0.181321 -0.140487 -0.00858723 0.171067 1.11159 0.259864
seq-01/frame-000409.color.png 0.984965 0.102139 -0.11284 -0.0817251 0.595894 1.74499 -1.17396
seq-04/frame-000060.color.png 0.972292 0.188386 -0.13805 -0.0100453 0.157099 1.14729 0.191399
seq-04/frame-000194.color.png 0.905143 0.131562 0.396728 0.0775479 -0.343326 1.09505 0.328184
seq-04/frame-000205.color.png 0.9118 0.191228 0.355554 0.0750555 -0.29665 1.07684 0.410217
seq-01/frame-000158.color.png 0.962493 0.172656 -0.156817 -0.138581 0.600893 0.460569 0.233416
seq-01/frame-000303.color.png 0.986629 0.106478 -0.0933772 -0.0806656 0.358422 1.46198 -0.713794
seq-01/frame-000292.color.png 0.978748 0.137604 -0.117549 -0.0964322 0.432971 1.49923 -0.511598
seq-01/frame-000314.color.png 0.987498 0.10566 -0.0909502 -0.0735638 0.351524 1.25283 -0.618942
seq-04/frame-000436.color.png 0.974036 0.22451 0.0280757 -0.00783126 -0.0749064 1.39223 -0.388293
seq-01/frame-000052.color.png 0.926234 0.197533 -0.269593 -0.174328 1.15985 -0.0662303 0.905014
seq-01/frame-000041.color.png 0.945524 0.201887 -0.211465 -0.143206 1.27827 -0.0493487 0.777336
seq-04/frame-000262.color.png 0.970502 0.223317 0.0904813 -0.00827339 -0.0972303 1.25028 0.152496
seq-04/frame-000273.color.png 0.9817 0.182505 0.0516862 -0.0169085 -0.0423587 1.25917 0.00485327
seq-04/frame-000490.color.png 0.963539 0.265096 0.026095 -0.0252274 -0.0784494 1.37625 -0.43141
seq-04/frame-000011.color.png 0.978043 0.172788 -0.116447 -0.00393181 0.23108 0.961767 0.535884
seq-01/frame-000371.color.png 0.988565 0.0839562 -0.104566 -0.0689702 0.401854 1.49614 -1.03525
seq-04/frame-000022.color.png 0.977721 0.165433 -0.128501 -0.0134559 0.282716 0.996354 0.455015
seq-04/frame-000167.color.png 0.952598 0.0605367 0.291549 0.0623749 -0.377238 1.13078 0.0780627
seq-01/frame-000109.color.png 0.867793 0.138576 -0.413897 -0.237531 0.620434 -0.00909186 0.837692
seq-01/frame-000120.color.png 0.892405 0.142639 -0.359194 -0.23291 0.690696 0.122344 0.627628
seq-01/frame-000254.color.png 0.985802 0.0918824 -0.105292 -0.0930905 0.257667 0.621247 -0.13324
seq-01/frame-000265.color.png 0.987808 0.075114 -0.105972 -0.0858129 0.273135 0.602831 -0.222453
seq-04/frame-000398.color.png 0.981536 0.186451 0.042617 0.0026448 -0.122181 1.3823 -0.371418
seq-01/frame-000003.color.png 0.963973 0.205509 -0.131638 -0.105802 1.45083 0.0736674 0.62162
seq-01/frame-000014.color.png 0.962334 0.211721 -0.131053 -0.109141 1.44391 0.0691455 0.624777
seq-01/frame-000496.color.png 0.996195 0.00137459 -0.0713048 -0.050097 0.438962 1.84134 -1.8673
seq-04/frame-000079.color.png 0.950574 0.269522 -0.152012 -0.0256959 0.227562 1.88841 0.376955
seq-04/frame-000224.color.png 0.927497 0.243983 0.277719 0.0556118 -0.227506 1.07278 0.430023
seq-01/frame-000322.color.png 0.986854 0.0889346 -0.105245 -0.0844628 0.562054 1.71871 -1.04737
seq-01/frame-000333.color.png 0.976144 0.112212 -0.170699 -0.0735734 0.477666 0.648387 -0.197911
seq-04/frame-000455.color.png 0.96921 0.244057 0.0288923 -0.015256 -0.0855079 1.39363 -0.388759
seq-01/frame-000071.color.png 0.890021 0.167172 -0.370255 -0.206948 0.885221 -0.184413 1.0311
seq-01/frame-000082.color.png 0.884481 0.157668 -0.38396 -0.213094 0.799752 -0.146254 0.998664
seq-04/frame-000466.color.png 0.967095 0.252123 0.0283526 -0.0188913 -0.0777591 1.38407 -0.398864
seq-04/frame-000360.color.png 0.988368 0.151005 0.0165982 -0.00717611 -0.117471 1.44668 -0.415044
seq-04/frame-000109.color.png 0.990799 0.126213 -0.0486323 -0.00475468 -0.00688398 1.24128 -0.0572932
seq-01/frame-000458.color.png 0.990941 0.0738649 -0.0796572 -0.078958 0.531485 1.96212 -1.53268
seq-01/frame-000469.color.png 0.992149 0.0621029 -0.0845542 -0.0680801 0.594112 2.00689 -1.63596
seq-01/frame-000207.color.png 0.974015 0.148091 -0.122784 -0.11953 0.44346 0.723143 -0.0407089
seq-01/frame-000218.color.png 0.977086 0.142283 -0.107394 -0.116294 0.391957 0.76813 -0.0691648
seq-04/frame-000292.color.png 0.983389 0.173987 -0.0489387 -0.0167543 0.0706244 1.31399 -0.0914405
seq-04/frame-000041.color.png 0.973198 0.183743 -0.137339 -0.0162039 0.218649 1.08571 0.330022
seq-01/frame-000295.color.png 0.979986 0.13396 -0.115128 -0.0918082 0.41816 1.51688 -0.559687
seq-04/frame-000417.color.png 0.977941 0.205209 0.0384545 -0.0064614 -0.104628 1.38852 -0.382507
seq-01/frame-000033.color.png 0.953683 0.208577 -0.17498 -0.127932 1.35507 -0.0159376 0.69949
seq-01/frame-000044.color.png 0.943107 0.191271 -0.228712 -0.147159 1.24594 -0.0643663 0.807396
seq-04/frame-000428.color.png 0.976286 0.213553 0.0346107 -0.00792125 -0.102898 1.38888 -0.396619
seq-04/frame-000166.color.png 0.955201 0.0532237 0.283896 0.0645113 -0.357618 1.09374 0.0556545
seq-04/frame-000439.color.png 0.973767 0.224982 0.0323615 -0.0106755 -0.086524 1.37785 -0.394846
seq-04/frame-000322.color.png 0.988937 0.146759 0.0143568 -0.0161284 -0.030768 1.36961 -0.270877
seq-04/frame-000071.color.png 0.972203 0.180006 -0.14853 -0.0188929 0.194262 1.20349 0.118553
seq-01/frame-000420.color.png 0.987145 0.0902416 -0.104071 -0.0810571 0.555714 1.76292 -1.27379
seq-01/frame-000431.color.png 0.98519 0.103311 -0.107991 -0.0840508 0.564814 1.88233 -1.27958
seq-01/frame-000169.color.png 0.965921 0.159807 -0.158431 -0.127901 0.584115 0.519173 0.130195
seq-04/frame-000254.color.png 0.961665 0.251615 0.108946 -0.00454603 -0.120998 1.19141 0.264291
seq-04/frame-000003.color.png 0.980509 0.169607 -0.0991307 0.00307441 0.175296 0.920203 0.595019
seq-04/frame-000496.color.png 0.961806 0.272087 0.017253 -0.0244905 -0.0613542 1.65674 -0.501139
seq-04/frame-000379.color.png 0.986551 0.161975 0.0219365 -0.000656943 -0.10442 1.41332 -0.402604
seq-04/frame-000390.color.png 0.984902 0.168282 0.0401815 0.00588303 -0.126097 1.38508 -0.39339
seq-04/frame-000401.color.png 0.980499 0.191738 0.0430132 0.00291831 -0.121748 1.38228 -0.366105
seq-04/frame-000128.color.png 0.995689 0.0615949 0.0661582 0.0207799 -0.169812 1.02385 -0.0968714
seq-01/frame-000488.color.png 0.996107 0.024194 -0.0688228 -0.0494921 0.441821 1.92735 -1.79774
seq-01/frame-000499.color.png 0.996391 -0.00817769 -0.0683275 -0.0496914 0.414244 1.8041 -1.90393
seq-04/frame-000139.color.png 0.987452 0.0598819 0.140488 0.0401938 -0.225023 0.821903 0.111085
seq-04/frame-000284.color.png 0.983304 0.180017 -0.0143424 -0.0224044 0.0272382 1.29678 -0.0526963
seq-01/frame-000226.color.png 0.97969 0.132411 -0.0998294 -0.112738 0.380777 0.790394 -0.0895901
seq-01/frame-000237.color.png 0.980254 0.125792 -0.104991 -0.110703 0.396297 0.86046 -0.121275
seq-01/frame-000248.color.png 0.979617 0.12173 -0.117322 -0.108484 0.440973 0.94347 -0.172907
seq-01/frame-000382.color.png 0.988585 0.09456 -0.0912231 -0.073732 0.435167 1.58574 -1.12122
seq-01/frame-000131.color.png 0.928828 0.164487 -0.266454 -0.198051 0.700625 0.269733 0.450994
seq-04/frame-000458.color.png 0.96891 0.244903 0.0312157 -0.0161568 -0.0915225 1.38741 -0.392639
seq-01/frame-000063.color.png 0.904071 0.17967 -0.339088 -0.188131 0.983086 -0.161354 1.00537
seq-04/frame-000196.color.png 0.905017 0.142433 0.39292 0.0791847 -0.341035 1.0937 0.346677
seq-04/frame-000207.color.png 0.912602 0.195493 0.35118 0.0749202 -0.296421 1.07925 0.412782
seq-04/frame-000282.color.png 0.983019 0.181779 -0.0107494 -0.0226938 0.0283837 1.29669 -0.0408466
seq-04/frame-000341.color.png 0.990606 0.136634 0.00463559 -0.00314919 -0.136448 1.42004 -0.376314
seq-04/frame-000352.color.png 0.990966 0.132727 0.0192258 3.4009e-05 -0.15177 1.42426 -0.42634
seq-04/frame-000497.color.png 0.961774 0.271965 0.0202523 -0.0248194 -0.0705366 1.36596 -0.433987
seq-04/frame-000486.color.png 0.963154 0.266809 0.0219855 -0.0257798 -0.0518269 1.38785 -0.41498
seq-04/frame-000090.color.png 0.98132 0.148704 -0.119985 -0.0224078 0.201017 1.23702 -0.00542685
seq-01/frame-000439.color.png 0.986738 0.0986204 -0.0893053 -0.0929859 0.529707 1.93361 -1.32193
seq-01/frame-000450.color.png 0.99042 0.0794567 -0.0809305 -0.0787764 0.488407 1.9278 -1.4366
seq-01/frame-000461.color.png 0.990989 0.0686599 -0.0822499 -0.0803873 0.571844 1.96834 -1.57263
seq-04/frame-000101.color.png 0.989048 0.125841 -0.0741455 -0.0212134 0.0916108 1.22429 -0.0648832
seq-01/frame-000188.color.png 0.960328 0.17292 -0.167026 -0.141322 0.598999 0.632947 0.0831324
seq-01/frame-000199.color.png 0.968425 0.158221 -0.142284 -0.129899 0.520312 0.69124 0.00993469
seq-01/frame-000210.color.png 0.975953 0.142696 -0.114799 -0.118219 0.426901 0.723886 -0.0550936
seq-01/frame-000344.color.png 0.987538 0.0823465 -0.11133 -0.0747942 0.472022 1.31675 -0.882321
seq-04/frame-000235.color.png 0.944516 0.244117 0.217399 0.0321656 -0.173386 1.07131 0.379913
seq-01/frame-000093.color.png 0.874278 0.131163 -0.406691 -0.230296 0.666645 -0.0848064 0.981628
seq-04/frame-000409.color.png 0.979113 0.199816 0.0375485 -0.000817536 -0.115803 1.38652 -0.373503
seq-04/frame-000420.color.png 0.97783 0.205866 0.0374471 -0.00804571 -0.101222 1.38722 -0.392361
seq-04/frame-000158.color.png 0.966142 0.0613167 0.243652 0.0586756 -0.328328 1.10369 0.0455981
seq-04/frame-000169.color.png 0.950179 0.0540468 0.299683 0.0665464 -0.365337 1.10446 0.0775569
seq-04/frame-000303.color.png 0.985282 0.167774 -0.028388 -0.0163169 0.0906311 1.33163 -0.146223
seq-04/frame-000314.color.png 0.986744 0.159683 0.0165675 -0.0237291 0.0327105 1.34599 -0.195197
seq-01/frame-000267.color.png 0.987292 0.0723905 -0.106919 -0.0926385 0.281692 0.619357 -0.233872
seq-04/frame-000448.color.png 0.969684 0.244068 0.00767707 -0.00920497 0.0259135 1.40997 -0.3672
seq-04/frame-000052.color.png 0.972786 0.18316 -0.141747 -0.00688736 0.164607 1.12697 0.236138
seq-01/frame-000401.color.png 0.983548 0.113404 -0.114132 -0.0821389 0.602728 1.75371 -1.11801
seq-01/frame-000412.color.png 0.985102 0.098027 -0.112543 -0.085433 0.60389 1.73368 -1.1985
seq-01/frame-000423.color.png 0.986835 0.0873936 -0.105919 -0.0854431 0.569557 1.76236 -1.29448
seq-04/frame-000063.color.png 0.971507 0.188315 -0.143619 -0.00928482 0.165725 1.16308 0.171212
seq-01/frame-000150.color.png 0.957474 0.181384 -0.16323 -0.153946 0.617174 0.425328 0.299089
seq-01/frame-000161.color.png 0.963578 0.167371 -0.157241 -0.137042 0.594669 0.481821 0.206141
seq-01/frame-000172.color.png 0.965652 0.1582 -0.161204 -0.128459 0.585932 0.524583 0.107584
seq-01/frame-000306.color.png 0.98808 0.099928 -0.0867012 -0.0787039 0.35393 1.45253 -0.754042
seq-04/frame-000197.color.png 0.906161 0.14508 0.389319 0.0790847 -0.337389 1.08878 0.344526
seq-01/frame-000055.color.png 0.9206 0.193099 -0.286486 -0.182029 1.11889 -0.0890187 0.930447
seq-04/frame-000406.color.png 0.979095 0.199697 0.0386225 0.00126819 -0.118651 1.39162 -0.365932
seq-04/frame-000371.color.png 0.986908 0.160725 0.0124338 -0.00507472 -0.104597 1.42844 -0.408027
seq-04/frame-000382.color.png 0.985856 0.164661 0.0311981 0.000895085 -0.125324 1.41113 -0.396326
seq-04/frame-000120.color.png 0.992285 0.123441 0.0111038 0.00320251 -0.116821 1.23949 -0.0401116
seq-01/frame-000480.color.png 0.994581 0.0458525 -0.0730478 -0.0580587 0.507779 1.99876 -1.72108
seq-04/frame-000131.color.png 0.994656 0.0529027 0.0843896 0.0272041 -0.194841 1.00452 -0.0955959
seq-04/frame-000265.color.png 0.9738 0.208513 0.0903098 -0.00896581 -0.0904439 1.25679 0.106489
seq-04/frame-000276.color.png 0.98262 0.183247 0.0207765 -0.021142 -0.00325555 1.26437 -0.00982418
seq-01/frame-000229.color.png 0.978482 0.137788 -0.101724 -0.115067 0.399084 0.828275 -0.0783788
seq-04/frame-000014.color.png 0.978484 0.170895 -0.115395 -0.00695183 0.244213 0.968853 0.500729
seq-01/frame-000363.color.png 0.99024 0.0838126 -0.0788489 -0.0786303 0.351012 1.4735 -1.01125
seq-01/frame-000374.color.png 0.987699 0.0881514 -0.105686 -0.074227 0.430465 1.51499 -1.04943
seq-01/frame-000385.color.png 0.98872 0.0908401 -0.0912712 -0.0764859 0.466789 1.59694 -1.15309
seq-04/frame-000025.color.png 0.977421 0.169207 -0.125564 -0.0158291 0.293038 0.999165 0.433358
seq-01/frame-000112.color.png 0.872374 0.136966 -0.407894 -0.232006 0.634018 0.0341019 0.783395
seq-01/frame-000123.color.png 0.901147 0.146388 -0.334385 -0.233862 0.714625 0.143698 0.587021
seq-04/frame-000159.color.png 0.965861 0.0602155 0.244981 0.0589177 -0.32712 1.10215 0.0383922
seq-01/frame-000257.color.png 0.985388 0.0845107 -0.114618 -0.0934393 0.29064 0.624889 -0.14786
seq-01/frame-000268.color.png 0.987733 0.070248 -0.106062 -0.0905473 0.2761 0.617086 -0.241586
seq-01/frame-000487.color.png 0.996075 0.0253219 -0.0690664 -0.0492303 0.4479 1.93227 -1.79297
seq-01/frame-000006.color.png 0.963597 0.206225 -0.132845 -0.106325 1.45149 0.0701906 0.628069
seq-04/frame-000333.color.png 0.988991 0.147604 -0.00964883 -0.00416626 -0.0898438 1.40121 -0.320322
seq-04/frame-000489.color.png 0.963387 0.265502 0.0269496 -0.0258305 -0.0771672 1.3769 -0.428288
seq-04/frame-000478.color.png 0.967163 0.252238 0.0227499 -0.0213178 -0.0685436 1.3649 -0.431699
seq-04/frame-000467.color.png 0.966832 0.253163 0.0277245 -0.019378 -0.0726978 1.38543 -0.39583
seq-04/frame-000082.color.png 0.972892 0.17852 -0.144386 -0.0276473 0.316049 1.78995 -0.156857
seq-01/frame-000442.color.png 0.987705 0.0932121 -0.0882327 -0.0892534 0.517844 1.92647 -1.34655
seq-04/frame-000093.color.png 0.983256 0.144078 -0.109018 -0.0237541 0.183789 1.22963 -0.0217493
seq-04/frame-000216.color.png 0.920071 0.234093 0.308178 0.0607909 -0.238346 1.06712 0.443086
seq-04/frame-000227.color.png 0.932192 0.245686 0.261915 0.0453573 -0.208791 1.09149 0.407317
seq-01/frame-000191.color.png 0.962191 0.16676 -0.16486 -0.138563 0.579905 0.643865 0.0637664
seq-01/frame-000180.color.png 0.958415 0.179947 -0.172157 -0.139364 0.608119 0.627008 0.125096
seq-04/frame-000238.color.png 0.94708 0.24747 0.202908 0.0250434 -0.154847 1.08571 0.367354
seq-01/frame-000325.color.png 0.986223 0.0849628 -0.110849 -0.0886515 0.539805 1.48607 -0.900032
seq-01/frame-000336.color.png 0.984359 0.0861772 -0.129411 -0.0828529 0.543756 1.27402 -0.785735
seq-01/frame-000085.color.png 0.882019 0.146799 -0.389535 -0.220805 0.760314 -0.125439 0.990813
seq-01/frame-000074.color.png 0.886361 0.164556 -0.377701 -0.211255 0.857698 -0.189106 1.02815
seq-01/frame-000219.color.png 0.977187 0.14112 -0.109286 -0.115099 0.395758 0.765971 -0.0701879
seq-04/frame-000150.color.png 0.979262 0.0474967 0.189341 0.0542231 -0.287566 1.04436 -0.0133996
seq-04/frame-000295.color.png 0.983583 0.172309 -0.0514408 -0.0150776 0.0809992 1.3161 -0.106181
seq-04/frame-000033.color.png 0.975172 0.176912 -0.132221 -0.0161182 0.27045 1.03237 0.38796
seq-01/frame-000393.color.png 0.986083 0.111282 -0.102057 -0.0695811 0.521657 1.71618 -1.12231
seq-01/frame-000404.color.png 0.98382 0.113125 -0.113645 -0.0799135 0.598049 1.75662 -1.12434
seq-04/frame-000044.color.png 0.974021 0.181629 -0.134498 -0.0143162 0.198996 1.10057 0.296887
seq-04/frame-000178.color.png 0.937699 0.0842832 0.329031 0.0731777 -0.358933 1.10432 0.185443
seq-01/frame-000142.color.png 0.948536 0.179867 -0.192436 -0.175772 0.645266 0.375998 0.353798
seq-01/frame-000153.color.png 0.95981 0.179718 -0.154481 -0.150339 0.61643 0.436082 0.270095
seq-04/frame-000189.color.png 0.915191 0.111903 0.380298 0.0726421 -0.348589 1.10336 0.26867
seq-01/frame-000276.color.png 0.978887 0.110421 -0.144639 -0.0930934 0.361587 0.570733 -0.0607365
seq-01/frame-000287.color.png 0.975373 0.153344 -0.123016 -0.0999982 0.466704 1.53734 -0.406245
seq-01/frame-000298.color.png 0.982042 0.130344 -0.104297 -0.0878992 0.381432 1.52431 -0.59894
seq-04/frame-000431.color.png 0.976045 0.214224 0.0369875 -0.00874424 -0.108368 1.38598 -0.402371
seq-01/frame-000036.color.png 0.948828 0.212605 -0.190615 -0.134869 1.32424 -0.0181183 0.745237
seq-01/frame-000047.color.png 0.937544 0.190788 -0.246472 -0.154474 1.21867 -0.0719792 0.845182
seq-04/frame-000363.color.png 0.98888 0.14711 0.0191349 -0.0104675 -0.11225 1.42397 -0.431719
seq-04/frame-000112.color.png 0.991416 0.126964 -0.0310472 -0.00331228 -0.0534215 1.24945 -0.0551696
seq-04/frame-000246.color.png 0.957927 0.244042 0.150587 0.0119222 -0.147306 1.10804 0.297561
seq-04/frame-000257.color.png 0.96576 0.240114 0.0980575 -0.00608069 -0.108347 1.21074 0.211923
seq-04/frame-000006.color.png 0.980024 0.168702 -0.10532 -0.000127442 0.190772 0.935135 0.567531
seq-01/frame-000355.color.png 0.989356 0.0830789 -0.107433 -0.0522646 0.37596 1.40672 -0.984624
seq-01/frame-000104.color.png 0.867086 0.132587 -0.41903 -0.234515 0.616617 -0.048373 0.908098
seq-01/frame-000115.color.png 0.877481 0.137777 -0.397609 -0.230112 0.646999 0.0750139 0.730618
seq-01/frame-000249.color.png 0.984466 0.0960122 -0.103412 -0.104468 0.293305 0.613193 -0.0874554
seq-01/frame-000260.color.png 0.98695 0.0802531 -0.106398 -0.0903815 0.262283 0.615085 -0.184956
seq-04/frame-000393.color.png 0.983947 0.173141 0.042932 0.00532912 -0.131927 1.38142 -0.389068
seq-01/frame-000491.color.png 0.996209 0.00740365 -0.0694728 -0.051839 0.441693 1.86494 -1.85412
seq-04/frame-000074.color.png 0.97115 0.185191 -0.148327 -0.0239056 0.240608 1.50936 0.00796108
seq-04/frame-000208.color.png 0.913698 0.200568 0.345441 0.0748275 -0.296058 1.07673 0.422616
seq-04/frame-000219.color.png 0.92241 0.240575 0.296297 0.0590888 -0.234461 1.07066 0.44031
seq-01/frame-000317.color.png 0.987868 0.101899 -0.0884156 -0.076912 0.434848 1.7602 -0.98866
seq-04/frame-000450.color.png 0.970453 0.238614 0.0329896 -0.0139749 -0.0948082 1.38078 -0.386657
seq-01/frame-000066.color.png 0.897013 0.175765 -0.353994 -0.197893 0.939453 -0.17243 1.01922
seq-04/frame-000461.color.png 0.968354 0.247399 0.028407 -0.0166568 -0.0822782 1.37959 -0.394706
seq-04/frame-000344.color.png 0.991048 0.133084 0.0105558 -0.000591736 -0.146234 1.41452 -0.390862
seq-04/frame-000355.color.png 0.990812 0.134407 0.0147221 -0.00304942 -0.131703 1.41253 -0.435148
seq-01/frame-000453.color.png 0.991216 0.0689832 -0.0839311 -0.0754161 0.507362 1.91034 -1.49278
seq-01/frame-000202.color.png 0.970814 0.155482 -0.133098 -0.125023 0.478004 0.706543 -0.0168026
seq-01/frame-000380.color.png 0.988028 0.0933275 -0.0993142 -0.0723014 0.436995 1.56215 -1.0999
seq-01/frame-000134.color.png 0.934967 0.168121 -0.246955 -0.19127 0.690395 0.296853 0.424089
seq-04/frame-000412.color.png 0.978377 0.203537 0.0366673 -0.00250178 -0.108738 1.39212 -0.37674
seq-01/frame-000028.color.png 0.954716 0.223121 -0.156201 -0.119735 1.39813 0.0463212 0.686261
seq-01/frame-000017.color.png 0.961585 0.21337 -0.133349 -0.109756 1.4385 0.0692825 0.629214
seq-04/frame-000423.color.png 0.977987 0.204854 0.0389141 -0.00789848 -0.112109 1.38052 -0.404738
seq-04/frame-000161.color.png 0.962532 0.061302 0.25743 0.0592001 -0.340504 1.11291 0.0510125
seq-04/frame-000306.color.png 0.985133 0.170119 -0.00952762 -0.0219339 0.0687148 1.3301 -0.146404
seq-04/frame-000055.color.png 0.972554 0.185391 -0.140348 -0.00840941 0.168235 1.12828 0.22069
seq-01/frame-000415.color.png 0.985778 0.0955573 -0.1111 -0.0822581 0.590586 1.74128 -1.22056
seq-01/frame-000164.color.png 0.963296 0.173509 -0.156474 -0.132178 0.58942 0.524282 0.200098
seq-04/frame-000480.color.png 0.965617 0.257982 0.0226718 -0.0226976 -0.0706352 1.37758 -0.421122
seq-04/frame-000491.color.png 0.964198 0.262747 0.0254162 -0.0252903 -0.0801454 1.35986 -0.441012
seq-04/frame-000374.color.png 0.987078 0.159229 0.0172158 -0.00525458 -0.102733 1.41648 -0.408189
seq-04/frame-000385.color.png 0.985569 0.165591 0.0347969 0.00473806 -0.130823 1.40023 -0.395854
seq-04/frame-000123.color.png 0.992889 0.114515 0.031327 0.00879329 -0.147126 1.22861 -0.0449773
seq-01/frame-000472.color.png 0.992475 0.0630873 -0.0832367 -0.0639126 0.57832 2.03254 -1.643
seq-01/frame-000483.color.png 0.995124 0.0400759 -0.0710631 -0.0554348 0.492389 1.98086 -1.73739
seq-01/frame-000494.color.png 0.99605 0.00232769 -0.0718782 -0.0520778 0.453396 1.84561 -1.86535
seq-04/frame-000134.color.png 0.993734 0.0390633 0.0991117 0.0338096 -0.209679 0.956715 -0.10052
seq-01/frame-000221.color.png 0.977149 0.142905 -0.105917 -0.116364 0.393327 0.790139 -0.0648055
seq-01/frame-000232.color.png 0.979091 0.132896 -0.102341 -0.115092 0.397735 0.836933 -0.0917253
seq-01/frame-000243.color.png 0.98016 0.123666 -0.108691 -0.110355 0.406369 0.91036 -0.155239
seq-01/frame-000366.color.png 0.989701 0.0825276 -0.0910069 -0.0734705 0.374676 1.47514 -1.01446
seq-01/frame-000377.color.png 0.98752 0.0939208 -0.10325 -0.0729527 0.428778 1.54879 -1.06672
seq-04/frame-000017.color.png 0.978844 0.165528 -0.119912 -0.00923882 0.260013 0.985727 0.477865
seq-04/frame-000268.color.png 0.976315 0.197771 0.0869761 -0.0114677 -0.0880873 1.26517 0.0688909
seq-01/frame-000126.color.png 0.910504 0.159859 -0.311657 -0.219769 0.708826 0.186628 0.524982
seq-04/frame-000442.color.png 0.971586 0.234478 0.0297017 -0.0125917 -0.066591 1.39859 -0.379613
seq-04/frame-000453.color.png 0.970015 0.240827 0.0295617 -0.01416 -0.0883449 1.38299 -0.388974
seq-04/frame-000191.color.png 0.910878 0.114138 0.389567 0.0742396 -0.350173 1.10077 0.283671
seq-04/frame-000202.color.png 0.909354 0.175014 0.369537 0.0767312 -0.313561 1.0837 0.394559
seq-04/frame-000325.color.png 0.989301 0.144484 0.0146939 -0.0138729 -0.0501007 1.36679 -0.294213
seq-04/frame-000336.color.png 0.989465 0.144546 -0.00769145 -0.0023968 -0.10756 1.41026 -0.338398
seq-04/frame-000347.color.png 0.99153 0.12894 0.0151832 0.00357394 -0.158676 1.41465 -0.410644
seq-04/frame-000481.color.png 0.966456 0.254882 0.02214 -0.0225516 -0.0686788 1.36295 -0.435008
seq-04/frame-000085.color.png 0.977031 0.161771 -0.137033 -0.0214824 0.208228 1.23261 0.0336945
seq-01/frame-000434.color.png 0.985531 0.103589 -0.103209 -0.0857103 0.550401 1.91128 -1.29044
seq-01/frame-000445.color.png 0.988032 0.0938173 -0.0868083 -0.0863483 0.511849 1.94135 -1.35648
seq-04/frame-000096.color.png 0.986404 0.135724 -0.0898961 -0.0224831 0.152431 1.23735 -0.0457265
seq-04/frame-000230.color.png 0.934132 0.248964 0.252703 0.0394282 -0.205731 1.10047 0.414974
seq-01/frame-000183.color.png 0.960252 0.174642 -0.170118 -0.135929 0.601427 0.613379 0.0998535
seq-01/frame-000194.color.png 0.963809 0.164152 -0.157418 -0.139089 0.564072 0.66477 0.0415139
seq-01/frame-000328.color.png 0.986035 0.0798146 -0.115166 -0.0900118 0.551983 1.46366 -0.937181
seq-01/frame-000339.color.png 0.986142 0.086125 -0.11979 -0.0758677 0.505253 1.29057 -0.817934
seq-01/frame-000077.color.png 0.884695 0.16496 -0.379234 -0.215136 0.838443 -0.178215 1.01081
seq-04/frame-000404.color.png 0.979601 0.196574 0.0416704 0.0019395 -0.125762 1.38377 -0.36683
seq-04/frame-000153.color.png 0.974625 0.0548758 0.210041 0.0545694 -0.309605 1.09631 0.0113228
seq-04/frame-000164.color.png 0.957629 0.0583678 0.275044 0.062374 -0.359282 1.11618 0.0615021
seq-04/frame-000309.color.png 0.986066 0.165057 -0.00363308 -0.0204079 0.0538132 1.33922 -0.166948
seq-04/frame-000287.color.png 0.98373 0.17596 -0.0303421 -0.0198375 0.0454412 1.30682 -0.0740578
seq-04/frame-000298.color.png 0.98347 0.174712 -0.0451038 -0.0151263 0.083834 1.32487 -0.110295
seq-01/frame-000251.color.png 0.980916 0.120057 -0.114482 -0.101411 0.407111 0.956915 -0.201709
seq-01/frame-000262.color.png 0.986748 0.0797276 -0.108125 -0.0909956 0.272996 0.619303 -0.189349
seq-04/frame-000036.color.png 0.974549 0.18065 -0.131409 -0.0187379 0.261551 1.05049 0.362663
seq-01/frame-000396.color.png 0.98502 0.115293 -0.103124 -0.0762169 0.547338 1.74097 -1.11432
seq-01/frame-000407.color.png 0.984746 0.105478 -0.113389 -0.0793308 0.591579 1.75186 -1.15666
seq-04/frame-000047.color.png 0.97417 0.180854 -0.134766 -0.0110396 0.173146 1.1029 0.273151
seq-04/frame-000192.color.png 0.908231 0.119286 0.393918 0.0756027 -0.344495 1.09495 0.302269
seq-01/frame-000145.color.png 0.952004 0.184266 -0.177578 -0.167932 0.626751 0.387941 0.33003
seq-01/frame-000156.color.png 0.960631 0.179223 -0.154817 -0.145254 0.614566 0.45793 0.260727
seq-04/frame-000443.color.png 0.972035 0.231893 0.0349712 -0.0122919 -0.0902566 1.38134 -0.386931
seq-01/frame-000290.color.png 0.97774 0.142723 -0.118278 -0.0983075 0.439793 1.51682 -0.490445
seq-01/frame-000039.color.png 0.946561 0.205847 -0.205135 -0.139892 1.29559 -0.0440673 0.766128
seq-04/frame-000221.color.png 0.924332 0.241319 0.289932 0.0575756 -0.234027 1.0721 0.434984
seq-04/frame-000366.color.png 0.987676 0.15573 0.0149895 -0.00435349 -0.111561 1.42544 -0.41614
seq-04/frame-000104.color.png 0.989453 0.128353 -0.0658446 -0.0131798 0.0468483 1.22958 -0.0544219
seq-01/frame-000464.color.png 0.991594 0.0650095 -0.0854433 -0.0722104 0.582432 1.97401 -1.60062
seq-01/frame-000475.color.png 0.993015 0.0610594 -0.0805983 -0.0608009 0.56207 2.0339 -1.65458
seq-04/frame-000115.color.png 0.991887 0.125758 -0.0185096 -0.00164958 -0.0758753 1.24578 -0.0516673
seq-04/frame-000249.color.png 0.958255 0.25138 0.136211 0.00137598 -0.138953 1.16786 0.290335
seq-01/frame-000213.color.png 0.976427 0.144419 -0.11141 -0.115418 0.421607 0.748716 -0.0528609
seq-01/frame-000224.color.png 0.97995 0.130814 -0.101283 -0.111025 0.370622 0.776133 -0.0971472
seq-04/frame-000009.color.png 0.979141 0.169288 -0.11232 -0.00289957 0.216716 0.95447 0.541773
seq-01/frame-000347.color.png 0.987544 0.0841677 -0.102006 -0.0852541 0.436433 1.33615 -0.91416
seq-01/frame-000358.color.png 0.990404 0.0861306 -0.087368 -0.063625 0.352668 1.44577 -0.994248
seq-01/frame-000369.color.png 0.988817 0.083593 -0.097485 -0.0758215 0.395548 1.48576 -1.02241
seq-04/frame-000260.color.png 0.968956 0.229578 0.0915331 -0.0063865 -0.0981354 1.23084 0.1697
seq-01/frame-000096.color.png 0.871948 0.12389 -0.413736 -0.230608 0.648446 -0.0651923 0.97497
seq-01/frame-000107.color.png 0.868013 0.135185 -0.416665 -0.233812 0.618431 -0.0278417 0.875638
seq-01/frame-000118.color.png 0.887061 0.145065 -0.371304 -0.232834 0.677824 0.100466 0.659936
seq-01/frame-000252.color.png 0.979973 0.124813 -0.117956 -0.100798 0.422891 0.972778 -0.195888
seq-01/frame-000001.color.png 0.963529 0.208951 -0.130836 -0.104081 1.45311 0.0888281 0.626127
seq-04/frame-000183.color.png 0.924825 0.106349 0.357984 0.0723655 -0.347197 1.10595 0.235513
seq-04/frame-000317.color.png 0.986655 0.160625 0.018446 -0.0192611 -0.00483669 1.35418 -0.207271
seq-04/frame-000328.color.png 0.988859 0.148357 0.00266071 -0.0118834 -0.0801455 1.39403 -0.304883
seq-04/frame-000462.color.png 0.967509 0.250729 0.0272522 -0.0178826 -0.0753891 1.39259 -0.389959
seq-04/frame-000066.color.png 0.972043 0.185522 -0.143322 -0.0131088 0.175867 1.17821 0.153834
seq-01/frame-000426.color.png 0.986326 0.0918916 -0.109417 -0.0821288 0.56254 1.79844 -1.29733
seq-04/frame-000077.color.png 0.971717 0.179338 -0.152164 -0.0212253 0.196318 1.23024 0.0941997
seq-04/frame-000211.color.png 0.916051 0.209887 0.333996 0.0724189 -0.284387 1.07528 0.431837
seq-04/frame-000222.color.png 0.925239 0.241971 0.286555 0.0571742 -0.233907 1.07232 0.436133
seq-01/frame-000175.color.png 0.963133 0.168324 -0.1632 -0.13194 0.594628 0.556758 0.112291
seq-04/frame-000473.color.png 0.966492 0.254492 0.0271572 -0.0197188 -0.0842758 1.38159 -0.413278
seq-01/frame-000309.color.png 0.987078 0.106079 -0.0958796 -0.0723246 0.34848 1.2405 -0.571189
seq-01/frame-000320.color.png 0.986758 0.0999765 -0.100556 -0.0787536 0.505402 1.76598 -1.00321
seq-01/frame-000331.color.png 0.97953 0.100195 -0.156729 -0.076926 0.410141 0.602043 -0.219362
seq-01/frame-000058.color.png 0.916569 0.182365 -0.307575 -0.179003 1.0712 -0.134011 0.950856
seq-01/frame-000069.color.png 0.892616 0.170245 -0.365272 -0.202063 0.905271 -0.181215 1.02268
seq-01/frame-000080.color.png 0.884143 0.161336 -0.382138 -0.215017 0.819513 -0.159016 1.00389
seq-01/frame-000214.color.png 0.976631 0.14254 -0.110445 -0.116941 0.416503 0.750474 -0.059279
seq-01/frame-000456.color.png 0.991317 0.0667277 -0.083043 -0.0770874 0.53525 1.92013 -1.53392
seq-04/frame-000279.color.png 0.982715 0.183581 0.00518473 -0.0232943 0.00942523 1.28313 -0.0230074
seq-04/frame-000290.color.png 0.983832 0.172583 -0.044407 -0.0178236 0.0638578 1.3055 -0.0899093
seq-04/frame-000028.color.png 0.976007 0.17552 -0.127773 -0.0166433 0.28151 1.02481 0.426175
seq-01/frame-000388.color.png 0.987857 0.0969528 -0.0942976 -0.0764655 0.49026 1.64281 -1.15151
seq-04/frame-000039.color.png 0.974164 0.182686 -0.13163 -0.0174303 0.235175 1.06136 0.345225
seq-04/frame-000173.color.png 0.945145 0.0582544 0.313329 0.0716449 -0.361699 1.08373 0.113396
seq-04/frame-000184.color.png 0.923272 0.106936 0.361667 0.0730042 -0.348139 1.10215 0.2346
seq-01/frame-000137.color.png 0.940146 0.171586 -0.226251 -0.188399 0.676597 0.319782 0.397612
seq-01/frame-000282.color.png 0.977885 0.119051 -0.144375 -0.0933981 0.345228 0.594266 -0.0916152
seq-01/frame-000293.color.png 0.979193 0.133225 -0.11985 -0.0952243 0.442212 1.49575 -0.537438
seq-01/frame-000271.color.png 0.977182 0.14725 -0.120823 -0.0939952 0.472742 1.46315 -0.337894
seq-04/frame-000415.color.png 0.978202 0.204211 0.037302 -0.00525693 -0.105487 1.39145 -0.381716
seq-01/frame-000020.color.png 0.961094 0.21258 -0.137268 -0.110751 1.4373 0.054027 0.62732
seq-01/frame-000031.color.png 0.953864 0.216546 -0.166583 -0.124503 1.37038 0.0179607 0.700754
seq-04/frame-000492.color.png 0.963054 0.267054 0.0245523 -0.0246388 -0.0841196 1.36717 -0.432929
seq-04/frame-000241.color.png 0.949289 0.251484 0.187838 0.0179544 -0.155649 1.11047 0.351163
seq-04/frame-000252.color.png 0.960901 0.250035 0.118953 -0.0017124 -0.124151 1.16778 0.271573
seq-01/frame-000205.color.png 0.973619 0.146738 -0.126474 -0.120573 0.453738 0.693402 -0.0413983
seq-04/frame-000001.color.png 0.980753 0.170958 -0.0942416 0.00404489 0.162955 0.917905 0.621513
seq-01/frame-000350.color.png 0.988236 0.0780996 -0.108876 -0.0737276 0.415751 1.34344 -0.960681
seq-01/frame-000088.color.png 0.880437 0.138721 -0.39481 -0.222961 0.724935 -0.0991306 0.990276
seq-01/frame-000099.color.png 0.871279 0.122237 -0.413112 -0.235095 0.641757 -0.0703914 0.95908
seq-01/frame-000244.color.png 0.980378 0.119844 -0.111022 -0.110324 0.407228 0.903967 -0.16777
seq-04/frame-000377.color.png 0.987201 0.158146 0.0202297 -0.00372473 -0.108676 1.40877 -0.411501
seq-04/frame-000126.color.png 0.993218 0.102787 0.0522217 0.0150192 -0.15178 1.18161 -0.0496924
seq-01/frame-000486.color.png 0.995776 0.0319485 -0.0685179 -0.0520964 0.456688 1.95447 -1.76994
seq-04/frame-000058.color.png 0.972482 0.188675 -0.136356 -0.00931445 0.161473 1.14182 0.201892
seq-04/frame-000203.color.png 0.910548 0.18323 0.362662 0.0761969 -0.305641 1.08344 0.398933
seq-04/frame-000214.color.png 0.919162 0.225995 0.316379 0.0630192 -0.252011 1.06826 0.440547
seq-01/frame-000301.color.png 0.984451 0.116604 -0.102905 -0.0816688 0.391657 1.48786 -0.65913
seq-01/frame-000312.color.png 0.98745 0.108246 -0.091873 -0.0691705 0.345092 1.25439 -0.599895
seq-04/frame-000434.color.png 0.975125 0.218523 0.0361044 -0.00867274 -0.110476 1.3839 -0.400156
seq-01/frame-000050.color.png 0.934035 0.184047 -0.262688 -0.157165 1.18579 -0.105043 0.863872
seq-01/frame-000061.color.png 0.908901 0.179556 -0.328153 -0.184321 1.01405 -0.157329 0.977353
seq-04/frame-000445.color.png 0.971282 0.234908 0.0351421 -0.0139474 -0.0873881 1.38633 -0.384517
seq-04/frame-000456.color.png 0.969767 0.24195 0.027778 -0.0155033 -0.0774042 1.38617 -0.395842
seq-04/frame-000339.color.png 0.990231 0.13942 -0.000740186 -0.00212393 -0.124231 1.41106 -0.360253
seq-04/frame-000088.color.png 0.978721 0.157379 -0.129521 -0.0236846 0.208329 1.24413 0.0190128
seq-01/frame-000437.color.png 0.986082 0.0994356 -0.0946927 -0.0937417 0.55408 1.91549 -1.31115
seq-01/frame-000448.color.png 0.989407 0.0869559 -0.0830941 -0.0812905 0.491084 1.93718 -1.3973
seq-01/frame-000186.color.png 0.960618 0.172021 -0.170216 -0.136563 0.607921 0.614272 0.089506
seq-01/frame-000197.color.png 0.966458 0.16218 -0.147299 -0.134013 0.538924 0.682513 0.0246415
seq-04/frame-000271.color.png 0.980122 0.186053 0.0672731 -0.0148051 -0.0630528 1.26128 0.0221555
seq-04/frame-000020.color.png 0.978023 0.166509 -0.124928 -0.0117407 0.268111 0.998905 0.466433
seq-04/frame-000396.color.png 0.982738 0.180641 0.0396673 0.00453158 -0.116985 1.37624 -0.37896
seq-01/frame-000012.color.png 0.962907 0.208832 -0.131073 -0.109628 1.44464 0.065799 0.614432
seq-01/frame-000023.color.png 0.95954 0.215516 -0.141201 -0.113574 1.42465 0.0488038 0.642656
seq-04/frame-000407.color.png 0.979272 0.199023 0.037639 0.000791472 -0.116641 1.39059 -0.370594
seq-04/frame-000145.color.png 0.986205 0.032227 0.153425 0.0531202 -0.251209 0.977648 -0.0606685
seq-04/frame-000156.color.png 0.969106 0.0638254 0.231427 0.0565746 -0.318844 1.1128 0.0463679
seq-04/frame-000418.color.png 0.977794 0.205676 0.0394649 -0.00764339 -0.108231 1.39055 -0.385411
seq-04/frame-000301.color.png 0.984324 0.17192 -0.0363934 -0.0149878 0.0858839 1.33102 -0.130187
seq-04/frame-000050.color.png 0.97288 0.18232 -0.142116 -0.00815501 0.175666 1.11671 0.259773
seq-01/frame-000399.color.png 0.983928 0.11888 -0.102492 -0.0851393 0.560201 1.77116 -1.11168
seq-01/frame-000410.color.png 0.984918 0.0996245 -0.114955 -0.0824381 0.606277 1.73123 -1.18306
seq-01/frame-000148.color.png 0.954991 0.183882 -0.168374 -0.160716 0.629152 0.408419 0.314834
seq-04/frame-000233.color.png 0.938082 0.253435 0.233586 0.0347831 -0.198339 1.10053 0.406582
seq-04/frame-000475.color.png 0.955925 0.292629 0.0100872 -0.0217724 0.00706637 1.51702 -0.279608
seq-04/frame-000358.color.png 0.988689 0.149479 0.0115281 -0.00404107 -0.124485 1.44774 -0.414948
seq-04/frame-000369.color.png 0.987399 0.157803 0.0111477 -0.00415195 -0.105693 1.42367 -0.416087
seq-04/frame-000380.color.png 0.986766 0.160152 0.0253997 -0.000223513 -0.109389 1.40187 -0.406775
seq-04/frame-000107.color.png 0.990193 0.128019 -0.0555184 -0.00679527 0.0060681 1.24151 -0.0567634
seq-01/frame-000467.color.png 0.992152 0.0637022 -0.0807654 -0.0710866 0.572343 2.00233 -1.62619
seq-01/frame-000478.color.png 0.993974 0.0548196 -0.0758023 -0.0571387 0.520775 2.02478 -1.68371
seq-04/frame-000118.color.png 0.992314 0.123737 -0.00164552 0.000548937 -0.102214 1.24287 -0.0493179
seq-04/frame-000263.color.png 0.971454 0.219255 0.0901817 -0.00851238 -0.0940728 1.25645 0.138722
seq-01/frame-000216.color.png 0.976401 0.14621 -0.107977 -0.116638 0.404632 0.765616 -0.0587445
seq-01/frame-000227.color.png 0.978831 0.136744 -0.102286 -0.11282 0.393068 0.811032 -0.0790318
seq-01/frame-000361.color.png 0.990038 0.0869202 -0.0781801 -0.0784701 0.35856 1.47012 -0.997209
seq-01/frame-000110.color.png 0.868838 0.139045 -0.412984 -0.235014 0.620078 0.00896047 0.820872
seq-04/frame-000437.color.png 0.973809 0.224553 0.0344024 -0.00936511 -0.103014 1.38514 -0.390957
seq-01/frame-000042.color.png 0.944464 0.196559 -0.219405 -0.14565 1.26425 -0.0577352 0.789072
seq-04/frame-000175.color.png 0.941778 0.068304 0.320688 0.0744822 -0.364747 1.09255 0.1483
seq-04/frame-000186.color.png 0.921576 0.106219 0.36599 0.0739363 -0.354074 1.09642 0.238941
seq-04/frame-000320.color.png 0.987992 0.152365 0.0172091 -0.0189905 -0.0121669 1.3642 -0.243085
seq-04/frame-000331.color.png 0.988749 0.149364 -0.00298712 -0.00754314 -0.0926821 1.40001 -0.31141
seq-01/frame-000284.color.png 0.978271 0.113728 -0.145838 -0.0937153 0.348084 0.590272 -0.110425
seq-04/frame-000476.color.png 0.966614 0.254312 0.024271 -0.0198511 -0.077433 1.3782 -0.421363
seq-04/frame-000069.color.png 0.97251 0.180556 -0.146217 -0.0156643 0.188383 1.19066 0.133492
seq-01/frame-000418.color.png 0.986664 0.0917667 -0.105472 -0.0833547 0.574633 1.75179 -1.25417
seq-01/frame-000429.color.png 0.985732 0.0970663 -0.109237 -0.0835354 0.569291 1.83812 -1.29606
seq-01/frame-000440.color.png 0.987078 0.0952523 -0.089944 -0.0922731 0.534664 1.9222 -1.33239
seq-04/frame-000080.color.png 0.971034 0.184731 -0.149273 -0.0261779 0.261981 1.53698 -0.0078065
seq-01/frame-000167.color.png 0.964779 0.165811 -0.156898 -0.130732 0.587884 0.525504 0.160086
seq-01/frame-000178.color.png 0.959438 0.179124 -0.172392 -0.132949 0.605248 0.606874 0.13241
seq-01/frame-000189.color.png 0.961003 0.170188 -0.167101 -0.139952 0.592297 0.634119 0.0729196
seq-01/frame-000323.color.png 0.986252 0.0989467 -0.0994764 -0.0873026 0.539762 1.77956 -1.02332
seq-01/frame-000072.color.png 0.887991 0.166897 -0.373969 -0.209199 0.876021 -0.182273 1.03116
seq-04/frame-000388.color.png 0.985026 0.168003 0.0383454 0.00530248 -0.125792 1.39204 -0.391332
seq-04/frame-000399.color.png 0.981029 0.188764 0.0440974 0.00243225 -0.126368 1.38384 -0.367749
seq-04/frame-000137.color.png 0.988006 0.0633405 0.135817 0.0372195 -0.229747 0.828124 0.105524
seq-01/frame-000497.color.png 0.996297 -0.00697449 -0.0702514 -0.0490785 0.429604 1.80313 -1.89519
seq-04/frame-000148.color.png 0.980663 0.0576885 0.17992 0.0510012 -0.293592 1.09261 0.0067681
seq-04/frame-000293.color.png 0.983368 0.17353 -0.0511407 -0.0161046 0.0761074 1.31436 -0.0969502
seq-01/frame-000246.color.png 0.979794 0.122929 -0.1113 -0.111823 0.412092 0.933908 -0.1729
seq-04/frame-000042.color.png 0.973681 0.1815 -0.136963 -0.0156546 0.214555 1.08388 0.31755
seq-01/frame-000402.color.png 0.983524 0.111489 -0.113399 -0.0859776 0.608553 1.74838 -1.12708
