seq-01/frame-000000.color.png 0.959786 0.223885 -0.135242 -0.101961 1.47131 0.14769 0.680067
seq-01/frame-000001.color.png 0.961278 0.221145 -0.12769 -0.103612 1.45116 0.144032 0.632066
seq-01/frame-000002.color.png 0.960446 0.222123 -0.134659 -0.100356 1.46323 0.147074 0.664419
seq-01/frame-000003.color.png 0.964998 0.200098 -0.137666 -0.0989296 1.46451 0.0747556 0.614546
seq-01/frame-000004.color.png 0.960834 0.219564 -0.138242 -0.0973568 1.47241 0.13859 0.673484
seq-01/frame-000005.color.png 0.958017 0.226076 -0.140964 -0.105937 1.48555 0.137581 0.703946
seq-01/frame-000006.color.png 0.965664 0.196554 -0.135859 -0.101994 1.45777 0.0536415 0.592561
seq-01/frame-000007.color.png 0.960978 0.220218 -0.133531 -0.100972 1.45692 0.138574 0.647991
seq-01/frame-000008.color.png 0.957156 0.228492 -0.145802 -0.101912 1.4974 0.142649 0.729444
seq-01/frame-000009.color.png 0.959844 0.223589 -0.133401 -0.104456 1.45477 0.145504 0.649446
seq-01/frame-000010.color.png 0.960439 0.219854 -0.139055 -0.0994198 1.46639 0.131774 0.674991
seq-01/frame-000011.color.png 0.957918 0.228504 -0.133068 -0.111679 1.46061 0.13197 0.661661
seq-01/frame-000012.color.png 0.959688 0.226355 -0.134577 -0.0982401 1.45687 0.151836 0.6546
seq-01/frame-000013.color.png 0.960383 0.221228 -0.133495 -0.104415 1.45342 0.127329 0.649127
seq-01/frame-000014.color.png 0.959859 0.223745 -0.138111 -0.0976456 1.46715 0.138398 0.673111
seq-01/frame-000015.color.png 0.960828 0.218414 -0.138919 -0.0990245 1.4625 0.12329 0.664429
seq-01/frame-000016.color.png 0.959634 0.221918 -0.138801 -0.102901 1.45974 0.124312 0.67499
seq-01/frame-000017.color.png 0.959984 0.221424 -0.138247 -0.101442 1.45201 0.126428 0.659019
seq-01/frame-000018.color.png 0.959224 0.224618 -0.138956 -0.100636 1.44851 0.131589 0.658482
seq-01/frame-000019.color.png 0.957703 0.225418 -0.146022 -0.103289 1.46578 0.11907 0.699525
seq-01/frame-000020.color.png 0.959853 0.21899 -0.1405 -0.104811 1.44611 0.0975357 0.646894
seq-01/frame-000021.color.png 0.962827 0.201858 -0.145224 -0.105486 1.44122 0.038394 0.626517
seq-01/frame-000022.color.png 0.962343 0.20255 -0.145404 -0.108291 1.43837 0.0295016 0.627412
seq-01/frame-000023.color.png 0.957874 0.224042 -0.146576 -0.10391 1.44019 0.109611 0.672892
seq-01/frame-000024.color.png 0.9593 0.212291 -0.145729 -0.11593 1.41305 0.0344008 0.625446
seq-01/frame-000025.color.png 0.956201 0.225268 -0.156433 -0.102291 1.43765 0.103748 0.707155
seq-01/frame-000026.color.png 0.957989 0.219253 -0.154298 -0.101868 1.42326 0.0800728 0.667418
seq-01/frame-000027.color.png 0.958689 0.206846 -0.161718 -0.109443 1.42003 0.02107 0.65586
seq-01/frame-000028.color.png 0.954066 0.227715 -0.163742 -0.105317 1.41829 0.0977735 0.720321
seq-01/frame-000029.color.png 0.953 0.228749 -0.167748 -0.10642 1.41607 0.098052 0.737764
seq-01/frame-000030.color.png 0.950053 0.229599 -0.176775 -0.115906 1.41433 0.0800026 0.756825
seq-01/frame-000031.color.png 0.952287 0.224155 -0.175094 -0.110661 1.39425 0.0755546 0.73352
seq-01/frame-000032.color.png 0.949352 0.230988 -0.171689 -0.12609 1.37606 0.0672765 0.736226
seq-01/frame-000033.color.png 0.950282 0.223886 -0.181003 -0.118649 1.37532 0.0526074 0.727577
seq-01/frame-000034.color.png 0.945529 0.232048 -0.183111 -0.136377 1.35323 0.046409 0.757546
seq-01/frame-000035.color.png 0.950824 0.20733 -0.188139 -0.132487 1.3321 -0.0289425 0.733068
seq-01/frame-000036.color.png 0.947165 0.221664 -0.196683 -0.122718 1.34071 0.0443029 0.787604
seq-01/frame-000037.color.png 0.945016 0.223432 -0.198532 -0.132694 1.33691 0.0312819 0.787574
seq-01/frame-000038.color.png 0.946017 0.212251 -0.209931 -0.126219 1.32272 0.00991951 0.807359
seq-01/frame-000039.color.png 0.944715 0.212501 -0.215869 -0.12553 1.32418 0.0187804 0.8255
seq-01/frame-000040.color.png 0.944065 0.215272 -0.214359 -0.128255 1.3087 0.0255383 0.81005
seq-01/frame-000041.color.png 0.941945 0.218576 -0.221691 -0.125765 1.30659 0.0447031 0.844633
seq-01/frame-000042.color.png 0.939462 0.219382 -0.221265 -0.142564 1.27783 0.0252779 0.844782
seq-01/frame-000043.color.png 0.938513 0.215236 -0.229375 -0.142317 1.27867 0.0181175 0.849634
seq-01/frame-000044.color.png 0.943437 0.188679 -0.231305 -0.144309 1.25396 -0.0642995 0.80175
seq-01/frame-000045.color.png 0.936865 0.208224 -0.235071 -0.153844 1.23646 -0.0143813 0.835068
seq-01/frame-000046.color.png 0.938699 0.196844 -0.24188 -0.146938 1.22161 -0.0411764 0.840734
seq-01/frame-000047.color.png 0.937867 0.188436 -0.249737 -0.150099 1.22466 -0.0788768 0.828933
seq-01/frame-000048.color.png 0.937582 0.186974 -0.251717 -0.150395 1.21265 -0.0877742 0.837346
seq-01/frame-000049.color.png 0.934677 0.190742 -0.256489 -0.155595 1.18477 -0.079062 0.857396
seq-01/frame-000050.color.png 0.932993 0.188528 -0.265233 -0.153731 1.19515 -0.0896488 0.866647
seq-01/frame-000051.color.png 0.934798 0.182097 -0.259463 -0.160228 1.1591 -0.112517 0.853239
seq-01/frame-000052.color.png 0.929557 0.188382 -0.272287 -0.162159 1.15757 -0.100107 0.878752
seq-01/frame-000053.color.png 0.929462 0.181738 -0.277625 -0.161233 1.15117 -0.120381 0.883009
seq-01/frame-000054.color.png 0.922391 0.205895 -0.278415 -0.171136 1.14659 -0.0508841 0.918106
seq-01/frame-000055.color.png 0.924764 0.180042 -0.291132 -0.166247 1.1185 -0.126817 0.904204
seq-01/frame-000056.color.png 0.917577 0.212912 -0.291981 -0.165736 1.11279 -0.0370393 0.922581
seq-01/frame-000057.color.png 0.921903 0.182109 -0.29509 -0.17278 1.0817 -0.130236 0.922108
seq-01/frame-000058.color.png 0.920618 0.172284 -0.302819 -0.176298 1.05013 -0.161651 0.932229
seq-01/frame-000059.color.png 0.917936 0.177503 -0.306761 -0.178281 1.0404 -0.145316 0.934375
seq-01/frame-000060.color.png 0.914379 0.176138 -0.318015 -0.178191 1.02325 -0.156469 0.953441
seq-01/frame-000061.color.png 0.910661 0.178528 -0.322606 -0.18641 0.993462 -0.151743 0.950696
seq-01/frame-000062.color.png 0.909311 0.176589 -0.329519 -0.182722 0.991867 -0.165095 0.96736
seq-01/frame-000063.color.png 0.90101 0.184556 -0.335151 -0.204438 0.981096 -0.139761 0.99907
seq-01/frame-000064.color.png 0.901306 0.16848 -0.34976 -0.192172 0.971764 -0.197717 1.00115
seq-01/frame-000065.color.png 0.901273 0.169607 -0.349007 -0.192703 0.952975 -0.19249 0.999505
seq-01/frame-000066.color.png 0.893177 0.184313 -0.354201 -0.206892 0.947387 -0.140987 1.02694
seq-01/frame-000067.color.png 0.897935 0.16548 -0.358219 -0.194956 0.927544 -0.200552 1.01253
seq-01/frame-000068.color.png 0.895315 0.166218 -0.363331 -0.196908 0.916943 -0.194997 1.01443
seq-01/frame-000069.color.png 0.890513 0.166961 -0.370346 -0.204827 0.917069 -0.189796 1.01497
seq-01/frame-000070.color.png 0.890694 0.166656 -0.369535 -0.205752 0.902614 -0.187008 1.01215
seq-01/frame-000071.color.png 0.888968 0.162914 -0.374388 -0.207433 0.891556 -0.195681 1.01462
seq-01/frame-000072.color.png 0.887321 0.164378 -0.376398 -0.209682 0.879879 -0.19118 1.02215
seq-01/frame-000073.color.png 0.88862 0.157004 -0.378307 -0.20637 0.869081 -0.207389 1.0175
seq-01/frame-000074.color.png 0.887049 0.159921 -0.379579 -0.208542 0.857237 -0.202464 1.0221
seq-01/frame-000075.color.png 0.88621 0.160559 -0.380235 -0.210415 0.846898 -0.198864 1.01592
seq-01/frame-000076.color.png 0.885016 0.156009 -0.384112 -0.211816 0.843089 -0.204472 0.992649
seq-01/frame-000077.color.png 0.884622 0.155755 -0.383651 -0.21447 0.844591 -0.203667 0.99998
seq-01/frame-000078.color.png 0.883766 0.159155 -0.383329 -0.216068 0.836555 -0.186949 0.997314
seq-01/frame-000079.color.png 0.884969 0.154382 -0.384492 -0.212514 0.829788 -0.197445 0.993891
seq-01/frame-000080.color.png 0.882841 0.160075 -0.384562 -0.21698 0.826693 -0.161667 1.00354
seq-01/frame-000081.color.png 0.884862 0.156569 -0.383418 -0.213296 0.803074 -0.155241 0.994575
seq-01/frame-000082.color.png 0.883795 0.15417 -0.386072 -0.214678 0.80439 -0.153322 0.988389
seq-01/frame-000083.color.png 0.884915 0.14751 -0.386368 -0.214211 0.786976 -0.154224 0.989155
seq-01/frame-000084.color.png 0.883963 0.145115 -0.386665 -0.219183 0.770213 -0.149563 0.976711
seq-01/frame-000085.color.png 0.882324 0.142891 -0.390395 -0.220633 0.760605 -0.135607 0.979665
seq-01/frame-000086.color.png 0.881769 0.140762 -0.391453 -0.222339 0.750096 -0.132678 0.979149
seq-01/frame-000087.color.png 0.881634 0.138254 -0.392775 -0.222115 0.73654 -0.119804 0.982296
seq-01/frame-000088.color.png 0.880946 0.13507 -0.395249 -0.222416 0.723891 -0.109527 0.981198
seq-01/frame-000089.color.png 0.879652 0.133221 -0.398143 -0.223487 0.715146 -0.105281 0.979563
seq-01/frame-000090.color.png 0.878076 0.128817 -0.401804 -0.225705 0.698603 -0.108038 0.978731
seq-01/frame-000091.color.png 0.877482 0.130173 -0.403193 -0.224756 0.685118 -0.101944 0.982707
seq-01/frame-000092.color.png 0.876733 0.129793 -0.404342 -0.225832 0.672375 -0.101088 0.967577
seq-01/frame-000093.color.png 0.875205 0.128275 -0.406421 -0.228877 0.661902 -0.0946496 0.97563
seq-01/frame-000094.color.png 0.873149 0.124989 -0.410803 -0.230714 0.653207 -0.08521 0.9742
seq-01/frame-000095.color.png 0.873214 0.121252 -0.412338 -0.229723 0.646466 -0.0796539 0.975692
seq-01/frame-000096.color.png 0.872155 0.122794 -0.413363 -0.231082 0.646564 -0.0674635 0.974645
seq-01/frame-000097.color.png 0.872757 0.122525 -0.412174 -0.231073 0.647822 -0.0689999 0.971626
seq-01/frame-000098.color.png 0.872715 0.12364 -0.411505 -0.23183 0.643842 -0.0672467 0.960228
seq-01/frame-000099.color.png 0.871509 0.120471 -0.413058 -0.235247 0.63992 -0.073962 0.955758
seq-01/frame-000100.color.png 0.870909 0.121866 -0.414407 -0.23438 0.634048 -0.0759314 0.949814
seq-01/frame-000101.color.png 0.869371 0.12112 -0.417243 -0.235439 0.626344 -0.068509 0.942085
seq-01/frame-000102.color.png 0.868034 0.122054 -0.419476 -0.235925 0.626356 -0.0668978 0.935056
seq-01/frame-000103.color.png 0.867548 0.127375 -0.419172 -0.235436 0.616398 -0.0633191 0.928365
seq-01/frame-000104.color.png 0.867354 0.131094 -0.418742 -0.234876 0.615414 -0.0512535 0.907681
seq-01/frame-000105.color.png 0.868015 0.13213 -0.419286 -0.230848 0.616093 -0.0377818 0.897044
seq-01/frame-000106.color.png 0.86852 0.134083 -0.417379 -0.231276 0.61291 -0.0300916 0.886347
seq-01/frame-000107.color.png 0.868399 0.134566 -0.416071 -0.233795 0.614508 -0.0280197 0.875962
seq-01/frame-000108.color.png 0.868457 0.134783 -0.414481 -0.236264 0.620146 -0.022466 0.850554
seq-01/frame-000109.color.png 0.867609 0.137282 -0.41451 -0.237887 0.620166 -0.0123983 0.838057
seq-01/frame-000110.color.png 0.869735 0.137323 -0.412213 -0.234061 0.615312 0.00275186 0.821596
seq-01/frame-000111.color.png 0.870156 0.136319 -0.413781 -0.230285 0.621417 0.022469 0.806651
seq-01/frame-000112.color.png 0.87234 0.135822 -0.408467 -0.231798 0.63272 0.0314063 0.784818
seq-01/frame-000113.color.png 0.874163 0.136357 -0.404929 -0.23082 0.635716 0.0514565 0.760657
seq-01/frame-000114.color.png 0.875459 0.134434 -0.404733 -0.227356 0.635576 0.0626292 0.742009
seq-01/frame-000115.color.png 0.877166 0.136343 -0.399404 -0.229056 0.647697 0.0705187 0.733663
seq-01/frame-000116.color.png 0.880747 0.142833 -0.388385 -0.230307 0.659208 0.0810066 0.707981
seq-01/frame-000117.color.png 0.884038 0.14267 -0.37955 -0.232519 0.68297 0.0806697 0.692263
seq-01/frame-000118.color.png 0.887574 0.143762 -0.370866 -0.232385 0.673051 0.09822 0.654044
seq-01/frame-000119.color.png 0.88962 0.142427 -0.366209 -0.232771 0.683116 0.106431 0.648388
seq-01/frame-000120.color.png 0.892448 0.141363 -0.360378 -0.23169 0.691566 0.117284 0.630957
seq-01/frame-000121.color.png 0.895283 0.142123 -0.352037 -0.233107 0.702929 0.125776 0.617413
seq-01/frame-000122.color.png 0.898451 0.14526 -0.341555 -0.234576 0.703809 0.149736 0.594376
seq-01/frame-000123.color.png 0.900003 0.145659 -0.337611 -0.234086 0.725113 0.138025 0.600619
seq-01/frame-000124.color.png 0.905263 0.152713 -0.323833 -0.228716 0.710166 0.157143 0.553908
seq-01/frame-000125.color.png 0.906624 0.157385 -0.319634 -0.226046 0.713062 0.172933 0.545395
seq-01/frame-000126.color.png 0.910114 0.161554 -0.309791 -0.222759 0.703307 0.194496 0.519614
seq-01/frame-000127.color.png 0.913941 0.160482 -0.30531 -0.213876 0.70294 0.213002 0.507663
seq-01/frame-000128.color.png 0.917765 0.16312 -0.293661 -0.211806 0.704225 0.239769 0.49278
seq-01/frame-000129.color.png 0.921913 0.164619 -0.283904 -0.205853 0.704101 0.249086 0.479619
seq-01/frame-000130.color.png 0.923139 0.164437 -0.281304 -0.204064 0.726269 0.260597 0.491872
seq-01/frame-000131.color.png 0.928283 0.165036 -0.268523 -0.197354 0.704751 0.270687 0.450015
seq-01/frame-000132.color.png 0.931318 0.16585 -0.25798 -0.196438 0.695738 0.285243 0.440443
seq-01/frame-000133.color.png 0.931503 0.167283 -0.256918 -0.195731 0.710137 0.294886 0.446579
seq-01/frame-000134.color.png 0.933771 0.169479 -0.249107 -0.19312 0.702412 0.301665 0.436414
seq-01/frame-000135.color.png 0.935756 0.171577 -0.238629 -0.19488 0.699118 0.310784 0.424658
seq-01/frame-000136.color.png 0.937142 0.175112 -0.231416 -0.193773 0.693036 0.324474 0.413442
seq-01/frame-000137.color.png 0.939404 0.17373 -0.226957 -0.189283 0.678636 0.328777 0.396681
seq-01/frame-000138.color.png 0.941122 0.178588 -0.220116 -0.184239 0.678366 0.342714 0.395232
seq-01/frame-000139.color.png 0.943916 0.17634 -0.212041 -0.181563 0.671479 0.34767 0.380861
seq-01/frame-000140.color.png 0.945262 0.177068 -0.206464 -0.180276 0.666841 0.355121 0.370045
seq-01/frame-000141.color.png 0.948123 0.179392 -0.196628 -0.173834 0.642757 0.37152 0.359911
seq-01/frame-000142.color.png 0.947546 0.181941 -0.19311 -0.178219 0.649798 0.384072 0.358992
seq-01/frame-000143.color.png 0.949364 0.182066 -0.188936 -0.172808 0.649844 0.377366 0.350738
seq-01/frame-000144.color.png 0.949177 0.190551 -0.183192 -0.170864 0.648785 0.403696 0.354217
seq-01/frame-000145.color.png 0.950673 0.188551 -0.178765 -0.16945 0.640314 0.401607 0.351329
seq-01/frame-000146.color.png 0.951322 0.189667 -0.179565 -0.163613 0.646556 0.417127 0.350154
seq-01/frame-000147.color.png 0.95399 0.18375 -0.173045 -0.161844 0.632069 0.410303 0.319471
seq-01/frame-000148.color.png 0.95362 0.190521 -0.168238 -0.161267 0.63136 0.429661 0.320617
seq-01/frame-000149.color.png 0.955527 0.188721 -0.164273 -0.156099 0.621054 0.437029 0.310418
seq-01/frame-000150.color.png 0.956121 0.186313 -0.162523 -0.157182 0.618566 0.444516 0.308733
seq-01/frame-000151.color.png 0.956673 0.189718 -0.155408 -0.156949 0.618557 0.452194 0.296358
seq-01/frame-000152.color.png 0.956459 0.189191 -0.157393 -0.156909 0.630865 0.458139 0.295929
seq-01/frame-000153.color.png 0.955925 0.192666 -0.157261 -0.156064 0.641207 0.477979 0.303079
seq-01/frame-000154.color.png 0.958232 0.185722 -0.155389 -0.152158 0.623446 0.461597 0.281588
seq-01/frame-000155.color.png 0.959473 0.182376 -0.154218 -0.149558 0.605595 0.466064 0.259509
seq-01/frame-000156.color.png 0.959645 0.182847 -0.154472 -0.147605 0.614187 0.469962 0.260293
seq-01/frame-000157.color.png 0.960576 0.180744 -0.154659 -0.143893 0.605443 0.479346 0.254451
seq-01/frame-000158.color.png 0.959532 0.183028 -0.157214 -0.1452 0.61537 0.498686 0.258394
seq-01/frame-000159.color.png 0.962495 0.174859 -0.151834 -0.14133 0.58867 0.490553 0.224456
seq-01/frame-000160.color.png 0.959285 0.183788 -0.159337 -0.143545 0.619276 0.527217 0.252996
seq-01/frame-000161.color.png 0.959595 0.182255 -0.158392 -0.144474 0.614279 0.533377 0.240096
seq-01/frame-000162.color.png 0.958672 0.185492 -0.161267 -0.143297 0.631017 0.547883 0.247337
seq-01/frame-000163.color.png 0.960989 0.17971 -0.159037 -0.137521 0.608014 0.547641 0.222231
seq-01/frame-000164.color.png 0.960833 0.180277 -0.160541 -0.136112 0.613242 0.547259 0.220217
seq-01/frame-000165.color.png 0.961148 0.18072 -0.159943 -0.13399 0.608403 0.566985 0.209871
seq-01/frame-000166.color.png 0.960367 0.182097 -0.160406 -0.137132 0.611248 0.574682 0.205931
seq-01/frame-000167.color.png 0.961451 0.178214 -0.158649 -0.136682 0.606645 0.570967 0.185277
seq-01/frame-000168.color.png 0.96346 0.171181 -0.156325 -0.134179 0.586967 0.551673 0.164588
seq-01/frame-000169.color.png 0.960939 0.179592 -0.160593 -0.136211 0.611518 0.591079 0.176057
seq-01/frame-000170.color.png 0.965072 0.161674 -0.15838 -0.131958 0.588744 0.534208 0.139774
seq-01/frame-000171.color.png 0.96486 0.162472 -0.158752 -0.132082 0.586262 0.543714 0.121804
seq-01/frame-000172.color.png 0.959865 0.182305 -0.162863 -0.137472 0.615044 0.611675 0.161275
seq-01/frame-000173.color.png 0.964316 0.161584 -0.161897 -0.133319 0.597204 0.543152 0.125158
seq-01/frame-000174.color.png 0.962053 0.174143 -0.15841 -0.137968 0.591301 0.579683 0.123988
seq-01/frame-000175.color.png 0.960795 0.177856 -0.159335 -0.140896 0.594674 0.596551 0.1309
seq-01/frame-000176.color.png 0.957881 0.187743 -0.168298 -0.137446 0.614184 0.631694 0.154188
seq-01/frame-000177.color.png 0.957296 0.189462 -0.169704 -0.13744 0.614145 0.636311 0.15025
seq-01/frame-000178.color.png 0.956596 0.188262 -0.173324 -0.13943 0.620126 0.639322 0.153825
seq-01/frame-000179.color.png 0.956817 0.185808 -0.175361 -0.138651 0.617672 0.639826 0.140067
seq-01/frame-000180.color.png 0.95694 0.185502 -0.173136 -0.140992 0.616299 0.645852 0.13639
seq-01/frame-000181.color.png 0.956547 0.184032 -0.175921 -0.142135 0.62926 0.643038 0.133612
seq-01/frame-000182.color.png 0.95582 0.184314 -0.177331 -0.144879 0.642447 0.644782 0.141958
seq-01/frame-000183.color.png 0.95699 0.181806 -0.176991 -0.140681 0.640031 0.638767 0.130845
seq-01/frame-000184.color.png 0.957563 0.18395 -0.171736 -0.140508 0.618008 0.654501 0.122402
seq-01/frame-000185.color.png 0.958795 0.182482 -0.166325 -0.140532 0.597699 0.650502 0.111911
seq-01/frame-000186.color.png 0.958522 0.182777 -0.165592 -0.142851 0.599576 0.657245 0.110338
seq-01/frame-000187.color.png 0.956281 0.187946 -0.168442 -0.147751 0.617511 0.677741 0.115171
seq-01/frame-000188.color.png 0.954159 0.195957 -0.172188 -0.14674 0.637582 0.71536 0.139192
seq-01/frame-000189.color.png 0.95927 0.176324 -0.166991 -0.144309 0.601493 0.656151 0.0862664
seq-01/frame-000190.color.png 0.960177 0.173846 -0.163306 -0.145496 0.585591 0.655329 0.0808354
seq-01/frame-000191.color.png 0.958545 0.180378 -0.166134 -0.145103 0.598124 0.691574 0.0911775
seq-01/frame-000192.color.png 0.957646 0.183307 -0.168485 -0.144657 0.607958 0.712068 0.0861883
seq-01/frame-000193.color.png 0.96233 0.159709 -0.171038 -0.138419 0.605619 0.628931 0.0631436
seq-01/frame-000194.color.png 0.96067 0.174895 -0.160651 -0.143931 0.59143 0.697734 0.0796438
seq-01/frame-000195.color.png 0.961083 0.175867 -0.159319 -0.141452 0.589774 0.710133 0.0869206
seq-01/frame-000196.color.png 0.962617 0.174086 -0.154621 -0.138399 0.575824 0.715649 0.0639167
seq-01/frame-000197.color.png 0.963239 0.174471 -0.151083 -0.13749 0.564272 0.722389 0.0568005
seq-01/frame-000198.color.png 0.965321 0.169847 -0.146121 -0.133999 0.543117 0.720879 0.0448426
seq-01/frame-000199.color.png 0.965784 0.168251 -0.14528 -0.133591 0.542408 0.72222 0.0466336
seq-01/frame-000200.color.png 0.966576 0.165184 -0.139651 -0.137633 0.527498 0.724582 0.0227669
seq-01/frame-000201.color.png 0.966925 0.167426 -0.139138 -0.132913 0.518184 0.742024 0.030219
seq-01/frame-000202.color.png 0.967559 0.168114 -0.136527 -0.130108 0.505123 0.747038 0.0224976
seq-01/frame-000203.color.png 0.967955 0.165987 -0.137678 -0.12867 0.506293 0.746399 0.0216771
seq-01/frame-000204.color.png 0.968168 0.166016 -0.135764 -0.129064 0.500081 0.751934 0.02268
seq-01/frame-000205.color.png 0.971241 0.158957 -0.124436 -0.126253 0.45977 0.738198 -0.00695301
seq-01/frame-000206.color.png 0.970313 0.161706 -0.127727 -0.126606 0.472999 0.753905 -0.00377056
seq-01/frame-000207.color.png 0.975342 0.139721 -0.119911 -0.121684 0.434794 0.695169 -0.0396893
seq-01/frame-000208.color.png 0.972482 0.156379 -0.124015 -0.120188 0.455778 0.762685 -0.0166726
seq-01/frame-000209.color.png 0.971767 0.16466 -0.116112 -0.122774 0.440729 0.79944 -0.00563461
seq-01/frame-000210.color.png 0.974314 0.149008 -0.117434 -0.121319 0.446617 0.745229 -0.0303564
seq-01/frame-000211.color.png 0.97354 0.158565 -0.113996 -0.11867 0.43217 0.797239 -0.0208088
seq-01/frame-000212.color.png 0.974771 0.154434 -0.109098 -0.118618 0.412048 0.790278 -0.0267097
seq-01/frame-000213.color.png 0.973984 0.157409 -0.112138 -0.11833 0.431517 0.79256 -0.0158812
seq-01/frame-000214.color.png 0.974307 0.156254 -0.107342 -0.121606 0.415123 0.800484 -0.0309251
seq-01/frame-000215.color.png 0.975825 0.1451 -0.110686 -0.120254 0.420372 0.755742 -0.0393817
seq-01/frame-000216.color.png 0.976787 0.137617 -0.112017 -0.120001 0.42514 0.729206 -0.0646284
seq-01/frame-000217.color.png 0.974661 0.152236 -0.112264 -0.119404 0.423658 0.788441 -0.0400776
seq-01/frame-000218.color.png 0.974418 0.15235 -0.114674 -0.118948 0.430471 0.798535 -0.0307467
seq-01/frame-000219.color.png 0.974223 0.154792 -0.111798 -0.120123 0.417664 0.815716 -0.0320186
seq-01/frame-000220.color.png 0.975242 0.14901 -0.112151 -0.118829 0.421985 0.803044 -0.0377861
seq-01/frame-000221.color.png 0.97527 0.148532 -0.111928 -0.119407 0.426639 0.804177 -0.0413475
seq-01/frame-000222.color.png 0.974996 0.156438 -0.108198 -0.114903 0.402794 0.857863 -0.0277401
seq-01/frame-000223.color.png 0.976719 0.145657 -0.107991 -0.114639 0.404687 0.818355 -0.0462693
seq-01/frame-000224.color.png 0.977486 0.139281 -0.109326 -0.114757 0.415631 0.799349 -0.0645407
seq-01/frame-000225.color.png 0.977042 0.143168 -0.109314 -0.113764 0.412905 0.820471 -0.0570932
seq-01/frame-000226.color.png 0.977938 0.141049 -0.102466 -0.115079 0.398802 0.821111 -0.071765
seq-01/frame-000227.color.png 0.97695 0.147728 -0.105045 -0.112745 0.408939 0.850949 -0.053161
seq-01/frame-000228.color.png 0.978465 0.133158 -0.105804 -0.116962 0.416706 0.799538 -0.0797838
seq-01/frame-000229.color.png 0.977999 0.139859 -0.101046 -0.117246 0.397648 0.835912 -0.073176
seq-01/frame-000230.color.png 0.977636 0.141095 -0.103606 -0.11656 0.407048 0.844148 -0.0695163
seq-01/frame-000231.color.png 0.977425 0.140632 -0.104919 -0.117711 0.416525 0.855651 -0.0680668
seq-01/frame-000232.color.png 0.977267 0.141811 -0.105517 -0.117072 0.416532 0.864919 -0.0712024
seq-01/frame-000233.color.png 0.978486 0.13505 -0.104245 -0.116016 0.409359 0.853918 -0.0903465
seq-01/frame-000234.color.png 0.978082 0.138127 -0.104849 -0.115257 0.407932 0.882864 -0.0790675
seq-01/frame-000235.color.png 0.978828 0.131967 -0.10478 -0.116199 0.409001 0.863068 -0.0958832
seq-01/frame-000236.color.png 0.979324 0.131593 -0.106614 -0.110636 0.404673 0.879253 -0.0951702
seq-01/frame-000237.color.png 0.979826 0.12813 -0.106252 -0.11061 0.402219 0.869437 -0.110056
seq-01/frame-000238.color.png 0.979634 0.132514 -0.101227 -0.111853 0.385013 0.897258 -0.119836
seq-01/frame-000239.color.png 0.980105 0.124603 -0.108203 -0.110274 0.413099 0.871867 -0.12818
seq-01/frame-000240.color.png 0.980589 0.123996 -0.104172 -0.110536 0.398696 0.879032 -0.135893
seq-01/frame-000241.color.png 0.980168 0.124393 -0.105177 -0.112853 0.408055 0.889592 -0.144397
seq-01/frame-000242.color.png 0.980428 0.121114 -0.107172 -0.112283 0.40635 0.888178 -0.153161
seq-01/frame-000243.color.png 0.980173 0.122624 -0.109583 -0.110525 0.407807 0.907673 -0.151221
seq-01/frame-000244.color.png 0.979618 0.123652 -0.113349 -0.110502 0.417061 0.92087 -0.155524
seq-01/frame-000245.color.png 0.979654 0.122521 -0.113834 -0.110948 0.421981 0.927268 -0.152223
seq-01/frame-000246.color.png 0.980579 0.116059 -0.114992 -0.108499 0.424452 0.908377 -0.171839
seq-01/frame-000247.color.png 0.979759 0.120114 -0.116446 -0.109937 0.43171 0.938742 -0.166913
seq-01/frame-000248.color.png 0.980933 0.115743 -0.115059 -0.105528 0.422142 0.918914 -0.186367
seq-01/frame-000249.color.png 0.980009 0.121959 -0.115944 -0.106139 0.432789 0.949987 -0.178068
seq-01/frame-000250.color.png 0.979976 0.122341 -0.117106 -0.104715 0.435857 0.95029 -0.183261
seq-01/frame-000251.color.png 0.980185 0.123851 -0.118875 -0.0988329 0.426657 0.970776 -0.181119
seq-01/frame-000252.color.png 0.980046 0.121955 -0.120435 -0.100659 0.428481 0.961478 -0.195287
seq-01/frame-000253.color.png 0.979625 0.124542 -0.125262 -0.0955726 0.437759 0.986373 -0.187334
seq-01/frame-000254.color.png 0.98046 0.115892 -0.129124 -0.0927044 0.439456 0.950883 -0.214943
seq-01/frame-000255.color.png 0.980277 0.117658 -0.128495 -0.0932847 0.433108 0.974474 -0.222433
seq-01/frame-000256.color.png 0.979429 0.124742 -0.125754 -0.0966696 0.427193 1.00495 -0.213173
seq-01/frame-000257.color.png 0.979162 0.118126 -0.135423 -0.0946015 0.466838 0.990221 -0.225292
seq-01/frame-000258.color.png 0.980106 0.118261 -0.126858 -0.0965035 0.437601 0.996491 -0.241241
seq-01/frame-000259.color.png 0.979712 0.122625 -0.126 -0.0961835 0.435586 1.01097 -0.242644
seq-01/frame-000260.color.png 0.979266 0.128384 -0.125387 -0.0939872 0.43213 1.03949 -0.249138
seq-01/frame-000261.color.png 0.978313 0.129088 -0.131145 -0.0950791 0.461924 1.0443 -0.22979
seq-01/frame-000262.color.png 0.978598 0.135749 -0.123474 -0.0931234 0.424791 1.08093 -0.228286
seq-01/frame-000263.color.png 0.978893 0.131269 -0.125255 -0.0940618 0.441929 1.05725 -0.2464
seq-01/frame-000264.color.png 0.979703 0.122581 -0.125454 -0.0970436 0.451805 1.02866 -0.28647
seq-01/frame-000265.color.png 0.978769 0.128848 -0.127762 -0.0953198 0.464309 1.05578 -0.265069
seq-01/frame-000266.color.png 0.978112 0.134119 -0.129063 -0.0930182 0.467061 1.0894 -0.266167
seq-01/frame-000267.color.png 0.977798 0.133483 -0.130867 -0.0946917 0.481103 1.09363 -0.271089
seq-01/frame-000268.color.png 0.979508 0.126186 -0.127273 -0.0918861 0.457498 1.07069 -0.300604
seq-01/frame-000269.color.png 0.979623 0.123088 -0.129096 -0.092314 0.463788 1.07689 -0.311132
seq-01/frame-000270.color.png 0.98008 0.118998 -0.130645 -0.0906381 0.466537 1.06962 -0.324087
seq-01/frame-000271.color.png 0.979604 0.118901 -0.130795 -0.095557 0.481789 1.07746 -0.32103
seq-01/frame-000272.color.png 0.978856 0.123021 -0.132644 -0.0954577 0.483437 1.09868 -0.313309
seq-01/frame-000273.color.png 0.978767 0.116716 -0.141021 -0.0922244 0.509637 1.0807 -0.328404
seq-01/frame-000274.color.png 0.97909 0.114321 -0.139738 -0.0937417 0.510725 1.07438 -0.328811
seq-01/frame-000275.color.png 0.977918 0.119632 -0.139919 -0.0989267 0.514138 1.09404 -0.335114
seq-01/frame-000276.color.png 0.978573 0.11703 -0.139006 -0.0968323 0.506003 1.0821 -0.338281
seq-01/frame-000277.color.png 0.977864 0.121449 -0.138912 -0.0986743 0.512284 1.09336 -0.327838
seq-01/frame-000278.color.png 0.977405 0.123005 -0.143379 -0.0948212 0.518207 1.09252 -0.338505
seq-01/frame-000279.color.png 0.977117 0.124693 -0.139797 -0.100747 0.511828 1.10428 -0.342528
seq-01/frame-000280.color.png 0.977048 0.12308 -0.143791 -0.0977436 0.516279 1.09271 -0.355359
seq-01/frame-000281.color.png 0.976573 0.126735 -0.144297 -0.0970632 0.513608 1.10718 -0.349655
seq-01/frame-000282.color.png 0.976857 0.12587 -0.142787 -0.0975607 0.50726 1.11349 -0.365741
seq-01/frame-000283.color.png 0.977278 0.122401 -0.143574 -0.0966045 0.5048 1.10045 -0.372577
seq-01/frame-000284.color.png 0.977383 0.120497 -0.144599 -0.0964095 0.511675 1.10213 -0.373676
seq-01/frame-000285.color.png 0.978121 0.119574 -0.139871 -0.0970403 0.488449 1.10455 -0.39424
seq-01/frame-000286.color.png 0.978416 0.117805 -0.137136 -0.100087 0.48811 1.11319 -0.405687
seq-01/frame-000287.color.png 0.979391 0.114882 -0.134128 -0.0980086 0.461885 1.10819 -0.434162
seq-01/frame-000288.color.png 0.978642 0.118564 -0.137167 -0.0968905 0.482868 1.1327 -0.407929
seq-01/frame-000289.color.png 0.978297 0.12149 -0.138079 -0.095447 0.488161 1.14358 -0.395115
seq-01/frame-000290.color.png 0.979303 0.116776 -0.135816 -0.0942492 0.466079 1.14079 -0.422535
seq-01/frame-000291.color.png 0.979112 0.117832 -0.136774 -0.0935373 0.470384 1.14996 -0.416794
seq-01/frame-000292.color.png 0.980244 0.113365 -0.133665 -0.0916675 0.449089 1.13091 -0.448255
seq-01/frame-000293.color.png 0.980805 0.109786 -0.134852 -0.0882226 0.445844 1.134 -0.463118
seq-01/frame-000294.color.png 0.980499 0.110318 -0.135582 -0.0898289 0.453273 1.13964 -0.461965
seq-01/frame-000295.color.png 0.981049 0.112153 -0.131564 -0.0875002 0.436298 1.16306 -0.462414
seq-01/frame-000296.color.png 0.981386 0.110948 -0.132478 -0.0837927 0.438052 1.16026 -0.473967
seq-01/frame-000297.color.png 0.981978 0.112486 -0.12451 -0.0869715 0.417821 1.18146 -0.491786
seq-01/frame-000298.color.png 0.983068 0.110143 -0.121369 -0.0819459 0.402924 1.17833 -0.490632
seq-01/frame-000299.color.png 0.983549 0.110061 -0.118734 -0.0801322 0.391794 1.18327 -0.503952
seq-01/frame-000300.color.png 0.984406 0.106456 -0.112174 -0.0838415 0.37727 1.19113 -0.531539
seq-01/frame-000301.color.png 0.984755 0.106346 -0.113516 -0.0778607 0.383729 1.19441 -0.524372
seq-01/frame-000302.color.png 0.984971 0.107653 -0.109107 -0.0796167 0.36857 1.20943 -0.534619
seq-01/frame-000303.color.png 0.986169 0.103272 -0.105424 -0.0754429 0.360137 1.20289 -0.543618
seq-01/frame-000304.color.png 0.98643 0.102152 -0.102488 -0.0775642 0.355414 1.20476 -0.550326
seq-01/frame-000305.color.png 0.987542 0.0964898 -0.096753 -0.0780353 0.354272 1.1993 -0.561834
seq-01/frame-000306.color.png 0.987263 0.101715 -0.0959502 -0.0758852 0.345033 1.21816 -0.568277
seq-01/frame-000307.color.png 0.98781 0.100324 -0.0945168 -0.0723428 0.323731 1.21915 -0.576553
seq-01/frame-000308.color.png 0.987297 0.10383 -0.0956407 -0.0729107 0.33964 1.22968 -0.572119
seq-01/frame-000309.color.png 0.986915 0.105671 -0.0943057 -0.0770597 0.348119 1.24125 -0.575603
seq-01/frame-000310.color.png 0.987356 0.104694 -0.0925351 -0.0748668 0.345391 1.22993 -0.587314
seq-01/frame-000311.color.png 0.987584 0.104642 -0.090924 -0.0738986 0.338561 1.234 -0.602704
seq-01/frame-000312.color.png 0.987972 0.104475 -0.0886606 -0.0716665 0.329891 1.23843 -0.615672
seq-01/frame-000313.color.png 0.98759 0.105384 -0.0910178 -0.0726382 0.345993 1.24651 -0.615757
seq-01/frame-000314.color.png 0.987675 0.104154 -0.0916152 -0.0725062 0.353025 1.24298 -0.615969
seq-01/frame-000315.color.png 0.987611 0.100928 -0.0951177 -0.0734256 0.368776 1.24039 -0.633547
seq-01/frame-000316.color.png 0.988261 0.0954087 -0.0958221 -0.0710989 0.359489 1.21877 -0.665383
seq-01/frame-000317.color.png 0.987462 0.0969873 -0.101842 -0.0716957 0.383503 1.24881 -0.659991
seq-01/frame-000318.color.png 0.987436 0.0959588 -0.101334 -0.0741213 0.378538 1.25445 -0.674924
seq-01/frame-000319.color.png 0.98773 0.0913479 -0.10199 -0.0751241 0.384729 1.24224 -0.696391
seq-01/frame-000320.color.png 0.98648 0.0942417 -0.111777 -0.0740426 0.432475 1.25446 -0.68445
seq-01/frame-000321.color.png 0.986253 0.0881533 -0.111591 -0.0841492 0.447575 1.24667 -0.709578
seq-01/frame-000322.color.png 0.986119 0.0883128 -0.110914 -0.0864145 0.472702 1.24767 -0.695261
seq-01/frame-000323.color.png 0.986587 0.0854172 -0.111413 -0.0832921 0.464008 1.23307 -0.727226
seq-01/frame-000324.color.png 0.986349 0.0848747 -0.1124 -0.0853104 0.470256 1.24104 -0.734057
seq-01/frame-000325.color.png 0.986182 0.0799137 -0.115136 -0.0883296 0.49432 1.22649 -0.746981
seq-01/frame-000326.color.png 0.986137 0.0820686 -0.112109 -0.0907247 0.491281 1.23937 -0.742854
seq-01/frame-000327.color.png 0.98583 0.078212 -0.120853 -0.0861199 0.522897 1.21461 -0.747487
seq-01/frame-000328.color.png 0.985904 0.0818625 -0.121314 -0.0810895 0.494458 1.2361 -0.760226
seq-01/frame-000329.color.png 0.984534 0.083235 -0.129839 -0.0831006 0.527254 1.24263 -0.743275
seq-01/frame-000330.color.png 0.984587 0.083481 -0.12878 -0.0838799 0.521867 1.24606 -0.750028
seq-01/frame-000331.color.png 0.983266 0.0875803 -0.135608 -0.0844295 0.545252 1.25769 -0.742894
seq-01/frame-000332.color.png 0.982871 0.0904983 -0.134899 -0.0870415 0.549647 1.27068 -0.739987
seq-01/frame-000333.color.png 0.985601 0.0944418 -0.117539 -0.076519 0.42179 1.2989 -0.810229
seq-01/frame-000334.color.png 0.985115 0.0931889 -0.119291 -0.0814505 0.439569 1.30895 -0.831863
seq-01/frame-000335.color.png 0.983247 0.0904903 -0.129762 -0.0905483 0.540103 1.28293 -0.783695
seq-01/frame-000336.color.png 0.984832 0.0900814 -0.116699 -0.091507 0.505233 1.29889 -0.780892
seq-01/frame-000337.color.png 0.984906 0.0854653 -0.126651 -0.0813293 0.538929 1.27093 -0.798271
seq-01/frame-000338.color.png 0.986276 0.0841479 -0.117897 -0.079242 0.500329 1.27991 -0.821988
seq-01/frame-000339.color.png 0.98858 0.0864849 -0.103133 -0.06777 0.391482 1.2938 -0.857064
seq-01/frame-000340.color.png 0.988208 0.0860116 -0.103976 -0.0723662 0.41122 1.30227 -0.861926
seq-01/frame-000341.color.png 0.986987 0.0858498 -0.115634 -0.071517 0.492252 1.30691 -0.847708
seq-01/frame-000342.color.png 0.986739 0.0866344 -0.117396 -0.0711323 0.498665 1.31216 -0.844752
seq-01/frame-000343.color.png 0.98846 0.0752333 -0.111313 -0.069968 0.459179 1.27545 -0.905873
seq-01/frame-000344.color.png 0.988668 0.0809393 -0.106319 -0.0684185 0.423825 1.30721 -0.915774
seq-01/frame-000345.color.png 0.98766 0.0785544 -0.105762 -0.0846813 0.474057 1.30854 -0.911267
seq-01/frame-000346.color.png 0.987982 0.07924 -0.104159 -0.0822402 0.45263 1.30309 -0.921111
seq-01/frame-000347.color.png 0.987797 0.0784333 -0.107096 -0.081461 0.459829 1.30289 -0.934692
seq-01/frame-000348.color.png 0.98829 0.0806704 -0.107537 -0.0721897 0.427555 1.32839 -0.942579
seq-01/frame-000349.color.png 0.988073 0.0791054 -0.109584 -0.0737938 0.432999 1.33145 -0.956344
seq-01/frame-000350.color.png 0.987457 0.0787057 -0.118224 -0.0689714 0.454101 1.34035 -0.961651
seq-01/frame-000351.color.png 0.988084 0.0798939 -0.117115 -0.0599188 0.413793 1.35351 -0.963181
seq-01/frame-000352.color.png 0.988241 0.0785939 -0.113882 -0.0650617 0.40896 1.35414 -0.983594
seq-01/frame-000353.color.png 0.988642 0.0782784 -0.110921 -0.0644746 0.402436 1.36677 -0.992019
seq-01/frame-000354.color.png 0.989518 0.0819958 -0.106677 -0.0524435 0.363185 1.3952 -0.993949
seq-01/frame-000355.color.png 0.989273 0.0848167 -0.104572 -0.0566516 0.369375 1.41894 -0.984188
seq-01/frame-000356.color.png 0.988852 0.0913121 -0.0987077 -0.0639598 0.371252 1.45636 -0.973503
seq-01/frame-000357.color.png 0.99048 0.0818944 -0.0908212 -0.0631965 0.348528 1.4189 -0.999657
seq-01/frame-000358.color.png 0.990473 0.0859966 -0.0854002 -0.0653809 0.344467 1.44674 -1.0003
seq-01/frame-000359.color.png 0.990908 0.081055 -0.0854781 -0.0650067 0.352273 1.42544 -1.01013
seq-01/frame-000360.color.png 0.990501 0.0845705 -0.0790351 -0.0742198 0.349003 1.45419 -1.00375
seq-01/frame-000361.color.png 0.990704 0.0814231 -0.0776014 -0.0765168 0.348746 1.44209 -1.01725
seq-01/frame-000362.color.png 0.990011 0.083666 -0.0782996 -0.082148 0.368295 1.46358 -1.00599
seq-01/frame-000363.color.png 0.990529 0.0804634 -0.0800518 -0.0772572 0.354841 1.45574 -1.01875
seq-01/frame-000364.color.png 0.990691 0.0777077 -0.0823027 -0.0756275 0.353884 1.44709 -1.02361
seq-01/frame-000365.color.png 0.990469 0.0784887 -0.0854732 -0.0742023 0.362078 1.44724 -1.02756
seq-01/frame-000366.color.png 0.989895 0.0826217 -0.0909489 -0.0707771 0.368183 1.47358 -1.01477
seq-01/frame-000367.color.png 0.989741 0.0821381 -0.0908654 -0.0735444 0.368014 1.47315 -1.01598
seq-01/frame-000368.color.png 0.990419 0.0764525 -0.0908114 -0.0705605 0.355949 1.44496 -1.04057
seq-01/frame-000369.color.png 0.989461 0.0806216 -0.0948181 -0.07401 0.376179 1.47075 -1.03351
seq-01/frame-000370.color.png 0.987917 0.0890356 -0.0995406 -0.0786354 0.404923 1.51821 -1.01138
seq-01/frame-000371.color.png 0.989182 0.0820341 -0.0984488 -0.0713943 0.376047 1.48989 -1.041
seq-01/frame-000372.color.png 0.988182 0.0839819 -0.105606 -0.0727421 0.418831 1.50094 -1.03639
seq-01/frame-000373.color.png 0.987502 0.0882385 -0.104877 -0.0778179 0.433696 1.52267 -1.0243
seq-01/frame-000374.color.png 0.987803 0.0881911 -0.103396 -0.0760113 0.421896 1.51727 -1.05304
seq-01/frame-000375.color.png 0.988047 0.08743 -0.102081 -0.0754941 0.41738 1.51571 -1.06278
seq-01/frame-000376.color.png 0.987659 0.0909474 -0.103465 -0.0745268 0.42323 1.53442 -1.06387
seq-01/frame-000377.color.png 0.988805 0.0911632 -0.098627 -0.0650172 0.377344 1.53436 -1.09197
seq-01/frame-000378.color.png 0.988952 0.0899193 -0.0962663 -0.0679753 0.379564 1.53593 -1.09985
seq-01/frame-000379.color.png 0.988494 0.0946795 -0.0953761 -0.0694222 0.391384 1.55803 -1.09342
seq-01/frame-000380.color.png 0.989437 0.0966863 -0.0903252 -0.0592296 0.344542 1.57735 -1.11325
seq-01/frame-000381.color.png 0.989715 0.0974383 -0.0828672 -0.0640489 0.327594 1.58965 -1.12319
seq-01/frame-000382.color.png 0.989068 0.0983039 -0.08457 -0.0702021 0.384256 1.60799 -1.11908
seq-01/frame-000383.color.png 0.989473 0.0913273 -0.0847188 -0.0736607 0.398678 1.58427 -1.14281
seq-01/frame-000384.color.png 0.988569 0.0962594 -0.087383 -0.0763553 0.436684 1.61609 -1.12684
seq-01/frame-000385.color.png 0.989862 0.0909133 -0.0904331 -0.061066 0.410397 1.59222 -1.16742
seq-01/frame-000386.color.png 0.988491 0.0905136 -0.0946476 -0.0757301 0.492722 1.60248 -1.1494
seq-01/frame-000387.color.png 0.98793 0.0943912 -0.0966798 -0.0757473 0.510033 1.62124 -1.14655
seq-01/frame-000388.color.png 0.987672 0.0941507 -0.099878 -0.0752576 0.519913 1.62588 -1.1441
seq-01/frame-000389.color.png 0.988399 0.0906686 -0.0963965 -0.0745237 0.493917 1.61651 -1.17999
seq-01/frame-000390.color.png 0.98747 0.100004 -0.0974311 -0.0735519 0.501471 1.66545 -1.13807
seq-01/frame-000391.color.png 0.987067 0.104078 -0.096004 -0.0751698 0.508062 1.68083 -1.14119
seq-01/frame-000392.color.png 0.987423 0.102599 -0.0967467 -0.0714749 0.505343 1.67055 -1.15101
seq-01/frame-000393.color.png 0.984305 0.120116 -0.103339 -0.0776993 0.561621 1.76289 -1.0751
seq-01/frame-000394.color.png 0.985338 0.116681 -0.101462 -0.0721115 0.527836 1.74638 -1.09448
seq-01/frame-000395.color.png 0.985293 0.112153 -0.105678 -0.0738274 0.559462 1.72243 -1.10516
seq-01/frame-000396.color.png 0.984948 0.115109 -0.103923 -0.0763397 0.554978 1.73927 -1.10575
seq-01/frame-000397.color.png 0.983909 0.116374 -0.102966 -0.0881889 0.586833 1.7533 -1.08937
seq-01/frame-000398.color.png 0.984045 0.11656 -0.104678 -0.0843313 0.577801 1.75142 -1.10516
seq-01/frame-000399.color.png 0.984329 0.114063 -0.106597 -0.0819933 0.567642 1.7449 -1.13804
seq-01/frame-000400.color.png 0.984086 0.110731 -0.114258 -0.0791048 0.595428 1.7388 -1.1204
seq-01/frame-000401.color.png 0.983311 0.116413 -0.109258 -0.0872321 0.596366 1.77288 -1.09891
seq-01/frame-000402.color.png 0.983582 0.109631 -0.114578 -0.0861309 0.615777 1.74104 -1.13797
seq-01/frame-000403.color.png 0.982646 0.112487 -0.118881 -0.0872997 0.644717 1.75459 -1.12871
seq-01/frame-000404.color.png 0.983638 0.110916 -0.115514 -0.0825284 0.618791 1.74538 -1.1305
seq-01/frame-000405.color.png 0.984477 0.106846 -0.115753 -0.0774014 0.60007 1.73055 -1.15818
seq-01/frame-000406.color.png 0.984768 0.103602 -0.116039 -0.0776755 0.598849 1.73243 -1.16246
seq-01/frame-000407.color.png 0.984334 0.104256 -0.117591 -0.0799291 0.61843 1.74313 -1.15672
seq-01/frame-000408.color.png 0.985015 0.100711 -0.115846 -0.0786291 0.603777 1.72838 -1.17337
seq-01/frame-000409.color.png 0.985492 0.101584 -0.111932 -0.0771793 0.571173 1.74314 -1.18524
seq-01/frame-000410.color.png 0.984768 0.100776 -0.116477 -0.0806756 0.611358 1.73736 -1.1725
seq-01/frame-000411.color.png 0.984557 0.101884 -0.115681 -0.0829768 0.608483 1.74582 -1.17758
seq-01/frame-000412.color.png 0.984645 0.0998183 -0.115301 -0.0849443 0.62023 1.74232 -1.18473
seq-01/frame-000413.color.png 0.985262 0.100583 -0.113293 -0.0794152 0.587038 1.75076 -1.19557
seq-01/frame-000414.color.png 0.984574 0.099995 -0.115563 -0.085206 0.615288 1.75419 -1.20271
seq-01/frame-000415.color.png 0.984861 0.0995301 -0.11376 -0.0848591 0.615486 1.76306 -1.20158
seq-01/frame-000416.color.png 0.98547 0.0977912 -0.109649 -0.0852191 0.596667 1.75995 -1.22258
seq-01/frame-000417.color.png 0.986882 0.0912614 -0.107305 -0.078866 0.565273 1.74458 -1.25821
seq-01/frame-000418.color.png 0.986922 0.0904029 -0.10532 -0.0819804 0.568854 1.74558 -1.26077
seq-01/frame-000419.color.png 0.987125 0.0892938 -0.104053 -0.0823607 0.560547 1.74889 -1.27742
seq-01/frame-000420.color.png 0.987313 0.0891908 -0.105236 -0.0786396 0.55108 1.7563 -1.28408
seq-01/frame-000421.color.png 0.986749 0.0895969 -0.107059 -0.0826921 0.572212 1.76946 -1.27907
seq-01/frame-000422.color.png 0.986454 0.0892757 -0.108123 -0.0851363 0.579968 1.77091 -1.28781
seq-01/frame-000423.color.png 0.987301 0.0894437 -0.0972865 -0.0881603 0.527333 1.77924 -1.29302
seq-01/frame-000424.color.png 0.986558 0.0911453 -0.107487 -0.0827246 0.564408 1.78298 -1.28939
seq-01/frame-000425.color.png 0.986396 0.0908814 -0.110293 -0.0812288 0.563715 1.79077 -1.30227
seq-01/frame-000426.color.png 0.985789 0.0925107 -0.112306 -0.083958 0.584599 1.80115 -1.29458
seq-01/frame-000427.color.png 0.986132 0.093269 -0.109548 -0.0827289 0.562389 1.80927 -1.30117
seq-01/frame-000428.color.png 0.985431 0.0969113 -0.109015 -0.0874663 0.576125 1.83401 -1.2964
seq-01/frame-000429.color.png 0.984546 0.100505 -0.113613 -0.0875205 0.606508 1.85513 -1.27851
seq-01/frame-000430.color.png 0.984229 0.104188 -0.109852 -0.09149 0.601044 1.87863 -1.27041
seq-01/frame-000431.color.png 0.985088 0.101235 -0.10838 -0.0872154 0.575052 1.871 -1.291
seq-01/frame-000432.color.png 0.985049 0.101372 -0.103135 -0.0936201 0.566202 1.88173 -1.30492
seq-01/frame-000433.color.png 0.985343 0.0996697 -0.105149 -0.0900443 0.571071 1.87623 -1.30676
seq-01/frame-000434.color.png 0.98514 0.102437 -0.106091 -0.0880421 0.570137 1.90363 -1.30006
seq-01/frame-000435.color.png 0.986116 0.100132 -0.100203 -0.0866479 0.538456 1.90069 -1.31604
seq-01/frame-000436.color.png 0.986199 0.099296 -0.0988278 -0.0882279 0.542047 1.90293 -1.3233
seq-01/frame-000437.color.png 0.985901 0.0992739 -0.0950324 -0.0954582 0.556911 1.91551 -1.32116
seq-01/frame-000438.color.png 0.986101 0.0989775 -0.092677 -0.0960162 0.549025 1.92124 -1.33098
seq-01/frame-000439.color.png 0.986553 0.0984861 -0.0889336 -0.0954159 0.533618 1.93357 -1.32675
seq-01/frame-000440.color.png 0.98702 0.0947261 -0.0872999 -0.0959014 0.52829 1.92154 -1.34346
seq-01/frame-000441.color.png 0.98693 0.0952733 -0.0914484 -0.0923566 0.543507 1.92405 -1.33864
seq-01/frame-000442.color.png 0.987885 0.091611 -0.0874055 -0.0897295 0.510829 1.91898 -1.36181
seq-01/frame-000443.color.png 0.988082 0.0898864 -0.0885692 -0.0881419 0.513493 1.91193 -1.3687
seq-01/frame-000444.color.png 0.987112 0.0934062 -0.0923003 -0.0914637 0.558167 1.9354 -1.34948
seq-01/frame-000445.color.png 0.9878 0.0929239 -0.0913764 -0.0852405 0.53254 1.93374 -1.36471
seq-01/frame-000446.color.png 0.988314 0.0909796 -0.0871727 -0.085787 0.509542 1.93457 -1.37563
seq-01/frame-000447.color.png 0.988278 0.0915015 -0.0858656 -0.0869577 0.520895 1.95228 -1.37927
seq-01/frame-000448.color.png 0.989822 0.0821838 -0.0871473 -0.0768411 0.494359 1.90643 -1.42611
seq-01/frame-000449.color.png 0.990544 0.0799101 -0.0778977 -0.0798099 0.463937 1.92014 -1.43406
seq-01/frame-000450.color.png 0.990141 0.0788546 -0.0795483 -0.0841118 0.494881 1.92716 -1.4484
seq-01/frame-000451.color.png 0.990813 0.0762789 -0.0793459 -0.0785822 0.479966 1.92071 -1.45966
seq-01/frame-000452.color.png 0.99121 0.069193 -0.0816283 -0.0777893 0.489329 1.9031 -1.50316
seq-01/frame-000453.color.png 0.991721 0.0654177 -0.0801179 -0.0761028 0.481952 1.891 -1.51368
seq-01/frame-000454.color.png 0.992558 0.0561224 -0.0757582 -0.0770737 0.459699 1.85024 -1.56907
seq-01/frame-000455.color.png 0.991125 0.0651885 -0.0820314 -0.0818032 0.524902 1.90892 -1.53212
seq-01/frame-000456.color.png 0.991236 0.0675526 -0.0825053 -0.0779782 0.534484 1.92568 -1.53099
seq-01/frame-000457.color.png 0.991176 0.0666766 -0.0825683 -0.0794163 0.539399 1.92023 -1.55251
seq-01/frame-000458.color.png 0.990993 0.0727162 -0.079797 -0.0792351 0.531706 1.95468 -1.53904
seq-01/frame-000459.color.png 0.991267 0.0710275 -0.0806572 -0.0764106 0.524514 1.95436 -1.55809
seq-01/frame-000460.color.png 0.990916 0.0653208 -0.0875438 -0.0784548 0.580585 1.93975 -1.58485
seq-01/frame-000461.color.png 0.991619 0.064506 -0.0787109 -0.0795996 0.542473 1.94521 -1.59532
seq-01/frame-000462.color.png 0.991454 0.0668411 -0.0796087 -0.0788216 0.55414 1.96222 -1.58915
seq-01/frame-000463.color.png 0.991255 0.0644082 -0.0876412 -0.0747259 0.596804 1.96915 -1.60321
seq-01/frame-000464.color.png 0.991645 0.0632981 -0.0866289 -0.0716195 0.585441 1.96293 -1.61221
seq-01/frame-000465.color.png 0.991592 0.0608289 -0.0895349 -0.070912 0.607824 1.9679 -1.63287
seq-01/frame-000466.color.png 0.992078 0.062751 -0.0823256 -0.0711801 0.571391 1.98433 -1.62012
seq-01/frame-000467.color.png 0.991346 0.0677577 -0.0872014 -0.0709749 0.613456 2.02536 -1.61075
seq-01/frame-000468.color.png 0.991471 0.0649752 -0.0873025 -0.0716996 0.614739 2.01492 -1.6209
seq-01/frame-000469.color.png 0.991321 0.06073 -0.0962777 -0.0657601 0.665529 1.99277 -1.63039
seq-01/frame-000470.color.png 0.992222 0.0643448 -0.0820476 -0.0679912 0.578406 2.02577 -1.63508
seq-01/frame-000471.color.png 0.991526 0.0657643 -0.0926383 -0.0630076 0.628535 2.03735 -1.62747
seq-01/frame-000472.color.png 0.995421 0.0418655 -0.0593303 -0.0621612 0.390783 1.90632 -1.78119
seq-01/frame-000473.color.png 0.992694 0.0659109 -0.0796355 -0.0622332 0.558638 2.0527 -1.64043
seq-01/frame-000474.color.png 0.992308 0.0703608 -0.0807848 -0.0620318 0.563048 2.08713 -1.62305
seq-01/frame-000475.color.png 0.994085 0.0553308 -0.0698451 -0.0620925 0.482832 2.00047 -1.70716
seq-01/frame-000476.color.png 0.993322 0.0625814 -0.0759726 -0.0601858 0.527508 2.0502 -1.65549
seq-01/frame-000477.color.png 0.99314 0.0664995 -0.0747936 -0.0604771 0.520255 2.08315 -1.63752
seq-01/frame-000478.color.png 0.993081 0.061405 -0.0821938 -0.0571211 0.562869 2.06325 -1.65381
seq-01/frame-000479.color.png 0.993403 0.0574502 -0.0810724 -0.0572487 0.554208 2.04857 -1.68148
seq-01/frame-000480.color.png 0.99421 0.0523006 -0.0727372 -0.0593259 0.510635 2.04164 -1.69725
seq-01/frame-000481.color.png 0.99446 0.0440369 -0.0744683 -0.0597056 0.524468 1.99286 -1.7266
seq-01/frame-000482.color.png 0.994666 0.0483209 -0.0703054 -0.0579769 0.494026 2.029 -1.7128
seq-01/frame-000483.color.png 0.994954 0.0402146 -0.0730311 -0.0558123 0.505304 1.98041 -1.74042
seq-01/frame-000484.color.png 0.994993 0.0412584 -0.0713279 -0.0565579 0.490086 1.99209 -1.75015
seq-01/frame-000485.color.png 0.995226 0.0336921 -0.0737966 -0.054256 0.501517 1.96296 -1.76164
seq-01/frame-000486.color.png 0.995998 0.0316976 -0.0628372 -0.0550808 0.419122 1.95436 -1.79503
seq-01/frame-000487.color.png 0.99542 0.0315773 -0.0754165 -0.0495393 0.490579 1.97007 -1.77618
seq-01/frame-000488.color.png 0.996671 0.0186137 -0.0623746 -0.0490864 0.393496 1.89225 -1.82211
seq-01/frame-000489.color.png 0.995403 0.0229863 -0.0763666 -0.0530262 0.505345 1.93965 -1.79769
seq-01/frame-000490.color.png 0.996383 0.0083644 -0.0649232 -0.0541838 0.42099 1.86007 -1.86171
seq-01/frame-000491.color.png 0.995604 0.0145726 -0.0771228 -0.0511155 0.491952 1.90953 -1.83018
seq-01/frame-000492.color.png 0.996232 0.00679654 -0.0698237 -0.0509949 0.44005 1.86794 -1.85439
seq-01/frame-000493.color.png 0.995946 0.00202405 -0.0729157 -0.0526313 0.463737 1.83402 -1.87107
seq-01/frame-000494.color.png 0.996762 -0.00858646 -0.0613621 -0.0512556 0.367977 1.77162 -1.93572
seq-01/frame-000495.color.png 0.995458 0.00485446 -0.0811507 -0.0495363 0.50632 1.86073 -1.85391
seq-01/frame-000496.color.png 0.9961 0.000175387 -0.0722509 -0.0506486 0.446332 1.8336 -1.87385
seq-01/frame-000497.color.png 0.995957 -0.00365464 -0.0749677 -0.0493514 0.464719 1.82415 -1.8754
seq-01/frame-000498.color.png 0.99686 -0.00629593 -0.0603727 -0.0508468 0.361314 1.80206 -1.91133
seq-01/frame-000499.color.png 0.99587 -0.00177309 -0.0756706 -0.0501304 0.465924 1.84501 -1.88302
seq-04/frame-000000.color.png 0.98216 0.171311 -0.0775077 0.00260788 0.149763 0.889556 0.640611
seq-04/frame-000001.color.png 0.981833 0.168104 -0.0879809 0.0018707 0.139607 0.905833 0.596049
seq-04/frame-000002.color.png 0.981475 0.16892 -0.0903971 0.000771751 0.141945 0.911805 0.580196
seq-04/frame-000003.color.png 0.98168 0.167671 -0.0904986 -0.000777548 0.145989 0.913549 0.571328
seq-04/frame-000004.color.png 0.98171 0.167831 -0.089865 -0.00176821 0.149326 0.92168 0.555041
seq-04/frame-000005.color.png 0.981824 0.164339 -0.0948531 -0.0042406 0.161577 0.922973 0.546733
seq-04/frame-000006.color.png 0.981 0.167277 -0.0982145 -0.00328972 0.168235 0.932132 0.554875
seq-04/frame-000007.color.png 0.98046 0.167914 -0.102458 -0.00238314 0.176702 0.942735 0.545042
seq-04/frame-000008.color.png 0.979908 0.170527 -0.10331 -0.00522858 0.184907 0.948156 0.549016
seq-04/frame-000009.color.png 0.979941 0.169749 -0.104198 -0.0066591 0.189679 0.954027 0.527653
seq-04/frame-000010.color.png 0.980164 0.167533 -0.105576 -0.00810969 0.195774 0.947527 0.524075
seq-04/frame-000011.color.png 0.978523 0.174309 -0.109587 -0.00994876 0.213849 0.968898 0.537299
seq-04/frame-000012.color.png 0.979097 0.172758 -0.10685 -0.010371 0.203623 0.968409 0.510453
seq-04/frame-000013.color.png 0.979094 0.171324 -0.109133 -0.0105905 0.222939 0.971605 0.511104
seq-04/frame-000014.color.png 0.977111 0.178782 -0.115012 -0.00795009 0.248587 0.998414 0.535694
seq-04/frame-000015.color.png 0.978617 0.172759 -0.11104 -0.0115316 0.244686 0.995235 0.519184
seq-04/frame-000016.color.png 0.97894 0.170637 -0.111342 -0.0127414 0.238875 0.985312 0.489396
seq-04/frame-000017.color.png 0.978444 0.170202 -0.116228 -0.0130445 0.250719 1.0022 0.489735
seq-04/frame-000018.color.png 0.978637 0.169936 -0.11419 -0.0187699 0.246259 1.00414 0.477944
seq-04/frame-000019.color.png 0.978181 0.170206 -0.118225 -0.014658 0.251419 1.00861 0.471269
seq-04/frame-000020.color.png 0.979321 0.161895 -0.120485 -0.0143006 0.247689 0.981512 0.430378
seq-04/frame-000021.color.png 0.977864 0.167446 -0.124173 -0.0180524 0.264711 1.01021 0.453508
seq-04/frame-000022.color.png 0.977446 0.168828 -0.12529 -0.0199694 0.277515 1.01243 0.457333
seq-04/frame-000023.color.png 0.976764 0.171737 -0.126825 -0.0188166 0.282629 1.01859 0.460426
seq-04/frame-000024.color.png 0.977008 0.171018 -0.125858 -0.0191674 0.284478 1.01211 0.436286
seq-04/frame-000025.color.png 0.977257 0.17332 -0.120452 -0.020496 0.279164 1.01626 0.443067
seq-04/frame-000026.color.png 0.976599 0.179941 -0.114487 -0.0277243 0.263089 1.03936 0.44998
seq-04/frame-000027.color.png 0.976777 0.175611 -0.120855 -0.0214827 0.265979 1.0241 0.419814
seq-04/frame-000028.color.png 0.976191 0.177691 -0.122916 -0.0192109 0.265502 1.03118 0.420753
seq-04/frame-000029.color.png 0.976552 0.174575 -0.124516 -0.0191423 0.264723 1.02093 0.411724
seq-04/frame-000030.color.png 0.97658 0.173958 -0.125256 -0.0184748 0.264526 1.02042 0.396765
seq-04/frame-000031.color.png 0.975511 0.179913 -0.124389 -0.0231653 0.267529 1.03952 0.413274
seq-04/frame-000032.color.png 0.97465 0.183803 -0.125363 -0.0236013 0.260435 1.05517 0.418372
seq-04/frame-000033.color.png 0.974112 0.185625 -0.127208 -0.0216159 0.25658 1.06706 0.411053
seq-04/frame-000034.color.png 0.974665 0.183519 -0.126199 -0.0205775 0.245982 1.05901 0.393255
seq-04/frame-000035.color.png 0.974249 0.184801 -0.126962 -0.0238264 0.249133 1.06074 0.369714
seq-04/frame-000036.color.png 0.972123 0.194156 -0.128037 -0.0297632 0.268936 1.10844 0.418496
seq-04/frame-000037.color.png 0.975752 0.177655 -0.126344 -0.0195889 0.236219 1.04412 0.343515
seq-04/frame-000038.color.png 0.973916 0.186468 -0.126739 -0.0255928 0.235564 1.08289 0.366741
seq-04/frame-000039.color.png 0.972322 0.193615 -0.128896 -0.0221193 0.229883 1.10274 0.368367
seq-04/frame-000040.color.png 0.972696 0.190467 -0.131514 -0.0170104 0.2145 1.09196 0.346854
seq-04/frame-000041.color.png 0.972366 0.189794 -0.134644 -0.0188182 0.210538 1.10835 0.337858
seq-04/frame-000042.color.png 0.974118 0.18045 -0.135247 -0.0154921 0.208967 1.08014 0.312046
seq-04/frame-000043.color.png 0.973568 0.184049 -0.134265 -0.0162456 0.207894 1.1049 0.309556
seq-04/frame-000044.color.png 0.974264 0.180919 -0.133633 -0.0148785 0.19664 1.09896 0.293549
seq-04/frame-000045.color.png 0.973359 0.185923 -0.133201 -0.0162202 0.19179 1.12355 0.31116
seq-04/frame-000046.color.png 0.974589 0.179593 -0.133429 -0.0108766 0.179612 1.094 0.290234
seq-04/frame-000047.color.png 0.972851 0.188895 -0.132987 -0.0139326 0.168876 1.13499 0.296051
seq-04/frame-000048.color.png 0.972586 0.188106 -0.136311 -0.010587 0.158829 1.13477 0.28897
seq-04/frame-000049.color.png 0.972274 0.187662 -0.139188 -0.00959448 0.166289 1.13342 0.280032
seq-04/frame-000050.color.png 0.971774 0.190222 -0.139112 -0.0109412 0.166323 1.14893 0.281001
seq-04/frame-000051.color.png 0.972208 0.188383 -0.138474 -0.0121422 0.16316 1.13493 0.267486
seq-04/frame-000052.color.png 0.972123 0.190069 -0.137011 -0.00889379 0.147016 1.15084 0.24285
seq-04/frame-000053.color.png 0.971851 0.190384 -0.138501 -0.00872919 0.152007 1.15472 0.247888
seq-04/frame-000054.color.png 0.972096 0.189832 -0.137415 -0.0104907 0.153805 1.14504 0.237567
seq-04/frame-000055.color.png 0.97275 0.186913 -0.136946 -0.00818472 0.154022 1.13363 0.213327
seq-04/frame-000056.color.png 0.971754 0.192871 -0.135495 -0.0116688 0.153817 1.15647 0.232585
seq-04/frame-000057.color.png 0.971994 0.193216 -0.133149 -0.0129011 0.15389 1.15455 0.220303
seq-04/frame-000058.color.png 0.971334 0.195643 -0.134534 -0.0116362 0.157491 1.16914 0.221277
seq-04/frame-000059.color.png 0.971501 0.194864 -0.134319 -0.0130951 0.15234 1.16966 0.21321
seq-04/frame-000060.color.png 0.971024 0.195851 -0.136417 -0.0120081 0.152593 1.17635 0.216243
seq-04/frame-000061.color.png 0.972025 0.191178 -0.136087 -0.00992576 0.14158 1.16272 0.18847
seq-04/frame-000062.color.png 0.9715 0.191815 -0.138837 -0.0109193 0.149721 1.16999 0.189061
seq-04/frame-000063.color.png 0.971142 0.192198 -0.140782 -0.011119 0.15531 1.17837 0.177284
seq-04/frame-000064.color.png 0.971257 0.191492 -0.140907 -0.0116521 0.157355 1.18753 0.165574
seq-04/frame-000065.color.png 0.9712 0.190982 -0.141733 -0.0144207 0.167905 1.19668 0.180606
seq-04/frame-000066.color.png 0.9713 0.192089 -0.139242 -0.0170011 0.165019 1.20354 0.172425
seq-04/frame-000067.color.png 0.97267 0.184318 -0.140264 -0.0163255 0.165676 1.18236 0.135119
seq-04/frame-000068.color.png 0.972908 0.183038 -0.140185 -0.0171879 0.160157 1.19307 0.134321
seq-04/frame-000069.color.png 0.97256 0.183402 -0.14212 -0.0171149 0.172685 1.20122 0.13861
seq-04/frame-000070.color.png 0.972215 0.181299 -0.146654 -0.0205023 0.192239 1.20451 0.130369
seq-04/frame-000071.color.png 0.973329 0.173808 -0.148584 -0.0185647 0.195539 1.17967 0.0984116
seq-04/frame-000072.color.png 0.972154 0.18175 -0.14644 -0.0209602 0.187532 1.21359 0.117474
seq-04/frame-000073.color.png 0.972376 0.179141 -0.148024 -0.0219639 0.1895 1.20994 0.108743
seq-04/frame-000074.color.png 0.972385 0.178319 -0.14848 -0.0249834 0.194834 1.21342 0.0901246
seq-04/frame-000075.color.png 0.971822 0.180695 -0.149805 -0.0216729 0.194896 1.22432 0.115899
seq-04/frame-000076.color.png 0.972417 0.175814 -0.151735 -0.0216828 0.199343 1.208 0.0900471
seq-04/frame-000077.color.png 0.971871 0.178135 -0.152659 -0.0207226 0.198595 1.22618 0.0944346
seq-04/frame-000078.color.png 0.972599 0.173866 -0.15285 -0.0214091 0.197375 1.21881 0.0802418
seq-04/frame-000079.color.png 0.973906 0.166042 -0.15308 -0.0224232 0.213179 1.19596 0.0691289
seq-04/frame-000080.color.png 0.973725 0.170861 -0.148708 -0.0234843 0.209062 1.21206 0.0578636
seq-04/frame-000081.color.png 0.9748 0.166188 -0.147083 -0.0226483 0.214459 1.20033 0.0403448
seq-04/frame-000082.color.png 0.974692 0.171001 -0.141882 -0.0245856 0.20543 1.22957 0.0593177
seq-04/frame-000083.color.png 0.975346 0.167752 -0.141397 -0.0238115 0.207372 1.21882 0.0533903
seq-04/frame-000084.color.png 0.975053 0.17039 -0.14003 -0.0251251 0.213427 1.24087 0.0517656
seq-04/frame-000085.color.png 0.977073 0.164549 -0.132639 -0.0256752 0.194901 1.24454 0.0380176
seq-04/frame-000086.color.png 0.977138 0.165301 -0.131393 -0.0247756 0.195546 1.2473 0.039453
seq-04/frame-000087.color.png 0.978767 0.156144 -0.130327 -0.0254635 0.203184 1.2288 0.013189
seq-04/frame-000088.color.png 0.978785 0.159284 -0.125848 -0.0277682 0.198688 1.25152 0.018022
seq-04/frame-000089.color.png 0.980906 0.152754 -0.117474 -0.0262743 0.182224 1.23847 -0.00952394
seq-04/frame-000090.color.png 0.982064 0.143174 -0.120417 -0.0234801 0.204551 1.21156 -0.0256254
seq-04/frame-000091.color.png 0.981982 0.147993 -0.115112 -0.0236431 0.191192 1.23368 -0.0122598
seq-04/frame-000092.color.png 0.982304 0.146882 -0.113683 -0.0240762 0.197079 1.23101 -0.0240322
seq-04/frame-000093.color.png 0.982557 0.148899 -0.108717 -0.0243236 0.183396 1.24862 -0.00842548
seq-04/frame-000094.color.png 0.9843 0.140251 -0.104542 -0.0235378 0.193215 1.23129 -0.0364919
seq-04/frame-000095.color.png 0.985016 0.140548 -0.0970706 -0.0238215 0.175024 1.24319 -0.0355155
seq-04/frame-000096.color.png 0.986205 0.135592 -0.0918185 -0.0241544 0.164927 1.23546 -0.0460758
seq-04/frame-000097.color.png 0.987002 0.13432 -0.0851205 -0.0232128 0.153131 1.24756 -0.0444939
seq-04/frame-000098.color.png 0.987378 0.133067 -0.0828138 -0.0228064 0.143365 1.24175 -0.0522983
seq-04/frame-000099.color.png 0.987224 0.134917 -0.0818391 -0.0220989 0.134334 1.24889 -0.0437984
seq-04/frame-000100.color.png 0.987915 0.132279 -0.0780085 -0.0209976 0.111054 1.25051 -0.054264
seq-04/frame-000101.color.png 0.988107 0.133307 -0.0741338 -0.0194528 0.0820641 1.25838 -0.0417008
seq-04/frame-000102.color.png 0.988344 0.130978 -0.0755996 -0.0174777 0.0883316 1.25146 -0.0442085
seq-04/frame-000103.color.png 0.988396 0.132866 -0.0718374 -0.0160898 0.0668196 1.26213 -0.0418808
seq-04/frame-000104.color.png 0.989023 0.130679 -0.0676763 -0.0132659 0.0522228 1.24097 -0.0419419
seq-04/frame-000105.color.png 0.989794 0.124061 -0.0692925 -0.0107586 0.0596295 1.2124 -0.0632449
seq-04/frame-000106.color.png 0.98932 0.130426 -0.064228 -0.0105216 0.035422 1.24761 -0.0375991
seq-04/frame-000107.color.png 0.989885 0.129877 -0.056865 -0.00514796 0.00599679 1.25498 -0.0436444
seq-04/frame-000108.color.png 0.991157 0.11964 -0.0573687 -0.00139584 0.0165936 1.21561 -0.0719156
seq-04/frame-000109.color.png 0.990468 0.129166 -0.0477084 -0.0036407 -0.0150507 1.25417 -0.0504507
seq-04/frame-000110.color.png 0.992104 0.115601 -0.048088 -0.00729158 0.00357652 1.19408 -0.0716912
seq-04/frame-000111.color.png 0.991334 0.126274 -0.0361504 -0.00240897 -0.0355706 1.24397 -0.0517288
seq-04/frame-000112.color.png 0.992453 0.11731 -0.0356724 -0.00187895 -0.035484 1.20931 -0.0745584
seq-04/frame-000113.color.png 0.992564 0.117245 -0.0327117 0.000102945 -0.046696 1.21583 -0.07236
seq-04/frame-000114.color.png 0.991916 0.122972 -0.0312659 0.00172652 -0.0466343 1.24033 -0.0557948
seq-04/frame-000115.color.png 0.992202 0.123154 -0.0191595 -0.00122192 -0.0751088 1.23644 -0.0567176
seq-04/frame-000116.color.png 0.991388 0.130313 -0.0126305 -0.0030221 -0.0925191 1.26343 -0.0335206
seq-04/frame-000117.color.png 0.993961 0.108386 -0.0170834 -0.00145169 -0.0579976 1.16968 -0.0809807
seq-04/frame-000118.color.png 0.993062 0.117479 -0.00493397 0.00136046 -0.0918303 1.2165 -0.0561271
seq-04/frame-000119.color.png 0.991355 0.13099 0.00755139 -0.000553802 -0.128058 1.27262 -0.035148
seq-04/frame-000120.color.png 0.99208 0.124668 0.0152244 0.00178199 -0.13421 1.24237 -0.0425016
seq-04/frame-000121.color.png 0.991481 0.129287 0.0154297 0.00346929 -0.123872 1.26967 -0.0284766
seq-04/frame-000122.color.png 0.99233 0.121451 0.022801 0.00317125 -0.14314 1.2453 -0.044821
seq-04/frame-000123.color.png 0.992189 0.117911 0.0406357 0.00265947 -0.186039 1.24097 -0.0340923
seq-04/frame-000124.color.png 0.99367 0.106854 0.0339653 0.00694294 -0.133976 1.19255 -0.0527038
seq-04/frame-000125.color.png 0.992771 0.107796 0.0517137 0.0105682 -0.166975 1.19955 -0.0455545
seq-04/frame-000126.color.png 0.992046 0.110974 0.0587303 0.0089493 -0.176862 1.21221 -0.0349881
seq-04/frame-000127.color.png 0.990384 0.117724 0.071552 0.0126957 -0.203824 1.24811 -0.0173705
seq-04/frame-000128.color.png 0.990999 0.109822 0.0754651 0.0128748 -0.208365 1.22097 -0.022284
seq-04/frame-000129.color.png 0.991746 0.0975748 0.0811373 0.0183322 -0.212209 1.17627 -0.039344
seq-04/frame-000130.color.png 0.991167 0.0992433 0.0859433 0.0187723 -0.226071 1.18695 -0.0379127
seq-04/frame-000131.color.png 0.990938 0.0941422 0.093905 0.0190175 -0.236467 1.17191 -0.0396187
seq-04/frame-000132.color.png 0.990624 0.0927578 0.0980057 0.0213367 -0.247279 1.17034 -0.0296663
seq-04/frame-000133.color.png 0.990381 0.0845266 0.107162 0.0227578 -0.261173 1.14378 -0.0478939
seq-04/frame-000134.color.png 0.988371 0.101139 0.111104 0.0234238 -0.263071 1.21611 0.00191874
seq-04/frame-000135.color.png 0.987487 0.0972394 0.121207 0.0268716 -0.275801 1.20823 -0.00981894
seq-04/frame-000136.color.png 0.986982 0.0964613 0.125645 0.0278513 -0.279433 1.20864 -0.00341596
seq-04/frame-000137.color.png 0.98567 0.0981506 0.133855 0.0300737 -0.285317 1.21452 0.00849531
seq-04/frame-000138.color.png 0.985201 0.097761 0.136957 0.0326405 -0.294219 1.21861 0.0139838
seq-04/frame-000139.color.png 0.984633 0.0953056 0.141939 0.0356212 -0.303966 1.21268 0.0153009
seq-04/frame-000140.color.png 0.986231 0.0730415 0.144651 0.0330128 -0.303353 1.10995 -0.0265229
seq-04/frame-000141.color.png 0.98463 0.084395 0.148099 0.0380548 -0.297247 1.17458 0.00254095
seq-04/frame-000142.color.png 0.984743 0.0721995 0.154232 0.0358019 -0.309853 1.1218 -0.0193451
seq-04/frame-000143.color.png 0.982936 0.080405 0.160861 0.0386847 -0.314296 1.16947 0.00976289
seq-04/frame-000144.color.png 0.982107 0.0810622 0.165016 0.0407913 -0.323448 1.18029 0.015747
seq-04/frame-000145.color.png 0.981372 0.0736312 0.17244 0.0418446 -0.335871 1.15009 0.0116804
seq-04/frame-000146.color.png 0.980105 0.078665 0.176667 0.0446695 -0.326974 1.17949 0.0328569
seq-04/frame-000147.color.png 0.978919 0.080092 0.182314 0.045446 -0.332509 1.18559 0.0402909
seq-04/frame-000148.color.png 0.978317 0.0737565 0.188062 0.045702 -0.326914 1.16232 0.0293292
seq-04/frame-000149.color.png 0.976749 0.0771048 0.194537 0.0466064 -0.342566 1.18081 0.0441556
seq-04/frame-000150.color.png 0.975351 0.0758272 0.201383 0.0488349 -0.34278 1.17249 0.0501954
seq-04/frame-000151.color.png 0.973862 0.074449 0.208891 0.0491482 -0.350704 1.16895 0.0479522
seq-04/frame-000152.color.png 0.973372 0.0713776 0.211943 0.0503263 -0.33422 1.16756 0.0421678
seq-04/frame-000153.color.png 0.971361 0.0733561 0.220409 0.0499686 -0.355708 1.17949 0.0554135
seq-04/frame-000154.color.png 0.969184 0.0703128 0.230833 0.0495399 -0.36666 1.15868 0.0565149
seq-04/frame-000155.color.png 0.966917 0.0742887 0.238197 0.0530506 -0.366145 1.1698 0.0954129
seq-04/frame-000156.color.png 0.965984 0.0787101 0.240645 0.0526268 -0.35923 1.18099 0.0829863
seq-04/frame-000157.color.png 0.965243 0.0736548 0.244564 0.0553974 -0.353524 1.16028 0.0786018
seq-04/frame-000158.color.png 0.963566 0.0689603 0.252627 0.0544554 -0.366454 1.13575 0.0704573
seq-04/frame-000159.color.png 0.963773 0.0745129 0.250102 0.0551265 -0.348257 1.16588 0.0695595
seq-04/frame-000160.color.png 0.961199 0.0758346 0.25953 0.0546894 -0.364044 1.17286 0.0810061
seq-04/frame-000161.color.png 0.960172 0.0712596 0.264764 0.0537668 -0.37128 1.15789 0.0759292
seq-04/frame-000162.color.png 0.957557 0.0720488 0.273096 0.0575519 -0.377869 1.16681 0.085154
seq-04/frame-000163.color.png 0.956546 0.0674279 0.277726 0.0578089 -0.377823 1.16081 0.0864907
seq-04/frame-000164.color.png 0.955634 0.0678958 0.280393 0.0594477 -0.38117 1.16032 0.0883845
seq-04/frame-000165.color.png 0.953871 0.064833 0.286869 0.0602806 -0.392375 1.14933 0.0930043
seq-04/frame-000166.color.png 0.952722 0.0672435 0.28999 0.0608695 -0.38121 1.15965 0.0952261
seq-04/frame-000167.color.png 0.950756 0.0701224 0.295465 0.0620165 -0.398153 1.17753 0.104283
seq-04/frame-000168.color.png 0.949245 0.0653018 0.301245 0.0626193 -0.391433 1.15482 0.105167
seq-04/frame-000169.color.png 0.947135 0.0645607 0.307415 0.0652912 -0.400055 1.15369 0.116794
seq-04/frame-000170.color.png 0.947879 0.0596098 0.306262 0.064619 -0.381946 1.12844 0.104713
seq-04/frame-000171.color.png 0.944566 0.0694252 0.314038 0.0659899 -0.393084 1.16429 0.145373
seq-04/frame-000172.color.png 0.943273 0.0712685 0.317142 0.0676615 -0.386758 1.1547 0.138359
seq-04/frame-000173.color.png 0.941235 0.0740175 0.321837 0.0708413 -0.400105 1.15639 0.163409
seq-04/frame-000174.color.png 0.940902 0.0759551 0.322325 0.0710031 -0.383405 1.14625 0.153993
seq-04/frame-000175.color.png 0.938117 0.0833731 0.328134 0.0728955 -0.394095 1.15962 0.204763
seq-04/frame-000176.color.png 0.937922 0.0886267 0.326915 0.0746591 -0.384309 1.16084 0.205992
seq-04/frame-000177.color.png 0.937104 0.0901267 0.329305 0.0726076 -0.371475 1.14655 0.21338
seq-04/frame-000178.color.png 0.934913 0.0983317 0.333616 0.0704922 -0.372243 1.17099 0.239404
seq-04/frame-000179.color.png 0.934437 0.0945872 0.335747 0.0717917 -0.35497 1.12128 0.219076
seq-04/frame-000180.color.png 0.931416 0.102293 0.341468 0.0734832 -0.33496 1.1242 0.241879
seq-04/frame-000181.color.png 0.929142 0.108616 0.346363 0.0702213 -0.334023 1.1355 0.242583
seq-04/frame-000182.color.png 0.924717 0.106117 0.358681 0.0706131 -0.362436 1.11539 0.254895
seq-04/frame-000183.color.png 0.923822 0.113273 0.358706 0.0710759 -0.343969 1.14154 0.274226
seq-04/frame-000184.color.png 0.922203 0.105719 0.365128 0.0710439 -0.361584 1.09937 0.245821
seq-04/frame-000185.color.png 0.921059 0.105586 0.367892 0.0718152 -0.367866 1.0988 0.252295
seq-04/frame-000186.color.png 0.920427 0.116239 0.365916 0.0735348 -0.350533 1.14423 0.271088
seq-04/frame-000187.color.png 0.919499 0.118991 0.36794 0.0705922 -0.343374 1.15305 0.279847
seq-04/frame-000188.color.png 0.918809 0.110668 0.372108 0.0712649 -0.339525 1.11291 0.272223
seq-04/frame-000189.color.png 0.91309 0.123415 0.382474 0.0689146 -0.345419 1.1576 0.313115
seq-04/frame-000190.color.png 0.912031 0.114612 0.387427 0.0704606 -0.360471 1.11357 0.29338
seq-04/frame-000191.color.png 0.910608 0.11439 0.390033 0.0747131 -0.343293 1.10759 0.31498
seq-04/frame-000192.color.png 0.908376 0.122303 0.392543 0.0761904 -0.328473 1.11323 0.334511
seq-04/frame-000193.color.png 0.905085 0.129506 0.398322 0.073411 -0.348941 1.12625 0.33905
seq-04/frame-000194.color.png 0.903314 0.136607 0.399573 0.0755245 -0.345948 1.12006 0.364073
seq-04/frame-000195.color.png 0.905047 0.135242 0.395837 0.0768924 -0.330617 1.09889 0.356401
seq-04/frame-000196.color.png 0.903926 0.144583 0.394953 0.0776274 -0.341876 1.10554 0.374187
seq-04/frame-000197.color.png 0.907508 0.13986 0.387743 0.0807751 -0.330689 1.06746 0.346198
seq-04/frame-000198.color.png 0.908037 0.151629 0.382298 0.0795314 -0.326976 1.08964 0.359141
seq-04/frame-000199.color.png 0.906797 0.156453 0.383787 0.077133 -0.335992 1.09539 0.385118
seq-04/frame-000200.color.png 0.908323 0.16741 0.375872 0.0751169 -0.319451 1.09715 0.393399
seq-04/frame-000201.color.png 0.908325 0.171495 0.373953 0.0754596 -0.321024 1.09406 0.402684
seq-04/frame-000202.color.png 0.90952 0.175022 0.3693 0.0758871 -0.311929 1.08547 0.397814
seq-04/frame-000203.color.png 0.910032 0.183152 0.364076 0.0757979 -0.310758 1.08514 0.408873
seq-04/frame-000204.color.png 0.910402 0.185579 0.362165 0.0746016 -0.307298 1.08351 0.41596
seq-04/frame-000205.color.png 0.909203 0.19548 0.360713 0.0708757 -0.310677 1.095 0.447069
seq-04/frame-000206.color.png 0.910074 0.198034 0.356504 0.0738383 -0.305554 1.09483 0.436813
seq-04/frame-000207.color.png 0.912735 0.194458 0.351492 0.0745242 -0.297689 1.07655 0.415089
seq-04/frame-000208.color.png 0.911112 0.204877 0.350205 0.0725103 -0.311081 1.09516 0.457474
seq-04/frame-000209.color.png 0.914347 0.20277 0.343307 0.0706699 -0.294392 1.07726 0.426332
seq-04/frame-000210.color.png 0.913647 0.209 0.34142 0.0707194 -0.295275 1.08826 0.463244
seq-04/frame-000211.color.png 0.915058 0.213108 0.334747 0.0720953 -0.287762 1.09001 0.447501
seq-04/frame-000212.color.png 0.914995 0.224187 0.32848 0.0680024 -0.281265 1.09372 0.480228
seq-04/frame-000213.color.png 0.9157 0.227577 0.325168 0.0629962 -0.272718 1.08996 0.478229
seq-04/frame-000214.color.png 0.915513 0.234027 0.321171 0.0625788 -0.268692 1.09929 0.493987
seq-04/frame-000215.color.png 0.917113 0.234374 0.316701 0.0606047 -0.260017 1.08341 0.476493
seq-04/frame-000216.color.png 0.918929 0.234529 0.311755 0.0580833 -0.248831 1.0706 0.459474
seq-04/frame-000217.color.png 0.919027 0.23826 0.30889 0.0566402 -0.246838 1.07738 0.458028
seq-04/frame-000218.color.png 0.919106 0.239499 0.307668 0.0567852 -0.252999 1.08124 0.465468
seq-04/frame-000219.color.png 0.920875 0.242498 0.299884 0.0570465 -0.245059 1.08026 0.462093
seq-04/frame-000220.color.png 0.919442 0.247505 0.301021 0.0524734 -0.254173 1.09447 0.476124
seq-04/frame-000221.color.png 0.920218 0.24914 0.297288 0.0524185 -0.254036 1.10052 0.476693
seq-04/frame-000222.color.png 0.921944 0.247838 0.292484 0.0552123 -0.255906 1.09396 0.473409
seq-04/frame-000223.color.png 0.92245 0.250829 0.288768 0.05276 -0.250279 1.0988 0.474631
seq-04/frame-000224.color.png 0.923079 0.251751 0.286159 0.0515735 -0.25425 1.10091 0.47678
seq-04/frame-000225.color.png 0.926288 0.251084 0.276591 0.0494522 -0.247788 1.09663 0.452623
seq-04/frame-000226.color.png 0.929421 0.247799 0.269279 0.0475486 -0.230795 1.09306 0.429784
seq-04/frame-000227.color.png 0.929124 0.251036 0.268566 0.0397659 -0.226174 1.11129 0.437365
seq-04/frame-000228.color.png 0.930284 0.250319 0.26532 0.0389438 -0.225511 1.1126 0.438644
seq-04/frame-000229.color.png 0.931828 0.250416 0.25969 0.0393573 -0.219449 1.11288 0.43476
seq-04/frame-000230.color.png 0.93243 0.251025 0.257154 0.0378622 -0.222031 1.10804 0.429626
seq-04/frame-000231.color.png 0.933708 0.255539 0.248711 0.0321368 -0.21913 1.12466 0.43589
seq-04/frame-000232.color.png 0.93399 0.258988 0.243831 0.0336826 -0.218317 1.1323 0.44378
seq-04/frame-000233.color.png 0.936784 0.25345 0.239295 0.0306021 -0.218505 1.10297 0.399112
seq-04/frame-000234.color.png 0.935797 0.263839 0.231842 0.0303712 -0.206453 1.14282 0.428673
seq-04/frame-000235.color.png 0.937789 0.261443 0.226443 0.0303831 -0.208263 1.13806 0.426255
seq-04/frame-000236.color.png 0.938443 0.26314 0.222005 0.0282251 -0.203357 1.13933 0.41761
seq-04/frame-000237.color.png 0.941077 0.258956 0.215883 0.0266489 -0.19437 1.12361 0.402101
seq-04/frame-000238.color.png 0.941006 0.263247 0.211259 0.0240316 -0.187497 1.14458 0.405816
seq-04/frame-000239.color.png 0.941323 0.267722 0.204684 0.0184422 -0.183775 1.15885 0.408593
seq-04/frame-000240.color.png 0.942695 0.266423 0.20017 0.0166267 -0.181601 1.15941 0.394332
seq-04/frame-000241.color.png 0.943944 0.266472 0.194235 0.0153402 -0.174892 1.16578 0.386818
seq-04/frame-000242.color.png 0.945317 0.265243 0.189321 0.0133869 -0.175556 1.16523 0.379167
seq-04/frame-000243.color.png 0.944504 0.273478 0.181616 0.0117495 -0.167881 1.19729 0.397086
seq-04/frame-000244.color.png 0.950767 0.2587 0.170282 0.0110155 -0.155598 1.14734 0.32479
seq-04/frame-000245.color.png 0.951209 0.260741 0.164878 0.00552995 -0.153685 1.15697 0.328463
seq-04/frame-000246.color.png 0.951621 0.266634 0.152369 0.0103624 -0.144637 1.19052 0.36171
seq-04/frame-000247.color.png 0.955298 0.257669 0.144593 0.010285 -0.146396 1.17082 0.311356
seq-04/frame-000248.color.png 0.952907 0.26691 0.143868 0.00548213 -0.158529 1.21393 0.346987
seq-04/frame-000249.color.png 0.956377 0.259038 0.135038 0.00255946 -0.135521 1.19869 0.31603
seq-04/frame-000250.color.png 0.956922 0.257654 0.133845 -0.00088364 -0.141577 1.19739 0.312205
seq-04/frame-000251.color.png 0.959116 0.252688 0.127446 0.00149821 -0.138256 1.17613 0.286414
seq-04/frame-000252.color.png 0.956295 0.265071 0.123345 -0.00485557 -0.135017 1.22369 0.312995
seq-04/frame-000253.color.png 0.961813 0.250785 0.109643 -0.00134907 -0.109247 1.18379 0.261665
seq-04/frame-000254.color.png 0.96139 0.253083 0.107996 -0.0039249 -0.117856 1.19901 0.263012
seq-04/frame-000255.color.png 0.965227 0.241514 0.099976 -0.00346547 -0.109661 1.18084 0.222296
seq-04/frame-000256.color.png 0.963894 0.244315 0.105712 -0.00665236 -0.135972 1.21281 0.222784
seq-04/frame-000257.color.png 0.96575 0.240957 0.0961979 -0.00365448 -0.105062 1.21575 0.216125
seq-04/frame-000258.color.png 0.965317 0.243155 0.0949421 -0.00493324 -0.105624 1.24022 0.2262
seq-04/frame-000259.color.png 0.966565 0.238379 0.0943163 -0.00566442 -0.105656 1.23425 0.206733
seq-04/frame-000260.color.png 0.967074 0.237086 0.0922555 -0.00683173 -0.0986793 1.25739 0.191253
seq-04/frame-000261.color.png 0.970194 0.224709 0.0903753 -0.00786567 -0.0947729 1.237 0.157259
seq-04/frame-000262.color.png 0.970799 0.222649 0.0890116 -0.00732622 -0.0901655 1.24808 0.143849
seq-04/frame-000263.color.png 0.972027 0.217017 0.0895374 -0.00707259 -0.0931296 1.24761 0.130015
seq-04/frame-000264.color.png 0.972148 0.215183 0.0925983 -0.00715285 -0.109029 1.26404 0.135075
seq-04/frame-000265.color.png 0.973294 0.211115 0.0898367 -0.00768952 -0.0903729 1.26771 0.112895
seq-04/frame-000266.color.png 0.973261 0.211325 0.0895988 -0.00878273 -0.0929016 1.28549 0.126364
seq-04/frame-000267.color.png 0.975338 0.20239 0.087737 -0.00755802 -0.0880465 1.26545 0.0822404
seq-04/frame-000268.color.png 0.976679 0.196736 0.0853802 -0.0101957 -0.0835711 1.26177 0.0679265
seq-04/frame-000269.color.png 0.978731 0.189702 0.0773545 -0.0106761 -0.0738071 1.25023 0.0431559
seq-04/frame-000270.color.png 0.979457 0.188452 0.0706074 -0.0128173 -0.060055 1.25588 0.037764
seq-04/frame-000271.color.png 0.9813 0.181366 0.0629884 -0.0137578 -0.045324 1.24195 0.00975682
seq-04/frame-000272.color.png 0.980899 0.184438 0.0598877 -0.0152996 -0.0569599 1.262 0.0219417
seq-04/frame-000273.color.png 0.981876 0.182629 0.0484484 -0.0148182 -0.0354929 1.26179 0.019224
seq-04/frame-000274.color.png 0.982654 0.180271 0.0402836 -0.0164749 -0.0220109 1.25451 -0.0138088
seq-04/frame-000275.color.png 0.983298 0.179036 0.0257701 -0.0201852 -0.00697078 1.25071 -0.00564137
seq-04/frame-000276.color.png 0.983015 0.181539 0.0186865 -0.019376 0.000774864 1.25894 -0.00895074
seq-04/frame-000277.color.png 0.983509 0.179028 0.0128147 -0.0222304 0.00554739 1.25545 -0.0228031
seq-04/frame-000278.color.png 0.983882 0.177448 0.00633103 -0.0211938 0.0136099 1.25726 -0.0310616
seq-04/frame-000279.color.png 0.982939 0.182612 0.00227137 -0.0218894 0.0147823 1.28025 -0.0192647
seq-04/frame-000280.color.png 0.981574 0.189576 -0.00971868 -0.0218692 0.0427915 1.32 -0.0157079
seq-04/frame-000281.color.png 0.982195 0.186151 -0.0125564 -0.0219704 0.0424624 1.31094 -0.0266509
seq-04/frame-000282.color.png 0.982372 0.185151 -0.0144249 -0.0213689 0.0404962 1.31056 -0.0330671
seq-04/frame-000283.color.png 0.981822 0.187817 -0.0171721 -0.021334 0.0457152 1.32609 -0.0334205
seq-04/frame-000284.color.png 0.981913 0.187124 -0.0191923 -0.021528 0.0469833 1.32533 -0.0359414
seq-04/frame-000285.color.png 0.983049 0.180432 -0.0257903 -0.0198684 0.0526933 1.31015 -0.0586174
seq-04/frame-000286.color.png 0.982628 0.182173 -0.0298605 -0.0190844 0.0545613 1.3257 -0.0559338
seq-04/frame-000287.color.png 0.982542 0.182048 -0.0336898 -0.0182725 0.0567573 1.33216 -0.0620328
seq-04/frame-000288.color.png 0.982269 0.1826 -0.0379172 -0.0191413 0.0654728 1.33862 -0.0516126
seq-04/frame-000289.color.png 0.983664 0.173398 -0.0456797 -0.0158878 0.0760786 1.30635 -0.0882406
seq-04/frame-000290.color.png 0.982661 0.1782 -0.0482664 -0.0171156 0.0781045 1.33013 -0.0751849
seq-04/frame-000291.color.png 0.983476 0.173425 -0.0487032 -0.0180755 0.076837 1.30772 -0.0980319
seq-04/frame-000292.color.png 0.982753 0.176442 -0.0526357 -0.0171362 0.0893837 1.32363 -0.0920159
seq-04/frame-000293.color.png 0.983292 0.173627 -0.0519504 -0.0170808 0.0804115 1.3142 -0.102594
seq-04/frame-000294.color.png 0.982158 0.179512 -0.053621 -0.0163131 0.0878134 1.34123 -0.0836717
seq-04/frame-000295.color.png 0.982986 0.174808 -0.0541611 -0.0157002 0.0933876 1.32533 -0.0977289
seq-04/frame-000296.color.png 0.982787 0.175584 -0.0552935 -0.015603 0.108871 1.33105 -0.0991726
seq-04/frame-000297.color.png 0.982298 0.179442 -0.0512314 -0.0163413 0.107293 1.34029 -0.101675
seq-04/frame-000298.color.png 0.982932 0.175753 -0.0531214 -0.01154 0.114048 1.32989 -0.106512
seq-04/frame-000299.color.png 0.982778 0.177851 -0.0484907 -0.0128707 0.104476 1.3399 -0.102759
seq-04/frame-000300.color.png 0.983406 0.17463 -0.0470148 -0.0143456 0.110203 1.32971 -0.11835
seq-04/frame-000301.color.png 0.983208 0.178038 -0.0368579 -0.0156929 0.0880099 1.3539 -0.124161
seq-04/frame-000302.color.png 0.984923 0.168455 -0.0361815 -0.0154973 0.102928 1.32257 -0.146395
seq-04/frame-000303.color.png 0.984993 0.168766 -0.0321528 -0.016539 0.107573 1.33541 -0.141719
seq-04/frame-000304.color.png 0.98507 0.169242 -0.0264578 -0.0171426 0.104837 1.33757 -0.143745
seq-04/frame-000305.color.png 0.984721 0.172195 -0.013396 -0.022242 0.080894 1.339 -0.144262
seq-04/frame-000306.color.png 0.984677 0.172382 -0.0159279 -0.021009 0.0953696 1.3379 -0.147232
seq-04/frame-000307.color.png 0.98419 0.175438 -0.0115206 -0.0214029 0.0767347 1.35633 -0.134944
seq-04/frame-000308.color.png 0.985077 0.170427 -0.0125992 -0.0204996 0.0850679 1.35396 -0.152596
seq-04/frame-000309.color.png 0.985984 0.165323 -0.0111677 -0.019479 0.0897772 1.33946 -0.16828
seq-04/frame-000310.color.png 0.985956 0.165769 -0.00816424 -0.0185674 0.0797428 1.35166 -0.169824
seq-04/frame-000311.color.png 0.986652 0.161536 -0.00483912 -0.0200339 0.0755555 1.3395 -0.184358
seq-04/frame-000312.color.png 0.986977 0.159599 0.00110228 -0.0200729 0.0787467 1.33387 -0.190116
seq-04/frame-000313.color.png 0.986099 0.164345 0.0104469 -0.0221377 0.0497604 1.36007 -0.185572
seq-04/frame-000314.color.png 0.985859 0.165554 0.0127086 -0.0226382 0.048018 1.37137 -0.182063
seq-04/frame-000315.color.png 0.98554 0.167355 0.016923 -0.0204282 0.0280767 1.3793 -0.184592
seq-04/frame-000316.color.png 0.986039 0.164859 0.0149457 -0.018039 0.0208409 1.36672 -0.192687
seq-04/frame-000317.color.png 0.985547 0.168001 0.0145811 -0.0161255 0.0067144 1.3856 -0.190865
seq-04/frame-000318.color.png 0.984115 0.17588 0.0165996 -0.0175579 -0.00547933 1.4277 -0.168335
seq-04/frame-000319.color.png 0.985299 0.169132 0.0168662 -0.0171745 -0.00582009 1.4166 -0.198035
seq-04/frame-000320.color.png 0.987188 0.157748 0.0153651 -0.0184455 -0.00551099 1.38551 -0.239402
seq-04/frame-000321.color.png 0.988454 0.15005 0.012956 -0.0165851 -0.00619771 1.36842 -0.260283
seq-04/frame-000322.color.png 0.988083 0.152446 0.0147072 -0.0153834 -0.0325397 1.39488 -0.259982
seq-04/frame-000323.color.png 0.990027 0.139462 0.0132406 -0.0148976 -0.0304085 1.34679 -0.302937
seq-04/frame-000324.color.png 0.987505 0.155438 0.020168 -0.0162949 -0.0660946 1.41802 -0.259473
seq-04/frame-000325.color.png 0.988652 0.1486 0.0168737 -0.0141582 -0.0620667 1.38617 -0.282035
seq-04/frame-000326.color.png 0.98711 0.158817 0.0130365 -0.0148634 -0.059439 1.43052 -0.267919
seq-04/frame-000327.color.png 0.988064 0.153588 0.00774421 -0.00896864 -0.0918447 1.42256 -0.283207
seq-04/frame-000328.color.png 0.988233 0.152499 0.00364848 -0.0112122 -0.0827264 1.41136 -0.30387
seq-04/frame-000329.color.png 0.989072 0.147084 0.00140934 -0.0100875 -0.0898542 1.40361 -0.31824
seq-04/frame-000330.color.png 0.988068 0.15356 0.00523714 -0.0107041 -0.119012 1.43713 -0.298982
seq-04/frame-000331.color.png 0.989077 0.146957 0.000459835 -0.0114131 -0.102586 1.38629 -0.320889
seq-04/frame-000332.color.png 0.990103 0.140007 -0.00105985 -0.00962912 -0.109366 1.36364 -0.336402
seq-04/frame-000333.color.png 0.987862 0.154922 0.0062411 -0.00940037 -0.152851 1.4294 -0.320609
seq-04/frame-000334.color.png 0.990168 0.138884 -0.00129197 -0.0166454 -0.119257 1.3548 -0.356243
seq-04/frame-000335.color.png 0.988525 0.1508 -0.00333529 -0.00815724 -0.129904 1.42568 -0.318896
seq-04/frame-000336.color.png 0.989691 0.143039 0.000975948 -0.00714136 -0.140523 1.40137 -0.344799
seq-04/frame-000337.color.png 0.988923 0.148317 -0.00105118 -0.00572624 -0.134385 1.43279 -0.335998
seq-04/frame-000338.color.png 0.989589 0.143856 -0.000370126 -0.00431023 -0.134358 1.42784 -0.358527
seq-04/frame-000339.color.png 0.990117 0.139931 0.00656816 -0.0066034 -0.151778 1.41191 -0.359553
seq-04/frame-000340.color.png 0.98999 0.140783 0.00397251 -0.00917261 -0.123817 1.41536 -0.374893
seq-04/frame-000341.color.png 0.991478 0.129644 0.00407769 -0.012096 -0.116434 1.37677 -0.397119
seq-04/frame-000342.color.png 0.992083 0.124708 0.00597346 -0.0135551 -0.122264 1.35687 -0.397793
seq-04/frame-000343.color.png 0.98996 0.139962 0.0185362 -0.00681165 -0.181447 1.44025 -0.360746
seq-04/frame-000344.color.png 0.990952 0.133347 0.0144008 -0.00497202 -0.155869 1.40984 -0.394248
seq-04/frame-000345.color.png 0.990691 0.135016 0.0169461 -0.00391028 -0.175245 1.42542 -0.380746
seq-04/frame-000346.color.png 0.991035 0.132004 0.02047 -0.00218772 -0.181144 1.42244 -0.399511
seq-04/frame-000347.color.png 0.992551 0.12059 0.0135407 -0.010814 -0.125066 1.3586 -0.434026
seq-04/frame-000348.color.png 0.991301 0.129343 0.0236559 -0.00566665 -0.183447 1.41098 -0.399102
seq-04/frame-000349.color.png 0.990797 0.132772 0.0259714 -0.00436982 -0.193695 1.42154 -0.392172
seq-04/frame-000350.color.png 0.990579 0.135115 0.0222309 0.00192658 -0.174778 1.4358 -0.416548
seq-04/frame-000351.color.png 0.991992 0.124473 0.0204046 -0.00643453 -0.149187 1.38242 -0.439517
seq-04/frame-000352.color.png 0.990112 0.138148 0.0243146 -0.00145695 -0.175242 1.44833 -0.408327
seq-04/frame-000353.color.png 0.991089 0.131255 0.0215099 -0.00724461 -0.158005 1.41478 -0.423256
seq-04/frame-000354.color.png 0.990005 0.138763 0.0248907 -0.00387299 -0.18091 1.44434 -0.415427
seq-04/frame-000355.color.png 0.990047 0.139041 0.0216281 -0.0026102 -0.168426 1.43562 -0.417112
seq-04/frame-000356.color.png 0.988707 0.148686 0.017957 -0.00530694 -0.149221 1.45948 -0.41571
seq-04/frame-000357.color.png 0.988673 0.148853 0.0177204 -0.00733246 -0.150344 1.45025 -0.408326
seq-04/frame-000358.color.png 0.988353 0.151356 0.0138166 -0.00767073 -0.126571 1.45242 -0.412274
seq-04/frame-000359.color.png 0.988559 0.149596 0.0170366 -0.00906711 -0.139963 1.44888 -0.415361
seq-04/frame-000360.color.png 0.988097 0.152085 0.0200722 -0.0114735 -0.125472 1.44916 -0.416243
seq-04/frame-000361.color.png 0.987666 0.154365 0.0228852 -0.012802 -0.132355 1.45852 -0.40717
seq-04/frame-000362.color.png 0.988524 0.148991 0.022667 -0.0104369 -0.131607 1.44076 -0.420452
seq-04/frame-000363.color.png 0.987933 0.152324 0.0243511 -0.0139074 -0.13363 1.44374 -0.413368
seq-04/frame-000364.color.png 0.98745 0.15548 0.0248951 -0.0121651 -0.13776 1.45211 -0.411943
seq-04/frame-000365.color.png 0.987773 0.154237 0.0209467 -0.00876722 -0.1325 1.43079 -0.411101
seq-04/frame-000366.color.png 0.986846 0.160208 0.0207115 -0.00633968 -0.134345 1.44454 -0.405582
seq-04/frame-000367.color.png 0.987618 0.155968 0.0161184 -0.00492497 -0.116555 1.42448 -0.421461
seq-04/frame-000368.color.png 0.986546 0.162478 0.0171768 -0.00578697 -0.126275 1.44624 -0.405103
seq-04/frame-000369.color.png 0.986675 0.161917 0.0148048 -0.00607252 -0.118693 1.43889 -0.406359
seq-04/frame-000370.color.png 0.98818 0.152526 0.0118332 -0.00980113 -0.0919496 1.38937 -0.437046
seq-04/frame-000371.color.png 0.986015 0.165876 0.015034 -0.00585276 -0.110711 1.44892 -0.400232
seq-04/frame-000372.color.png 0.986538 0.162349 0.017604 -0.00871827 -0.120493 1.43127 -0.398896
seq-04/frame-000373.color.png 0.986051 0.164836 0.0218222 -0.00745654 -0.129336 1.44143 -0.393819
seq-04/frame-000374.color.png 0.986773 0.16036 0.0214022 -0.0103122 -0.11632 1.41818 -0.400226
seq-04/frame-000375.color.png 0.986319 0.162962 0.0236403 -0.00765304 -0.12472 1.4285 -0.402773
seq-04/frame-000376.color.png 0.986925 0.159229 0.0238897 -0.00736653 -0.123839 1.41362 -0.410023
seq-04/frame-000377.color.png 0.985777 0.166005 0.0257714 -0.00476527 -0.133971 1.44088 -0.391419
seq-04/frame-000378.color.png 0.985678 0.166176 0.0283023 -0.00484115 -0.139289 1.43084 -0.386315
seq-04/frame-000379.color.png 0.985897 0.164579 0.0298394 -0.00547794 -0.13307 1.42207 -0.397493
seq-04/frame-000380.color.png 0.985508 0.166211 0.0336621 -0.00377462 -0.141588 1.42509 -0.39359
seq-04/frame-000381.color.png 0.985382 0.166417 0.0363196 -0.00296989 -0.146372 1.42022 -0.386016
seq-04/frame-000382.color.png 0.985798 0.164514 0.0336392 -0.00227629 -0.133642 1.40916 -0.393207
seq-04/frame-000383.color.png 0.985201 0.167585 0.0359612 0.000637488 -0.14933 1.42461 -0.384994
seq-04/frame-000384.color.png 0.98568 0.164232 0.0382449 0.000843875 -0.155267 1.4052 -0.395331
seq-04/frame-000385.color.png 0.986016 0.161753 0.0400412 0.00209149 -0.151604 1.38603 -0.404071
seq-04/frame-000386.color.png 0.984151 0.171957 0.0432098 0.00316935 -0.160916 1.42336 -0.375218
seq-04/frame-000387.color.png 0.984725 0.168327 0.0444863 0.00213692 -0.160011 1.39859 -0.38158
seq-04/frame-000388.color.png 0.985009 0.166865 0.0436571 0.00275184 -0.146832 1.38716 -0.395805
seq-04/frame-000389.color.png 0.983873 0.172507 0.0472175 0.00238648 -0.156893 1.40656 -0.38362
seq-04/frame-000390.color.png 0.983119 0.176412 0.0484308 0.00309269 -0.162553 1.41861 -0.365781
seq-04/frame-000391.color.png 0.982931 0.17698 0.0502072 0.00188076 -0.166191 1.40411 -0.36892
seq-04/frame-000392.color.png 0.984382 0.170015 0.0455782 0.003112 -0.141159 1.37404 -0.400555
seq-04/frame-000393.color.png 0.983163 0.176094 0.0487576 0.00199096 -0.15452 1.39333 -0.37849
seq-04/frame-000394.color.png 0.982259 0.182003 0.0450889 0.0030924 -0.13938 1.40634 -0.367457
seq-04/frame-000395.color.png 0.981844 0.184266 0.0448586 0.00401121 -0.142712 1.41228 -0.365548
seq-04/frame-000396.color.png 0.981405 0.185982 0.0474592 0.00162308 -0.148534 1.39835 -0.365669
seq-04/frame-000397.color.png 0.981076 0.187907 0.0466961 0.00039538 -0.139581 1.39638 -0.364287
seq-04/frame-000398.color.png 0.97945 0.195998 0.0475598 0.000929125 -0.142706 1.42173 -0.340443
seq-04/frame-000399.color.png 0.981299 0.186502 0.047623 0.00148086 -0.141623 1.37457 -0.373491
seq-04/frame-000400.color.png 0.979452 0.195607 0.0491156 0.000255816 -0.144798 1.40468 -0.352495
seq-04/frame-000401.color.png 0.980768 0.189171 0.048043 0.00014385 -0.142134 1.3735 -0.370761
seq-04/frame-000402.color.png 0.979948 0.193288 0.0483962 0.000496784 -0.147697 1.38111 -0.361884
seq-04/frame-000403.color.png 0.979458 0.196218 0.0464707 0.000853659 -0.140457 1.39059 -0.357696
seq-04/frame-000404.color.png 0.9795 0.196259 0.0454137 -0.000458167 -0.14099 1.38147 -0.362692
seq-04/frame-000405.color.png 0.978724 0.20084 0.0419646 0.00100851 -0.128648 1.39731 -0.358266
seq-04/frame-000406.color.png 0.978791 0.200618 0.0414797 0.000572321 -0.130216 1.39642 -0.36529
seq-04/frame-000407.color.png 0.979036 0.199617 0.0405075 -0.000866252 -0.12748 1.39311 -0.367994
seq-04/frame-000408.color.png 0.979051 0.199668 0.0399065 -0.000208588 -0.125719 1.3901 -0.371207
seq-04/frame-000409.color.png 0.978992 0.200116 0.0390463 -0.00204354 -0.119704 1.38733 -0.375247
seq-04/frame-000410.color.png 0.978491 0.202796 0.0377925 -0.00122394 -0.117713 1.39695 -0.371586
seq-04/frame-000411.color.png 0.978666 0.201666 0.0391192 -0.00351651 -0.116993 1.38222 -0.376455
seq-04/frame-000412.color.png 0.978502 0.202373 0.0394895 -0.00436119 -0.117137 1.38765 -0.38075
seq-04/frame-000413.color.png 0.978677 0.201281 0.0406725 -0.00488379 -0.123455 1.38074 -0.379414
seq-04/frame-000414.color.png 0.978286 0.203612 0.038437 -0.0045996 -0.112413 1.3864 -0.380225
seq-04/frame-000415.color.png 0.97762 0.206478 0.0399134 -0.00566512 -0.115205 1.4009 -0.373481
seq-04/frame-000416.color.png 0.97844 0.202327 0.0408193 -0.00731004 -0.115225 1.38312 -0.387229
seq-04/frame-000417.color.png 0.977639 0.206136 0.0408978 -0.00763601 -0.113054 1.39255 -0.37881
seq-04/frame-000418.color.png 0.977611 0.206098 0.0415476 -0.00866306 -0.115644 1.39231 -0.383081
seq-04/frame-000419.color.png 0.977467 0.206881 0.0410168 -0.00875575 -0.115809 1.39725 -0.385033
seq-04/frame-000420.color.png 0.978099 0.204147 0.0396207 -0.00879274 -0.108618 1.3804 -0.397919
seq-04/frame-000421.color.png 0.977116 0.208552 0.0408996 -0.0087668 -0.116271 1.39693 -0.387788
seq-04/frame-000422.color.png 0.977726 0.205477 0.0417314 -0.00945108 -0.119026 1.38662 -0.403233
seq-04/frame-000423.color.png 0.977566 0.206533 0.0405993 -0.00780047 -0.119075 1.38697 -0.400694
seq-04/frame-000424.color.png 0.97703 0.208859 0.0414744 -0.00840847 -0.127438 1.39246 -0.393377
seq-04/frame-000425.color.png 0.977011 0.209117 0.0405736 -0.00854929 -0.123384 1.39201 -0.397597
seq-04/frame-000426.color.png 0.977347 0.207892 0.0386955 -0.00876835 -0.114318 1.37775 -0.404365
seq-04/frame-000427.color.png 0.97628 0.213315 0.0360933 -0.00839725 -0.110107 1.39107 -0.396597
seq-04/frame-000428.color.png 0.976041 0.214341 0.036649 -0.00765029 -0.111515 1.3909 -0.391434
seq-04/frame-000429.color.png 0.976201 0.212989 0.0397719 -0.00925952 -0.121871 1.38368 -0.400469
seq-04/frame-000430.color.png 0.975679 0.215618 0.0385897 -0.00839617 -0.116504 1.39246 -0.397788
seq-04/frame-000431.color.png 0.976636 0.210929 0.0399356 -0.00981153 -0.121121 1.37308 -0.41204
seq-04/frame-000432.color.png 0.975872 0.214494 0.0397837 -0.00911929 -0.119773 1.37953 -0.406494
seq-04/frame-000433.color.png 0.974245 0.221926 0.0389759 -0.00876154 -0.118461 1.40051 -0.385007
seq-04/frame-000434.color.png 0.974889 0.219335 0.0374379 -0.00906459 -0.115205 1.38602 -0.4007
seq-04/frame-000435.color.png 0.974641 0.22067 0.0361364 -0.00857035 -0.111849 1.38636 -0.393719
seq-04/frame-000436.color.png 0.975006 0.219242 0.0349439 -0.00869001 -0.108856 1.37176 -0.400346
seq-04/frame-000437.color.png 0.973329 0.226661 0.0344268 -0.00842692 -0.103345 1.39309 -0.387048
seq-04/frame-000438.color.png 0.973935 0.223487 0.037118 -0.0112208 -0.111946 1.37942 -0.40092
seq-04/frame-000439.color.png 0.973037 0.227531 0.0362563 -0.0106904 -0.103842 1.38788 -0.389776
seq-04/frame-000440.color.png 0.971973 0.231646 0.0382083 -0.0121584 -0.109751 1.39042 -0.379304
seq-04/frame-000441.color.png 0.971549 0.233475 0.0375242 -0.0132016 -0.1025 1.39321 -0.375786
seq-04/frame-000442.color.png 0.972241 0.230325 0.0387881 -0.013899 -0.109716 1.38112 -0.391547
seq-04/frame-000443.color.png 0.971651 0.232688 0.0396153 -0.0134932 -0.11118 1.38504 -0.384418
seq-04/frame-000444.color.png 0.97157 0.233203 0.0384298 -0.0137968 -0.102058 1.38273 -0.386668
seq-04/frame-000445.color.png 0.971378 0.233687 0.0395847 -0.0157521 -0.106824 1.38127 -0.38647
seq-04/frame-000446.color.png 0.970786 0.236199 0.0393424 -0.0153931 -0.106279 1.38494 -0.380866
seq-04/frame-000447.color.png 0.970549 0.23728 0.0387961 -0.015123 -0.107323 1.38411 -0.37917
seq-04/frame-000448.color.png 0.970634 0.237027 0.0386966 -0.0138091 -0.114993 1.38312 -0.387608
seq-04/frame-000449.color.png 0.970699 0.237151 0.0356869 -0.0151627 -0.103409 1.38335 -0.389582
seq-04/frame-000450.color.png 0.969792 0.241023 0.0345598 -0.0147153 -0.100462 1.38961 -0.380089
seq-04/frame-000451.color.png 0.969781 0.241109 0.0342488 -0.0147755 -0.103025 1.38732 -0.383226
seq-04/frame-000452.color.png 0.96962 0.24188 0.0333567 -0.014761 -0.103686 1.39053 -0.383532
seq-04/frame-000453.color.png 0.97017 0.23988 0.0319053 -0.0145068 -0.101413 1.37774 -0.394936
seq-04/frame-000454.color.png 0.969707 0.241687 0.032115 -0.0149483 -0.100942 1.38185 -0.391216
seq-04/frame-000455.color.png 0.969291 0.243289 0.0319902 -0.0162085 -0.099019 1.39014 -0.389741
seq-04/frame-000456.color.png 0.96984 0.240757 0.034137 -0.0167444 -0.107332 1.38099 -0.401086
seq-04/frame-000457.color.png 0.969587 0.242008 0.033073 -0.0154775 -0.100274 1.38018 -0.395774
seq-04/frame-000458.color.png 0.969088 0.243636 0.034979 -0.016916 -0.108534 1.3825 -0.396684
seq-04/frame-000459.color.png 0.96919 0.243621 0.0325593 -0.0161005 -0.101868 1.3812 -0.401895
seq-04/frame-000460.color.png 0.968534 0.246297 0.0316406 -0.0166735 -0.0962398 1.38523 -0.391949
seq-04/frame-000461.color.png 0.969093 0.244174 0.030584 -0.0174014 -0.092721 1.36828 -0.405914
seq-04/frame-000462.color.png 0.967629 0.250022 0.030594 -0.0156903 -0.0956001 1.38985 -0.395004
seq-04/frame-000463.color.png 0.96889 0.244904 0.0305209 -0.0185207 -0.0911875 1.3727 -0.411381
seq-04/frame-000464.color.png 0.968438 0.246532 0.0316056 -0.0187545 -0.0932099 1.37057 -0.407051
seq-04/frame-000465.color.png 0.967425 0.250506 0.031412 -0.0187025 -0.0919502 1.37838 -0.397893
seq-04/frame-000466.color.png 0.968682 0.245433 0.031889 -0.0200161 -0.0930506 1.35958 -0.419707
seq-04/frame-000467.color.png 0.968265 0.247003 0.0329904 -0.0190945 -0.101098 1.36346 -0.417352
seq-04/frame-000468.color.png 0.967218 0.251189 0.0319968 -0.019242 -0.0950231 1.37282 -0.407028
seq-04/frame-000469.color.png 0.967923 0.248647 0.0304059 -0.0193595 -0.0897402 1.36369 -0.422837
seq-04/frame-000470.color.png 0.967215 0.25133 0.030439 -0.0200597 -0.0903283 1.37444 -0.412571
seq-04/frame-000471.color.png 0.967885 0.248998 0.0293039 -0.0184493 -0.0915876 1.36197 -0.423967
seq-04/frame-000472.color.png 0.967706 0.249812 0.0279067 -0.0189996 -0.0864297 1.36084 -0.426933
seq-04/frame-000473.color.png 0.967263 0.251394 0.0287452 -0.019397 -0.0923365 1.36919 -0.424074
seq-04/frame-000474.color.png 0.96726 0.251719 0.0261815 -0.0189926 -0.0844309 1.37173 -0.424663
seq-04/frame-000475.color.png 0.966958 0.252847 0.0263842 -0.0191081 -0.0873928 1.37484 -0.424088
seq-04/frame-000476.color.png 0.968009 0.248768 0.0261045 -0.0198138 -0.0857632 1.35779 -0.440717
seq-04/frame-000477.color.png 0.966962 0.253004 0.0240132 -0.0199406 -0.0743704 1.37293 -0.425485
seq-04/frame-000478.color.png 0.967222 0.251728 0.025748 -0.0212492 -0.0815909 1.36331 -0.434377
seq-04/frame-000479.color.png 0.96699 0.252511 0.0262606 -0.0218779 -0.0864349 1.35951 -0.435869
seq-04/frame-000480.color.png 0.9673 0.251525 0.0238881 -0.0222574 -0.0763345 1.35321 -0.444084
seq-04/frame-000481.color.png 0.966783 0.253507 0.0239258 -0.0221946 -0.0764066 1.35708 -0.439704
seq-04/frame-000482.color.png 0.966526 0.254327 0.0251002 -0.0227045 -0.0793708 1.3561 -0.440359
seq-04/frame-000483.color.png 0.965889 0.25675 0.0252424 -0.0223842 -0.0823145 1.36714 -0.436132
seq-04/frame-000484.color.png 0.966528 0.254121 0.0248 -0.0251397 -0.0723049 1.35297 -0.447745
seq-04/frame-000485.color.png 0.965902 0.256085 0.0273928 -0.0265311 -0.0756045 1.35148 -0.441836
seq-04/frame-000486.color.png 0.964657 0.260651 0.028729 -0.0259529 -0.0838351 1.36702 -0.43375
seq-04/frame-000487.color.png 0.96571 0.256842 0.0278958 -0.025666 -0.0815432 1.35141 -0.449447
seq-04/frame-000488.color.png 0.964964 0.259697 0.0273541 -0.0255757 -0.0783762 1.357 -0.443563
seq-04/frame-000489.color.png 0.96355 0.264954 0.02713 -0.0251949 -0.077672 1.37455 -0.428509
seq-04/frame-000490.color.png 0.963381 0.265735 0.0262657 -0.0243367 -0.0774163 1.37921 -0.428116
seq-04/frame-000491.color.png 0.965022 0.259745 0.0251169 -0.025179 -0.0758773 1.3492 -0.44966
seq-04/frame-000492.color.png 0.962868 0.267614 0.0259195 -0.0244023 -0.0874369 1.37009 -0.427973
seq-04/frame-000493.color.png 0.962685 0.268713 0.0224479 -0.0229424 -0.080153 1.36843 -0.42898
seq-04/frame-000494.color.png 0.962868 0.268118 0.0223823 -0.0222751 -0.0846205 1.36103 -0.436526
seq-04/frame-000495.color.png 0.961742 0.272263 0.0211331 -0.0218748 -0.0815225 1.36826 -0.426061
seq-04/frame-000496.color.png 0.961828 0.271954 0.0201553 -0.022818 -0.0729476 1.36771 -0.428276
seq-04/frame-000497.color.png 0.961355 0.273409 0.0212862 -0.0243316 -0.0735257 1.371 -0.427326
seq-04/frame-000498.color.png 0.960931 0.274859 0.0224965 -0.0236194 -0.0823254 1.37189 -0.421276
seq-04/frame-000499.color.png 0.962058 0.271046 0.020714 -0.0234473 -0.0793054 1.35735 -0.439913
