seq-01/frame-000513.color.png 0.994513 0.085349 -0.0594707 -0.0111103 -0.00884943 -0.0201379 -0.0169387
seq-01/frame-000658.color.png 0.979734 0.0206356 -0.194 -0.0453816 -0.125271 -0.262085 0.0674503
seq-01/frame-000251.color.png 0.945704 0.038616 -0.2685 -0.179055 -0.310445 0.242331 -0.17508
seq-01/frame-000262.color.png 0.954967 0.0274962 -0.228369 -0.187431 -0.402399 0.258125 -0.11951
seq-01/frame-000396.color.png 0.966316 0.25058 0.0355485 0.0466915 -0.732835 0.328112 0.274547
seq-01/frame-000000.color.png 0.975358 0.128313 0.179061 -0.0122595 0.0622665 0.179671 -0.181055
seq-01/frame-000011.color.png 0.975359 0.140134 0.168111 -0.0278705 0.0936456 0.185278 -0.205316
seq-01/frame-000407.color.png 0.982504 0.184759 -0.0122066 -0.0200291 -0.568355 0.396886 0.218266
seq-01/frame-000145.color.png 0.952995 0.203028 -0.107291 -0.19766 0.228892 0.195717 -0.0999519
seq-01/frame-000156.color.png 0.960278 0.199849 -0.0888481 -0.173297 0.123748 0.204481 -0.113222
seq-01/frame-000889.color.png 0.998382 -0.0185106 -0.0500272 -0.0197163 0.425087 0.0230416 -0.206677
seq-01/frame-000900.color.png 0.997838 -0.0192484 -0.057581 -0.0251625 0.47815 0.0181131 -0.194277
seq-01/frame-000039.color.png 0.97913 0.177985 0.0772944 -0.0604331 0.334561 0.228608 -0.306783
seq-01/frame-000464.color.png 0.986785 0.050517 -0.1325 -0.0783986 -0.384059 0.126486 0.0196969
seq-01/frame-000475.color.png 0.988512 0.0478246 -0.129915 -0.0606554 -0.325286 0.072645 0.0148349
seq-01/frame-000213.color.png 0.876977 0.0968426 -0.432618 -0.185402 -0.0434771 0.251006 -0.29099
seq-01/frame-000224.color.png 0.898942 0.0879837 -0.393169 -0.171989 -0.111831 0.244393 -0.291662
seq-01/frame-000358.color.png 0.920884 0.17782 0.302653 0.16957 -0.87696 -0.142846 0.567001
seq-01/frame-000369.color.png 0.926626 0.240091 0.246428 0.151636 -0.910693 -0.0518785 0.467226
seq-01/frame-000096.color.png 0.909305 0.197777 -0.132777 -0.341204 0.469809 0.147063 0.00886156
seq-01/frame-000107.color.png 0.880914 0.275682 -0.0808934 -0.376094 0.339618 0.325786 0.0660624
seq-01/frame-000118.color.png 0.895291 0.284791 -0.100019 -0.327634 0.321526 0.348405 0.0396603
seq-01/frame-000851.color.png 0.999186 0.0203503 -0.0319177 -0.0139149 0.23311 0.0672299 -0.217051
seq-01/frame-000600.color.png 0.993359 -0.0183938 0.102932 0.0480078 0.27895 -0.247526 0.0784827
seq-01/frame-000611.color.png 0.996438 -0.00658657 0.0703723 0.0460024 0.243069 -0.293996 0.0792447
seq-01/frame-000862.color.png 0.998787 0.00205979 -0.0400672 -0.0285487 0.305044 0.0373055 -0.211543
seq-01/frame-000745.color.png 0.875158 0.0239507 -0.454403 -0.164446 0.046506 0.074613 -0.324338
seq-01/frame-000996.color.png 0.96327 0.118388 -0.15406 -0.185364 0.757772 -0.0814623 0.0759224
seq-01/frame-000426.color.png 0.989536 0.108816 -0.065567 -0.0683945 -0.467986 0.34801 0.12139
seq-01/frame-000175.color.png 0.963193 0.150504 -0.157213 -0.15777 -0.0273467 0.206008 -0.161808
seq-01/frame-000919.color.png 0.992328 -0.0219597 -0.112085 -0.0473274 0.621616 -0.011034 -0.145679
seq-01/frame-000930.color.png 0.981919 -0.0270324 -0.176478 -0.0629206 0.719676 -0.038245 -0.0747254
seq-01/frame-000058.color.png 0.985895 0.132785 -0.012698 -0.101081 0.498745 0.190179 -0.306411
seq-01/frame-000069.color.png 0.978241 0.114043 -0.0881495 -0.149226 0.572361 0.150724 -0.233259
seq-01/frame-000080.color.png 0.950363 0.116184 -0.165965 -0.236152 0.584421 0.0813705 -0.148434
seq-01/frame-000813.color.png 0.968522 0.00125735 -0.237936 -0.0731468 0.182016 0.0569539 -0.237275
seq-01/frame-000562.color.png 0.998537 0.00618777 0.0536856 -0.00168941 0.27781 -0.00840257 0.0254136
seq-01/frame-000573.color.png 0.997186 -0.00394932 0.0746173 -0.0060637 0.287389 -0.0714875 0.0598846
seq-01/frame-000824.color.png 0.985965 0.00332607 -0.159103 -0.0504728 0.154474 0.0622809 -0.235561
seq-01/frame-000707.color.png 0.974424 0.0827882 -0.197269 -0.0687732 -0.366674 -0.0814103 -0.034007
seq-01/frame-000311.color.png 0.995341 0.0506241 0.0790938 -0.0218447 -0.830377 0.107072 0.223398
seq-01/frame-000958.color.png 0.96653 -0.0193562 -0.22713 -0.117713 0.869825 -0.102282 0.0185548
seq-01/frame-000666.color.png 0.969583 0.0424968 -0.232426 -0.0638884 -0.184557 -0.243084 0.036448
seq-01/frame-000456.color.png 0.986861 0.0566123 -0.127701 -0.0811968 -0.421345 0.167581 0.0257423
seq-01/frame-000137.color.png 0.949677 0.192183 -0.136716 -0.206125 0.280469 0.182696 -0.109488
seq-01/frame-000881.color.png 0.998298 -0.0153991 -0.0535464 -0.0172538 0.402903 0.0307691 -0.210753
seq-01/frame-000892.color.png 0.998191 -0.0180548 -0.0548737 -0.0166843 0.443639 0.0263923 -0.200228
seq-01/frame-000630.color.png 0.999 0.00227964 -0.0312273 0.0319045 0.121846 -0.29064 0.109898
seq-01/frame-000641.color.png 0.995626 0.00807357 -0.092925 0.00534969 0.0218605 -0.293429 0.11949
seq-01/frame-000775.color.png 0.820683 0.00407306 -0.535437 -0.199424 0.264795 0.0375398 -0.251485
seq-01/frame-000786.color.png 0.865909 -0.00505946 -0.468126 -0.176164 0.264141 0.0410715 -0.238379
seq-01/frame-000920.color.png 0.991559 -0.0221024 -0.118863 -0.0468402 0.633296 -0.0103762 -0.139255
seq-01/frame-000524.color.png 0.995274 0.0899976 -0.0364708 0.000662922 0.0712448 -0.0128839 -0.0194967
seq-01/frame-000669.color.png 0.963326 0.0577286 -0.249573 -0.0798936 -0.213591 -0.22693 0.0230928
seq-01/frame-000273.color.png 0.977951 0.0351479 -0.144559 -0.146556 -0.500866 0.243702 -0.043259
seq-01/frame-000022.color.png 0.980054 0.142439 0.129902 -0.0482862 0.180638 0.198951 -0.250249
seq-01/frame-000205.color.png 0.889732 0.0873222 -0.406129 -0.189237 -0.0229154 0.237843 -0.281102
seq-01/frame-000698.color.png 0.967581 0.111149 -0.20951 -0.0868212 -0.379158 -0.138804 -0.014406
seq-01/frame-000099.color.png 0.903438 0.216671 -0.0987653 -0.35651 0.398099 0.197676 0.0103186
seq-01/frame-000854.color.png 0.999278 0.016076 -0.0286275 -0.0191166 0.249417 0.0556248 -0.217594
seq-01/frame-000843.color.png 0.998129 0.0120608 -0.0590332 -0.0103786 0.195337 0.0657751 -0.219601
seq-01/frame-000977.color.png 0.942515 0.069808 -0.229657 -0.232486 0.809633 -0.234303 0.111653
seq-01/frame-000581.color.png 0.996677 -0.00765862 0.0802189 0.0118908 0.293673 -0.117994 0.0793064
seq-01/frame-000592.color.png 0.994336 -0.026828 0.0953073 0.0386448 0.286691 -0.200109 0.0821025
seq-01/frame-000603.color.png 0.993333 -0.0161824 0.102547 0.0501097 0.273104 -0.260451 0.0800835
seq-01/frame-000726.color.png 0.952325 0.0582667 -0.281898 -0.101074 -0.234073 0.0400139 -0.208526
seq-01/frame-000330.color.png 0.971393 0.0597319 0.222242 0.0586201 -0.866013 -0.00870226 0.473277
seq-01/frame-000341.color.png 0.945204 0.102942 0.287076 0.116531 -0.849395 -0.119651 0.590821
seq-01/frame-000882.color.png 0.9982 -0.0171416 -0.0548327 -0.0171988 0.4093 0.029439 -0.208788
seq-01/frame-000486.color.png 0.989214 0.0471422 -0.128979 -0.0509724 -0.256407 0.0316991 0.0150748
seq-01/frame-000352.color.png 0.924164 0.157617 0.310702 0.156658 -0.857779 -0.160611 0.608045
seq-01/frame-000737.color.png 0.910834 0.0357195 -0.379061 -0.159429 -0.0756261 0.0792291 -0.289515
seq-01/frame-000235.color.png 0.923811 0.0885239 -0.335058 -0.162705 -0.200787 0.237873 -0.246462
seq-01/frame-000911.color.png 0.995915 -0.0252451 -0.0765949 -0.0406009 0.551931 -0.00187495 -0.17761
seq-01/frame-000660.color.png 0.977728 0.0252471 -0.202042 -0.0508918 -0.141414 -0.255617 0.0592729
seq-01/frame-000794.color.png 0.907024 -0.00382886 -0.39719 -0.13976 0.241731 0.0506636 -0.242558
seq-01/frame-000805.color.png 0.947448 -0.00125342 -0.304858 -0.0969688 0.202253 0.0552688 -0.242226
seq-01/frame-000950.color.png 0.972533 -0.0295695 -0.211355 -0.0929185 0.84968 -0.0724147 -0.0249568
seq-01/frame-000543.color.png 0.99788 0.0601732 0.0247483 -0.00156744 0.198321 0.0149133 0.00503607
seq-01/frame-000554.color.png 0.998745 0.0159899 0.0474303 -0.00174656 0.251556 0.0177778 0.0124314
seq-01/frame-000565.color.png 0.998027 0.00515253 0.062299 -0.00592358 0.283518 -0.0260268 0.0318063
seq-01/frame-000699.color.png 0.968432 0.106368 -0.208178 -0.0865274 -0.380909 -0.131357 -0.0156164
seq-01/frame-000688.color.png 0.960696 0.122765 -0.229691 -0.0960905 -0.344492 -0.179369 0.00433371
seq-01/frame-000292.color.png 0.993539 0.0327243 -0.00779899 -0.108391 -0.67625 0.222258 0.100957
seq-01/frame-000303.color.png 0.997047 0.0525163 0.0342334 -0.0443658 -0.785884 0.133579 0.157442
seq-01/frame-000314.color.png 0.993234 0.0485043 0.105081 -0.00957198 -0.847913 0.0895492 0.270531
seq-01/frame-000437.color.png 0.988574 0.0792088 -0.098468 -0.0821631 -0.450102 0.297668 0.0716123
seq-01/frame-000041.color.png 0.979347 0.176243 0.0777406 -0.0614289 0.34161 0.229704 -0.315107
seq-01/frame-000052.color.png 0.983755 0.157539 0.026284 -0.0819571 0.442352 0.215233 -0.322421
seq-01/frame-000448.color.png 0.988025 0.0573831 -0.109733 -0.092042 -0.430405 0.227443 0.051254
seq-01/frame-000186.color.png 0.947783 0.126171 -0.247588 -0.156485 -0.0403165 0.209506 -0.224961
seq-01/frame-000197.color.png 0.92066 0.0989432 -0.34044 -0.16339 -0.0360927 0.216737 -0.269952
seq-01/frame-000873.color.png 0.998569 -0.00752562 -0.0484311 -0.0213734 0.369035 0.0350714 -0.212129
seq-01/frame-000622.color.png 0.999179 -0.00227963 0.0123461 0.0385122 0.178916 -0.299197 0.108752
seq-01/frame-000756.color.png 0.840552 0.0148899 -0.508475 -0.18629 0.160429 0.0674683 -0.324239
seq-01/frame-000371.color.png 0.930499 0.248559 0.2272 0.144122 -0.917956 -0.0213924 0.439526
seq-01/frame-000767.color.png 0.807882 0.0152754 -0.5501 -0.210913 0.244974 0.0487007 -0.273079
seq-01/frame-000912.color.png 0.995532 -0.0263115 -0.0803462 -0.042046 0.560873 -0.00569654 -0.173056
seq-01/frame-000505.color.png 0.992425 0.079916 -0.0895711 -0.0261437 -0.0814609 -0.0206646 -0.00876257
seq-01/frame-000516.color.png 0.994602 0.0862956 -0.0571303 -0.00742464 0.0112257 -0.0197375 -0.0177088
seq-01/frame-000650.color.png 0.988391 0.0116964 -0.150152 -0.0199947 -0.0611318 -0.281165 0.095666
seq-01/frame-000254.color.png 0.947182 0.0272994 -0.260211 -0.185448 -0.327317 0.246017 -0.16217
seq-01/frame-000265.color.png 0.959887 0.0300875 -0.215215 -0.177186 -0.429257 0.252086 -0.108548
seq-01/frame-000661.color.png 0.976796 0.0260906 -0.206137 -0.0519166 -0.148838 -0.254659 0.0562944
seq-01/frame-000399.color.png 0.97259 0.230376 0.00489403 0.0311601 -0.696129 0.363248 0.238819
seq-01/frame-000003.color.png 0.974582 0.132518 0.179936 -0.0158844 0.0652411 0.179468 -0.183011
seq-01/frame-000014.color.png 0.976974 0.141555 0.156041 -0.0336863 0.120161 0.193118 -0.21786
seq-01/frame-000410.color.png 0.983686 0.175638 -0.0220251 -0.0320584 -0.546618 0.390456 0.20752
seq-01/frame-000148.color.png 0.955716 0.199633 -0.0898405 -0.196678 0.199236 0.194823 -0.107388
seq-01/frame-000969.color.png 0.954785 0.0270623 -0.232961 -0.182709 0.853246 -0.193048 0.0798417
seq-01/frame-000584.color.png 0.996109 -0.0152404 0.0844914 0.0198988 0.293854 -0.136948 0.0816996
seq-01/frame-000980.color.png 0.938884 0.0824176 -0.22989 -0.242599 0.797926 -0.232628 0.127275
seq-01/frame-000718.color.png 0.971233 0.063441 -0.219909 -0.0657439 -0.313953 -0.0109703 -0.123386
seq-01/frame-000322.color.png 0.985978 0.04905 0.15848 0.0180592 -0.869777 0.0512728 0.361876
seq-01/frame-000333.color.png 0.965425 0.0641724 0.240473 0.0775142 -0.865367 -0.045383 0.50587
seq-01/frame-000729.color.png 0.940333 0.0522801 -0.316301 -0.113997 -0.18974 0.0506668 -0.239124
seq-01/frame-000467.color.png 0.987263 0.0502961 -0.129762 -0.0770941 -0.375946 0.114347 0.0186253
seq-01/frame-000071.color.png 0.974404 0.110193 -0.110981 -0.161485 0.583248 0.138185 -0.20664
seq-01/frame-000082.color.png 0.944018 0.124309 -0.180337 -0.246689 0.596852 0.0766029 -0.13659
seq-01/frame-000478.color.png 0.98891 0.0471587 -0.128238 -0.0582101 -0.305949 0.0595141 0.0169595
seq-01/frame-000216.color.png 0.877409 0.0974027 -0.432255 -0.183908 -0.0523166 0.250112 -0.293618
seq-01/frame-000227.color.png 0.905185 0.087687 -0.380729 -0.167322 -0.136054 0.241651 -0.283712
seq-01/frame-000612.color.png 0.996903 -0.00594389 0.0647703 0.0442082 0.237222 -0.299239 0.0820507
seq-01/frame-000361.color.png 0.921 0.19395 0.293881 0.166665 -0.886592 -0.124975 0.545985
seq-01/frame-000623.color.png 0.999193 0.000499825 0.00952294 0.0390303 0.16719 -0.292174 0.109271
seq-01/frame-000110.color.png 0.883407 0.279484 -0.0855631 -0.366278 0.33126 0.333661 0.0641118
seq-01/frame-000535.color.png 0.996453 0.0837558 -0.00624215 0.00531631 0.150323 0.0080577 -0.00612233
seq-01/frame-000680.color.png 0.956802 0.104801 -0.252552 -0.0988176 -0.294723 -0.197882 0.00667713
seq-01/frame-000284.color.png 0.991107 0.0275327 -0.0488029 -0.120692 -0.61403 0.224946 0.0469178
seq-01/frame-000295.color.png 0.995671 0.0375896 0.012384 -0.0841034 -0.717679 0.192647 0.130856
seq-01/frame-000691.color.png 0.963435 0.120605 -0.220167 -0.093668 -0.359064 -0.171327 0.000817281
seq-01/frame-000418.color.png 0.986111 0.143439 -0.053052 -0.0647795 -0.490583 0.384264 0.165236
seq-01/frame-000033.color.png 0.97993 0.162848 0.0993462 -0.0578578 0.275598 0.21188 -0.290504
seq-01/frame-000044.color.png 0.980192 0.173849 0.0669273 -0.0672413 0.366086 0.225777 -0.319548
seq-01/frame-000429.color.png 0.990282 0.100904 -0.0685173 -0.0668232 -0.470213 0.331043 0.105983
seq-01/frame-000167.color.png 0.965205 0.171327 -0.119974 -0.156951 0.0173801 0.202939 -0.132027
seq-01/frame-000178.color.png 0.960114 0.14321 -0.178285 -0.160894 -0.0378722 0.204339 -0.176107
seq-01/frame-000189.color.png 0.939626 0.118792 -0.281655 -0.153825 -0.031725 0.211791 -0.243174
seq-01/frame-000323.color.png 0.985977 0.0489251 0.158525 0.0180383 -0.869842 0.0510698 0.362009
seq-01/frame-000440.color.png 0.987954 0.0714631 -0.103113 -0.0905991 -0.441726 0.284135 0.066015
seq-01/frame-000072.color.png 0.972712 0.109659 -0.118268 -0.166789 0.582519 0.135642 -0.194775
seq-01/frame-000816.color.png 0.972023 0.00298454 -0.224846 -0.0678677 0.180799 0.0575353 -0.237693
seq-01/frame-000748.color.png 0.866526 0.0212818 -0.469438 -0.168246 0.0751785 0.0721399 -0.328194
seq-01/frame-000497.color.png 0.990166 0.0727896 -0.113631 -0.0368851 -0.14914 -0.00661844 0.00642457
seq-01/frame-000653.color.png 0.985054 0.0151741 -0.168765 -0.0309368 -0.0871995 -0.272092 0.0832569
seq-01/frame-000246.color.png 0.939819 0.0532378 -0.288635 -0.174916 -0.261072 0.238105 -0.197611
seq-01/frame-000380.color.png 0.943735 0.274568 0.150586 0.106304 -0.883315 0.130739 0.361244
seq-01/frame-000391.color.png 0.958995 0.266325 0.0646116 0.0722775 -0.79076 0.264209 0.292819
seq-01/frame-000402.color.png 0.980516 0.196107 -0.00914438 0.00687808 -0.62385 0.386541 0.212861
seq-01/frame-000129.color.png 0.936789 0.193944 -0.174954 -0.232815 0.342817 0.169434 -0.123782
seq-01/frame-000140.color.png 0.952225 0.195245 -0.126639 -0.197762 0.256443 0.182293 -0.10761
seq-01/frame-000151.color.png 0.95847 0.195559 -0.0817316 -0.190817 0.165621 0.193629 -0.112627
seq-01/frame-000884.color.png 0.998226 -0.0184517 -0.053871 -0.0173679 0.412388 0.0275244 -0.208411
seq-01/frame-000895.color.png 0.998183 -0.0203444 -0.0533616 -0.0192229 0.455193 0.0235528 -0.199936
seq-01/frame-000778.color.png 0.829321 -0.00159146 -0.523537 -0.195277 0.270563 0.036434 -0.243026
seq-01/frame-000527.color.png 0.994806 0.0966514 -0.031362 0.00593136 0.0883025 -0.00446189 -0.0183126
seq-01/frame-000710.color.png 0.974951 0.0732569 -0.199235 -0.0664015 -0.357176 -0.0592081 -0.0532718
seq-01/frame-000459.color.png 0.986798 0.0560303 -0.129996 -0.0786876 -0.408404 0.152888 0.0232536
seq-01/frame-000063.color.png 0.98344 0.122607 -0.0519393 -0.122945 0.542942 0.170268 -0.272472
seq-01/frame-000208.color.png 0.883662 0.0914681 -0.418462 -0.188849 -0.0319019 0.246367 -0.283905
seq-01/frame-000952.color.png 0.971439 -0.0312152 -0.215197 -0.0949861 0.85861 -0.0761029 -0.0158462
seq-01/frame-000353.color.png 0.92093 0.163723 0.31234 0.165911 -0.860855 -0.17224 0.603742
seq-01/frame-000364.color.png 0.921797 0.209596 0.282576 0.16282 -0.891156 -0.103241 0.522689
seq-01/frame-000091.color.png 0.915214 0.20197 -0.0548581 -0.344358 0.380757 0.213995 0.0591939
seq-01/frame-000102.color.png 0.906024 0.210548 -0.132695 -0.34232 0.416209 0.165257 -0.00359914
seq-01/frame-000835.color.png 0.995703 0.0120142 -0.0888932 -0.0229974 0.173454 0.0740664 -0.226698
seq-01/frame-000846.color.png 0.99857 0.0170281 -0.0486273 -0.014275 0.204966 0.0676097 -0.218423
seq-01/frame-000595.color.png 0.993867 -0.0238985 0.0978568 0.0456294 0.282955 -0.218556 0.0827322
seq-01/frame-000857.color.png 0.999512 0.00835184 -0.0258331 -0.0154653 0.261073 0.0492912 -0.222151
seq-01/frame-000991.color.png 0.954329 0.119501 -0.172199 -0.212891 0.782023 -0.141597 0.0888276
seq-01/frame-000740.color.png 0.90106 0.0302896 -0.395623 -0.175088 -0.0399386 0.0837092 -0.305188
seq-01/frame-000421.color.png 0.986912 0.131876 -0.0557668 -0.0741817 -0.476446 0.381012 0.151723
seq-01/frame-000025.color.png 0.980312 0.149634 0.118895 -0.049627 0.209208 0.204266 -0.263622
seq-01/frame-000159.color.png 0.961681 0.194701 -0.0867777 -0.172427 0.0993407 0.207919 -0.114876
seq-01/frame-000170.color.png 0.964263 0.168991 -0.136925 -0.151298 -0.000589369 0.205429 -0.140974
seq-01/frame-000914.color.png 0.994442 -0.0260256 -0.0920176 -0.0440504 0.581186 -0.00942983 -0.161005
seq-01/frame-000999.color.png 0.966369 0.117706 -0.1475 -0.174698 0.739971 -0.0587521 0.0723791
seq-01/frame-000652.color.png 0.98624 0.0149194 -0.16232 -0.0275747 -0.0818628 -0.274319 0.0854856
seq-01/frame-000053.color.png 0.984172 0.154126 0.0207169 -0.0849832 0.45344 0.213531 -0.322899
seq-01/frame-000064.color.png 0.98344 0.122653 -0.051973 -0.122881 0.543065 0.170347 -0.272278
seq-01/frame-000797.color.png 0.915855 -0.00474576 -0.379537 -0.130917 0.233274 0.0475545 -0.241466
seq-01/frame-000808.color.png 0.95361 -0.00139911 -0.28575 -0.0947215 0.196792 0.0565406 -0.237177
seq-01/frame-000546.color.png 0.998154 0.0479495 0.0370475 -0.00406679 0.218195 0.0155014 0.00814819
seq-01/frame-000557.color.png 0.998643 0.00978028 0.0509269 -0.00475577 0.264738 0.00614213 0.0147706
seq-01/frame-000953.color.png 0.970567 -0.0288495 -0.217724 -0.0988108 0.861 -0.0790002 -0.00916929
seq-01/frame-000306.color.png 0.996739 0.0516645 0.0470476 -0.0403534 -0.801694 0.130019 0.176315
seq-01/frame-000982.color.png 0.939058 0.0904624 -0.223329 -0.245175 0.793745 -0.225717 0.126128
seq-01/frame-000121.color.png 0.904807 0.28042 -0.108735 -0.301438 0.304135 0.347481 0.020075
seq-01/frame-000132.color.png 0.945406 0.187717 -0.155446 -0.216349 0.31304 0.168659 -0.123551
seq-01/frame-000865.color.png 0.998944 -0.00179211 -0.0408521 -0.0209602 0.324697 0.0393016 -0.214385
seq-01/frame-000876.color.png 0.998418 -0.0112562 -0.0513438 -0.0199534 0.380771 0.0317737 -0.210008
seq-01/frame-000614.color.png 0.997844 -0.00395848 0.0483945 0.0441618 0.235236 -0.303607 0.0839112
seq-01/frame-000625.color.png 0.999322 -0.000330416 -0.00410544 0.036596 0.15991 -0.297991 0.109468
seq-01/frame-000759.color.png 0.829976 0.01128 -0.520854 -0.199308 0.189419 0.0610539 -0.31297
seq-01/frame-000770.color.png 0.80659 0.0122349 -0.551266 -0.213001 0.254731 0.0420903 -0.265252
seq-01/frame-000508.color.png 0.9933 0.0817685 -0.0788888 -0.0211219 -0.0540395 -0.0218495 -0.0123314
seq-01/frame-000519.color.png 0.994946 0.0874846 -0.0488146 -0.0067894 0.0270289 -0.0172683 -0.0171431
seq-01/frame-000257.color.png 0.950272 0.0203104 -0.24457 -0.191719 -0.356662 0.253089 -0.143637
seq-01/frame-000268.color.png 0.96334 0.0354175 -0.198852 -0.176575 -0.446961 0.260013 -0.0955384
seq-01/frame-000006.color.png 0.974439 0.137931 0.176578 -0.0162278 0.07129 0.181855 -0.186988
seq-01/frame-000944.color.png 0.975748 -0.0340457 -0.200143 -0.0818516 0.821254 -0.0607975 -0.046549
seq-01/frame-000693.color.png 0.964509 0.119871 -0.21792 -0.0886855 -0.368972 -0.163323 -0.00865606
seq-01/frame-000094.color.png 0.910919 0.203602 -0.0946048 -0.346153 0.417105 0.18407 0.0322288
seq-01/frame-000827.color.png 0.988337 0.00813683 -0.144335 -0.0478697 0.160944 0.0657605 -0.23113
seq-01/frame-000838.color.png 0.997089 0.0132431 -0.0739143 -0.0132449 0.181693 0.0738998 -0.224431
seq-01/frame-000983.color.png 0.939801 0.0931019 -0.219361 -0.244922 0.791657 -0.221795 0.125372
seq-01/frame-000576.color.png 0.997041 -0.00130437 0.0768358 -0.00189865 0.291391 -0.0923404 0.0682819
seq-01/frame-000587.color.png 0.995531 -0.0213889 0.0876541 0.0278954 0.293093 -0.161072 0.080844
seq-01/frame-000972.color.png 0.95084 0.0467492 -0.230552 -0.201403 0.841338 -0.202625 0.0862754
seq-01/frame-000721.color.png 0.966311 0.0618058 -0.23682 -0.0796243 -0.289723 0.0110878 -0.15298
seq-01/frame-000325.color.png 0.982018 0.0484847 0.180742 0.0249492 -0.867048 0.0390627 0.401219
seq-01/frame-000336.color.png 0.957066 0.0791053 0.261529 0.0967933 -0.853604 -0.0799473 0.543536
seq-01/frame-000732.color.png 0.931007 0.0478835 -0.335442 -0.13569 -0.149197 0.0656464 -0.259624
seq-01/frame-000470.color.png 0.987409 0.047432 -0.133983 -0.0694465 -0.355662 0.0946731 0.0157524
seq-01/frame-000481.color.png 0.989337 0.0446425 -0.126651 -0.0563802 -0.292066 0.0520289 0.0157667
seq-01/frame-000219.color.png 0.88421 0.0941544 -0.419272 -0.18308 -0.068682 0.248743 -0.295159
seq-01/frame-000789.color.png 0.882399 -0.00773739 -0.440979 -0.163859 0.256224 0.0445032 -0.240809
seq-01/frame-000393.color.png 0.962182 0.260283 0.0510023 0.0621117 -0.769964 0.291823 0.281921
seq-01/frame-000800.color.png 0.930013 -0.00172273 -0.347282 -0.120284 0.220005 0.050686 -0.244661
seq-01/frame-000934.color.png 0.978472 -0.0271981 -0.191062 -0.0731267 0.754721 -0.0492506 -0.0587254
seq-01/frame-000538.color.png 0.997233 0.0738882 0.00324115 0.0075378 0.166425 0.00995677 -0.00359597
seq-01/frame-000549.color.png 0.998174 0.0433966 0.0419734 -0.00214958 0.222465 0.026004 0.00866566
seq-01/frame-000945.color.png 0.975734 -0.0340848 -0.200219 -0.0818157 0.821356 -0.0608362 -0.0464984
seq-01/frame-000683.color.png 0.957892 0.11426 -0.244438 -0.0981738 -0.317246 -0.19476 0.00556022
seq-01/frame-000298.color.png 0.996321 0.0424274 0.0195688 -0.0718497 -0.742524 0.175547 0.140994
seq-01/frame-000276.color.png 0.985273 0.0335206 -0.100163 -0.134467 -0.540785 0.231623 -0.00113315
seq-01/frame-000287.color.png 0.990565 0.0307275 -0.0480033 -0.124627 -0.635327 0.235089 0.0460865
seq-01/frame-000432.color.png 0.989077 0.0886602 -0.0966413 -0.0672836 -0.464738 0.317321 0.0757889
seq-01/frame-000036.color.png 0.979435 0.169315 0.0922965 -0.059336 0.29488 0.215166 -0.298995
seq-01/frame-000047.color.png 0.982131 0.168991 0.0459266 -0.0689269 0.404147 0.227697 -0.322059
seq-01/frame-000694.color.png 0.965589 0.117211 -0.215603 -0.0861139 -0.373243 -0.158848 -0.0101106
seq-01/frame-000181.color.png 0.954629 0.139056 -0.206146 -0.163861 -0.0362644 0.208503 -0.187863
seq-01/frame-000606.color.png 0.994091 -0.0145345 0.0958813 0.0487742 0.267457 -0.275795 0.0811688
seq-01/frame-000751.color.png 0.85444 0.0158065 -0.489111 -0.174509 0.114511 0.0690511 -0.331018
seq-01/frame-000355.color.png 0.918285 0.173932 0.311234 0.172143 -0.863593 -0.172824 0.593751
seq-01/frame-000762.color.png 0.824312 0.0103754 -0.528322 -0.203169 0.206451 0.0571005 -0.304566
seq-01/frame-000907.color.png 0.996857 -0.0268946 -0.0668631 -0.0329 0.525325 0.00280153 -0.184455
seq-01/frame-000489.color.png 0.988609 0.0546438 -0.132743 -0.0452251 -0.22253 0.0189871 0.0126657
seq-01/frame-000500.color.png 0.990849 0.0767022 -0.10592 -0.0334026 -0.131115 -0.0114653 0.000953982
seq-01/frame-000511.color.png 0.994025 0.0836987 -0.0684046 -0.0151507 -0.0255727 -0.0224715 -0.0151983
seq-01/frame-000645.color.png 0.992945 0.00925616 -0.118057 -0.00617257 -0.0137782 -0.291202 0.112548
seq-01/frame-000238.color.png 0.925565 0.0847678 -0.330015 -0.165026 -0.209087 0.240106 -0.23967
seq-01/frame-000249.color.png 0.943145 0.0425353 -0.278784 -0.175921 -0.288142 0.235055 -0.183212
seq-01/frame-000260.color.png 0.95254 0.0232953 -0.234417 -0.192806 -0.386061 0.25603 -0.128863
seq-01/frame-000394.color.png 0.964392 0.254612 0.04423 0.0562605 -0.756464 0.305678 0.275599
seq-01/frame-000143.color.png 0.952264 0.20429 -0.118336 -0.193535 0.241951 0.19441 -0.09971
seq-01/frame-000819.color.png 0.977217 0.00579028 -0.201934 -0.0650813 0.168749 0.0655211 -0.235281
seq-01/frame-000964.color.png 0.960825 0.000395192 -0.23519 -0.146629 0.86801 -0.144483 0.0616954
seq-01/frame-000568.color.png 0.997789 0.00193406 0.065924 -0.00820021 0.284092 -0.0398902 0.0400445
seq-01/frame-000975.color.png 0.946973 0.0569241 -0.228837 -0.218256 0.822747 -0.221765 0.101994
seq-01/frame-000713.color.png 0.974682 0.0687935 -0.203357 -0.0625224 -0.343649 -0.041439 -0.076887
seq-01/frame-000317.color.png 0.991106 0.049206 0.12363 -0.00186049 -0.855114 0.076826 0.301597
seq-01/frame-000724.color.png 0.958727 0.0595045 -0.262045 -0.0929202 -0.257262 0.028937 -0.185641
seq-01/frame-000702.color.png 0.971206 0.0966609 -0.201949 -0.0814422 -0.377815 -0.10967 -0.0180276
seq-01/frame-000451.color.png 0.98791 0.0575066 -0.115727 -0.0856372 -0.429922 0.199832 0.0413735
seq-01/frame-000066.color.png 0.980804 0.118464 -0.0720651 -0.1371 0.562289 0.158798 -0.251254
seq-01/frame-000462.color.png 0.987346 0.0517075 -0.129433 -0.0756453 -0.402349 0.135114 0.0212588
seq-01/frame-000473.color.png 0.988162 0.047349 -0.130188 -0.0659132 -0.339375 0.0835028 0.0176464
seq-01/frame-000200.color.png 0.906676 0.0897681 -0.37314 -0.175062 -0.0274929 0.222551 -0.277178
seq-01/frame-000211.color.png 0.879124 0.0954293 -0.42852 -0.185488 -0.0367546 0.24864 -0.287476
seq-01/frame-000222.color.png 0.897169 0.088273 -0.395671 -0.17533 -0.104243 0.245904 -0.292284
seq-01/frame-000356.color.png 0.918859 0.174046 0.309538 0.172021 -0.868171 -0.165642 0.586571
seq-01/frame-000607.color.png 0.994356 -0.00980893 0.0936295 0.0489246 0.263389 -0.273777 0.0791832
seq-01/frame-000849.color.png 0.9989 0.0198735 -0.0406844 -0.0122259 0.221008 0.0710182 -0.217624
seq-01/frame-000781.color.png 0.842455 -0.0053172 -0.503044 -0.192843 0.271505 0.0370798 -0.238507
seq-01/frame-000937.color.png 0.977993 -0.0302712 -0.192421 -0.0747509 0.76948 -0.0517716 -0.0583416
seq-01/frame-000530.color.png 0.995185 0.0947727 -0.0244548 0.00512483 0.102895 -0.00623552 -0.0131275
seq-01/frame-000664.color.png 0.972838 0.0337723 -0.220904 -0.0603945 -0.171461 -0.247028 0.0464402
seq-01/frame-000279.color.png 0.986992 0.0310553 -0.0748633 -0.138842 -0.561014 0.241378 0.0210002
seq-01/frame-000675.color.png 0.957525 0.0856277 -0.258607 -0.0945305 -0.259794 -0.207505 0.00879178
seq-01/frame-000686.color.png 0.95863 0.122311 -0.239051 -0.0944625 -0.330721 -0.188092 0.00376581
seq-01/frame-000413.color.png 0.986144 0.154176 -0.037271 -0.0485922 -0.517048 0.39592 0.181132
seq-01/frame-000017.color.png 0.978719 0.141155 0.144123 -0.0375834 0.143249 0.194758 -0.227719
seq-01/frame-000424.color.png 0.988484 0.118166 -0.0623702 -0.0710383 -0.468754 0.364597 0.132747
seq-01/frame-000028.color.png 0.980445 0.157015 0.10802 -0.0490404 0.234529 0.21255 -0.269958
seq-01/frame-000162.color.png 0.963645 0.185312 -0.0937967 -0.168078 0.0744008 0.206559 -0.119261
seq-01/frame-000173.color.png 0.96302 0.165626 -0.148693 -0.151827 -0.0106146 0.209857 -0.150375
seq-01/frame-000906.color.png 0.997161 -0.0277975 -0.0637268 -0.0289138 0.5151 0.00806476 -0.187915
seq-01/frame-000435.color.png 0.988861 0.0813834 -0.0996991 -0.074771 -0.452201 0.303211 0.0740909
seq-01/frame-000811.color.png 0.964029 -0.00180984 -0.253161 -0.0809599 0.186648 0.0575863 -0.23355
seq-01/frame-000994.color.png 0.960741 0.122396 -0.158183 -0.192288 0.770262 -0.0946348 0.0756294
seq-01/frame-000743.color.png 0.886099 0.0249763 -0.430337 -0.17034 0.0122872 0.0771907 -0.31797
seq-01/frame-000492.color.png 0.988868 0.0603767 -0.129237 -0.0423324 -0.199357 0.0106453 0.0118242
seq-01/frame-000648.color.png 0.990401 0.0108663 -0.137068 -0.0141478 -0.044352 -0.284869 0.103225
seq-01/frame-000230.color.png 0.914078 0.0870261 -0.359036 -0.167276 -0.162554 0.239046 -0.26882
seq-01/frame-000241.color.png 0.933422 0.0689449 -0.307067 -0.172278 -0.22904 0.239769 -0.218795
seq-01/frame-000386.color.png 0.953828 0.26411 0.117037 0.0822227 -0.831263 0.21672 0.338606
seq-01/frame-000375.color.png 0.937652 0.258018 0.196987 0.124225 -0.899586 0.054952 0.403681
seq-01/frame-000124.color.png 0.91438 0.280028 -0.123901 -0.264844 0.298233 0.348676 -0.000896727
seq-01/frame-000135.color.png 0.946834 0.19315 -0.15301 -0.206849 0.299858 0.180742 -0.110846
seq-01/frame-000868.color.png 0.998775 -0.00599276 -0.0442725 -0.0212841 0.341022 0.0357421 -0.212465
seq-01/frame-000879.color.png 0.99839 -0.012653 -0.0520111 -0.0187458 0.392067 0.0318442 -0.211332
seq-01/frame-000617.color.png 0.998311 -0.00437506 0.0387747 0.0430429 0.209989 -0.302184 0.0931205
seq-01/frame-000705.color.png 0.97392 0.0853551 -0.19768 -0.0715275 -0.37088 -0.0885259 -0.0289239
seq-01/frame-000443.color.png 0.988335 0.0658002 -0.100685 -0.093418 -0.441408 0.264774 0.0630495
seq-01/frame-000454.color.png 0.987508 0.058142 -0.120534 -0.0831852 -0.426346 0.183135 0.0343465
seq-01/frame-000192.color.png 0.936972 0.108286 -0.294214 -0.154261 -0.0380471 0.21098 -0.25399
seq-01/frame-000203.color.png 0.897862 0.0860247 -0.391389 -0.182369 -0.02614 0.228826 -0.279351
seq-01/frame-000936.color.png 0.978117 -0.0295557 -0.191809 -0.0749904 0.762348 -0.0533476 -0.0578619
seq-01/frame-000348.color.png 0.931598 0.139566 0.304456 0.141255 -0.852853 -0.147674 0.60878
seq-01/frame-000947.color.png 0.974637 -0.0328412 -0.204109 -0.0856995 0.833166 -0.0648797 -0.0391049
seq-01/frame-000086.color.png 0.903654 0.233336 0.0191558 -0.358605 0.29535 0.356449 0.00565749
seq-01/frame-000097.color.png 0.896534 0.23004 -0.072365 -0.371579 0.381699 0.245566 0.0424481
seq-01/frame-000830.color.png 0.991209 0.00568696 -0.125844 -0.0404412 0.164142 0.0617057 -0.228207
seq-01/frame-000841.color.png 0.997784 0.0126074 -0.0646098 -0.00973049 0.191873 0.0708791 -0.221071
seq-01/frame-000579.color.png 0.996762 -0.00387765 0.0802144 0.00407767 0.292345 -0.109002 0.0744789
seq-01/frame-000590.color.png 0.994924 -0.0246882 0.0909137 0.0353715 0.290951 -0.182991 0.0801165
seq-01/frame-000405.color.png 0.982036 0.188039 -0.00622436 -0.014411 -0.582808 0.397222 0.22439
seq-01/frame-000009.color.png 0.973953 0.141398 0.175646 -0.02387 0.0821753 0.184881 -0.197283
seq-01/frame-000416.color.png 0.986637 0.146748 -0.0432346 -0.0560737 -0.506169 0.385593 0.172299
seq-01/frame-000154.color.png 0.958845 0.198669 -0.0863096 -0.183568 0.1471 0.200224 -0.107551
seq-01/frame-000165.color.png 0.96344 0.186166 -0.102106 -0.1634 0.0456203 0.220588 -0.114019
seq-01/frame-000898.color.png 0.998035 -0.0244054 -0.0543932 -0.0192801 0.464255 0.0183125 -0.196463
seq-01/frame-000909.color.png 0.996398 -0.0231827 -0.0725216 -0.0373363 0.541892 0.00351572 -0.181896
seq-01/frame-000647.color.png 0.991333 0.0101961 -0.130535 -0.0106984 -0.0348924 -0.285861 0.10604
seq-01/frame-000048.color.png 0.982172 0.168771 0.0458679 -0.0689228 0.404224 0.227269 -0.322193
seq-01/frame-000792.color.png 0.899794 -0.00875007 -0.411354 -0.145197 0.246286 0.0451004 -0.243078
seq-01/frame-000803.color.png 0.940226 -0.00354993 -0.323176 -0.107334 0.208018 0.0519424 -0.245594
seq-01/frame-000541.color.png 0.997489 0.0688852 0.0163096 0.0020536 0.187311 0.0153936 0.00117366
seq-01/frame-000552.color.png 0.998712 0.0269168 0.0428591 -0.00362747 0.243887 0.0183693 0.0118052
seq-01/frame-000290.color.png 0.992461 0.0308991 -0.01819 -0.1172 -0.6624 0.232839 0.0869356
seq-01/frame-000378.color.png 0.939251 0.271008 0.178702 0.111476 -0.886849 0.0975703 0.39603
seq-01/frame-000105.color.png 0.888765 0.256822 -0.0920719 -0.368322 0.364984 0.275892 0.0537416
seq-01/frame-000116.color.png 0.905969 0.249724 -0.144584 -0.309765 0.370838 0.263434 -0.00722462
seq-01/frame-000127.color.png 0.918869 0.28465 -0.109583 -0.250293 0.265487 0.361142 -0.00905049
seq-01/frame-000860.color.png 0.998973 0.00431574 -0.0351475 -0.0282783 0.289863 0.0397799 -0.216575
seq-01/frame-000609.color.png 0.995555 -0.00807707 0.0823125 0.04506 0.251747 -0.286946 0.0803663
seq-01/frame-000620.color.png 0.998843 -0.00494905 0.0219383 0.0425135 0.197517 -0.30766 0.0894562
seq-01/frame-000871.color.png 0.998743 -0.00684028 -0.0446281 -0.0217759 0.352279 0.034222 -0.21443
seq-01/frame-000754.color.png 0.847848 0.0138324 -0.497425 -0.183112 0.13683 0.0673009 -0.328489
seq-01/frame-000347.color.png 0.933908 0.135409 0.301327 0.136684 -0.852331 -0.140752 0.607106
seq-01/frame-000765.color.png 0.813395 0.0127174 -0.545541 -0.201525 0.232734 0.0525104 -0.285824
seq-01/frame-000503.color.png 0.991712 0.0804971 -0.0959632 -0.0286131 -0.102843 -0.017398 -0.00619828
seq-01/frame-000252.color.png 0.94575 0.0386277 -0.268191 -0.179273 -0.310885 0.242659 -0.175165
seq-01/frame-000001.color.png 0.975249 0.128632 0.179354 -0.0132771 0.0625373 0.178146 -0.18194
seq-01/frame-000184.color.png 0.949815 0.128964 -0.236808 -0.158561 -0.0378485 0.208493 -0.216081
seq-01/frame-000677.color.png 0.95727 0.0939497 -0.256159 -0.0958624 -0.27492 -0.202455 0.00924579
seq-01/frame-000089.color.png 0.899387 0.233396 -0.00628374 -0.369582 0.336754 0.311309 0.109541
seq-01/frame-000822.color.png 0.981544 0.00756531 -0.183119 -0.0546039 0.168018 0.0701258 -0.236258
seq-01/frame-000833.color.png 0.995347 0.0123138 -0.0892603 -0.0341364 0.136384 0.0739117 -0.234559
seq-01/frame-000967.color.png 0.956716 0.0175724 -0.234323 -0.171694 0.858881 -0.17933 0.0730489
seq-01/frame-000560.color.png 0.998544 0.00486117 0.0537133 -0.00114028 0.271823 -0.00194679 0.0185986
seq-01/frame-000571.color.png 0.997416 -0.000622073 0.0713664 -0.00821052 0.289013 -0.0576139 0.0520359
seq-01/frame-000582.color.png 0.996597 -0.0113683 0.0802149 0.0151606 0.295311 -0.124216 0.0801511
seq-01/frame-000716.color.png 0.973256 0.0651563 -0.210489 -0.0649722 -0.327875 -0.0221214 -0.104788
seq-01/frame-000309.color.png 0.995742 0.0519956 0.071645 -0.0257219 -0.822259 0.111074 0.211888
seq-01/frame-000320.color.png 0.988522 0.0483278 0.142684 0.0114144 -0.86798 0.0581217 0.333743
seq-01/frame-000331.color.png 0.96933 0.0600271 0.228931 0.0662269 -0.866547 -0.0235981 0.48421
seq-01/frame-000465.color.png 0.987272 0.0494621 -0.129924 -0.0772513 -0.38037 0.117837 0.020585
seq-01/frame-000861.color.png 0.998974 0.00436843 -0.0351584 -0.028219 0.289797 0.0399253 -0.216357
seq-01/frame-000214.color.png 0.876956 0.0968754 -0.432645 -0.185425 -0.0433771 0.251061 -0.291121
seq-01/frame-000146.color.png 0.953038 0.202911 -0.107303 -0.197566 0.228881 0.195552 -0.0999522
seq-01/frame-000890.color.png 0.998295 -0.0185935 -0.0526341 -0.0170455 0.432369 0.0245347 -0.203881
seq-01/frame-000639.color.png 0.996301 0.00709506 -0.0847871 0.012069 0.0473238 -0.292713 0.119407
seq-01/frame-000773.color.png 0.813771 0.00753763 -0.543609 -0.205447 0.262484 0.040042 -0.258215
seq-01/frame-000388.color.png 0.955476 0.265891 0.0990735 0.0809412 -0.816009 0.229093 0.322918
seq-01/frame-000784.color.png 0.859689 -0.00674704 -0.479677 -0.175499 0.269307 0.0371033 -0.235986
seq-01/frame-000929.color.png 0.983522 -0.0259135 -0.169434 -0.0574857 0.709978 -0.02878 -0.0839233
seq-01/frame-000795.color.png 0.912131 -0.00560984 -0.387149 -0.134543 0.236654 0.0481518 -0.242769
seq-01/frame-000522.color.png 0.995262 0.0887856 -0.0395353 -0.0027851 0.0483929 -0.0145823 -0.0185365
seq-01/frame-000533.color.png 0.995652 0.0922817 -0.0126261 0.00161087 0.130371 0.00266632 -0.00993674
seq-01/frame-000544.color.png 0.997943 0.0577096 0.0276441 -0.00390665 0.20528 0.0163771 0.00566924
seq-01/frame-000678.color.png 0.957034 0.0970543 -0.256142 -0.0951672 -0.280282 -0.203738 0.00770508
seq-01/frame-000293.color.png 0.99436 0.0342007 -0.000455131 -0.10039 -0.690455 0.214151 0.110624
seq-01/frame-000271.color.png 0.973454 0.038424 -0.162057 -0.156997 -0.484844 0.250358 -0.0604046
seq-01/frame-000282.color.png 0.989806 0.0283786 -0.0608847 -0.125584 -0.587322 0.22913 0.0357206
seq-01/frame-000427.color.png 0.989416 0.108272 -0.0682987 -0.06832 -0.462936 0.34365 0.119092
seq-01/frame-000020.color.png 0.979885 0.142269 0.132303 -0.0456201 0.171921 0.200226 -0.244006
seq-01/frame-000031.color.png 0.980602 0.158714 0.102355 -0.0524743 0.257826 0.21244 -0.280153
seq-01/frame-000852.color.png 0.999281 0.0184834 -0.0297795 -0.0144601 0.239802 0.064234 -0.217311
seq-01/frame-000986.color.png 0.947841 0.099921 -0.197433 -0.229421 0.795852 -0.179842 0.107946
seq-01/frame-000601.color.png 0.993246 -0.0167354 0.103429 0.0498556 0.277553 -0.2486 0.0801619
seq-01/frame-000997.color.png 0.963276 0.118372 -0.154039 -0.185363 0.757726 -0.0814816 0.0759127
seq-01/frame-000735.color.png 0.920187 0.0433701 -0.360493 -0.146355 -0.108306 0.0759191 -0.279798
seq-01/frame-000350.color.png 0.926919 0.150564 0.309518 0.149498 -0.856573 -0.153719 0.612222
seq-01/frame-000746.color.png 0.875145 0.024045 -0.454415 -0.164466 0.0465477 0.0747804 -0.324304
seq-01/frame-000757.color.png 0.836052 0.0147763 -0.514406 -0.190227 0.171252 0.0666125 -0.319078
seq-01/frame-000484.color.png 0.989221 0.0452223 -0.128491 -0.0537385 -0.264077 0.0367705 0.0162503
seq-01/frame-000088.color.png 0.899184 0.231715 0.00583311 -0.371137 0.299101 0.334806 0.0125528
seq-01/frame-000495.color.png 0.989421 0.0677693 -0.122813 -0.0370234 -0.168271 0.000630587 0.0100309
seq-01/frame-000506.color.png 0.992669 0.0817706 -0.0855684 -0.0245041 -0.0744474 -0.0204735 -0.00925802
seq-01/frame-000233.color.png 0.918609 0.0869217 -0.346772 -0.168377 -0.179995 0.241687 -0.259849
seq-01/frame-000244.color.png 0.93935 0.0568153 -0.290241 -0.173648 -0.256018 0.236625 -0.200513
seq-01/frame-000640.color.png 0.996368 0.00672651 -0.0846342 0.00646536 0.0229661 -0.294847 0.121052
seq-01/frame-000814.color.png 0.9685 0.00170592 -0.238315 -0.0721819 0.183374 0.056983 -0.236252
seq-01/frame-000948.color.png 0.973765 -0.0326965 -0.206948 -0.0888033 0.83806 -0.0696526 -0.0333161
seq-01/frame-000563.color.png 0.998479 0.00460644 0.0548131 -0.00365112 0.282634 -0.016263 0.0284441
seq-01/frame-000959.color.png 0.965692 -0.016479 -0.22891 -0.121522 0.870734 -0.106124 0.0258478
seq-01/frame-000697.color.png 0.967605 0.111139 -0.209422 -0.0867788 -0.379309 -0.138856 -0.014385
seq-01/frame-000301.color.png 0.996741 0.0497263 0.0261015 -0.0579115 -0.763601 0.152754 0.150405
seq-01/frame-000312.color.png 0.994971 0.0479864 0.0859418 -0.0185277 -0.837599 0.103161 0.236493
seq-01/frame-000708.color.png 0.974613 0.0795994 -0.198171 -0.0672371 -0.364146 -0.0752777 -0.040565
seq-01/frame-000446.color.png 0.98793 0.060623 -0.108649 -0.0922697 -0.437031 0.243458 0.0514759
seq-01/frame-000050.color.png 0.983641 0.1602 0.0318825 -0.0759605 0.431569 0.218813 -0.322926
seq-01/frame-000061.color.png 0.985507 0.127001 -0.0307122 -0.108182 0.519697 0.184351 -0.291438
seq-01/frame-000457.color.png 0.986854 0.0566186 -0.127753 -0.0811924 -0.421272 0.167579 0.0257704
seq-01/frame-000195.color.png 0.92601 0.100643 -0.326663 -0.160211 -0.0388086 0.213995 -0.266022
seq-01/frame-000206.color.png 0.888403 0.0861385 -0.408755 -0.190367 -0.0268775 0.240013 -0.282399
seq-01/frame-000988.color.png 0.951524 0.106325 -0.185133 -0.22141 0.791626 -0.170606 0.100512
seq-01/frame-000776.color.png 0.823286 0.00380472 -0.532058 -0.197737 0.266962 0.0383222 -0.250062
seq-01/frame-000514.color.png 0.994513 0.0853525 -0.059454 -0.0110952 -0.00888021 -0.0201254 -0.0169445
seq-01/frame-000525.color.png 0.995305 0.0896494 -0.0364629 0.000646757 0.0712031 -0.0135127 -0.019616
seq-01/frame-000659.color.png 0.978596 0.0233502 -0.198544 -0.0488336 -0.133666 -0.258801 0.0633237
seq-01/frame-000263.color.png 0.954984 0.0275874 -0.22828 -0.18744 -0.402588 0.258362 -0.119365
seq-01/frame-000274.color.png 0.98206 0.0329329 -0.126771 -0.135656 -0.516719 0.230865 -0.0274144
seq-01/frame-000670.color.png 0.962301 0.0610251 -0.251376 -0.0840342 -0.224182 -0.222597 0.0208933
seq-01/frame-000408.color.png 0.98328 0.180052 -0.0173453 -0.0209954 -0.56308 0.392484 0.209618
seq-01/frame-000012.color.png 0.975773 0.143096 0.162866 -0.0293961 0.103718 0.189444 -0.208446
seq-01/frame-000023.color.png 0.979794 0.145507 0.127621 -0.0504393 0.189557 0.201816 -0.255457
seq-01/frame-000419.color.png 0.986319 0.140312 -0.0531531 -0.0682839 -0.484582 0.384337 0.161023
seq-01/frame-000157.color.png 0.960316 0.199039 -0.0897945 -0.173534 0.115056 0.207888 -0.108989
seq-01/frame-000168.color.png 0.963974 0.172987 -0.128546 -0.1559 0.0095704 0.20974 -0.130649
seq-01/frame-000901.color.png 0.997815 -0.0201523 -0.0576372 -0.0252314 0.484598 0.0207873 -0.195864
seq-01/frame-000302.color.png 0.996944 0.0521425 0.0305962 -0.049479 -0.775323 0.141044 0.153249
seq-01/frame-000051.color.png 0.983748 0.157573 0.0262519 -0.0819783 0.442417 0.215252 -0.322302
seq-01/frame-000989.color.png 0.951867 0.113526 -0.178796 -0.22157 0.788412 -0.163334 0.0914888
seq-01/frame-000727.color.png 0.948608 0.0551561 -0.293407 -0.10494 -0.219198 0.0427575 -0.219046
seq-01/frame-000738.color.png 0.906983 0.0338535 -0.384685 -0.168084 -0.0613346 0.0806627 -0.292478
seq-01/frame-000476.color.png 0.988485 0.0478112 -0.130125 -0.0606526 -0.324942 0.0726285 0.01483
seq-01/frame-000487.color.png 0.989153 0.0484539 -0.13001 -0.0482253 -0.245773 0.0269882 0.0144116
seq-01/frame-000225.color.png 0.901228 0.0874529 -0.389029 -0.169697 -0.11941 0.242556 -0.289546
seq-01/frame-000236.color.png 0.924071 0.0882897 -0.333916 -0.1637 -0.205052 0.239437 -0.243934
seq-01/frame-000370.color.png 0.928446 0.244415 0.237626 0.14759 -0.915006 -0.0356326 0.45426
seq-01/frame-000381.color.png 0.946034 0.27477 0.140715 0.0985915 -0.87332 0.153329 0.349707
seq-01/frame-000119.color.png 0.898774 0.285815 -0.0925756 -0.319289 0.295298 0.360493 0.0306177
seq-01/frame-000863.color.png 0.998877 0.000127795 -0.0403531 -0.0248185 0.313672 0.0382135 -0.21057
seq-01/frame-000874.color.png 0.998588 -0.0102393 -0.0480067 -0.0203263 0.371937 0.0327558 -0.213166
seq-01/frame-000689.color.png 0.962109 0.122701 -0.224271 -0.0948323 -0.350683 -0.178932 0.00258901
seq-01/frame-000438.color.png 0.98868 0.0754973 -0.0992122 -0.0834763 -0.45034 0.291239 0.0688998
seq-01/frame-000042.color.png 0.97998 0.173563 0.0735519 -0.0640686 0.352967 0.225821 -0.318169
seq-01/frame-000449.color.png 0.988161 0.0573266 -0.109804 -0.0905236 -0.432113 0.217782 0.049313
seq-01/frame-000176.color.png 0.963135 0.150846 -0.157582 -0.157431 -0.0270686 0.206502 -0.163009
seq-01/frame-000187.color.png 0.944534 0.122561 -0.261619 -0.156171 -0.0357222 0.208916 -0.231354
seq-01/frame-000198.color.png 0.915411 0.0962656 -0.353076 -0.167608 -0.0313157 0.219051 -0.271359
seq-01/frame-000931.color.png 0.98081 -0.0257299 -0.181334 -0.0668359 0.728043 -0.0419867 -0.0693046
seq-01/frame-000942.color.png 0.976696 -0.0330192 -0.1968 -0.0790197 0.807507 -0.0562796 -0.0531008
seq-01/frame-000081.color.png 0.943206 0.127014 -0.187875 -0.24276 0.609256 0.0811505 -0.128198
seq-01/frame-000825.color.png 0.987722 0.00994176 -0.148014 -0.0489643 0.147516 0.0721 -0.234216
seq-01/frame-000836.color.png 0.995729 0.0127709 -0.0885897 -0.0226308 0.172767 0.0755443 -0.226551
seq-01/frame-000970.color.png 0.953405 0.0332144 -0.230736 -0.19151 0.847288 -0.203853 0.0801568
seq-01/frame-000574.color.png 0.997171 -0.003563 0.0749336 -0.00477116 0.288917 -0.0808155 0.063797
seq-01/frame-000255.color.png 0.948695 0.0245189 -0.253179 -0.18782 -0.338588 0.248761 -0.155504
seq-01/frame-000389.color.png 0.95626 0.266536 0.0895165 0.0807013 -0.810689 0.234186 0.31539
seq-01/frame-000004.color.png 0.974237 0.13403 0.18066 -0.0161143 0.0644785 0.179244 -0.184742
seq-01/frame-000400.color.png 0.977105 0.211687 -0.00580536 0.0205227 -0.660836 0.373618 0.21824
seq-01/frame-000138.color.png 0.949576 0.192729 -0.136611 -0.20615 0.280525 0.183514 -0.109223
seq-01/frame-000149.color.png 0.955599 0.200298 -0.0900556 -0.196472 0.199797 0.195728 -0.10691
seq-01/frame-000160.color.png 0.962993 0.189062 -0.0865724 -0.171482 0.0839261 0.208556 -0.117808
seq-01/frame-000893.color.png 0.998198 -0.0178829 -0.0547788 -0.0167106 0.443461 0.026684 -0.20024
seq-01/frame-000631.color.png 0.998831 0.00260094 -0.038331 0.0293326 0.113975 -0.292574 0.111418
seq-01/frame-000642.color.png 0.99484 0.00775561 -0.101074 0.00421756 0.0207057 -0.293836 0.120244
seq-01/frame-000904.color.png 0.997367 -0.0274209 -0.0612275 -0.0275544 0.506534 0.0116273 -0.190362
seq-01/frame-000043.color.png 0.980208 0.173738 0.0669896 -0.0672321 0.365915 0.225641 -0.319688
seq-01/frame-000787.color.png 0.871601 -0.005765 -0.458754 -0.172694 0.260335 0.0435092 -0.240994
seq-01/frame-000932.color.png 0.979614 -0.0261016 -0.186461 -0.0700454 0.737451 -0.0462167 -0.0632479
seq-01/frame-000536.color.png 0.996506 0.0831573 -0.0057685 0.00529063 0.14945 0.00709906 -0.00724059
seq-01/frame-000285.color.png 0.990982 0.0280254 -0.0485758 -0.121695 -0.626227 0.226834 0.0472893
seq-01/frame-000468.color.png 0.987625 0.0489345 -0.129485 -0.073732 -0.371822 0.107751 0.0167742
seq-01/frame-000217.color.png 0.879582 0.0958171 -0.427955 -0.184416 -0.0582454 0.2493 -0.294237
seq-01/frame-000961.color.png 0.963359 -0.0110949 -0.230896 -0.136023 0.869714 -0.130848 0.0411348
seq-01/frame-000100.color.png 0.882196 0.255722 -0.0477435 -0.3925 0.351408 0.300673 0.0756322
seq-01/frame-000111.color.png 0.888199 0.272477 -0.10152 -0.355743 0.345045 0.317366 0.0506869
seq-01/frame-000844.color.png 0.998298 0.0150603 -0.0546966 -0.0134991 0.201806 0.0680614 -0.218135
seq-01/frame-000855.color.png 0.999404 0.0157389 -0.0268311 -0.0149669 0.257309 0.0606453 -0.217633
seq-01/frame-000593.color.png 0.994247 -0.0254079 0.0953096 0.0417512 0.285931 -0.205114 0.0810253
seq-01/frame-000604.color.png 0.993254 -0.0150641 0.101769 0.0535095 0.273736 -0.261093 0.0816728
seq-01/frame-000615.color.png 0.9981 -0.00216221 0.0434684 0.043624 0.228701 -0.303485 0.083905
seq-01/frame-000749.color.png 0.862351 0.0189396 -0.475999 -0.171513 0.0879132 0.0707877 -0.330404
seq-01/frame-000342.color.png 0.943706 0.109539 0.288163 0.119924 -0.851991 -0.123316 0.590628
seq-01/frame-000866.color.png 0.998948 -0.00183 -0.0406712 -0.0211203 0.324392 0.0390537 -0.214644
seq-01/frame-000939.color.png 0.97746 -0.0324067 -0.193844 -0.0771168 0.785632 -0.055714 -0.0567551
seq-01/frame-000498.color.png 0.990181 0.0728193 -0.11349 -0.0368772 -0.149393 -0.00659966 0.00646371
seq-01/frame-000430.color.png 0.990507 0.0941427 -0.0768101 -0.0642914 -0.473108 0.321188 0.0945955
seq-01/frame-000179.color.png 0.957164 0.140439 -0.192761 -0.164184 -0.0377748 0.205831 -0.178137
seq-01/frame-000923.color.png 0.989498 -0.0235586 -0.134089 -0.0485653 0.663391 -0.013146 -0.125327
seq-01/frame-000672.color.png 0.961375 0.0669639 -0.254066 -0.082004 -0.236967 -0.221134 0.0177561
seq-01/frame-000806.color.png 0.950238 -0.000638091 -0.296326 -0.096119 0.200142 0.0562015 -0.24013
seq-01/frame-000817.color.png 0.973871 0.0032628 -0.217482 -0.0653243 0.180639 0.0591141 -0.236093
seq-01/frame-000828.color.png 0.990925 0.0337006 -0.123293 -0.0416017 0.142043 0.115747 -0.229276
seq-01/frame-000951.color.png 0.972014 -0.0303669 -0.213414 -0.0933871 0.855227 -0.0725455 -0.0208984
seq-01/frame-000555.color.png 0.998802 0.0115196 0.0474748 -0.00285447 0.256617 0.0123865 0.0138839
seq-01/frame-000566.color.png 0.99803 0.00520158 0.0622384 -0.00592972 0.283621 -0.025952 0.0319328
seq-01/frame-000577.color.png 0.996927 -0.00183872 0.0783165 -0.000320285 0.292218 -0.0990156 0.070455
seq-01/frame-000700.color.png 0.968834 0.105107 -0.207351 -0.0855548 -0.380509 -0.120793 -0.0157622
seq-01/frame-000304.color.png 0.996932 0.0529032 0.0391745 -0.0423443 -0.793544 0.131689 0.163628
seq-01/frame-000315.color.png 0.992281 0.048429 0.113998 -0.00608702 -0.851951 0.0827745 0.287413
seq-01/frame-000711.color.png 0.974723 0.0717466 -0.200973 -0.066162 -0.35308 -0.0520829 -0.0601927
seq-01/frame-000962.color.png 0.963006 -0.00502326 -0.230541 -0.139449 0.869576 -0.132136 0.0426015
seq-01/frame-000130.color.png 0.939092 0.189455 -0.178128 -0.224684 0.350681 0.16375 -0.118354
seq-01/frame-000885.color.png 0.998253 -0.0185521 -0.0531105 -0.0180813 0.415706 0.0264412 -0.207576
seq-01/frame-000634.color.png 0.998074 0.00410424 -0.0578554 0.0220106 0.0863921 -0.29412 0.115614
seq-01/frame-000768.color.png 0.806547 0.0134987 -0.551212 -0.213226 0.250105 0.0445249 -0.269987
seq-01/frame-000372.color.png 0.933035 0.25231 0.216396 0.137687 -0.917428 0.00149623 0.421138
seq-01/frame-000383.color.png 0.948825 0.2722 0.134778 0.0864473 -0.853713 0.191505 0.352204
seq-01/frame-000924.color.png 0.988693 -0.0246169 -0.13956 -0.0490174 0.67226 -0.0160851 -0.119035
seq-01/frame-000779.color.png 0.83272 -0.0029667 -0.517704 -0.196345 0.271134 0.0356477 -0.240252
seq-01/frame-000517.color.png 0.994806 0.0870001 -0.0524682 -0.00630984 0.0195068 -0.0186346 -0.0173774
seq-01/frame-000528.color.png 0.995212 0.0935164 -0.0279555 0.005137 0.0972563 -0.0109578 -0.0174699
seq-01/frame-000913.color.png 0.995105 -0.0256806 -0.0858394 -0.0417006 0.570227 -0.00469451 -0.168102
seq-01/frame-000662.color.png 0.975562 0.0284098 -0.211139 -0.0537802 -0.155186 -0.251815 0.0539821
seq-01/frame-000266.color.png 0.961065 0.0329202 -0.209011 -0.177723 -0.436704 0.254567 -0.100744
seq-01/frame-000277.color.png 0.98528 0.0334788 -0.100109 -0.134467 -0.540869 0.231569 -0.0012873
seq-01/frame-000673.color.png 0.960139 0.0717493 -0.25718 -0.0827255 -0.242332 -0.217718 0.0175945
seq-01/frame-000411.color.png 0.985442 0.162898 -0.0301396 -0.0382142 -0.533474 0.389858 0.193015
seq-01/frame-000015.color.png 0.977022 0.141396 0.155894 -0.0336522 0.12045 0.192815 -0.217938
seq-01/frame-000026.color.png 0.980412 0.153827 0.113283 -0.047916 0.221162 0.209416 -0.266386
seq-01/frame-000847.color.png 0.998709 0.0186839 -0.0455463 -0.0125587 0.212965 0.0696613 -0.216647
seq-01/frame-000981.color.png 0.938882 0.0866042 -0.226598 -0.244241 0.795378 -0.230251 0.126498
seq-01/frame-000585.color.png 0.99603 -0.0160856 0.0849443 0.0212174 0.294617 -0.143619 0.082302
seq-01/frame-000596.color.png 0.99383 -0.0228429 0.0980044 0.0466355 0.282473 -0.225725 0.0831606
seq-01/frame-000992.color.png 0.956013 0.122547 -0.16669 -0.207931 0.781217 -0.129901 0.084004
seq-01/frame-000730.color.png 0.936982 0.049841 -0.323384 -0.12249 -0.17537 0.055131 -0.245926
seq-01/frame-000334.color.png 0.963126 0.068434 0.245788 0.0853964 -0.863174 -0.0606407 0.5155
seq-01/frame-000345.color.png 0.93773 0.125054 0.296564 0.130669 -0.851638 -0.136395 0.600655
seq-01/frame-000741.color.png 0.895985 0.0283769 -0.408491 -0.171877 -0.0228408 0.0815925 -0.310136
seq-01/frame-000479.color.png 0.98921 0.0466766 -0.125873 -0.0586654 -0.300395 0.0578807 0.0153573
seq-01/frame-000083.color.png 0.940597 0.118047 -0.180361 -0.262322 0.579461 0.049841 -0.136202
seq-01/frame-000490.color.png 0.988636 0.0579912 -0.131488 -0.0441208 -0.21006 0.016565 0.0121179
seq-01/frame-000624.color.png 0.999248 -0.000203833 0.00219384 0.0387117 0.163235 -0.294954 0.107827
seq-01/frame-000228.color.png 0.907544 0.0864672 -0.375265 -0.16752 -0.143098 0.240822 -0.280669
seq-01/frame-000239.color.png 0.927511 0.0792409 -0.325011 -0.166772 -0.211484 0.240086 -0.23576
seq-01/frame-000373.color.png 0.936059 0.253637 0.208126 0.127066 -0.90771 0.0354867 0.415365
seq-01/frame-000122.color.png 0.90677 0.282956 -0.104101 -0.294732 0.287309 0.360646 0.0261603
seq-01/frame-000798.color.png 0.920148 -0.00312007 -0.369917 -0.128375 0.229875 0.0485152 -0.242097
seq-01/frame-000809.color.png 0.957206 -0.00166506 -0.275076 -0.0899249 0.194837 0.056827 -0.238305
seq-01/frame-000943.color.png 0.976138 -0.0339083 -0.198764 -0.0806088 0.814821 -0.0588578 -0.0491504
seq-01/frame-000547.color.png 0.998152 0.0479876 0.0370542 -0.00406772 0.218195 0.0155697 0.00822654
seq-01/frame-000558.color.png 0.998568 0.00747609 0.0528741 -0.00308844 0.267583 0.00377731 0.0156518
seq-01/frame-000954.color.png 0.969275 -0.0277018 -0.221178 -0.10401 0.86487 -0.0879044 -0.000635172
seq-01/frame-000703.color.png 0.972502 0.0917873 -0.199142 -0.078471 -0.376446 -0.103278 -0.0198176
seq-01/frame-000681.color.png 0.957079 0.106581 -0.250076 -0.100508 -0.302881 -0.195259 0.00816329
seq-01/frame-000296.color.png 0.995673 0.0375841 0.0123717 -0.08408 -0.717684 0.192604 0.130728
seq-01/frame-000307.color.png 0.996452 0.0521083 0.0545475 -0.0373082 -0.807716 0.126221 0.188289
seq-01/frame-000692.color.png 0.963668 0.120526 -0.220193 -0.0912775 -0.362112 -0.168052 -0.00373064
seq-01/frame-000441.color.png 0.98787 0.070258 -0.10239 -0.0932405 -0.439394 0.278866 0.066248
seq-01/frame-000034.color.png 0.979837 0.165058 0.0957523 -0.0592255 0.28547 0.211143 -0.294849
seq-01/frame-000045.color.png 0.980691 0.173659 0.0610284 -0.0660468 0.377445 0.228148 -0.320878
seq-01/frame-000056.color.png 0.985425 0.142708 0.00740999 -0.0922889 0.473109 0.203115 -0.318261
seq-01/frame-000190.color.png 0.939601 0.118767 -0.28176 -0.153803 -0.0315051 0.211742 -0.243414
seq-01/frame-000452.color.png 0.987912 0.0575146 -0.115732 -0.0856062 -0.429937 0.199826 0.0414464
seq-01/frame-000335.color.png 0.96037 0.073435 0.253068 0.0908499 -0.857753 -0.0716018 0.528786
seq-01/frame-000760.color.png 0.827692 0.0108145 -0.523718 -0.201318 0.19749 0.0596254 -0.309465
seq-01/frame-000509.color.png 0.993417 0.0835821 -0.0760481 -0.0188007 -0.0458249 -0.0211311 -0.0130435
seq-01/frame-000113.color.png 0.893482 0.266103 -0.124429 -0.3397 0.360208 0.296567 0.0257925
seq-01/frame-000520.color.png 0.995102 0.0875097 -0.0455168 -0.00654246 0.0352633 -0.017061 -0.0194856
seq-01/frame-000654.color.png 0.984434 0.0144888 -0.172079 -0.0326722 -0.0975291 -0.271436 0.080136
seq-01/frame-000643.color.png 0.994512 0.00851997 -0.10426 0.00154012 0.00700612 -0.293001 0.117264
seq-01/frame-000247.color.png 0.941376 0.0496443 -0.285136 -0.173332 -0.270819 0.235489 -0.192257
seq-01/frame-000258.color.png 0.951535 0.0204817 -0.239358 -0.192012 -0.36865 0.252261 -0.134426
seq-01/frame-000269.color.png 0.966635 0.033062 -0.188199 -0.1706 -0.460386 0.258489 -0.0859322
seq-01/frame-000392.color.png 0.960261 0.264956 0.057868 0.0659498 -0.781824 0.279524 0.288671
seq-01/frame-000007.color.png 0.974482 0.139112 0.175304 -0.0173787 0.0758799 0.182132 -0.189977
seq-01/frame-000018.color.png 0.979311 0.141687 0.13879 -0.0401574 0.153183 0.197235 -0.233024
seq-01/frame-000403.color.png 0.981613 0.19068 -0.008467 -0.00247119 -0.607643 0.389638 0.217261
seq-01/frame-000141.color.png 0.951695 0.202194 -0.123878 -0.19506 0.25141 0.190634 -0.101963
seq-01/frame-000152.color.png 0.958209 0.197865 -0.0857386 -0.187974 0.157392 0.197832 -0.110195
seq-01/frame-000896.color.png 0.998227 -0.0222897 -0.0518879 -0.0188018 0.457235 0.0226809 -0.200944
seq-01/frame-000790.color.png 0.888099 -0.00825441 -0.431623 -0.157838 0.253441 0.046376 -0.242572
seq-01/frame-000973.color.png 0.950362 0.0464683 -0.230352 -0.203935 0.836769 -0.205446 0.0933814
seq-01/frame-000722.color.png 0.964246 0.061032 -0.243787 -0.0840941 -0.280371 0.0179728 -0.164362
seq-01/frame-000326.color.png 0.979703 0.05046 0.191044 0.0337301 -0.866593 0.0253528 0.417283
seq-01/frame-000460.color.png 0.987288 0.0533524 -0.128371 -0.0770561 -0.405376 0.144589 0.0225269
seq-01/frame-000075.color.png 0.967142 0.109224 -0.139509 -0.182331 0.589609 0.122064 -0.167515
seq-01/frame-000471.color.png 0.987404 0.0474521 -0.134009 -0.069449 -0.355619 0.0947125 0.0157159
seq-01/frame-000209.color.png 0.881627 0.0927011 -0.423682 -0.186099 -0.0357493 0.246233 -0.286427
seq-01/frame-000220.color.png 0.88907 0.0914775 -0.409874 -0.18218 -0.0794763 0.249405 -0.295141
seq-01/frame-000354.color.png 0.920078 0.171714 0.308823 0.169114 -0.861517 -0.169113 0.595093
seq-01/frame-000365.color.png 0.922335 0.215194 0.278139 0.160089 -0.894428 -0.094044 0.518254
seq-01/frame-000103.color.png 0.890116 0.250517 -0.090341 -0.369828 0.373179 0.262141 0.0551561
seq-01/frame-000114.color.png 0.887121 0.282385 -0.0972898 -0.351866 0.328499 0.340672 0.0654989
seq-01/frame-000858.color.png 0.999325 0.00722821 -0.0306492 -0.0189227 0.271653 0.0478382 -0.219766
seq-01/frame-000539.color.png 0.99745 0.0707209 0.00839821 0.00460984 0.172325 0.00768239 -0.00191417
seq-01/frame-000684.color.png 0.958764 0.114314 -0.2416 -0.0966064 -0.323468 -0.191088 0.00420292
seq-01/frame-000288.color.png 0.990599 0.0307949 -0.0424134 -0.126357 -0.641231 0.240244 0.0537883
seq-01/frame-000422.color.png 0.987625 0.126676 -0.055989 -0.0735871 -0.476609 0.375938 0.144553
seq-01/frame-000037.color.png 0.979303 0.172966 0.0883008 -0.057026 0.305294 0.221431 -0.301037
seq-01/frame-000433.color.png 0.988855 0.0857978 -0.100335 -0.0688262 -0.459208 0.312704 0.0735613
seq-01/frame-000171.color.png 0.963663 0.167209 -0.142353 -0.152089 -0.00712233 0.206855 -0.142249
seq-01/frame-000182.color.png 0.952682 0.134003 -0.217347 -0.164924 -0.0368488 0.20924 -0.196524
seq-01/frame-000915.color.png 0.993856 -0.0236901 -0.0975553 -0.0466082 0.590804 -0.0121069 -0.155565
seq-01/frame-000926.color.png 0.986373 -0.0233743 -0.153381 -0.0547283 0.691282 -0.0234275 -0.104086
seq-01/frame-000065.color.png 0.982097 0.121692 -0.0604425 -0.13047 0.550716 0.166266 -0.263541
seq-01/frame-000076.color.png 0.963878 0.109858 -0.145821 -0.193926 0.58778 0.11316 -0.159568
seq-01/frame-000820.color.png 0.980372 0.0126363 -0.187563 -0.0594199 0.158714 0.0786909 -0.236412
seq-01/frame-000569.color.png 0.997719 0.000983061 0.0670162 -0.00803826 0.285417 -0.045729 0.043925
seq-01/frame-000250.color.png 0.944151 0.0417972 -0.274455 -0.177503 -0.29821 0.237948 -0.177565
seq-01/frame-000384.color.png 0.950645 0.268644 0.130671 0.0838451 -0.844364 0.202253 0.350273
seq-01/frame-000395.color.png 0.966169 0.249931 0.0396922 0.0497621 -0.741608 0.316273 0.274784
seq-01/frame-000133.color.png 0.945824 0.192423 -0.154227 -0.2112 0.30598 0.177567 -0.115658
seq-01/frame-000144.color.png 0.952333 0.205089 -0.114237 -0.194807 0.236282 0.195878 -0.0989042
seq-01/frame-000877.color.png 0.998347 -0.0118238 -0.0526357 -0.0198207 0.388295 0.0312216 -0.209729
seq-01/frame-000888.color.png 0.998282 -0.0174419 -0.0512425 -0.0224269 0.42354 0.0236408 -0.20616
seq-01/frame-000626.color.png 0.999327 0.00104776 -0.00778656 0.0358235 0.149054 -0.296715 0.107188
seq-01/frame-000637.color.png 0.997535 0.00592413 -0.0679495 0.0165093 0.0510924 -0.296303 0.117916
seq-01/frame-000899.color.png 0.997904 -0.0224184 -0.056767 -0.0214858 0.472073 0.0168249 -0.192942
seq-01/frame-000771.color.png 0.808542 0.0111984 -0.548423 -0.212993 0.256843 0.0404452 -0.262589
seq-01/frame-000782.color.png 0.848739 -0.00624209 -0.494991 -0.185975 0.269057 0.0400376 -0.23915
seq-01/frame-000201.color.png 0.902168 0.0881949 -0.381862 -0.180265 -0.0279671 0.228634 -0.27717
seq-01/frame-000956.color.png 0.968467 -0.0241472 -0.223248 -0.107928 0.868069 -0.0902127 0.00452993
seq-01/frame-000084.color.png 0.904638 0.228599 0.0381116 -0.35766 0.27805 0.366651 0.0106786
seq-01/frame-000095.color.png 0.912508 0.194622 -0.116274 -0.340488 0.45077 0.152963 0.0263728
seq-01/frame-000106.color.png 0.884985 0.266112 -0.08964 -0.371418 0.351615 0.301631 0.0494148
seq-01/frame-000839.color.png 0.997092 0.0136593 -0.0738181 -0.0131034 0.181541 0.0747803 -0.224417
seq-01/frame-000588.color.png 0.995378 -0.0220664 0.088107 0.0311838 0.292584 -0.167612 0.0812685
seq-01/frame-000599.color.png 0.993395 -0.018768 0.102285 0.0484865 0.279736 -0.240934 0.0815221
seq-01/frame-000850.color.png 0.999209 0.0159247 -0.0340532 -0.0129442 0.223822 0.0600301 -0.219371
seq-01/frame-000733.color.png 0.928028 0.04657 -0.341476 -0.141383 -0.136463 0.0709438 -0.265485
seq-01/frame-000337.color.png 0.954468 0.0855463 0.267168 0.101457 -0.848853 -0.0830976 0.554969
seq-01/frame-000744.color.png 0.882212 0.0242274 -0.439266 -0.167807 0.026389 0.0765001 -0.321832
seq-01/frame-000984.color.png 0.940703 0.0978196 -0.215611 -0.242943 0.796139 -0.212046 0.125061
seq-01/frame-000482.color.png 0.989097 0.0443528 -0.129261 -0.0548738 -0.282417 0.0462867 0.0154416
seq-01/frame-000995.color.png 0.962182 0.118517 -0.156924 -0.188507 0.76364 -0.0899813 0.0779049
seq-01/frame-000231.color.png 0.914048 0.0870982 -0.359086 -0.167292 -0.162423 0.239184 -0.268734
seq-01/frame-000414.color.png 0.986768 0.147863 -0.0403575 -0.0528932 -0.509204 0.390352 0.18206
seq-01/frame-000163.color.png 0.963853 0.184553 -0.0963741 -0.166249 0.0575922 0.209748 -0.119019
seq-01/frame-000918.color.png 0.992786 -0.0205781 -0.107644 -0.0486348 0.61263 -0.0106105 -0.149133
seq-01/frame-000656.color.png 0.982055 0.0170838 -0.183896 -0.038195 -0.110677 -0.264668 0.0743127
seq-01/frame-000667.color.png 0.967514 0.0464689 -0.238755 -0.0689459 -0.192674 -0.236854 0.0332059
seq-01/frame-000068.color.png 0.979322 0.115463 -0.0816825 -0.144657 0.569895 0.151714 -0.242146
seq-01/frame-000801.color.png 0.934485 -0.00218719 -0.337458 -0.11338 0.218305 0.0520131 -0.245586
seq-01/frame-000812.color.png 0.966223 -0.00103653 -0.246718 -0.0744453 0.184676 0.0534995 -0.240759
seq-01/frame-000946.color.png 0.975316 -0.0332942 -0.201497 -0.0839538 0.827318 -0.0628321 -0.043778
seq-01/frame-000550.color.png 0.998723 0.0326354 0.038481 -0.0025934 0.231681 0.0201408 0.0120459
seq-01/frame-000561.color.png 0.99849 0.00580645 0.0546245 -0.000509678 0.27378 -0.00501849 0.0208924
seq-01/frame-000957.color.png 0.967611 -0.0221121 -0.225211 -0.111888 0.869364 -0.0951964 0.0116764
seq-01/frame-000695.color.png 0.966403 0.115194 -0.213493 -0.0849542 -0.375677 -0.152446 -0.0100495
seq-01/frame-000299.color.png 0.99656 0.045048 0.0237299 -0.0653949 -0.754661 0.164567 0.150348
seq-01/frame-000310.color.png 0.995341 0.0506788 0.0790472 -0.0218788 -0.830328 0.107186 0.223324
seq-01/frame-000444.color.png 0.988134 0.0638824 -0.104033 -0.0932053 -0.440327 0.256833 0.0592131
seq-01/frame-000193.color.png 0.933496 0.104979 -0.305449 -0.155775 -0.0385175 0.210165 -0.257074
seq-01/frame-000125.color.png 0.913718 0.281131 -0.10926 -0.272301 0.279131 0.35728 0.0108465
seq-01/frame-000869.color.png 0.99879 -0.00677552 -0.0438179 -0.0212669 0.34623 0.0345173 -0.21393
seq-01/frame-000618.color.png 0.998457 -0.00575975 0.036021 0.0418677 0.199488 -0.309591 0.0874285
seq-01/frame-000629.color.png 0.999056 0.0024187 -0.0258947 0.0348058 0.135264 -0.29018 0.109803
seq-01/frame-000752.color.png 0.850443 0.0144485 -0.494461 -0.179015 0.126692 0.0679202 -0.32972
seq-01/frame-000367.color.png 0.923744 0.228129 0.263695 0.158491 -0.902341 -0.0788751 0.492007
seq-01/frame-000763.color.png 0.821789 0.0103663 -0.532073 -0.203603 0.214271 0.0548697 -0.299939
seq-01/frame-000774.color.png 0.816549 0.00483738 -0.540773 -0.201964 0.265635 0.038359 -0.253595
seq-01/frame-000501.color.png 0.991201 0.0775837 -0.10266 -0.0310095 -0.12015 -0.0142952 -0.00238317
seq-01/frame-000512.color.png 0.994217 0.0849764 -0.0641668 -0.0139502 -0.0169409 -0.0211599 -0.0161587
seq-01/frame-000523.color.png 0.995276 0.0892936 -0.0380709 -0.00162258 0.0578683 -0.0134374 -0.0198346
seq-01/frame-000657.color.png 0.98091 0.0187817 -0.189068 -0.0414223 -0.116971 -0.263255 0.0708077
seq-01/frame-000261.color.png 0.952306 0.0263114 -0.23438 -0.193618 -0.390487 0.260453 -0.124756
seq-01/frame-000908.color.png 0.996733 -0.0242798 -0.06843 -0.0353833 0.532747 0.00230708 -0.184716
seq-01/frame-000406.color.png 0.982472 0.185305 -0.00847879 -0.018389 -0.574989 0.395825 0.222464
seq-01/frame-000010.color.png 0.974424 0.140581 0.173321 -0.0263689 0.0862214 0.1854 -0.202133
seq-01/frame-000831.color.png 0.994156 0.0281513 -0.0993433 -0.0315154 0.135541 0.104573 -0.233581
seq-01/frame-000965.color.png 0.95976 0.00551308 -0.235494 -0.152882 0.865172 -0.154183 0.0670456
seq-01/frame-000580.color.png 0.996675 -0.00667843 0.0808508 0.00759652 0.292555 -0.115198 0.0763761
seq-01/frame-000976.color.png 0.944772 0.0634013 -0.229425 -0.225277 0.815776 -0.228092 0.107246
seq-01/frame-000987.color.png 0.951025 0.0998613 -0.191116 -0.221481 0.79328 -0.172184 0.106079
seq-01/frame-000736.color.png 0.915375 0.0399109 -0.370874 -0.151487 -0.0919011 0.0778838 -0.28569
seq-01/frame-000725.color.png 0.955677 0.0596227 -0.271715 -0.0964273 -0.245851 0.0339271 -0.197217
seq-01/frame-000714.color.png 0.973977 0.0671823 -0.207151 -0.0627933 -0.337752 -0.0357923 -0.0859121
seq-01/frame-000318.color.png 0.990287 0.0488217 0.130187 0.00012116 -0.859647 0.0754165 0.312666
seq-01/frame-000329.color.png 0.972986 0.0565247 0.217971 0.0509178 -0.864837 0.00246657 0.464779
seq-01/frame-000340.color.png 0.947361 0.0956445 0.283996 0.112723 -0.847745 -0.111367 0.585992
seq-01/frame-000463.color.png 0.986832 0.0515546 -0.13238 -0.077328 -0.394588 0.131094 0.0187454
seq-01/frame-000067.color.png 0.979302 0.115712 -0.0816204 -0.144625 0.569854 0.152262 -0.242023
seq-01/frame-000078.color.png 0.959273 0.110102 -0.155807 -0.208318 0.588753 0.0972647 -0.149255
seq-01/frame-000474.color.png 0.988505 0.047901 -0.129214 -0.0621798 -0.333827 0.0761684 0.0171033
seq-01/frame-000212.color.png 0.877768 0.0969269 -0.430937 -0.185529 -0.0391797 0.250623 -0.288925
seq-01/frame-000223.color.png 0.898926 0.0880019 -0.393194 -0.172007 -0.111746 0.244417 -0.291735
seq-01/frame-000619.color.png 0.998579 -0.00392273 0.0308173 0.0432897 0.197602 -0.300365 0.0999181
seq-01/frame-000793.color.png 0.904233 -0.00485737 -0.402756 -0.141869 0.241165 0.0483336 -0.242409
seq-01/frame-000397.color.png 0.968978 0.241982 0.0255322 0.0432846 -0.728087 0.340641 0.262318
seq-01/frame-000938.color.png 0.977637 -0.032001 -0.193448 -0.0760222 0.777749 -0.0543529 -0.0565596
seq-01/frame-000531.color.png 0.995378 0.0930129 -0.0237113 0.0030132 0.112327 -0.00562183 -0.0133807
seq-01/frame-000542.color.png 0.997702 0.0641486 0.021799 0.000652345 0.191104 0.0159567 0.00318838
seq-01/frame-000949.color.png 0.97293 -0.0318537 -0.209687 -0.0917792 0.843977 -0.0741222 -0.027427
seq-01/frame-000676.color.png 0.957554 0.0876063 -0.256705 -0.0975614 -0.269695 -0.203045 0.00954947
seq-01/frame-000280.color.png 0.988465 0.0291642 -0.067161 -0.132573 -0.575278 0.236184 0.0288178
seq-01/frame-000291.color.png 0.993541 0.0327028 -0.00781508 -0.108381 -0.676229 0.222208 0.100913
seq-01/frame-000687.color.png 0.959799 0.122093 -0.233558 -0.0965916 -0.340648 -0.182619 0.000254236
seq-01/frame-000425.color.png 0.989297 0.112768 -0.0616531 -0.0690923 -0.470613 0.355354 0.1272
seq-01/frame-000029.color.png 0.98064 0.158553 0.103722 -0.0494709 0.248281 0.214694 -0.274194
seq-01/frame-000040.color.png 0.979142 0.177938 0.0772215 -0.0604571 0.334686 0.228521 -0.306936
seq-01/frame-000436.color.png 0.988726 0.0800273 -0.0988881 -0.0789785 -0.450347 0.299114 0.0736233
seq-01/frame-000174.color.png 0.962734 0.160201 -0.153528 -0.154622 -0.0171974 0.210764 -0.15735
seq-01/frame-000185.color.png 0.949888 0.128851 -0.236663 -0.158434 -0.0382365 0.208263 -0.216423
seq-01/frame-000610.color.png 0.996004 -0.00654775 0.0754764 0.047298 0.252303 -0.286677 0.0818223
seq-01/frame-000755.color.png 0.845006 0.0147814 -0.501792 -0.184261 0.148147 0.0677958 -0.327643
seq-01/frame-000359.color.png 0.920466 0.182629 0.301594 0.168615 -0.878905 -0.136592 0.564388
seq-01/frame-000493.color.png 0.989155 0.0629107 -0.126742 -0.0393937 -0.189236 0.00490169 0.0118206
seq-01/frame-000108.color.png 0.881954 0.278303 -0.0777932 -0.372362 0.324727 0.334756 0.0587894
seq-01/frame-000504.color.png 0.991836 0.0811292 -0.0944237 -0.0276416 -0.0912161 -0.0172895 -0.0077026
seq-01/frame-000638.color.png 0.997325 0.0057381 -0.0715789 0.0136528 0.034571 -0.297217 0.119167
seq-01/frame-000242.color.png 0.935436 0.0636143 -0.300913 -0.174255 -0.235986 0.240396 -0.21306
seq-01/frame-000253.color.png 0.946886 0.0319779 -0.263238 -0.181906 -0.322197 0.244122 -0.168477
seq-01/frame-000649.color.png 0.98947 0.0118722 -0.143217 -0.0172226 -0.054966 -0.283011 0.0977001
seq-01/frame-000387.color.png 0.9549 0.264545 0.107191 0.0818001 -0.822835 0.221446 0.32956
seq-01/frame-000002.color.png 0.974974 0.130829 0.179124 -0.0149989 0.0644625 0.179541 -0.182245
seq-01/frame-000398.color.png 0.971812 0.232724 0.0107531 0.0361318 -0.71011 0.351409 0.247621
seq-01/frame-000136.color.png 0.947915 0.19443 -0.147848 -0.204439 0.295474 0.183352 -0.107024
seq-01/frame-000147.color.png 0.955029 0.199779 -0.0959381 -0.196989 0.211949 0.193675 -0.104296
seq-01/frame-000880.color.png 0.998316 -0.0144259 -0.0529672 -0.0187535 0.39753 0.0297869 -0.210683
seq-01/frame-000891.color.png 0.99825 -0.0182464 -0.0538125 -0.0163862 0.437782 0.0253911 -0.201911
seq-01/frame-000968.color.png 0.956134 0.0218297 -0.232835 -0.176408 0.855457 -0.184625 0.0737544
seq-01/frame-000706.color.png 0.974419 0.0828014 -0.19728 -0.0687863 -0.366649 -0.081377 -0.0339987
seq-01/frame-000717.color.png 0.972556 0.0636098 -0.214179 -0.0649391 -0.321307 -0.0170915 -0.113094
seq-01/frame-000455.color.png 0.987328 0.0566524 -0.123493 -0.0820006 -0.424595 0.174287 0.0302475
seq-01/frame-000059.color.png 0.985652 0.130201 -0.0208309 -0.105372 0.508827 0.187387 -0.299964
seq-01/frame-000070.color.png 0.976516 0.109593 -0.100798 -0.155708 0.578878 0.140632 -0.218885
seq-01/frame-000466.color.png 0.987278 0.0494964 -0.129866 -0.0772464 -0.380467 0.11788 0.0208173
seq-01/frame-000204.color.png 0.893329 0.0864217 -0.399884 -0.185975 -0.0249002 0.232392 -0.280253
seq-01/frame-000215.color.png 0.876785 0.0966733 -0.433524 -0.184278 -0.0478087 0.249562 -0.291764
seq-01/frame-000349.color.png 0.930301 0.143082 0.305632 0.143725 -0.853839 -0.148164 0.609389
seq-01/frame-000360.color.png 0.921045 0.187495 0.297614 0.167179 -0.883051 -0.131069 0.55522
seq-01/frame-000098.color.png 0.900181 0.222224 -0.0947277 -0.362377 0.397543 0.212119 0.015178
seq-01/frame-000842.color.png 0.998143 0.0116245 -0.0588813 -0.0104027 0.195088 0.0649584 -0.219657
seq-01/frame-000853.color.png 0.999272 0.0186025 -0.0300487 -0.0143466 0.240285 0.0645979 -0.216917
seq-01/frame-000591.color.png 0.994713 -0.0261923 0.0922323 0.0367838 0.289385 -0.190812 0.0816145
seq-01/frame-000668.color.png 0.965453 0.0514993 -0.244557 -0.073756 -0.201996 -0.233456 0.0296
seq-01/frame-000272.color.png 0.973474 0.0384489 -0.161842 -0.157089 -0.485148 0.250485 -0.0600667
seq-01/frame-000679.color.png 0.956836 0.100909 -0.254596 -0.0972749 -0.287216 -0.200254 0.00910438
seq-01/frame-000417.color.png 0.986952 0.14116 -0.0490298 -0.0599588 -0.499511 0.380197 0.168362
seq-01/frame-000021.color.png 0.979892 0.142273 0.132258 -0.0455875 0.172004 0.200241 -0.243976
seq-01/frame-000428.color.png 0.989799 0.105585 -0.0671233 -0.0681437 -0.464527 0.33744 0.114998
seq-01/frame-000155.color.png 0.959849 0.199356 -0.0847065 -0.178249 0.132551 0.202747 -0.108283
seq-01/frame-000166.color.png 0.964524 0.17795 -0.114423 -0.157906 0.0371499 0.211561 -0.124246
seq-01/frame-000177.color.png 0.962548 0.147022 -0.163802 -0.158285 -0.0353213 0.205197 -0.164916
seq-01/frame-000910.color.png 0.995918 -0.0252099 -0.076571 -0.0405942 0.551897 -0.00179854 -0.177642
seq-01/frame-000921.color.png 0.9908 -0.0222912 -0.124263 -0.0487625 0.644058 -0.01251 -0.133931
seq-01/frame-000060.color.png 0.985643 0.130265 -0.0208322 -0.10538 0.508855 0.187452 -0.299797
seq-01/frame-000804.color.png 0.943774 -0.00178601 -0.31466 -0.101374 0.207118 0.0551076 -0.243934
seq-01/frame-000815.color.png 0.970361 0.00525461 -0.231225 -0.0700471 0.181051 0.0624355 -0.2375
seq-01/frame-000553.color.png 0.998687 0.0229611 0.0457133 -0.00284831 0.248076 0.0212443 0.011847
seq-01/frame-000485.color.png 0.989217 0.047156 -0.128943 -0.0509854 -0.256448 0.0317281 0.015078
seq-01/frame-000234.color.png 0.921409 0.0861045 -0.340435 -0.166417 -0.188359 0.239013 -0.252489
seq-01/frame-000368.color.png 0.924582 0.233911 0.256279 0.157334 -0.905799 -0.0704261 0.48193
seq-01/frame-000379.color.png 0.94089 0.273934 0.16561 0.110727 -0.888308 0.110865 0.379257
seq-01/frame-000390.color.png 0.957065 0.268517 0.0763794 0.0780521 -0.802139 0.248066 0.303014
seq-01/frame-000117.color.png 0.893277 0.283796 -0.0950853 -0.335372 0.316053 0.35002 0.0421099
seq-01/frame-000128.color.png 0.937045 0.190902 -0.186399 -0.225297 0.360679 0.160839 -0.116175
seq-01/frame-000139.color.png 0.951942 0.189689 -0.129433 -0.202661 0.265024 0.17822 -0.111867
seq-01/frame-000872.color.png 0.998582 -0.00781623 -0.0476414 -0.0224112 0.361751 0.032439 -0.212462
seq-01/frame-000621.color.png 0.999003 -0.00295717 0.0190042 0.0402992 0.18171 -0.298903 0.106909
seq-01/frame-000632.color.png 0.998454 0.00380045 -0.0480093 0.0277418 0.110528 -0.29365 0.111899
seq-01/frame-000883.color.png 0.998205 -0.0170863 -0.0547366 -0.0172626 0.409134 0.0294713 -0.208863
seq-01/frame-000766.color.png 0.810077 0.0135454 -0.548799 -0.205938 0.23963 0.0503214 -0.277335
seq-01/frame-000515.color.png 0.994687 0.085016 -0.0573614 -0.00897849 -0.00100864 -0.0208381 -0.0166473
seq-01/frame-000264.color.png 0.957886 0.0284952 -0.221461 -0.180549 -0.41689 0.253961 -0.112637
seq-01/frame-000447.color.png 0.987909 0.0582005 -0.110011 -0.0924426 -0.432763 0.23671 0.0509577
seq-01/frame-000196.color.png 0.925965 0.101139 -0.326384 -0.160728 -0.0393004 0.215285 -0.264293
seq-01/frame-000940.color.png 0.977245 -0.0334425 -0.194422 -0.0779294 0.793797 -0.0584274 -0.0557068
seq-01/frame-000845.color.png 0.998567 0.0171351 -0.0486272 -0.014332 0.204958 0.0678279 -0.218323
seq-01/frame-000834.color.png 0.99487 0.0113586 -0.0967562 -0.0272567 0.169131 0.0707288 -0.228192
seq-01/frame-000079.color.png 0.953649 0.118928 -0.166007 -0.221021 0.596561 0.098525 -0.145441
seq-01/frame-000090.color.png 0.892776 0.244996 -0.00538999 -0.37802 0.34369 0.338453 0.0996901
seq-01/frame-000101.color.png 0.904561 0.197461 -0.144394 -0.349183 0.447487 0.13577 -0.017805
seq-01/frame-000823.color.png 0.983976 0.00109744 -0.17056 -0.0519569 0.16121 0.0597338 -0.236949
seq-01/frame-000572.color.png 0.997231 -0.00226534 0.0739451 -0.00756535 0.287522 -0.064313 0.0550116
seq-01/frame-000583.color.png 0.996346 -0.0137711 0.0823338 0.0180335 0.296156 -0.130435 0.081141
seq-01/frame-000594.color.png 0.994109 -0.0249759 0.0960642 0.0435447 0.284675 -0.21211 0.0821039
seq-01/frame-000728.color.png 0.944871 0.0540013 -0.304311 -0.108157 -0.205385 0.0464178 -0.229121
seq-01/frame-000321.color.png 0.987509 0.0485665 0.149047 0.0158824 -0.870528 0.0523102 0.345558
seq-01/frame-000332.color.png 0.967731 0.0627106 0.233629 0.0705807 -0.866162 -0.0295886 0.493773
seq-01/frame-000979.color.png 0.939434 0.0808962 -0.231537 -0.239396 0.801667 -0.229698 0.123922
seq-01/frame-000477.color.png 0.988766 0.0463896 -0.129436 -0.058627 -0.314337 0.0646406 0.0179776
seq-01/frame-000409.color.png 0.983659 0.176542 -0.0227533 -0.027026 -0.552307 0.390962 0.208199
seq-01/frame-000158.color.png 0.960326 0.198781 -0.0889041 -0.17423 0.113783 0.207899 -0.108472
seq-01/frame-000902.color.png 0.997706 -0.0241377 -0.0582699 -0.0246012 0.490551 0.0181364 -0.194252
seq-01/frame-000651.color.png 0.98731 0.0127428 -0.156588 -0.0231888 -0.0694948 -0.278847 0.0915268
seq-01/frame-000785.color.png 0.865892 -0.00511775 -0.46819 -0.176077 0.264245 0.0408816 -0.238217
seq-01/frame-000796.color.png 0.912171 -0.00555552 -0.387064 -0.134518 0.236492 0.0482475 -0.242722
seq-01/frame-000807.color.png 0.950276 -0.000668809 -0.29619 -0.0961551 0.199769 0.0561936 -0.240355
seq-01/frame-000941.color.png 0.977206 -0.0320149 -0.194686 -0.078368 0.800144 -0.0559832 -0.056353
seq-01/frame-000534.color.png 0.996022 0.0884013 -0.0108333 0.00283704 0.140997 0.00552985 -0.00771225
seq-01/frame-000545.color.png 0.998055 0.0540151 0.0308044 -0.00454469 0.213595 0.0189424 0.00835922
seq-01/frame-000690.color.png 0.962957 0.121406 -0.221535 -0.0943251 -0.354259 -0.175226 0.00123893
seq-01/frame-000283.color.png 0.99072 0.0278731 -0.053903 -0.12162 -0.600251 0.224577 0.0437189
seq-01/frame-000294.color.png 0.994981 0.0352434 0.00548395 -0.0934947 -0.702677 0.20551 0.121282
seq-01/frame-000032.color.png 0.980193 0.160763 0.101111 -0.0561579 0.26671 0.212086 -0.285401
seq-01/frame-000109.color.png 0.886812 0.271826 -0.0873986 -0.363369 0.334782 0.313122 0.0621952
seq-01/frame-000120.color.png 0.903329 0.283695 -0.0940804 -0.307672 0.283764 0.360954 0.0310245
seq-01/frame-000864.color.png 0.998985 -0.00181224 -0.0391209 -0.0222529 0.317397 0.0370681 -0.213564
seq-01/frame-000998.color.png 0.965186 0.117295 -0.149405 -0.179825 0.748511 -0.070458 0.0718221
seq-01/frame-000602.color.png 0.993314 -0.0152882 0.102913 0.0500161 0.275015 -0.253107 0.0805066
seq-01/frame-000613.color.png 0.997417 -0.00393192 0.056386 0.0443145 0.235711 -0.300108 0.0792435
seq-01/frame-000747.color.png 0.870185 0.0217644 -0.463571 -0.165549 0.0617021 0.071688 -0.32571
seq-01/frame-000351.color.png 0.925989 0.153796 0.309215 0.152567 -0.859287 -0.156951 0.608573
seq-01/frame-000362.color.png 0.921338 0.198583 0.289754 0.166564 -0.890336 -0.120396 0.537297
seq-01/frame-000758.color.png 0.832495 0.0137294 -0.518367 -0.19509 0.180877 0.0643169 -0.315626
seq-01/frame-000496.color.png 0.989998 0.0692495 -0.117426 -0.0363244 -0.159359 -0.00458926 0.0109395
seq-01/frame-000507.color.png 0.992791 0.0824037 -0.083939 -0.0230345 -0.0627948 -0.0204415 -0.0114194
seq-01/frame-000903.color.png 0.997523 -0.0258822 -0.0600091 -0.0260226 0.498435 0.0155743 -0.192275
seq-01/frame-000245.color.png 0.939357 0.0568505 -0.290189 -0.173686 -0.256101 0.236728 -0.200435
seq-01/frame-000256.color.png 0.949906 0.0216198 -0.248359 -0.188489 -0.349293 0.248547 -0.150514
seq-01/frame-000005.color.png 0.97432 0.13555 0.179063 -0.0161989 0.0667353 0.179492 -0.186192
seq-01/frame-000826.color.png 0.988249 0.00796138 -0.144947 -0.0478641 0.162359 0.0653897 -0.231216
seq-01/frame-000960.color.png 0.964479 -0.0147353 -0.231011 -0.127268 0.870514 -0.116406 0.0354574
seq-01/frame-000564.color.png 0.998217 0.00459229 0.0593068 -0.00485105 0.283299 -0.0225587 0.0294398
seq-01/frame-000575.color.png 0.997125 -0.00099126 0.0757066 -0.00306506 0.29026 -0.08586 0.0656361
seq-01/frame-000971.color.png 0.951902 0.0408144 -0.229965 -0.198325 0.843579 -0.208027 0.0811149
seq-01/frame-000709.color.png 0.974873 0.0757139 -0.198365 -0.0673912 -0.362096 -0.067474 -0.0467961
seq-01/frame-000313.color.png 0.994215 0.0475 0.0952038 -0.0147433 -0.842566 0.0960468 0.254519
seq-01/frame-000324.color.png 0.984182 0.0482602 0.16933 0.0195845 -0.868422 0.0488397 0.381279
seq-01/frame-000720.color.png 0.967974 0.0623298 -0.231371 -0.074888 -0.298436 0.00418042 -0.143628
seq-01/frame-000458.color.png 0.986541 0.0563018 -0.130999 -0.0800399 -0.413569 0.159984 0.024025
seq-01/frame-000062.color.png 0.984735 0.124681 -0.0414142 -0.114179 0.531352 0.178462 -0.281842
seq-01/frame-000073.color.png 0.972706 0.109813 -0.118203 -0.166767 0.582498 0.135954 -0.194792
seq-01/frame-000469.color.png 0.987727 0.0471 -0.131232 -0.0703902 -0.36618 0.0992834 0.0156615
seq-01/frame-000207.color.png 0.886279 0.0875793 -0.41335 -0.18969 -0.0299812 0.241137 -0.283155
seq-01/frame-000218.color.png 0.884204 0.0941515 -0.419269 -0.183117 -0.0686679 0.248761 -0.295194
seq-01/frame-000777.color.png 0.826137 0.000694706 -0.528219 -0.19617 0.268791 0.0375474 -0.246564
seq-01/frame-000788.color.png 0.876509 -0.00778882 -0.451259 -0.167439 0.259817 0.0426393 -0.239832
seq-01/frame-000922.color.png 0.99022 -0.0227005 -0.128692 -0.0488714 0.653644 -0.0127084 -0.130465
seq-01/frame-000526.color.png 0.995043 0.0932629 -0.0339569 0.00611885 0.080967 -0.00923304 -0.0187051
seq-01/frame-000537.color.png 0.996825 0.0792143 -0.00102725 0.00796716 0.158466 0.0108002 -0.00460076
seq-01/frame-000933.color.png 0.979076 -0.0262237 -0.188605 -0.0717723 0.74576 -0.0481726 -0.0609375
seq-01/frame-000671.color.png 0.961894 0.0636455 -0.252224 -0.0842109 -0.231304 -0.222179 0.0191175
seq-01/frame-000275.color.png 0.984299 0.0327271 -0.112357 -0.132137 -0.530658 0.227623 -0.0144544
seq-01/frame-000286.color.png 0.990569 0.03073 -0.048023 -0.124589 -0.635317 0.235037 0.0460717
seq-01/frame-000682.color.png 0.956943 0.113072 -0.247122 -0.102009 -0.310482 -0.188191 0.00611925
seq-01/frame-000420.color.png 0.986763 0.135223 -0.053386 -0.0718559 -0.481473 0.382358 0.15707
seq-01/frame-000013.color.png 0.976029 0.143999 0.160187 -0.031171 0.110384 0.19449 -0.212673
seq-01/frame-000024.color.png 0.980124 0.14696 0.123208 -0.0507856 0.199688 0.202311 -0.259829
seq-01/frame-000035.color.png 0.979413 0.169298 0.0925474 -0.0593643 0.294382 0.215162 -0.299043
seq-01/frame-000169.color.png 0.963324 0.17492 -0.133187 -0.153853 0.0177339 0.211095 -0.134337
seq-01/frame-000431.color.png 0.98973 0.0913916 -0.0879147 -0.0659742 -0.470782 0.319382 0.0841535
seq-01/frame-000990.color.png 0.953244 0.117731 -0.174237 -0.217042 0.784085 -0.150106 0.087267
seq-01/frame-000739.color.png 0.904181 0.0326823 -0.388527 -0.174457 -0.0509422 0.0831676 -0.298259
seq-01/frame-000343.color.png 0.941644 0.116494 0.290428 0.124047 -0.851023 -0.126867 0.594659
seq-01/frame-000750.color.png 0.858739 0.0164648 -0.48224 -0.172454 0.101088 0.068776 -0.331863
seq-01/frame-000488.color.png 0.98904 0.0509096 -0.130786 -0.0458579 -0.236098 0.0213991 0.0139856
seq-01/frame-000092.color.png 0.912737 0.200831 -0.0874915 -0.344854 0.439676 0.182322 0.0700847
seq-01/frame-000499.color.png 0.990413 0.0757846 -0.10985 -0.0356689 -0.140509 -0.0080046 0.00587984
seq-01/frame-000633.color.png 0.998144 0.00504915 -0.0551679 0.0252825 0.101662 -0.291235 0.111586
seq-01/frame-000226.color.png 0.903571 0.0879787 -0.384318 -0.167686 -0.129085 0.242266 -0.286248
seq-01/frame-000237.color.png 0.925577 0.0847323 -0.330003 -0.165001 -0.20913 0.240042 -0.239721
seq-01/frame-000248.color.png 0.942426 0.0463656 -0.282339 -0.173114 -0.27948 0.234446 -0.190046
seq-01/frame-000382.color.png 0.947401 0.274271 0.137218 0.0915344 -0.862176 0.174131 0.350879
seq-01/frame-000644.color.png 0.9939 0.00891782 -0.109907 -0.00208232 -0.00648954 -0.292685 0.116144
seq-01/frame-000131.color.png 0.942193 0.190893 -0.165862 -0.219824 0.334539 0.170475 -0.119033
seq-01/frame-000875.color.png 0.998587 -0.0101956 -0.0480402 -0.0203087 0.371991 0.0328546 -0.213084
seq-01/frame-000886.color.png 0.99818 -0.0177557 -0.0537717 -0.0207302 0.422321 0.0249225 -0.205568
seq-01/frame-000963.color.png 0.962157 -0.00221175 -0.232936 -0.141384 0.86881 -0.134782 0.0516935
seq-01/frame-000556.color.png 0.998748 0.00950252 0.0489056 -0.00444634 0.261057 0.00708808 0.0142628
seq-01/frame-000701.color.png 0.970009 0.101585 -0.204493 -0.0833341 -0.380401 -0.11629 -0.0174945
seq-01/frame-000305.color.png 0.996741 0.0516722 0.0469842 -0.0403639 -0.801655 0.130064 0.17615
seq-01/frame-000712.color.png 0.974764 0.0700376 -0.201826 -0.0647761 -0.348744 -0.0470474 -0.0691171
seq-01/frame-000439.color.png 0.988351 0.0727609 -0.101713 -0.0867273 -0.446881 0.28684 0.0662348
seq-01/frame-000054.color.png 0.984767 0.148687 0.0153383 -0.0888354 0.46228 0.209243 -0.321721
seq-01/frame-000450.color.png 0.987978 0.0577265 -0.112704 -0.0886864 -0.431646 0.210073 0.0451542
seq-01/frame-000461.color.png 0.987283 0.0532943 -0.128433 -0.0770507 -0.405228 0.144476 0.0224556
seq-01/frame-000188.color.png 0.941627 0.120125 -0.273801 -0.15473 -0.0316576 0.208482 -0.238249
seq-01/frame-000199.color.png 0.910863 0.0927022 -0.3638 -0.171419 -0.0286721 0.220795 -0.274586
seq-01/frame-000210.color.png 0.881711 0.0929244 -0.423392 -0.18625 -0.0365326 0.246951 -0.285613
seq-01/frame-000344.color.png 0.939549 0.122114 0.293164 0.128023 -0.851524 -0.130878 0.597331
seq-01/frame-000093.color.png 0.914989 0.19265 -0.0829886 -0.344664 0.426367 0.159817 0.0817927
seq-01/frame-000837.color.png 0.996559 0.0130764 -0.0796411 -0.0189046 0.176519 0.0757372 -0.226741
seq-01/frame-000586.color.png 0.995821 -0.017859 0.0862453 0.0241348 0.294246 -0.150956 0.0827576
seq-01/frame-000769.color.png 0.80654 0.0134798 -0.55122 -0.213235 0.250114 0.0444724 -0.269903
seq-01/frame-000518.color.png 0.994945 0.0875038 -0.0487941 -0.00680856 0.0269993 -0.0172342 -0.0170446
seq-01/frame-000663.color.png 0.97434 0.0310382 -0.215431 -0.0573463 -0.163852 -0.249217 0.0498427
seq-01/frame-000267.color.png 0.961069 0.0329702 -0.208961 -0.177748 -0.436775 0.254689 -0.100624
seq-01/frame-000674.color.png 0.958063 0.0825667 -0.259571 -0.0889988 -0.248656 -0.20882 0.0147034
seq-01/frame-000401.color.png 0.978498 0.205719 -0.00645622 0.0134364 -0.643932 0.384919 0.219607
seq-01/frame-000016.color.png 0.978067 0.140024 0.150132 -0.0351816 0.13223 0.191601 -0.222661
seq-01/frame-000412.color.png 0.985331 0.161242 -0.0341491 -0.0442476 -0.52505 0.395119 0.189256
seq-01/frame-000423.color.png 0.988244 0.121061 -0.0593205 -0.0720999 -0.474719 0.368968 0.137476
seq-01/frame-000150.color.png 0.956894 0.197498 -0.0826722 -0.196248 0.181659 0.195566 -0.109069
seq-01/frame-000161.color.png 0.964124 0.183569 -0.0938382 -0.16722 0.0734343 0.203514 -0.122332
seq-01/frame-000172.color.png 0.962716 0.170203 -0.150135 -0.147202 0.00470539 0.207622 -0.151399
seq-01/frame-000665.color.png 0.971345 0.0384852 -0.226054 -0.0625019 -0.178053 -0.244579 0.0418685
seq-01/frame-000894.color.png 0.998087 -0.0191554 -0.0557236 -0.0187209 0.451412 0.0243749 -0.198172
seq-01/frame-000905.color.png 0.997164 -0.0278252 -0.0636647 -0.0289339 0.514993 0.0080121 -0.187934
seq-01/frame-000916.color.png 0.993193 -0.0212688 -0.103779 -0.0484226 0.60258 -0.0116671 -0.151262
seq-01/frame-000055.color.png 0.985426 0.142696 0.00742342 -0.0922935 0.473084 0.203107 -0.31825
seq-01/frame-000799.color.png 0.925422 -0.00341723 -0.357915 -0.124414 0.224646 0.0464538 -0.243501
seq-01/frame-000978.color.png 0.940815 0.0777085 -0.229958 -0.236532 0.804899 -0.230756 0.115346
seq-01/frame-000548.color.png 0.997995 0.047064 0.0422304 -0.00291198 0.219051 0.0196997 0.00783538
seq-01/frame-000731.color.png 0.934246 0.0496101 -0.328781 -0.128946 -0.16262 0.061023 -0.252859
seq-01/frame-000480.color.png 0.989343 0.0446151 -0.126612 -0.0563768 -0.292153 0.0519848 0.0157103
seq-01/frame-000229.color.png 0.910788 0.0858993 -0.367605 -0.167193 -0.152661 0.239648 -0.274628
seq-01/frame-000363.color.png 0.922488 0.204215 0.283621 0.163926 -0.892264 -0.109984 0.524874
seq-01/frame-000374.color.png 0.936592 0.256747 0.203034 0.125115 -0.904635 0.0462573 0.411208
seq-01/frame-000385.color.png 0.951979 0.266337 0.126246 0.0828339 -0.837697 0.210751 0.347288
seq-01/frame-000112.color.png 0.88788 0.280726 -0.0887697 -0.353528 0.316106 0.341242 0.0595164
seq-01/frame-000123.color.png 0.909886 0.28205 -0.0984377 -0.287863 0.271073 0.365249 0.0215041
seq-01/frame-000856.color.png 0.999511 0.00833032 -0.0259064 -0.0154339 0.261207 0.0492567 -0.222075
seq-01/frame-000867.color.png 0.998803 -0.00389164 -0.0437466 -0.0215138 0.333928 0.037901 -0.212587
seq-01/frame-000605.color.png 0.993748 -0.0148375 0.0972515 0.0527936 0.273602 -0.266854 0.0799061
seq-01/frame-000616.color.png 0.998253 -0.00342739 0.0405528 0.0428414 0.218653 -0.304539 0.0897275
seq-01/frame-000878.color.png 0.998388 -0.012702 -0.0520446 -0.0187349 0.39214 0.0317615 -0.211336
seq-01/frame-000761.color.png 0.824306 0.010381 -0.528336 -0.203155 0.206473 0.0571055 -0.304551
seq-01/frame-000442.color.png 0.987971 0.0691934 -0.101001 -0.0944665 -0.439401 0.274213 0.0643866
seq-01/frame-000180.color.png 0.957255 0.14021 -0.192836 -0.163761 -0.0381545 0.205271 -0.179682
seq-01/frame-000191.color.png 0.938186 0.113545 -0.28842 -0.154038 -0.0322123 0.211426 -0.249345
seq-01/frame-000935.color.png 0.97846 -0.0273187 -0.191092 -0.0731631 0.754748 -0.0494682 -0.0587431
seq-01/frame-000074.color.png 0.969997 0.110164 -0.12843 -0.174571 0.584137 0.131062 -0.181721
seq-01/frame-000085.color.png 0.906098 0.237099 0.0263571 -0.349394 0.271172 0.369571 -0.0170246
seq-01/frame-000818.color.png 0.97373 0.00458882 -0.218338 -0.0644744 0.182413 0.0613202 -0.236737
seq-01/frame-000829.color.png 0.991625 0.0135567 -0.122174 -0.0396118 0.157969 0.0769169 -0.229373
seq-01/frame-000567.color.png 0.997901 0.00277281 0.0642661 -0.00741343 0.283741 -0.0336947 0.0357943
seq-01/frame-000578.color.png 0.996813 -0.0025197 0.0797157 0.0015945 0.291512 -0.104761 0.0714685
seq-01/frame-000974.color.png 0.948946 0.049431 -0.229524 -0.210659 0.829951 -0.215594 0.0992321
seq-01/frame-000316.color.png 0.991106 0.0492916 0.123595 -0.00193207 -0.855078 0.0770869 0.301382
seq-01/frame-000327.color.png 0.978017 0.0537349 0.197939 0.0376303 -0.862052 0.0237041 0.431385
seq-01/frame-000404.color.png 0.981758 0.189804 -0.00621932 -0.00929591 -0.593964 0.394879 0.222791
seq-01/frame-000142.color.png 0.951768 0.201645 -0.123633 -0.195429 0.250857 0.189842 -0.102479
seq-01/frame-000153.color.png 0.958476 0.196974 -0.0857495 -0.187543 0.157086 0.196524 -0.110915
seq-01/frame-000897.color.png 0.998039 -0.024377 -0.0543346 -0.0192546 0.464134 0.0183967 -0.196503
seq-01/frame-000635.color.png 0.997757 0.00585957 -0.0632477 0.0211297 0.0785188 -0.292729 0.114743
seq-01/frame-000646.color.png 0.992047 0.00905306 -0.125277 -0.00810196 -0.0221845 -0.289199 0.110969
seq-01/frame-000780.color.png 0.836775 -0.00397976 -0.510961 -0.19675 0.271937 0.0363252 -0.238277
seq-01/frame-000791.color.png 0.893846 -0.0092512 -0.422035 -0.151129 0.25064 0.0463796 -0.242402
seq-01/frame-000925.color.png 0.987491 -0.0240587 -0.147167 -0.0512282 0.682494 -0.0196329 -0.110361
seq-01/frame-000529.color.png 0.995196 0.0946827 -0.0243808 0.00509251 0.102832 -0.0063625 -0.0133146
seq-01/frame-000540.color.png 0.997437 0.0703748 0.0126177 0.00270813 0.178847 0.0101886 -0.000420524
seq-01/frame-000278.color.png 0.985676 0.0335281 -0.0880659 -0.139868 -0.547432 0.24043 0.0102684
seq-01/frame-000289.color.png 0.991313 0.0313589 -0.0302745 -0.12409 -0.650197 0.240886 0.0697555
seq-01/frame-000027.color.png 0.98042 0.153818 0.113237 -0.0479015 0.221251 0.209398 -0.266349
seq-01/frame-000719.color.png 0.969511 0.0629934 -0.226316 -0.0697169 -0.305988 -0.00345791 -0.133594
seq-01/frame-000104.color.png 0.887406 0.257426 -0.0706694 -0.375832 0.343631 0.288544 0.0638022
seq-01/frame-000115.color.png 0.891734 0.278426 -0.100725 -0.342262 0.331363 0.333655 0.0565996
seq-01/frame-000848.color.png 0.99888 0.020242 -0.0410063 -0.0121217 0.221495 0.071837 -0.217124
seq-01/frame-000859.color.png 0.999101 0.00737494 -0.0351171 -0.0225949 0.283622 0.0486773 -0.214075
seq-01/frame-000597.color.png 0.993635 -0.0214639 0.0998326 0.04757 0.281649 -0.23172 0.0816169
seq-01/frame-000608.color.png 0.995333 -0.00807052 0.0839513 0.0468882 0.263434 -0.281196 0.076211
seq-01/frame-000993.color.png 0.9585 0.12521 -0.159686 -0.20025 0.775626 -0.109718 0.0747772
seq-01/frame-000742.color.png 0.890005 0.0276972 -0.422023 -0.170357 -0.00259773 0.0799552 -0.313941
seq-01/frame-000346.color.png 0.935847 0.130321 0.298933 0.133591 -0.851632 -0.13652 0.604373
seq-01/frame-000357.color.png 0.91974 0.175846 0.305993 0.17183 -0.874659 -0.152521 0.574822
seq-01/frame-000753.color.png 0.850442 0.0144873 -0.494452 -0.179041 0.126684 0.0680064 -0.329702
seq-01/frame-000491.color.png 0.988629 0.0579466 -0.13157 -0.0440888 -0.209893 0.0164771 0.0120274
seq-01/frame-000502.color.png 0.991564 0.0782257 -0.0989337 -0.0298892 -0.111319 -0.0169292 -0.00399728
seq-01/frame-000887.color.png 0.998286 -0.0173145 -0.0511856 -0.0224686 0.423418 0.0238283 -0.206124
seq-01/frame-000636.color.png 0.997711 0.00557314 -0.0649391 0.0180061 0.0620358 -0.295525 0.117032
seq-01/frame-000240.color.png 0.930112 0.0727926 -0.317177 -0.17027 -0.216848 0.238595 -0.227052
seq-01/frame-000810.color.png 0.960943 -0.00252894 -0.263176 -0.0855645 0.189662 0.0568649 -0.237747
seq-01/frame-000821.color.png 0.981975 0.0201586 -0.180679 -0.0517109 0.163197 0.095054 -0.234908
seq-01/frame-000955.color.png 0.96929 -0.0277199 -0.221083 -0.104068 0.86471 -0.0879861 -0.000755157
seq-01/frame-000559.color.png 0.99857 0.00749773 0.052832 -0.00308855 0.26767 0.00381017 0.015709
seq-01/frame-000570.color.png 0.997622 -0.00019976 0.0684781 -0.00777606 0.287948 -0.0517359 0.0481226
seq-01/frame-000966.color.png 0.958168 0.0112531 -0.235006 -0.162972 0.860862 -0.168988 0.070616
seq-01/frame-000704.color.png 0.973204 0.0886661 -0.198538 -0.074803 -0.373146 -0.095773 -0.0242339
seq-01/frame-000297.color.png 0.996072 0.0398185 0.0160748 -0.0774349 -0.730058 0.183576 0.135987
seq-01/frame-000308.color.png 0.996101 0.0524751 0.0638812 -0.0308069 -0.815262 0.117148 0.200323
seq-01/frame-000319.color.png 0.989353 0.048806 0.137045 0.00411172 -0.863437 0.0697714 0.324443
seq-01/frame-000453.color.png 0.987777 0.057453 -0.118946 -0.0827461 -0.427543 0.188922 0.0383547
seq-01/frame-000046.color.png 0.981463 0.171658 0.0532989 -0.0665031 0.390998 0.228697 -0.322757
seq-01/frame-000057.color.png 0.985927 0.137504 -0.00269156 -0.0950457 0.486143 0.198171 -0.312617
seq-01/frame-000598.color.png 0.993442 -0.0209117 0.101168 0.0489911 0.280939 -0.237169 0.0804559
seq-01/frame-000202.color.png 0.902074 0.0881061 -0.38214 -0.180189 -0.0272876 0.228321 -0.277845
seq-01/frame-000715.color.png 0.973656 0.0665303 -0.208582 -0.0637279 -0.332715 -0.0292384 -0.0956777
seq-01/frame-000134.color.png 0.945725 0.192597 -0.151876 -0.213177 0.302234 0.178174 -0.118085
seq-01/frame-000627.color.png 0.999242 0.000813296 -0.0144525 0.0361373 0.145676 -0.294229 0.107953
seq-01/frame-000772.color.png 0.81132 0.00995044 -0.545556 -0.209832 0.259559 0.0401221 -0.26149
seq-01/frame-000376.color.png 0.938845 0.2601 0.191054 0.12007 -0.89221 0.0689806 0.400246
seq-01/frame-000783.color.png 0.854104 -0.0080225 -0.488308 -0.178877 0.26924 0.0377118 -0.236649
seq-01/frame-000928.color.png 0.985165 -0.0240109 -0.160588 -0.0555422 0.700312 -0.0242698 -0.0958982
seq-01/frame-000917.color.png 0.99279 -0.0205961 -0.107606 -0.0486356 0.612564 -0.010641 -0.149165
seq-01/frame-000510.color.png 0.99366 0.0836471 -0.0733178 -0.0163525 -0.0343455 -0.0217335 -0.0139225
seq-01/frame-000521.color.png 0.995286 0.0880991 -0.0402462 -0.00488045 0.0396254 -0.0156386 -0.0185991
seq-01/frame-000532.color.png 0.995529 0.09214 -0.0207369 0.00124083 0.126309 -0.00319749 -0.0123576
seq-01/frame-000655.color.png 0.983077 0.0150483 -0.179195 -0.0349622 -0.102308 -0.268788 0.0773355
seq-01/frame-000270.color.png 0.9697 0.0333167 -0.178633 -0.163288 -0.469624 0.249253 -0.0700587
seq-01/frame-000281.color.png 0.988467 0.0291644 -0.067132 -0.132575 -0.575329 0.2362 0.0288506
seq-01/frame-000259.color.png 0.951544 0.0205372 -0.239314 -0.192018 -0.368733 0.252368 -0.134327
seq-01/frame-000415.color.png 0.986245 0.150422 -0.0406882 -0.0551282 -0.507428 0.389516 0.182318
seq-01/frame-000008.color.png 0.97409 0.141709 0.175122 -0.0199699 0.0804298 0.185833 -0.192153
seq-01/frame-000019.color.png 0.979639 0.142707 0.13473 -0.0423133 0.163276 0.200415 -0.237588
seq-01/frame-000030.color.png 0.980603 0.158712 0.102365 -0.0524466 0.257802 0.212455 -0.280113
seq-01/frame-000164.color.png 0.96404 0.183663 -0.10299 -0.162135 0.0452012 0.215878 -0.119568
seq-01/frame-000840.color.png 0.997451 0.0122412 -0.0692857 -0.0118703 0.186314 0.0724468 -0.220749
seq-01/frame-000985.color.png 0.943495 0.100769 -0.206436 -0.238845 0.798088 -0.197052 0.116206
seq-01/frame-000589.color.png 0.99524 -0.0225827 0.088632 0.0336378 0.292962 -0.173598 0.0811941
seq-01/frame-000723.color.png 0.961651 0.0597736 -0.252412 -0.0891191 -0.269299 0.0242695 -0.17457
seq-01/frame-000338.color.png 0.951444 0.0877724 0.27533 0.106034 -0.846415 -0.093845 0.5701
seq-01/frame-000734.color.png 0.924517 0.0448045 -0.34997 -0.144161 -0.123074 0.0730795 -0.272744
seq-01/frame-000472.color.png 0.987588 0.0476487 -0.132362 -0.0698533 -0.34703 0.0913556 0.0156249
seq-01/frame-000087.color.png 0.902786 0.232673 0.0109924 -0.361552 0.302523 0.340593 0.0275844
seq-01/frame-000483.color.png 0.988952 0.045006 -0.13006 -0.0550749 -0.271289 0.0428581 0.0156044
seq-01/frame-000494.color.png 0.989399 0.0651419 -0.124254 -0.0375177 -0.180429 0.00165703 0.0101851
seq-01/frame-000221.color.png 0.894172 0.0878999 -0.400725 -0.1793 -0.0926428 0.246697 -0.294355
seq-01/frame-000232.color.png 0.916959 0.088596 -0.351352 -0.167001 -0.173425 0.240985 -0.26423
seq-01/frame-000243.color.png 0.937962 0.0589559 -0.294372 -0.173482 -0.246842 0.236736 -0.204608
seq-01/frame-000366.color.png 0.923731 0.223333 0.268784 0.156838 -0.900284 -0.0814257 0.501222
seq-01/frame-000377.color.png 0.939205 0.265145 0.18604 0.113934 -0.886365 0.0845216 0.40151
seq-01/frame-000628.color.png 0.999236 0.00212422 -0.0173346 0.0349755 0.135381 -0.289912 0.110388
seq-01/frame-000126.color.png 0.934204 0.191829 -0.19998 -0.22466 0.388154 0.159513 -0.110288
seq-01/frame-000870.color.png 0.998789 -0.00682905 -0.0438588 -0.0212357 0.346311 0.03444 -0.213937
seq-01/frame-000802.color.png 0.940153 -0.00340076 -0.323414 -0.10726 0.208481 0.0521209 -0.245794
seq-01/frame-000551.color.png 0.998829 0.0275887 0.0396068 -0.00328944 0.238438 0.0154208 0.0123768
seq-01/frame-000685.color.png 0.958309 0.118608 -0.242078 -0.0947337 -0.323282 -0.18829 0.0084988
seq-01/frame-000300.color.png 0.996738 0.0496665 0.0261604 -0.0579809 -0.763724 0.152748 0.150462
seq-01/frame-000696.color.png 0.966761 0.115441 -0.211358 -0.085875 -0.37737 -0.142755 -0.0121989
seq-01/frame-000434.color.png 0.988782 0.0837164 -0.100688 -0.071856 -0.455071 0.308805 0.0735277
seq-01/frame-000038.color.png 0.979481 0.175081 0.0816785 -0.0573732 0.320083 0.2241 -0.303413
seq-01/frame-000049.color.png 0.98277 0.166147 0.0391217 -0.0709116 0.417908 0.227099 -0.322294
seq-01/frame-000445.color.png 0.987885 0.0627969 -0.107176 -0.0930236 -0.438753 0.250587 0.0538816
seq-01/frame-000183.color.png 0.950532 0.129872 -0.22956 -0.164089 -0.0328764 0.207718 -0.207158
seq-01/frame-000194.color.png 0.929537 0.104102 -0.316285 -0.158393 -0.035738 0.213194 -0.260923
seq-01/frame-000927.color.png 0.986369 -0.0233915 -0.153412 -0.0547082 0.691328 -0.0234339 -0.104048
seq-01/frame-000328.color.png 0.97497 0.0541004 0.21152 0.0420135 -0.861999 0.0138834 0.453927
seq-01/frame-000339.color.png 0.949322 0.0896513 0.280585 0.109644 -0.84711 -0.104522 0.578905
seq-01/frame-000077.color.png 0.963831 0.1099 -0.146183 -0.193862 0.588397 0.113143 -0.159065
seq-01/frame-000832.color.png 0.995438 0.029814 -0.0858901 -0.02895 0.13133 0.107642 -0.232288
seq-01/frame-000764.color.png 0.818209 0.0122153 -0.538365 -0.201365 0.223066 0.0545932 -0.294522
