seq-01/frame-000683.color.png 0.958094 0.112736 -0.244369 -0.0981297 -0.319999 -0.199351 0.0126276
seq-01/frame-000694.color.png 0.965453 0.116086 -0.216878 -0.0859585 -0.374622 -0.161777 -0.00186821
seq-01/frame-000432.color.png 0.989393 0.0852606 -0.0961872 -0.0676783 -0.463878 0.314669 0.0766444
seq-01/frame-000113.color.png 0.899642 0.224415 -0.207519 -0.311797 0.457768 0.19101 -0.0695643
seq-01/frame-000247.color.png 0.941007 0.0506027 -0.287777 -0.170674 -0.268907 0.231922 -0.195892
seq-01/frame-000258.color.png 0.953408 0.0287829 -0.232605 -0.189948 -0.380418 0.265155 -0.118158
seq-01/frame-000269.color.png 0.96712 0.0380015 -0.186339 -0.168856 -0.463037 0.26432 -0.0794319
seq-01/frame-000007.color.png 0.974674 0.13629 0.176439 -0.0174547 0.0712646 0.177727 -0.190892
seq-01/frame-000751.color.png 0.854064 0.0169476 -0.489669 -0.174676 0.115587 0.0704005 -0.330424
seq-01/frame-000762.color.png 0.82387 0.0109173 -0.528971 -0.203245 0.208233 0.0576356 -0.303147
seq-01/frame-000907.color.png 0.996859 -0.0233886 -0.0683391 -0.0324866 0.527632 0.00927637 -0.178486
seq-01/frame-000500.color.png 0.991175 0.0776983 -0.102647 -0.0316061 -0.136665 -0.0141274 0.00521109
seq-01/frame-000018.color.png 0.979403 0.141129 0.138922 -0.0393977 0.151468 0.195976 -0.231205
seq-01/frame-000896.color.png 0.998208 -0.0195201 -0.0535453 -0.0182141 0.459538 0.028071 -0.193938
seq-01/frame-000645.color.png 0.992695 0.0103814 -0.120032 -0.00643667 -0.0103646 -0.290605 0.106676
seq-01/frame-000489.color.png 0.988158 0.0593749 -0.134418 -0.0441695 -0.21625 0.0232162 0.0156035
seq-01/frame-000790.color.png 0.887799 -0.00691308 -0.432657 -0.156761 0.257257 0.0475832 -0.241698
seq-01/frame-000394.color.png 0.963837 0.256217 0.047075 0.0561662 -0.756116 0.308642 0.285141
seq-01/frame-000143.color.png 0.953631 0.196065 -0.114514 -0.197566 0.232377 0.18492 -0.104765
seq-01/frame-000326.color.png 0.979711 0.056117 0.188702 0.0375457 -0.865133 0.024775 0.420587
seq-01/frame-000075.color.png 0.966711 0.109345 -0.13935 -0.184648 0.588958 0.121314 -0.168854
seq-01/frame-000819.color.png 0.978184 0.0040567 -0.196776 -0.066479 0.16123 0.0635173 -0.23118
seq-01/frame-000964.color.png 0.961412 0.01115 -0.229499 -0.151306 0.86371 -0.13516 0.0531
seq-01/frame-000975.color.png 0.946928 0.0637034 -0.225134 -0.220415 0.820369 -0.214951 0.0974099
seq-01/frame-000702.color.png 0.971224 0.0972747 -0.201448 -0.0817322 -0.380341 -0.108091 -0.017914
seq-01/frame-000713.color.png 0.97443 0.0678572 -0.20462 -0.0633397 -0.342704 -0.0415553 -0.0795035
seq-01/frame-000724.color.png 0.958581 0.0607016 -0.262452 -0.0925015 -0.256384 0.0297363 -0.186248
seq-01/frame-000858.color.png 0.999308 0.00676409 -0.0319917 -0.0177306 0.272784 0.0474767 -0.213096
seq-01/frame-000451.color.png 0.987928 0.0583756 -0.114584 -0.0863763 -0.430449 0.202086 0.044037
seq-01/frame-000462.color.png 0.987286 0.0548264 -0.128622 -0.0756127 -0.401332 0.138928 0.0265299
seq-01/frame-000473.color.png 0.988241 0.0516808 -0.127801 -0.0661473 -0.341832 0.0893778 0.0211674
seq-01/frame-000607.color.png 0.99479 -0.00809069 0.0911555 0.0449174 0.266984 -0.271754 0.0825508
seq-01/frame-000200.color.png 0.906101 0.0916033 -0.373796 -0.17569 -0.0262341 0.22604 -0.27548
seq-01/frame-000211.color.png 0.87955 0.0947493 -0.428298 -0.184327 -0.0387291 0.247057 -0.287096
seq-01/frame-000356.color.png 0.918804 0.176294 0.308281 0.172287 -0.869209 -0.162724 0.581027
seq-01/frame-000288.color.png 0.990503 0.0349169 -0.0432248 -0.125766 -0.64004 0.244758 0.0518681
seq-01/frame-000037.color.png 0.979091 0.174873 0.0867683 -0.0572017 0.30745 0.224254 -0.298682
seq-01/frame-000781.color.png 0.841485 -0.0035553 -0.505104 -0.19173 0.277086 0.0387657 -0.236117
seq-01/frame-000915.color.png 0.993915 -0.0214256 -0.0972498 -0.0470739 0.590645 -0.00909729 -0.154071
seq-01/frame-000530.color.png 0.995702 0.088599 -0.0267793 0.003295 0.107909 -0.0164418 -0.0234517
seq-01/frame-000926.color.png 0.986744 -0.0175711 -0.151288 -0.0560393 0.688856 -0.0158062 -0.104723
seq-01/frame-000937.color.png 0.978443 -0.0210521 -0.190611 -0.0766379 0.768562 -0.0406564 -0.061677
seq-01/frame-000664.color.png 0.972973 0.0328969 -0.220768 -0.0591894 -0.170652 -0.249832 0.0491049
seq-01/frame-000675.color.png 0.957507 0.0844714 -0.259207 -0.0941092 -0.259068 -0.211686 0.0147323
seq-01/frame-000686.color.png 0.958906 0.12086 -0.238768 -0.0942472 -0.334166 -0.1925 0.0109855
seq-01/frame-000820.color.png 0.987318 0.0020211 -0.143716 -0.0674181 0.0749704 0.0663888 -0.23802
seq-01/frame-000413.color.png 0.986877 0.149394 -0.03675 -0.0490372 -0.516248 0.394839 0.180801
seq-01/frame-000424.color.png 0.989214 0.112706 -0.0607829 -0.0711231 -0.469561 0.359645 0.132147
seq-01/frame-000435.color.png 0.989295 0.0782111 -0.0975474 -0.0752462 -0.454194 0.300711 0.0765633
seq-01/frame-000569.color.png 0.997961 -0.0028663 0.0632692 -0.00789501 0.290261 -0.0532644 0.0391424
seq-01/frame-000162.color.png 0.965407 0.174752 -0.0873718 -0.172678 0.0609342 0.192807 -0.124358
seq-01/frame-000173.color.png 0.963426 0.160109 -0.145996 -0.157673 -0.0177511 0.20366 -0.151502
seq-01/frame-000994.color.png 0.960205 0.125342 -0.157022 -0.194011 0.76885 -0.0923972 0.0761066
seq-01/frame-000743.color.png 0.885348 0.0272645 -0.432068 -0.169509 0.0156595 0.0790593 -0.317744
seq-01/frame-000877.color.png 0.99833 -0.00933602 -0.0535539 -0.0195228 0.38853 0.0359168 -0.202483
seq-01/frame-000492.color.png 0.988517 0.0644623 -0.130053 -0.0420181 -0.194951 0.0139169 0.0162413
seq-01/frame-000888.color.png 0.99824 -0.015264 -0.0526718 -0.0225855 0.425057 0.0273016 -0.198365
seq-01/frame-000899.color.png 0.997938 -0.0193936 -0.0573064 -0.0214356 0.4724 0.0220518 -0.187684
seq-01/frame-000648.color.png 0.990112 0.0115326 -0.139129 -0.0137204 -0.0395149 -0.28526 0.0989416
seq-01/frame-000637.color.png 0.997451 0.00562841 -0.0693169 0.0159718 0.053008 -0.299028 0.114733
seq-01/frame-000241.color.png 0.933006 0.068952 -0.309867 -0.169493 -0.226185 0.234532 -0.224402
seq-01/frame-000782.color.png 0.84802 -0.00489543 -0.497019 -0.183877 0.274329 0.0405358 -0.237503
seq-01/frame-000386.color.png 0.953226 0.266399 0.117296 0.0814477 -0.828657 0.223597 0.341335
seq-01/frame-000626.color.png 0.999446 -0.00162539 -0.00578535 0.0327313 0.1401 -0.30566 0.106396
seq-01/frame-000230.color.png 0.914054 0.0845568 -0.360259 -0.166037 -0.162147 0.232513 -0.274591
seq-01/frame-000771.color.png 0.807033 0.0135114 -0.55024 -0.213895 0.261929 0.0436651 -0.258691
seq-01/frame-000124.color.png 0.933912 0.17437 -0.200703 -0.239001 0.378018 0.136708 -0.130484
seq-01/frame-000135.color.png 0.948373 0.184206 -0.149245 -0.210673 0.288994 0.170182 -0.11749
seq-01/frame-000375.color.png 0.937362 0.259121 0.197382 0.123484 -0.899802 0.0586487 0.403195
seq-01/frame-000956.color.png 0.969125 -0.013686 -0.219198 -0.112082 0.86529 -0.0809064 -0.00241873
seq-01/frame-000705.color.png 0.973696 0.0862761 -0.198133 -0.072218 -0.371494 -0.0858949 -0.0304377
seq-01/frame-000839.color.png 0.99711 0.00169649 -0.0752897 -0.0100555 0.184934 0.0517922 -0.225729
seq-01/frame-000443.color.png 0.988564 0.0642822 -0.0992729 -0.0935598 -0.442535 0.263367 0.0647638
seq-01/frame-000454.color.png 0.987459 0.0599058 -0.119784 -0.0835956 -0.425863 0.186227 0.0378943
seq-01/frame-000850.color.png 0.999074 0.0105354 -0.0405252 -0.00984406 0.236367 0.0515627 -0.217228
seq-01/frame-000588.color.png 0.995509 -0.0257954 0.0867313 0.0278398 0.293445 -0.177123 0.0770443
seq-01/frame-000192.color.png 0.936734 0.107722 -0.294592 -0.155373 -0.038668 0.210783 -0.255812
seq-01/frame-000203.color.png 0.898747 0.087349 -0.389477 -0.181469 -0.0318917 0.231181 -0.277436
seq-01/frame-000599.color.png 0.994088 -0.0177329 0.0982546 0.0426701 0.285338 -0.241546 0.0791609
seq-01/frame-000337.color.png 0.953987 0.0870827 0.26688 0.105361 -0.84826 -0.0893493 0.554394
seq-01/frame-000348.color.png 0.931339 0.140954 0.303459 0.143706 -0.853453 -0.150635 0.603139
seq-01/frame-000482.color.png 0.989261 0.0489681 -0.126243 -0.0550292 -0.285927 0.0525089 0.018111
seq-01/frame-000086.color.png 0.929932 0.179147 -0.143231 -0.287432 0.515455 0.168211 -0.0968787
seq-01/frame-000097.color.png 0.891781 0.213477 -0.18578 -0.353043 0.53988 0.165188 -0.0588809
seq-01/frame-000231.color.png 0.914047 0.084527 -0.360304 -0.165993 -0.162043 0.232405 -0.274722
seq-01/frame-000918.color.png 0.992868 -0.0181739 -0.106643 -0.0501021 0.6118 -0.00872078 -0.149652
seq-01/frame-000656.color.png 0.982022 0.0161011 -0.184418 -0.0369283 -0.10825 -0.268105 0.0746465
seq-01/frame-000667.color.png 0.967441 0.0449571 -0.239779 -0.0673975 -0.189066 -0.241546 0.0365095
seq-01/frame-000801.color.png 0.933703 0.00103841 -0.339662 -0.113259 0.226812 0.056896 -0.240558
seq-01/frame-000405.color.png 0.981667 0.189825 -0.00697855 -0.015716 -0.579095 0.405032 0.230242
seq-01/frame-000416.color.png 0.987571 0.140443 -0.0428664 -0.0560487 -0.505351 0.380418 0.169681
seq-01/frame-000812.color.png 0.966249 0.00170939 -0.247082 -0.0728655 0.18432 0.0561786 -0.2465
seq-01/frame-000550.color.png 0.999037 0.0271155 0.0342956 -0.0037986 0.237807 0.00962809 0.00569611
seq-01/frame-000154.color.png 0.960373 0.189215 -0.0797668 -0.188465 0.133704 0.188782 -0.113296
seq-01/frame-000165.color.png 0.96575 0.173133 -0.0997083 -0.165559 0.0372358 0.199804 -0.125581
seq-01/frame-000561.color.png 0.998694 0.000343136 0.0510859 -0.000571652 0.277781 -0.0150524 0.0157515
seq-01/frame-000299.color.png 0.996417 0.0478767 0.0210909 -0.0664529 -0.751805 0.169151 0.144244
seq-01/frame-000310.color.png 0.99522 0.0543508 0.0781136 -0.021949 -0.830791 0.110944 0.222196
seq-01/frame-000048.color.png 0.981803 0.171687 0.0447856 -0.0676794 0.406335 0.233731 -0.319258
seq-01/frame-000193.color.png 0.933286 0.105405 -0.305411 -0.156817 -0.0394647 0.211408 -0.255464
seq-01/frame-000869.color.png 0.998816 -0.00549377 -0.0431177 -0.0218492 0.343447 0.0358157 -0.20895
seq-01/frame-000618.color.png 0.998353 -0.00339252 0.0421641 0.0387653 0.185805 -0.302143 0.0959857
seq-01/frame-000629.color.png 0.999259 -0.00524545 -0.0215596 0.0314563 0.118562 -0.312133 0.11402
seq-01/frame-000367.color.png 0.924116 0.228084 0.262944 0.157632 -0.902841 -0.0767959 0.488022
seq-01/frame-000378.color.png 0.939094 0.271395 0.17985 0.110002 -0.88753 0.101518 0.396756
seq-01/frame-000501.color.png 0.991522 0.0776464 -0.0997662 -0.0300303 -0.124188 -0.0191189 0.00308631
seq-01/frame-000105.color.png 0.89297 0.212852 -0.209237 -0.336926 0.505911 0.151099 -0.0754536
seq-01/frame-000116.color.png 0.919656 0.176608 -0.196522 -0.290555 0.402487 0.122866 -0.13119
seq-01/frame-000127.color.png 0.939227 0.172727 -0.188907 -0.228763 0.353993 0.136225 -0.131913
seq-01/frame-000261.color.png 0.95374 0.0341501 -0.229268 -0.191442 -0.399295 0.271921 -0.109754
seq-01/frame-000512.color.png 0.994253 0.08507 -0.0635094 -0.0138098 -0.0141408 -0.0256484 -0.00958565
seq-01/frame-000523.color.png 0.995212 0.0892147 -0.0399142 -0.000390999 0.0689874 -0.0178145 -0.0111032
seq-01/frame-000010.color.png 0.974352 0.139398 0.17468 -0.0263277 0.0808634 0.184425 -0.201874
seq-01/frame-000754.color.png 0.846922 0.0155221 -0.499005 -0.182962 0.140652 0.0691045 -0.326485
seq-01/frame-000765.color.png 0.813379 0.0131051 -0.545508 -0.201652 0.232449 0.0532953 -0.282656
seq-01/frame-000580.color.png 0.996746 -0.0099467 0.0796706 0.00721104 0.293363 -0.122032 0.0709472
seq-01/frame-000184.color.png 0.949251 0.129371 -0.23755 -0.160489 -0.0354378 0.210462 -0.214747
seq-01/frame-000318.color.png 0.990266 0.0527529 0.128786 0.00234187 -0.859757 0.0755497 0.313476
seq-01/frame-000329.color.png 0.972867 0.0593741 0.216896 0.0544138 -0.863512 -0.000626626 0.465825
seq-01/frame-000340.color.png 0.947231 0.099813 0.281568 0.116236 -0.845745 -0.112147 0.58181
seq-01/frame-000067.color.png 0.978951 0.118344 -0.0818071 -0.144768 0.570169 0.157563 -0.239755
seq-01/frame-000078.color.png 0.957814 0.111326 -0.161434 -0.210092 0.599446 0.0963188 -0.146181
seq-01/frame-000089.color.png 0.900554 0.230147 -0.180522 -0.321632 0.59364 0.213573 -0.0210353
seq-01/frame-000212.color.png 0.878222 0.0957412 -0.43086 -0.18417 -0.0408701 0.247837 -0.289126
seq-01/frame-000223.color.png 0.89867 0.0868636 -0.394408 -0.171143 -0.110576 0.241017 -0.294355
seq-01/frame-000967.color.png 0.957034 0.026898 -0.229211 -0.175568 0.855026 -0.171171 0.0648878
seq-01/frame-000978.color.png 0.940642 0.0833054 -0.226938 -0.238228 0.803183 -0.225018 0.112198
seq-01/frame-000716.color.png 0.972811 0.0641633 -0.212557 -0.0658831 -0.325119 -0.0225253 -0.108309
seq-01/frame-000861.color.png 0.998974 0.00387508 -0.0340428 -0.0295995 0.286861 0.0366963 -0.213368
seq-01/frame-000465.color.png 0.987204 0.0535697 -0.128706 -0.0774106 -0.379267 0.123087 0.0274301
seq-01/frame-000397.color.png 0.967951 0.245757 0.0300301 0.0421016 -0.730624 0.348142 0.275325
seq-01/frame-000542.color.png 0.998248 0.0571007 0.0155155 -0.000149016 0.202222 0.00340731 -0.00510406
seq-01/frame-000146.color.png 0.954497 0.1934 -0.101187 -0.203206 0.215339 0.185088 -0.107119
seq-01/frame-000280.color.png 0.988425 0.0336368 -0.066273 -0.132258 -0.575757 0.242155 0.0312339
seq-01/frame-000291.color.png 0.993366 0.036524 -0.00785915 -0.108754 -0.676411 0.227545 0.0996922
seq-01/frame-000029.color.png 0.980317 0.16212 0.101238 -0.0494651 0.252268 0.220118 -0.27155
seq-01/frame-000040.color.png 0.978707 0.181015 0.0761263 -0.0597624 0.336271 0.234321 -0.302529
seq-01/frame-000773.color.png 0.812446 0.010272 -0.545406 -0.205813 0.26761 0.0442242 -0.254324
seq-01/frame-000784.color.png 0.859283 -0.00580895 -0.48051 -0.175238 0.272402 0.0376715 -0.234409
seq-01/frame-000795.color.png 0.911975 -0.00362455 -0.387689 -0.134112 0.240335 0.0512127 -0.239339
seq-01/frame-000929.color.png 0.983752 -0.0172634 -0.16864 -0.0591122 0.70939 -0.0173686 -0.08328
seq-01/frame-000678.color.png 0.957194 0.0958401 -0.256185 -0.0946731 -0.281298 -0.208234 0.0141161
seq-01/frame-000427.color.png 0.990012 0.103469 -0.0669487 -0.0684765 -0.463587 0.339295 0.118863
seq-01/frame-000610.color.png 0.996193 -0.00465752 0.0751325 0.0439693 0.251419 -0.28385 0.085746
seq-01/frame-000359.color.png 0.920599 0.18297 0.300929 0.168701 -0.880125 -0.136018 0.559213
seq-01/frame-000108.color.png 0.898907 0.200987 -0.218389 -0.3223 0.484965 0.132877 -0.0907627
seq-01/frame-000242.color.png 0.934923 0.0635781 -0.30395 -0.171728 -0.232624 0.23507 -0.218983
seq-01/frame-000253.color.png 0.948643 0.0416367 -0.259323 -0.176336 -0.329761 0.254675 -0.151595
seq-01/frame-000986.color.png 0.947322 0.10487 -0.194761 -0.231626 0.793529 -0.174859 0.10595
seq-01/frame-000997.color.png 0.962717 0.121337 -0.15312 -0.187102 0.756553 -0.079271 0.0766379
seq-01/frame-000002.color.png 0.974908 0.128903 0.180868 -0.0150241 0.0581705 0.176717 -0.182188
seq-01/frame-000735.color.png 0.919885 0.0445718 -0.361631 -0.145078 -0.10691 0.0753186 -0.278812
seq-01/frame-000746.color.png 0.875192 0.0255605 -0.454405 -0.164017 0.0462785 0.0765429 -0.32333
seq-01/frame-000757.color.png 0.835834 0.0151815 -0.514757 -0.190204 0.171812 0.0668576 -0.317992
seq-01/frame-000484.color.png 0.989409 0.050163 -0.125045 -0.0540107 -0.268203 0.0438729 0.0194146
seq-01/frame-000495.color.png 0.989044 0.0707931 -0.124289 -0.0365043 -0.161697 0.00148393 0.0149696
seq-01/frame-000880.color.png 0.99827 -0.0123671 -0.0545759 -0.0180447 0.399269 0.0340263 -0.20334
seq-01/frame-000640.color.png 0.996064 0.00711391 -0.088118 0.00648845 0.030397 -0.296161 0.115496
seq-01/frame-000891.color.png 0.998198 -0.0156383 -0.0558158 -0.0154973 0.440428 0.0308736 -0.19347
seq-01/frame-000059.color.png 0.985895 0.13088 -0.0219999 -0.101971 0.51073 0.192636 -0.298628
seq-01/frame-000070.color.png 0.976384 0.111977 -0.0975877 -0.156885 0.574577 0.145255 -0.221377
seq-01/frame-000814.color.png 0.968594 0.0031895 -0.238287 -0.0709514 0.181327 0.0571253 -0.242765
seq-01/frame-000948.color.png 0.974504 -0.0230735 -0.203286 -0.0921104 0.834746 -0.0600575 -0.0398534
seq-01/frame-000959.color.png 0.966259 -0.00670839 -0.225013 -0.125173 0.868349 -0.0971737 0.0202468
seq-01/frame-000697.color.png 0.967445 0.111005 -0.210083 -0.0871416 -0.381385 -0.139558 -0.00962271
seq-01/frame-000708.color.png 0.974294 0.079958 -0.199294 -0.0681129 -0.363537 -0.0732479 -0.0423243
seq-01/frame-000719.color.png 0.96922 0.0623979 -0.227482 -0.0705004 -0.304594 -0.00359689 -0.135982
seq-01/frame-000842.color.png 0.998224 0.00288251 -0.0590704 -0.00713351 0.195423 0.04923 -0.221746
seq-01/frame-000446.color.png 0.988056 0.0599578 -0.107608 -0.0925817 -0.437764 0.243473 0.0528482
seq-01/frame-000457.color.png 0.986794 0.058828 -0.127102 -0.0813717 -0.420648 0.170901 0.0296353
seq-01/frame-000853.color.png 0.999244 0.0175773 -0.0312947 -0.0149488 0.242319 0.0609547 -0.21363
seq-01/frame-000591.color.png 0.994948 -0.0284494 0.0907933 0.0320402 0.290803 -0.19784 0.0792598
seq-01/frame-000195.color.png 0.926127 0.100603 -0.325537 -0.161843 -0.0424048 0.215559 -0.266965
seq-01/frame-000206.color.png 0.888963 0.0859994 -0.408158 -0.189092 -0.0293821 0.23908 -0.282715
seq-01/frame-000021.color.png 0.979762 0.143813 0.131258 -0.046423 0.172903 0.20171 -0.242982
seq-01/frame-000776.color.png 0.822105 0.00628938 -0.533903 -0.197614 0.272041 0.0417314 -0.246219
seq-01/frame-000910.color.png 0.99587 -0.0227528 -0.0777836 -0.040938 0.55428 0.00176236 -0.17384
seq-01/frame-000514.color.png 0.994544 0.085284 -0.0590588 -0.0109726 -0.0060338 -0.0245165 -0.0111744
seq-01/frame-000525.color.png 0.995379 0.0898379 -0.0338853 0.000853239 0.0741807 -0.0169943 -0.0103959
seq-01/frame-000921.color.png 0.99111 -0.0190085 -0.121881 -0.049848 0.640865 -0.00835169 -0.135342
seq-01/frame-000659.color.png 0.978648 0.0224698 -0.198681 -0.0476449 -0.132535 -0.262083 0.0633567
seq-01/frame-000670.color.png 0.962033 0.0601748 -0.25279 -0.0834802 -0.220644 -0.225571 0.0255144
seq-01/frame-000804.color.png 0.94349 0.000494115 -0.315079 -0.102724 0.211778 0.0596983 -0.237842
seq-01/frame-000408.color.png 0.982587 0.183573 -0.0185182 -0.0219212 -0.559199 0.404067 0.216284
seq-01/frame-000419.color.png 0.987044 0.13516 -0.0530234 -0.068297 -0.482902 0.380644 0.159624
seq-01/frame-000815.color.png 0.970731 0.0075043 -0.228812 -0.0725926 0.175234 0.0659772 -0.237524
seq-01/frame-000553.color.png 0.998949 0.0167473 0.0424871 -0.00388533 0.251642 0.00941918 0.00403491
seq-01/frame-000157.color.png 0.961911 0.189551 -0.0831847 -0.178546 0.101992 0.196522 -0.113583
seq-01/frame-000168.color.png 0.965627 0.161136 -0.127895 -0.158882 0.00455694 0.191277 -0.137102
seq-01/frame-000302.color.png 0.99675 0.0549458 0.029139 -0.0511968 -0.774563 0.146465 0.150224
seq-01/frame-000051.color.png 0.984022 0.157193 0.0234574 -0.080248 0.447357 0.216295 -0.320919
seq-01/frame-000989.color.png 0.951065 0.118516 -0.177383 -0.223528 0.787866 -0.158602 0.0916716
seq-01/frame-000727.color.png 0.948404 0.0564942 -0.294553 -0.102848 -0.216879 0.0412738 -0.218775
seq-01/frame-000738.color.png 0.906929 0.0348717 -0.38462 -0.168319 -0.0621513 0.0811324 -0.292668
seq-01/frame-000872.color.png 0.998657 -0.00613839 -0.0457208 -0.0235863 0.356794 0.033797 -0.208945
seq-01/frame-000476.color.png 0.988608 0.0524371 -0.127217 -0.0610005 -0.32876 0.0792741 0.0175925
seq-01/frame-000487.color.png 0.989078 0.0539875 -0.128511 -0.0479124 -0.245834 0.0338552 0.0176316
seq-01/frame-000883.color.png 0.998208 -0.0145257 -0.055239 -0.0178419 0.409019 0.0334401 -0.202246
seq-01/frame-000621.color.png 0.999065 -0.00614926 0.0198678 0.0378942 0.178298 -0.309476 0.10563
seq-01/frame-000225.color.png 0.90122 0.0860055 -0.389787 -0.168737 -0.119528 0.238476 -0.292749
seq-01/frame-000236.color.png 0.924007 0.0872579 -0.334858 -0.162686 -0.205135 0.236668 -0.249665
seq-01/frame-000632.color.png 0.998729 -0.00417965 -0.0438587 0.0244987 0.0946164 -0.316452 0.11668
seq-01/frame-000370.color.png 0.928527 0.244596 0.237581 0.146851 -0.915817 -0.0332146 0.451262
seq-01/frame-000381.color.png 0.945189 0.277047 0.142396 0.0979065 -0.874144 0.158187 0.353984
seq-01/frame-000766.color.png 0.809555 0.0135544 -0.549666 -0.205679 0.241318 0.0496472 -0.275221
seq-01/frame-000515.color.png 0.994669 0.0853953 -0.0571123 -0.00889062 0.00243456 -0.0244414 -0.0112039
seq-01/frame-000119.color.png 0.923637 0.175938 -0.205469 -0.271519 0.406556 0.122254 -0.14065
seq-01/frame-000264.color.png 0.959203 0.0345254 -0.216172 -0.178908 -0.425855 0.262628 -0.101664
seq-01/frame-000940.color.png 0.977786 -0.0232179 -0.192056 -0.0806836 0.792307 -0.046702 -0.0603383
seq-01/frame-000934.color.png 0.979002 -0.0182052 -0.188539 -0.0753401 0.75248 -0.0386243 -0.0623604
seq-01/frame-000689.color.png 0.962228 0.121367 -0.224674 -0.094391 -0.353129 -0.182482 0.0101191
seq-01/frame-000823.color.png 0.984785 -0.00140716 -0.165569 -0.0527586 0.155154 0.0557791 -0.233627
seq-01/frame-000438.color.png 0.98901 0.0730468 -0.09744 -0.083838 -0.451904 0.289322 0.0713819
seq-01/frame-000449.color.png 0.988246 0.0573339 -0.108523 -0.0911378 -0.433077 0.218779 0.0510511
seq-01/frame-000834.color.png 0.995158 0.00524118 -0.0945622 -0.0262766 0.167501 0.0588342 -0.22762
seq-01/frame-000572.color.png 0.997441 -0.00486533 0.0709181 -0.0076917 0.29108 -0.0698463 0.0514351
seq-01/frame-000176.color.png 0.96367 0.14637 -0.154743 -0.161154 -0.0353735 0.201441 -0.165951
seq-01/frame-000187.color.png 0.944498 0.12204 -0.260982 -0.157857 -0.0371297 0.209181 -0.23063
seq-01/frame-000198.color.png 0.91596 0.0981662 -0.349443 -0.171084 -0.0406753 0.226649 -0.266697
seq-01/frame-000321.color.png 0.987573 0.0531322 0.146682 0.0190067 -0.869427 0.051408 0.346765
seq-01/frame-000332.color.png 0.967538 0.0662001 0.23216 0.0747672 -0.863866 -0.0328588 0.493845
seq-01/frame-000583.color.png 0.996289 -0.0175747 0.0826725 0.0162898 0.294104 -0.138793 0.0750041
seq-01/frame-000477.color.png 0.98895 0.050771 -0.126087 -0.0591718 -0.317785 0.0705721 0.0223598
seq-01/frame-000081.color.png 0.944881 0.11417 -0.181323 -0.24756 0.607477 0.052544 -0.143224
seq-01/frame-000594.color.png 0.994508 -0.0263625 0.0936813 0.0385029 0.288094 -0.218125 0.0799008
seq-01/frame-000970.color.png 0.953443 0.042895 -0.225431 -0.195673 0.843565 -0.19546 0.0718809
seq-01/frame-000902.color.png 0.997651 -0.0215357 -0.0603936 -0.0241256 0.494229 0.0230256 -0.188063
seq-01/frame-000651.color.png 0.986831 0.0129673 -0.15961 -0.0228481 -0.0626303 -0.279996 0.0887784
seq-01/frame-000255.color.png 0.950543 0.0322284 -0.247591 -0.184736 -0.348106 0.258861 -0.141878
seq-01/frame-000796.color.png 0.912032 -0.00343408 -0.387542 -0.134158 0.240093 0.0516226 -0.239328
seq-01/frame-000389.color.png 0.955846 0.267518 0.0911466 0.0805289 -0.808588 0.237037 0.320708
seq-01/frame-000400.color.png 0.975796 0.217648 -0.00425548 0.0207997 -0.658561 0.385419 0.233422
seq-01/frame-000807.color.png 0.949846 0.00260764 -0.297073 -0.0976425 0.205881 0.0631413 -0.233713
seq-01/frame-000534.color.png 0.996623 0.080993 -0.0134624 0.000856832 0.146875 -0.00750176 -0.0184891
seq-01/frame-000138.color.png 0.951065 0.184497 -0.13363 -0.208759 0.271211 0.173622 -0.116265
seq-01/frame-000149.color.png 0.956756 0.191624 -0.0831934 -0.202427 0.185979 0.186891 -0.111276
seq-01/frame-000160.color.png 0.964486 0.180426 -0.0795003 -0.175764 0.0704194 0.197965 -0.122206
seq-01/frame-000294.color.png 0.994803 0.0384 0.00459282 -0.094187 -0.701815 0.210053 0.118063
seq-01/frame-000283.color.png 0.990666 0.0320479 -0.0537092 -0.121115 -0.599929 0.229527 0.0444659
seq-01/frame-000545.color.png 0.998443 0.0483331 0.0274526 -0.00464761 0.218527 0.00932878 0.00132449
seq-01/frame-000032.color.png 0.979985 0.163026 0.0991512 -0.0567541 0.269424 0.214875 -0.283136
seq-01/frame-000043.color.png 0.979938 0.177177 0.0634563 -0.0655944 0.372612 0.232526 -0.313462
seq-01/frame-000932.color.png 0.979936 -0.0172209 -0.184925 -0.0723279 0.736283 -0.0360242 -0.0647076
seq-01/frame-000864.color.png 0.999068 -0.000963044 -0.0364034 -0.023172 0.310279 0.037118 -0.210966
seq-01/frame-000468.color.png 0.987449 0.0533738 -0.129004 -0.0738451 -0.369733 0.113134 0.022929
seq-01/frame-000602.color.png 0.994071 -0.0145708 0.0981513 0.0444546 0.281853 -0.254582 0.0788909
seq-01/frame-000217.color.png 0.879106 0.095255 -0.429292 -0.183869 -0.0562438 0.246865 -0.293942
seq-01/frame-000613.color.png 0.997304 -0.000901444 0.0611311 0.0405861 0.223497 -0.292384 0.0889694
seq-01/frame-000362.color.png 0.921613 0.198715 0.288921 0.16633 -0.891378 -0.119429 0.532617
seq-01/frame-000351.color.png 0.925789 0.155831 0.308018 0.154133 -0.859892 -0.156946 0.602535
seq-01/frame-000507.color.png 0.992819 0.0823311 -0.0838477 -0.0223853 -0.0600622 -0.0258934 -0.00461225
seq-01/frame-000100.color.png 0.899784 0.179926 -0.197989 -0.344695 0.514542 0.0932367 -0.0960817
seq-01/frame-000496.color.png 0.989988 0.07122 -0.116808 -0.0347457 -0.15591 -0.00586506 0.0148006
seq-01/frame-000111.color.png 0.892026 0.248553 -0.191501 -0.325327 0.461821 0.235058 -0.0306289
seq-01/frame-000245.color.png 0.938935 0.0572232 -0.292753 -0.171527 -0.254136 0.232497 -0.205648
seq-01/frame-000256.color.png 0.951725 0.0319039 -0.242627 -0.185292 -0.358941 0.263774 -0.132649
seq-01/frame-000005.color.png 0.974346 0.132962 0.180816 -0.0165975 0.0603087 0.175161 -0.188126
seq-01/frame-000749.color.png 0.861804 0.0205578 -0.476868 -0.171662 0.0901473 0.0727624 -0.329492
seq-01/frame-000430.color.png 0.990774 0.0904284 -0.076636 -0.0657009 -0.471894 0.319239 0.0941967
seq-01/frame-000564.color.png 0.998482 0.000148169 0.0548633 -0.00494291 0.2894 -0.0308917 0.0255823
seq-01/frame-000179.color.png 0.957518 0.13917 -0.191926 -0.164181 -0.0412617 0.203852 -0.181788
seq-01/frame-000575.color.png 0.997365 -0.00295509 0.0724116 -0.00340878 0.294465 -0.0907245 0.0619711
seq-01/frame-000313.color.png 0.994177 0.051032 0.0938394 -0.014211 -0.843447 0.097861 0.253322
seq-01/frame-000324.color.png 0.984212 0.0542411 0.166826 0.0235397 -0.867606 0.0486924 0.384526
seq-01/frame-000062.color.png 0.985277 0.123328 -0.0441045 -0.109883 0.535957 0.180704 -0.280867
seq-01/frame-000073.color.png 0.972401 0.108844 -0.119634 -0.168156 0.58374 0.13343 -0.194186
seq-01/frame-000207.color.png 0.887205 0.0873294 -0.412334 -0.187676 -0.0348281 0.239693 -0.281157
seq-01/frame-000218.color.png 0.883573 0.0931114 -0.421 -0.182722 -0.0657464 0.245332 -0.295919
seq-01/frame-000951.color.png 0.972872 -0.0197868 -0.209214 -0.0967374 0.851664 -0.0612911 -0.0295243
seq-01/frame-000962.color.png 0.963562 0.00439415 -0.22582 -0.143297 0.866048 -0.123776 0.0354375
seq-01/frame-000700.color.png 0.968928 0.105287 -0.206963 -0.0852035 -0.383895 -0.121472 -0.0128712
seq-01/frame-000711.color.png 0.974509 0.071266 -0.201954 -0.0668405 -0.352738 -0.0516797 -0.0634528
seq-01/frame-000537.color.png 0.99718 0.0744835 -0.00626275 0.00674075 0.168689 0.00244472 -0.00848451
seq-01/frame-000130.color.png 0.941233 0.177636 -0.173878 -0.228674 0.33617 0.149633 -0.130143
seq-01/frame-000275.color.png 0.984448 0.0360919 -0.112084 -0.130368 -0.530571 0.229707 -0.0134445
seq-01/frame-000286.color.png 0.990423 0.0345468 -0.0480668 -0.124733 -0.635174 0.240371 0.0456771
seq-01/frame-000013.color.png 0.976044 0.142131 0.161704 -0.0314489 0.105325 0.191366 -0.213926
seq-01/frame-000768.color.png 0.805899 0.0152172 -0.551829 -0.213965 0.252284 0.0473536 -0.267137
seq-01/frame-000779.color.png 0.831654 -0.000764237 -0.51975 -0.195475 0.276563 0.0381374 -0.236742
seq-01/frame-000913.color.png 0.995153 -0.0236389 -0.0858855 -0.0416596 0.57063 -0.00147456 -0.166269
seq-01/frame-000924.color.png 0.989074 -0.0209507 -0.137044 -0.050124 0.668915 -0.0115232 -0.120159
seq-01/frame-000024.color.png 0.979657 0.149356 0.123655 -0.05171 0.197893 0.205501 -0.258364
seq-01/frame-000035.color.png 0.979049 0.172483 0.0904167 -0.0594805 0.297758 0.220105 -0.294757
seq-01/frame-000662.color.png 0.9757 0.0277209 -0.210878 -0.0526404 -0.15467 -0.254151 0.0553643
seq-01/frame-000673.color.png 0.959938 0.0713614 -0.258063 -0.0826494 -0.239764 -0.220054 0.0232001
seq-01/frame-000411.color.png 0.986469 0.156537 -0.0297808 -0.0385641 -0.532554 0.385958 0.190057
seq-01/frame-000343.color.png 0.941334 0.119043 0.289219 0.126774 -0.851198 -0.129372 0.59134
seq-01/frame-000092.color.png 0.897919 0.230277 -0.151046 -0.343364 0.546656 0.214281 0.0232753
seq-01/frame-000237.color.png 0.925234 0.084084 -0.332042 -0.163157 -0.206525 0.23638 -0.246262
seq-01/frame-000248.color.png 0.942069 0.047542 -0.285117 -0.170161 -0.277749 0.23153 -0.193372
seq-01/frame-000981.color.png 0.938408 0.0919486 -0.224077 -0.246425 0.793702 -0.225266 0.124313
seq-01/frame-000992.color.png 0.955389 0.126096 -0.16526 -0.209811 0.779726 -0.127003 0.0835802
seq-01/frame-000730.color.png 0.936809 0.0489376 -0.324699 -0.120687 -0.173217 0.0503035 -0.247213
seq-01/frame-000741.color.png 0.895333 0.0304677 -0.410467 -0.170198 -0.0197042 0.0820843 -0.30949
seq-01/frame-000875.color.png 0.998589 -0.00765397 -0.048802 -0.0194679 0.371481 0.0381497 -0.205727
seq-01/frame-000479.color.png 0.989433 0.0512983 -0.122025 -0.0591667 -0.305485 0.0648473 0.0177944
seq-01/frame-000490.color.png 0.988162 0.0622475 -0.133174 -0.0438932 -0.204135 0.0202638 0.0173536
seq-01/frame-000886.color.png 0.998191 -0.0160475 -0.0537963 -0.0215166 0.421397 0.026903 -0.200215
seq-01/frame-000624.color.png 0.99931 -0.00611742 0.00336661 0.0364695 0.158366 -0.312195 0.11095
seq-01/frame-000056.color.png 0.985569 0.143641 0.0047783 -0.0894339 0.477503 0.208254 -0.316427
seq-01/frame-000373.color.png 0.935871 0.254418 0.208351 0.126516 -0.907981 0.0383382 0.414182
seq-01/frame-000122.color.png 0.930084 0.16607 -0.20726 -0.253787 0.390395 0.115982 -0.144215
seq-01/frame-000305.color.png 0.996681 0.0544964 0.0438384 -0.041652 -0.799046 0.134918 0.16997
seq-01/frame-000798.color.png 0.919799 -0.000844111 -0.371293 -0.126932 0.235474 0.0507788 -0.240328
seq-01/frame-000054.color.png 0.985112 0.148835 0.0104639 -0.0853947 0.470523 0.212929 -0.318791
seq-01/frame-000809.color.png 0.956904 0.00271904 -0.277195 -0.0865432 0.200682 0.0614526 -0.240835
seq-01/frame-000943.color.png 0.976804 -0.0240198 -0.195621 -0.0837273 0.812258 -0.0487643 -0.0569196
seq-01/frame-000954.color.png 0.969994 -0.0163533 -0.2173 -0.107822 0.862334 -0.0765739 -0.00599499
seq-01/frame-000681.color.png 0.957305 0.104592 -0.250392 -0.0996588 -0.304114 -0.201621 0.0151435
seq-01/frame-000692.color.png 0.963896 0.118689 -0.22055 -0.0904205 -0.365429 -0.17278 0.0058539
seq-01/frame-000703.color.png 0.972294 0.0928207 -0.199311 -0.0793989 -0.377485 -0.100433 -0.0208301
seq-01/frame-000837.color.png 0.996276 0.00239941 -0.0846083 -0.016396 0.187355 0.053192 -0.226697
seq-01/frame-000441.color.png 0.988153 0.0680554 -0.100952 -0.0934337 -0.44053 0.276701 0.0675382
seq-01/frame-000452.color.png 0.987918 0.0583457 -0.114772 -0.0862585 -0.430108 0.201893 0.0438647
seq-01/frame-000586.color.png 0.995903 -0.0208573 0.0852839 0.0216673 0.294965 -0.158332 0.0762479
seq-01/frame-000190.color.png 0.939192 0.118571 -0.282451 -0.155179 -0.0303294 0.212143 -0.243868
seq-01/frame-000335.color.png 0.960159 0.0788517 0.25042 0.0957436 -0.853722 -0.0732427 0.526506
seq-01/frame-000016.color.png 0.978351 0.138831 0.149678 -0.0339424 0.131715 0.189997 -0.221736
seq-01/frame-000760.color.png 0.82749 0.0114106 -0.523986 -0.201416 0.198287 0.060254 -0.308471
seq-01/frame-000894.color.png 0.998034 -0.0170208 -0.0576344 -0.0178203 0.454217 0.0288795 -0.191288
seq-01/frame-000509.color.png 0.993493 0.0841344 -0.0744984 -0.0185019 -0.0458011 -0.0248354 -0.00738842
seq-01/frame-000520.color.png 0.995126 0.0874168 -0.0451882 -0.00634661 0.0402496 -0.021284 -0.0141445
seq-01/frame-000905.color.png 0.997181 -0.0244831 -0.0650804 -0.028202 0.517365 0.0147664 -0.182883
seq-01/frame-000643.color.png 0.994226 0.00937076 -0.106894 0.000961132 0.0111958 -0.293016 0.11184
seq-01/frame-000654.color.png 0.984057 0.0143814 -0.174322 -0.0321895 -0.0928394 -0.272989 0.0778321
seq-01/frame-000665.color.png 0.971508 0.0380051 -0.225677 -0.0616267 -0.177384 -0.247012 0.0448268
seq-01/frame-000799.color.png 0.924839 -0.000267777 -0.359867 -0.123161 0.231912 0.0502943 -0.24182
seq-01/frame-000392.color.png 0.959149 0.268666 0.0587697 0.0663141 -0.778636 0.286304 0.295573
seq-01/frame-000403.color.png 0.981261 0.192375 -0.0101957 -0.00375159 -0.602153 0.399804 0.221946
seq-01/frame-000548.color.png 0.998356 0.0408848 0.0399937 -0.00372727 0.221626 0.00859068 -0.00153227
seq-01/frame-000141.color.png 0.952696 0.195058 -0.119715 -0.19998 0.241423 0.183215 -0.107315
seq-01/frame-000152.color.png 0.959898 0.186367 -0.078695 -0.194088 0.143252 0.183829 -0.116554
seq-01/frame-000973.color.png 0.950289 0.0546683 -0.226362 -0.206696 0.834418 -0.196901 0.0890517
seq-01/frame-000722.color.png 0.96397 0.061285 -0.244954 -0.0836854 -0.278414 0.0174853 -0.166397
seq-01/frame-000856.color.png 0.999518 0.00778562 -0.0251809 -0.0164152 0.258962 0.0464354 -0.218565
seq-01/frame-000460.color.png 0.987217 0.0565039 -0.127482 -0.0771882 -0.404378 0.14887 0.02834
seq-01/frame-000471.color.png 0.987362 0.0517042 -0.132407 -0.0700828 -0.355568 0.10042 0.0214762
seq-01/frame-000867.color.png 0.998849 -0.0036179 -0.0418403 -0.0231881 0.329469 0.0360618 -0.210904
seq-01/frame-000605.color.png 0.994159 -0.01406 0.095372 0.0485178 0.276204 -0.266749 0.0820929
seq-01/frame-000209.color.png 0.882337 0.0921614 -0.422846 -0.184904 -0.0391115 0.244635 -0.286122
seq-01/frame-000220.color.png 0.888281 0.0908998 -0.411841 -0.181883 -0.0757258 0.247263 -0.296194
seq-01/frame-000616.color.png 0.998181 -0.00305918 0.0459071 0.038967 0.205412 -0.304045 0.0957687
seq-01/frame-000354.color.png 0.920225 0.170488 0.308307 0.170489 -0.862244 -0.173253 0.588615
seq-01/frame-000365.color.png 0.92265 0.215044 0.277545 0.159502 -0.895673 -0.0928888 0.514122
seq-01/frame-000761.color.png 0.823913 0.0108294 -0.52893 -0.203185 0.208085 0.0574603 -0.303449
seq-01/frame-000103.color.png 0.897948 0.213333 -0.160739 -0.349774 0.438018 0.176674 -0.0583286
seq-01/frame-000114.color.png 0.910809 0.171398 -0.221483 -0.303308 0.443397 0.0971836 -0.125353
seq-01/frame-000935.color.png 0.979003 -0.0179375 -0.188602 -0.0752357 0.752592 -0.0380122 -0.0623238
seq-01/frame-000539.color.png 0.997832 0.0652598 0.00760488 0.00391422 0.173876 -0.00134316 -0.0102489
seq-01/frame-000684.color.png 0.959046 0.112163 -0.241492 -0.0965989 -0.326805 -0.197581 0.0134206
seq-01/frame-000818.color.png 0.973888 0.00657364 -0.217038 -0.0662765 0.179324 0.0636722 -0.238227
seq-01/frame-000422.color.png 0.988386 0.120982 -0.0545426 -0.0740356 -0.476964 0.371159 0.144101
seq-01/frame-000433.color.png 0.98917 0.0827439 -0.0996219 -0.0690719 -0.458767 0.310461 0.0743437
seq-01/frame-000829.color.png 0.991728 0.00567484 -0.122893 -0.0366208 0.161033 0.0613965 -0.22799
seq-01/frame-000567.color.png 0.998117 -0.00165524 0.0608772 -0.0072979 0.287967 -0.0421571 0.0312746
seq-01/frame-000171.color.png 0.963842 0.162562 -0.141874 -0.156375 -0.0100692 0.200491 -0.14401
seq-01/frame-000182.color.png 0.952289 0.134368 -0.217708 -0.166413 -0.0356784 0.211081 -0.195521
seq-01/frame-000578.color.png 0.996922 -0.00537506 0.0782078 0.00105107 0.292956 -0.110958 0.0669137
seq-01/frame-000316.color.png 0.991005 0.0540044 0.122441 -0.000598577 -0.855587 0.0798937 0.302957
seq-01/frame-000327.color.png 0.977965 0.0582936 0.196055 0.0418219 -0.860869 0.0208256 0.435165
seq-01/frame-000065.color.png 0.982147 0.121721 -0.0639763 -0.128369 0.556871 0.168246 -0.258634
seq-01/frame-000076.color.png 0.963509 0.109414 -0.147272 -0.194908 0.589335 0.112804 -0.160624
seq-01/frame-000897.color.png 0.998058 -0.0213332 -0.0553438 -0.0190551 0.465288 0.023877 -0.19031
seq-01/frame-000635.color.png 0.997916 0.000923652 -0.0615531 0.0193282 0.0709421 -0.307538 0.115498
seq-01/frame-000250.color.png 0.945576 0.0494403 -0.272509 -0.170822 -0.303518 0.243718 -0.165432
seq-01/frame-000646.color.png 0.991842 0.0103073 -0.126765 -0.00860575 -0.0204335 -0.28861 0.103254
seq-01/frame-000791.color.png 0.893529 -0.00762785 -0.423308 -0.149525 0.255026 0.0478743 -0.241086
seq-01/frame-000384.color.png 0.949455 0.272649 0.131447 0.0831844 -0.84282 0.211094 0.354765
seq-01/frame-000395.color.png 0.965839 0.250756 0.0430715 0.0492059 -0.742069 0.318411 0.283526
seq-01/frame-000529.color.png 0.995683 0.088649 -0.0272876 0.00333953 0.108648 -0.0163899 -0.0225933
seq-01/frame-000133.color.png 0.948033 0.180194 -0.149262 -0.215601 0.290825 0.162652 -0.128193
seq-01/frame-000144.color.png 0.953789 0.195639 -0.108172 -0.200774 0.222644 0.18581 -0.105285
seq-01/frame-000540.color.png 0.997835 0.0652491 0.00805429 0.00193206 0.187195 0.00136742 -0.00568005
seq-01/frame-000278.color.png 0.985812 0.0376328 -0.0892204 -0.137108 -0.544487 0.242316 0.00971685
seq-01/frame-000289.color.png 0.991162 0.0358028 -0.0314521 -0.123804 -0.648095 0.246275 0.0674009
seq-01/frame-000027.color.png 0.979939 0.155844 0.114102 -0.0491207 0.218749 0.211958 -0.266377
seq-01/frame-000848.color.png 0.999017 0.0131022 -0.0413679 -0.00905609 0.223512 0.0590708 -0.216988
seq-01/frame-000859.color.png 0.99912 0.00646237 -0.0345269 -0.0229169 0.281618 0.0458959 -0.212042
seq-01/frame-000597.color.png 0.994163 -0.0214464 0.0967468 0.0426564 0.286395 -0.234694 0.0805953
seq-01/frame-000201.color.png 0.902466 0.0915191 -0.380544 -0.179905 -0.032015 0.235495 -0.27221
seq-01/frame-000608.color.png 0.995418 -0.00769023 0.0850154 0.0430833 0.260328 -0.280852 0.0848828
seq-01/frame-000346.color.png 0.935713 0.131117 0.297995 0.135828 -0.852163 -0.140236 0.599413
seq-01/frame-000357.color.png 0.919652 0.177177 0.305303 0.172157 -0.876103 -0.151103 0.57005
seq-01/frame-000491.color.png 0.988124 0.0623005 -0.133443 -0.0438451 -0.203596 0.0203151 0.0171431
seq-01/frame-000084.color.png 0.928724 0.182339 -0.132932 -0.294199 0.505239 0.187168 -0.13446
seq-01/frame-000095.color.png 0.91095 0.175423 -0.164529 -0.335153 0.503523 0.107054 -0.0499214
seq-01/frame-000106.color.png 0.896886 0.214972 -0.188257 -0.337553 0.461266 0.167168 -0.0682226
seq-01/frame-000240.color.png 0.92973 0.0718919 -0.319736 -0.167935 -0.214234 0.23232 -0.233081
seq-01/frame-000502.color.png 0.991815 0.0789706 -0.0961782 -0.0285703 -0.11571 -0.0204253 0.00130257
seq-01/frame-000984.color.png 0.94002 0.102961 -0.213612 -0.245217 0.795139 -0.207623 0.124042
seq-01/frame-000995.color.png 0.961679 0.121545 -0.155874 -0.190008 0.762359 -0.0874234 0.0785558
seq-01/frame-000733.color.png 0.927885 0.0470464 -0.342494 -0.139694 -0.135241 0.0684556 -0.265926
seq-01/frame-000744.color.png 0.881743 0.0268549 -0.440493 -0.166655 0.0288478 0.0791239 -0.320791
seq-01/frame-000821.color.png 0.982314 0.00469547 -0.178891 -0.0550974 0.161303 0.065769 -0.232223
seq-01/frame-000414.color.png 0.987467 0.143358 -0.0392722 -0.0530542 -0.509176 0.388518 0.183685
seq-01/frame-000559.color.png 0.998744 0.0026359 0.0499253 -0.00343341 0.27072 -0.00524845 0.010381
seq-01/frame-000163.color.png 0.965751 0.172553 -0.0943829 -0.16924 0.0513688 0.191179 -0.124522
seq-01/frame-000570.color.png 0.997863 -0.00329066 0.0648101 -0.00763223 0.292579 -0.0578891 0.0450635
seq-01/frame-000297.color.png 0.995912 0.0422934 0.0141538 -0.0785451 -0.727683 0.187337 0.131212
seq-01/frame-000308.color.png 0.995959 0.0566214 0.0622518 -0.0313777 -0.814796 0.122252 0.198304
seq-01/frame-000319.color.png 0.989277 0.0530268 0.135936 0.00635763 -0.864206 0.0700353 0.326574
seq-01/frame-000046.color.png 0.980902 0.175742 0.0520705 -0.0650766 0.393234 0.237324 -0.318416
seq-01/frame-000057.color.png 0.986095 0.138088 -0.00376297 -0.0923782 0.487615 0.202529 -0.312973
seq-01/frame-000068.color.png 0.978933 0.118572 -0.0822071 -0.144474 0.571114 0.158119 -0.239124
seq-01/frame-000202.color.png 0.902401 0.0897863 -0.381048 -0.180035 -0.0305819 0.231608 -0.275989
seq-01/frame-000946.color.png 0.976045 -0.0235358 -0.197584 -0.0879916 0.823645 -0.0540544 -0.0521594
seq-01/frame-000957.color.png 0.968374 -0.0124011 -0.220734 -0.115644 0.866004 -0.0866266 0.00438292
seq-01/frame-000695.color.png 0.966189 0.114882 -0.214621 -0.0849681 -0.376927 -0.153627 -0.00371435
seq-01/frame-000444.color.png 0.988314 0.0623664 -0.10272 -0.0937808 -0.441465 0.255667 0.0600918
seq-01/frame-000627.color.png 0.999331 -0.00587155 -0.0133149 0.0335656 0.138946 -0.313286 0.112309
seq-01/frame-000376.color.png 0.938528 0.261311 0.191242 0.119621 -0.891819 0.0726762 0.399527
seq-01/frame-000532.color.png 0.995539 0.0916875 -0.0221849 0.00171915 0.127415 -0.00396064 -0.0150087
seq-01/frame-000125.color.png 0.934682 0.16998 -0.200394 -0.239411 0.375928 0.128954 -0.136284
seq-01/frame-000281.color.png 0.988428 0.0336501 -0.0662135 -0.132263 -0.575869 0.242201 0.0313202
seq-01/frame-000259.color.png 0.953393 0.0287535 -0.232706 -0.189903 -0.380267 0.265009 -0.118194
seq-01/frame-000270.color.png 0.970283 0.0373467 -0.176408 -0.161358 -0.47252 0.25275 -0.0655744
seq-01/frame-000008.color.png 0.974036 0.139799 0.176905 -0.0203657 0.0744265 0.182874 -0.192928
seq-01/frame-000019.color.png 0.97988 0.142814 0.132928 -0.042066 0.165874 0.199945 -0.235608
seq-01/frame-000030.color.png 0.980433 0.162214 0.098568 -0.052184 0.264146 0.21795 -0.275355
seq-01/frame-000752.color.png 0.850016 0.0149559 -0.495056 -0.179356 0.127883 0.0680459 -0.329024
seq-01/frame-000763.color.png 0.821302 0.0113922 -0.532672 -0.203946 0.216189 0.0563915 -0.297997
seq-01/frame-000774.color.png 0.814883 0.00719355 -0.543259 -0.201951 0.272018 0.041391 -0.249082
seq-01/frame-000789.color.png 0.881874 -0.00633426 -0.442614 -0.162331 0.261177 0.0453783 -0.23951
seq-01/frame-000657.color.png 0.980806 0.0178194 -0.18997 -0.0401538 -0.114195 -0.266853 0.0702546
seq-01/frame-000908.color.png 0.996703 -0.0209305 -0.0700523 -0.0351719 0.535592 0.00829595 -0.17978
seq-01/frame-000406.color.png 0.981815 0.188591 -0.00912896 -0.0197183 -0.57157 0.406575 0.229584
seq-01/frame-000589.color.png 0.995314 -0.0259201 0.0882465 0.0298381 0.292466 -0.182324 0.0768896
seq-01/frame-000338.color.png 0.951128 0.0916301 0.273748 0.109641 -0.844952 -0.0958414 0.567808
seq-01/frame-000087.color.png 0.926189 0.157194 -0.149692 -0.308311 0.508097 0.119347 -0.109777
seq-01/frame-000831.color.png 0.995468 0.0224944 -0.0860398 -0.0336979 0.115037 0.0940032 -0.243141
seq-01/frame-000987.color.png 0.950325 0.10564 -0.189373 -0.223296 0.792488 -0.166024 0.106073
seq-01/frame-000232.color.png 0.916819 0.0875251 -0.352861 -0.165142 -0.172482 0.236389 -0.269504
seq-01/frame-000243.color.png 0.937635 0.0588712 -0.296748 -0.171215 -0.245263 0.231713 -0.209983
seq-01/frame-000965.color.png 0.959936 0.0145404 -0.231648 -0.157008 0.862602 -0.147256 0.0614921
seq-01/frame-000976.color.png 0.944531 0.0723133 -0.225404 -0.22765 0.814137 -0.21805 0.103685
seq-01/frame-000714.color.png 0.973729 0.0662848 -0.208377 -0.0635441 -0.336812 -0.0361947 -0.0891041
seq-01/frame-000725.color.png 0.955542 0.0610073 -0.272444 -0.0948204 -0.244279 0.0333033 -0.197819
seq-01/frame-000736.color.png 0.915169 0.0416166 -0.371739 -0.150145 -0.0906128 0.0780876 -0.285126
seq-01/frame-000870.color.png 0.998809 -0.00534857 -0.0434027 -0.0216182 0.34394 0.0363129 -0.208514
seq-01/frame-000463.color.png 0.986793 0.055256 -0.1311 -0.0774538 -0.394229 0.135955 0.025371
seq-01/frame-000474.color.png 0.988607 0.0526841 -0.126259 -0.0627601 -0.336984 0.0830443 0.0205051
seq-01/frame-000619.color.png 0.998592 -0.00527934 0.0343633 0.0400658 0.188249 -0.30494 0.102919
seq-01/frame-000300.color.png 0.996577 0.0523484 0.0242997 -0.0591896 -0.762019 0.157314 0.145688
seq-01/frame-000038.color.png 0.979221 0.177475 0.0799518 -0.0568871 0.322534 0.228337 -0.300724
seq-01/frame-000049.color.png 0.982374 0.169187 0.0386816 -0.069432 0.418933 0.234408 -0.320008
seq-01/frame-000793.color.png 0.90422 -0.00322741 -0.40312 -0.14096 0.243911 0.0504051 -0.24052
seq-01/frame-000927.color.png 0.986758 -0.0166582 -0.15129 -0.0560624 0.688942 -0.0143573 -0.104827
seq-01/frame-000531.color.png 0.995705 0.0884139 -0.0273214 0.00295377 0.118878 -0.0130305 -0.0193487
seq-01/frame-000938.color.png 0.977913 -0.0225723 -0.192324 -0.0786655 0.778004 -0.043836 -0.0595242
seq-01/frame-000949.color.png 0.973515 -0.0227008 -0.206644 -0.0951386 0.841823 -0.0657297 -0.0350476
seq-01/frame-000676.color.png 0.95763 0.086913 -0.25663 -0.0976303 -0.270737 -0.205792 0.0153794
seq-01/frame-000687.color.png 0.959995 0.120558 -0.233465 -0.0968005 -0.344498 -0.187071 0.00807231
seq-01/frame-000832.color.png 0.995486 0.0219815 -0.0862644 -0.0328951 0.138769 0.0925982 -0.236528
seq-01/frame-000425.color.png 0.989878 0.108237 -0.0601562 -0.0693298 -0.471195 0.351907 0.128223
seq-01/frame-000436.color.png 0.989105 0.0770874 -0.0969973 -0.0795007 -0.452084 0.296668 0.0757524
seq-01/frame-000174.color.png 0.963392 0.154796 -0.148979 -0.160371 -0.0277438 0.20537 -0.156507
seq-01/frame-000185.color.png 0.949211 0.129367 -0.237716 -0.160482 -0.0350877 0.21044 -0.214992
seq-01/frame-000262.color.png 0.956316 0.0353961 -0.223392 -0.185208 -0.410602 0.269626 -0.105547
seq-01/frame-000000.color.png 0.975213 0.125591 0.181737 -0.0125574 0.0543616 0.175177 -0.182497
seq-01/frame-000011.color.png 0.975222 0.138534 0.170121 -0.0284503 0.0868783 0.183186 -0.206968
seq-01/frame-000755.color.png 0.844815 0.0159154 -0.501977 -0.184538 0.148256 0.0696666 -0.32634
seq-01/frame-000889.color.png 0.9983 -0.0156594 -0.0529945 -0.0185168 0.429448 0.0293562 -0.197315
seq-01/frame-000493.color.png 0.98877 0.0663089 -0.12834 -0.0382939 -0.182747 0.00668 0.0156962
seq-01/frame-000504.color.png 0.991948 0.0820931 -0.0927352 -0.0264752 -0.092611 -0.0205713 -0.00136816
seq-01/frame-000900.color.png 0.997802 -0.0169377 -0.0590645 -0.0248305 0.480598 0.0223047 -0.188776
seq-01/frame-000638.color.png 0.997076 0.00617513 -0.0748948 0.0138565 0.0419702 -0.298256 0.115181
seq-01/frame-000649.color.png 0.989122 0.0126357 -0.145568 -0.0169919 -0.0495351 -0.282671 0.0943953
seq-01/frame-000387.color.png 0.954227 0.267128 0.107173 0.0812894 -0.819134 0.228259 0.332729
seq-01/frame-000398.color.png 0.97106 0.235763 0.0134394 0.0357553 -0.710498 0.356423 0.259385
seq-01/frame-000136.color.png 0.949285 0.186229 -0.144353 -0.20818 0.284895 0.174073 -0.113836
seq-01/frame-000147.color.png 0.955837 0.193416 -0.0908795 -0.201759 0.201288 0.187779 -0.10694
seq-01/frame-000968.color.png 0.956353 0.0315305 -0.22816 -0.179827 0.852555 -0.175113 0.0665834
seq-01/frame-000706.color.png 0.974209 0.0830401 -0.197968 -0.0694956 -0.367015 -0.0799823 -0.0351939
seq-01/frame-000717.color.png 0.972215 0.0634336 -0.215457 -0.0659777 -0.31999 -0.0161304 -0.11568
seq-01/frame-000851.color.png 0.99917 0.0189497 -0.0342363 -0.0113175 0.237048 0.0658461 -0.213984
seq-01/frame-000455.color.png 0.987307 0.0584672 -0.122597 -0.0823244 -0.424551 0.177246 0.0335005
seq-01/frame-000466.color.png 0.987214 0.0535757 -0.128625 -0.0774196 -0.379442 0.123137 0.0275322
seq-01/frame-000862.color.png 0.998809 0.00164984 -0.0373758 -0.0313227 0.299176 0.0326971 -0.210965
seq-01/frame-000600.color.png 0.993941 -0.0175101 0.0996273 0.0429966 0.283781 -0.248063 0.0782751
seq-01/frame-000204.color.png 0.894318 0.0865197 -0.398346 -0.184473 -0.0295763 0.231888 -0.280134
seq-01/frame-000215.color.png 0.876967 0.0957763 -0.433778 -0.183283 -0.0489498 0.24703 -0.291281
seq-01/frame-000611.color.png 0.996601 -0.0026078 0.0703246 0.0428379 0.241137 -0.284284 0.0881244
seq-01/frame-000349.color.png 0.930313 0.143254 0.304493 0.145878 -0.853973 -0.152242 0.602815
seq-01/frame-000360.color.png 0.92142 0.187627 0.296321 0.167258 -0.883536 -0.130726 0.549483
seq-01/frame-000745.color.png 0.87527 0.0254135 -0.454272 -0.163991 0.0458569 0.0763037 -0.323295
seq-01/frame-000098.color.png 0.895564 0.206627 -0.179402 -0.350835 0.517143 0.148891 -0.0552506
seq-01/frame-000919.color.png 0.992507 -0.0182789 -0.110821 -0.0481163 0.620163 -0.00578459 -0.145864
seq-01/frame-000930.color.png 0.982198 -0.0190883 -0.175184 -0.0650708 0.718312 -0.0290418 -0.0754236
seq-01/frame-000668.color.png 0.965473 0.0503448 -0.245056 -0.0726238 -0.199534 -0.237256 0.0339574
seq-01/frame-000272.color.png 0.973845 0.0425981 -0.160131 -0.155462 -0.487286 0.25476 -0.0567291
seq-01/frame-000679.color.png 0.956923 0.0993791 -0.255229 -0.0963321 -0.287135 -0.20557 0.0164235
seq-01/frame-000813.color.png 0.968577 0.00296242 -0.238337 -0.0710331 0.181045 0.0566164 -0.243566
seq-01/frame-000417.color.png 0.987585 0.136856 -0.0485989 -0.0598729 -0.498429 0.377897 0.168911
seq-01/frame-000428.color.png 0.990305 0.101139 -0.0660305 -0.0686062 -0.464571 0.333878 0.115415
seq-01/frame-000824.color.png 0.986283 0.0045081 -0.156835 -0.0512665 0.153812 0.0649985 -0.232637
seq-01/frame-000562.color.png 0.998684 0.00139616 0.0512217 -0.0019719 0.280116 -0.017226 0.0202778
seq-01/frame-000166.color.png 0.966896 0.164701 -0.110212 -0.160749 0.0255764 0.19143 -0.130649
seq-01/frame-000177.color.png 0.963071 0.142975 -0.162286 -0.16036 -0.0415208 0.200246 -0.171286
seq-01/frame-000155.color.png 0.961333 0.19028 -0.0787989 -0.18282 0.120326 0.191524 -0.113641
seq-01/frame-000311.color.png 0.995222 0.0542199 0.0781617 -0.0219869 -0.830863 0.110762 0.222222
seq-01/frame-000573.color.png 0.997398 -0.00639037 0.0715611 -0.00602281 0.291119 -0.0768649 0.0560135
seq-01/frame-000456.color.png 0.986797 0.0588004 -0.127105 -0.0813566 -0.420655 0.170845 0.0295445
seq-01/frame-000060.color.png 0.98607 0.129521 -0.0240067 -0.101558 0.51429 0.18991 -0.298117
seq-01/frame-000881.color.png 0.998309 -0.0135932 -0.0535706 -0.0180219 0.401701 0.0329176 -0.205296
seq-01/frame-000485.color.png 0.989185 0.0508543 -0.128127 -0.050102 -0.256289 0.0356696 0.0166915
seq-01/frame-000892.color.png 0.998112 -0.0157397 -0.0572397 -0.0157756 0.447078 0.0314263 -0.192456
seq-01/frame-000630.color.png 0.999081 -0.00514107 -0.0303832 0.0297969 0.117462 -0.312046 0.113498
seq-01/frame-000234.color.png 0.921451 0.0840748 -0.341457 -0.165126 -0.188572 0.233426 -0.258344
seq-01/frame-000641.color.png 0.995465 0.0080184 -0.0946821 0.00461287 0.0236362 -0.295848 0.114564
seq-01/frame-000786.color.png 0.865425 -0.00445842 -0.469621 -0.174574 0.268338 0.0402808 -0.237166
seq-01/frame-000368.color.png 0.924861 0.233867 0.25583 0.156491 -0.906558 -0.0682755 0.478608
seq-01/frame-000379.color.png 0.9405 0.275096 0.167255 0.108666 -0.889557 0.11682 0.381709
seq-01/frame-000390.color.png 0.956526 0.269436 0.0808431 0.076987 -0.804575 0.250684 0.312428
seq-01/frame-000524.color.png 0.995433 0.0890984 -0.0342704 0.000969418 0.0745493 -0.018207 -0.0121424
seq-01/frame-000117.color.png 0.920491 0.164279 -0.209578 -0.285982 0.416327 0.095607 -0.150072
seq-01/frame-000128.color.png 0.938957 0.179392 -0.18337 -0.229246 0.347514 0.147669 -0.125698
seq-01/frame-000139.color.png 0.952959 0.1832 -0.124392 -0.206965 0.253036 0.172017 -0.116804
seq-01/frame-000273.color.png 0.978175 0.0393913 -0.143841 -0.14468 -0.501588 0.247828 -0.0407554
seq-01/frame-000045.color.png 0.980486 0.176076 0.0580658 -0.0653611 0.382669 0.232575 -0.316369
seq-01/frame-000022.color.png 0.979838 0.144641 0.128858 -0.0489118 0.181539 0.201707 -0.249145
seq-01/frame-000698.color.png 0.967451 0.110967 -0.210076 -0.0871367 -0.381414 -0.139664 -0.00963173
seq-01/frame-000843.color.png 0.998144 0.0042808 -0.0604001 -0.00649559 0.197823 0.0515554 -0.221981
seq-01/frame-000447.color.png 0.98795 0.0577213 -0.109487 -0.092925 -0.432388 0.236897 0.0523254
seq-01/frame-000854.color.png 0.999239 0.0154516 -0.0290924 -0.0208668 0.249384 0.0512381 -0.212627
seq-01/frame-000581.color.png 0.996717 -0.0126996 0.0791658 0.0112759 0.294436 -0.127821 0.0732301
seq-01/frame-000196.color.png 0.926029 0.101089 -0.325054 -0.16307 -0.0433966 0.217404 -0.264618
seq-01/frame-000592.color.png 0.99478 -0.0273719 0.0924532 0.0334032 0.290451 -0.204388 0.0788347
seq-01/frame-000603.color.png 0.993961 -0.015532 0.0987951 0.0451728 0.279203 -0.261761 0.0812807
seq-01/frame-000330.color.png 0.971242 0.0623823 0.221002 0.062899 -0.864055 -0.0135047 0.473348
seq-01/frame-000341.color.png 0.944973 0.107341 0.284918 0.11969 -0.848505 -0.119574 0.586303
seq-01/frame-000352.color.png 0.923965 0.159223 0.309516 0.158543 -0.857955 -0.161551 0.601165
seq-01/frame-000486.color.png 0.989156 0.0508362 -0.128365 -0.0500952 -0.255802 0.0356404 0.016734
seq-01/frame-000079.color.png 0.953271 0.125761 -0.178272 -0.208992 0.623687 0.111171 -0.129302
seq-01/frame-000090.color.png 0.907374 0.202826 -0.178358 -0.322061 0.56898 0.169771 -0.0579713
seq-01/frame-000101.color.png 0.896347 0.19458 -0.191071 -0.34956 0.51365 0.118595 -0.0645592
seq-01/frame-000235.color.png 0.923812 0.0874337 -0.335798 -0.161758 -0.201533 0.234829 -0.251821
seq-01/frame-000979.color.png 0.93916 0.0859954 -0.228688 -0.241423 0.799974 -0.225006 0.12014
seq-01/frame-000728.color.png 0.944618 0.0551217 -0.305468 -0.106524 -0.203086 0.0449494 -0.228343
seq-01/frame-000911.color.png 0.995861 -0.0227907 -0.0778641 -0.0409658 0.554426 0.00164918 -0.173765
seq-01/frame-000660.color.png 0.977854 0.0246139 -0.201751 -0.0499133 -0.141279 -0.257736 0.0598811
seq-01/frame-000409.color.png 0.983779 0.175651 -0.0232273 -0.0280506 -0.549676 0.396584 0.211894
seq-01/frame-000543.color.png 0.998296 0.0537853 0.0225135 -0.00221597 0.201225 0.00384443 -0.00454384
seq-01/frame-000158.color.png 0.961736 0.190439 -0.0829346 -0.17866 0.101844 0.198041 -0.112243
seq-01/frame-000554.color.png 0.998954 0.0108706 0.0443716 -0.00204862 0.254624 0.00852161 0.00578143
seq-01/frame-000565.color.png 0.99821 0.000763041 0.0594904 -0.00602959 0.286367 -0.0344097 0.0270778
seq-01/frame-000292.color.png 0.993366 0.0364912 -0.00772793 -0.108779 -0.676672 0.227561 0.0998216
seq-01/frame-000303.color.png 0.996869 0.0557513 0.0322049 -0.04589 -0.784796 0.139125 0.154363
seq-01/frame-000314.color.png 0.993207 0.052191 0.103654 -0.0084891 -0.848101 0.0911436 0.2703
seq-01/frame-000041.color.png 0.979044 0.179944 0.0738902 -0.0602687 0.348472 0.236654 -0.309388
seq-01/frame-000052.color.png 0.983911 0.157701 0.0242456 -0.08038 0.445981 0.2173 -0.320641
seq-01/frame-000785.color.png 0.865319 -0.00434193 -0.469825 -0.174553 0.268816 0.0403908 -0.236903
seq-01/frame-000186.color.png 0.947274 0.126428 -0.248254 -0.158296 -0.038418 0.211031 -0.223989
seq-01/frame-000197.color.png 0.920982 0.0993963 -0.338391 -0.165539 -0.0420236 0.21962 -0.268036
seq-01/frame-000941.color.png 0.977789 -0.0208482 -0.192183 -0.0809871 0.798524 -0.0425305 -0.0613208
seq-01/frame-000690.color.png 0.963189 0.119382 -0.221689 -0.094178 -0.358127 -0.180534 0.00958535
seq-01/frame-000873.color.png 0.998566 -0.00599523 -0.0488232 -0.0211319 0.367901 0.037893 -0.205491
seq-01/frame-000622.color.png 0.999232 -0.00568941 0.0149925 0.0357518 0.170387 -0.310366 0.107898
seq-01/frame-000371.color.png 0.930714 0.248118 0.227187 0.143507 -0.91862 -0.0198209 0.435639
seq-01/frame-000109.color.png 0.888495 0.244071 -0.204695 -0.330311 0.491294 0.212169 -0.0391001
seq-01/frame-000120.color.png 0.927398 0.169215 -0.205799 -0.262575 0.394858 0.116772 -0.145017
seq-01/frame-000254.color.png 0.948917 0.0370462 -0.25577 -0.181016 -0.334904 0.25838 -0.144802
seq-01/frame-000265.color.png 0.960944 0.0367899 -0.211385 -0.174783 -0.435725 0.26064 -0.0966289
seq-01/frame-000998.color.png 0.964726 0.11979 -0.148346 -0.181515 0.746676 -0.0689504 0.0721847
seq-01/frame-000003.color.png 0.974403 0.130521 0.182337 -0.0159928 0.0576408 0.176506 -0.18409
seq-01/frame-000014.color.png 0.977412 0.139118 0.1556 -0.0331691 0.119062 0.188605 -0.217587
seq-01/frame-000747.color.png 0.869848 0.023144 -0.463956 -0.166054 0.0626115 0.0734579 -0.325679
seq-01/frame-000758.color.png 0.832081 0.0142715 -0.519031 -0.19505 0.182464 0.0645039 -0.314732
seq-01/frame-000903.color.png 0.997489 -0.0231505 -0.0617889 -0.025717 0.501651 0.0205321 -0.187233
seq-01/frame-000584.color.png 0.996142 -0.0179474 0.0839552 0.0181602 0.293275 -0.143689 0.077655
seq-01/frame-000322.color.png 0.985949 0.0553102 0.156113 0.0217749 -0.8687 0.0522565 0.365082
seq-01/frame-000333.color.png 0.96512 0.0696485 0.238732 0.081851 -0.86277 -0.0457925 0.50521
seq-01/frame-000071.color.png 0.974076 0.112477 -0.110159 -0.16245 0.582668 0.142486 -0.205586
seq-01/frame-000082.color.png 0.945659 0.112683 -0.179754 -0.246413 0.603612 0.0538737 -0.141684
seq-01/frame-000826.color.png 0.988374 0.00656543 -0.144195 -0.0477658 0.16371 0.0630866 -0.229927
seq-01/frame-000227.color.png 0.905267 0.0855025 -0.381578 -0.16607 -0.136252 0.236203 -0.287988
seq-01/frame-000960.color.png 0.964798 -0.00563427 -0.227627 -0.131605 0.868805 -0.109858 0.0307241
seq-01/frame-000971.color.png 0.952123 0.0498784 -0.224514 -0.201414 0.839779 -0.198238 0.0742817
seq-01/frame-000709.color.png 0.974632 0.075974 -0.199152 -0.0682605 -0.362177 -0.0656084 -0.0493572
seq-01/frame-000720.color.png 0.967674 0.0623886 -0.232531 -0.0751261 -0.296725 0.00444054 -0.146522
seq-01/frame-000458.color.png 0.986384 0.0589103 -0.130937 -0.0802001 -0.411432 0.163599 0.0286578
seq-01/frame-000469.color.png 0.98768 0.0514038 -0.129577 -0.0711071 -0.366284 0.105386 0.0217174
seq-01/frame-000284.color.png 0.990981 0.0310358 -0.0485846 -0.120963 -0.614006 0.229839 0.0460873
seq-01/frame-000295.color.png 0.995457 0.040739 0.0117491 -0.0852495 -0.717333 0.19781 0.128339
seq-01/frame-000033.color.png 0.979744 0.164317 0.0984738 -0.0583417 0.276148 0.21382 -0.289443
seq-01/frame-000044.color.png 0.980052 0.175786 0.06496 -0.0661575 0.369519 0.22989 -0.316189
seq-01/frame-000777.color.png 0.82477 0.00371054 -0.530235 -0.196446 0.274605 0.0420129 -0.243872
seq-01/frame-000788.color.png 0.87605 -0.0063029 -0.452594 -0.166297 0.264178 0.043927 -0.23879
seq-01/frame-000526.color.png 0.995529 0.0886448 -0.0324602 0.00322098 0.0821733 -0.0180971 -0.0198018
seq-01/frame-000922.color.png 0.990403 -0.017894 -0.127843 -0.0493704 0.65334 -0.00544502 -0.12995
seq-01/frame-000933.color.png 0.979461 -0.0176061 -0.186581 -0.0743931 0.743918 -0.0390282 -0.0642448
seq-01/frame-000671.color.png 0.961737 0.0628835 -0.253211 -0.0836178 -0.228976 -0.224744 0.0237949
seq-01/frame-000682.color.png 0.957415 0.110303 -0.24673 -0.101561 -0.313642 -0.196816 0.0160875
seq-01/frame-000816.color.png 0.972192 0.00588979 -0.223469 -0.0697844 0.176805 0.061208 -0.240579
seq-01/frame-000420.color.png 0.987569 0.129585 -0.0523969 -0.0719049 -0.481352 0.377403 0.156343
seq-01/frame-000431.color.png 0.989953 0.0883247 -0.0878079 -0.0669498 -0.469397 0.318037 0.0854693
seq-01/frame-000169.color.png 0.965463 0.162391 -0.126702 -0.15955 0.00325505 0.193801 -0.13464
seq-01/frame-000990.color.png 0.952606 0.121786 -0.172583 -0.218918 0.782631 -0.146351 0.0869859
seq-01/frame-000739.color.png 0.903728 0.0341524 -0.389969 -0.173299 -0.0486711 0.0828127 -0.297664
seq-01/frame-000750.color.png 0.858597 0.0183023 -0.482198 -0.173093 0.101079 0.0720096 -0.331413
seq-01/frame-000884.color.png 0.998174 -0.0161434 -0.0555467 -0.0174131 0.414471 0.0315618 -0.200938
seq-01/frame-000488.color.png 0.98906 0.0558012 -0.128812 -0.045313 -0.236946 0.0269005 0.0170285
seq-01/frame-000499.color.png 0.990648 0.0756108 -0.108518 -0.033507 -0.141612 -0.0122151 0.00705078
seq-01/frame-000895.color.png 0.998165 -0.0178334 -0.0546821 -0.0189262 0.456356 0.0280578 -0.192106
seq-01/frame-000633.color.png 0.998305 -0.00297642 -0.0534127 0.0229052 0.09258 -0.313876 0.115832
seq-01/frame-000226.color.png 0.903545 0.0866161 -0.385191 -0.166531 -0.128958 0.238483 -0.289431
seq-01/frame-000644.color.png 0.993462 0.00997113 -0.113699 -0.00233912 0.00116638 -0.292096 0.111068
seq-01/frame-000778.color.png 0.828221 0.000262405 -0.525537 -0.194577 0.275719 0.0382947 -0.240041
seq-01/frame-000382.color.png 0.946244 0.278312 0.137424 0.0909954 -0.860373 0.182671 0.354524
seq-01/frame-000527.color.png 0.995514 0.0884994 -0.0331923 0.00433821 0.090958 -0.0208531 -0.0232943
seq-01/frame-000131.color.png 0.944494 0.176136 -0.164245 -0.223454 0.323253 0.150376 -0.130869
seq-01/frame-000063.color.png 0.983874 0.122946 -0.0529662 -0.11862 0.544732 0.17644 -0.271691
seq-01/frame-000952.color.png 0.97219 -0.0201421 -0.211643 -0.0982259 0.856582 -0.064422 -0.0229398
seq-01/frame-000556.color.png 0.998998 0.00386787 0.0443482 -0.00465584 0.267435 -0.00323903 0.00914076
seq-01/frame-000963.color.png 0.962679 0.00639926 -0.228579 -0.144775 0.866043 -0.127426 0.045014
seq-01/frame-000701.color.png 0.969977 0.102259 -0.204104 -0.0838392 -0.382965 -0.114715 -0.0168746
seq-01/frame-000712.color.png 0.974447 0.0697471 -0.203213 -0.0655257 -0.347388 -0.0462928 -0.0723409
seq-01/frame-000835.color.png 0.995828 0.00702184 -0.0888029 -0.019788 0.17479 0.0632921 -0.228048
seq-01/frame-000439.color.png 0.988687 0.0704338 -0.0998719 -0.0869584 -0.448698 0.284747 0.0684567
seq-01/frame-000450.color.png 0.987974 0.0581999 -0.111905 -0.089429 -0.431532 0.21178 0.0471746
seq-01/frame-000461.color.png 0.98722 0.0565248 -0.127443 -0.0772013 -0.404454 0.148951 0.0283637
seq-01/frame-000595.color.png 0.994365 -0.0233906 0.0947964 0.0412851 0.287247 -0.220097 0.0806086
seq-01/frame-000188.color.png 0.941271 0.120407 -0.274508 -0.155424 -0.0304494 0.209227 -0.238605
seq-01/frame-000199.color.png 0.910477 0.0942042 -0.363764 -0.17272 -0.0298566 0.224707 -0.272959
seq-01/frame-000210.color.png 0.882741 0.0915564 -0.421857 -0.185533 -0.0418947 0.244196 -0.286387
seq-01/frame-000344.color.png 0.939306 0.123459 0.292141 0.130824 -0.851626 -0.135133 0.593551
seq-01/frame-000740.color.png 0.900484 0.0333617 -0.397375 -0.173517 -0.0369876 0.0857816 -0.304867
seq-01/frame-000093.color.png 0.921137 0.168875 -0.124685 -0.327781 0.457097 0.104842 -0.00203732
seq-01/frame-000025.color.png 0.979879 0.152424 0.118646 -0.0502808 0.209049 0.208347 -0.261624
seq-01/frame-000769.color.png 0.805834 0.0151696 -0.551915 -0.21399 0.252467 0.0471862 -0.267002
seq-01/frame-000914.color.png 0.99455 -0.0226967 -0.0913206 -0.0448934 0.580395 -0.00497335 -0.158813
seq-01/frame-000518.color.png 0.995088 0.0865245 -0.047622 -0.00668487 0.0307604 -0.0231728 -0.0121056
seq-01/frame-000652.color.png 0.985821 0.0146044 -0.16508 -0.0262984 -0.0743932 -0.276514 0.0854921
seq-01/frame-000267.color.png 0.962114 0.0390048 -0.205007 -0.175461 -0.443211 0.262214 -0.0904181
seq-01/frame-000663.color.png 0.974424 0.0301359 -0.215568 -0.0558645 -0.16199 -0.252625 0.0509681
seq-01/frame-000797.color.png 0.915214 -0.00275369 -0.38176 -0.128976 0.240358 0.0487715 -0.240008
seq-01/frame-000674.color.png 0.957911 0.0801612 -0.261206 -0.0880419 -0.245105 -0.216558 0.0226745
seq-01/frame-000401.color.png 0.977226 0.211645 -0.00520689 0.0144383 -0.641808 0.394468 0.234511
seq-01/frame-000412.color.png 0.986146 0.156109 -0.0346025 -0.044139 -0.522271 0.392872 0.187761
seq-01/frame-000423.color.png 0.988887 0.116155 -0.0579787 -0.0724511 -0.474819 0.365411 0.138442
seq-01/frame-000546.color.png 0.998481 0.0427976 0.034354 -0.00494511 0.221875 0.00590123 2.4409e-05
seq-01/frame-000150.color.png 0.958434 0.188019 -0.0773855 -0.200162 0.170139 0.184072 -0.117326
seq-01/frame-000161.color.png 0.965461 0.174494 -0.0872531 -0.172694 0.0607248 0.192464 -0.12449
seq-01/frame-000172.color.png 0.963866 0.162334 -0.14185 -0.156488 -0.0100301 0.200166 -0.144033
seq-01/frame-000306.color.png 0.996658 0.0548567 0.0439021 -0.041673 -0.79898 0.135492 0.170806
seq-01/frame-000557.color.png 0.998834 0.00451796 0.047763 -0.00545069 0.268406 -0.00385999 0.00918585
seq-01/frame-000055.color.png 0.98557 0.143565 0.00512584 -0.0895267 0.476834 0.208117 -0.316767
seq-01/frame-000982.color.png 0.938647 0.0951763 -0.220439 -0.247566 0.791414 -0.221854 0.122502
seq-01/frame-000731.color.png 0.93427 0.049068 -0.329528 -0.127056 -0.162102 0.0566897 -0.253761
seq-01/frame-000865.color.png 0.998991 -0.00214085 -0.0393975 -0.0214493 0.320425 0.0372662 -0.211069
seq-01/frame-000480.color.png 0.989603 0.0490081 -0.122757 -0.0566908 -0.296976 0.0583214 0.0192037
seq-01/frame-000876.color.png 0.998412 -0.0086525 -0.0522862 -0.0190866 0.380802 0.0372254 -0.202471
seq-01/frame-000614.color.png 0.997534 -0.00324007 0.0580588 0.0392977 0.211298 -0.301462 0.0955876
seq-01/frame-000229.color.png 0.910622 0.0835288 -0.369029 -0.16616 -0.151361 0.233422 -0.279911
seq-01/frame-000625.color.png 0.999435 -0.00422132 -0.0018576 0.033285 0.150362 -0.310776 0.106947
seq-01/frame-000363.color.png 0.922712 0.204942 0.282495 0.163699 -0.892711 -0.108046 0.519871
seq-01/frame-000374.color.png 0.936454 0.257278 0.203544 0.124222 -0.905141 0.0493255 0.410163
seq-01/frame-000385.color.png 0.950995 0.269738 0.127042 0.0819126 -0.836064 0.21905 0.352152
seq-01/frame-000508.color.png 0.993326 0.0825302 -0.0778541 -0.0207637 -0.0531966 -0.0256731 -0.00552296
seq-01/frame-000112.color.png 0.89723 0.234544 -0.203854 -0.313705 0.457393 0.21016 -0.058069
seq-01/frame-000123.color.png 0.932014 0.168695 -0.204645 -0.247005 0.384696 0.124989 -0.136728
seq-01/frame-000519.color.png 0.995075 0.0866893 -0.0476172 -0.00656479 0.0307666 -0.0229062 -0.0117913
seq-01/frame-000257.color.png 0.952131 0.028843 -0.239077 -0.188301 -0.366468 0.264835 -0.128896
seq-01/frame-000268.color.png 0.964036 0.0423063 -0.196774 -0.173564 -0.449273 0.267861 -0.0864197
seq-01/frame-000006.color.png 0.974405 0.135764 0.178411 -0.0164865 0.0649827 0.178474 -0.188441
seq-01/frame-000944.color.png 0.976303 -0.0244162 -0.197624 -0.0847364 0.819603 -0.0506709 -0.0525786
seq-01/frame-000693.color.png 0.964594 0.117903 -0.218907 -0.0879611 -0.371028 -0.168709 0.000955165
seq-01/frame-000827.color.png 0.988226 0.00657398 -0.145183 -0.0478291 0.165922 0.062991 -0.229671
seq-01/frame-000442.color.png 0.988199 0.0674037 -0.100044 -0.0944009 -0.439798 0.272281 0.065198
seq-01/frame-000838.color.png 0.996904 0.00283703 -0.0779798 -0.00970965 0.189952 0.0536935 -0.226164
seq-01/frame-000576.color.png 0.997126 -0.00397577 0.0756041 -0.00266341 0.292054 -0.0983693 0.0634133
seq-01/frame-000180.color.png 0.957049 0.140125 -0.193825 -0.16387 -0.0369932 0.204799 -0.181771
seq-01/frame-000191.color.png 0.937611 0.114219 -0.289301 -0.155387 -0.0300277 0.213245 -0.24797
seq-01/frame-000587.color.png 0.995605 -0.0246046 0.0868311 0.0250152 0.293306 -0.169073 0.0769646
seq-01/frame-000325.color.png 0.982136 0.0543254 0.177798 0.0290825 -0.865295 0.0383918 0.403193
seq-01/frame-000336.color.png 0.956634 0.0830876 0.260232 0.101131 -0.851736 -0.0828297 0.541877
seq-01/frame-000481.color.png 0.989644 0.049412 -0.122137 -0.056973 -0.297943 0.0592633 0.0196896
seq-01/frame-000074.color.png 0.969887 0.109119 -0.128127 -0.176058 0.582499 0.128756 -0.182914
seq-01/frame-000085.color.png 0.918625 0.220188 -0.149462 -0.292072 0.55144 0.237235 -0.0620307
seq-01/frame-000219.color.png 0.883553 0.0932822 -0.421039 -0.182644 -0.0656163 0.245614 -0.2958
seq-01/frame-000974.color.png 0.94882 0.0583595 -0.225671 -0.213089 0.828356 -0.205686 0.0946938
seq-01/frame-000393.color.png 0.961285 0.263069 0.0538694 0.0618357 -0.770125 0.296926 0.291499
seq-01/frame-000404.color.png 0.980673 0.195243 -0.00769007 -0.0100385 -0.588712 0.409279 0.230065
seq-01/frame-000538.color.png 0.997552 0.069579 0.000102301 0.00694316 0.172409 0.00284629 -0.00679533
seq-01/frame-000142.color.png 0.952695 0.195115 -0.11971 -0.199931 0.241383 0.183344 -0.107257
seq-01/frame-000153.color.png 0.959928 0.186183 -0.0788828 -0.194041 0.143501 0.183471 -0.116917
seq-01/frame-000549.color.png 0.998515 0.0381503 0.0387743 -0.00286246 0.226703 0.0164024 0.000523311
seq-01/frame-000298.color.png 0.996131 0.0454801 0.0179487 -0.0730269 -0.740733 0.180657 0.136858
seq-01/frame-000276.color.png 0.985393 0.0364448 -0.100668 -0.132429 -0.539486 0.23252 -0.00181242
seq-01/frame-000287.color.png 0.990424 0.0345243 -0.0481706 -0.12469 -0.634977 0.24025 0.0454343
seq-01/frame-000047.color.png 0.981753 0.172288 0.0440526 -0.0673533 0.407668 0.235112 -0.317579
seq-01/frame-000036.color.png 0.979029 0.173347 0.0891264 -0.0592353 0.300319 0.221614 -0.293424
seq-01/frame-000780.color.png 0.835798 -0.0025019 -0.512802 -0.196136 0.276992 0.0375946 -0.236306
seq-01/frame-000181.color.png 0.953994 0.140322 -0.207155 -0.165205 -0.0330906 0.211502 -0.185765
seq-01/frame-000925.color.png 0.987919 -0.0198583 -0.144373 -0.0527136 0.678554 -0.0146298 -0.111648
seq-01/frame-000606.color.png 0.994142 -0.0139925 0.0972284 0.0450804 0.263536 -0.275129 0.0892893
seq-01/frame-000355.color.png 0.918242 0.175902 0.309904 0.172774 -0.864172 -0.170637 0.587504
seq-01/frame-000511.color.png 0.994019 0.0845841 -0.0674966 -0.0147163 -0.0236145 -0.0257817 -0.00793511
seq-01/frame-000104.color.png 0.890819 0.22959 -0.18777 -0.344198 0.49227 0.190255 -0.0560841
seq-01/frame-000115.color.png 0.910894 0.200168 -0.20063 -0.29992 0.426097 0.158522 -0.0979251
seq-01/frame-000238.color.png 0.92519 0.0841825 -0.332117 -0.163205 -0.206289 0.236543 -0.246217
seq-01/frame-000249.color.png 0.94413 0.0487481 -0.278717 -0.168996 -0.290472 0.237903 -0.174438
seq-01/frame-000260.color.png 0.954019 0.0316195 -0.229076 -0.190717 -0.394963 0.268542 -0.113598
seq-01/frame-000993.color.png 0.957788 0.12854 -0.159036 -0.202056 0.775268 -0.107254 0.076484
seq-01/frame-000742.color.png 0.889163 0.0288056 -0.423955 -0.169768 0.00101956 0.0797791 -0.314292
seq-01/frame-000753.color.png 0.84997 0.014943 -0.49519 -0.179207 0.128153 0.0678849 -0.329118
seq-01/frame-000887.color.png 0.998239 -0.01513 -0.0527651 -0.02251 0.425205 0.0276424 -0.198149
seq-01/frame-000636.color.png 0.997535 0.00341806 -0.067649 0.0183529 0.0685623 -0.303358 0.114729
seq-01/frame-000568.color.png 0.99805 -0.00156719 0.0618727 -0.00811205 0.2894 -0.0467361 0.0363036
seq-01/frame-000317.color.png 0.991014 0.0538302 0.122449 -0.000559559 -0.855558 0.0794773 0.303257
seq-01/frame-000066.color.png 0.980634 0.119691 -0.0753942 -0.135453 0.568156 0.162387 -0.246026
seq-01/frame-000810.color.png 0.960445 0.00256805 -0.26541 -0.0842446 0.19767 0.0650088 -0.236083
seq-01/frame-000222.color.png 0.897139 0.0869759 -0.396464 -0.174337 -0.104283 0.242326 -0.295139
seq-01/frame-000955.color.png 0.970042 -0.0167125 -0.217016 -0.107904 0.861839 -0.07726 -0.00677047
seq-01/frame-000966.color.png 0.958249 0.0219858 -0.231382 -0.166547 0.85962 -0.158844 0.0662775
seq-01/frame-000704.color.png 0.972919 0.0895405 -0.199255 -0.0755496 -0.373303 -0.0932879 -0.0252446
seq-01/frame-000715.color.png 0.973243 0.0656111 -0.210602 -0.0643472 -0.32999 -0.0301019 -0.0996295
seq-01/frame-000849.color.png 0.998983 0.0130686 -0.0422653 -0.00868986 0.225355 0.059126 -0.216392
seq-01/frame-000453.color.png 0.987784 0.058744 -0.117675 -0.083578 -0.428032 0.19182 0.0421971
seq-01/frame-000598.color.png 0.994109 -0.02002 0.0969971 0.0440217 0.287384 -0.237785 0.0786277
seq-01/frame-000134.color.png 0.948074 0.180005 -0.149305 -0.215549 0.290845 0.16234 -0.128374
seq-01/frame-000279.color.png 0.987025 0.035473 -0.0748469 -0.137557 -0.560518 0.245911 0.0232429
seq-01/frame-000017.color.png 0.978988 0.140677 0.143094 -0.0362912 0.144339 0.194109 -0.226295
seq-01/frame-000028.color.png 0.980195 0.158252 0.107999 -0.0500955 0.233785 0.213584 -0.270002
seq-01/frame-000772.color.png 0.809554 0.0130491 -0.547666 -0.210983 0.265875 0.044942 -0.256798
seq-01/frame-000783.color.png 0.853593 -0.00743422 -0.489559 -0.177918 0.272655 0.0375035 -0.235797
seq-01/frame-000510.color.png 0.993714 0.0835716 -0.0726936 -0.0162385 -0.0314721 -0.0268746 -0.00826459
seq-01/frame-000521.color.png 0.9953 0.0878772 -0.0404586 -0.00421685 0.0460836 -0.0200091 -0.0119244
seq-01/frame-000906.color.png 0.997172 -0.0242641 -0.0654018 -0.0279681 0.517892 0.0154781 -0.182246
seq-01/frame-000655.color.png 0.982877 0.0143854 -0.180497 -0.0341464 -0.0990341 -0.271666 0.0762842
seq-01/frame-000666.color.png 0.969689 0.0423717 -0.232165 -0.0633072 -0.183971 -0.244156 0.0384548
seq-01/frame-000917.color.png 0.992869 -0.0181011 -0.106669 -0.0500514 0.611849 -0.0085191 -0.149567
seq-01/frame-000034.color.png 0.979483 0.167724 0.0944932 -0.0596045 0.287043 0.215144 -0.29219
seq-01/frame-000415.color.png 0.986971 0.145883 -0.0390671 -0.055493 -0.508159 0.38808 0.185072
seq-01/frame-000811.color.png 0.963798 0.00125594 -0.255276 -0.0769791 0.189915 0.0586868 -0.242731
seq-01/frame-000164.color.png 0.965884 0.172083 -0.100482 -0.165405 0.0382613 0.197735 -0.126799
seq-01/frame-000840.color.png 0.997677 0.00335682 -0.0674786 -0.00871684 0.183813 0.0559871 -0.221296
seq-01/frame-000985.color.png 0.942872 0.10537 -0.203619 -0.241722 0.795597 -0.19345 0.113015
seq-01/frame-000723.color.png 0.961442 0.0606074 -0.25313 -0.0887785 -0.267851 0.0247029 -0.176417
seq-01/frame-000734.color.png 0.924409 0.0455176 -0.350882 -0.142399 -0.122372 0.0710119 -0.271957
seq-01/frame-000868.color.png 0.998789 -0.00515169 -0.0433646 -0.0226804 0.338084 0.0352659 -0.208243
seq-01/frame-000472.color.png 0.987527 0.0521814 -0.131015 -0.0700143 -0.3467 0.0969225 0.0219148
seq-01/frame-000483.color.png 0.989074 0.0496981 -0.127587 -0.0546213 -0.274336 0.0483343 0.0162865
seq-01/frame-000494.color.png 0.989203 0.0684999 -0.124417 -0.0361254 -0.176534 0.00302766 0.0161133
seq-01/frame-000617.color.png 0.998251 -0.00424291 0.0442122 0.0390197 0.196203 -0.302491 0.0973765
seq-01/frame-000221.color.png 0.893768 0.0866068 -0.402269 -0.178489 -0.0906673 0.242693 -0.295722
seq-01/frame-000628.color.png 0.999357 -0.00516524 -0.0147019 0.0323009 0.124758 -0.310867 0.114808
seq-01/frame-000879.color.png 0.998267 -0.0108218 -0.055227 -0.0172166 0.396716 0.0364952 -0.202393
seq-01/frame-000366.color.png 0.924087 0.223082 0.268187 0.156121 -0.901194 -0.0800639 0.497385
seq-01/frame-000377.color.png 0.939067 0.265871 0.185989 0.113464 -0.885621 0.0876183 0.399998
seq-01/frame-000126.color.png 0.937153 0.173749 -0.193865 -0.232319 0.365128 0.137988 -0.132073
seq-01/frame-000857.color.png 0.9995 0.0087699 -0.0262113 -0.0153782 0.260489 0.0495524 -0.216291
seq-01/frame-000802.color.png 0.939478 -0.000327996 -0.325124 -0.108049 0.215218 0.0572807 -0.243401
seq-01/frame-000936.color.png 0.978539 -0.0197309 -0.19004 -0.0771744 0.761159 -0.0417451 -0.061283
seq-01/frame-000551.color.png 0.999112 0.0216689 0.0359313 -0.00373151 0.243548 0.00474259 0.00578414
seq-01/frame-000947.color.png 0.975354 -0.0241971 -0.20059 -0.0886756 0.829806 -0.0563251 -0.0457872
seq-01/frame-000685.color.png 0.958886 0.116042 -0.241296 -0.0940701 -0.327951 -0.196046 0.0183257
seq-01/frame-000696.color.png 0.966629 0.114738 -0.2123 -0.0859807 -0.37904 -0.144733 -0.0061086
seq-01/frame-000830.color.png 0.992028 0.00302728 -0.120126 -0.0379567 0.156205 0.0560322 -0.231023
seq-01/frame-000434.color.png 0.989192 0.080247 -0.0992 -0.0722438 -0.45592 0.305795 0.0743855
seq-01/frame-000445.color.png 0.987953 0.0620037 -0.106452 -0.0936616 -0.438789 0.250652 0.0549894
seq-01/frame-000841.color.png 0.997688 0.00483925 -0.0677104 -0.00317424 0.198647 0.0574986 -0.219668
seq-01/frame-000579.color.png 0.996828 -0.00791865 0.0791166 0.00351125 0.292689 -0.117313 0.0687734
seq-01/frame-000183.color.png 0.9496 0.130628 -0.231837 -0.165672 -0.0271638 0.209694 -0.20617
seq-01/frame-000194.color.png 0.929294 0.104354 -0.316032 -0.160144 -0.0369112 0.215046 -0.261205
seq-01/frame-000590.color.png 0.995102 -0.0276639 0.0896539 0.0311196 0.292001 -0.191384 0.0775846
seq-01/frame-000328.color.png 0.974824 0.0612631 0.209406 0.0459802 -0.86066 0.015505 0.457603
seq-01/frame-000339.color.png 0.948974 0.0949566 0.278841 0.112601 -0.846296 -0.102915 0.576498
seq-01/frame-000077.color.png 0.963492 0.109629 -0.147229 -0.194904 0.589297 0.113235 -0.160583
seq-01/frame-000009.color.png 0.974081 0.139401 0.176539 -0.023843 0.0778105 0.182275 -0.197838
seq-01/frame-000764.color.png 0.81827 0.0130486 -0.538141 -0.201664 0.223201 0.0563907 -0.292
seq-01/frame-000898.color.png 0.998056 -0.0212795 -0.0553987 -0.0190132 0.465403 0.0240057 -0.19032
seq-01/frame-000513.color.png 0.994544 0.0852195 -0.0591479 -0.0110138 -0.00592079 -0.0246163 -0.011284
seq-01/frame-000909.color.png 0.996374 -0.0207963 -0.0739281 -0.0366217 0.54431 0.00824822 -0.176792
seq-01/frame-000647.color.png 0.990847 0.0107493 -0.134164 -0.0102882 -0.0263162 -0.286761 0.101783
seq-01/frame-000251.color.png 0.946432 0.0498774 -0.269248 -0.171126 -0.309105 0.253097 -0.158258
seq-01/frame-000658.color.png 0.979716 0.0199899 -0.194426 -0.044217 -0.123452 -0.264777 0.0673015
seq-01/frame-000792.color.png 0.899522 -0.00670902 -0.412518 -0.14368 0.250981 0.0471331 -0.24168
seq-01/frame-000396.color.png 0.965691 0.252371 0.0410938 0.0453889 -0.736642 0.33207 0.288455
seq-01/frame-000407.color.png 0.981778 0.188419 -0.0121602 -0.0214926 -0.566319 0.408172 0.226506
seq-01/frame-000803.color.png 0.939608 -0.000395065 -0.324735 -0.108092 0.214481 0.0573164 -0.242628
seq-01/frame-000541.color.png 0.997949 0.062984 0.0112356 0.00214828 0.195764 0.00593133 -0.00696757
seq-01/frame-000145.color.png 0.954401 0.193811 -0.101469 -0.203128 0.215893 0.185694 -0.10631
seq-01/frame-000156.color.png 0.961526 0.190167 -0.0797755 -0.181493 0.107507 0.194906 -0.114902
seq-01/frame-000552.color.png 0.999048 0.0202255 0.0383578 -0.00466421 0.250146 0.00576448 0.0040551
seq-01/frame-000290.color.png 0.992362 0.0349547 -0.0186295 -0.116831 -0.661806 0.237348 0.0855762
seq-01/frame-000039.color.png 0.97871 0.181084 0.0760581 -0.0595846 0.336331 0.234632 -0.302882
seq-01/frame-000860.color.png 0.998974 0.00410008 -0.0341585 -0.0294523 0.287027 0.0373284 -0.213085
seq-01/frame-000464.color.png 0.986686 0.0547259 -0.131494 -0.0785219 -0.382731 0.131968 0.0274775
seq-01/frame-000475.color.png 0.988615 0.0523357 -0.12727 -0.0608637 -0.328748 0.078974 0.0174194
seq-01/frame-000871.color.png 0.998725 -0.00532773 -0.0457127 -0.0207532 0.352532 0.0376073 -0.207128
seq-01/frame-000609.color.png 0.995719 -0.00606865 0.0819949 0.0422266 0.251642 -0.282856 0.0866361
seq-01/frame-000213.color.png 0.877349 0.09611 -0.432297 -0.184774 -0.0456332 0.249557 -0.289908
seq-01/frame-000224.color.png 0.898695 0.0867391 -0.394382 -0.171133 -0.110681 0.240763 -0.29447
seq-01/frame-000620.color.png 0.998859 -0.00398371 0.0290408 0.0377078 0.178107 -0.306599 0.0959919
seq-01/frame-000347.color.png 0.933781 0.135775 0.300367 0.139279 -0.852565 -0.14575 0.601829
seq-01/frame-000358.color.png 0.920939 0.178994 0.301564 0.169974 -0.877951 -0.141533 0.56133
seq-01/frame-000369.color.png 0.926879 0.239915 0.246066 0.150958 -0.911246 -0.0501735 0.463575
seq-01/frame-000503.color.png 0.991932 0.080597 -0.0938613 -0.0276682 -0.105468 -0.0219685 -0.00130009
seq-01/frame-000096.color.png 0.91106 0.164836 -0.164768 -0.340075 0.477368 0.0936889 -0.0889038
seq-01/frame-000107.color.png 0.885189 0.248092 -0.205034 -0.335936 0.50275 0.216677 -0.0362821
seq-01/frame-000118.color.png 0.922959 0.164018 -0.209512 -0.278118 0.412574 0.0959176 -0.155929
seq-01/frame-000252.color.png 0.946426 0.0488147 -0.269726 -0.17071 -0.308663 0.250424 -0.1603
seq-01/frame-000845.color.png 0.998796 0.00747772 -0.0470605 -0.0117017 0.202598 0.0498673 -0.219512
seq-01/frame-000996.color.png 0.962729 0.121341 -0.153059 -0.187087 0.756462 -0.0792255 0.0765628
seq-01/frame-000001.color.png 0.975026 0.127314 0.181481 -0.0133908 0.055482 0.176397 -0.181963
seq-01/frame-000878.color.png 0.998361 -0.0108323 -0.053032 -0.0185768 0.392823 0.0349806 -0.204888
seq-01/frame-000677.color.png 0.957344 0.0925468 -0.256661 -0.0951505 -0.274508 -0.207539 0.0170886
seq-01/frame-000822.color.png 0.982125 0.000720696 -0.179858 -0.0555121 0.162877 0.0577383 -0.233262
seq-01/frame-000426.color.png 0.990118 0.104192 -0.063958 -0.0687033 -0.468862 0.343976 0.121997
seq-01/frame-000833.color.png 0.995365 0.0196577 -0.088136 -0.0330733 0.141689 0.0877805 -0.236745
seq-01/frame-000560.color.png 0.998721 -0.00023795 0.050556 -0.00109209 0.275401 -0.0111992 0.0136032
seq-01/frame-000175.color.png 0.96368 0.146386 -0.154742 -0.161081 -0.0351205 0.201217 -0.165084
seq-01/frame-000571.color.png 0.997611 -0.00372442 0.0685247 -0.00792489 0.292325 -0.0640503 0.047938
seq-01/frame-000582.color.png 0.996561 -0.0164214 0.080063 0.0136487 0.294355 -0.134418 0.0741766
seq-01/frame-000309.color.png 0.995593 0.0561571 0.0704629 -0.0259975 -0.822305 0.115874 0.21047
seq-01/frame-000320.color.png 0.988481 0.0525977 0.141195 0.014224 -0.867908 0.0575786 0.335956
seq-01/frame-000331.color.png 0.969066 0.0648158 0.227559 0.0701932 -0.864925 -0.0247356 0.485726
seq-01/frame-000058.color.png 0.986291 0.132301 -0.0144216 -0.0975634 0.501493 0.193106 -0.306922
seq-01/frame-000069.color.png 0.977936 0.113706 -0.0903162 -0.150183 0.575334 0.148856 -0.230145
seq-01/frame-000080.color.png 0.952029 0.113164 -0.172157 -0.226267 0.60021 0.0758458 -0.13827
seq-01/frame-000214.color.png 0.877349 0.0959834 -0.432347 -0.18472 -0.045518 0.24915 -0.290363
seq-01/frame-000958.color.png 0.96727 -0.00791636 -0.222307 -0.122093 0.86614 -0.0912147 0.0116527
seq-01/frame-000707.color.png 0.974215 0.0830427 -0.197945 -0.0694684 -0.36702 -0.0799918 -0.0352869
seq-01/frame-000890.color.png 0.998275 -0.0160681 -0.0539216 -0.0167462 0.433707 0.0290266 -0.196866
seq-01/frame-000639.color.png 0.996197 0.00528855 -0.0862424 0.011192 0.048581 -0.299363 0.117066
seq-01/frame-000388.color.png 0.954743 0.268304 0.100104 0.0803587 -0.813852 0.235243 0.328152
seq-01/frame-000522.color.png 0.995275 0.0885659 -0.0396638 -0.0031843 0.0550201 -0.0186632 -0.0123194
seq-01/frame-000137.color.png 0.950993 0.184818 -0.133829 -0.208674 0.271666 0.174047 -0.115815
seq-01/frame-000533.color.png 0.996443 0.0805963 -0.0245023 -0.00210106 0.155901 -0.0188755 -0.0192384
seq-01/frame-000544.color.png 0.998261 0.0521338 0.0271157 -0.00463032 0.204929 0.00668722 -0.00375007
seq-01/frame-000293.color.png 0.99417 0.0375054 -0.000958677 -0.101083 -0.689817 0.219093 0.108169
seq-01/frame-000271.color.png 0.973755 0.0427459 -0.160825 -0.155269 -0.48612 0.254679 -0.0566599
seq-01/frame-000282.color.png 0.989765 0.0325041 -0.0603127 -0.125181 -0.58758 0.234095 0.0375326
seq-01/frame-000020.color.png 0.979759 0.143917 0.131177 -0.0464042 0.173077 0.201891 -0.242915
seq-01/frame-000031.color.png 0.980297 0.161927 0.100073 -0.0527623 0.26138 0.217312 -0.276867
seq-01/frame-000775.color.png 0.818833 0.0066714 -0.538299 -0.199255 0.272259 0.0409241 -0.246942
seq-01/frame-000920.color.png 0.991782 -0.0187656 -0.117283 -0.0475553 0.631494 -0.00576371 -0.139902
seq-01/frame-000669.color.png 0.963156 0.0572627 -0.250499 -0.0793885 -0.210926 -0.228621 0.0277031
seq-01/frame-000808.color.png 0.952834 0.00198581 -0.288018 -0.0956487 0.20518 0.0626299 -0.233297
seq-01/frame-000852.color.png 0.999271 0.0170894 -0.0304492 -0.0154634 0.240847 0.0597208 -0.214708
seq-01/frame-000601.color.png 0.993954 -0.0166507 0.0992488 0.0439081 0.283504 -0.251252 0.0805037
seq-01/frame-000205.color.png 0.890468 0.0879586 -0.404923 -0.188063 -0.0269948 0.238965 -0.279338
seq-01/frame-000350.color.png 0.926747 0.15152 0.30866 0.151364 -0.857185 -0.156049 0.606129
seq-01/frame-000506.color.png 0.99271 0.0824965 -0.0846276 -0.0236627 -0.0750871 -0.0241142 -0.0030982
seq-01/frame-000088.color.png 0.913083 0.198847 -0.153428 -0.321246 0.530853 0.183274 -0.0662699
seq-01/frame-000099.color.png 0.898079 0.196241 -0.181832 -0.349114 0.508534 0.133686 -0.0770617
seq-01/frame-000233.color.png 0.918475 0.0853386 -0.34816 -0.167051 -0.178958 0.237301 -0.266377
seq-01/frame-000244.color.png 0.938922 0.0571532 -0.292862 -0.171438 -0.253932 0.232265 -0.205838
seq-01/frame-000977.color.png 0.942269 0.0768696 -0.226204 -0.234631 0.807805 -0.226863 0.108113
seq-01/frame-000988.color.png 0.95068 0.112312 -0.18345 -0.223471 0.791056 -0.164598 0.0998989
seq-01/frame-000726.color.png 0.952041 0.0594399 -0.283145 -0.0995726 -0.231596 0.0391711 -0.20844
seq-01/frame-000737.color.png 0.910648 0.0360651 -0.37984 -0.15856 -0.0749336 0.0775085 -0.288966
seq-01/frame-000999.color.png 0.965919 0.119946 -0.146604 -0.17641 0.738159 -0.0576354 0.072597
seq-01/frame-000882.color.png 0.998222 -0.0151378 -0.0546943 -0.0182106 0.408101 0.0317676 -0.203463
seq-01/frame-000563.color.png 0.998687 -0.000261918 0.0510981 -0.00374351 0.287169 -0.0254783 0.0238807
seq-01/frame-000301.color.png 0.996564 0.0525547 0.0243201 -0.059225 -0.761956 0.157653 0.146145
seq-01/frame-000312.color.png 0.994908 0.0514924 0.0847084 -0.0181722 -0.837684 0.106061 0.23532
seq-01/frame-000050.color.png 0.983282 0.163591 0.0303664 -0.0739729 0.434655 0.226952 -0.319224
seq-01/frame-000061.color.png 0.985942 0.126316 -0.0339587 -0.103968 0.525048 0.187836 -0.290506
seq-01/frame-000794.color.png 0.906768 -0.00147896 -0.398412 -0.137975 0.246779 0.0534785 -0.240276
seq-01/frame-000805.color.png 0.947196 0.00132181 -0.304849 -0.0994246 0.206474 0.0615075 -0.235863
seq-01/frame-000939.color.png 0.977985 -0.0224072 -0.191667 -0.0794152 0.784595 -0.0438804 -0.0611769
seq-01/frame-000950.color.png 0.973137 -0.0199165 -0.208184 -0.096263 0.847347 -0.0630786 -0.0319476
seq-01/frame-000688.color.png 0.960993 0.120656 -0.229752 -0.0956476 -0.347655 -0.184924 0.0118004
seq-01/frame-000699.color.png 0.968267 0.106281 -0.208903 -0.0867386 -0.382526 -0.132296 -0.010796
seq-01/frame-000437.color.png 0.988947 0.0764337 -0.0968359 -0.0822523 -0.451262 0.295211 0.0735946
seq-01/frame-000448.color.png 0.9881 0.0570152 -0.108763 -0.0926194 -0.430711 0.227948 0.0530129
seq-01/frame-000263.color.png 0.956303 0.035124 -0.223462 -0.185245 -0.410359 0.269069 -0.106119
seq-01/frame-000274.color.png 0.982202 0.0362411 -0.12569 -0.134791 -0.517511 0.234317 -0.0260157
seq-01/frame-000023.color.png 0.979469 0.148038 0.126994 -0.0509613 0.190054 0.205542 -0.25301
seq-01/frame-000012.color.png 0.975661 0.142647 0.163989 -0.0290806 0.0993627 0.189177 -0.208149
seq-01/frame-000756.color.png 0.840456 0.0158471 -0.508721 -0.185973 0.160755 0.0687466 -0.322794
seq-01/frame-000767.color.png 0.807233 0.0157782 -0.551058 -0.210856 0.247157 0.0489134 -0.270243
seq-01/frame-000505.color.png 0.992533 0.080879 -0.0877656 -0.0251822 -0.0825895 -0.024265 -0.00235823
seq-01/frame-000516.color.png 0.994664 0.0865871 -0.0556554 -0.00694771 0.0142809 -0.0239786 -0.0100629
seq-01/frame-000901.color.png 0.997784 -0.0172295 -0.0591519 -0.0251271 0.487124 0.0259949 -0.190056
seq-01/frame-000650.color.png 0.98791 0.0121265 -0.153308 -0.0195935 -0.0539161 -0.281613 0.092838
seq-01/frame-000661.color.png 0.976953 0.0255664 -0.205679 -0.0510453 -0.14905 -0.256706 0.0562403
seq-01/frame-000912.color.png 0.99552 -0.0235311 -0.0813858 -0.0419789 0.562999 -0.00115972 -0.169877
seq-01/frame-000399.color.png 0.971325 0.235617 0.00847473 0.0306553 -0.698419 0.372043 0.25445
seq-01/frame-000410.color.png 0.984308 0.17192 -0.0233879 -0.0321632 -0.542552 0.391178 0.205038
seq-01/frame-000148.color.png 0.956716 0.191832 -0.0834245 -0.202325 0.186359 0.187186 -0.110817
seq-01/frame-000969.color.png 0.954795 0.0352746 -0.229642 -0.185437 0.851944 -0.185257 0.0761964
seq-01/frame-000980.color.png 0.938533 0.0879399 -0.226947 -0.244781 0.796067 -0.22734 0.123237
seq-01/frame-000718.color.png 0.97089 0.0635739 -0.221126 -0.0665973 -0.312518 -0.00975902 -0.125868
seq-01/frame-000729.color.png 0.940282 0.0523741 -0.316995 -0.112431 -0.188824 0.0478513 -0.239576
seq-01/frame-000863.color.png 0.9989 0.000552945 -0.0385947 -0.026637 0.308859 0.0364498 -0.207541
seq-01/frame-000467.color.png 0.987165 0.0544616 -0.128846 -0.0770602 -0.375021 0.119263 0.024524
seq-01/frame-000478.color.png 0.989162 0.0512914 -0.124321 -0.0589273 -0.310806 0.0659456 0.0193898
seq-01/frame-000874.color.png 0.998582 -0.00751002 -0.0490075 -0.0193734 0.37181 0.0385489 -0.205286
seq-01/frame-000612.color.png 0.997014 -0.00222472 0.0651992 0.0413204 0.234114 -0.29153 0.0881347
seq-01/frame-000216.color.png 0.877424 0.0962417 -0.4328 -0.183163 -0.0524944 0.246779 -0.293861
seq-01/frame-000623.color.png 0.999279 -0.00418078 0.0109089 0.0361117 0.159665 -0.307272 0.107199
seq-01/frame-000361.color.png 0.921364 0.193819 0.292885 0.166558 -0.887398 -0.124687 0.540365
seq-01/frame-000110.color.png 0.893089 0.231086 -0.212502 -0.322234 0.487139 0.190572 -0.0614499
seq-01/frame-000042.color.png 0.979827 0.17601 0.071059 -0.0625262 0.357285 0.2311 -0.314981
seq-01/frame-000931.color.png 0.981162 -0.017504 -0.179668 -0.0688107 0.726286 -0.0322861 -0.0705049
seq-01/frame-000535.color.png 0.996705 0.0802527 -0.0108375 0.00470564 0.157931 0.00162327 -0.00889363
seq-01/frame-000928.color.png 0.985461 -0.0162972 -0.159115 -0.057305 0.698837 -0.0141832 -0.096499
seq-01/frame-000942.color.png 0.977236 -0.0235893 -0.194563 -0.0812367 0.806115 -0.0452992 -0.0581987
seq-01/frame-000680.color.png 0.957006 0.103273 -0.252692 -0.0980858 -0.29601 -0.203129 0.0131445
seq-01/frame-000691.color.png 0.963652 0.118812 -0.220514 -0.0929101 -0.362046 -0.17637 0.00978415
seq-01/frame-000825.color.png 0.988646 0.013083 -0.140207 -0.0524317 0.139877 0.0795554 -0.232921
seq-01/frame-000418.color.png 0.986937 0.137891 -0.0526895 -0.0645436 -0.489735 0.379901 0.16405
seq-01/frame-000429.color.png 0.990705 0.0968391 -0.0675369 -0.067563 -0.469959 0.32843 0.10724
seq-01/frame-000440.color.png 0.988336 0.068763 -0.101093 -0.0908003 -0.443788 0.281286 0.0673469
seq-01/frame-000574.color.png 0.997354 -0.00565567 0.0722623 -0.00550201 0.29194 -0.0863364 0.0596979
seq-01/frame-000167.color.png 0.966026 0.164017 -0.117355 -0.16162 0.0119008 0.193596 -0.130892
seq-01/frame-000178.color.png 0.960963 0.139476 -0.172571 -0.165276 -0.0505654 0.201996 -0.17721
seq-01/frame-000189.color.png 0.939243 0.118509 -0.282312 -0.155171 -0.0306885 0.21207 -0.244216
seq-01/frame-000323.color.png 0.985955 0.0553652 0.156056 0.0217528 -0.868629 0.0523684 0.365099
seq-01/frame-000836.color.png 0.995615 0.00819369 -0.0911145 -0.0195616 0.179304 0.0654107 -0.226718
seq-01/frame-000072.color.png 0.972358 0.109271 -0.119426 -0.168276 0.583562 0.134161 -0.194179
seq-01/frame-000004.color.png 0.974172 0.13193 0.182547 -0.0161237 0.0579696 0.175979 -0.18556
seq-01/frame-000748.color.png 0.866162 0.0221262 -0.469983 -0.168495 0.0761477 0.072635 -0.32814
seq-01/frame-000893.color.png 0.998075 -0.0147786 -0.0583572 -0.0148985 0.448822 0.0343795 -0.190045
seq-01/frame-000497.color.png 0.990409 0.0724464 -0.112083 -0.0357599 -0.150392 -0.0111886 0.00696488
seq-01/frame-000904.color.png 0.997373 -0.0243581 -0.062379 -0.0276207 0.508383 0.016855 -0.185395
seq-01/frame-000631.color.png 0.999011 -0.00585239 -0.0351631 0.0265685 0.101269 -0.316625 0.116732
seq-01/frame-000246.color.png 0.939506 0.0530747 -0.291043 -0.172644 -0.259672 0.232666 -0.203448
seq-01/frame-000642.color.png 0.994485 0.00762834 -0.104531 0.00392266 0.0272825 -0.296324 0.115727
seq-01/frame-000653.color.png 0.984836 0.014682 -0.170209 -0.0302064 -0.0835686 -0.274461 0.0820924
seq-01/frame-000380.color.png 0.943504 0.275168 0.151591 0.105368 -0.882808 0.134374 0.362088
seq-01/frame-000391.color.png 0.958481 0.267444 0.0678901 0.0719698 -0.791557 0.266389 0.300963
seq-01/frame-000402.color.png 0.980177 0.197878 -0.0086545 0.00466646 -0.622065 0.395973 0.223875
seq-01/frame-000536.color.png 0.9967 0.0804161 -0.00995003 0.00490598 0.154932 0.00184098 -0.00774448
seq-01/frame-000129.color.png 0.938978 0.178137 -0.184122 -0.229536 0.348555 0.144935 -0.12623
seq-01/frame-000140.color.png 0.953331 0.187291 -0.121816 -0.203082 0.244533 0.174234 -0.113633
seq-01/frame-000151.color.png 0.959297 0.188514 -0.0755962 -0.196204 0.153707 0.186948 -0.117181
seq-01/frame-000285.color.png 0.990751 0.0317702 -0.0483321 -0.12275 -0.625587 0.233229 0.0471341
seq-01/frame-000787.color.png 0.87122 -0.00399903 -0.4601 -0.171078 0.264624 0.0453396 -0.239417
seq-01/frame-000961.color.png 0.963847 0.000353027 -0.226148 -0.140909 0.866336 -0.120952 0.0331747
seq-01/frame-000710.color.png 0.974805 0.0728289 -0.199854 -0.0671525 -0.35767 -0.0584359 -0.0556962
seq-01/frame-000844.color.png 0.99835 0.00993086 -0.0557234 -0.00970742 0.204405 0.0577298 -0.219952
seq-01/frame-000459.color.png 0.986679 0.0593345 -0.129399 -0.0787409 -0.407061 0.157452 0.0289035
seq-01/frame-000855.color.png 0.999446 0.0147367 -0.0248991 -0.0164561 0.253002 0.0566924 -0.217573
seq-01/frame-000866.color.png 0.998986 -0.00219042 -0.0394672 -0.0215565 0.320624 0.0370273 -0.211087
seq-01/frame-000593.color.png 0.994672 -0.0264639 0.0923356 0.0374284 0.289711 -0.209837 0.0792156
seq-01/frame-000208.color.png 0.884415 0.0914178 -0.417565 -0.187328 -0.0357992 0.24598 -0.282583
seq-01/frame-000604.color.png 0.993928 -0.0140979 0.0978461 0.0483151 0.279141 -0.261917 0.0805413
seq-01/frame-000615.color.png 0.997808 -0.000771665 0.0536654 0.0387033 0.202573 -0.299045 0.0959123
seq-01/frame-000342.color.png 0.94344 0.113575 0.286336 0.122609 -0.851226 -0.123031 0.586813
seq-01/frame-000353.color.png 0.920907 0.165395 0.31107 0.166762 -0.861433 -0.171503 0.598179
seq-01/frame-000364.color.png 0.921987 0.210072 0.28182 0.162444 -0.892064 -0.101548 0.518606
seq-01/frame-000498.color.png 0.990426 0.0723638 -0.111964 -0.0358188 -0.150647 -0.0113369 0.00681289
seq-01/frame-000091.color.png 0.905531 0.197329 -0.180436 -0.32942 0.563882 0.155755 -0.0575969
seq-01/frame-000102.color.png 0.898291 0.204623 -0.17395 -0.347771 0.472396 0.150715 -0.0621782
seq-01/frame-000991.color.png 0.953628 0.123636 -0.170888 -0.214722 0.781084 -0.137782 0.0891695
seq-01/frame-000916.color.png 0.993264 -0.0184716 -0.103391 -0.0489457 0.602523 -0.00770776 -0.150002
seq-01/frame-000923.color.png 0.98979 -0.0191989 -0.132394 -0.0491797 0.661301 -0.00683214 -0.124886
seq-01/frame-000672.color.png 0.961186 0.0673674 -0.254639 -0.0821145 -0.23561 -0.220782 0.0215469
seq-01/frame-000806.color.png 0.949879 0.00240893 -0.296771 -0.0982381 0.205123 0.0633005 -0.234003
seq-01/frame-000421.color.png 0.987695 0.1264 -0.0543254 -0.0743724 -0.476979 0.376452 0.151824
seq-01/frame-000817.color.png 0.973947 0.0067726 -0.216672 -0.0665946 0.178702 0.0644128 -0.237766
seq-01/frame-000828.color.png 0.989852 0.000149645 -0.136258 -0.0403235 0.165866 0.0504056 -0.230452
seq-01/frame-000555.color.png 0.998976 0.00572051 0.0447168 -0.00382152 0.259492 0.00111249 0.00657494
seq-01/frame-000159.color.png 0.96304 0.185817 -0.0810326 -0.17737 0.0873963 0.196878 -0.119467
seq-01/frame-000170.color.png 0.96496 0.162341 -0.134437 -0.156284 -0.00584494 0.196887 -0.139683
seq-01/frame-000566.color.png 0.998213 0.000779764 0.0594391 -0.00608912 0.286484 -0.0344167 0.0272317
seq-01/frame-000304.color.png 0.996772 0.0562421 0.0367353 -0.0439639 -0.791547 0.13762 0.159482
seq-01/frame-000315.color.png 0.992327 0.0517019 0.112226 -0.00433583 -0.851743 0.0824245 0.286864
seq-01/frame-000577.color.png 0.997082 -0.00440128 0.0762057 -0.00122548 0.294299 -0.105159 0.0653885
seq-01/frame-000053.color.png 0.984394 0.154422 0.0175696 -0.0825477 0.458727 0.216228 -0.32047
seq-01/frame-000064.color.png 0.984035 0.121328 -0.0544299 -0.118284 0.547022 0.173448 -0.270947
seq-01/frame-000953.color.png 0.971037 -0.0198265 -0.215034 -0.102243 0.859831 -0.071782 -0.0137558
seq-01/frame-000885.color.png 0.998195 -0.0162022 -0.0549877 -0.0178969 0.418096 0.030729 -0.19975
seq-01/frame-000634.color.png 0.998173 -0.0029602 -0.0568973 0.0201249 0.0797218 -0.314745 0.117598
seq-01/frame-000372.color.png 0.932806 0.253398 0.216358 0.137301 -0.917692 0.00452775 0.419939
seq-01/frame-000383.color.png 0.947677 0.275962 0.135795 0.0855113 -0.852841 0.200063 0.35665
seq-01/frame-000517.color.png 0.994927 0.0869123 -0.0503305 -0.00585483 0.0208672 -0.0232302 -0.0121293
seq-01/frame-000121.color.png 0.921598 0.21021 -0.186938 -0.267437 0.383088 0.196366 -0.0982686
seq-01/frame-000132.color.png 0.946424 0.182011 -0.153316 -0.218282 0.305914 0.162376 -0.128283
seq-01/frame-000528.color.png 0.995392 0.0909542 -0.0300794 0.00414394 0.102435 -0.0164577 -0.0224468
seq-01/frame-000266.color.png 0.962112 0.0389838 -0.205026 -0.175455 -0.443173 0.262162 -0.0904733
seq-01/frame-000277.color.png 0.985395 0.0364741 -0.10063 -0.132435 -0.539586 0.232607 -0.00171957
seq-01/frame-000015.color.png 0.977333 0.139234 0.155988 -0.0331811 0.118256 0.188875 -0.217563
seq-01/frame-000026.color.png 0.979933 0.155827 0.11419 -0.0490896 0.218585 0.212008 -0.2665
seq-01/frame-000759.color.png 0.829284 0.0124724 -0.521863 -0.199478 0.192398 0.0626621 -0.311336
seq-01/frame-000770.color.png 0.805165 0.0146047 -0.553067 -0.213571 0.259622 0.0454829 -0.260757
seq-01/frame-000846.color.png 0.998752 0.00794706 -0.0479123 -0.0116627 0.204085 0.050675 -0.219163
seq-01/frame-000847.color.png 0.998847 0.0133039 -0.0450455 -0.0099743 0.212449 0.0596095 -0.216861
seq-01/frame-000585.color.png 0.996047 -0.0184621 0.0846998 0.0193751 0.293424 -0.149676 0.076766
seq-01/frame-000596.color.png 0.994354 -0.0226174 0.0948627 0.0418306 0.286883 -0.227569 0.0812361
seq-01/frame-000334.color.png 0.962846 0.0730406 0.244005 0.0897413 -0.860567 -0.062266 0.51391
seq-01/frame-000345.color.png 0.937418 0.127537 0.295328 0.133276 -0.851918 -0.138448 0.59613
seq-01/frame-000083.color.png 0.939459 0.109754 -0.195198 -0.259361 0.607173 0.0283103 -0.124558
seq-01/frame-000094.color.png 0.910949 0.175761 -0.168134 -0.333185 0.510659 0.104216 -0.0483133
seq-01/frame-000228.color.png 0.907248 0.0844561 -0.376962 -0.166339 -0.141077 0.235205 -0.285648
seq-01/frame-000239.color.png 0.926921 0.0790939 -0.328127 -0.163993 -0.207056 0.234988 -0.241021
seq-01/frame-000972.color.png 0.951124 0.0537927 -0.22523 -0.204307 0.837295 -0.19566 0.077941
seq-01/frame-000983.color.png 0.939362 0.0978124 -0.21682 -0.247024 0.789564 -0.217435 0.12266
seq-01/frame-000721.color.png 0.965939 0.0622561 -0.238267 -0.0794643 -0.287367 0.0113246 -0.155464
seq-01/frame-000732.color.png 0.930944 0.0479628 -0.336389 -0.133738 -0.14833 0.0622278 -0.260618
seq-01/frame-000470.color.png 0.987353 0.0517189 -0.132449 -0.0701162 -0.355385 0.10045 0.0216661
seq-01/frame-000547.color.png 0.998544 0.0424135 0.0329765 -0.00486248 0.224222 0.0052058 0.000323812
seq-01/frame-000558.color.png 0.998767 0.00249672 0.049458 -0.00334509 0.271631 -0.00545886 0.0105614
seq-01/frame-000296.color.png 0.995466 0.0405715 0.0118564 -0.0852138 -0.717595 0.197496 0.128132
seq-01/frame-000307.color.png 0.996339 0.0557634 0.0525548 -0.0379049 -0.806588 0.130703 0.184249
seq-01/frame-000800.color.png 0.929449 0.00142995 -0.349344 -0.118666 0.227832 0.0545781 -0.241565
seq-01/frame-000945.color.png 0.976258 -0.0238529 -0.197916 -0.0847335 0.820051 -0.0497094 -0.0517611
