seq-01/frame-000000.color.png 0.961889 0.205193 -0.142449 -0.111234 1.44865 0.0858301 0.626412
seq-01/frame-000001.color.png 0.966019 0.184871 -0.142325 -0.111236 1.44373 0.0165883 0.580424
seq-01/frame-000002.color.png 0.961916 0.206023 -0.140478 -0.11197 1.44081 0.0900878 0.62061
seq-01/frame-000003.color.png 0.96472 0.188923 -0.143132 -0.114619 1.44456 0.0176045 0.591812
seq-01/frame-000004.color.png 0.964706 0.19108 -0.139349 -0.11581 1.4335 0.0252941 0.573928
seq-01/frame-000005.color.png 0.964306 0.192141 -0.140331 -0.116201 1.43393 0.0282009 0.580576
seq-01/frame-000006.color.png 0.962994 0.198605 -0.143105 -0.112782 1.44223 0.0539154 0.611024
seq-01/frame-000007.color.png 0.962865 0.199893 -0.140774 -0.11453 1.43571 0.053949 0.609402
seq-01/frame-000008.color.png 0.955194 0.227764 -0.143882 -0.122578 1.46126 0.116032 0.680961
seq-01/frame-000009.color.png 0.961071 0.207685 -0.1425 -0.113595 1.44132 0.0856555 0.627131
seq-01/frame-000010.color.png 0.963243 0.196993 -0.142076 -0.114768 1.43418 0.038296 0.606567
seq-01/frame-000011.color.png 0.959748 0.214147 -0.14015 -0.115687 1.43732 0.0965383 0.629268
seq-01/frame-000012.color.png 0.959787 0.213284 -0.140011 -0.117111 1.43871 0.0827344 0.634445
seq-01/frame-000013.color.png 0.961746 0.204234 -0.139051 -0.118314 1.42946 0.0555621 0.601927
seq-01/frame-000014.color.png 0.962426 0.199869 -0.141379 -0.117475 1.43554 0.0364941 0.592618
seq-01/frame-000015.color.png 0.962178 0.202571 -0.143964 -0.111592 1.43826 0.0605787 0.615832
seq-01/frame-000016.color.png 0.962276 0.198728 -0.143986 -0.117471 1.43528 0.0271633 0.602477
seq-01/frame-000017.color.png 0.960392 0.208387 -0.144872 -0.115044 1.43308 0.0626234 0.642761
seq-01/frame-000018.color.png 0.961887 0.201297 -0.143121 -0.117343 1.42109 0.0402697 0.587521
seq-01/frame-000019.color.png 0.955867 0.225506 -0.148877 -0.115327 1.44429 0.119212 0.671515
seq-01/frame-000020.color.png 0.961038 0.202649 -0.144821 -0.119858 1.41851 0.0261075 0.601835
seq-01/frame-000021.color.png 0.960738 0.201292 -0.148338 -0.12025 1.41574 0.0249358 0.600691
seq-01/frame-000022.color.png 0.955254 0.21697 -0.154812 -0.128247 1.43403 0.0332472 0.70424
seq-01/frame-000023.color.png 0.963424 0.186242 -0.152176 -0.118195 1.41131 -0.029045 0.566654
seq-01/frame-000024.color.png 0.959077 0.202099 -0.157728 -0.120206 1.40823 0.00943275 0.6384
seq-01/frame-000025.color.png 0.957392 0.207665 -0.161457 -0.119198 1.41553 0.0167164 0.66496
seq-01/frame-000026.color.png 0.958215 0.205165 -0.158048 -0.121462 1.39729 0.0108686 0.614581
seq-01/frame-000027.color.png 0.957598 0.201222 -0.166143 -0.122116 1.39661 -0.00884308 0.633554
seq-01/frame-000028.color.png 0.953507 0.214663 -0.168947 -0.127287 1.39742 0.0187947 0.706972
seq-01/frame-000029.color.png 0.956056 0.205106 -0.166957 -0.126543 1.37726 0.00212672 0.641601
seq-01/frame-000030.color.png 0.950622 0.219247 -0.176778 -0.130381 1.38187 0.0279773 0.740548
seq-01/frame-000031.color.png 0.954987 0.197072 -0.180793 -0.128363 1.36973 -0.0308159 0.685595
seq-01/frame-000032.color.png 0.948586 0.223352 -0.181416 -0.131856 1.36279 0.0393024 0.748617
seq-01/frame-000033.color.png 0.95081 0.209949 -0.187221 -0.129732 1.35261 0.00135475 0.720729
seq-01/frame-000034.color.png 0.950116 0.203046 -0.189641 -0.141735 1.32079 -0.0392281 0.699192
seq-01/frame-000035.color.png 0.948763 0.201764 -0.199999 -0.138349 1.32829 -0.0437065 0.741942
seq-01/frame-000036.color.png 0.946198 0.210597 -0.20643 -0.13321 1.32679 -0.00384183 0.800193
seq-01/frame-000037.color.png 0.94626 0.206239 -0.204563 -0.142169 1.3085 -0.0346846 0.759111
seq-01/frame-000038.color.png 0.946134 0.197635 -0.213783 -0.141663 1.29719 -0.0562194 0.773092
seq-01/frame-000039.color.png 0.946821 0.191224 -0.216443 -0.141832 1.29162 -0.0720485 0.749716
seq-01/frame-000040.color.png 0.943758 0.201288 -0.220759 -0.141665 1.28867 -0.036491 0.78304
seq-01/frame-000041.color.png 0.94969 0.160319 -0.221752 -0.152355 1.25913 -0.159345 0.739048
seq-01/frame-000042.color.png 0.941566 0.197644 -0.229316 -0.147666 1.25718 -0.0371598 0.809271
seq-01/frame-000043.color.png 0.940384 0.198057 -0.234586 -0.146355 1.25051 -0.0223742 0.818611
seq-01/frame-000044.color.png 0.940255 0.190843 -0.240386 -0.147359 1.24884 -0.0399388 0.811423
seq-01/frame-000045.color.png 0.931349 0.213127 -0.250175 -0.156771 1.2538 0.0122155 0.862484
seq-01/frame-000046.color.png 0.932478 0.205866 -0.257411 -0.147797 1.24208 -0.000764846 0.854729
seq-01/frame-000047.color.png 0.937718 0.175308 -0.260507 -0.148623 1.22214 -0.0885842 0.819228
seq-01/frame-000048.color.png 0.933152 0.192588 -0.264089 -0.149649 1.22155 -0.0462446 0.846603
seq-01/frame-000049.color.png 0.932989 0.182988 -0.268578 -0.154636 1.18808 -0.0750052 0.852049
seq-01/frame-000050.color.png 0.932085 0.182474 -0.273205 -0.152576 1.1881 -0.0738165 0.860302
seq-01/frame-000051.color.png 0.930955 0.183383 -0.274211 -0.156532 1.17411 -0.0798842 0.863049
seq-01/frame-000052.color.png 0.923241 0.197975 -0.291062 -0.153999 1.19001 -0.0482485 0.89761
seq-01/frame-000053.color.png 0.924123 0.190256 -0.291527 -0.157515 1.16756 -0.0688985 0.905156
seq-01/frame-000054.color.png 0.924364 0.180068 -0.295939 -0.159836 1.1584 -0.0971266 0.898365
seq-01/frame-000055.color.png 0.918663 0.19211 -0.301921 -0.16732 1.13106 -0.0696513 0.917284
seq-01/frame-000056.color.png 0.914791 0.212262 -0.301134 -0.165592 1.11667 -0.0228463 0.944193
seq-01/frame-000057.color.png 0.919216 0.182376 -0.305068 -0.16945 1.08694 -0.0971643 0.925641
seq-01/frame-000058.color.png 0.91532 0.17681 -0.316666 -0.17507 1.07062 -0.11415 0.943453
seq-01/frame-000059.color.png 0.907701 0.198271 -0.323995 -0.17831 1.07638 -0.0622127 0.960754
seq-01/frame-000060.color.png 0.904319 0.183369 -0.339081 -0.18332 1.07899 -0.110162 1.00306
seq-01/frame-000061.color.png 0.900143 0.193844 -0.340843 -0.189718 1.05093 -0.0950336 1.03166
seq-01/frame-000062.color.png 0.899183 0.193185 -0.34463 -0.188095 1.02736 -0.0915985 0.997985
seq-01/frame-000063.color.png 0.896632 0.181061 -0.356791 -0.189653 1.01422 -0.127007 1.00359
seq-01/frame-000064.color.png 0.895921 0.174454 -0.364381 -0.184711 0.994124 -0.153671 1.01477
seq-01/frame-000065.color.png 0.894846 0.180374 -0.361982 -0.188902 0.9716 -0.132376 1.0148
seq-01/frame-000066.color.png 0.886263 0.183795 -0.373564 -0.202997 0.98039 -0.121858 1.02381
seq-01/frame-000067.color.png 0.891102 0.170216 -0.375675 -0.189294 0.960182 -0.162172 1.0283
seq-01/frame-000068.color.png 0.888522 0.171959 -0.380124 -0.190955 0.950366 -0.153033 1.04421
seq-01/frame-000069.color.png 0.88453 0.18014 -0.379267 -0.203256 0.934022 -0.122279 1.04404
seq-01/frame-000070.color.png 0.885004 0.169178 -0.386829 -0.196241 0.933068 -0.153268 1.03054
seq-01/frame-000071.color.png 0.883882 0.163547 -0.390946 -0.197904 0.924737 -0.170245 1.04907
seq-01/frame-000072.color.png 0.880844 0.170971 -0.390365 -0.206149 0.903943 -0.139877 1.04035
seq-01/frame-000073.color.png 0.882605 0.158315 -0.394043 -0.201682 0.905228 -0.176898 1.05339
seq-01/frame-000074.color.png 0.879496 0.169212 -0.392834 -0.208652 0.884955 -0.14748 1.03597
seq-01/frame-000075.color.png 0.876271 0.171233 -0.395788 -0.214895 0.884104 -0.134158 1.03425
seq-01/frame-000076.color.png 0.879762 0.162783 -0.395412 -0.207774 0.869849 -0.163787 1.04256
seq-01/frame-000077.color.png 0.877006 0.163965 -0.399973 -0.209756 0.878467 -0.157164 1.02694
seq-01/frame-000078.color.png 0.877361 0.16691 -0.395623 -0.214154 0.859829 -0.130067 1.01353
seq-01/frame-000079.color.png 0.878736 0.162838 -0.397552 -0.207988 0.856567 -0.144208 1.02424
seq-01/frame-000080.color.png 0.878326 0.158099 -0.398901 -0.210774 0.849482 -0.141672 1.01834
seq-01/frame-000081.color.png 0.877722 0.159737 -0.400863 -0.208321 0.841988 -0.124149 1.03282
seq-01/frame-000082.color.png 0.878807 0.156485 -0.400909 -0.206114 0.831777 -0.120231 1.02138
seq-01/frame-000083.color.png 0.878032 0.153593 -0.40262 -0.208243 0.823078 -0.112994 1.02005
seq-01/frame-000084.color.png 0.876474 0.151371 -0.403792 -0.214086 0.813868 -0.109103 1.02824
seq-01/frame-000085.color.png 0.875921 0.149507 -0.404982 -0.215405 0.790291 -0.0873983 1.00578
seq-01/frame-000086.color.png 0.874332 0.144106 -0.408682 -0.218532 0.79195 -0.0970664 1.01812
seq-01/frame-000087.color.png 0.874606 0.140144 -0.410005 -0.217532 0.77748 -0.0884725 1.01794
seq-01/frame-000088.color.png 0.875378 0.138302 -0.41028 -0.215073 0.759935 -0.0755489 1.01672
seq-01/frame-000089.color.png 0.871966 0.143472 -0.415393 -0.21573 0.758132 -0.0496203 1.01265
seq-01/frame-000090.color.png 0.872366 0.135682 -0.414491 -0.220828 0.726495 -0.0547865 1.0191
seq-01/frame-000091.color.png 0.870952 0.134744 -0.417385 -0.22153 0.718326 -0.0553865 1.00316
seq-01/frame-000092.color.png 0.869414 0.133167 -0.42039 -0.222841 0.71335 -0.0640949 1.00442
seq-01/frame-000093.color.png 0.8681 0.132551 -0.421994 -0.225285 0.702002 -0.0478882 1.00134
seq-01/frame-000094.color.png 0.866358 0.127699 -0.427061 -0.225247 0.694932 -0.0501097 1.00877
seq-01/frame-000095.color.png 0.866397 0.12406 -0.42823 -0.224909 0.686208 -0.040997 1.00561
seq-01/frame-000096.color.png 0.865852 0.123248 -0.429263 -0.225487 0.685823 -0.0372138 1.00635
seq-01/frame-000097.color.png 0.866223 0.122635 -0.428053 -0.226691 0.689348 -0.0385592 1.00558
seq-01/frame-000098.color.png 0.866558 0.125144 -0.427138 -0.225766 0.682555 -0.0347121 0.99077
seq-01/frame-000099.color.png 0.865088 0.121901 -0.428977 -0.229654 0.680115 -0.0381578 0.984343
seq-01/frame-000100.color.png 0.863671 0.126455 -0.43001 -0.230594 0.676049 -0.033946 0.985013
seq-01/frame-000101.color.png 0.862679 0.124393 -0.433038 -0.229758 0.665505 -0.0302083 0.976578
seq-01/frame-000102.color.png 0.861068 0.122548 -0.436298 -0.230627 0.669205 -0.0401909 0.972233
seq-01/frame-000103.color.png 0.860722 0.129069 -0.435389 -0.230075 0.658148 -0.0318348 0.967028
seq-01/frame-000104.color.png 0.859942 0.134212 -0.435943 -0.228997 0.656929 -0.0160636 0.943102
seq-01/frame-000105.color.png 0.861659 0.133523 -0.435375 -0.223974 0.654612 -0.00738177 0.931611
seq-01/frame-000106.color.png 0.861487 0.135564 -0.433418 -0.227182 0.654717 0.000910545 0.92454
seq-01/frame-000107.color.png 0.861552 0.136637 -0.432522 -0.227999 0.657132 0.0045224 0.909211
seq-01/frame-000108.color.png 0.861586 0.138872 -0.42989 -0.23147 0.659517 0.0158155 0.887757
seq-01/frame-000109.color.png 0.861677 0.141289 -0.428739 -0.231802 0.653083 0.0272375 0.869382
seq-01/frame-000110.color.png 0.862534 0.140204 -0.428472 -0.229761 0.657974 0.0389565 0.854843
seq-01/frame-000111.color.png 0.864375 0.137647 -0.428069 -0.22509 0.655729 0.0551317 0.832496
seq-01/frame-000112.color.png 0.867245 0.136262 -0.422067 -0.226226 0.664553 0.0608825 0.816876
seq-01/frame-000113.color.png 0.867983 0.138278 -0.419936 -0.226138 0.673531 0.08338 0.795399
seq-01/frame-000114.color.png 0.869944 0.136842 -0.417829 -0.223359 0.666509 0.0964678 0.772408
seq-01/frame-000115.color.png 0.871587 0.137432 -0.412995 -0.225574 0.681294 0.102599 0.76373
seq-01/frame-000116.color.png 0.87532 0.143643 -0.402106 -0.226919 0.693914 0.108631 0.745997
seq-01/frame-000117.color.png 0.878176 0.14469 -0.393829 -0.229717 0.717558 0.114161 0.725825
seq-01/frame-000118.color.png 0.880638 0.145458 -0.388512 -0.228862 0.718138 0.124524 0.699807
seq-01/frame-000119.color.png 0.882214 0.144131 -0.384653 -0.230146 0.733919 0.134357 0.690818
seq-01/frame-000120.color.png 0.884831 0.145399 -0.378518 -0.22947 0.7457 0.15048 0.68141
seq-01/frame-000121.color.png 0.888607 0.143626 -0.370226 -0.229526 0.753817 0.152766 0.653779
seq-01/frame-000122.color.png 0.892748 0.144662 -0.360973 -0.227534 0.756088 0.171049 0.633018
seq-01/frame-000123.color.png 0.892245 0.150915 -0.351876 -0.239389 0.775299 0.180704 0.642214
seq-01/frame-000124.color.png 0.895375 0.160665 -0.343892 -0.232869 0.777564 0.197718 0.6053
seq-01/frame-000125.color.png 0.897797 0.163791 -0.339158 -0.228264 0.777442 0.211181 0.597169
seq-01/frame-000126.color.png 0.902167 0.165494 -0.329723 -0.223581 0.767936 0.223452 0.574773
seq-01/frame-000127.color.png 0.905468 0.167027 -0.325376 -0.215314 0.768795 0.249765 0.567438
seq-01/frame-000128.color.png 0.911383 0.165828 -0.314266 -0.207653 0.765644 0.267167 0.539888
seq-01/frame-000129.color.png 0.915041 0.169139 -0.303186 -0.205353 0.764645 0.28243 0.528352
seq-01/frame-000130.color.png 0.918659 0.167375 -0.295615 -0.201649 0.764023 0.298885 0.510987
seq-01/frame-000131.color.png 0.92169 0.170131 -0.284486 -0.201523 0.758355 0.308814 0.492707
seq-01/frame-000132.color.png 0.925291 0.171368 -0.275129 -0.19691 0.745575 0.325287 0.468856
seq-01/frame-000133.color.png 0.926844 0.170183 -0.272217 -0.194666 0.749966 0.329609 0.466394
seq-01/frame-000134.color.png 0.928624 0.173525 -0.264685 -0.193618 0.746782 0.340748 0.45877
seq-01/frame-000135.color.png 0.930768 0.175306 -0.255855 -0.193588 0.743393 0.348268 0.440864
seq-01/frame-000136.color.png 0.933283 0.176916 -0.247301 -0.191116 0.733432 0.356907 0.426927
seq-01/frame-000137.color.png 0.933771 0.177824 -0.244349 -0.191688 0.73326 0.365236 0.426458
seq-01/frame-000138.color.png 0.936862 0.179598 -0.23506 -0.186494 0.719086 0.373519 0.407466
seq-01/frame-000139.color.png 0.939814 0.179179 -0.226787 -0.182244 0.71203 0.383347 0.394452
seq-01/frame-000140.color.png 0.94067 0.181619 -0.221543 -0.181859 0.708623 0.396809 0.392213
seq-01/frame-000141.color.png 0.946631 0.170986 -0.211405 -0.173095 0.664805 0.364788 0.325395
seq-01/frame-000142.color.png 0.94489 0.181331 -0.208918 -0.175086 0.690709 0.403619 0.36001
seq-01/frame-000143.color.png 0.945811 0.184522 -0.203644 -0.172977 0.692149 0.414463 0.357892
seq-01/frame-000144.color.png 0.946727 0.188266 -0.195959 -0.172811 0.679579 0.427288 0.354307
seq-01/frame-000145.color.png 0.947604 0.189299 -0.192221 -0.171064 0.669179 0.425744 0.358778
seq-01/frame-000146.color.png 0.949031 0.190657 -0.189597 -0.164449 0.664653 0.445872 0.338865
seq-01/frame-000147.color.png 0.950663 0.186147 -0.186213 -0.164055 0.667006 0.439532 0.330447
seq-01/frame-000148.color.png 0.950993 0.188082 -0.18336 -0.163147 0.668701 0.448166 0.324881
seq-01/frame-000149.color.png 0.953462 0.186514 -0.176214 -0.158338 0.64073 0.463454 0.290255
seq-01/frame-000150.color.png 0.953085 0.186678 -0.176436 -0.160161 0.655613 0.471874 0.308744
seq-01/frame-000151.color.png 0.955778 0.182938 -0.16418 -0.161454 0.620807 0.455481 0.269301
seq-01/frame-000152.color.png 0.955292 0.184943 -0.168387 -0.157669 0.643575 0.470139 0.276851
seq-01/frame-000153.color.png 0.957405 0.17838 -0.165802 -0.15513 0.631746 0.457622 0.256551
seq-01/frame-000154.color.png 0.956205 0.182079 -0.166966 -0.156977 0.647428 0.471187 0.267352
seq-01/frame-000155.color.png 0.957244 0.178988 -0.166423 -0.154761 0.628357 0.480221 0.246545
seq-01/frame-000156.color.png 0.957923 0.180796 -0.161881 -0.153269 0.620555 0.48712 0.244052
seq-01/frame-000157.color.png 0.95813 0.17754 -0.166973 -0.150285 0.630897 0.493906 0.240565
seq-01/frame-000158.color.png 0.95818 0.176418 -0.168688 -0.14937 0.634756 0.499408 0.244166
seq-01/frame-000159.color.png 0.959121 0.177208 -0.165416 -0.14602 0.621144 0.519664 0.240582
seq-01/frame-000160.color.png 0.959778 0.16857 -0.173126 -0.142957 0.640311 0.501255 0.228025
seq-01/frame-000161.color.png 0.957815 0.178259 -0.169916 -0.148132 0.634354 0.541648 0.230765
seq-01/frame-000162.color.png 0.959952 0.17199 -0.166599 -0.145451 0.616596 0.527171 0.207974
seq-01/frame-000163.color.png 0.959744 0.174837 -0.166292 -0.143771 0.609681 0.550722 0.200683
seq-01/frame-000164.color.png 0.958666 0.175772 -0.172612 -0.142368 0.638248 0.551179 0.21347
seq-01/frame-000165.color.png 0.958142 0.17782 -0.175754 -0.139477 0.646286 0.573775 0.213525
seq-01/frame-000166.color.png 0.960711 0.168514 -0.17067 -0.139676 0.61924 0.551016 0.184594
seq-01/frame-000167.color.png 0.9589 0.173868 -0.173192 -0.142424 0.642836 0.570845 0.175504
seq-01/frame-000168.color.png 0.960509 0.168271 -0.170331 -0.141753 0.621741 0.556923 0.16011
seq-01/frame-000169.color.png 0.961068 0.164644 -0.172848 -0.139155 0.630561 0.558273 0.154239
seq-01/frame-000170.color.png 0.962443 0.1548 -0.174741 -0.138583 0.632543 0.524516 0.13255
seq-01/frame-000171.color.png 0.961832 0.159869 -0.173181 -0.139031 0.622346 0.5539 0.128113
seq-01/frame-000172.color.png 0.961484 0.153154 -0.180526 -0.139655 0.652348 0.528047 0.116843
seq-01/frame-000173.color.png 0.961904 0.157466 -0.176959 -0.13649 0.630309 0.551503 0.12181
seq-01/frame-000174.color.png 0.960867 0.160291 -0.176705 -0.14077 0.636827 0.545986 0.112492
seq-01/frame-000175.color.png 0.956757 0.180441 -0.173793 -0.147828 0.633383 0.619526 0.141721
seq-01/frame-000176.color.png 0.955088 0.184361 -0.183616 -0.141784 0.651037 0.637154 0.155048
seq-01/frame-000177.color.png 0.954324 0.188288 -0.182998 -0.142569 0.647387 0.653875 0.148692
seq-01/frame-000178.color.png 0.954223 0.182777 -0.187749 -0.14423 0.649032 0.638207 0.145088
seq-01/frame-000179.color.png 0.952051 0.189655 -0.191625 -0.1446 0.665682 0.670069 0.15748
seq-01/frame-000180.color.png 0.96019 0.163488 -0.176629 -0.141807 0.59353 0.596786 0.0879764
seq-01/frame-000181.color.png 0.959817 0.163954 -0.176694 -0.143697 0.599099 0.598573 0.0842097
seq-01/frame-000182.color.png 0.960452 0.145642 -0.184305 -0.149508 0.637799 0.521325 0.0571463
seq-01/frame-000183.color.png 0.955024 0.181463 -0.182874 -0.146823 0.64228 0.65868 0.122463
seq-01/frame-000184.color.png 0.961802 0.155025 -0.175172 -0.142191 0.595694 0.577602 0.0508451
seq-01/frame-000185.color.png 0.954031 0.189074 -0.182148 -0.144565 0.641535 0.694127 0.127908
seq-01/frame-000186.color.png 0.955363 0.181136 -0.180162 -0.148368 0.639216 0.669183 0.102451
seq-01/frame-000187.color.png 0.956959 0.185771 -0.16061 -0.154671 0.568698 0.703538 0.0794494
seq-01/frame-000188.color.png 0.96085 0.140524 -0.182922 -0.153494 0.639643 0.522539 0.0245181
seq-01/frame-000189.color.png 0.95569 0.177582 -0.18267 -0.14749 0.641741 0.677267 0.0900273
seq-01/frame-000190.color.png 0.955021 0.175427 -0.184137 -0.152491 0.651369 0.671242 0.0962987
seq-01/frame-000191.color.png 0.963236 0.134457 -0.184484 -0.141648 0.627681 0.543902 0.0134387
seq-01/frame-000192.color.png 0.958565 0.171636 -0.174892 -0.145282 0.603867 0.690586 0.0630644
seq-01/frame-000193.color.png 0.95912 0.169472 -0.174524 -0.144598 0.605248 0.687271 0.0650543
seq-01/frame-000194.color.png 0.963286 0.140828 -0.181655 -0.138743 0.634229 0.59342 0.0190521
seq-01/frame-000195.color.png 0.968616 0.144902 -0.145907 -0.139633 0.496584 0.632176 -0.02695
seq-01/frame-000196.color.png 0.962192 0.15997 -0.171283 -0.138773 0.608003 0.680189 0.016193
seq-01/frame-000197.color.png 0.968917 0.133664 -0.152219 -0.141999 0.536551 0.586988 -0.0587067
seq-01/frame-000198.color.png 0.963176 0.168645 -0.15476 -0.141071 0.555892 0.736802 0.00794401
seq-01/frame-000199.color.png 0.963363 0.166181 -0.15671 -0.140561 0.568977 0.730596 0.0164491
seq-01/frame-000200.color.png 0.963605 0.169371 -0.154467 -0.137543 0.560241 0.760122 0.00160456
seq-01/frame-000201.color.png 0.971655 0.145864 -0.122891 -0.13967 0.41655 0.695834 -0.0666324
seq-01/frame-000202.color.png 0.969351 0.148656 -0.146826 -0.129238 0.510609 0.69632 -0.0546961
seq-01/frame-000203.color.png 0.966958 0.171305 -0.140006 -0.126669 0.486384 0.787886 -0.0142551
seq-01/frame-000204.color.png 0.968568 0.152309 -0.148442 -0.129006 0.514491 0.715244 -0.0481735
seq-01/frame-000205.color.png 0.969021 0.159518 -0.140426 -0.125831 0.493828 0.750154 -0.0333693
seq-01/frame-000206.color.png 0.96906 0.160531 -0.139979 -0.124735 0.493424 0.769838 -0.0294714
seq-01/frame-000207.color.png 0.973738 0.149041 -0.111222 -0.131342 0.373504 0.749286 -0.0703556
seq-01/frame-000208.color.png 0.973762 0.141932 -0.128094 -0.123428 0.432434 0.725255 -0.0705558
seq-01/frame-000209.color.png 0.972796 0.151751 -0.122282 -0.125243 0.41997 0.771441 -0.0470145
seq-01/frame-000210.color.png 0.974183 0.149325 -0.112276 -0.126742 0.39372 0.768496 -0.0694958
seq-01/frame-000211.color.png 0.976451 0.153136 -0.0883272 -0.123656 0.294437 0.815253 -0.120087
seq-01/frame-000212.color.png 0.97395 0.157651 -0.102867 -0.126437 0.349837 0.82001 -0.0480552
seq-01/frame-000213.color.png 0.97659 0.141984 -0.0990551 -0.127674 0.352071 0.755479 -0.110679
seq-01/frame-000214.color.png 0.977647 0.128756 -0.109787 -0.124797 0.388255 0.718486 -0.131484
seq-01/frame-000215.color.png 0.975187 0.139777 -0.117742 -0.124939 0.410237 0.750103 -0.057629
seq-01/frame-000216.color.png 0.97569 0.137999 -0.115362 -0.125208 0.3852 0.746961 -0.0549063
seq-01/frame-000217.color.png 0.97406 0.153561 -0.11012 -0.124498 0.366556 0.815351 -0.0406162
seq-01/frame-000218.color.png 0.976448 0.12771 -0.123573 -0.122349 0.427544 0.718379 -0.108815
seq-01/frame-000219.color.png 0.974516 0.15784 -0.101504 -0.122891 0.327932 0.855814 -0.0522844
seq-01/frame-000220.color.png 0.974099 0.150014 -0.118021 -0.121232 0.398507 0.824645 -0.0370222
seq-01/frame-000221.color.png 0.976091 0.135631 -0.115563 -0.124483 0.382168 0.770414 -0.0656366
seq-01/frame-000222.color.png 0.978342 0.134792 -0.0987788 -0.122154 0.318502 0.794563 -0.0999765
seq-01/frame-000223.color.png 0.976745 0.135025 -0.121192 -0.114232 0.420612 0.787446 -0.0918312
seq-01/frame-000224.color.png 0.970593 0.184805 -0.102037 -0.115691 0.328039 1.00585 0.0435379
seq-01/frame-000225.color.png 0.975463 0.151882 -0.107089 -0.118048 0.357876 0.879634 -0.0368881
seq-01/frame-000226.color.png 0.976662 0.133267 -0.128166 -0.10929 0.458031 0.803495 -0.0916314
seq-01/frame-000227.color.png 0.976012 0.148855 -0.105426 -0.118859 0.372472 0.872642 -0.0659755
seq-01/frame-000228.color.png 0.968699 0.194304 -0.107165 -0.111286 0.355502 1.0745 0.0839601
seq-01/frame-000229.color.png 0.976567 0.137984 -0.112141 -0.121251 0.404681 0.838734 -0.0753751
seq-01/frame-000230.color.png 0.976062 0.142187 -0.112354 -0.120259 0.402188 0.865637 -0.0710803
seq-01/frame-000231.color.png 0.976896 0.139354 -0.10494 -0.123459 0.337733 0.876435 -0.00799512
seq-01/frame-000232.color.png 0.974699 0.146377 -0.126193 -0.112297 0.456233 0.898827 -0.0641368
seq-01/frame-000233.color.png 0.97772 0.132157 -0.109009 -0.121309 0.385528 0.858292 -0.105653
seq-01/frame-000234.color.png 0.977559 0.131436 -0.113931 -0.118835 0.400696 0.864945 -0.0936736
seq-01/frame-000235.color.png 0.978558 0.125277 -0.109543 -0.121367 0.386696 0.851428 -0.11235
seq-01/frame-000236.color.png 0.978842 0.125845 -0.113367 -0.114805 0.39848 0.865235 -0.121776
seq-01/frame-000237.color.png 0.979063 0.124675 -0.112798 -0.114755 0.39004 0.86904 -0.132338
seq-01/frame-000238.color.png 0.971516 0.161716 -0.122659 -0.122306 0.467084 1.00806 -0.0509179
seq-01/frame-000239.color.png 0.980207 0.118238 -0.108237 -0.116183 0.366832 0.86869 -0.146581
seq-01/frame-000240.color.png 0.97707 0.132128 -0.123684 -0.112155 0.442839 0.918745 -0.111645
seq-01/frame-000241.color.png 0.976699 0.128842 -0.127642 -0.114741 0.465486 0.915142 -0.115607
seq-01/frame-000242.color.png 0.975789 0.13291 -0.133357 -0.1113 0.482273 0.941274 -0.112735
seq-01/frame-000243.color.png 0.979987 0.116702 -0.114842 -0.113212 0.386425 0.901755 -0.170922
seq-01/frame-000244.color.png 0.976685 0.123486 -0.13425 -0.113197 0.462686 0.92601 -0.145275
seq-01/frame-000245.color.png 0.975632 0.132283 -0.137317 -0.108571 0.482698 0.975963 -0.122641
seq-01/frame-000246.color.png 0.974853 0.132899 -0.138834 -0.112801 0.500851 0.984482 -0.122492
seq-01/frame-000247.color.png 0.976549 0.122601 -0.136157 -0.113056 0.480372 0.959663 -0.145583
seq-01/frame-000248.color.png 0.977923 0.134724 -0.117961 -0.107714 0.372944 1.02882 -0.104293
seq-01/frame-000249.color.png 0.975597 0.133845 -0.132394 -0.112993 0.476532 1.01057 -0.142576
seq-01/frame-000250.color.png 0.976542 0.128492 -0.133399 -0.109819 0.469403 0.985873 -0.149284
seq-01/frame-000251.color.png 0.978522 0.114307 -0.137301 -0.102845 0.460942 0.940908 -0.201155
seq-01/frame-000252.color.png 0.975943 0.127852 -0.140288 -0.107274 0.488002 0.997004 -0.148017
seq-01/frame-000253.color.png 0.977666 0.118086 -0.144876 -0.0961051 0.477634 0.966745 -0.193583
seq-01/frame-000254.color.png 0.975296 0.13664 -0.141107 -0.101076 0.464132 1.04261 -0.173888
seq-01/frame-000255.color.png 0.977285 0.11861 -0.146187 -0.0973434 0.476213 0.990381 -0.212463
seq-01/frame-000256.color.png 0.976515 0.128756 -0.14128 -0.0993994 0.454861 1.03624 -0.201653
seq-01/frame-000257.color.png 0.977484 0.113813 -0.145739 -0.101642 0.475752 0.987437 -0.234008
seq-01/frame-000258.color.png 0.977566 0.11702 -0.139579 -0.105774 0.453879 1.00334 -0.240823
seq-01/frame-000259.color.png 0.975515 0.125051 -0.148446 -0.103426 0.50199 1.03292 -0.210608
seq-01/frame-000260.color.png 0.97491 0.128283 -0.157184 -0.0915778 0.527195 1.04504 -0.220223
seq-01/frame-000261.color.png 0.974052 0.129411 -0.160842 -0.0927669 0.549673 1.04966 -0.201852
seq-01/frame-000262.color.png 0.974541 0.122228 -0.16476 -0.090463 0.55829 1.02341 -0.228498
seq-01/frame-000263.color.png 0.976986 0.126315 -0.139422 -0.100519 0.465618 1.04954 -0.256279
seq-01/frame-000264.color.png 0.97664 0.125267 -0.141203 -0.102682 0.485272 1.05257 -0.265532
seq-01/frame-000265.color.png 0.974935 0.127569 -0.155102 -0.0957672 0.542398 1.05608 -0.243999
seq-01/frame-000266.color.png 0.976024 0.127213 -0.147642 -0.0969349 0.510698 1.0688 -0.261622
seq-01/frame-000267.color.png 0.977347 0.119721 -0.145078 -0.0970119 0.497115 1.04745 -0.292747
seq-01/frame-000268.color.png 0.977362 0.120768 -0.14442 -0.096553 0.496997 1.06072 -0.296842
seq-01/frame-000269.color.png 0.976848 0.123138 -0.147497 -0.0940771 0.503161 1.08694 -0.297428
seq-01/frame-000270.color.png 0.977628 0.116624 -0.147308 -0.0945616 0.502199 1.07467 -0.31411
seq-01/frame-000271.color.png 0.977567 0.115198 -0.149113 -0.0941149 0.516863 1.07113 -0.312563
seq-01/frame-000272.color.png 0.978078 0.115666 -0.14155 -0.0997431 0.484641 1.08357 -0.323882
seq-01/frame-000273.color.png 0.978009 0.111825 -0.148451 -0.0946312 0.49441 1.07384 -0.343269
seq-01/frame-000274.color.png 0.976954 0.111759 -0.152889 -0.0984645 0.530185 1.07627 -0.327624
seq-01/frame-000275.color.png 0.974533 0.112585 -0.170674 -0.0920874 0.594339 1.06863 -0.330001
seq-01/frame-000276.color.png 0.976402 0.111996 -0.153931 -0.101986 0.534778 1.07332 -0.340202
seq-01/frame-000277.color.png 0.976134 0.112494 -0.159532 -0.095166 0.548734 1.0632 -0.340613
seq-01/frame-000278.color.png 0.975652 0.119798 -0.151707 -0.10362 0.523445 1.09682 -0.334383
seq-01/frame-000279.color.png 0.974322 0.120283 -0.154114 -0.111699 0.552055 1.10382 -0.340536
seq-01/frame-000280.color.png 0.976845 0.119924 -0.143736 -0.103595 0.482952 1.09818 -0.339074
seq-01/frame-000281.color.png 0.974368 0.123892 -0.158071 -0.101346 0.538217 1.11006 -0.342432
seq-01/frame-000282.color.png 0.975174 0.119795 -0.157351 -0.0996294 0.530918 1.09914 -0.362818
seq-01/frame-000283.color.png 0.974805 0.11592 -0.163011 -0.0987135 0.55128 1.0831 -0.359077
seq-01/frame-000284.color.png 0.974886 0.119998 -0.155331 -0.105217 0.527442 1.1197 -0.366159
seq-01/frame-000285.color.png 0.976097 0.114286 -0.153984 -0.10229 0.512158 1.09319 -0.3891
seq-01/frame-000286.color.png 0.975137 0.11537 -0.155927 -0.107168 0.533171 1.11436 -0.395697
seq-01/frame-000287.color.png 0.980523 0.1092 -0.139383 -0.084985 0.394203 1.09832 -0.471911
seq-01/frame-000288.color.png 0.976257 0.113378 -0.155047 -0.100141 0.521706 1.12148 -0.403605
seq-01/frame-000289.color.png 0.975891 0.116386 -0.15659 -0.0978287 0.523592 1.13213 -0.405434
seq-01/frame-000290.color.png 0.977439 0.11268 -0.148935 -0.0986592 0.480168 1.13531 -0.431559
seq-01/frame-000291.color.png 0.977229 0.111334 -0.152829 -0.0962935 0.495313 1.13348 -0.428777
seq-01/frame-000292.color.png 0.977933 0.114557 -0.146381 -0.0953763 0.462796 1.15192 -0.435462
seq-01/frame-000293.color.png 0.97792 0.109601 -0.1476 -0.0993744 0.472863 1.14967 -0.456744
seq-01/frame-000294.color.png 0.979456 0.105584 -0.145159 -0.0919077 0.449192 1.1331 -0.467327
seq-01/frame-000295.color.png 0.978967 0.10279 -0.156279 -0.0814578 0.482005 1.12713 -0.496041
seq-01/frame-000296.color.png 0.979486 0.107989 -0.143408 -0.0915389 0.45176 1.16241 -0.473796
seq-01/frame-000297.color.png 0.979489 0.112487 -0.138852 -0.0931048 0.442134 1.19636 -0.474362
seq-01/frame-000298.color.png 0.980717 0.109046 -0.137025 -0.0867597 0.431467 1.18687 -0.486447
seq-01/frame-000299.color.png 0.980685 0.109825 -0.133934 -0.0908695 0.432499 1.19855 -0.486296
seq-01/frame-000300.color.png 0.983342 0.0994767 -0.125733 -0.0856421 0.389325 1.17152 -0.54379
seq-01/frame-000301.color.png 0.983763 0.100682 -0.124489 -0.0810934 0.385289 1.18276 -0.535764
seq-01/frame-000302.color.png 0.98335 0.102387 -0.124068 -0.084541 0.397758 1.19977 -0.530904
seq-01/frame-000303.color.png 0.984578 0.0990154 -0.118326 -0.0824685 0.380861 1.19953 -0.54454
seq-01/frame-000304.color.png 0.98462 0.0996888 -0.116244 -0.084106 0.381667 1.20825 -0.543957
seq-01/frame-000305.color.png 0.986477 0.090338 -0.109859 -0.0814507 0.365456 1.18488 -0.578756
seq-01/frame-000306.color.png 0.986766 0.0940444 -0.105725 -0.07919 0.339941 1.19732 -0.585321
seq-01/frame-000307.color.png 0.986192 0.0971376 -0.111488 -0.0745699 0.357227 1.21698 -0.57119
seq-01/frame-000308.color.png 0.987214 0.0922039 -0.106765 -0.074217 0.336232 1.1892 -0.601232
seq-01/frame-000309.color.png 0.986423 0.097482 -0.106652 -0.078057 0.354404 1.21599 -0.589172
seq-01/frame-000310.color.png 0.985849 0.100875 -0.107633 -0.0796257 0.372834 1.22688 -0.586097
seq-01/frame-000311.color.png 0.986497 0.0966262 -0.106039 -0.0790069 0.369624 1.21225 -0.604971
seq-01/frame-000312.color.png 0.987881 0.0954801 -0.102611 -0.06667 0.32778 1.20583 -0.642644
seq-01/frame-000313.color.png 0.987455 0.0954565 -0.102564 -0.0728099 0.344138 1.21334 -0.634868
seq-01/frame-000314.color.png 0.987927 0.0927464 -0.100827 -0.0723342 0.332782 1.20563 -0.661846
seq-01/frame-000315.color.png 0.985903 0.0967706 -0.111266 -0.0790635 0.403552 1.23611 -0.633911
seq-01/frame-000316.color.png 0.987476 0.0912905 -0.106308 -0.0724992 0.359053 1.2144 -0.664717
seq-01/frame-000317.color.png 0.986696 0.088106 -0.116592 -0.0712367 0.401466 1.21832 -0.66695
seq-01/frame-000318.color.png 0.985865 0.0890203 -0.120635 -0.0747871 0.419189 1.23311 -0.678272
seq-01/frame-000319.color.png 0.986127 0.0864512 -0.11951 -0.076141 0.421825 1.23232 -0.689295
seq-01/frame-000320.color.png 0.986141 0.0851819 -0.120964 -0.0750879 0.425426 1.22654 -0.697174
seq-01/frame-000321.color.png 0.985316 0.0791512 -0.125194 -0.0849379 0.462285 1.21823 -0.719093
seq-01/frame-000322.color.png 0.984812 0.0852718 -0.123689 -0.0870323 0.475815 1.24637 -0.710729
seq-01/frame-000323.color.png 0.985136 0.0808817 -0.125138 -0.0854749 0.482869 1.22628 -0.728413
seq-01/frame-000324.color.png 0.985162 0.0787107 -0.124806 -0.0876529 0.484786 1.22522 -0.731369
seq-01/frame-000325.color.png 0.984759 0.0757732 -0.128372 -0.0895993 0.511389 1.21998 -0.739506
seq-01/frame-000326.color.png 0.984729 0.0758387 -0.125616 -0.0936956 0.510457 1.22519 -0.746901
seq-01/frame-000327.color.png 0.984459 0.0744061 -0.131538 -0.0894534 0.527526 1.21099 -0.743085
seq-01/frame-000328.color.png 0.98422 0.0767417 -0.135782 -0.0835776 0.521008 1.22578 -0.74925
seq-01/frame-000329.color.png 0.982843 0.0797134 -0.141409 -0.0875739 0.540432 1.24184 -0.736497
seq-01/frame-000330.color.png 0.982823 0.0808035 -0.141283 -0.087001 0.538307 1.24728 -0.73789
seq-01/frame-000331.color.png 0.98217 0.0837093 -0.144344 -0.0865945 0.535481 1.25454 -0.74764
seq-01/frame-000332.color.png 0.980705 0.0829312 -0.151054 -0.0923154 0.589472 1.24859 -0.739724
seq-01/frame-000333.color.png 0.981747 0.0813128 -0.147027 -0.0891275 0.562222 1.24212 -0.765844
seq-01/frame-000334.color.png 0.981266 0.078785 -0.14966 -0.0922632 0.585455 1.24101 -0.768385
seq-01/frame-000335.color.png 0.981934 0.0817367 -0.143583 -0.0922417 0.561582 1.25701 -0.782278
seq-01/frame-000336.color.png 0.98332 0.0771165 -0.140671 -0.0857127 0.556385 1.24479 -0.794116
seq-01/frame-000337.color.png 0.983479 0.0792542 -0.137225 -0.0875031 0.550785 1.25846 -0.800862
seq-01/frame-000338.color.png 0.984914 0.0785644 -0.129048 -0.0843709 0.508377 1.26925 -0.826329
seq-01/frame-000339.color.png 0.986177 0.0801787 -0.124661 -0.0740613 0.462222 1.28223 -0.85242
seq-01/frame-000340.color.png 0.985474 0.074695 -0.129361 -0.0807961 0.515709 1.26077 -0.860616
seq-01/frame-000341.color.png 0.986949 0.0769956 -0.121503 -0.0723958 0.459134 1.28405 -0.879541
seq-01/frame-000342.color.png 0.986011 0.0784607 -0.127542 -0.0732029 0.49621 1.28813 -0.856853
seq-01/frame-000343.color.png 0.989029 0.0751939 -0.10977 -0.0641742 0.366022 1.2967 -0.938364
seq-01/frame-000344.color.png 0.989356 0.0681353 -0.114469 -0.0585643 0.386988 1.25784 -0.94339
seq-01/frame-000345.color.png 0.986028 0.072364 -0.124883 -0.0831692 0.51469 1.2893 -0.902278
seq-01/frame-000346.color.png 0.985125 0.0822542 -0.119909 -0.0915672 0.501225 1.33067 -0.897366
seq-01/frame-000347.color.png 0.987153 0.0709706 -0.116597 -0.0830457 0.451955 1.28376 -0.949898
seq-01/frame-000348.color.png 0.986634 0.0766738 -0.124292 -0.0722915 0.453295 1.32123 -0.947278
seq-01/frame-000349.color.png 0.987473 0.0706508 -0.11996 -0.0742631 0.42777 1.3062 -0.974639
seq-01/frame-000350.color.png 0.988631 0.0656693 -0.118431 -0.0653556 0.387741 1.29335 -0.995697
seq-01/frame-000351.color.png 0.986757 0.0711329 -0.133037 -0.0596027 0.435351 1.3233 -0.976435
seq-01/frame-000352.color.png 0.986015 0.0720216 -0.133825 -0.0684021 0.458388 1.33404 -0.987588
seq-01/frame-000353.color.png 0.987161 0.0706872 -0.127145 -0.065964 0.428942 1.34363 -0.998798
seq-01/frame-000354.color.png 0.989064 0.0706246 -0.118637 -0.0518592 0.363221 1.35271 -1.01837
seq-01/frame-000355.color.png 0.988064 0.0759313 -0.121107 -0.0574191 0.398635 1.38676 -0.992171
seq-01/frame-000356.color.png 0.987982 0.0784324 -0.115576 -0.0661917 0.403504 1.40808 -1.00034
seq-01/frame-000357.color.png 0.989385 0.0749086 -0.10673 -0.0641491 0.374033 1.39698 -1.00623
seq-01/frame-000358.color.png 0.990245 0.073274 -0.0997548 -0.0639892 0.355354 1.39717 -1.02155
seq-01/frame-000359.color.png 0.990113 0.0710659 -0.101635 -0.0655461 0.376291 1.38972 -1.02938
seq-01/frame-000360.color.png 0.989863 0.0772966 -0.0935952 -0.0737264 0.365865 1.43013 -1.00799
seq-01/frame-000361.color.png 0.989715 0.0751663 -0.0937043 -0.0776733 0.375609 1.42434 -1.0214
seq-01/frame-000362.color.png 0.989769 0.0705444 -0.0945636 -0.0802449 0.386311 1.41104 -1.0322
seq-01/frame-000363.color.png 0.988027 0.0823829 -0.101075 -0.0824627 0.415003 1.47625 -1.00392
seq-01/frame-000364.color.png 0.9894 0.0733479 -0.0996548 -0.0760001 0.38497 1.43749 -1.02415
seq-01/frame-000365.color.png 0.989712 0.0739829 -0.0981765 -0.073199 0.368233 1.43725 -1.02273
seq-01/frame-000366.color.png 0.988819 0.078274 -0.104285 -0.0723521 0.383862 1.46529 -1.01097
seq-01/frame-000367.color.png 0.987775 0.0786041 -0.108023 -0.0803344 0.415652 1.47085 -1.00941
seq-01/frame-000368.color.png 0.987368 0.0812274 -0.11052 -0.0793258 0.427508 1.48214 -0.994325
seq-01/frame-000369.color.png 0.987049 0.0808773 -0.11292 -0.0802656 0.430702 1.48521 -1.00854
seq-01/frame-000370.color.png 0.987492 0.0747561 -0.116709 -0.0751718 0.424193 1.45933 -1.042
seq-01/frame-000371.color.png 0.987673 0.0772301 -0.115695 -0.0717846 0.410216 1.47764 -1.03372
seq-01/frame-000372.color.png 0.987778 0.0751745 -0.115412 -0.072958 0.408326 1.47141 -1.05858
seq-01/frame-000373.color.png 0.987544 0.077313 -0.112963 -0.0775827 0.415905 1.48331 -1.04356
seq-01/frame-000374.color.png 0.987374 0.0792036 -0.115074 -0.0746778 0.42077 1.48552 -1.06296
seq-01/frame-000375.color.png 0.986823 0.0788582 -0.116493 -0.0799507 0.445628 1.48818 -1.06752
seq-01/frame-000376.color.png 0.98679 0.0798481 -0.116213 -0.0797772 0.447365 1.4942 -1.07079
seq-01/frame-000377.color.png 0.987533 0.0874801 -0.107165 -0.0751165 0.387898 1.53518 -1.09162
seq-01/frame-000378.color.png 0.988487 0.0823191 -0.105066 -0.0712668 0.371119 1.51417 -1.11857
seq-01/frame-000379.color.png 0.987663 0.0919137 -0.106599 -0.0686334 0.386077 1.55621 -1.08673
seq-01/frame-000380.color.png 0.986072 0.0931928 -0.113248 -0.0784397 0.464485 1.57679 -1.08435
seq-01/frame-000381.color.png 0.984567 0.0855196 -0.118988 -0.0956848 0.57921 1.5433 -1.05637
seq-01/frame-000382.color.png 0.987582 0.0869465 -0.104174 -0.0791782 0.45482 1.56375 -1.12996
seq-01/frame-000383.color.png 0.990621 0.0930349 -0.076062 -0.0650277 0.259547 1.60785 -1.13647
seq-01/frame-000384.color.png 0.991459 0.0793922 -0.0929238 -0.045499 0.300567 1.53093 -1.19539
seq-01/frame-000385.color.png 0.987789 0.0827864 -0.106281 -0.0782511 0.490442 1.56904 -1.15538
seq-01/frame-000386.color.png 0.987505 0.0804825 -0.110087 -0.0789779 0.520796 1.56296 -1.16018
seq-01/frame-000387.color.png 0.986975 0.093178 -0.108248 -0.0740325 0.495441 1.6326 -1.11681
seq-01/frame-000388.color.png 0.989004 0.0790177 -0.117947 -0.0414242 0.423737 1.5516 -1.24263
seq-01/frame-000389.color.png 0.987463 0.0825802 -0.111859 -0.0747273 0.511806 1.58731 -1.18644
seq-01/frame-000390.color.png 0.985853 0.0866675 -0.121695 -0.0759839 0.583061 1.60524 -1.14195
seq-01/frame-000391.color.png 0.984942 0.0941371 -0.124252 -0.0747617 0.604381 1.63328 -1.13498
seq-01/frame-000392.color.png 0.986957 0.0944569 -0.109652 -0.0705037 0.505582 1.63898 -1.15596
seq-01/frame-000393.color.png 0.983716 0.10917 -0.121584 -0.0748531 0.584808 1.71476 -1.09552
seq-01/frame-000394.color.png 0.98427 0.103516 -0.124685 -0.070363 0.585855 1.68776 -1.11904
seq-01/frame-000395.color.png 0.982491 0.111602 -0.124895 -0.0815948 0.630086 1.73009 -1.06302
seq-01/frame-000396.color.png 0.983218 0.110286 -0.125237 -0.073726 0.595507 1.72454 -1.09406
seq-01/frame-000397.color.png 0.984625 0.102986 -0.119971 -0.0742609 0.558039 1.69511 -1.12953
seq-01/frame-000398.color.png 0.982612 0.107948 -0.126219 -0.0830001 0.62278 1.71528 -1.11143
seq-01/frame-000399.color.png 0.983168 0.101349 -0.127358 -0.0829959 0.618516 1.68771 -1.15802
seq-01/frame-000400.color.png 0.98217 0.100846 -0.134441 -0.0842456 0.658642 1.69825 -1.1313
seq-01/frame-000401.color.png 0.981289 0.110726 -0.124796 -0.0961135 0.650164 1.7544 -1.07714
seq-01/frame-000402.color.png 0.981532 0.0992438 -0.135164 -0.0920695 0.68574 1.69428 -1.13801
seq-01/frame-000403.color.png 0.985956 0.0948182 -0.119183 -0.068521 0.500222 1.67882 -1.1931
seq-01/frame-000404.color.png 0.982245 0.101753 -0.132632 -0.0851429 0.656234 1.70814 -1.1343
seq-01/frame-000405.color.png 0.983405 0.096114 -0.131821 -0.0793756 0.631805 1.68403 -1.16399
seq-01/frame-000406.color.png 0.985188 0.0931226 -0.125178 -0.071156 0.549955 1.69422 -1.20661
seq-01/frame-000407.color.png 0.983335 0.092357 -0.133536 -0.0818017 0.647485 1.69253 -1.17194
seq-01/frame-000408.color.png 0.982951 0.0934496 -0.133734 -0.0847902 0.660256 1.70136 -1.16326
seq-01/frame-000409.color.png 0.983444 0.0890139 -0.133503 -0.0842044 0.654231 1.68358 -1.19094
seq-01/frame-000410.color.png 0.983041 0.0885766 -0.13594 -0.0854653 0.671629 1.68225 -1.18576
seq-01/frame-000411.color.png 0.983129 0.0917053 -0.132828 -0.0860487 0.648404 1.70319 -1.18678
seq-01/frame-000412.color.png 0.983038 0.0878506 -0.133538 -0.0899281 0.673874 1.68818 -1.19334
seq-01/frame-000413.color.png 0.984998 0.0881087 -0.128895 -0.0734963 0.580106 1.69593 -1.22975
seq-01/frame-000414.color.png 0.982347 0.0945806 -0.129242 -0.0966748 0.671614 1.73596 -1.16792
seq-01/frame-000415.color.png 0.983301 0.0866919 -0.133283 -0.0885344 0.671695 1.70431 -1.21331
seq-01/frame-000416.color.png 0.984283 0.085817 -0.1292 -0.0844323 0.637824 1.70403 -1.23236
seq-01/frame-000417.color.png 0.985152 0.0806113 -0.125785 -0.0845858 0.624189 1.69925 -1.26453
seq-01/frame-000418.color.png 0.985172 0.0805669 -0.124988 -0.0855794 0.626766 1.70144 -1.25906
seq-01/frame-000419.color.png 0.985669 0.0790646 -0.123425 -0.0834956 0.608213 1.70385 -1.27956
seq-01/frame-000420.color.png 0.985926 0.0770186 -0.124491 -0.0807415 0.601984 1.701 -1.29336
seq-01/frame-000421.color.png 0.985224 0.0768977 -0.130245 -0.0803516 0.629913 1.70708 -1.29026
seq-01/frame-000422.color.png 0.985234 0.0783189 -0.126935 -0.0840681 0.613903 1.72131 -1.29926
seq-01/frame-000423.color.png 0.983466 0.0865828 -0.127802 -0.0946769 0.66137 1.76639 -1.24937
seq-01/frame-000424.color.png 0.985578 0.0767198 -0.127617 -0.0803933 0.601552 1.71359 -1.31603
seq-01/frame-000425.color.png 0.984114 0.0825555 -0.13114 -0.0866354 0.635104 1.75479 -1.29202
seq-01/frame-000426.color.png 0.983894 0.0846219 -0.132338 -0.0853091 0.636968 1.76624 -1.28585
seq-01/frame-000427.color.png 0.983597 0.0878049 -0.131575 -0.0866883 0.637331 1.78708 -1.27479
seq-01/frame-000428.color.png 0.983343 0.0860975 -0.132379 -0.0899936 0.6522 1.78146 -1.2947
seq-01/frame-000429.color.png 0.982645 0.0927233 -0.131477 -0.0923253 0.658513 1.82229 -1.26813
seq-01/frame-000430.color.png 0.983275 0.0900607 -0.129801 -0.0906198 0.646351 1.80965 -1.28225
seq-01/frame-000431.color.png 0.98321 0.0914126 -0.127689 -0.0929355 0.64037 1.82682 -1.28463
seq-01/frame-000432.color.png 0.981761 0.0950392 -0.134813 -0.0945407 0.686603 1.84781 -1.27549
seq-01/frame-000433.color.png 0.983728 0.0890448 -0.125443 -0.0928089 0.629976 1.82749 -1.3089
seq-01/frame-000434.color.png 0.98426 0.0893812 -0.122605 -0.0906162 0.607211 1.84253 -1.31396
seq-01/frame-000435.color.png 0.984243 0.0899326 -0.123462 -0.0890794 0.612954 1.85096 -1.31471
seq-01/frame-000436.color.png 0.984075 0.0908414 -0.123365 -0.0901392 0.625653 1.86285 -1.30871
seq-01/frame-000437.color.png 0.984131 0.0878715 -0.120353 -0.0963286 0.639052 1.85727 -1.3224
seq-01/frame-000438.color.png 0.985167 0.0851369 -0.113605 -0.0963946 0.602539 1.85405 -1.34976
seq-01/frame-000439.color.png 0.985365 0.0860855 -0.111918 -0.0954984 0.597781 1.87178 -1.33726
seq-01/frame-000440.color.png 0.9857 0.0830968 -0.112264 -0.0942679 0.597945 1.86277 -1.35098
seq-01/frame-000441.color.png 0.985491 0.0856324 -0.110369 -0.0964003 0.598873 1.88047 -1.338
seq-01/frame-000442.color.png 0.986462 0.0803003 -0.110212 -0.0910975 0.581087 1.86241 -1.36187
seq-01/frame-000443.color.png 0.986183 0.0824206 -0.112453 -0.0894678 0.590467 1.87671 -1.35422
seq-01/frame-000444.color.png 0.985491 0.0840252 -0.112866 -0.0949134 0.621161 1.89181 -1.34518
seq-01/frame-000445.color.png 0.986194 0.0839442 -0.111612 -0.0889799 0.596354 1.89229 -1.35638
seq-01/frame-000446.color.png 0.986211 0.0824857 -0.111003 -0.090899 0.600099 1.89433 -1.36353
seq-01/frame-000447.color.png 0.987351 0.0799393 -0.105157 -0.0876899 0.567851 1.89628 -1.38228
seq-01/frame-000448.color.png 0.987984 0.073991 -0.106236 -0.0844236 0.565299 1.87318 -1.41832
seq-01/frame-000449.color.png 0.988564 0.0717844 -0.103867 -0.0824576 0.55667 1.88208 -1.42978
seq-01/frame-000450.color.png 0.988524 0.0685309 -0.105735 -0.0833261 0.578909 1.87456 -1.44507
seq-01/frame-000451.color.png 0.989288 0.0672576 -0.10089 -0.0812884 0.548099 1.87927 -1.45255
seq-01/frame-000452.color.png 0.990209 0.0579287 -0.098546 -0.0801209 0.527856 1.85172 -1.50784
seq-01/frame-000453.color.png 0.989766 0.0579591 -0.103845 -0.0788646 0.565847 1.85787 -1.49797
seq-01/frame-000454.color.png 0.989807 0.0545506 -0.104614 -0.0797655 0.578591 1.85091 -1.52682
seq-01/frame-000455.color.png 0.989804 0.051777 -0.104957 -0.0811891 0.590404 1.83953 -1.54096
seq-01/frame-000456.color.png 0.990143 0.052099 -0.103556 -0.0786104 0.590595 1.84561 -1.55298
seq-01/frame-000457.color.png 0.989634 0.0561168 -0.104697 -0.0807069 0.607451 1.86862 -1.54916
seq-01/frame-000458.color.png 0.990174 0.0591233 -0.0979243 -0.0804448 0.568352 1.88688 -1.55943
seq-01/frame-000459.color.png 0.99014 0.0590947 -0.0997267 -0.0786415 0.571951 1.89764 -1.57057
seq-01/frame-000460.color.png 0.989244 0.0536246 -0.109586 -0.0807009 0.649182 1.88222 -1.58793
seq-01/frame-000461.color.png 0.990304 0.0513122 -0.0996289 -0.0820876 0.604713 1.87947 -1.60576
seq-01/frame-000462.color.png 0.989864 0.0541338 -0.102673 -0.0818417 0.632579 1.89936 -1.59911
seq-01/frame-000463.color.png 0.989337 0.053451 -0.11125 -0.0773199 0.677732 1.9163 -1.60141
seq-01/frame-000464.color.png 0.989968 0.0534583 -0.106776 -0.0755333 0.647921 1.91856 -1.60964
seq-01/frame-000465.color.png 0.990087 0.0525652 -0.107124 -0.0740896 0.649945 1.93502 -1.62766
seq-01/frame-000466.color.png 0.990423 0.0513886 -0.103709 -0.0752722 0.643088 1.93169 -1.62993
seq-01/frame-000467.color.png 0.989902 0.0543092 -0.108202 -0.0737364 0.678658 1.95973 -1.62195
seq-01/frame-000468.color.png 0.990027 0.051672 -0.108068 -0.074142 0.677355 1.94914 -1.63311
seq-01/frame-000469.color.png 0.990189 0.0484555 -0.110636 -0.0702639 0.692348 1.93664 -1.64384
seq-01/frame-000470.color.png 0.990437 0.0533996 -0.104647 -0.0723364 0.658427 1.9738 -1.63697
seq-01/frame-000471.color.png 0.990323 0.0552727 -0.108907 -0.0659199 0.66438 1.99162 -1.63096
seq-01/frame-000472.color.png 0.991709 0.0480264 -0.0975835 -0.0684431 0.596088 1.9596 -1.69113
seq-01/frame-000473.color.png 0.993482 0.0354527 -0.0893212 -0.0613135 0.522595 1.87943 -1.75188
seq-01/frame-000474.color.png 0.991806 0.0461801 -0.0998819 -0.0648927 0.610841 1.95255 -1.69141
seq-01/frame-000475.color.png 0.990122 0.0597128 -0.10819 -0.0662405 0.678624 2.04203 -1.62498
seq-01/frame-000476.color.png 0.991876 0.0507095 -0.0973344 -0.0643116 0.597669 1.99396 -1.66485
seq-01/frame-000477.color.png 0.991219 0.058474 -0.100545 -0.0628979 0.616221 2.05003 -1.62873
seq-01/frame-000478.color.png 0.9947 0.0338477 -0.0731158 -0.0638739 0.432486 1.91961 -1.74718
seq-01/frame-000479.color.png 0.993877 0.0286864 -0.0903345 -0.0568002 0.525885 1.88653 -1.76855
seq-01/frame-000480.color.png 0.994895 0.0211352 -0.0806874 -0.0568092 0.4541 1.85996 -1.80949
seq-01/frame-000481.color.png 0.993 0.0297244 -0.0973758 -0.05988 0.597675 1.92118 -1.73818
seq-01/frame-000482.color.png 0.993536 0.0265753 -0.0911553 -0.0622173 0.563928 1.91141 -1.76014
seq-01/frame-000483.color.png 0.993393 0.0345924 -0.093024 -0.0576159 0.563367 1.96452 -1.7176
seq-01/frame-000484.color.png 0.994818 0.0260302 -0.0799497 -0.0571598 0.471825 1.91768 -1.75336
seq-01/frame-000485.color.png 0.994099 0.0206253 -0.0903702 -0.0563424 0.535449 1.89976 -1.77259
seq-01/frame-000486.color.png 0.994229 0.0162498 -0.0908639 -0.0546597 0.525527 1.87123 -1.80507
seq-01/frame-000487.color.png 0.993737 0.0188974 -0.0970084 -0.0521447 0.563521 1.9086 -1.77008
seq-01/frame-000488.color.png 0.993748 0.0261594 -0.0942196 -0.0538865 0.54547 1.9612 -1.74944
seq-01/frame-000489.color.png 0.993679 0.00614679 -0.0974307 -0.0554231 0.5713 1.85053 -1.81762
seq-01/frame-000490.color.png 0.995776 -0.0088227 -0.0707717 -0.0578229 0.381633 1.76994 -1.89307
seq-01/frame-000491.color.png 0.995721 -0.0299311 -0.0714069 -0.0504413 0.346437 1.63259 -1.98555
seq-01/frame-000492.color.png 0.9941 -0.00649482 -0.0937668 -0.05413 0.529136 1.80115 -1.86983
seq-01/frame-000493.color.png 0.99396 -0.0117969 -0.094348 -0.054792 0.532102 1.76207 -1.87648
seq-01/frame-000494.color.png 0.993858 -0.0123345 -0.0948396 -0.0556707 0.535406 1.76932 -1.889
seq-01/frame-000495.color.png 0.99377 -0.011704 -0.0977067 -0.0523168 0.545966 1.77268 -1.86758
seq-01/frame-000496.color.png 0.994219 -0.0121813 -0.0929663 -0.0523161 0.510645 1.77259 -1.8754
seq-01/frame-000497.color.png 0.994051 -0.0129452 -0.0948332 -0.0519736 0.524189 1.78368 -1.87687
seq-01/frame-000498.color.png 0.99407 -0.0163266 -0.0941611 -0.05189 0.521307 1.75585 -1.88743
seq-01/frame-000499.color.png 0.994725 -0.0233154 -0.085427 -0.0517714 0.449502 1.72557 -1.92982
seq-04/frame-000000.color.png 0.981177 0.172672 -0.0864674 -4.95621e-05 0.144234 0.905208 0.624124
seq-04/frame-000001.color.png 0.980506 0.171089 -0.0965874 0.00262525 0.122192 0.923705 0.602766
seq-04/frame-000002.color.png 0.975181 0.190573 -0.112097 -0.0117651 0.216328 1.04643 0.591459
seq-04/frame-000003.color.png 0.974843 0.191949 -0.112225 -0.0155501 0.207855 1.05255 0.545497
seq-04/frame-000004.color.png 0.975997 0.18783 -0.108266 -0.0207129 0.198571 1.04769 0.506889
seq-04/frame-000005.color.png 0.975012 0.18843 -0.116257 -0.0181663 0.227354 1.06247 0.539094
seq-04/frame-000006.color.png 0.975774 0.18528 -0.114255 -0.0219521 0.205155 1.0486 0.488801
seq-04/frame-000007.color.png 0.979016 0.167744 -0.114864 -0.0140217 0.200378 0.961771 0.540414
seq-04/frame-000008.color.png 0.977956 0.17203 -0.117863 -0.0107523 0.208953 0.971869 0.558935
seq-04/frame-000009.color.png 0.97394 0.189223 -0.123107 -0.0218945 0.235939 1.07529 0.470459
seq-04/frame-000010.color.png 0.981301 0.154172 -0.114981 -0.00770108 0.175967 0.906109 0.419297
seq-04/frame-000011.color.png 0.977041 0.170976 -0.126848 -0.00824974 0.235386 0.963932 0.533273
seq-04/frame-000012.color.png 0.976864 0.174238 -0.122968 -0.0160178 0.235445 0.987983 0.527957
seq-04/frame-000013.color.png 0.976822 0.17459 -0.122833 -0.0157577 0.242191 0.997524 0.538418
seq-04/frame-000014.color.png 0.975513 0.179716 -0.125332 -0.0191952 0.265549 1.0193 0.547574
seq-04/frame-000015.color.png 0.976479 0.177356 -0.120908 -0.0203825 0.246697 1.02627 0.520605
seq-04/frame-000016.color.png 0.976056 0.177424 -0.124643 -0.0172883 0.260382 1.02515 0.532606
seq-04/frame-000017.color.png 0.975428 0.176421 -0.130582 -0.0190796 0.277402 1.04267 0.516401
seq-04/frame-000018.color.png 0.975747 0.17165 -0.134082 -0.0218232 0.294675 1.02305 0.51736
seq-04/frame-000019.color.png 0.976102 0.169652 -0.133512 -0.0248554 0.285225 1.02195 0.484058
seq-04/frame-000020.color.png 0.975336 0.172146 -0.137323 -0.015076 0.282233 1.03097 0.482641
seq-04/frame-000021.color.png 0.976748 0.163729 -0.137121 -0.018836 0.272351 1.00821 0.431863
seq-04/frame-000022.color.png 0.976073 0.16655 -0.137674 -0.0242659 0.290449 1.01512 0.450276
seq-04/frame-000023.color.png 0.975837 0.169209 -0.136386 -0.0225528 0.287296 1.02171 0.451326
seq-04/frame-000024.color.png 0.975665 0.17241 -0.133563 -0.0226746 0.275711 1.02683 0.430986
seq-04/frame-000025.color.png 0.975971 0.168181 -0.136963 -0.0209059 0.296981 1.00577 0.407804
seq-04/frame-000026.color.png 0.9771 0.165185 -0.132592 -0.0202107 0.276799 0.989909 0.385074
seq-04/frame-000027.color.png 0.974132 0.178244 -0.13636 -0.0264891 0.29603 1.05044 0.439355
seq-04/frame-000028.color.png 0.975181 0.173425 -0.135052 -0.0266029 0.283851 1.03133 0.422992
seq-04/frame-000029.color.png 0.974582 0.176522 -0.135378 -0.0264992 0.274659 1.03952 0.414444
seq-04/frame-000030.color.png 0.973405 0.179052 -0.139874 -0.0292904 0.297482 1.05448 0.430583
seq-04/frame-000031.color.png 0.973396 0.181616 -0.136503 -0.0297166 0.285554 1.05909 0.436001
seq-04/frame-000032.color.png 0.972623 0.185648 -0.137244 -0.0265258 0.26895 1.07445 0.435283
seq-04/frame-000033.color.png 0.973035 0.178365 -0.144467 -0.0227427 0.279889 1.04778 0.370925
seq-04/frame-000034.color.png 0.971606 0.18766 -0.142477 -0.0215677 0.269588 1.08272 0.416919
seq-04/frame-000035.color.png 0.974074 0.172012 -0.145342 -0.0216195 0.277389 1.02093 0.341071
seq-04/frame-000036.color.png 0.971576 0.18658 -0.143093 -0.0274413 0.284734 1.08469 0.402876
seq-04/frame-000037.color.png 0.972481 0.17874 -0.147443 -0.0243801 0.280224 1.05751 0.342684
seq-04/frame-000038.color.png 0.973292 0.177481 -0.143919 -0.0221288 0.251959 1.05453 0.324276
seq-04/frame-000039.color.png 0.97066 0.190778 -0.144441 -0.0236714 0.248805 1.10011 0.3552
seq-04/frame-000040.color.png 0.972218 0.182907 -0.143647 -0.0265168 0.234282 1.07669 0.327981
seq-04/frame-000041.color.png 0.973156 0.176466 -0.145664 -0.0246912 0.220247 1.06787 0.297419
seq-04/frame-000042.color.png 0.972624 0.178389 -0.147039 -0.0236644 0.22256 1.08307 0.302501
seq-04/frame-000043.color.png 0.975948 0.169773 -0.134727 -0.0234913 0.171691 1.0596 0.249694
seq-04/frame-000044.color.png 0.971485 0.183738 -0.148525 -0.0199612 0.218742 1.11855 0.304462
seq-04/frame-000045.color.png 0.969361 0.192918 -0.150407 -0.0223648 0.233017 1.16172 0.369622
seq-04/frame-000046.color.png 0.969932 0.190865 -0.149156 -0.0235575 0.223748 1.1532 0.370772
seq-04/frame-000047.color.png 0.971818 0.182903 -0.147884 -0.0157051 0.186747 1.12004 0.271066
seq-04/frame-000048.color.png 0.971144 0.185239 -0.149453 -0.0151482 0.173172 1.13493 0.274482
seq-04/frame-000049.color.png 0.969961 0.187645 -0.154159 -0.0141108 0.190042 1.14486 0.297815
seq-04/frame-000050.color.png 0.970847 0.183426 -0.1536 -0.0147653 0.186171 1.13086 0.263463
seq-04/frame-000051.color.png 0.970067 0.186229 -0.155197 -0.0142695 0.193007 1.1384 0.262073
seq-04/frame-000052.color.png 0.970995 0.183315 -0.153155 -0.0104151 0.170694 1.13406 0.232217
seq-04/frame-000053.color.png 0.970261 0.186072 -0.154359 -0.0119758 0.178324 1.14599 0.245397
seq-04/frame-000054.color.png 0.970213 0.186787 -0.153503 -0.0152722 0.184339 1.14454 0.239108
seq-04/frame-000055.color.png 0.970507 0.186699 -0.151707 -0.0156402 0.182316 1.14337 0.241641
seq-04/frame-000056.color.png 0.969899 0.191042 -0.149752 -0.019308 0.17939 1.16136 0.242745
seq-04/frame-000057.color.png 0.970097 0.192217 -0.147206 -0.0171547 0.175286 1.15949 0.226735
seq-04/frame-000058.color.png 0.970019 0.190256 -0.150099 -0.0183114 0.188485 1.15749 0.213324
seq-04/frame-000059.color.png 0.969091 0.191419 -0.154954 -0.0145142 0.199259 1.16377 0.220289
seq-04/frame-000060.color.png 0.969951 0.191371 -0.149508 -0.0148061 0.169703 1.16764 0.209196
seq-04/frame-000061.color.png 0.970045 0.188875 -0.151809 -0.0171017 0.171794 1.16316 0.175674
seq-04/frame-000062.color.png 0.969183 0.190597 -0.155455 -0.0138156 0.181729 1.17746 0.199919
seq-04/frame-000063.color.png 0.96944 0.188806 -0.155915 -0.0151218 0.183653 1.17228 0.186153
seq-04/frame-000064.color.png 0.968587 0.194938 -0.153354 -0.0179018 0.174953 1.21075 0.196863
seq-04/frame-000065.color.png 0.969071 0.192115 -0.153679 -0.0193788 0.180453 1.20952 0.191353
seq-04/frame-000066.color.png 0.969218 0.190181 -0.154965 -0.0208349 0.193075 1.20622 0.185949
seq-04/frame-000067.color.png 0.971254 0.181058 -0.153321 -0.01941 0.180917 1.17885 0.137166
seq-04/frame-000068.color.png 0.970512 0.180382 -0.158475 -0.0213398 0.20359 1.19096 0.136207
seq-04/frame-000069.color.png 0.970568 0.181699 -0.156072 -0.0249993 0.199463 1.20636 0.148817
seq-04/frame-000070.color.png 0.971217 0.176893 -0.157758 -0.0236478 0.19914 1.19608 0.119966
seq-04/frame-000071.color.png 0.969789 0.180766 -0.162074 -0.0237663 0.213472 1.21777 0.133478
seq-04/frame-000072.color.png 0.969783 0.182788 -0.159766 -0.0241593 0.202926 1.22847 0.134768
seq-04/frame-000073.color.png 0.969567 0.179758 -0.16431 -0.0250776 0.219598 1.22271 0.124279
seq-04/frame-000074.color.png 0.969569 0.178287 -0.165447 -0.0278669 0.228018 1.22577 0.125536
seq-04/frame-000075.color.png 0.970618 0.166712 -0.173004 -0.0133401 0.238251 1.17012 0.0769043
seq-04/frame-000076.color.png 0.969407 0.17911 -0.165945 -0.0251208 0.220979 1.23187 0.111057
seq-04/frame-000077.color.png 0.969428 0.178197 -0.166646 -0.026152 0.221845 1.23653 0.11065
seq-04/frame-000078.color.png 0.969391 0.176184 -0.16914 -0.0251493 0.227002 1.23705 0.106077
seq-04/frame-000079.color.png 0.970102 0.171977 -0.168677 -0.0295548 0.245633 1.23297 0.104238
seq-04/frame-000080.color.png 0.972807 0.16483 -0.159982 -0.0297157 0.220092 1.19503 0.0452321
seq-04/frame-000081.color.png 0.973101 0.166514 -0.156298 -0.0303058 0.218331 1.21461 0.0460681
seq-04/frame-000082.color.png 0.972448 0.168108 -0.158623 -0.0303982 0.243382 1.23058 0.072488
seq-04/frame-000083.color.png 0.972951 0.169971 -0.153506 -0.0302114 0.224849 1.23864 0.065006
seq-04/frame-000084.color.png 0.973992 0.163105 -0.154104 -0.0314385 0.236597 1.2231 0.0489485
seq-04/frame-000085.color.png 0.974239 0.167557 -0.148224 -0.0285039 0.223663 1.27107 0.0629998
seq-04/frame-000086.color.png 0.975814 0.161192 -0.144874 -0.0285594 0.215317 1.24046 0.0353713
seq-04/frame-000087.color.png 0.977716 0.153979 -0.139401 -0.0305001 0.202515 1.22997 0.00909638
seq-04/frame-000088.color.png 0.97508 0.158854 -0.153141 -0.0230806 0.265907 1.26302 0.0466628
seq-04/frame-000089.color.png 0.979664 0.149245 -0.130572 -0.0305932 0.197224 1.23479 -0.012651
seq-04/frame-000090.color.png 0.980081 0.143739 -0.134278 -0.0273772 0.224845 1.22515 -0.0175447
seq-04/frame-000091.color.png 0.98141 0.138362 -0.129839 -0.0288586 0.216412 1.20237 -0.0316595
seq-04/frame-000092.color.png 0.981162 0.144611 -0.124193 -0.0313853 0.206161 1.23543 -0.016173
seq-04/frame-000093.color.png 0.981819 0.142863 -0.12141 -0.0296929 0.199277 1.23288 -0.0322003
seq-04/frame-000094.color.png 0.983998 0.132259 -0.115306 -0.0309755 0.201685 1.20606 -0.0585036
seq-04/frame-000095.color.png 0.984373 0.135428 -0.108999 -0.0280693 0.185074 1.23044 -0.0572891
seq-04/frame-000096.color.png 0.985151 0.134037 -0.103842 -0.0269922 0.174113 1.23851 -0.0458219
seq-04/frame-000097.color.png 0.986644 0.129779 -0.0943271 -0.0281584 0.150476 1.24135 -0.051809
seq-04/frame-000098.color.png 0.986855 0.130722 -0.0907094 -0.0283114 0.138583 1.24613 -0.0588045
seq-04/frame-000099.color.png 0.986237 0.129544 -0.0994088 -0.025927 0.177697 1.2378 -0.047847
seq-04/frame-000100.color.png 0.988634 0.120811 -0.0847296 -0.0287756 0.102393 1.20907 -0.0921685
seq-04/frame-000101.color.png 0.987995 0.125373 -0.0859166 -0.0276878 0.105031 1.2339 -0.0658515
seq-04/frame-000102.color.png 0.987294 0.132131 -0.0847681 -0.0246092 0.0952976 1.26973 -0.044159
seq-04/frame-000103.color.png 0.987548 0.131952 -0.083016 -0.021111 0.0801115 1.26773 -0.0461536
seq-04/frame-000104.color.png 0.988186 0.128818 -0.0811178 -0.0177462 0.0761392 1.24423 -0.0449433
seq-04/frame-000105.color.png 0.988989 0.123412 -0.0794767 -0.0187871 0.0733391 1.2212 -0.0712471
seq-04/frame-000106.color.png 0.988553 0.129032 -0.0762957 -0.0171098 0.0564234 1.2514 -0.0574808
seq-04/frame-000107.color.png 0.989048 0.130867 -0.0670525 -0.0127189 0.0181949 1.26751 -0.0460553
seq-04/frame-000108.color.png 0.989986 0.126259 -0.0623268 -0.0100887 0.00348595 1.254 -0.0646443
seq-04/frame-000109.color.png 0.989722 0.127104 -0.0644714 -0.0117558 0.025261 1.25434 -0.0476261
seq-04/frame-000110.color.png 0.989082 0.140836 -0.0399615 -0.0168939 -0.0747291 1.3125 -0.0313584
seq-04/frame-000111.color.png 0.990993 0.124855 -0.047729 -0.00813693 -0.0164194 1.25016 -0.0701188
seq-04/frame-000112.color.png 0.991517 0.123047 -0.0408532 -0.00920341 -0.0502862 1.24247 -0.0777565
seq-04/frame-000113.color.png 0.991102 0.127416 -0.0374707 -0.00881008 -0.0609561 1.26616 -0.0648684
seq-04/frame-000114.color.png 0.991062 0.120365 -0.0572802 -0.00530705 0.0389188 1.22913 -0.0722409
seq-04/frame-000115.color.png 0.992033 0.122306 -0.0279496 -0.0114348 -0.0673405 1.23811 -0.0737803
seq-04/frame-000116.color.png 0.990931 0.127775 -0.0415086 -0.00248138 -0.00513879 1.26511 -0.0453469
seq-04/frame-000117.color.png 0.992119 0.124216 -0.00871363 -0.0139277 -0.125754 1.24394 -0.079048
seq-04/frame-000118.color.png 0.994114 0.107557 -0.0101497 -0.00812909 -0.100979 1.1827 -0.0885995
seq-04/frame-000119.color.png 0.991677 0.128195 0.00595966 -0.0103314 -0.157823 1.27093 -0.0547638
seq-04/frame-000120.color.png 0.991614 0.129062 -0.00014201 -0.00661995 -0.104089 1.26754 -0.0344081
seq-04/frame-000121.color.png 0.99284 0.119354 0.0013808 -0.00453082 -0.0966447 1.23403 -0.0587738
seq-04/frame-000122.color.png 0.992605 0.121164 0.00581348 -0.00446704 -0.111713 1.2538 -0.0291326
seq-04/frame-000123.color.png 0.990006 0.13737 0.0317945 -0.00273903 -0.188495 1.33512 -0.00391878
seq-04/frame-000124.color.png 0.993071 0.113722 0.0294435 -0.00305736 -0.159408 1.23316 -0.0317935
seq-04/frame-000125.color.png 0.990704 0.124344 0.0551056 0.00279196 -0.232361 1.28644 -0.0105012
seq-04/frame-000126.color.png 0.990284 0.124379 0.0621529 0.00233551 -0.241403 1.2836 -0.0106085
seq-04/frame-000127.color.png 0.991574 0.11203 0.064515 0.00819978 -0.220345 1.23868 -0.0272825
seq-04/frame-000128.color.png 0.992303 0.108114 0.0590216 0.0127206 -0.184388 1.2285 -0.0247579
seq-04/frame-000129.color.png 0.991618 0.105229 0.0722696 0.019928 -0.228686 1.22819 -0.0215173
seq-04/frame-000130.color.png 0.990776 0.100289 0.0900141 0.0142101 -0.296466 1.20435 -0.0309887
seq-04/frame-000131.color.png 0.991197 0.0952598 0.0905433 0.0159755 -0.270664 1.19206 -0.0372354
seq-04/frame-000132.color.png 0.989798 0.105833 0.0936406 0.0181865 -0.275496 1.24408 -0.00719254
seq-04/frame-000133.color.png 0.990021 0.0967442 0.100757 0.0186326 -0.282996 1.21404 -0.0122096
seq-04/frame-000134.color.png 0.988317 0.0982371 0.114414 0.0220864 -0.337033 1.22088 -0.00738323
seq-04/frame-000135.color.png 0.988735 0.0860291 0.12065 0.0210989 -0.322903 1.16892 -0.0472569
seq-04/frame-000136.color.png 0.988406 0.0956335 0.114899 0.026579 -0.286004 1.22113 0.00618205
seq-04/frame-000137.color.png 0.986962 0.0941118 0.127868 0.026426 -0.311894 1.21263 0.00244501
seq-04/frame-000138.color.png 0.987151 0.0899436 0.129416 0.0263396 -0.308104 1.19514 -0.00462643
seq-04/frame-000139.color.png 0.986119 0.0835349 0.140235 0.0304132 -0.348724 1.16821 -0.0108662
seq-04/frame-000140.color.png 0.986169 0.093775 0.133376 0.0297848 -0.300823 1.21967 0.0149354
seq-04/frame-000141.color.png 0.984493 0.10347 0.137896 0.0324407 -0.302787 1.27852 0.0662297
seq-04/frame-000142.color.png 0.984847 0.0889886 0.145442 0.0316862 -0.320797 1.21587 0.0208317
seq-04/frame-000143.color.png 0.983922 0.0830743 0.154433 0.0338656 -0.335622 1.19567 0.0105002
seq-04/frame-000144.color.png 0.983177 0.0891843 0.155668 0.0342978 -0.327065 1.23152 0.0282602
seq-04/frame-000145.color.png 0.983055 0.0862747 0.15695 0.0390684 -0.314417 1.22322 0.0327614
seq-04/frame-000146.color.png 0.981382 0.0781941 0.170941 0.0394327 -0.350818 1.19114 0.0268728
seq-04/frame-000147.color.png 0.979839 0.0790362 0.179081 0.039993 -0.368327 1.19309 0.0395311
seq-04/frame-000148.color.png 0.979177 0.0753974 0.183705 0.0421977 -0.362458 1.18347 0.0299131
seq-04/frame-000149.color.png 0.978435 0.0799 0.185772 0.0420695 -0.352364 1.20799 0.0487785
seq-04/frame-000150.color.png 0.976044 0.0804723 0.197781 0.0417627 -0.375179 1.20796 0.0700676
seq-04/frame-000151.color.png 0.976798 0.0650935 0.199826 0.0412164 -0.355967 1.13728 0.0306201
seq-04/frame-000152.color.png 0.973114 0.0771098 0.213026 0.0415183 -0.381829 1.20134 0.0503397
seq-04/frame-000153.color.png 0.973387 0.0668159 0.214756 0.0439679 -0.378786 1.16164 0.0351997
seq-04/frame-000154.color.png 0.971796 0.0703205 0.220478 0.045362 -0.371774 1.17308 0.0603479
seq-04/frame-000155.color.png 0.968457 0.0815686 0.231196 0.0445635 -0.378261 1.21632 0.101923
seq-04/frame-000156.color.png 0.968832 0.0714152 0.232692 0.0460332 -0.372163 1.16107 0.0660802
seq-04/frame-000157.color.png 0.967901 0.0730485 0.235432 0.0490305 -0.356443 1.17153 0.0700247
seq-04/frame-000158.color.png 0.966077 0.0798263 0.240589 0.0494002 -0.359349 1.20233 0.0861093
seq-04/frame-000159.color.png 0.962295 0.0892224 0.251927 0.0505968 -0.40838 1.24999 0.113572
seq-04/frame-000160.color.png 0.963984 0.0813423 0.248305 0.0496241 -0.360722 1.21711 0.109033
seq-04/frame-000161.color.png 0.959703 0.0882092 0.262407 0.0482808 -0.406916 1.2487 0.119557
seq-04/frame-000162.color.png 0.961949 0.0837636 0.254714 0.0525302 -0.346214 1.23744 0.0931947
seq-04/frame-000163.color.png 0.959438 0.0673902 0.268164 0.0550036 -0.38716 1.17472 0.0969272
seq-04/frame-000164.color.png 0.958992 0.0639929 0.270632 0.0547533 -0.383805 1.15887 0.10126
seq-04/frame-000165.color.png 0.957116 0.0662308 0.276719 0.0544851 -0.396931 1.17198 0.0947489
seq-04/frame-000166.color.png 0.95674 0.0687743 0.277433 0.0543087 -0.371287 1.18451 0.0952675
seq-04/frame-000167.color.png 0.954614 0.0651443 0.284846 0.0577056 -0.401314 1.16611 0.0992364
seq-04/frame-000168.color.png 0.951781 0.0650381 0.294125 0.0580799 -0.411464 1.16991 0.116342
seq-04/frame-000169.color.png 0.950449 0.0601118 0.299292 0.0588085 -0.411561 1.14871 0.114875
seq-04/frame-000170.color.png 0.950089 0.0670563 0.298806 0.0595659 -0.39682 1.17812 0.122441
seq-04/frame-000171.color.png 0.948947 0.0709444 0.301153 0.0614222 -0.383078 1.19015 0.161247
seq-04/frame-000172.color.png 0.946199 0.0853831 0.305895 0.0620151 -0.380277 1.23698 0.174001
seq-04/frame-000173.color.png 0.944304 0.0648772 0.315907 0.0654506 -0.425881 1.12573 0.152797
seq-04/frame-000174.color.png 0.944002 0.0826077 0.312902 0.0642573 -0.386761 1.19242 0.169347
seq-04/frame-000175.color.png 0.94315 0.0857953 0.314067 0.0668584 -0.37844 1.19164 0.212068
seq-04/frame-000176.color.png 0.944484 0.0815444 0.310909 0.0680864 -0.357339 1.14434 0.185081
seq-04/frame-000177.color.png 0.940872 0.0929199 0.318903 0.0665316 -0.373008 1.17349 0.210341
seq-04/frame-000178.color.png 0.94014 0.0871798 0.322245 0.0685214 -0.379282 1.1297 0.201407
seq-04/frame-000179.color.png 0.936799 0.0975955 0.329655 0.064894 -0.382841 1.14469 0.209088
seq-04/frame-000180.color.png 0.935116 0.102724 0.333223 0.062991 -0.340014 1.14217 0.248084
seq-04/frame-000181.color.png 0.930521 0.108721 0.344001 0.0630345 -0.367838 1.14921 0.25705
seq-04/frame-000182.color.png 0.928763 0.110299 0.348243 0.0629337 -0.356932 1.15273 0.267565
seq-04/frame-000183.color.png 0.926714 0.111364 0.353237 0.063428 -0.366361 1.14793 0.279246
seq-04/frame-000184.color.png 0.926909 0.100481 0.356121 0.062618 -0.365415 1.08952 0.23353
seq-04/frame-000185.color.png 0.924789 0.103818 0.35997 0.0663966 -0.380077 1.10516 0.259312
seq-04/frame-000186.color.png 0.923564 0.10984 0.360693 0.0697437 -0.373893 1.12845 0.285451
seq-04/frame-000187.color.png 0.925751 0.100302 0.358772 0.0648571 -0.350229 1.08524 0.256371
seq-04/frame-000188.color.png 0.918873 0.121215 0.370473 0.06107 -0.373336 1.17412 0.298425
seq-04/frame-000189.color.png 0.914288 0.132751 0.377927 0.06022 -0.366823 1.21646 0.344746
seq-04/frame-000190.color.png 0.916882 0.115511 0.376799 0.0632969 -0.356212 1.13682 0.308129
seq-04/frame-000191.color.png 0.913193 0.121294 0.383515 0.0654394 -0.364437 1.15045 0.322532
seq-04/frame-000192.color.png 0.906967 0.130576 0.395207 0.064588 -0.375674 1.16267 0.384587
seq-04/frame-000193.color.png 0.910871 0.12522 0.387093 0.0692323 -0.346722 1.12273 0.34221
seq-04/frame-000194.color.png 0.90592 0.130783 0.397203 0.0665969 -0.37982 1.10788 0.365058
seq-04/frame-000195.color.png 0.909496 0.130598 0.388544 0.0692389 -0.34499 1.09562 0.352139
seq-04/frame-000196.color.png 0.911539 0.141433 0.379293 0.0723228 -0.322972 1.10948 0.347259
seq-04/frame-000197.color.png 0.91047 0.146617 0.379622 0.0737247 -0.3364 1.11188 0.366198
seq-04/frame-000198.color.png 0.90932 0.153544 0.380597 0.068612 -0.354346 1.11419 0.391137
seq-04/frame-000199.color.png 0.911807 0.152186 0.374899 0.0699849 -0.344746 1.09273 0.373638
seq-04/frame-000200.color.png 0.912361 0.165697 0.367555 0.0710339 -0.331202 1.10509 0.391344
seq-04/frame-000201.color.png 0.913326 0.166041 0.365922 0.0660887 -0.327447 1.08676 0.38888
seq-04/frame-000202.color.png 0.912277 0.176065 0.362997 0.0706088 -0.326774 1.10282 0.424312
seq-04/frame-000203.color.png 0.913116 0.181466 0.359256 0.0649929 -0.324153 1.09407 0.421935
seq-04/frame-000204.color.png 0.913066 0.185209 0.357522 0.0646982 -0.323759 1.09575 0.42699
seq-04/frame-000205.color.png 0.913854 0.191967 0.351269 0.0680454 -0.315279 1.0975 0.442424
seq-04/frame-000206.color.png 0.913771 0.193534 0.350727 0.0675091 -0.320912 1.09275 0.438584
seq-04/frame-000207.color.png 0.914388 0.197987 0.347027 0.0653324 -0.313531 1.10383 0.445028
seq-04/frame-000208.color.png 0.915958 0.201654 0.340829 0.0647555 -0.310881 1.09711 0.450821
seq-04/frame-000209.color.png 0.916989 0.203934 0.337053 0.0627507 -0.306829 1.09803 0.441148
seq-04/frame-000210.color.png 0.918178 0.205168 0.332643 0.064843 -0.30294 1.08587 0.449266
seq-04/frame-000211.color.png 0.916319 0.21275 0.333415 0.062707 -0.315046 1.10252 0.473299
seq-04/frame-000212.color.png 0.917647 0.222293 0.32444 0.056989 -0.294552 1.1005 0.480428
seq-04/frame-000213.color.png 0.918158 0.229291 0.318449 0.0547859 -0.281383 1.1109 0.489457
seq-04/frame-000214.color.png 0.922237 0.223449 0.311125 0.0524563 -0.265453 1.07474 0.44698
seq-04/frame-000215.color.png 0.919331 0.233708 0.312795 0.0486882 -0.273628 1.09698 0.480524
seq-04/frame-000216.color.png 0.923148 0.229389 0.304426 0.0500416 -0.258836 1.06782 0.449633
seq-04/frame-000217.color.png 0.918463 0.244113 0.307631 0.0468847 -0.2734 1.11442 0.506323
seq-04/frame-000218.color.png 0.921238 0.242167 0.300242 0.0503056 -0.26007 1.10675 0.488258
seq-04/frame-000219.color.png 0.920967 0.244619 0.299222 0.049472 -0.276459 1.10047 0.501269
seq-04/frame-000220.color.png 0.923577 0.242139 0.293835 0.0451135 -0.263633 1.08781 0.474628
seq-04/frame-000221.color.png 0.922342 0.250116 0.290999 0.0452459 -0.267124 1.12064 0.486909
seq-04/frame-000222.color.png 0.92563 0.244734 0.28467 0.0477266 -0.26006 1.09976 0.471724
seq-04/frame-000223.color.png 0.924618 0.250456 0.283533 0.044305 -0.265966 1.11416 0.486612
seq-04/frame-000224.color.png 0.926457 0.252741 0.274731 0.0481998 -0.251327 1.12273 0.483202
seq-04/frame-000225.color.png 0.931766 0.248569 0.260871 0.0444034 -0.22275 1.10823 0.444443
seq-04/frame-000226.color.png 0.928771 0.253149 0.267915 0.0389966 -0.257749 1.12483 0.469118
seq-04/frame-000227.color.png 0.932345 0.247594 0.261388 0.033276 -0.238281 1.11486 0.442621
seq-04/frame-000228.color.png 0.930442 0.257957 0.258177 0.0328732 -0.233325 1.16217 0.467963
seq-04/frame-000229.color.png 0.932539 0.252417 0.256313 0.0309975 -0.240395 1.13579 0.453373
seq-04/frame-000230.color.png 0.934195 0.25247 0.25048 0.0282415 -0.228313 1.12901 0.446501
seq-04/frame-000231.color.png 0.935253 0.258036 0.240819 0.0269131 -0.227888 1.14865 0.448276
seq-04/frame-000232.color.png 0.935715 0.261867 0.234661 0.0282478 -0.223039 1.16007 0.45963
seq-04/frame-000233.color.png 0.935901 0.261956 0.234298 0.0239332 -0.232912 1.14857 0.445598
seq-04/frame-000234.color.png 0.937817 0.261718 0.227088 0.0208471 -0.22243 1.15191 0.430069
seq-04/frame-000235.color.png 0.938808 0.260898 0.224131 0.0183634 -0.226424 1.14893 0.431503
seq-04/frame-000236.color.png 0.941769 0.259025 0.213629 0.0184407 -0.202554 1.13996 0.408836
seq-04/frame-000237.color.png 0.941973 0.260593 0.211044 0.015456 -0.204531 1.14479 0.410208
seq-04/frame-000238.color.png 0.942379 0.261588 0.208032 0.0146785 -0.207503 1.15337 0.410954
seq-04/frame-000239.color.png 0.940772 0.27067 0.203997 0.00837655 -0.213412 1.18797 0.41532
seq-04/frame-000240.color.png 0.943017 0.269367 0.195163 0.008534 -0.197725 1.18488 0.42047
seq-04/frame-000241.color.png 0.943439 0.267503 0.195785 0.00569423 -0.216258 1.1857 0.40622
seq-04/frame-000242.color.png 0.945524 0.267515 0.185456 0.00502897 -0.197425 1.19001 0.401127
seq-04/frame-000243.color.png 0.946377 0.271892 0.174423 0.00464895 -0.174992 1.20493 0.41321
seq-04/frame-000244.color.png 0.946933 0.271925 0.171368 0.00267416 -0.195715 1.20613 0.388292
seq-04/frame-000245.color.png 0.948551 0.273084 0.160236 0.000727961 -0.177596 1.22029 0.387153
seq-04/frame-000246.color.png 0.954562 0.255729 0.15301 0.00107909 -0.189344 1.16534 0.328517
seq-04/frame-000247.color.png 0.956006 0.259206 0.137326 0.00246291 -0.157131 1.19045 0.326425
seq-04/frame-000248.color.png 0.95539 0.260894 0.138365 -0.00429983 -0.169686 1.20601 0.327157
seq-04/frame-000249.color.png 0.960068 0.247998 0.12917 -0.00902896 -0.142385 1.1699 0.281323
seq-04/frame-000250.color.png 0.961267 0.246877 0.122458 -0.00470247 -0.138185 1.173 0.277409
seq-04/frame-000251.color.png 0.961069 0.247453 0.122653 -0.00840543 -0.153288 1.17205 0.274028
seq-04/frame-000252.color.png 0.961538 0.250566 0.111927 -0.0115393 -0.126319 1.18561 0.259935
seq-04/frame-000253.color.png 0.961973 0.250666 0.107729 -0.0129792 -0.131161 1.19333 0.263
seq-04/frame-000254.color.png 0.961392 0.257288 0.0973633 -0.00699672 -0.113078 1.23607 0.272402
seq-04/frame-000255.color.png 0.96302 0.251045 0.0975968 -0.00663856 -0.144156 1.24281 0.245402
seq-04/frame-000256.color.png 0.963877 0.247269 0.0976935 -0.0159986 -0.13522 1.23857 0.231072
seq-04/frame-000257.color.png 0.968128 0.231976 0.0931616 -0.0153772 -0.122502 1.19131 0.182338
seq-04/frame-000258.color.png 0.966732 0.238701 0.0905235 -0.0159837 -0.118159 1.23279 0.207345
seq-04/frame-000259.color.png 0.968391 0.232474 0.0897313 -0.0110456 -0.127821 1.2308 0.169458
seq-04/frame-000260.color.png 0.968795 0.233574 0.0816228 -0.0147667 -0.0926576 1.25759 0.181874
seq-04/frame-000261.color.png 0.973482 0.214111 0.0793328 -0.0140104 -0.0896544 1.21007 0.12743
seq-04/frame-000262.color.png 0.972118 0.221029 0.0763447 -0.0174607 -0.0741168 1.25457 0.15598
seq-04/frame-000263.color.png 0.970806 0.221732 0.0897956 -0.0175267 -0.12855 1.28187 0.143752
seq-04/frame-000264.color.png 0.971424 0.216412 0.0967668 -0.0117597 -0.168373 1.2879 0.110615
seq-04/frame-000265.color.png 0.970344 0.221011 0.0962977 -0.0176985 -0.147527 1.32446 0.112962
seq-04/frame-000266.color.png 0.973631 0.209981 0.0877785 -0.0156913 -0.124214 1.29617 0.105534
seq-04/frame-000267.color.png 0.975454 0.204149 0.0810916 -0.0153912 -0.0964023 1.28845 0.0775223
seq-04/frame-000268.color.png 0.977256 0.196071 0.0786858 -0.0183274 -0.0917743 1.27509 0.0616892
seq-04/frame-000269.color.png 0.98157 0.175946 0.0727107 -0.0166362 -0.0925768 1.21008 -0.0113286
seq-04/frame-000270.color.png 0.979179 0.189818 0.0683976 -0.0223365 -0.0870868 1.27722 0.0264778
seq-04/frame-000271.color.png 0.983548 0.169246 0.0595104 -0.0211821 -0.0690753 1.20668 -0.0427401
seq-04/frame-000272.color.png 0.981389 0.186387 0.0420846 -0.019098 -0.0234699 1.28646 0.0230397
seq-04/frame-000273.color.png 0.983999 0.17385 0.0326736 -0.0213063 -0.00813256 1.24147 -0.0108966
seq-04/frame-000274.color.png 0.98437 0.172662 0.0259442 -0.0230514 0.0035832 1.2372 -0.0422347
seq-04/frame-000275.color.png 0.984525 0.173099 0.0116786 -0.0247205 0.0171371 1.24003 -0.0351968
seq-04/frame-000276.color.png 0.981446 0.188168 0.0174905 -0.0324034 -0.025039 1.29816 -0.000417941
seq-04/frame-000277.color.png 0.980004 0.197145 0.00360682 -0.0267107 0.00851961 1.34372 0.0171988
seq-04/frame-000278.color.png 0.982647 0.18318 -0.00312572 -0.0289897 0.0193767 1.29368 -0.0205864
seq-04/frame-000279.color.png 0.98363 0.177649 -0.00826425 -0.0290649 0.0235153 1.27551 -0.0378637
seq-04/frame-000280.color.png 0.982398 0.183366 -0.0204243 -0.0292136 0.0537268 1.31101 -0.037784
seq-04/frame-000281.color.png 0.98331 0.17781 -0.0281768 -0.0262962 0.0703698 1.29207 -0.0430271
seq-04/frame-000282.color.png 0.983531 0.176561 -0.0289031 -0.0256509 0.0618861 1.29113 -0.0522346
seq-04/frame-000283.color.png 0.982761 0.181149 -0.0261647 -0.0261047 0.0436222 1.31516 -0.0536963
seq-04/frame-000284.color.png 0.982486 0.181284 -0.0346677 -0.0256124 0.0751917 1.31552 -0.0486856
seq-04/frame-000285.color.png 0.983379 0.17559 -0.0400461 -0.0230237 0.0732203 1.30505 -0.0687643
seq-04/frame-000286.color.png 0.983147 0.17638 -0.0400448 -0.0266226 0.0674888 1.31537 -0.0824696
seq-04/frame-000287.color.png 0.982977 0.177374 -0.0417886 -0.0234089 0.0522186 1.32817 -0.0738474
seq-04/frame-000288.color.png 0.982902 0.176038 -0.0471827 -0.0262472 0.070672 1.32439 -0.0739666
seq-04/frame-000289.color.png 0.983203 0.170971 -0.0600892 -0.0216911 0.0993491 1.31232 -0.0831773
seq-04/frame-000290.color.png 0.98369 0.169222 -0.0560121 -0.0240843 0.0727508 1.30505 -0.100258
seq-04/frame-000291.color.png 0.982504 0.174112 -0.0618197 -0.0234288 0.0908021 1.32636 -0.0863869
seq-04/frame-000292.color.png 0.982754 0.172303 -0.0630063 -0.0231498 0.0929289 1.32063 -0.0928704
seq-04/frame-000293.color.png 0.982815 0.171578 -0.0656602 -0.018015 0.0923835 1.32052 -0.101037
seq-04/frame-000294.color.png 0.982787 0.171143 -0.0661078 -0.0216741 0.104139 1.32071 -0.100312
seq-04/frame-000295.color.png 0.982221 0.173628 -0.0688845 -0.0187168 0.116247 1.33632 -0.100767
seq-04/frame-000296.color.png 0.98347 0.167573 -0.0657555 -0.0195469 0.105725 1.31089 -0.119836
seq-04/frame-000297.color.png 0.982871 0.172266 -0.0625228 -0.0194847 0.110811 1.32579 -0.119035
seq-04/frame-000298.color.png 0.982863 0.172676 -0.0618941 -0.0182595 0.116898 1.32885 -0.118666
seq-04/frame-000299.color.png 0.982931 0.174392 -0.0550976 -0.0199776 0.0963317 1.34181 -0.102738
seq-04/frame-000300.color.png 0.982934 0.173535 -0.057828 -0.0195305 0.113929 1.33838 -0.11932
seq-04/frame-000301.color.png 0.984313 0.168459 -0.0476996 -0.0217728 0.0930834 1.33152 -0.139774
seq-04/frame-000302.color.png 0.984814 0.166168 -0.0448673 -0.0227093 0.101669 1.33119 -0.147988
seq-04/frame-000303.color.png 0.985724 0.161304 -0.0426165 -0.0226711 0.10835 1.31397 -0.173074
seq-04/frame-000304.color.png 0.985586 0.163251 -0.0380061 -0.0228916 0.112001 1.32782 -0.158539
seq-04/frame-000305.color.png 0.985961 0.163011 -0.0264645 -0.0246369 0.0874062 1.31421 -0.164512
seq-04/frame-000306.color.png 0.984865 0.169452 -0.0248579 -0.0266159 0.0917455 1.33989 -0.152616
seq-04/frame-000307.color.png 0.984811 0.169609 -0.0270229 -0.0254845 0.104027 1.35001 -0.145191
seq-04/frame-000308.color.png 0.985893 0.163976 -0.0233129 -0.0241692 0.085514 1.34247 -0.168805
seq-04/frame-000309.color.png 0.986534 0.159471 -0.0245136 -0.0268002 0.107759 1.32556 -0.178554
seq-04/frame-000310.color.png 0.98684 0.158512 -0.0195446 -0.0252748 0.0906496 1.33511 -0.18853
seq-04/frame-000311.color.png 0.987572 0.154199 -0.0155473 -0.0261294 0.0816112 1.3239 -0.200412
seq-04/frame-000312.color.png 0.986513 0.160942 -0.0139027 -0.0263987 0.102377 1.35492 -0.182842
seq-04/frame-000313.color.png 0.986451 0.161857 -0.00150396 -0.0267209 0.05614 1.3675 -0.190318
seq-04/frame-000314.color.png 0.986642 0.160491 0.00117796 -0.0279165 0.056083 1.3641 -0.203482
seq-04/frame-000315.color.png 0.987146 0.157966 0.00176199 -0.0242156 0.0482641 1.35475 -0.210018
seq-04/frame-000316.color.png 0.985918 0.165637 0.00316279 -0.0228061 0.0293143 1.38574 -0.186644
seq-04/frame-000317.color.png 0.986932 0.15968 -0.00268843 -0.0214438 0.043042 1.36497 -0.220881
seq-04/frame-000318.color.png 0.986478 0.162454 0.000536253 -0.0216606 0.0207351 1.38832 -0.197722
seq-04/frame-000319.color.png 0.987506 0.155982 0.00278629 -0.0222038 0.0122844 1.37932 -0.239134
seq-04/frame-000320.color.png 0.988767 0.147726 0.0032797 -0.0224868 -0.000128744 1.35843 -0.268381
seq-04/frame-000321.color.png 0.988616 0.148533 -0.000854992 -0.0239711 0.0158453 1.37554 -0.270111
seq-04/frame-000322.color.png 0.988213 0.151591 0.00142617 -0.0213011 -0.0154197 1.40511 -0.263332
seq-04/frame-000323.color.png 0.988124 0.151937 0.0039878 -0.0225722 -0.0269834 1.41089 -0.283776
seq-04/frame-000324.color.png 0.988479 0.150309 0.00374041 -0.0174022 -0.0405378 1.41267 -0.286827
seq-04/frame-000325.color.png 0.989897 0.140221 0.0040107 -0.0206259 -0.0455889 1.36072 -0.311317
seq-04/frame-000326.color.png 0.990182 0.138523 -0.00620212 -0.0176506 -0.00104524 1.34961 -0.363994
seq-04/frame-000327.color.png 0.986246 0.164971 0.00419946 -0.00930997 -0.13088 1.49563 -0.258332
seq-04/frame-000328.color.png 0.985561 0.169048 0.00121845 -0.00948822 -0.13745 1.51146 -0.256959
seq-04/frame-000329.color.png 0.988072 0.152944 -0.0075573 -0.0162593 -0.092593 1.44112 -0.310406
seq-04/frame-000330.color.png 0.988296 0.151434 -0.00460824 -0.0178308 -0.116986 1.44248 -0.301172
seq-04/frame-000331.color.png 0.98839 0.150757 -0.00958746 -0.0162824 -0.106528 1.4196 -0.303089
seq-04/frame-000332.color.png 0.988552 0.149562 -0.0111685 -0.0164706 -0.103268 1.41485 -0.328033
seq-04/frame-000333.color.png 0.988738 0.149055 -0.00833682 -0.0104567 -0.139307 1.42284 -0.332056
seq-04/frame-000334.color.png 0.987025 0.158894 -0.0183665 -0.0140683 -0.0967324 1.46085 -0.302962
seq-04/frame-000335.color.png 0.988777 0.147916 -0.0185359 -0.00989618 -0.104545 1.43018 -0.334766
seq-04/frame-000336.color.png 0.988121 0.152574 -0.0171735 -0.00651612 -0.115302 1.46108 -0.311815
seq-04/frame-000337.color.png 0.988442 0.150988 -0.0128155 -0.00455221 -0.131009 1.46298 -0.34107
seq-04/frame-000338.color.png 0.988383 0.151649 -0.00882764 -0.00497642 -0.15721 1.48313 -0.329843
seq-04/frame-000339.color.png 0.988982 0.147515 0.00159105 -0.0122854 -0.180691 1.4619 -0.332978
seq-04/frame-000340.color.png 0.987387 0.158091 -0.00558541 -0.00653667 -0.14276 1.51574 -0.323388
seq-04/frame-000341.color.png 0.990875 0.134119 -0.00224217 -0.0131744 -0.1404 1.41943 -0.392159
seq-04/frame-000342.color.png 0.990529 0.136886 0.00385342 -0.00998694 -0.174213 1.44007 -0.372582
seq-04/frame-000343.color.png 0.991057 0.13286 0.00327635 -0.0120014 -0.149104 1.41653 -0.402508
seq-04/frame-000344.color.png 0.990739 0.135347 0.00824221 -0.00703555 -0.179543 1.4394 -0.388628
seq-04/frame-000345.color.png 0.99132 0.131349 -0.00101013 -0.00556747 -0.12928 1.41918 -0.421038
seq-04/frame-000346.color.png 0.990388 0.137716 0.012804 0.00125823 -0.208146 1.47042 -0.390665
seq-04/frame-000347.color.png 0.991801 0.127612 0.00394144 -0.00547282 -0.137388 1.41343 -0.442935
seq-04/frame-000348.color.png 0.990257 0.138501 0.0144667 0.00032168 -0.203555 1.47253 -0.388962
seq-04/frame-000349.color.png 0.99119 0.13133 0.0153297 -0.0077293 -0.183137 1.42492 -0.425109
seq-04/frame-000350.color.png 0.990194 0.138621 0.0172084 -0.00171607 -0.2032 1.46861 -0.414966
seq-04/frame-000351.color.png 0.990851 0.133704 0.0162251 -0.00855807 -0.181448 1.44483 -0.420955
seq-04/frame-000352.color.png 0.99015 0.139259 0.013909 -0.00411838 -0.168916 1.46598 -0.431544
seq-04/frame-000353.color.png 0.991036 0.132582 0.0121797 -0.0110272 -0.155216 1.43287 -0.446983
seq-04/frame-000354.color.png 0.989819 0.14129 0.014387 -0.00941257 -0.179759 1.47553 -0.403303
seq-04/frame-000355.color.png 0.99037 0.137751 0.00602835 -0.0124593 -0.129829 1.4377 -0.437782
seq-04/frame-000356.color.png 0.988753 0.148935 0.0108291 -0.00832636 -0.171554 1.48142 -0.40812
seq-04/frame-000357.color.png 0.988716 0.149499 0.00396947 -0.00871735 -0.130811 1.4699 -0.426421
seq-04/frame-000358.color.png 0.988711 0.149248 0.00735554 -0.0109906 -0.145249 1.46201 -0.426928
seq-04/frame-000359.color.png 0.9897 0.14247 0.00366637 -0.0134924 -0.117414 1.43222 -0.446667
seq-04/frame-000360.color.png 0.989447 0.14259 0.00691621 -0.0247982 -0.0926664 1.41238 -0.449813
seq-04/frame-000361.color.png 0.987518 0.15676 0.00897036 -0.012387 -0.114079 1.48753 -0.4257
seq-04/frame-000362.color.png 0.988141 0.15246 0.00857297 -0.0161003 -0.105648 1.46705 -0.428051
seq-04/frame-000363.color.png 0.989811 0.141496 0.00112339 -0.0158451 -0.0718582 1.41058 -0.445508
seq-04/frame-000364.color.png 0.987408 0.156535 0.0176068 -0.0145717 -0.153799 1.47701 -0.419992
seq-04/frame-000365.color.png 0.987337 0.156862 0.0176366 -0.0158033 -0.16239 1.45827 -0.408602
seq-04/frame-000366.color.png 0.987576 0.155945 0.0107141 -0.0161451 -0.124426 1.43766 -0.42713
seq-04/frame-000367.color.png 0.987354 0.157431 0.0112924 -0.014833 -0.134946 1.44258 -0.422932
seq-04/frame-000368.color.png 0.986942 0.160481 0.00501916 -0.0128793 -0.111444 1.45315 -0.411818
seq-04/frame-000369.color.png 0.986628 0.162727 0.00337701 -0.00864489 -0.114103 1.46008 -0.410458
seq-04/frame-000370.color.png 0.9879 0.154036 0.00662822 -0.0168036 -0.116329 1.41379 -0.430713
seq-04/frame-000371.color.png 0.986818 0.161463 -0.000979125 -0.0109482 -0.083501 1.44518 -0.411484
seq-04/frame-000372.color.png 0.986142 0.165643 0.00288704 -0.00887378 -0.102254 1.46208 -0.402992
seq-04/frame-000373.color.png 0.986855 0.16095 0.00583668 -0.0133642 -0.0927532 1.43893 -0.415085
seq-04/frame-000374.color.png 0.985234 0.16966 0.0160309 -0.0165165 -0.138006 1.47784 -0.376166
seq-04/frame-000375.color.png 0.986305 0.164458 0.00764979 -0.00983541 -0.099716 1.45473 -0.398542
seq-04/frame-000376.color.png 0.985386 0.169532 0.0160304 -0.00410655 -0.151373 1.48675 -0.377764
seq-04/frame-000377.color.png 0.987208 0.1582 0.0148036 -0.0132018 -0.126036 1.42132 -0.414861
seq-04/frame-000378.color.png 0.985548 0.168914 0.0120847 -0.00406177 -0.115407 1.4604 -0.388809
seq-04/frame-000379.color.png 0.986481 0.162562 0.0190706 -0.00810188 -0.135363 1.43392 -0.402027
seq-04/frame-000380.color.png 0.985955 0.165032 0.0229113 -0.0114691 -0.13685 1.43676 -0.39256
seq-04/frame-000381.color.png 0.986754 0.160388 0.0221515 -0.0101087 -0.126516 1.40918 -0.405982
seq-04/frame-000382.color.png 0.985677 0.167116 0.021893 -0.00574844 -0.129683 1.43667 -0.387416
seq-04/frame-000383.color.png 0.986806 0.160316 0.0219486 -0.00559633 -0.128606 1.40894 -0.409493
seq-04/frame-000384.color.png 0.985143 0.169901 0.0250501 0.00056982 -0.151137 1.44798 -0.37872
seq-04/frame-000385.color.png 0.985549 0.167648 0.0242373 -0.00044408 -0.128177 1.42468 -0.396259
seq-04/frame-000386.color.png 0.985451 0.167886 0.0263533 -0.00246499 -0.128758 1.42204 -0.393745
seq-04/frame-000387.color.png 0.986418 0.162123 0.0261485 -0.00345261 -0.119811 1.38703 -0.409927
seq-04/frame-000388.color.png 0.98618 0.163192 0.0285562 0.00127995 -0.130124 1.39015 -0.407014
seq-04/frame-000389.color.png 0.986634 0.160217 0.0297166 -0.00128916 -0.127635 1.37124 -0.416274
seq-04/frame-000390.color.png 0.984599 0.171708 0.0326516 0.00400813 -0.145776 1.41936 -0.385245
seq-04/frame-000391.color.png 0.98463 0.171323 0.0338666 -0.00229744 -0.136053 1.39746 -0.393932
seq-04/frame-000392.color.png 0.986343 0.162723 0.0254847 0.000127101 -0.0941875 1.35846 -0.43689
seq-04/frame-000393.color.png 0.985218 0.168466 0.0310381 -0.000856825 -0.121926 1.37621 -0.411921
seq-04/frame-000394.color.png 0.984856 0.169488 0.0362113 -0.00459747 -0.144218 1.36893 -0.401835
seq-04/frame-000395.color.png 0.98032 0.194459 0.0339935 -0.00184367 -0.137082 1.46999 -0.348271
seq-04/frame-000396.color.png 0.983205 0.179885 0.0306352 -0.00339384 -0.119052 1.38904 -0.38654
seq-04/frame-000397.color.png 0.981349 0.18982 0.0303501 -0.000986817 -0.115583 1.42236 -0.369491
seq-04/frame-000398.color.png 0.978003 0.204684 0.0398431 -0.00528379 -0.152991 1.47273 -0.324367
seq-04/frame-000399.color.png 0.981289 0.18941 0.0343292 -0.00417298 -0.126686 1.4058 -0.368508
seq-04/frame-000400.color.png 0.981325 0.189317 0.0339531 -0.00273785 -0.123624 1.39664 -0.380909
seq-04/frame-000401.color.png 0.980749 0.191846 0.036137 -0.00449148 -0.138552 1.40152 -0.364469
seq-04/frame-000402.color.png 0.98069 0.192634 0.0336117 -0.00314149 -0.129288 1.39547 -0.369533
seq-04/frame-000403.color.png 0.981626 0.187622 0.0343056 -0.00566283 -0.129145 1.37279 -0.387368
seq-04/frame-000404.color.png 0.980881 0.192763 0.0264332 -0.00401896 -0.0990023 1.38621 -0.391367
seq-04/frame-000405.color.png 0.980635 0.194088 0.0258006 -0.0044819 -0.0995225 1.38722 -0.383061
seq-04/frame-000406.color.png 0.979633 0.198718 0.0284458 -0.00460285 -0.116941 1.40557 -0.375296
seq-04/frame-000407.color.png 0.979556 0.198829 0.0300346 -0.00588894 -0.12822 1.40574 -0.373567
seq-04/frame-000408.color.png 0.980921 0.19244 0.0266676 -0.00699753 -0.110369 1.37896 -0.395911
seq-04/frame-000409.color.png 0.980259 0.195407 0.0289368 -0.00849113 -0.120982 1.38475 -0.386295
seq-04/frame-000410.color.png 0.980163 0.196251 0.0268065 -0.00687418 -0.112297 1.38751 -0.391474
seq-04/frame-000411.color.png 0.980629 0.194901 0.0180508 -0.0073492 -0.0704145 1.37131 -0.402789
seq-04/frame-000412.color.png 0.980079 0.197126 0.0231628 -0.00704178 -0.0929149 1.38289 -0.407045
seq-04/frame-000413.color.png 0.98012 0.196285 0.0271552 -0.0100101 -0.110189 1.37836 -0.39725
seq-04/frame-000414.color.png 0.979641 0.19954 0.0203535 -0.00859077 -0.0780724 1.38596 -0.394048
seq-04/frame-000415.color.png 0.980099 0.196839 0.0234411 -0.0105146 -0.0852525 1.37637 -0.412714
seq-04/frame-000416.color.png 0.979985 0.19683 0.0276319 -0.0111681 -0.104015 1.37656 -0.406541
seq-04/frame-000417.color.png 0.979197 0.200785 0.0259335 -0.0136258 -0.090215 1.38691 -0.397408
seq-04/frame-000418.color.png 0.979213 0.200209 0.0294004 -0.0139567 -0.108433 1.38642 -0.406801
seq-04/frame-000419.color.png 0.978504 0.203407 0.0305128 -0.014953 -0.11529 1.40155 -0.400746
seq-04/frame-000420.color.png 0.978857 0.20269 0.0239346 -0.013507 -0.08487 1.39051 -0.408541
seq-04/frame-000421.color.png 0.978778 0.201857 0.031384 -0.016179 -0.115416 1.38799 -0.41322
seq-04/frame-000422.color.png 0.979135 0.200677 0.0279159 -0.0156168 -0.10013 1.38673 -0.418817
seq-04/frame-000423.color.png 0.978934 0.202006 0.0269294 -0.0125188 -0.105392 1.38538 -0.41402
seq-04/frame-000424.color.png 0.979132 0.200837 0.027523 -0.0144026 -0.107432 1.37713 -0.426278
seq-04/frame-000425.color.png 0.978328 0.204211 0.0311994 -0.0141274 -0.128691 1.38981 -0.417184
seq-04/frame-000426.color.png 0.977622 0.207745 0.0297193 -0.0146113 -0.1207 1.39776 -0.405412
seq-04/frame-000427.color.png 0.977967 0.206365 0.0275132 -0.0153727 -0.115467 1.38052 -0.412002
seq-04/frame-000428.color.png 0.978197 0.205695 0.0252701 -0.0134603 -0.108002 1.37317 -0.42244
seq-04/frame-000429.color.png 0.977287 0.209576 0.0274574 -0.0152861 -0.111517 1.38696 -0.412096
seq-04/frame-000430.color.png 0.976898 0.211528 0.0273664 -0.013295 -0.111072 1.39214 -0.405121
seq-04/frame-000431.color.png 0.977368 0.209356 0.0261093 -0.0154957 -0.10405 1.38265 -0.414552
seq-04/frame-000432.color.png 0.976756 0.212016 0.0280719 -0.0144565 -0.11001 1.38687 -0.41433
seq-04/frame-000433.color.png 0.974868 0.220353 0.0287452 -0.0158144 -0.115596 1.41147 -0.387607
seq-04/frame-000434.color.png 0.976118 0.215131 0.027004 -0.013569 -0.117628 1.38729 -0.412194
seq-04/frame-000435.color.png 0.975575 0.218063 0.0219867 -0.0147555 -0.0936361 1.39503 -0.40412
seq-04/frame-000436.color.png 0.976629 0.21359 0.0200597 -0.0131562 -0.0869712 1.36582 -0.41863
seq-04/frame-000437.color.png 0.974926 0.221028 0.0216413 -0.014068 -0.0890962 1.38839 -0.399021
seq-04/frame-000438.color.png 0.975253 0.219365 0.0222661 -0.0162528 -0.0907643 1.37961 -0.409944
seq-04/frame-000439.color.png 0.975607 0.217511 0.0241402 -0.0172534 -0.0939596 1.36533 -0.419326
seq-04/frame-000440.color.png 0.973098 0.227894 0.0286966 -0.0178929 -0.113971 1.39412 -0.390861
seq-04/frame-000441.color.png 0.973324 0.227389 0.0245982 -0.0181362 -0.0930928 1.38615 -0.4009
seq-04/frame-000442.color.png 0.973269 0.22673 0.0304688 -0.0203241 -0.116352 1.38574 -0.398469
seq-04/frame-000443.color.png 0.973458 0.22678 0.0253779 -0.0175313 -0.0949585 1.37809 -0.405903
seq-04/frame-000444.color.png 0.972321 0.230826 0.0311898 -0.0184189 -0.118648 1.38943 -0.387815
seq-04/frame-000445.color.png 0.972626 0.229037 0.0327057 -0.021694 -0.122596 1.38253 -0.399538
seq-04/frame-000446.color.png 0.973236 0.227898 0.0225736 -0.0190812 -0.0788831 1.3691 -0.403456
seq-04/frame-000447.color.png 0.971577 0.234185 0.0286517 -0.019361 -0.108854 1.38983 -0.389751
seq-04/frame-000448.color.png 0.971882 0.233456 0.0235275 -0.0197598 -0.0905238 1.38651 -0.39655
seq-04/frame-000449.color.png 0.971867 0.233709 0.0213224 -0.0199992 -0.0840921 1.38709 -0.401308
seq-04/frame-000450.color.png 0.970882 0.237014 0.026759 -0.0222631 -0.104815 1.39315 -0.384567
seq-04/frame-000451.color.png 0.970661 0.238248 0.024652 -0.0211444 -0.105463 1.39567 -0.393048
seq-04/frame-000452.color.png 0.971424 0.235904 0.0167726 -0.02008 -0.0738356 1.38504 -0.406179
seq-04/frame-000453.color.png 0.971349 0.235829 0.0214581 -0.020109 -0.0985117 1.38156 -0.404986
seq-04/frame-000454.color.png 0.970808 0.238187 0.0182545 -0.0215851 -0.081142 1.38686 -0.403809
seq-04/frame-000455.color.png 0.971046 0.237388 0.015971 -0.0214659 -0.070107 1.3856 -0.409881
seq-04/frame-000456.color.png 0.971557 0.235424 0.0151255 -0.0205697 -0.0650583 1.37773 -0.4158
seq-04/frame-000457.color.png 0.970339 0.240056 0.019715 -0.0206357 -0.0839696 1.39179 -0.400689
seq-04/frame-000458.color.png 0.970014 0.240644 0.0261851 -0.0218665 -0.115286 1.38755 -0.401399
seq-04/frame-000459.color.png 0.970309 0.240021 0.0198128 -0.0222974 -0.0868407 1.38537 -0.408536
seq-04/frame-000460.color.png 0.970206 0.240517 0.0183144 -0.0227437 -0.0802813 1.37974 -0.408754
seq-04/frame-000461.color.png 0.969718 0.24224 0.0211813 -0.0227541 -0.0968333 1.3773 -0.408474
seq-04/frame-000462.color.png 0.970587 0.238595 0.0221091 -0.02334 -0.103273 1.36369 -0.431098
seq-04/frame-000463.color.png 0.970266 0.239729 0.0226925 -0.0244858 -0.0997961 1.37039 -0.421852
seq-04/frame-000464.color.png 0.970183 0.240626 0.0172563 -0.0233604 -0.0754557 1.36432 -0.422001
seq-04/frame-000465.color.png 0.969037 0.244859 0.0190966 -0.0254124 -0.0795344 1.37442 -0.409959
seq-04/frame-000466.color.png 0.968407 0.247244 0.0193559 -0.0261569 -0.0784609 1.38425 -0.411001
seq-04/frame-000467.color.png 0.968747 0.245683 0.023016 -0.0252735 -0.0977618 1.37847 -0.420856
seq-04/frame-000468.color.png 0.968986 0.244661 0.0228391 -0.0261617 -0.0980113 1.36669 -0.424807
seq-04/frame-000469.color.png 0.969569 0.242471 0.023024 -0.0247575 -0.104387 1.35685 -0.43715
seq-04/frame-000470.color.png 0.969522 0.243014 0.0183017 -0.025242 -0.0804899 1.35887 -0.433452
seq-04/frame-000471.color.png 0.96934 0.243288 0.0226226 -0.0260542 -0.103607 1.35857 -0.437548
seq-04/frame-000472.color.png 0.969054 0.244571 0.0216064 -0.0255513 -0.103318 1.3611 -0.442193
seq-04/frame-000473.color.png 0.969689 0.241842 0.0222986 -0.0268175 -0.107928 1.35167 -0.452587
seq-04/frame-000474.color.png 0.968009 0.249045 0.014598 -0.0268594 -0.0726628 1.38144 -0.429109
seq-04/frame-000475.color.png 0.96865 0.24649 0.0171252 -0.0258061 -0.0902598 1.36688 -0.440907
seq-04/frame-000476.color.png 0.96812 0.248751 0.0134839 -0.0261662 -0.0720028 1.37566 -0.433743
seq-04/frame-000477.color.png 0.967815 0.24998 0.011784 -0.0265404 -0.0639426 1.37922 -0.430101
seq-04/frame-000478.color.png 0.96823 0.248193 0.0123434 -0.0279037 -0.0644035 1.36749 -0.438875
seq-04/frame-000479.color.png 0.967267 0.252027 0.0127176 -0.0267456 -0.06915 1.37252 -0.427119
seq-04/frame-000480.color.png 0.966431 0.254982 0.0115866 -0.0293533 -0.0642288 1.38443 -0.429806
seq-04/frame-000481.color.png 0.967752 0.250367 0.00672401 -0.0269697 -0.0460888 1.36287 -0.446619
seq-04/frame-000482.color.png 0.967008 0.252729 0.012194 -0.0295801 -0.0641398 1.36748 -0.440246
seq-04/frame-000483.color.png 0.967522 0.25062 0.0140534 -0.0299013 -0.0738799 1.36069 -0.450555
seq-04/frame-000484.color.png 0.967037 0.25217 0.0156497 -0.0316939 -0.0764046 1.36424 -0.448978
seq-04/frame-000485.color.png 0.966027 0.255896 0.0124213 -0.0339958 -0.0478766 1.37016 -0.438229
seq-04/frame-000486.color.png 0.964997 0.259942 0.012904 -0.0323137 -0.0559172 1.37996 -0.430545
seq-04/frame-000487.color.png 0.965783 0.256688 0.016679 -0.0331132 -0.074725 1.3701 -0.446632
seq-04/frame-000488.color.png 0.965192 0.25915 0.0159922 -0.0314604 -0.0726685 1.37362 -0.440457
seq-04/frame-000489.color.png 0.965044 0.259587 0.0167044 -0.0320258 -0.0754085 1.37383 -0.441364
seq-04/frame-000490.color.png 0.965808 0.256996 0.0140064 -0.0311866 -0.0688655 1.3652 -0.458373
seq-04/frame-000491.color.png 0.968495 0.247267 0.0133115 -0.026433 -0.0847205 1.31412 -0.497695
seq-04/frame-000492.color.png 0.9643 0.263036 0.0100062 -0.0289323 -0.0667453 1.36873 -0.448775
seq-04/frame-000493.color.png 0.964682 0.261579 0.0109139 -0.0290711 -0.0772187 1.36013 -0.454733
seq-04/frame-000494.color.png 0.965287 0.259308 0.00875647 -0.030078 -0.0638847 1.34551 -0.460771
seq-04/frame-000495.color.png 0.963412 0.266324 0.00876215 -0.028838 -0.0702931 1.36435 -0.443491
seq-04/frame-000496.color.png 0.964915 0.260657 0.00804872 -0.0305191 -0.064648 1.34544 -0.472483
seq-04/frame-000497.color.png 0.964803 0.260617 0.010391 -0.0335576 -0.0670266 1.34327 -0.469697
seq-04/frame-000498.color.png 0.963831 0.264562 0.00945837 -0.0307749 -0.0706398 1.35347 -0.462173
seq-04/frame-000499.color.png 0.961703 0.272422 0.0039148 -0.0299564 -0.0435809 1.3796 -0.429912
