seq-04/frame-000407.color.png 0.980593 0.194953 0.0203661 -0.00397601 -0.0847453 1.38999 -0.379417
seq-01/frame-000012.color.png 0.961766 0.202218 -0.14332 -0.116502 1.44223 0.0436183 0.620425
seq-01/frame-000023.color.png 0.958522 0.20788 -0.153312 -0.12049 1.42115 0.0236746 0.64861
seq-04/frame-000396.color.png 0.984151 0.175978 0.0218824 0.000144072 -0.0836239 1.37285 -0.389542
seq-04/frame-000145.color.png 0.984465 0.0451013 0.16547 0.0376016 -0.322176 1.05038 -0.0278563
seq-04/frame-000156.color.png 0.972281 0.0554295 0.220899 0.0529185 -0.323946 1.08167 0.0398747
seq-04/frame-000167.color.png 0.957541 0.0465485 0.278084 0.0601505 -0.368626 1.07783 0.0722325
seq-04/frame-000301.color.png 0.984129 0.168604 -0.0512885 -0.0208026 0.110844 1.33273 -0.129143
seq-04/frame-000418.color.png 0.979258 0.201057 0.0218965 -0.0122617 -0.0748116 1.38788 -0.394865
seq-01/frame-000254.color.png 0.983084 0.0898381 -0.124359 -0.100046 0.319981 0.631198 -0.122656
seq-01/frame-000265.color.png 0.984901 0.0741838 -0.12253 -0.097232 0.326813 0.622896 -0.211167
seq-04/frame-000050.color.png 0.971371 0.181082 -0.152917 -0.0162735 0.188149 1.12284 0.268796
seq-01/frame-000399.color.png 0.981437 0.113882 -0.127054 -0.0875813 0.644079 1.75448 -1.08547
seq-01/frame-000410.color.png 0.982709 0.0931869 -0.135371 -0.0852911 0.665263 1.7088 -1.16733
seq-01/frame-000148.color.png 0.951732 0.183697 -0.184931 -0.162054 0.672751 0.424919 0.322844
seq-04/frame-000475.color.png 0.968497 0.247519 0.00943009 -0.0256837 -0.0519868 1.36972 -0.430217
seq-04/frame-000224.color.png 0.932114 0.236343 0.269935 0.0494044 -0.237155 1.04888 0.434574
seq-04/frame-000358.color.png 0.989527 0.14394 -0.00852669 -0.00665722 -0.0813454 1.43957 -0.421909
seq-04/frame-000369.color.png 0.98799 0.154178 -0.00665091 -0.00776258 -0.0719819 1.42325 -0.420115
seq-04/frame-000380.color.png 0.988044 0.15397 0.00685732 -0.00382107 -0.0728412 1.39143 -0.419063
seq-04/frame-000107.color.png 0.989421 0.126441 -0.0699556 -0.0128462 0.0299153 1.24899 -0.049111
seq-01/frame-000467.color.png 0.990462 0.0494731 -0.104993 -0.0742498 0.65964 1.92876 -1.63142
seq-01/frame-000478.color.png 0.99248 0.0396337 -0.0987652 -0.060483 0.602239 1.94589 -1.69605
seq-04/frame-000118.color.png 0.992068 0.124363 -0.0175658 -0.00516804 -0.074454 1.26079 -0.0379204
seq-04/frame-000263.color.png 0.973079 0.217736 0.0739595 -0.0154625 -0.0634834 1.26772 0.139409
seq-01/frame-000216.color.png 0.974146 0.137165 -0.131688 -0.122 0.479217 0.742101 -0.0621446
seq-01/frame-000227.color.png 0.97616 0.133063 -0.124204 -0.118237 0.45832 0.807157 -0.0766727
seq-01/frame-000361.color.png 0.989053 0.0801923 -0.095231 -0.079211 0.389523 1.45243 -0.999335
seq-01/frame-000110.color.png 0.86242 0.142475 -0.428759 -0.228252 0.658412 0.0430536 0.867408
seq-04/frame-000437.color.png 0.975217 0.219973 0.0184061 -0.0149759 -0.075205 1.3836 -0.398872
seq-01/frame-000042.color.png 0.942807 0.190264 -0.230004 -0.148369 1.25911 -0.0621565 0.792078
seq-04/frame-000175.color.png 0.946467 0.0587509 0.309568 0.0701124 -0.362755 1.05935 0.150854
seq-04/frame-000186.color.png 0.925035 0.104356 0.359185 0.0663798 -0.365435 1.09904 0.2604
seq-04/frame-000320.color.png 0.988632 0.148355 0.00179248 -0.0243674 0.0125044 1.36353 -0.248079
seq-04/frame-000331.color.png 0.98893 0.146642 -0.0190925 -0.0122421 -0.0648409 1.40333 -0.312428
seq-01/frame-000284.color.png 0.97308 0.115362 -0.175056 -0.0957177 0.446474 0.609191 -0.0729838
seq-01/frame-000295.color.png 0.978586 0.129057 -0.130056 -0.0938018 0.441021 1.51002 -0.556455
seq-04/frame-000069.color.png 0.970639 0.178194 -0.160009 -0.0224684 0.211769 1.19292 0.143979
seq-01/frame-000418.color.png 0.984419 0.0853314 -0.127591 -0.0857765 0.642809 1.72821 -1.23698
seq-01/frame-000429.color.png 0.983085 0.0898477 -0.133686 -0.0871761 0.656575 1.80752 -1.27583
seq-01/frame-000440.color.png 0.985144 0.0854821 -0.114253 -0.0955483 0.6214 1.87611 -1.32325
seq-04/frame-000080.color.png 0.970767 0.174755 -0.161775 -0.0300293 0.277128 1.50637 -0.0255302
seq-01/frame-000167.color.png 0.963729 0.159491 -0.173797 -0.124834 0.619449 0.516987 0.146334
seq-01/frame-000178.color.png 0.958119 0.172083 -0.190326 -0.127169 0.640746 0.594985 0.124238
seq-01/frame-000189.color.png 0.958741 0.16651 -0.187909 -0.133339 0.638747 0.633014 0.0698177
seq-01/frame-000323.color.png 0.984113 0.0911793 -0.124809 -0.0873574 0.623542 1.74951 -1.00807
seq-01/frame-000072.color.png 0.882696 0.16919 -0.389495 -0.201287 0.907129 -0.152281 1.07599
seq-04/frame-000254.color.png 0.964018 0.249546 0.0909554 -0.0111102 -0.0800704 1.20122 0.256251
seq-04/frame-000388.color.png 0.986079 0.16481 0.0220406 0.000845673 -0.0993125 1.39468 -0.39703
seq-04/frame-000399.color.png 0.982697 0.18341 0.0257705 -0.0017106 -0.0911069 1.37801 -0.380437
seq-04/frame-000137.color.png 0.987647 0.0650943 0.138581 0.0333364 -0.257338 0.863579 0.127594
seq-01/frame-000497.color.png 0.993972 -0.0241359 -0.0943876 -0.0502769 0.51625 1.70874 -1.90577
seq-04/frame-000148.color.png 0.982872 0.0486045 0.171419 0.0470637 -0.306874 1.05756 -0.00970838
seq-04/frame-000282.color.png 0.982788 0.180565 -0.0255878 -0.0294796 0.0545999 1.30704 -0.0344689
seq-04/frame-000293.color.png 0.982853 0.170897 -0.0654355 -0.0226492 0.100127 1.31809 -0.0930402
seq-01/frame-000246.color.png 0.978645 0.104175 -0.136227 -0.11333 0.481947 0.870206 -0.19023
seq-04/frame-000031.color.png 0.971754 0.187869 -0.139814 -0.0291688 0.29464 1.07829 0.440067
seq-01/frame-000380.color.png 0.986935 0.0846376 -0.115035 -0.074585 0.463238 1.53335 -1.10866
seq-01/frame-000391.color.png 0.984732 0.0973135 -0.123162 -0.0752612 0.601691 1.65386 -1.11975
seq-01/frame-000402.color.png 0.981344 0.106235 -0.133318 -0.0889087 0.664379 1.73274 -1.10821
seq-04/frame-000042.color.png 0.971567 0.181054 -0.150841 -0.0229139 0.238705 1.09265 0.328877
seq-01/frame-000129.color.png 0.915784 0.169942 -0.301946 -0.203193 0.755817 0.285706 0.513724
seq-01/frame-000140.color.png 0.940819 0.183956 -0.219137 -0.181657 0.698873 0.402186 0.381973
seq-01/frame-000151.color.png 0.955653 0.182253 -0.174228 -0.152169 0.659829 0.441215 0.287724
seq-01/frame-000285.color.png 0.972893 0.147761 -0.144734 -0.103433 0.518605 1.50527 -0.385611
seq-04/frame-000350.color.png 0.991872 0.127238 0.000115212 0.000264533 -0.125987 1.41839 -0.422622
seq-04/frame-000361.color.png 0.989371 0.144791 0.000287718 -0.0134129 -0.0792901 1.43482 -0.430321
seq-04/frame-000495.color.png 0.96262 0.269379 4.24403e-05 -0.0282295 -0.0278257 1.37473 -0.429337
seq-04/frame-000099.color.png 0.987282 0.126759 -0.0919562 -0.0274107 0.137744 1.22828 -0.0500927
seq-01/frame-000459.color.png 0.989492 0.0627565 -0.101453 -0.0817032 0.598903 1.91951 -1.54398
seq-04/frame-000110.color.png 0.990369 0.125134 -0.0583826 -0.0101228 0.00728345 1.25194 -0.0484829
seq-04/frame-000244.color.png 0.95415 0.253885 0.158508 0.00394747 -0.138208 1.14268 0.329647
seq-04/frame-000255.color.png 0.965414 0.246753 0.0834041 -0.0115285 -0.0734154 1.21908 0.24228
seq-01/frame-000208.color.png 0.97318 0.13281 -0.143109 -0.121662 0.49649 0.686121 -0.0614559
seq-01/frame-000364.color.png 0.989222 0.0709863 -0.102432 -0.0768717 0.402134 1.42736 -1.02479
seq-01/frame-000342.color.png 0.985982 0.081491 -0.126132 -0.0727234 0.47436 1.31024 -0.844936
seq-01/frame-000353.color.png 0.987103 0.0683856 -0.130199 -0.0632366 0.441817 1.33471 -0.991918
seq-01/frame-000091.color.png 0.870827 0.136513 -0.418898 -0.218058 0.722242 -0.058287 1.03011
seq-01/frame-000102.color.png 0.862607 0.128402 -0.432741 -0.228381 0.6587 -0.0247118 0.988863
seq-04/frame-000312.color.png 0.987139 0.157337 -0.00778533 -0.0272247 0.0761793 1.34165 -0.18883
seq-04/frame-000323.color.png 0.989681 0.141886 -0.00107777 -0.0199865 -0.011781 1.37379 -0.281164
seq-04/frame-000061.color.png 0.969904 0.187835 -0.153979 -0.0171878 0.184197 1.16012 0.203695
seq-01/frame-000421.color.png 0.984824 0.0821975 -0.127487 -0.0843373 0.63056 1.74035 -1.26146
seq-01/frame-000025.color.png 0.956832 0.210039 -0.160185 -0.121233 1.41232 0.0189381 0.665098
seq-04/frame-000072.color.png 0.970645 0.176464 -0.161465 -0.02524 0.212594 1.204 0.120532
seq-04/frame-000206.color.png 0.916147 0.189613 0.346926 0.0660668 -0.306116 1.0701 0.420257
seq-01/frame-000159.color.png 0.960892 0.170943 -0.171947 -0.133789 0.633308 0.487711 0.220481
seq-01/frame-000170.color.png 0.964896 0.153567 -0.174426 -0.122344 0.613881 0.514701 0.114901
seq-01/frame-000304.color.png 0.984829 0.102405 -0.114013 -0.0814019 0.421889 1.46241 -0.709958
seq-01/frame-000315.color.png 0.986311 0.0941339 -0.112187 -0.075785 0.401972 1.22448 -0.640275
seq-01/frame-000053.color.png 0.923252 0.191211 -0.28948 -0.165062 1.17849 -0.0670083 0.937244
seq-01/frame-000064.color.png 0.896083 0.177197 -0.362321 -0.185363 0.998812 -0.146551 1.05559
seq-04/frame-000129.color.png 0.995973 0.0467207 0.0745568 0.0171905 -0.206194 0.983407 -0.112617
seq-04/frame-000274.color.png 0.983194 0.178579 0.0283468 -0.0252011 -0.00573663 1.26346 -0.00199148
seq-04/frame-000285.color.png 0.983031 0.177566 -0.0372466 -0.0270946 0.0678127 1.31174 -0.0540819
seq-04/frame-000012.color.png 0.975941 0.174201 -0.130489 -0.0128557 0.259609 0.981806 0.536964
seq-01/frame-000372.color.png 0.987037 0.0756326 -0.120993 -0.0734705 0.43906 1.47386 -1.04936
seq-01/frame-000383.color.png 0.987341 0.0870543 -0.108045 -0.0768522 0.478596 1.57298 -1.12361
seq-04/frame-000023.color.png 0.974984 0.169521 -0.141914 -0.0230269 0.31054 1.01953 0.457788
seq-04/frame-000034.color.png 0.972767 0.178696 -0.145583 -0.0244294 0.286181 1.04938 0.39221
seq-01/frame-000121.color.png 0.888124 0.149729 -0.368199 -0.230753 0.751748 0.171279 0.651412
seq-01/frame-000132.color.png 0.925345 0.172027 -0.274709 -0.196666 0.744404 0.326957 0.464147
seq-01/frame-000277.color.png 0.986433 0.0491889 -0.132706 -0.0831873 0.335963 0.573708 -0.323611
seq-01/frame-000266.color.png 0.984932 0.0727894 -0.125083 -0.0946797 0.33425 0.625032 -0.224003
seq-04/frame-000410.color.png 0.980412 0.19589 0.0195244 -0.00613882 -0.0808172 1.38591 -0.386508
seq-01/frame-000015.color.png 0.960596 0.207337 -0.14359 -0.116825 1.43906 0.0524739 0.634192
seq-01/frame-000026.color.png 0.955963 0.213173 -0.160992 -0.12155 1.40508 0.0252271 0.673162
seq-04/frame-000342.color.png 0.991227 0.13151 -0.0118122 -0.00593286 -0.103569 1.41574 -0.379902
seq-04/frame-000091.color.png 0.980846 0.142125 -0.130124 -0.0284372 0.216417 1.22395 -0.00626311
seq-04/frame-000225.color.png 0.933874 0.239479 0.261637 0.0455598 -0.231179 1.05896 0.427495
seq-04/frame-000236.color.png 0.945622 0.242498 0.215821 0.0203982 -0.200958 1.07899 0.374602
seq-04/frame-000247.color.png 0.958794 0.251817 0.131537 -0.000862199 -0.120667 1.16346 0.302373
seq-01/frame-000334.color.png 0.972425 0.104688 -0.192181 -0.0806034 0.54539 0.645237 -0.185617
seq-01/frame-000345.color.png 0.986183 0.0762612 -0.122455 -0.0814421 0.484539 1.31765 -0.885578
seq-04/frame-000467.color.png 0.968839 0.246025 0.0137303 -0.0251735 -0.0536297 1.37485 -0.410802
seq-01/frame-000083.color.png 0.878254 0.156678 -0.401491 -0.207187 0.822894 -0.103189 1.03849
seq-01/frame-000094.color.png 0.866332 0.131602 -0.426604 -0.223961 0.694218 -0.0410657 1.02415
seq-04/frame-000478.color.png 0.96822 0.248409 0.00796269 -0.0279117 -0.0427562 1.36684 -0.434966
seq-04/frame-000372.color.png 0.987886 0.154841 -0.00568609 -0.00853115 -0.0647634 1.41711 -0.418619
seq-04/frame-000121.color.png 0.99225 0.124226 0.00186252 -0.00208464 -0.106008 1.26546 -0.032372
seq-01/frame-000470.color.png 0.990578 0.0485708 -0.106622 -0.0709078 0.668782 1.94208 -1.64486
seq-01/frame-000481.color.png 0.992969 0.0255659 -0.0991051 -0.0594754 0.609268 1.89288 -1.74072
seq-01/frame-000219.color.png 0.975217 0.131778 -0.130019 -0.121165 0.456545 0.743433 -0.0752425
seq-04/frame-000304.color.png 0.98579 0.162223 -0.0369105 -0.0232223 0.109164 1.32445 -0.154096
seq-04/frame-000053.color.png 0.970826 0.182076 -0.155394 -0.0140425 0.188676 1.13204 0.244843
seq-04/frame-000209.color.png 0.919007 0.198157 0.334338 0.0661669 -0.300537 1.06413 0.430656
seq-01/frame-000307.color.png 0.986193 0.0926564 -0.116168 -0.0730997 0.379231 1.19715 -0.581003
seq-04/frame-000429.color.png 0.977667 0.20883 0.0194125 -0.0134666 -0.0761474 1.38351 -0.408122
seq-01/frame-000034.color.png 0.948067 0.210062 -0.193809 -0.139573 1.33294 -0.0231328 0.744275
seq-01/frame-000045.color.png 0.932915 0.207284 -0.249297 -0.156693 1.26879 0.00104917 0.886851
seq-01/frame-000056.color.png 0.915309 0.195743 -0.30637 -0.173295 1.13536 -0.0635595 0.978368
seq-04/frame-000178.color.png 0.942736 0.0751417 0.31766 0.0685145 -0.355991 1.07342 0.186109
seq-04/frame-000440.color.png 0.974177 0.224305 0.0188867 -0.0176169 -0.0664418 1.37853 -0.394068
seq-04/frame-000451.color.png 0.971439 0.235892 0.0159702 -0.0201304 -0.0649423 1.38434 -0.393009
seq-04/frame-000334.color.png 0.989057 0.144752 -0.0272963 -0.00822694 -0.0661168 1.40654 -0.324066
seq-01/frame-000432.color.png 0.98171 0.0982874 -0.134645 -0.091951 0.684119 1.86889 -1.25071
seq-01/frame-000181.color.png 0.956973 0.169614 -0.195354 -0.131415 0.662177 0.603827 0.114266
seq-04/frame-000266.color.png 0.976044 0.204175 0.0733773 -0.0163139 -0.0579495 1.27154 0.098029
seq-04/frame-000004.color.png 0.977901 0.175914 -0.112744 -0.00724913 0.207081 0.964814 0.604356
seq-04/frame-000015.color.png 0.976545 0.170514 -0.130609 -0.0150526 0.281265 0.99731 0.513761
seq-01/frame-000113.color.png 0.86807 0.140031 -0.420363 -0.22392 0.675397 0.0864329 0.804924
seq-04/frame-000391.color.png 0.985283 0.169099 0.0249517 0.00122228 -0.101182 1.388 -0.395204
seq-01/frame-000007.color.png 0.961948 0.202491 -0.143252 -0.1146 1.44315 0.0513977 0.630187
seq-01/frame-000018.color.png 0.961031 0.202118 -0.14758 -0.117421 1.43366 0.0315118 0.625089
seq-04/frame-000402.color.png 0.98161 0.189156 0.025654 -0.00174898 -0.0934168 1.38083 -0.375602
seq-04/frame-000140.color.png 0.986531 0.0601832 0.147759 0.0360861 -0.257407 0.857629 0.137576
seq-01/frame-000489.color.png 0.994198 -8.15683e-05 -0.0926477 -0.0546598 0.534887 1.80991 -1.83802
seq-04/frame-000151.color.png 0.979728 0.0441013 0.188226 0.0525246 -0.313049 1.04055 0.000458436
seq-01/frame-000238.color.png 0.978122 0.120289 -0.125686 -0.114066 0.455634 0.858542 -0.123266
seq-01/frame-000249.color.png 0.978928 0.100921 -0.139439 -0.109873 0.499526 0.874916 -0.209954
seq-01/frame-000260.color.png 0.984297 0.0780462 -0.124662 -0.0976113 0.319264 0.624905 -0.178119
seq-01/frame-000394.color.png 0.983124 0.111263 -0.125526 -0.0730153 0.599598 1.72946 -1.08596
seq-01/frame-000143.color.png 0.944845 0.188855 -0.201695 -0.175841 0.68426 0.423985 0.367018
seq-04/frame-000459.color.png 0.970001 0.24182 0.011279 -0.0222181 -0.0443301 1.39033 -0.396821
seq-01/frame-000075.color.png 0.879512 0.169049 -0.39464 -0.205279 0.879476 -0.148789 1.06438
seq-04/frame-000470.color.png 0.968179 0.248618 0.0129168 -0.0255129 -0.0550524 1.38071 -0.413944
seq-04/frame-000208.color.png 0.918403 0.194558 0.337967 0.0667934 -0.302825 1.06134 0.429644
seq-04/frame-000219.color.png 0.926836 0.234162 0.288846 0.0520622 -0.243588 1.05202 0.447694
seq-04/frame-000353.color.png 0.991706 0.128414 -0.000541714 -0.00531508 -0.108198 1.42 -0.436819
seq-04/frame-000364.color.png 0.98966 0.142804 0.00112295 -0.0133954 -0.0780517 1.41509 -0.44326
seq-04/frame-000102.color.png 0.988005 0.123382 -0.0894912 -0.024776 0.114932 1.23061 -0.0548383
seq-01/frame-000451.color.png 0.988789 0.067625 -0.105461 -0.0812509 0.580278 1.88001 -1.44007
seq-01/frame-000462.color.png 0.989595 0.0544907 -0.104832 -0.0821082 0.650197 1.8999 -1.58535
seq-01/frame-000473.color.png 0.991315 0.0489991 -0.103635 -0.0644438 0.642121 1.96199 -1.65525
seq-04/frame-000113.color.png 0.991051 0.125443 -0.0447924 -0.00864275 -0.0286099 1.26103 -0.0454971
seq-01/frame-000200.color.png 0.966391 0.158221 -0.159178 -0.125365 0.557641 0.71363 -0.00378616
seq-01/frame-000211.color.png 0.974024 0.132068 -0.143425 -0.115169 0.511814 0.705902 -0.0628061
seq-01/frame-000222.color.png 0.976001 0.128452 -0.133854 -0.114042 0.472078 0.758825 -0.0786961
seq-01/frame-000356.color.png 0.988006 0.0785006 -0.120036 -0.0572191 0.40821 1.40436 -0.98736
seq-04/frame-000421.color.png 0.979028 0.202214 0.0211251 -0.0129772 -0.0726646 1.38692 -0.403842
seq-01/frame-000037.color.png 0.947421 0.200076 -0.205303 -0.142176 1.30865 -0.0534036 0.754258
seq-04/frame-000432.color.png 0.97756 0.209461 0.0176696 -0.0137818 -0.0650781 1.37642 -0.413419
seq-04/frame-000170.color.png 0.953025 0.0463616 0.292861 0.061857 -0.372869 1.07594 0.0821062
seq-04/frame-000181.color.png 0.932531 0.100263 0.340535 0.0661021 -0.357438 1.10401 0.240458
seq-04/frame-000315.color.png 0.98762 0.154292 0.00702836 -0.0274081 0.0286067 1.34044 -0.210335
seq-04/frame-000326.color.png 0.989788 0.14132 -0.00585743 -0.0177133 -0.0221115 1.37382 -0.297828
seq-01/frame-000279.color.png 0.974778 0.11466 -0.16308 -0.100325 0.412911 0.588969 -0.0637321
seq-04/frame-000460.color.png 0.970891 0.238061 0.0137202 -0.0225659 -0.0578917 1.37005 -0.410585
seq-04/frame-000064.color.png 0.970008 0.185008 -0.156625 -0.0180125 0.189128 1.17296 0.172474
seq-01/frame-000413.color.png 0.982729 0.0932011 -0.133941 -0.0872725 0.664813 1.72222 -1.17911
seq-01/frame-000424.color.png 0.983848 0.0849631 -0.130864 -0.0877492 0.652948 1.76021 -1.26202
seq-01/frame-000435.color.png 0.983128 0.0959606 -0.127851 -0.0889103 0.645968 1.88363 -1.27168
seq-01/frame-000162.color.png 0.96099 0.169654 -0.173538 -0.132668 0.635215 0.509303 0.212639
seq-01/frame-000173.color.png 0.962015 0.160417 -0.179725 -0.128425 0.633126 0.549256 0.118611
seq-04/frame-000383.color.png 0.987297 0.158291 0.0136623 -0.00151481 -0.0959059 1.40134 -0.409583
seq-04/frame-000394.color.png 0.984997 0.170535 0.0264506 0.000217052 -0.104635 1.37451 -0.396976
seq-04/frame-000132.color.png 0.994779 0.0444913 0.0892727 0.0215678 -0.225718 0.988755 -0.105404
seq-01/frame-000492.color.png 0.994118 -0.0132688 -0.0936914 -0.0526732 0.523928 1.75437 -1.87842
seq-04/frame-000143.color.png 0.987821 0.0296423 0.147406 0.0400296 -0.273237 0.975509 -0.0640718
seq-04/frame-000277.color.png 0.982661 0.183029 0.00121377 -0.0295895 0.0239372 1.28591 -0.0100546
seq-04/frame-000288.color.png 0.983371 0.173285 -0.0473314 -0.0267263 0.0712716 1.31368 -0.0722497
seq-01/frame-000230.color.png 0.97465 0.142419 -0.123596 -0.120409 0.460952 0.862789 -0.0564728
seq-01/frame-000241.color.png 0.978938 0.110086 -0.128603 -0.114114 0.471773 0.843182 -0.162013
seq-04/frame-000026.color.png 0.974298 0.175363 -0.139091 -0.0254042 0.318317 1.02846 0.448482
seq-01/frame-000375.color.png 0.986562 0.0797791 -0.119532 -0.0777416 0.452841 1.49128 -1.06696
seq-01/frame-000386.color.png 0.986431 0.0869748 -0.113468 -0.0807153 0.611751 1.8286 -1.29628
seq-01/frame-000124.color.png 0.897797 0.159041 -0.342632 -0.22643 0.767353 0.195283 0.598184
seq-01/frame-000135.color.png 0.931271 0.176761 -0.253001 -0.193599 0.734633 0.350319 0.436646
seq-04/frame-000200.color.png 0.91263 0.162982 0.368643 0.0681628 -0.330513 1.0858 0.394494
seq-04/frame-000345.color.png 0.991683 0.128482 -0.00729681 -0.00219963 -0.115126 1.41393 -0.40026
seq-04/frame-000356.color.png 0.9905 0.137206 -0.00657373 -0.00643451 -0.090849 1.42614 -0.43146
seq-04/frame-000479.color.png 0.967908 0.249434 0.0104741 -0.0287635 -0.0552619 1.36435 -0.435702
seq-04/frame-000083.color.png 0.973644 0.163375 -0.156388 -0.0294784 0.236255 1.21436 0.0595082
seq-01/frame-000443.color.png 0.985689 0.0840259 -0.114621 -0.0906594 0.611524 1.88666 -1.33573
seq-01/frame-000454.color.png 0.98902 0.05782 -0.10881 -0.0815884 0.616479 1.86907 -1.49835
seq-04/frame-000094.color.png 0.983512 0.136372 -0.115096 -0.0293281 0.197644 1.23004 -0.02657
seq-04/frame-000105.color.png 0.988773 0.126085 -0.0781651 -0.017909 0.0600308 1.23687 -0.0487261
seq-01/frame-000192.color.png 0.95988 0.165522 -0.182695 -0.133627 0.616256 0.659073 0.0552002
seq-01/frame-000203.color.png 0.96985 0.139044 -0.161132 -0.11872 0.55129 0.659661 -0.0331899
seq-04/frame-000239.color.png 0.951631 0.23485 0.197505 0.0153281 -0.181085 1.0603 0.342117
seq-01/frame-000337.color.png 0.983653 0.0826289 -0.137118 -0.0824531 0.527464 1.27871 -0.791634
seq-01/frame-000348.color.png 0.985675 0.0784014 -0.127696 -0.0774057 0.553496 1.56794 -1.07642
seq-01/frame-000086.color.png 0.875842 0.148499 -0.406193 -0.214141 0.785341 -0.0853236 1.03497
seq-01/frame-000097.color.png 0.867089 0.126134 -0.426738 -0.223924 0.684206 -0.0336109 1.01648
seq-01/frame-000231.color.png 0.974586 0.144925 -0.118048 -0.123463 0.448242 0.884087 -0.067786
seq-04/frame-000413.color.png 0.980038 0.197798 0.0185302 -0.00765692 -0.071393 1.38249 -0.390175
seq-04/frame-000162.color.png 0.963835 0.0522611 0.255146 0.056488 -0.350502 1.08674 0.0574249
seq-04/frame-000296.color.png 0.983255 0.168759 -0.0654886 -0.0210039 0.109378 1.31668 -0.105612
seq-04/frame-000307.color.png 0.985589 0.165248 -0.0231583 -0.027762 0.087821 1.33207 -0.154794
seq-04/frame-000318.color.png 0.987565 0.155347 0.00127045 -0.024118 0.0241325 1.35654 -0.218932
seq-04/frame-000045.color.png 0.972487 0.177655 -0.149311 -0.0203717 0.219802 1.1009 0.296453
seq-01/frame-000405.color.png 0.981507 0.111735 -0.131511 -0.0828451 0.644019 1.7701 -1.0984
seq-01/frame-000009.color.png 0.961584 0.203787 -0.14274 -0.115987 1.4414 0.0533874 0.62943
seq-01/frame-000416.color.png 0.983978 0.0896031 -0.128856 -0.0845838 0.637809 1.7271 -1.21502
seq-04/frame-000056.color.png 0.970448 0.185216 -0.153858 -0.0159046 0.194576 1.13804 0.231698
seq-01/frame-000154.color.png 0.95655 0.1811 -0.171681 -0.1508 0.66309 0.459988 0.28257
seq-01/frame-000165.color.png 0.962661 0.165341 -0.170796 -0.129519 0.615906 0.530848 0.179689
seq-04/frame-000067.color.png 0.970708 0.182488 -0.154786 -0.0215897 0.191213 1.18776 0.154149
seq-01/frame-000299.color.png 0.980968 0.122613 -0.123148 -0.0866141 0.418634 1.50808 -0.598454
seq-01/frame-000310.color.png 0.987078 0.0973955 -0.100494 -0.0780495 0.383946 1.45373 -0.770662
seq-04/frame-000190.color.png 0.918389 0.107019 0.375066 0.066595 -0.35488 1.0899 0.281595
seq-04/frame-000201.color.png 0.913096 0.1668 0.365851 0.0677245 -0.326629 1.08359 0.401508
seq-01/frame-000048.color.png 0.929725 0.202099 -0.263777 -0.158708 1.23937 -0.0151538 0.88688
seq-04/frame-000375.color.png 0.987851 0.155167 -0.000331394 -0.00861728 -0.0660536 1.41293 -0.415846
seq-04/frame-000124.color.png 0.994472 0.102376 0.0229159 0.00437134 -0.122403 1.19095 -0.0724251
seq-04/frame-000258.color.png 0.967945 0.238144 0.0785874 -0.0139514 -0.0691246 1.23426 0.209294
seq-04/frame-000269.color.png 0.979372 0.190867 0.0633478 -0.0196692 -0.0477639 1.27106 0.0482826
seq-04/frame-000007.color.png 0.977166 0.172427 -0.123931 -0.00757198 0.227724 0.973535 0.581711
seq-01/frame-000367.color.png 0.988206 0.0743419 -0.111412 -0.074224 0.416477 1.44751 -1.02007
seq-01/frame-000378.color.png 0.986748 0.0824553 -0.117328 -0.0759178 0.454774 1.51258 -1.09223
seq-04/frame-000018.color.png 0.976354 0.167773 -0.134985 -0.0190638 0.288565 1.00435 0.486535
seq-01/frame-000105.color.png 0.86224 0.137211 -0.433381 -0.223373 0.651078 0.00109914 0.94649
seq-01/frame-000116.color.png 0.873757 0.148186 -0.403909 -0.226819 0.705761 0.120793 0.742526
seq-01/frame-000127.color.png 0.90707 0.167001 -0.322963 -0.2122 0.756342 0.252702 0.548429
seq-01/frame-000261.color.png 0.983985 0.0786997 -0.125766 -0.0988095 0.326388 0.629547 -0.177486
seq-04/frame-000405.color.png 0.980794 0.193593 0.0235891 -0.00308206 -0.094666 1.38416 -0.375984
seq-01/frame-000010.color.png 0.961603 0.203191 -0.143551 -0.115873 1.44156 0.0471917 0.623374
seq-04/frame-000337.color.png 0.989642 0.141503 -0.0234302 -0.00607753 -0.0831229 1.41933 -0.344548
seq-04/frame-000086.color.png 0.976073 0.156865 -0.148062 -0.0274504 0.226265 1.22494 0.0318958
seq-04/frame-000075.color.png 0.969993 0.179052 -0.161438 -0.0315068 0.322986 1.76106 -0.120282
seq-04/frame-000220.color.png 0.92763 0.23522 0.285566 0.0512416 -0.242375 1.05286 0.445261
seq-04/frame-000231.color.png 0.942326 0.239771 0.231477 0.0308199 -0.199865 1.07002 0.39562
seq-01/frame-000184.color.png 0.95932 0.164095 -0.191608 -0.126744 0.644736 0.593597 0.0853361
seq-01/frame-000318.color.png 0.98501 0.0973151 -0.120343 -0.0761711 0.549586 1.75274 -0.960355
seq-01/frame-000329.color.png 0.982516 0.0730853 -0.148352 -0.0855144 0.565902 1.20963 -0.753006
seq-01/frame-000340.color.png 0.985014 0.0827392 -0.129842 -0.0777316 0.504642 1.30106 -0.824847
seq-04/frame-000462.color.png 0.96941 0.243876 0.0137226 -0.0241088 -0.0575257 1.38296 -0.40292
seq-01/frame-000089.color.png 0.873598 0.14024 -0.41306 -0.215731 0.75027 -0.0606934 1.03262
seq-04/frame-000473.color.png 0.968039 0.249239 0.0110978 -0.0256387 -0.0543107 1.37816 -0.421373
seq-01/frame-000067.color.png 0.891417 0.175453 -0.37234 -0.189616 0.959284 -0.146128 1.06517
seq-01/frame-000078.color.png 0.878961 0.168219 -0.394828 -0.207944 0.862758 -0.135844 1.05601
seq-01/frame-000465.color.png 0.99025 0.048565 -0.107345 -0.0743248 0.65734 1.90833 -1.62397
seq-01/frame-000214.color.png 0.974999 0.129113 -0.133781 -0.12169 0.487231 0.711724 -0.0714857
seq-04/frame-000299.color.png 0.983345 0.171347 -0.0565829 -0.0216956 0.104416 1.32799 -0.111003
seq-04/frame-000037.color.png 0.972441 0.180505 -0.145068 -0.0270308 0.279543 1.06472 0.366196
seq-01/frame-000397.color.png 0.981899 0.109641 -0.12934 -0.0844022 0.652665 1.72827 -1.08682
seq-04/frame-000048.color.png 0.971832 0.179203 -0.152123 -0.0169501 0.191867 1.1137 0.278321
seq-01/frame-000146.color.png 0.949299 0.189302 -0.191542 -0.162194 0.666964 0.43807 0.34269
seq-01/frame-000291.color.png 0.97707 0.12994 -0.138107 -0.0968351 0.468768 1.48003 -0.494513
seq-04/frame-000424.color.png 0.979061 0.202077 0.021046 -0.0126871 -0.0804531 1.38151 -0.411996
seq-01/frame-000029.color.png 0.954124 0.211294 -0.169801 -0.127162 1.38366 0.0121315 0.695656
seq-01/frame-000040.color.png 0.943309 0.203632 -0.217974 -0.145568 1.27906 -0.040349 0.789213
seq-04/frame-000435.color.png 0.976542 0.214232 0.0167535 -0.0137772 -0.0700903 1.37838 -0.408421
seq-04/frame-000173.color.png 0.948952 0.0517507 0.303786 0.0672819 -0.368315 1.06281 0.117285
seq-01/frame-000427.color.png 0.983716 0.0857075 -0.132462 -0.0860851 0.640472 1.77675 -1.2814
seq-04/frame-000250.color.png 0.960951 0.250713 0.116766 -0.00909229 -0.102817 1.18729 0.294621
seq-01/frame-000359.color.png 0.989394 0.0778171 -0.102225 -0.0677849 0.387185 1.42448 -1.00295
seq-04/frame-000492.color.png 0.964045 0.263924 0.00586855 -0.0304644 -0.0407707 1.37123 -0.434189
seq-01/frame-000108.color.png 0.86226 0.139318 -0.429512 -0.229385 0.658146 0.0136236 0.900395
seq-04/frame-000386.color.png 0.986983 0.159859 0.0175764 0.000944448 -0.0926908 1.38842 -0.408911
seq-04/frame-000397.color.png 0.983441 0.179641 0.023899 -0.00148428 -0.0872664 1.37769 -0.384861
seq-01/frame-000002.color.png 0.963111 0.198237 -0.142094 -0.113703 1.44371 0.0506907 0.614084
seq-04/frame-000135.color.png 0.993015 0.0336244 0.109131 0.0296745 -0.242923 0.960339 -0.0957989
seq-01/frame-000484.color.png 0.993668 0.0229457 -0.0936307 -0.0577063 0.566692 1.8942 -1.75613
seq-01/frame-000495.color.png 0.994033 -0.0171195 -0.0946556 -0.0514297 0.520803 1.73665 -1.88541
seq-04/frame-000280.color.png 0.982342 0.183662 -0.0210922 -0.0287545 0.0556774 1.31084 -0.0207421
seq-01/frame-000233.color.png 0.977279 0.120997 -0.126112 -0.119924 0.467781 0.81018 -0.105015
seq-01/frame-000244.color.png 0.977649 0.118243 -0.129944 -0.115478 0.457898 0.908603 -0.155573
seq-04/frame-000454.color.png 0.970999 0.237765 0.0143382 -0.0205745 -0.0640785 1.38348 -0.396926
seq-01/frame-000059.color.png 0.911409 0.180383 -0.327789 -0.17132 1.09048 -0.115454 0.997739
seq-01/frame-000070.color.png 0.886297 0.172406 -0.382349 -0.196376 0.929504 -0.148972 1.07312
seq-04/frame-000465.color.png 0.96888 0.245972 0.0127541 -0.0246412 -0.0504069 1.37713 -0.406126
seq-04/frame-000203.color.png 0.914519 0.179748 0.356035 0.0677096 -0.315118 1.07844 0.414682
seq-04/frame-000348.color.png 0.99218 0.124783 -0.00253306 0.00104449 -0.12084 1.41031 -0.416881
seq-04/frame-000359.color.png 0.989282 0.145602 -0.0070232 -0.00845291 -0.0824967 1.45008 -0.422607
seq-01/frame-000301.color.png 0.982901 0.112087 -0.120303 -0.082876 0.425168 1.48217 -0.65244
seq-04/frame-000493.color.png 0.963848 0.26481 0.00461239 -0.0291637 -0.0433928 1.37047 -0.435568
seq-04/frame-000097.color.png 0.986805 0.126983 -0.0964898 -0.0279381 0.159366 1.23164 -0.0512785
seq-01/frame-000446.color.png 0.986076 0.0830141 -0.113204 -0.0891539 0.611592 1.89718 -1.34941
seq-01/frame-000457.color.png 0.989279 0.0580206 -0.104877 -0.0834324 0.622741 1.88131 -1.52905
seq-01/frame-000195.color.png 0.961574 0.165053 -0.173337 -0.134489 0.602144 0.688237 0.0390385
seq-01/frame-000206.color.png 0.97117 0.137994 -0.155023 -0.11728 0.536131 0.675343 -0.0490114
seq-04/frame-000029.color.png 0.973099 0.178685 -0.143116 -0.0258545 0.307698 1.04677 0.439755
seq-04/frame-000416.color.png 0.979992 0.19773 0.0199941 -0.0109058 -0.0693566 1.38053 -0.398053
seq-04/frame-000427.color.png 0.977791 0.208444 0.0175236 -0.0129663 -0.0722968 1.38673 -0.40531
seq-04/frame-000154.color.png 0.975305 0.051065 0.208738 0.0509946 -0.321067 1.08066 0.0293327
seq-04/frame-000165.color.png 0.960585 0.0456197 0.267891 0.0585552 -0.358853 1.07113 0.0583654
seq-04/frame-000176.color.png 0.945538 0.0645041 0.311142 0.0706256 -0.361367 1.05953 0.160658
seq-04/frame-000310.color.png 0.986602 0.15996 -0.0190845 -0.0257854 0.0877283 1.34268 -0.173523
seq-01/frame-000263.color.png 0.984048 0.0782459 -0.126437 -0.0976744 0.333704 0.6268 -0.200406
seq-01/frame-000274.color.png 0.986414 0.0480812 -0.133015 -0.0835573 0.353334 0.588829 -0.267445
seq-04/frame-000059.color.png 0.970549 0.187943 -0.149711 -0.017306 0.179178 1.15367 0.210219
seq-01/frame-000408.color.png 0.982501 0.0976224 -0.134995 -0.0832958 0.660955 1.72392 -1.14585
seq-01/frame-000419.color.png 0.984712 0.0836243 -0.126078 -0.0863323 0.636153 1.72965 -1.25177
seq-01/frame-000157.color.png 0.959611 0.173387 -0.172844 -0.138593 0.646491 0.466969 0.245207
seq-01/frame-000168.color.png 0.964285 0.159233 -0.173175 -0.121693 0.606258 0.5173 0.127537
seq-01/frame-000302.color.png 0.984538 0.102531 -0.116867 -0.0807135 0.413562 1.44389 -0.699954
seq-01/frame-000051.color.png 0.925826 0.19951 -0.275074 -0.165459 1.20466 -0.0358871 0.927172
seq-04/frame-000484.color.png 0.966881 0.253276 0.00700787 -0.0307162 -0.0349574 1.3662 -0.439305
seq-04/frame-000233.color.png 0.942736 0.242962 0.227207 0.0244154 -0.202367 1.07292 0.390634
seq-04/frame-000367.color.png 0.988161 0.153176 -0.00354319 -0.00789466 -0.0793941 1.42797 -0.418865
seq-04/frame-000378.color.png 0.987611 0.156741 0.00478752 -0.00576067 -0.0805845 1.40665 -0.413332
seq-04/frame-000116.color.png 0.991496 0.126452 -0.0300734 -0.0063672 -0.0550851 1.26328 -0.0372058
seq-01/frame-000476.color.png 0.991676 0.0472609 -0.101905 -0.0629391 0.62753 1.96847 -1.66482
seq-01/frame-000487.color.png 0.994318 0.00769269 -0.0929582 -0.0512896 0.53313 1.83657 -1.81026
seq-04/frame-000127.color.png 0.99571 0.0717737 0.0574539 0.0104604 -0.170371 1.07185 -0.0996501
seq-04/frame-000138.color.png 0.987522 0.0626243 0.140186 0.0350287 -0.264911 0.849385 0.109557
seq-01/frame-000225.color.png 0.9777 0.121239 -0.131797 -0.1097 0.464651 0.748416 -0.0953318
seq-01/frame-000236.color.png 0.97794 0.120457 -0.125003 -0.116178 0.453438 0.842911 -0.116513
seq-04/frame-000010.color.png 0.976947 0.171245 -0.126999 -0.0110052 0.24225 0.971085 0.549627
seq-01/frame-000370.color.png 0.987564 0.0739442 -0.115835 -0.0763715 0.422659 1.45849 -1.03986
seq-01/frame-000381.color.png 0.98733 0.085696 -0.111059 -0.0741773 0.456373 1.54457 -1.11466
seq-04/frame-000021.color.png 0.975203 0.166737 -0.144084 -0.0204218 0.308981 1.01611 0.471608
seq-04/frame-000261.color.png 0.971701 0.223781 0.0741359 -0.0149157 -0.0642837 1.25055 0.163115
seq-01/frame-000119.color.png 0.881885 0.148697 -0.383644 -0.230185 0.734989 0.147707 0.686112
seq-01/frame-000264.color.png 0.984187 0.0756076 -0.125065 -0.100086 0.341523 0.628836 -0.205607
seq-04/frame-000446.color.png 0.972694 0.23045 0.0193499 -0.0195959 -0.0622256 1.38007 -0.392767
seq-04/frame-000195.color.png 0.909349 0.130763 0.388772 0.0695811 -0.349009 1.08937 0.34808
seq-04/frame-000329.color.png 0.989449 0.143044 -0.0168517 -0.0156616 -0.0514427 1.39793 -0.317526
seq-04/frame-000340.color.png 0.990569 0.135876 -0.0166913 -0.00559569 -0.0935558 1.42026 -0.366642
seq-04/frame-000474.color.png 0.968277 0.248324 0.0101817 -0.0258894 -0.0529393 1.37559 -0.424575
seq-04/frame-000078.color.png 0.970582 0.17189 -0.166462 -0.0267467 0.21812 1.22181 0.0869738
seq-01/frame-000438.color.png 0.984364 0.0898638 -0.115803 -0.0976794 0.629745 1.87957 -1.30561
seq-01/frame-000449.color.png 0.988297 0.0713447 -0.106787 -0.0823132 0.579108 1.87972 -1.41825
seq-04/frame-000089.color.png 0.979177 0.148188 -0.135665 -0.0291077 0.220152 1.23379 0.00297449
seq-04/frame-000223.color.png 0.930352 0.237379 0.274999 0.0497211 -0.241866 1.05556 0.443308
seq-01/frame-000176.color.png 0.959576 0.168938 -0.186519 -0.126033 0.639959 0.57663 0.123305
seq-01/frame-000187.color.png 0.959173 0.165852 -0.187792 -0.131205 0.639369 0.611704 0.0732468
seq-01/frame-000198.color.png 0.965282 0.159374 -0.164008 -0.126223 0.572275 0.699371 0.00794383
seq-01/frame-000321.color.png 0.983772 0.0919537 -0.129537 -0.0834142 0.623322 1.74869 -0.991181
seq-01/frame-000332.color.png 0.980642 0.0824045 -0.155788 -0.0853238 0.589831 1.24747 -0.733031
seq-04/frame-000234.color.png 0.944708 0.242001 0.220073 0.0230173 -0.19398 1.0744 0.372827
seq-01/frame-000081.color.png 0.878348 0.163379 -0.398993 -0.20644 0.838426 -0.111957 1.04832
seq-04/frame-000408.color.png 0.980763 0.194247 0.0187576 -0.0043702 -0.0776862 1.38422 -0.383593
seq-04/frame-000146.color.png 0.984843 0.0529064 0.158807 0.045439 -0.298955 1.07312 -0.0111463
seq-04/frame-000157.color.png 0.970399 0.0558868 0.228623 0.0541692 -0.334616 1.08595 0.0414488
seq-04/frame-000291.color.png 0.983219 0.170607 -0.0598407 -0.0243622 0.0869586 1.31191 -0.0867277
seq-04/frame-000302.color.png 0.985002 0.164616 -0.046934 -0.0216896 0.109937 1.32399 -0.144508
seq-01/frame-000255.color.png 0.982837 0.0877148 -0.128655 -0.0989171 0.334591 0.639362 -0.130275
seq-04/frame-000040.color.png 0.971553 0.185007 -0.145705 -0.0250309 0.243133 1.08175 0.353991
seq-01/frame-000389.color.png 0.985835 0.0912585 -0.118508 -0.0758688 0.557225 1.633 -1.13614
seq-01/frame-000004.color.png 0.962258 0.201679 -0.142687 -0.114129 1.44573 0.0532334 0.627139
seq-01/frame-000400.color.png 0.981873 0.105759 -0.133783 -0.0827231 0.648233 1.72487 -1.10729
seq-04/frame-000051.color.png 0.970818 0.181767 -0.155669 -0.0154739 0.196938 1.11992 0.260895
seq-01/frame-000138.color.png 0.937477 0.181884 -0.232321 -0.184612 0.705958 0.380619 0.395817
seq-01/frame-000149.color.png 0.952964 0.190837 -0.177194 -0.15506 0.649168 0.46756 0.311377
seq-01/frame-000160.color.png 0.961186 0.168119 -0.173737 -0.132938 0.634703 0.486989 0.226031
seq-01/frame-000283.color.png 0.973653 0.117167 -0.1672 -0.101569 0.418478 0.609416 -0.0721802
seq-01/frame-000294.color.png 0.97804 0.132552 -0.127338 -0.0982512 0.428114 1.51467 -0.539108
seq-04/frame-000185.color.png 0.926866 0.101824 0.355072 0.0669002 -0.358236 1.09379 0.25031
seq-01/frame-000032.color.png 0.951233 0.211012 -0.181887 -0.132464 1.3574 -0.00267159 0.721262
seq-01/frame-000043.color.png 0.941661 0.190766 -0.234674 -0.147683 1.25193 -0.0483724 0.801772
seq-04/frame-000108.color.png 0.989497 0.126387 -0.0693276 -0.0107521 0.0336963 1.25512 -0.0449443
seq-01/frame-000468.color.png 0.990613 0.0474714 -0.104634 -0.074053 0.655816 1.92489 -1.64477
seq-04/frame-000119.color.png 0.992194 0.124025 -0.0117755 -0.00551734 -0.0833798 1.25834 -0.0369103
seq-04/frame-000242.color.png 0.956079 0.228623 0.183126 0.0104818 -0.177453 1.05437 0.310725
seq-04/frame-000253.color.png 0.963584 0.249006 0.0968428 -0.0111019 -0.0876229 1.19026 0.264085
seq-01/frame-000217.color.png 0.975725 0.128429 -0.144572 -0.102786 0.497817 0.70027 -0.0882718
seq-04/frame-000264.color.png 0.974149 0.212683 0.0745784 -0.0154293 -0.0625729 1.26929 0.124699
seq-04/frame-000002.color.png 0.978072 0.176286 -0.110802 -0.00453686 0.18866 0.95301 0.622633
seq-01/frame-000351.color.png 0.986467 0.06816 -0.134027 -0.0653734 0.452676 1.31337 -0.975263
seq-01/frame-000362.color.png 0.989112 0.0767379 -0.096065 -0.080876 0.398265 1.44426 -1.00897
seq-04/frame-000013.color.png 0.976177 0.172365 -0.131056 -0.013861 0.270941 0.985329 0.526693
seq-01/frame-000100.color.png 0.864304 0.12966 -0.429362 -0.22763 0.673144 -0.0273726 0.997013
seq-01/frame-000111.color.png 0.864095 0.140807 -0.427848 -0.224629 0.657531 0.0609864 0.850001
seq-01/frame-000256.color.png 0.982817 0.0887256 -0.128545 -0.0983566 0.33339 0.642227 -0.132943
seq-04/frame-000389.color.png 0.985887 0.165695 0.0238836 0.000815467 -0.102569 1.39523 -0.397427
seq-01/frame-000005.color.png 0.963143 0.196934 -0.143708 -0.113671 1.44612 0.0400342 0.614702
seq-01/frame-000498.color.png 0.994241 -0.0206428 -0.092598 -0.0498474 0.502518 1.72707 -1.89645
seq-04/frame-000321.color.png 0.989057 0.145582 -7.53615e-05 -0.0239223 0.0114533 1.36502 -0.260024
seq-04/frame-000070.color.png 0.971124 0.175407 -0.159763 -0.0250134 0.207911 1.19278 0.122684
seq-01/frame-000430.color.png 0.983008 0.0937662 -0.131933 -0.0865865 0.647744 1.83141 -1.26578
seq-04/frame-000204.color.png 0.915204 0.181475 0.353571 0.0667577 -0.310674 1.07404 0.4173
seq-04/frame-000215.color.png 0.924001 0.224574 0.304686 0.0543597 -0.252744 1.05125 0.453633
seq-01/frame-000179.color.png 0.958431 0.168788 -0.190341 -0.129189 0.633077 0.592839 0.106844
seq-04/frame-000226.color.png 0.935287 0.238727 0.257698 0.0428979 -0.224912 1.06074 0.419205
seq-01/frame-000313.color.png 0.986368 0.0996745 -0.108566 -0.0731886 0.382017 1.23521 -0.614599
seq-01/frame-000324.color.png 0.98388 0.0839148 -0.130605 -0.0887786 0.660977 1.71605 -1.03284
seq-04/frame-000457.color.png 0.971128 0.237117 0.0145253 -0.0218078 -0.058734 1.3779 -0.405335
seq-01/frame-000062.color.png 0.901767 0.184809 -0.347591 -0.178443 1.03857 -0.122849 1.03947
seq-01/frame-000073.color.png 0.882544 0.16834 -0.390068 -0.201557 0.897266 -0.150691 1.07372
seq-04/frame-000468.color.png 0.968141 0.248791 0.013944 -0.0247523 -0.0563866 1.37982 -0.406253
seq-04/frame-000351.color.png 0.992231 0.124402 -0.00101414 -0.000968693 -0.112566 1.40715 -0.433715
seq-04/frame-000283.color.png 0.982924 0.179421 -0.0282582 -0.029509 0.0593706 1.30619 -0.0407988
seq-04/frame-000032.color.png 0.973052 0.178198 -0.144172 -0.0250885 0.294531 1.04358 0.402974
seq-01/frame-000130.color.png 0.918957 0.169664 -0.293439 -0.201559 0.75382 0.304692 0.498982
seq-01/frame-000286.color.png 0.97421 0.144681 -0.137165 -0.105679 0.494679 1.50986 -0.417481
seq-04/frame-000419.color.png 0.979473 0.200078 0.0208251 -0.0129552 -0.0719124 1.38518 -0.402873
seq-01/frame-000013.color.png 0.961482 0.203666 -0.143942 -0.115559 1.44303 0.0502262 0.627703
seq-01/frame-000024.color.png 0.957316 0.209413 -0.157635 -0.121831 1.41031 0.0227267 0.664282
seq-01/frame-000035.color.png 0.948505 0.203594 -0.198205 -0.140011 1.32369 -0.0430893 0.744604
seq-04/frame-000168.color.png 0.955943 0.0442666 0.283957 0.0598472 -0.364605 1.06713 0.0682801
seq-04/frame-000430.color.png 0.977529 0.209411 0.020101 -0.0134453 -0.0780489 1.38328 -0.40972
seq-01/frame-000411.color.png 0.981867 0.0974989 -0.13673 -0.0879533 0.682045 1.7332 -1.14902
seq-04/frame-000245.color.png 0.959635 0.232909 0.157536 0.00605056 -0.162792 1.07725 0.277552
seq-01/frame-000343.color.png 0.985991 0.0819811 -0.124928 -0.0741146 0.475171 1.33067 -0.86077
seq-04/frame-000487.color.png 0.965702 0.257537 0.0093877 -0.0317287 -0.0398218 1.37027 -0.439074
seq-01/frame-000092.color.png 0.869987 0.136911 -0.419409 -0.220169 0.712085 -0.0591903 1.02724
seq-04/frame-000498.color.png 0.96407 0.264219 -0.00193646 -0.0274672 -0.0234016 1.6339 -0.526253
seq-04/frame-000370.color.png 0.987784 0.155437 -0.00817523 -0.00746759 -0.0622141 1.42363 -0.416127
seq-04/frame-000381.color.png 0.987382 0.157854 0.0120503 -0.00381581 -0.0881111 1.40056 -0.409235
seq-04/frame-000130.color.png 0.995952 0.043718 0.0762089 0.018987 -0.202502 0.971845 -0.119033
seq-01/frame-000479.color.png 0.992596 0.0366388 -0.0996219 -0.0590376 0.605247 1.9358 -1.70455
seq-01/frame-000490.color.png 0.994064 -0.00563305 -0.0935722 -0.0552174 0.538853 1.78528 -1.85585
seq-01/frame-000228.color.png 0.974914 0.140093 -0.124955 -0.119598 0.468549 0.839567 -0.0629519
seq-01/frame-000239.color.png 0.978524 0.116751 -0.125598 -0.114391 0.453959 0.853884 -0.141207
seq-01/frame-000373.color.png 0.986881 0.0747102 -0.122475 -0.0740503 0.452601 1.46733 -1.05472
seq-01/frame-000122.color.png 0.89173 0.149546 -0.360262 -0.229487 0.758632 0.184596 0.628906
seq-04/frame-000438.color.png 0.975151 0.220319 0.0171367 -0.0156898 -0.066909 1.38314 -0.402807
seq-01/frame-000054.color.png 0.920553 0.196807 -0.290022 -0.172444 1.16885 -0.0505554 0.960288
seq-04/frame-000449.color.png 0.971517 0.235705 0.01393 -0.0200803 -0.0465844 1.39392 -0.385179
seq-04/frame-000187.color.png 0.924905 0.103555 0.359846 0.065863 -0.35934 1.09305 0.25931
seq-04/frame-000198.color.png 0.911188 0.149067 0.377634 0.0700607 -0.34355 1.09007 0.377384
seq-04/frame-000332.color.png 0.989098 0.145243 -0.0220195 -0.0101919 -0.0635741 1.40233 -0.318461
seq-04/frame-000343.color.png 0.991045 0.133142 -0.00902856 -0.00457124 -0.105959 1.42694 -0.381481
seq-01/frame-000296.color.png 0.979757 0.116853 -0.133986 -0.092028 0.470275 1.45183 -0.609661
seq-04/frame-000081.color.png 0.970571 0.178368 -0.158464 -0.0326573 0.3374 1.79577 -0.139907
seq-01/frame-000441.color.png 0.985065 0.0862673 -0.114171 -0.0957625 0.624095 1.88321 -1.32075
seq-01/frame-000452.color.png 0.988924 0.0624303 -0.107393 -0.0812268 0.594085 1.87442 -1.46765
seq-04/frame-000092.color.png 0.980962 0.144386 -0.126552 -0.0291827 0.210836 1.23672 -0.00411819
seq-01/frame-000190.color.png 0.95963 0.16394 -0.185191 -0.133936 0.629034 0.631754 0.0622277
seq-01/frame-000197.color.png 0.964282 0.160667 -0.166481 -0.128961 0.581858 0.688427 0.0170846
seq-01/frame-000335.color.png 0.981465 0.0810145 -0.15055 -0.0865937 0.580935 1.25436 -0.760434
seq-04/frame-000400.color.png 0.982473 0.184514 0.0264086 -0.00177664 -0.0931112 1.37596 -0.38144
seq-04/frame-000411.color.png 0.979882 0.198574 0.0188664 -0.00665078 -0.0762284 1.38652 -0.383613
seq-04/frame-000149.color.png 0.982392 0.0521134 0.174029 0.0436257 -0.299991 1.0764 0.00552775
seq-04/frame-000160.color.png 0.966955 0.0551094 0.242897 0.0544193 -0.341984 1.08745 0.0475561
seq-04/frame-000294.color.png 0.982864 0.170637 -0.0663298 -0.0215131 0.104308 1.31949 -0.0982381
seq-04/frame-000305.color.png 0.985457 0.165567 -0.0275252 -0.0265574 0.100897 1.32862 -0.148232
seq-01/frame-000247.color.png 0.981581 0.0944533 -0.122033 -0.112628 0.348424 0.619826 -0.0658701
seq-01/frame-000258.color.png 0.983316 0.0810814 -0.127518 -0.101267 0.331201 0.630827 -0.154452
seq-01/frame-000269.color.png 0.976102 0.144761 -0.131466 -0.0947938 0.469545 1.4497 -0.332483
seq-01/frame-000392.color.png 0.984815 0.102697 -0.118768 -0.0740698 0.569544 1.68177 -1.11446
seq-01/frame-000403.color.png 0.98111 0.10616 -0.137441 -0.0852193 0.677545 1.73072 -1.10232
seq-04/frame-000043.color.png 0.972166 0.180368 -0.147818 -0.0225869 0.226992 1.10046 0.314846
seq-01/frame-000141.color.png 0.943015 0.185094 -0.213996 -0.175122 0.693157 0.414032 0.377672
seq-01/frame-000152.color.png 0.9563 0.179124 -0.175056 -0.150867 0.671864 0.437895 0.292615
seq-04/frame-000217.color.png 0.924272 0.231319 0.299333 0.051104 -0.24958 1.05728 0.452244
seq-04/frame-000228.color.png 0.937217 0.238648 0.251805 0.0355848 -0.216117 1.0748 0.414703
seq-04/frame-000362.color.png 0.989898 0.141088 0.00141544 -0.0139247 -0.0816453 1.42122 -0.439604
seq-04/frame-000373.color.png 0.987558 0.156981 -0.00318754 -0.00876929 -0.0636393 1.42404 -0.410189
seq-01/frame-000326.color.png 0.984178 0.0735526 -0.133874 -0.0897808 0.541789 1.21437 -0.739634
seq-04/frame-000100.color.png 0.987358 0.126305 -0.0917037 -0.0275842 0.132593 1.23786 -0.0504967
seq-01/frame-000460.color.png 0.989015 0.0548201 -0.109962 -0.0821795 0.662459 1.88914 -1.56953
seq-01/frame-000471.color.png 0.990647 0.0489571 -0.108494 -0.0667109 0.66622 1.95103 -1.64597
seq-04/frame-000111.color.png 0.990946 0.125026 -0.0479401 -0.00980286 -0.0195352 1.25192 -0.0485955
seq-04/frame-000122.color.png 0.992512 0.12198 0.0062911 -0.000855633 -0.113544 1.26452 -0.0358007
seq-01/frame-000209.color.png 0.973924 0.12834 -0.139548 -0.124609 0.499231 0.677442 -0.0569237
seq-01/frame-000220.color.png 0.974554 0.133359 -0.133758 -0.120704 0.478626 0.758075 -0.0628395
seq-04/frame-000005.color.png 0.978496 0.170391 -0.115934 -0.00853586 0.211488 0.959034 0.58704
seq-01/frame-000354.color.png 0.987827 0.076083 -0.12364 -0.0558701 0.400455 1.38281 -0.988142
seq-01/frame-000365.color.png 0.989022 0.074334 -0.102655 -0.0759724 0.39744 1.4409 -1.01897
seq-04/frame-000256.color.png 0.966246 0.244017 0.0816304 -0.0126627 -0.0711984 1.22828 0.234731
seq-01/frame-000103.color.png 0.861411 0.132716 -0.434201 -0.227655 0.654161 -0.0245119 0.978872
seq-01/frame-000114.color.png 0.868787 0.14017 -0.419828 -0.222047 0.675711 0.102483 0.791766
seq-04/frame-000179.color.png 0.940198 0.0822688 0.323661 0.0671102 -0.349767 1.07323 0.200897
seq-04/frame-000313.color.png 0.987078 0.157784 -0.00464654 -0.0275629 0.0744301 1.34953 -0.192612
seq-04/frame-000324.color.png 0.990102 0.139106 -0.0047194 -0.0180444 -0.000720909 1.36396 -0.290679
seq-01/frame-000288.color.png 0.975077 0.14285 -0.137077 -0.10014 0.478878 1.51823 -0.432832
seq-04/frame-000335.color.png 0.988813 0.146745 -0.0256471 -0.00757569 -0.0778364 1.42533 -0.324434
seq-04/frame-000062.color.png 0.969911 0.187318 -0.154647 -0.0164282 0.180919 1.16436 0.194497
seq-01/frame-000422.color.png 0.984007 0.0829889 -0.131145 -0.0874254 0.657403 1.74766 -1.26072
seq-01/frame-000433.color.png 0.98269 0.0934836 -0.129994 -0.0931788 0.663323 1.85101 -1.27723
seq-04/frame-000073.color.png 0.970544 0.177841 -0.16052 -0.0255193 0.205899 1.21559 0.11615
seq-04/frame-000084.color.png 0.973545 0.16626 -0.153919 -0.0296061 0.232887 1.23619 0.0579967
seq-01/frame-000171.color.png 0.963816 0.152058 -0.175095 -0.131447 0.617132 0.515174 0.10832
seq-01/frame-000182.color.png 0.958364 0.163695 -0.192953 -0.132329 0.654225 0.584849 0.0964807
seq-04/frame-000218.color.png 0.92624 0.22965 0.294327 0.0520667 -0.24306 1.04873 0.443094
seq-01/frame-000316.color.png 0.985862 0.09667 -0.113332 -0.0767322 0.40757 1.24361 -0.643211
seq-01/frame-000327.color.png 0.983652 0.0776707 -0.132119 -0.094553 0.68475 1.69009 -1.07119
seq-01/frame-000065.color.png 0.894829 0.17816 -0.364039 -0.187124 0.987769 -0.146368 1.05494
seq-01/frame-000076.color.png 0.879275 0.167959 -0.394904 -0.206679 0.873465 -0.15018 1.06314
seq-04/frame-000392.color.png 0.985221 0.169291 0.0260605 0.000899703 -0.105033 1.3878 -0.396869
seq-04/frame-000141.color.png 0.988167 0.0402541 0.13389 -0.06308 -0.172465 0.957295 0.0135278
seq-04/frame-000275.color.png 0.982945 0.18145 0.0124994 -0.027201 0.0176326 1.27435 0.000184707
seq-04/frame-000286.color.png 0.98341 0.174736 -0.0405071 -0.0270457 0.067326 1.30928 -0.0650292
seq-01/frame-000250.color.png 0.978063 0.116499 -0.132947 -0.110207 0.472299 0.939321 -0.186486
seq-04/frame-000297.color.png 0.982873 0.171696 -0.0636427 -0.0207748 0.116595 1.32528 -0.104367
seq-04/frame-000024.color.png 0.974732 0.170139 -0.142981 -0.0225069 0.318827 1.01712 0.455765
seq-01/frame-000384.color.png 0.98754 0.0846764 -0.108528 -0.0762594 0.487607 1.56743 -1.13572
seq-01/frame-000395.color.png 0.982816 0.109827 -0.127443 -0.075959 0.619725 1.72394 -1.08784
seq-04/frame-000035.color.png 0.97226 0.180932 -0.145895 -0.0262504 0.288309 1.05559 0.386161
seq-04/frame-000046.color.png 0.972151 0.179688 -0.149158 -0.0196786 0.2104 1.1062 0.298455
seq-01/frame-000133.color.png 0.927064 0.172478 -0.270696 -0.19372 0.743823 0.334436 0.459274
seq-01/frame-000144.color.png 0.946456 0.190786 -0.196316 -0.171118 0.679404 0.431479 0.359186
seq-04/frame-000180.color.png 0.936315 0.0905272 0.332587 0.0671187 -0.344458 1.07776 0.221297
seq-01/frame-000278.color.png 0.975017 0.114642 -0.16202 -0.0997418 0.407662 0.589896 -0.0626834
seq-01/frame-000289.color.png 0.976069 0.13784 -0.135454 -0.0997038 0.469831 1.49363 -0.457461
seq-04/frame-000422.color.png 0.979174 0.201464 0.0216394 -0.0127464 -0.0767244 1.38594 -0.407874
seq-01/frame-000027.color.png 0.954491 0.212611 -0.167126 -0.125748 1.40044 0.0108472 0.687943
seq-04/frame-000354.color.png 0.991767 0.127905 -0.00152292 -0.0059942 -0.105109 1.41126 -0.440963
seq-04/frame-000499.color.png 0.963527 0.26613 -0.0028771 -0.0279551 -0.0197705 1.64059 -0.520342
seq-04/frame-000103.color.png 0.988744 0.12079 -0.085266 -0.0228971 0.0934 1.22246 -0.0595215
seq-04/frame-000237.color.png 0.946954 0.24424 0.208163 0.017142 -0.18491 1.08492 0.359061
seq-04/frame-000248.color.png 0.961764 0.242895 0.126519 -0.00224759 -0.116355 1.1428 0.278565
seq-01/frame-000201.color.png 0.967425 0.152017 -0.159113 -0.12515 0.558518 0.697987 -0.00858114
seq-04/frame-000259.color.png 0.968757 0.235247 0.077291 -0.0139422 -0.0682183 1.23953 0.196737
seq-01/frame-000346.color.png 0.985938 0.0796211 -0.119805 -0.0850505 0.476186 1.32521 -0.890976
seq-01/frame-000357.color.png 0.988799 0.0754444 -0.113406 -0.0610224 0.401692 1.39859 -0.999846
seq-01/frame-000084.color.png 0.877287 0.153078 -0.402555 -0.21186 0.810405 -0.104239 1.03942
seq-01/frame-000095.color.png 0.866466 0.127848 -0.428269 -0.222435 0.687056 -0.0354909 1.02482
seq-01/frame-000106.color.png 0.861972 0.137909 -0.433008 -0.224699 0.652672 0.0039352 0.937998
seq-01/frame-000482.color.png 0.993438 0.0247444 -0.0937851 -0.0606061 0.578919 1.89725 -1.74887
seq-04/frame-000316.color.png 0.987806 0.153591 0.00503131 -0.0249639 0.023858 1.33706 -0.216768
seq-04/frame-000054.color.png 0.970774 0.18231 -0.155388 -0.0146854 0.193143 1.12801 0.238177
seq-01/frame-000414.color.png 0.982979 0.0915955 -0.133227 -0.0872559 0.657407 1.72065 -1.19384
seq-04/frame-000065.color.png 0.970304 0.182229 -0.157956 -0.0187795 0.198412 1.17237 0.165512
seq-04/frame-000199.color.png 0.91257 0.151534 0.373251 0.0702654 -0.335813 1.08248 0.376073
seq-04/frame-000210.color.png 0.920463 0.199248 0.329734 0.0657524 -0.292562 1.05606 0.430116
seq-01/frame-000163.color.png 0.962104 0.167518 -0.171908 -0.129385 0.618466 0.519436 0.193342
seq-01/frame-000297.color.png 0.980299 0.122572 -0.125036 -0.0914112 0.428313 1.49533 -0.597077
seq-01/frame-000308.color.png 0.987066 0.0915238 -0.108391 -0.0746759 0.397956 1.4267 -0.772551
seq-01/frame-000319.color.png 0.984842 0.0947104 -0.123936 -0.0758703 0.572736 1.74884 -0.970068
seq-04/frame-000441.color.png 0.973529 0.227168 0.0182402 -0.0174477 -0.0638523 1.38516 -0.39173
seq-01/frame-000068.color.png 0.888634 0.175793 -0.377861 -0.191434 0.949848 -0.141645 1.07192
seq-01/frame-000046.color.png 0.931435 0.204325 -0.257474 -0.156163 1.25374 -0.00212511 0.866673
seq-01/frame-000057.color.png 0.914161 0.191956 -0.311708 -0.174073 1.12342 -0.0762138 0.984445
seq-04/frame-000452.color.png 0.971227 0.236822 0.0145431 -0.0205466 -0.0612288 1.38766 -0.392824
seq-01/frame-000444.color.png 0.98563 0.0829985 -0.115386 -0.09127 0.628108 1.88488 -1.33808
seq-01/frame-000193.color.png 0.960067 0.164704 -0.180598 -0.136116 0.614012 0.665357 0.0505233
seq-04/frame-000267.color.png 0.976937 0.200498 0.0714852 -0.0168941 -0.053353 1.27494 0.0813265
seq-04/frame-000278.color.png 0.982967 0.181347 -0.00613227 -0.0291681 0.035322 1.28682 -0.0131825
seq-04/frame-000016.color.png 0.976192 0.171347 -0.132044 -0.0159333 0.284241 0.997348 0.503171
seq-01/frame-000376.color.png 0.986662 0.0799747 -0.119235 -0.0767102 0.451659 1.49444 -1.07477
seq-04/frame-000027.color.png 0.974139 0.175882 -0.139582 -0.0252272 0.307453 1.03554 0.438008
seq-01/frame-000125.color.png 0.899594 0.163553 -0.336977 -0.22456 0.766184 0.213081 0.585384
seq-01/frame-000281.color.png 0.973332 0.117747 -0.171066 -0.0974481 0.436415 0.597057 -0.0597512
seq-04/frame-000403.color.png 0.98134 0.190619 0.0251437 -0.00194343 -0.0928823 1.38356 -0.374579
seq-01/frame-000008.color.png 0.961513 0.203686 -0.143995 -0.115197 1.4465 0.0529902 0.631785
seq-01/frame-000019.color.png 0.960238 0.204409 -0.148808 -0.118388 1.4342 0.0303282 0.636618
seq-01/frame-000030.color.png 0.953023 0.208926 -0.177473 -0.128846 1.37832 0.000323986 0.708834
seq-04/frame-000152.color.png 0.977859 0.0504069 0.196622 0.0509028 -0.31978 1.08016 0.0150846
seq-04/frame-000163.color.png 0.962456 0.0498859 0.260554 0.0574504 -0.35478 1.08922 0.0621252
seq-04/frame-000414.color.png 0.97964 0.199639 0.0193965 -0.00861608 -0.0733308 1.38598 -0.389083
seq-04/frame-000476.color.png 0.967978 0.24949 0.00926356 -0.0262313 -0.0510644 1.37646 -0.427361
seq-01/frame-000406.color.png 0.982063 0.103024 -0.135121 -0.0817342 0.655742 1.74217 -1.12391
seq-04/frame-000240.color.png 0.953399 0.231602 0.192977 0.0122823 -0.177622 1.05496 0.330215
seq-01/frame-000338.color.png 0.98412 0.0806664 -0.1379 -0.0773582 0.535282 1.27871 -0.806893
seq-04/frame-000471.color.png 0.968712 0.246595 0.0120718 -0.0253562 -0.054029 1.36902 -0.421697
seq-01/frame-000087.color.png 0.875462 0.142399 -0.4086 -0.215255 0.774534 -0.0833238 1.03372
seq-04/frame-000482.color.png 0.965713 0.257713 0.00717539 -0.0305161 -0.0359557 1.38525 -0.417694
seq-04/frame-000365.color.png 0.989566 0.143687 -0.00118173 -0.0105609 -0.0785573 1.40318 -0.439246
seq-04/frame-000376.color.png 0.987788 0.155547 0.00254607 -0.00855542 -0.0768242 1.41602 -0.415197
seq-04/frame-000114.color.png 0.991305 0.124765 -0.041084 -0.00774527 -0.0378184 1.25726 -0.046173
seq-01/frame-000463.color.png 0.989983 0.0506748 -0.106279 -0.0779074 0.649281 1.90001 -1.60762
seq-01/frame-000474.color.png 0.991432 0.0489157 -0.102338 -0.0647756 0.635334 1.96969 -1.65857
seq-01/frame-000212.color.png 0.974986 0.127065 -0.14249 -0.113813 0.510155 0.691885 -0.0768405
seq-01/frame-000223.color.png 0.976361 0.127218 -0.132275 -0.114183 0.472764 0.761819 -0.0770345
seq-04/frame-000272.color.png 0.981948 0.182305 0.0450642 -0.0226476 -0.0289225 1.27165 0.0150902
seq-04/frame-000433.color.png 0.976761 0.212944 0.0199139 -0.0140152 -0.0774941 1.38108 -0.406995
seq-01/frame-000038.color.png 0.945872 0.197915 -0.213238 -0.143824 1.29536 -0.0629586 0.763124
seq-01/frame-000049.color.png 0.92678 0.201497 -0.273001 -0.161085 1.22221 -0.0210294 0.901785
seq-04/frame-000444.color.png 0.972928 0.229488 0.0199633 -0.0186513 -0.0650911 1.38339 -0.392798
seq-04/frame-000171.color.png 0.951723 0.0463876 0.296515 0.0644221 -0.368714 1.06475 0.0931998
seq-04/frame-000182.color.png 0.930762 0.0995691 0.345635 0.0656015 -0.352398 1.09496 0.234801
seq-04/frame-000193.color.png 0.910652 0.120839 0.389272 0.0676615 -0.35633 1.09721 0.33146
seq-04/frame-000327.color.png 0.989406 0.143725 -0.0124767 -0.0162179 -0.0399998 1.38874 -0.303398
seq-01/frame-000280.color.png 0.97342 0.118726 -0.168872 -0.0991956 0.431147 0.602064 -0.0508659
seq-04/frame-000076.color.png 0.970351 0.177469 -0.161575 -0.0286029 0.25516 1.49362 -0.0139086
seq-01/frame-000425.color.png 0.983403 0.0864492 -0.134005 -0.0865272 0.656012 1.77681 -1.26369
seq-01/frame-000436.color.png 0.983569 0.0941843 -0.123689 -0.0917718 0.640211 1.88225 -1.28135
seq-01/frame-000174.color.png 0.962989 0.156853 -0.178795 -0.126816 0.627451 0.526443 0.102507
seq-01/frame-000185.color.png 0.960202 0.158909 -0.194435 -0.122295 0.652372 0.573065 0.0724319
seq-04/frame-000008.color.png 0.976957 0.172849 -0.124864 -0.00935392 0.233219 0.970366 0.577882
seq-04/frame-000384.color.png 0.987742 0.155591 0.0125136 0.000526515 -0.090652 1.38482 -0.415814
seq-04/frame-000395.color.png 0.98435 0.174472 0.024771 0.000415265 -0.100757 1.38585 -0.390965
seq-04/frame-000406.color.png 0.980632 0.194703 0.0210085 -0.00326929 -0.0854551 1.38724 -0.377782
seq-04/frame-000133.color.png 0.994253 0.036869 0.0973207 0.0250924 -0.238123 0.96505 -0.111959
seq-01/frame-000493.color.png 0.994021 -0.0134865 -0.0946193 -0.0527988 0.530077 1.75141 -1.87566
seq-04/frame-000144.color.png 0.987523 0.0230232 0.149616 0.0433967 -0.271275 0.953978 -0.0671212
seq-04/frame-000155.color.png 0.972826 0.0552348 0.219113 0.0504887 -0.329779 1.08906 0.0436398
seq-04/frame-000289.color.png 0.983339 0.171309 -0.0554251 -0.0250125 0.0829383 1.31555 -0.0808427
seq-01/frame-000242.color.png 0.978005 0.11838 -0.126085 -0.116597 0.45391 0.889709 -0.144788
seq-01/frame-000253.color.png 0.979365 0.101259 -0.147354 -0.0942229 0.493407 0.895442 -0.230504
seq-04/frame-000038.color.png 0.972214 0.182175 -0.144565 -0.0266944 0.267034 1.07362 0.361786
seq-01/frame-000387.color.png 0.986643 0.0892355 -0.111957 -0.0776994 0.535394 1.61001 -1.13012
seq-01/frame-000398.color.png 0.981692 0.11133 -0.127789 -0.0869335 0.652106 1.73191 -1.08652
seq-01/frame-000136.color.png 0.933949 0.17903 -0.244002 -0.190134 0.718685 0.362936 0.414889
seq-01/frame-000147.color.png 0.949641 0.191289 -0.185217 -0.165185 0.666042 0.457007 0.338422
seq-04/frame-000463.color.png 0.969906 0.241968 0.0118334 -0.0243709 -0.0485988 1.37747 -0.410621
seq-04/frame-000212.color.png 0.921464 0.214232 0.318534 0.0595331 -0.27884 1.0608 0.452611
seq-04/frame-000346.color.png 0.992175 0.124713 -0.00598897 0.000132434 -0.114768 1.40846 -0.413527
seq-04/frame-000357.color.png 0.99073 0.13549 -0.00673377 -0.00720467 -0.0893345 1.41022 -0.439259
seq-04/frame-000368.color.png 0.988289 0.152304 -0.00518553 -0.00779993 -0.0766174 1.42076 -0.42221
seq-04/frame-000095.color.png 0.984421 0.135035 -0.108757 -0.0292081 0.185379 1.2346 -0.0321547
seq-01/frame-000455.color.png 0.989007 0.0560834 -0.109326 -0.0822692 0.626039 1.86336 -1.5112
seq-01/frame-000466.color.png 0.990345 0.0489459 -0.10608 -0.0746193 0.658241 1.91318 -1.62626
seq-04/frame-000106.color.png 0.988992 0.126101 -0.0755755 -0.0167835 0.0479581 1.23984 -0.0478256
seq-04/frame-000117.color.png 0.991636 0.126321 -0.0258922 -0.00552765 -0.0638451 1.26388 -0.037871
seq-01/frame-000204.color.png 0.96833 0.148669 -0.160092 -0.120854 0.554723 0.699361 -0.0145255
seq-01/frame-000215.color.png 0.975146 0.129989 -0.135508 -0.117602 0.488423 0.709956 -0.0728787
seq-04/frame-000000.color.png 0.978962 0.180605 -0.0949057 -0.00295415 0.1864 0.93638 0.682631
seq-01/frame-000349.color.png 0.986087 0.0770613 -0.126307 -0.0757613 0.463753 1.33952 -0.935897
seq-01/frame-000360.color.png 0.989276 0.079427 -0.0983782 -0.0731207 0.38818 1.4417 -1.00138
seq-04/frame-000251.color.png 0.961919 0.249117 0.11203 -0.0100658 -0.101503 1.17717 0.280638
seq-01/frame-000098.color.png 0.866583 0.129189 -0.426253 -0.22506 0.681225 -0.026332 1.0077
seq-04/frame-000425.color.png 0.979114 0.20209 0.0183513 -0.0126179 -0.0700144 1.37952 -0.415064
seq-04/frame-000174.color.png 0.947369 0.0566971 0.307488 0.0687683 -0.367872 1.06639 0.126378
seq-04/frame-000308.color.png 0.986101 0.162476 -0.023132 -0.0259001 0.0894784 1.33721 -0.162448
seq-04/frame-000319.color.png 0.988228 0.151016 0.00212292 -0.0243764 0.0196342 1.35805 -0.238233
seq-01/frame-000272.color.png 0.98535 0.0556527 -0.130793 -0.0942391 0.350089 0.614881 -0.265667
seq-04/frame-000464.color.png 0.969428 0.24391 0.0104702 -0.0246654 -0.0396457 1.3769 -0.405923
seq-04/frame-000330.color.png 0.989787 0.140544 -0.0187333 -0.0147817 -0.0533847 1.39451 -0.322655
seq-04/frame-000057.color.png 0.970273 0.188841 -0.150354 -0.0174026 0.188923 1.14736 0.224132
seq-01/frame-000417.color.png 0.984392 0.0861341 -0.127741 -0.0850651 0.63858 1.72787 -1.23172
seq-01/frame-000021.color.png 0.958306 0.21008 -0.151279 -0.120961 1.42599 0.0366192 0.653135
seq-01/frame-000428.color.png 0.984051 0.0861576 -0.129053 -0.086982 0.623537 1.78508 -1.29501
seq-04/frame-000068.color.png 0.970705 0.179679 -0.158018 -0.0218637 0.202176 1.19031 0.142856
seq-01/frame-000155.color.png 0.958391 0.177063 -0.173524 -0.14151 0.650513 0.457774 0.262096
seq-01/frame-000166.color.png 0.963169 0.162377 -0.172314 -0.127462 0.613312 0.520054 0.163108
seq-01/frame-000177.color.png 0.959179 0.171205 -0.185975 -0.126797 0.634159 0.584611 0.121043
seq-01/frame-000311.color.png 0.986232 0.0995662 -0.108844 -0.0747442 0.376586 1.22601 -0.596021
seq-04/frame-000213.color.png 0.921771 0.219121 0.314769 0.0569636 -0.272571 1.0648 0.455261
seq-01/frame-000060.color.png 0.906916 0.184665 -0.335987 -0.174685 1.06951 -0.110383 1.02148
seq-04/frame-000387.color.png 0.986727 0.161234 0.0192937 0.00124273 -0.0947821 1.3866 -0.405225
seq-04/frame-000125.color.png 0.996046 0.0817347 0.0336749 0.00878798 -0.12244 1.10552 -0.0926273
seq-01/frame-000485.color.png 0.993829 0.0164677 -0.0945054 -0.0556921 0.564079 1.87112 -1.77931
seq-04/frame-000136.color.png 0.988487 0.0708998 0.130048 0.0308845 -0.250506 0.887113 0.129407
seq-04/frame-000270.color.png 0.98031 0.18744 0.0584985 -0.0208923 -0.0450517 1.27017 0.0336013
seq-04/frame-000281.color.png 0.982988 0.17969 -0.0247497 -0.0288769 0.0591368 1.30167 -0.0313248
seq-01/frame-000234.color.png 0.976845 0.125203 -0.125389 -0.1199 0.463109 0.83896 -0.0996366
seq-04/frame-000019.color.png 0.975887 0.168422 -0.137424 -0.0198431 0.292519 1.01363 0.475525
seq-01/frame-000368.color.png 0.987929 0.0752935 -0.111438 -0.0768632 0.420633 1.45433 -1.02168
seq-01/frame-000379.color.png 0.986726 0.084618 -0.116679 -0.0748129 0.459991 1.52215 -1.09085
seq-01/frame-000390.color.png 0.985265 0.0930259 -0.123365 -0.073347 0.581794 1.63953 -1.123
seq-04/frame-000030.color.png 0.973026 0.178502 -0.143808 -0.0260044 0.30825 1.04715 0.431374
seq-01/frame-000117.color.png 0.87775 0.14905 -0.392883 -0.230177 0.722267 0.126566 0.7176
seq-01/frame-000128.color.png 0.911713 0.167961 -0.311887 -0.208075 0.756718 0.274319 0.528873
seq-01/frame-000139.color.png 0.939197 0.183693 -0.222779 -0.185835 0.700747 0.399005 0.389557
seq-01/frame-000273.color.png 0.986014 0.048972 -0.130558 -0.0912872 0.333035 0.591884 -0.301239
seq-04/frame-000485.color.png 0.965758 0.257506 0.00654431 -0.0309735 -0.0287308 1.37203 -0.433035
seq-01/frame-000022.color.png 0.95936 0.204667 -0.152036 -0.12093 1.42296 0.0167938 0.63696
seq-04/frame-000338.color.png 0.990082 0.138577 -0.0224112 -0.0055994 -0.0879026 1.42208 -0.354548
seq-04/frame-000349.color.png 0.992087 0.125548 -0.00101034 0.000952084 -0.122879 1.40846 -0.418939
seq-04/frame-000494.color.png 0.963965 0.264464 0.00343931 -0.0285971 -0.0417493 1.36341 -0.441771
seq-04/frame-000087.color.png 0.977549 0.151519 -0.14355 -0.0288614 0.217976 1.22205 0.0101114
seq-01/frame-000447.color.png 0.987089 0.0794648 -0.109903 -0.085221 0.59201 1.89265 -1.37364
seq-04/frame-000098.color.png 0.986942 0.127759 -0.0941881 -0.0274049 0.150188 1.2343 -0.0475188
seq-04/frame-000232.color.png 0.942293 0.242612 0.228918 0.0286274 -0.202398 1.0744 0.405128
seq-04/frame-000243.color.png 0.957753 0.227768 0.175341 0.00935727 -0.172688 1.04883 0.301447
seq-01/frame-000196.color.png 0.962876 0.164317 -0.168197 -0.132586 0.589358 0.697244 0.0254877
seq-01/frame-000330.color.png 0.983107 0.073778 -0.142828 -0.087508 0.614492 1.44501 -0.930303
seq-01/frame-000341.color.png 0.985875 0.0823511 -0.12564 -0.0740461 0.48127 1.31126 -0.842592
seq-01/frame-000352.color.png 0.98585 0.077045 -0.133896 -0.0650805 0.453611 1.36254 -0.960469
seq-01/frame-000079.color.png 0.879294 0.16582 -0.395169 -0.207815 0.856572 -0.137927 1.05153
seq-01/frame-000090.color.png 0.872053 0.135608 -0.416756 -0.217826 0.733334 -0.0645235 1.03604
seq-01/frame-000101.color.png 0.863079 0.127747 -0.432491 -0.227436 0.663357 -0.0251008 0.98968
seq-01/frame-000477.color.png 0.991767 0.0447716 -0.10239 -0.0625385 0.627736 1.96068 -1.67179
seq-04/frame-000300.color.png 0.983608 0.170228 -0.0553919 -0.0216818 0.10796 1.32738 -0.117969
seq-04/frame-000311.color.png 0.98713 0.156867 -0.0171484 -0.0259365 0.0881502 1.3373 -0.182415
seq-04/frame-000049.color.png 0.971699 0.178696 -0.153669 -0.0159367 0.191817 1.11198 0.26165
seq-01/frame-000409.color.png 0.982499 0.0973982 -0.134379 -0.0845644 0.661751 1.73051 -1.14969
seq-04/frame-000060.color.png 0.970406 0.18728 -0.151434 -0.0174931 0.17964 1.15406 0.204309
seq-04/frame-000194.color.png 0.909226 0.128416 0.389948 0.0689768 -0.352086 1.0932 0.346699
seq-04/frame-000205.color.png 0.915326 0.188315 0.349689 0.0665896 -0.308649 1.07355 0.42949
seq-01/frame-000158.color.png 0.960215 0.171471 -0.174426 -0.134761 0.642051 0.471867 0.235889
seq-01/frame-000292.color.png 0.977679 0.130557 -0.132406 -0.0978112 0.454568 1.48326 -0.511765
seq-01/frame-000303.color.png 0.98531 0.100421 -0.111543 -0.0814684 0.395693 1.44857 -0.714518
seq-01/frame-000314.color.png 0.986397 0.0995634 -0.106816 -0.0754933 0.378521 1.23982 -0.621743
seq-04/frame-000436.color.png 0.976115 0.216258 0.0159184 -0.0133522 -0.0666349 1.37555 -0.405917
seq-01/frame-000041.color.png 0.943661 0.195597 -0.222964 -0.146742 1.27455 -0.0574884 0.782564
seq-01/frame-000052.color.png 0.922547 0.19915 -0.284411 -0.168393 1.18685 -0.0387272 0.938956
seq-04/frame-000447.color.png 0.972207 0.232424 0.0201563 -0.0196334 -0.0690626 1.38225 -0.390674
seq-04/frame-000262.color.png 0.972134 0.221813 0.0742412 -0.0155746 -0.0656594 1.2616 0.153279
seq-04/frame-000273.color.png 0.982453 0.181344 0.0366138 -0.0236738 -0.0163487 1.27104 0.00704062
seq-04/frame-000011.color.png 0.975827 0.174651 -0.130854 -0.0116121 0.257096 0.979703 0.549578
seq-01/frame-000371.color.png 0.987318 0.0752732 -0.120534 -0.0707711 0.429083 1.46765 -1.04308
seq-04/frame-000022.color.png 0.974887 0.168708 -0.143752 -0.0216364 0.310069 1.01949 0.461586
seq-01/frame-000109.color.png 0.861678 0.142054 -0.428997 -0.230855 0.656707 0.0253909 0.885277
seq-01/frame-000120.color.png 0.884996 0.148171 -0.376764 -0.22995 0.74174 0.161334 0.666161
seq-04/frame-000398.color.png 0.982962 0.182127 0.0247385 -0.00161041 -0.0886142 1.38046 -0.380668
seq-01/frame-000003.color.png 0.962663 0.19968 -0.142921 -0.11394 1.44596 0.0506853 0.623755
seq-01/frame-000014.color.png 0.961132 0.205323 -0.142626 -0.117157 1.43978 0.0457378 0.627099
seq-04/frame-000147.color.png 0.984115 0.0544039 0.162688 0.045719 -0.297729 1.07858 -0.000835944
seq-01/frame-000496.color.png 0.994055 -0.0162065 -0.0944752 -0.0516361 0.519323 1.74472 -1.88192
seq-01/frame-000245.color.png 0.978348 0.106611 -0.136102 -0.113776 0.482525 0.876988 -0.178476
seq-04/frame-000079.color.png 0.949854 0.260124 -0.170642 -0.0315389 0.276063 1.86057 0.375621
seq-01/frame-000322.color.png 0.984381 0.088779 -0.124926 -0.0866416 0.61783 1.73183 -1.01225
seq-01/frame-000333.color.png 0.973068 0.109287 -0.186601 -0.0798471 0.518618 0.652702 -0.185761
seq-04/frame-000455.color.png 0.970982 0.237856 0.0133684 -0.0209664 -0.0597046 1.38622 -0.401127
seq-01/frame-000071.color.png 0.884533 0.170951 -0.385394 -0.199623 0.916155 -0.149316 1.07619
seq-01/frame-000082.color.png 0.879 0.161368 -0.39884 -0.205538 0.830684 -0.110972 1.04453
seq-04/frame-000466.color.png 0.96828 0.248383 0.0110889 -0.0248536 -0.0415563 1.38625 -0.402523
seq-04/frame-000477.color.png 0.968208 0.24862 0.00683462 -0.0267379 -0.0397223 1.37372 -0.432702
seq-04/frame-000360.color.png 0.989633 0.143165 -0.00356755 -0.010821 -0.073042 1.42912 -0.429324
seq-04/frame-000109.color.png 0.99006 0.124781 -0.0640481 -0.0104068 0.0208381 1.24965 -0.048267
seq-01/frame-000458.color.png 0.989243 0.0613153 -0.104215 -0.0823276 0.622028 1.8983 -1.53271
seq-01/frame-000469.color.png 0.990595 0.0475022 -0.106497 -0.0715769 0.667967 1.93191 -1.64582
seq-01/frame-000207.color.png 0.972496 0.132331 -0.150448 -0.118767 0.526409 0.670536 -0.0551955
seq-01/frame-000218.color.png 0.976713 0.122571 -0.1427 -0.103171 0.480218 0.688605 -0.127009
seq-04/frame-000292.color.png 0.982886 0.171348 -0.0635207 -0.0232465 0.0960708 1.31782 -0.0868332
seq-04/frame-000041.color.png 0.970984 0.184008 -0.150825 -0.0241448 0.24255 1.09725 0.34522
seq-04/frame-000417.color.png 0.979525 0.199972 0.0205052 -0.0109839 -0.0698042 1.38341 -0.394287
seq-01/frame-000033.color.png 0.950486 0.209884 -0.185786 -0.134194 1.34953 -0.011135 0.728579
seq-01/frame-000044.color.png 0.940665 0.188722 -0.239323 -0.149188 1.24229 -0.0542855 0.813444
seq-04/frame-000428.color.png 0.977691 0.20885 0.0181421 -0.0131857 -0.0735301 1.38641 -0.405407
seq-04/frame-000166.color.png 0.958751 0.0467956 0.274186 0.0585567 -0.362762 1.07449 0.0608276
seq-04/frame-000177.color.png 0.944324 0.0688106 0.314197 0.0692687 -0.35766 1.0575 0.16012
seq-04/frame-000188.color.png 0.923413 0.103439 0.363654 0.0660632 -0.352307 1.08657 0.258005
seq-04/frame-000322.color.png 0.989421 0.143503 -0.00216182 -0.0211843 -0.00078548 1.37209 -0.273909
seq-04/frame-000439.color.png 0.97518 0.220324 0.0150077 -0.0160106 -0.052638 1.37594 -0.403162
seq-01/frame-000275.color.png 0.975253 0.110041 -0.163982 -0.0994111 0.422883 0.58663 -0.0463355
seq-04/frame-000071.color.png 0.970516 0.176918 -0.161724 -0.0253743 0.215189 1.20301 0.127135
seq-01/frame-000420.color.png 0.984615 0.0847212 -0.127787 -0.0838193 0.636118 1.74327 -1.25057
seq-01/frame-000431.color.png 0.98227 0.0970216 -0.134175 -0.087917 0.663806 1.85585 -1.25454
seq-01/frame-000169.color.png 0.964646 0.155356 -0.173664 -0.123144 0.610617 0.51854 0.116092
seq-04/frame-000003.color.png 0.978299 0.174191 -0.112062 -0.00555643 0.196257 0.950215 0.613363
seq-04/frame-000469.color.png 0.968316 0.248037 0.0139713 -0.0254376 -0.0576678 1.37673 -0.41374
seq-04/frame-000496.color.png 0.963256 0.266894 0.00452906 -0.0297508 -0.0447755 1.3657 -0.440175
seq-04/frame-000379.color.png 0.98721 0.159336 0.00271779 -0.00448536 -0.0636735 1.41762 -0.407546
seq-04/frame-000390.color.png 0.986264 0.163446 0.0237928 0.00142635 -0.0992523 1.38072 -0.403371
seq-04/frame-000401.color.png 0.982246 0.185887 0.0252245 -0.00146773 -0.0884757 1.3746 -0.380182
seq-04/frame-000128.color.png 0.996576 0.052227 0.0624635 0.0144058 -0.177403 0.998438 -0.114448
seq-01/frame-000488.color.png 0.994256 0.00785203 -0.0934709 -0.0515509 0.532506 1.83957 -1.80955
seq-01/frame-000499.color.png 0.994072 -0.0458654 -0.0866747 -0.0469561 0.445624 1.57101 -1.98003
seq-04/frame-000139.color.png 0.987012 0.06214 0.143609 0.0363656 -0.255503 0.857594 0.132652
seq-04/frame-000284.color.png 0.983049 0.178668 -0.0289791 -0.0291932 0.0525645 1.30668 -0.0464693
seq-01/frame-000226.color.png 0.976395 0.130867 -0.125637 -0.117227 0.463752 0.793247 -0.0810447
seq-01/frame-000237.color.png 0.978826 0.111864 -0.128218 -0.113785 0.463049 0.816086 -0.135228
seq-01/frame-000248.color.png 0.974372 0.135135 -0.137538 -0.115845 0.506037 1.00334 -0.132966
seq-01/frame-000382.color.png 0.987589 0.0865936 -0.107057 -0.075553 0.462068 1.56019 -1.12355
seq-01/frame-000131.color.png 0.922642 0.171533 -0.282895 -0.198187 0.748451 0.315081 0.478255
seq-04/frame-000458.color.png 0.970623 0.23909 0.0154575 -0.0220723 -0.0638613 1.38168 -0.403628
seq-01/frame-000063.color.png 0.898935 0.182227 -0.355457 -0.179887 1.01636 -0.131848 1.04904
seq-04/frame-000196.color.png 0.909375 0.138075 0.385992 0.0705839 -0.349449 1.08702 0.361131
seq-04/frame-000207.color.png 0.916319 0.192318 0.344959 0.0661594 -0.307074 1.07534 0.428122
seq-04/frame-000341.color.png 0.991152 0.131847 -0.0139992 -0.00612168 -0.100148 1.41545 -0.379722
seq-04/frame-000352.color.png 0.991765 0.12802 0.00156353 -0.00333788 -0.119307 1.4193 -0.433313
seq-01/frame-000305.color.png 0.987194 0.087516 -0.107546 -0.078881 0.402574 1.40768 -0.75864
seq-04/frame-000497.color.png 0.963158 0.267189 0.00378373 -0.0303617 -0.0384962 1.36431 -0.441337
seq-04/frame-000486.color.png 0.965986 0.2564 0.0109424 -0.0317938 -0.0468835 1.36595 -0.439923
seq-04/frame-000090.color.png 0.980089 0.14439 -0.133274 -0.0285366 0.221197 1.23231 -0.00249968
seq-01/frame-000439.color.png 0.984529 0.090101 -0.115272 -0.096424 0.627853 1.89358 -1.30448
seq-01/frame-000450.color.png 0.988412 0.0702566 -0.106861 -0.081771 0.586882 1.88409 -1.42273
seq-01/frame-000461.color.png 0.989354 0.0547795 -0.105881 -0.0834676 0.655333 1.89714 -1.57751
seq-04/frame-000101.color.png 0.988025 0.122465 -0.0900145 -0.0265908 0.121863 1.22371 -0.0590349
seq-01/frame-000188.color.png 0.96022 0.158229 -0.191386 -0.127717 0.646452 0.588715 0.0635708
seq-01/frame-000199.color.png 0.966216 0.156473 -0.16263 -0.124476 0.568696 0.695068 0.00369566
seq-01/frame-000210.color.png 0.97404 0.13138 -0.137946 -0.122296 0.495377 0.693221 -0.0614395
seq-01/frame-000344.color.png 0.985884 0.0756304 -0.12874 -0.0757606 0.506826 1.29932 -0.883387
seq-04/frame-000235.color.png 0.94631 0.235097 0.22042 0.0253128 -0.206193 1.0592 0.37355
seq-01/frame-000093.color.png 0.868226 0.133894 -0.422667 -0.222728 0.704218 -0.0517249 1.02469
seq-04/frame-000409.color.png 0.98051 0.195389 0.0198227 -0.00549331 -0.0818116 1.38446 -0.382736
seq-04/frame-000420.color.png 0.979461 0.200097 0.0212186 -0.0129604 -0.0736454 1.38014 -0.404852
seq-04/frame-000158.color.png 0.969381 0.0534421 0.233278 0.0550006 -0.334077 1.07529 0.0465642
seq-04/frame-000169.color.png 0.954066 0.0454658 0.289481 0.0623788 -0.369406 1.07491 0.0817953
seq-04/frame-000303.color.png 0.985478 0.162894 -0.0422395 -0.0226674 0.111255 1.32724 -0.149646
seq-04/frame-000314.color.png 0.987576 0.154493 -0.000154211 -0.0287468 0.0629769 1.34083 -0.202228
seq-01/frame-000267.color.png 0.984654 0.0711545 -0.126164 -0.0973471 0.342766 0.631731 -0.227207
seq-04/frame-000448.color.png 0.97204 0.233274 0.0184503 -0.0195397 -0.0661379 1.38569 -0.392867
seq-04/frame-000052.color.png 0.97061 0.18278 -0.155912 -0.0140992 0.189765 1.13597 0.249872
seq-01/frame-000401.color.png 0.981033 0.109537 -0.135418 -0.0850733 0.666719 1.74455 -1.09021
seq-01/frame-000016.color.png 0.961535 0.200989 -0.146099 -0.117082 1.44072 0.0308306 0.625464
seq-01/frame-000412.color.png 0.983158 0.090191 -0.132229 -0.0882071 0.657828 1.70382 -1.19126
seq-01/frame-000423.color.png 0.984239 0.0809572 -0.130263 -0.0880434 0.653292 1.7372 -1.27283
seq-01/frame-000150.color.png 0.954905 0.179796 -0.18106 -0.151811 0.661366 0.434395 0.302123
seq-01/frame-000161.color.png 0.961558 0.16481 -0.173909 -0.13416 0.63218 0.488128 0.20597
seq-01/frame-000172.color.png 0.963837 0.154819 -0.17631 -0.126348 0.618025 0.527628 0.106763
seq-01/frame-000306.color.png 0.986815 0.093963 -0.104801 -0.0798996 0.391457 1.43902 -0.75479
seq-04/frame-000063.color.png 0.969608 0.187308 -0.1565 -0.0168725 0.186434 1.16999 0.183955
seq-04/frame-000197.color.png 0.909966 0.142669 0.382954 0.0703818 -0.346781 1.09012 0.368178
seq-01/frame-000055.color.png 0.917546 0.194048 -0.300297 -0.174002 1.14542 -0.0637439 0.969193
seq-04/frame-000371.color.png 0.987761 0.155633 -0.00441884 -0.00930124 -0.0740892 1.42192 -0.416637
seq-04/frame-000382.color.png 0.987359 0.15795 0.012857 -0.00282527 -0.0900858 1.39875 -0.410176
seq-04/frame-000120.color.png 0.992075 0.12558 -0.00165432 -0.00380843 -0.102353 1.26365 -0.0272025
seq-01/frame-000480.color.png 0.993074 0.0298668 -0.0959085 -0.0609362 0.586945 1.91485 -1.73704
seq-04/frame-000131.color.png 0.995208 0.0503461 0.0814404 0.0198448 -0.205886 1.00994 -0.100284
seq-04/frame-000265.color.png 0.975316 0.207423 0.074063 -0.0158082 -0.0596908 1.26968 0.108808
seq-04/frame-000276.color.png 0.982723 0.182824 0.00549711 -0.0282797 0.0255571 1.27819 -0.00240602
seq-01/frame-000229.color.png 0.976512 0.129318 -0.124426 -0.119249 0.463887 0.806329 -0.0835407
seq-04/frame-000490.color.png 0.964916 0.260439 0.0107132 -0.0315251 -0.0498043 1.37523 -0.43669
seq-04/frame-000014.color.png 0.976 0.173621 -0.130629 -0.0146797 0.273329 0.990213 0.515683
seq-01/frame-000363.color.png 0.989215 0.077467 -0.095137 -0.0800114 0.379428 1.45765 -1.01421
seq-01/frame-000374.color.png 0.986423 0.0795022 -0.121822 -0.076216 0.458405 1.48675 -1.05733
seq-01/frame-000385.color.png 0.987722 0.0822985 -0.106943 -0.078716 0.492409 1.56829 -1.15909
seq-04/frame-000025.color.png 0.975067 0.171246 -0.139069 -0.0240575 0.315808 1.018 0.444423
seq-01/frame-000112.color.png 0.866393 0.140147 -0.423044 -0.225293 0.670211 0.067899 0.829436
seq-01/frame-000123.color.png 0.89385 0.152724 -0.351787 -0.232279 0.766776 0.185214 0.626995
seq-04/frame-000159.color.png 0.9686 0.0551896 0.236316 0.054062 -0.339274 1.08744 0.0462668
seq-01/frame-000257.color.png 0.982948 0.0818662 -0.130641 -0.100216 0.338152 0.633651 -0.147364
seq-01/frame-000268.color.png 0.985278 0.0675668 -0.123052 -0.0975756 0.323978 0.623333 -0.242489
seq-01/frame-000006.color.png 0.962433 0.199764 -0.143709 -0.114735 1.44529 0.0460829 0.624228
seq-04/frame-000333.color.png 0.989178 0.14416 -0.0259677 -0.00837828 -0.062153 1.40207 -0.320888
seq-04/frame-000489.color.png 0.965176 0.259331 0.0124092 -0.0320784 -0.0534446 1.37064 -0.438874
seq-04/frame-000082.color.png 0.972163 0.169387 -0.159355 -0.0284988 0.241117 1.23479 0.076306
seq-01/frame-000442.color.png 0.985678 0.0836633 -0.113734 -0.0922217 0.611384 1.88113 -1.33529
seq-04/frame-000093.color.png 0.981811 0.140901 -0.12379 -0.0294995 0.209589 1.22991 -0.0147453
seq-04/frame-000216.color.png 0.924139 0.228934 0.301153 0.0535147 -0.248532 1.05242 0.455814
seq-04/frame-000227.color.png 0.935301 0.241805 0.25543 0.0386997 -0.222919 1.08218 0.423272
seq-01/frame-000180.color.png 0.958335 0.165737 -0.1919 -0.13153 0.645456 0.588051 0.10695
seq-01/frame-000191.color.png 0.959647 0.166769 -0.182236 -0.134375 0.61793 0.657501 0.0615956
seq-04/frame-000238.color.png 0.950778 0.230845 0.205859 0.0188046 -0.184588 1.04801 0.346935
seq-01/frame-000325.color.png 0.984297 0.0809499 -0.128018 -0.0906538 0.579173 1.48047 -0.885188
seq-01/frame-000336.color.png 0.982879 0.0806406 -0.142728 -0.0841126 0.555386 1.26512 -0.783508
seq-01/frame-000074.color.png 0.881392 0.166667 -0.392571 -0.20312 0.886808 -0.158299 1.0718
seq-01/frame-000085.color.png 0.876464 0.149727 -0.404976 -0.213043 0.794503 -0.0925436 1.03685
seq-04/frame-000150.color.png 0.980896 0.0530632 0.181089 0.0472629 -0.302294 1.07656 0.00924329
seq-04/frame-000295.color.png 0.983214 0.168795 -0.0659302 -0.0212537 0.105049 1.31655 -0.104451
seq-04/frame-000033.color.png 0.972806 0.177677 -0.146652 -0.0239281 0.296711 1.04592 0.399505
seq-01/frame-000393.color.png 0.984097 0.106144 -0.123146 -0.0715674 0.582061 1.70191 -1.10492
seq-01/frame-000404.color.png 0.981541 0.107675 -0.134614 -0.0828378 0.660042 1.73896 -1.10518
seq-04/frame-000044.color.png 0.972322 0.179708 -0.147761 -0.0215009 0.221513 1.10415 0.307988
seq-04/frame-000189.color.png 0.92031 0.104565 0.371019 0.0666448 -0.35127 1.08248 0.275891
seq-01/frame-000142.color.png 0.943484 0.188027 -0.207108 -0.177734 0.687272 0.427183 0.370318
seq-01/frame-000153.color.png 0.957532 0.177606 -0.173558 -0.14651 0.664353 0.440552 0.277722
seq-01/frame-000298.color.png 0.981083 0.122383 -0.1207 -0.0890527 0.409705 1.5029 -0.607044
seq-01/frame-000276.color.png 0.975418 0.10832 -0.163851 -0.0998926 0.419652 0.578865 -0.0504461
seq-01/frame-000287.color.png 0.975397 0.140796 -0.134976 -0.102757 0.476258 1.49666 -0.442667
seq-04/frame-000431.color.png 0.977538 0.209356 0.0199955 -0.0137825 -0.0768217 1.38287 -0.412115
seq-01/frame-000036.color.png 0.947213 0.205919 -0.201486 -0.140674 1.31698 -0.0345786 0.756363
seq-01/frame-000047.color.png 0.93035 0.203212 -0.261522 -0.157356 1.24815 -0.00787835 0.880739
seq-04/frame-000363.color.png 0.989496 0.143869 0.00119717 -0.0140339 -0.0779836 1.42562 -0.434261
seq-04/frame-000112.color.png 0.990886 0.126847 -0.0442718 -0.00975986 -0.0354625 1.2632 -0.046261
seq-04/frame-000246.color.png 0.960448 0.236201 0.147427 0.003768 -0.155389 1.10052 0.285124
seq-04/frame-000257.color.png 0.967277 0.240433 0.0799906 -0.013011 -0.0698265 1.22853 0.222088
seq-04/frame-000006.color.png 0.977501 0.173735 -0.119339 -0.00811501 0.21521 0.966304 0.588549
seq-01/frame-000355.color.png 0.988033 0.0743932 -0.123922 -0.0538502 0.405387 1.37869 -0.99288
seq-04/frame-000488.color.png 0.965824 0.256977 0.0106612 -0.0321505 -0.0445184 1.36355 -0.441938
seq-01/frame-000104.color.png 0.861152 0.135533 -0.434009 -0.227344 0.652103 -0.0144876 0.954615
seq-01/frame-000115.color.png 0.87073 0.141728 -0.413821 -0.224711 0.689018 0.111082 0.770474
seq-04/frame-000393.color.png 0.985763 0.166492 0.023433 0.00168522 -0.0916713 1.36998 -0.404444
seq-04/frame-000142.color.png 0.985034 0.0606291 0.156608 0.0388187 -0.262703 0.867408 0.132595
seq-01/frame-000491.color.png 0.9941 -0.00987566 -0.0938918 -0.0534062 0.530416 1.77012 -1.86763
seq-01/frame-000240.color.png 0.976696 0.126005 -0.128329 -0.117132 0.479516 0.89503 -0.124237
seq-04/frame-000074.color.png 0.970309 0.177928 -0.161426 -0.0279892 0.259043 1.49093 0.000432121
seq-01/frame-000317.color.png 0.985614 0.0973456 -0.113869 -0.0782436 0.522087 1.74738 -0.964088
seq-04/frame-000450.color.png 0.972014 0.233449 0.0172746 -0.0197876 -0.0673903 1.37734 -0.395673
seq-01/frame-000066.color.png 0.892241 0.176692 -0.370011 -0.189151 0.969948 -0.147066 1.06034
seq-04/frame-000461.color.png 0.969816 0.242411 0.013223 -0.0227646 -0.056832 1.3771 -0.40289
seq-04/frame-000472.color.png 0.967731 0.250428 0.0115101 -0.0255088 -0.0526306 1.37884 -0.413344
seq-04/frame-000344.color.png 0.991453 0.130199 -0.00730416 -0.00397027 -0.112287 1.41684 -0.392328
seq-04/frame-000355.color.png 0.991373 0.130871 -0.00405564 -0.00592128 -0.0941551 1.41244 -0.438287
seq-01/frame-000453.color.png 0.989123 0.059893 -0.109128 -0.0783588 0.601656 1.86753 -1.47765
seq-01/frame-000202.color.png 0.967986 0.151448 -0.158557 -0.122175 0.552571 0.696669 -0.013735
seq-01/frame-000134.color.png 0.929197 0.175231 -0.262824 -0.191863 0.736104 0.34297 0.4486
seq-04/frame-000412.color.png 0.979911 0.1985 0.0179913 -0.00700729 -0.070217 1.38769 -0.388951
seq-01/frame-000017.color.png 0.960593 0.205985 -0.145314 -0.117109 1.43532 0.0432153 0.63397
seq-01/frame-000028.color.png 0.954815 0.209515 -0.168929 -0.126071 1.39488 0.00346103 0.680743
seq-04/frame-000423.color.png 0.979456 0.200107 0.0215346 -0.0125976 -0.0791684 1.37729 -0.414134
seq-04/frame-000161.color.png 0.966124 0.0529805 0.246457 0.0552822 -0.343066 1.0835 0.0532157
seq-04/frame-000172.color.png 0.949622 0.0508691 0.302169 0.0657589 -0.371988 1.0694 0.107923
seq-04/frame-000306.color.png 0.985292 0.166731 -0.0250548 -0.0278021 0.0961484 1.33205 -0.145878
seq-01/frame-000259.color.png 0.983691 0.0813814 -0.127186 -0.0977381 0.3333 0.631045 -0.164101
seq-01/frame-000270.color.png 0.987176 0.0546192 -0.126154 -0.0811551 0.315037 0.58238 -0.306032
seq-04/frame-000055.color.png 0.970551 0.185054 -0.153389 -0.0160548 0.189459 1.13764 0.234918
seq-01/frame-000415.color.png 0.983631 0.0887297 -0.131801 -0.0850089 0.650833 1.7163 -1.20692
seq-01/frame-000164.color.png 0.96225 0.167343 -0.172338 -0.127949 0.618566 0.517966 0.186665
seq-04/frame-000480.color.png 0.967422 0.251431 0.00780796 -0.0285605 -0.0466825 1.36943 -0.434123
seq-04/frame-000491.color.png 0.964574 0.261719 0.00876564 -0.0319793 -0.0434816 1.37167 -0.434006
seq-04/frame-000229.color.png 0.938368 0.238528 0.247671 0.0350428 -0.21297 1.07104 0.414257
seq-04/frame-000374.color.png 0.987853 0.15513 -0.000958834 -0.00897395 -0.0672842 1.41457 -0.413911
seq-04/frame-000385.color.png 0.986917 0.160425 0.0160815 0.000924723 -0.0934684 1.39443 -0.406447
seq-04/frame-000123.color.png 0.993253 0.114977 0.0147669 0.00329649 -0.115589 1.24582 -0.0404112
seq-01/frame-000472.color.png 0.990795 0.04808 -0.10727 -0.0671308 0.665859 1.95478 -1.65508
seq-01/frame-000483.color.png 0.993887 0.0218164 -0.0913296 -0.0580592 0.55237 1.88233 -1.76407
seq-01/frame-000494.color.png 0.993893 -0.0156292 -0.0950392 -0.0538449 0.533845 1.7463 -1.88052
seq-04/frame-000134.color.png 0.994027 0.0316353 0.100894 0.027023 -0.237495 0.942566 -0.110961
seq-01/frame-000221.color.png 0.97525 0.133087 -0.128282 -0.121326 0.459031 0.765227 -0.0686548
seq-01/frame-000232.color.png 0.976744 0.12723 -0.124697 -0.119304 0.461258 0.82622 -0.0908763
seq-01/frame-000243.color.png 0.977251 0.120761 -0.131353 -0.114646 0.471029 0.910202 -0.143599
seq-01/frame-000366.color.png 0.988628 0.0736886 -0.107666 -0.0747882 0.404482 1.44589 -1.02356
seq-01/frame-000377.color.png 0.986398 0.0848835 -0.118968 -0.0752291 0.45503 1.51853 -1.07695
seq-04/frame-000017.color.png 0.976237 0.168359 -0.135393 -0.0168601 0.290421 1.00769 0.493155
seq-04/frame-000268.color.png 0.977702 0.196972 0.0705074 -0.0181285 -0.0569401 1.27915 0.0716933
seq-01/frame-000126.color.png 0.903722 0.166283 -0.328565 -0.218362 0.75837 0.228708 0.558535
seq-04/frame-000442.color.png 0.973558 0.227001 0.0183589 -0.0178357 -0.0630063 1.38509 -0.394426
seq-04/frame-000453.color.png 0.971389 0.236182 0.0141522 -0.0205003 -0.0609919 1.38164 -0.395713
seq-04/frame-000191.color.png 0.91501 0.110861 0.382169 0.0664376 -0.358717 1.09838 0.299287
seq-04/frame-000202.color.png 0.913598 0.171348 0.362453 0.0678749 -0.320793 1.07855 0.406483
seq-04/frame-000325.color.png 0.989846 0.140928 -0.00151661 -0.0184831 -0.0230974 1.36805 -0.297243
seq-04/frame-000336.color.png 0.98952 0.142085 -0.0250123 -0.00595224 -0.0760179 1.41536 -0.336052
seq-01/frame-000300.color.png 0.982419 0.118015 -0.117076 -0.0849583 0.405355 1.50776 -0.629198
seq-04/frame-000347.color.png 0.992057 0.125736 -0.00341686 0.000972661 -0.122836 1.41643 -0.412871
seq-04/frame-000085.color.png 0.975742 0.157687 -0.149266 -0.0279767 0.225153 1.22847 0.0382411
seq-01/frame-000434.color.png 0.983083 0.0947072 -0.129195 -0.0888094 0.645302 1.87014 -1.27702
seq-01/frame-000445.color.png 0.986042 0.0842896 -0.111973 -0.0898792 0.605534 1.89582 -1.34467
seq-04/frame-000096.color.png 0.985242 0.132717 -0.104272 -0.0284752 0.176853 1.23819 -0.039865
seq-04/frame-000230.color.png 0.937661 0.242947 0.246513 0.0316044 -0.219093 1.08549 0.421118
seq-01/frame-000183.color.png 0.957587 0.168402 -0.196205 -0.127164 0.663902 0.600633 0.0985379
seq-01/frame-000194.color.png 0.961455 0.162846 -0.175728 -0.134928 0.605582 0.672975 0.0346573
seq-04/frame-000481.color.png 0.967449 0.251288 0.00669663 -0.0291719 -0.0394282 1.36587 -0.437819
seq-01/frame-000328.color.png 0.983555 0.0777902 -0.135835 -0.0900978 0.606814 1.46957 -0.903791
seq-01/frame-000339.color.png 0.985098 0.0784413 -0.132529 -0.0765804 0.512791 1.27119 -0.825709
seq-01/frame-000077.color.png 0.879262 0.167921 -0.394577 -0.207389 0.870226 -0.145801 1.05632
seq-04/frame-000404.color.png 0.980931 0.192796 0.0244502 -0.00262034 -0.0950052 1.38433 -0.374025
seq-04/frame-000153.color.png 0.977296 0.0431806 0.200716 0.0523642 -0.32213 1.04948 0.00112919
seq-04/frame-000164.color.png 0.961656 0.0486758 0.263396 0.0589107 -0.358781 1.08054 0.054909
seq-04/frame-000309.color.png 0.986397 0.161207 -0.0188482 -0.0260466 0.0787606 1.33933 -0.169199
seq-04/frame-000287.color.png 0.983306 0.174435 -0.0443964 -0.0266684 0.0686181 1.31549 -0.0678139
seq-04/frame-000298.color.png 0.983298 0.170796 -0.0590171 -0.0216964 0.106254 1.32385 -0.109704
seq-04/frame-000443.color.png 0.973533 0.22715 0.0179627 -0.0177257 -0.0580168 1.37928 -0.395072
seq-01/frame-000251.color.png 0.978186 0.119476 -0.132896 -0.105909 0.451584 0.966281 -0.186492
seq-01/frame-000262.color.png 0.98416 0.0773911 -0.127411 -0.0959462 0.332785 0.625469 -0.183497
seq-04/frame-000036.color.png 0.972464 0.179964 -0.145769 -0.026027 0.287813 1.0585 0.371369
seq-01/frame-000396.color.png 0.982633 0.110988 -0.126411 -0.0783188 0.622292 1.72966 -1.08689
seq-01/frame-000000.color.png 0.96312 0.198654 -0.141869 -0.113181 1.4457 0.0511751 0.616166
seq-01/frame-000011.color.png 0.961889 0.201907 -0.143568 -0.11572 1.44256 0.0443285 0.622012
seq-01/frame-000407.color.png 0.982196 0.100767 -0.135778 -0.0818615 0.662191 1.73781 -1.13033
seq-01/frame-000145.color.png 0.947197 0.192304 -0.192689 -0.169437 0.669526 0.438186 0.348241
seq-01/frame-000156.color.png 0.958509 0.176176 -0.173837 -0.141432 0.661821 0.459299 0.266585
seq-04/frame-000047.color.png 0.972145 0.180699 -0.148091 -0.018721 0.195811 1.11312 0.288493
seq-01/frame-000290.color.png 0.976422 0.138055 -0.131485 -0.101255 0.454969 1.51242 -0.489458
seq-04/frame-000192.color.png 0.912178 0.11598 0.387209 0.0674408 -0.354614 1.09275 0.32027
seq-01/frame-000039.color.png 0.944753 0.199432 -0.216547 -0.144141 1.29107 -0.0551159 0.772997
seq-04/frame-000221.color.png 0.927295 0.237901 0.284717 0.049627 -0.250526 1.06494 0.453849
seq-04/frame-000366.color.png 0.98813 0.153355 -0.00263609 -0.00861971 -0.0775674 1.4308 -0.41646
seq-04/frame-000104.color.png 0.988689 0.124708 -0.0811464 -0.0188813 0.0748457 1.22819 -0.0499916
seq-01/frame-000464.color.png 0.989865 0.0515672 -0.108488 -0.075749 0.663728 1.90558 -1.60351
seq-01/frame-000475.color.png 0.991557 0.0449938 -0.103669 -0.0635869 0.641521 1.94996 -1.6701
seq-04/frame-000115.color.png 0.99145 0.12572 -0.0342282 -0.00712376 -0.0483662 1.26043 -0.0414711
seq-04/frame-000249.color.png 0.960567 0.251191 0.119064 -0.00619386 -0.100751 1.18495 0.293397
seq-01/frame-000213.color.png 0.974486 0.13376 -0.136362 -0.117861 0.495822 0.71804 -0.0555793
seq-01/frame-000224.color.png 0.977028 0.126563 -0.127359 -0.114798 0.454582 0.76916 -0.0867528
seq-04/frame-000009.color.png 0.976751 0.172865 -0.126345 -0.0106201 0.240382 0.979238 0.559455
seq-01/frame-000347.color.png 0.986104 0.0800052 -0.118031 -0.0852484 0.458516 1.33472 -0.904277
seq-01/frame-000358.color.png 0.989304 0.0777266 -0.10507 -0.0647733 0.387215 1.41901 -1.00094
seq-01/frame-000369.color.png 0.987726 0.0743252 -0.113529 -0.0773643 0.422438 1.45455 -1.0329
seq-04/frame-000260.color.png 0.970343 0.229081 0.0758432 -0.0142779 -0.0674617 1.24537 0.173901
seq-01/frame-000096.color.png 0.866177 0.127016 -0.429017 -0.222596 0.684156 -0.0307242 1.01995
seq-01/frame-000107.color.png 0.862 0.138688 -0.431662 -0.226693 0.653449 0.00726698 0.921797
seq-01/frame-000118.color.png 0.879651 0.149804 -0.389061 -0.228922 0.728074 0.136769 0.700167
seq-01/frame-000252.color.png 0.978527 0.109591 -0.140183 -0.104034 0.481392 0.922626 -0.21312
seq-01/frame-000001.color.png 0.962788 0.200741 -0.141973 -0.112187 1.44726 0.0591571 0.620646
seq-04/frame-000183.color.png 0.929583 0.0997184 0.348546 0.0666945 -0.350471 1.08769 0.241795
seq-04/frame-000317.color.png 0.98748 0.155745 0.00294398 -0.0248714 0.0206778 1.35024 -0.214387
seq-04/frame-000328.color.png 0.989297 0.144342 -0.0138169 -0.0163211 -0.0510767 1.39233 -0.309287
seq-04/frame-000066.color.png 0.970167 0.183868 -0.156722 -0.0201738 0.198463 1.18315 0.167247
seq-01/frame-000426.color.png 0.984191 0.0834573 -0.130732 -0.0855075 0.628683 1.76293 -1.28653
seq-04/frame-000077.color.png 0.970131 0.174782 -0.166077 -0.0267558 0.21876 1.2239 0.0977407
seq-04/frame-000211.color.png 0.920188 0.20527 0.327142 0.0640041 -0.293437 1.06543 0.44222
seq-04/frame-000222.color.png 0.929893 0.234756 0.278601 0.0506918 -0.241784 1.05045 0.440694
seq-01/frame-000175.color.png 0.962807 0.158655 -0.179346 -0.125167 0.622012 0.536075 0.0979619
seq-01/frame-000309.color.png 0.985806 0.0988882 -0.113419 -0.074462 0.384617 1.22217 -0.577054
seq-01/frame-000320.color.png 0.984519 0.0951229 -0.123309 -0.0804323 0.578663 1.7514 -0.982151
seq-01/frame-000331.color.png 0.973359 0.107927 -0.185056 -0.0817158 0.514184 0.650536 -0.156586
seq-01/frame-000058.color.png 0.911921 0.184975 -0.323304 -0.172218 1.10541 -0.10383 0.996232
seq-01/frame-000069.color.png 0.887213 0.173735 -0.380445 -0.194757 0.935994 -0.147267 1.0688
seq-01/frame-000080.color.png 0.878837 0.164446 -0.396958 -0.207431 0.849332 -0.125806 1.04878
seq-01/frame-000456.color.png 0.989411 0.0556945 -0.107365 -0.0802334 0.624331 1.86567 -1.52706
seq-04/frame-000279.color.png 0.982804 0.181909 -0.00959817 -0.0302156 0.0356832 1.29225 -0.0176383
seq-04/frame-000290.color.png 0.983299 0.170298 -0.0594716 -0.024179 0.0908664 1.31082 -0.0840805
seq-04/frame-000028.color.png 0.973759 0.17738 -0.140358 -0.0251081 0.3021 1.04272 0.440405
seq-01/frame-000388.color.png 0.985622 0.0938654 -0.1166 -0.078373 0.559695 1.63952 -1.12199
seq-04/frame-000039.color.png 0.972211 0.182509 -0.144335 -0.0257633 0.255894 1.07153 0.357126
seq-04/frame-000184.color.png 0.927644 0.102216 0.352947 0.0667582 -0.353444 1.0916 0.245349
seq-01/frame-000137.color.png 0.934674 0.178922 -0.241625 -0.18971 0.721069 0.367454 0.418466
seq-01/frame-000271.color.png 0.97564 0.140209 -0.139675 -0.094647 0.510717 1.446 -0.334682
seq-01/frame-000282.color.png 0.974489 0.117082 -0.163119 -0.100277 0.403595 0.603206 -0.0800736
seq-01/frame-000293.color.png 0.976761 0.134761 -0.135523 -0.0970114 0.464476 1.51949 -0.507856
seq-04/frame-000415.color.png 0.979617 0.199614 0.0201626 -0.00993439 -0.0744108 1.3887 -0.39142
seq-01/frame-000020.color.png 0.959563 0.207291 -0.148759 -0.118913 1.43278 0.0331043 0.634798
seq-01/frame-000031.color.png 0.952673 0.207859 -0.179305 -0.130605 1.36843 -0.00755377 0.707935
seq-04/frame-000426.color.png 0.9788 0.20365 0.0173306 -0.0132913 -0.0639022 1.37842 -0.412551
seq-04/frame-000241.color.png 0.954679 0.231997 0.186079 0.0118363 -0.169034 1.06183 0.320721
seq-04/frame-000252.color.png 0.962514 0.250028 0.104655 -0.00998554 -0.096197 1.18485 0.27095
seq-01/frame-000205.color.png 0.972391 0.132396 -0.152276 -0.117216 0.522776 0.646526 -0.0636351
seq-04/frame-000001.color.png 0.978556 0.175473 -0.107796 -0.00424989 0.186041 0.947088 0.641043
seq-01/frame-000350.color.png 0.986651 0.0707699 -0.126279 -0.0745949 0.449463 1.32349 -0.96275
seq-04/frame-000483.color.png 0.967246 0.252028 0.00790005 -0.0292223 -0.0454836 1.3647 -0.443483
seq-01/frame-000088.color.png 0.874856 0.141337 -0.410489 -0.214822 0.759448 -0.0670362 1.03467
seq-01/frame-000099.color.png 0.865586 0.126097 -0.42788 -0.22755 0.677483 -0.033259 1.00456
seq-04/frame-000377.color.png 0.988077 0.153775 0.00168985 -0.00740442 -0.0714422 1.40554 -0.418514
seq-04/frame-000126.color.png 0.995365 0.0864692 0.0412765 0.00819143 -0.135171 1.12601 -0.0848196
seq-01/frame-000486.color.png 0.994002 0.0148104 -0.0938816 -0.0540966 0.551367 1.86148 -1.78534
seq-01/frame-000235.color.png 0.977194 0.126089 -0.121727 -0.119902 0.448629 0.853868 -0.101279
seq-04/frame-000058.color.png 0.970534 0.188133 -0.149626 -0.0167855 0.18356 1.15057 0.215513
seq-04/frame-000214.color.png 0.92334 0.22078 0.309273 0.055222 -0.260951 1.05524 0.450862
seq-01/frame-000312.color.png 0.986195 0.102893 -0.108225 -0.0715484 0.374859 1.24486 -0.601665
seq-04/frame-000434.color.png 0.976457 0.214442 0.0188984 -0.0137878 -0.0779837 1.38371 -0.4061
seq-01/frame-000050.color.png 0.926104 0.200665 -0.274658 -0.163182 1.21315 -0.0276375 0.91094
seq-01/frame-000061.color.png 0.904119 0.183689 -0.342346 -0.177838 1.04533 -0.122096 1.03048
seq-04/frame-000445.color.png 0.97275 0.230253 0.0190357 -0.0194507 -0.0592772 1.38461 -0.392196
seq-04/frame-000456.color.png 0.971329 0.236419 0.0128107 -0.0214953 -0.053408 1.38143 -0.405717
seq-04/frame-000339.color.png 0.990541 0.136005 -0.0169924 -0.00646115 -0.0966486 1.41187 -0.36102
seq-04/frame-000088.color.png 0.977636 0.150428 -0.144128 -0.0287338 0.232746 1.22875 0.0167013
seq-01/frame-000437.color.png 0.983797 0.0908074 -0.12035 -0.0970185 0.648614 1.87525 -1.29558
seq-01/frame-000448.color.png 0.987498 0.077418 -0.108356 -0.0843388 0.584604 1.89207 -1.38584
seq-01/frame-000186.color.png 0.960075 0.157458 -0.194855 -0.12448 0.659611 0.570809 0.072199
seq-04/frame-000271.color.png 0.981273 0.184112 0.0522987 -0.0217188 -0.0375802 1.27033 0.021728
seq-04/frame-000020.color.png 0.975627 0.168488 -0.139232 -0.0194476 0.294002 1.01728 0.482074
