data/frame-000464.color.jpg -0.0125042 -0.101068 0.931501 -0.349193 -0.219274 3.240118 -1.152459 1166.72
data/frame-000465.color.jpg -0.00532759 -0.0858561 0.932043 -0.351989 -0.127241 3.240812 -1.167333 1166.72
data/frame-000466.color.jpg 0.000520046 -0.0709664 0.932308 -0.354635 -0.039791 3.245838 -1.184590 1166.72
data/frame-000467.color.jpg 0.00161175 -0.066813 0.932699 -0.354409 -0.020923 3.254751 -1.183366 1166.72
data/frame-000468.color.jpg -0.000662425 -0.0764711 0.93815 -0.337677 -0.100607 3.294053 -1.075841 1166.72
data/frame-000469.color.jpg 0.00038327 -0.0795246 0.938679 -0.335495 -0.127821 3.303068 -1.063693 1166.72
data/frame-000470.color.jpg 0.006106 -0.0823486 0.937467 -0.338137 -0.160754 3.304627 -1.088766 1166.72
data/frame-000471.color.jpg 0.00730846 -0.0780333 0.935871 -0.343517 -0.147821 3.304834 -1.127409 1166.72
data/frame-000472.color.jpg 0.00996761 -0.0762943 0.936454 -0.342249 -0.148215 3.316800 -1.120831 1166.72
data/frame-000473.color.jpg 0.0123888 -0.0699697 0.936912 -0.342266 -0.110756 3.325262 -1.125144 1166.72
data/frame-000474.color.jpg 0.0185847 -0.0700422 0.937567 -0.340173 -0.122725 3.332763 -1.118173 1166.72
data/frame-000475.color.jpg 0.0171386 -0.0721862 0.937068 -0.341172 -0.133366 3.336791 -1.125597 1166.72
data/frame-000476.color.jpg 0.011841 -0.072914 0.936288 -0.343377 -0.114103 3.354034 -1.142951 1166.72
data/frame-000477.color.jpg 0.0111861 -0.0655643 0.936664 -0.343856 -0.039335 3.387163 -1.154847 1166.72
data/frame-000478.color.jpg 0.0143376 -0.0551313 0.933783 -0.353276 0.077672 3.404759 -1.230282 1166.72
data/frame-000479.color.jpg 0.022336 -0.0421551 0.932126 -0.358979 0.227444 3.444096 -1.276608 1166.72
data/frame-000480.color.jpg 0.0308387 -0.0375353 0.929678 -0.365157 0.307057 3.462143 -1.327427 1166.72
data/frame-000481.color.jpg 0.0373786 -0.0315575 0.926867 -0.372189 0.380901 3.456748 -1.383118 1166.72
data/frame-000513.color.jpg -0.103495 -0.366911 0.862891 -0.331788 -1.857825 3.432129 -1.392363 1166.72
data/frame-000514.color.jpg -0.0977052 -0.375711 0.864302 -0.319809 -1.897365 3.430317 -1.292672 1166.72
data/frame-000484.color.jpg 0.0735772 -0.0287506 0.917467 -0.389889 0.398528 3.560628 -1.604380 1166.72
data/frame-000485.color.jpg 0.0798414 -0.0390794 0.915158 -0.393173 0.288970 3.589299 -1.681379 1166.72
data/frame-000486.color.jpg 0.0654897 -0.050022 0.913217 -0.399054 0.183568 3.592329 -1.765657 1166.72
data/frame-000487.color.jpg 0.0569864 -0.0487331 0.914139 -0.398406 0.190565 3.612277 -1.782477 1166.72
data/frame-000488.color.jpg 0.0578304 -0.0326223 0.913701 -0.400927 0.352472 3.641265 -1.821692 1166.72
data/frame-000489.color.jpg 0.053648 -0.0245085 0.912574 -0.404635 0.457442 3.645818 -1.857684 1166.72
data/frame-000490.color.jpg 0.0464999 -0.0252778 0.914978 -0.400017 0.491517 3.680463 -1.838283 1166.72
data/frame-000491.color.jpg 0.0325792 -0.0131824 0.912804 -0.406884 0.619318 3.653881 -1.914208 1166.72
data/frame-000492.color.jpg 0.0333582 -0.00317922 0.913158 -0.406227 0.735718 3.675846 -1.921923 1166.72
data/frame-000493.color.jpg 0.0339007 -0.0111454 0.912556 -0.407392 0.688561 3.690278 -1.957732 1166.72
data/frame-000494.color.jpg 0.0177448 -0.0457713 0.904689 -0.423235 0.401523 3.657799 -2.137362 1166.72
data/frame-000495.color.jpg 0.00230041 -0.0789821 0.902536 -0.423302 0.125620 3.666253 -2.173401 1166.72
data/frame-000496.color.jpg -0.016417 -0.0919587 0.902594 -0.420235 0.008890 3.673552 -2.165777 1166.72
data/frame-000497.color.jpg -0.022975 -0.103525 0.906012 -0.409753 -0.063699 3.714658 -2.104050 1166.72
data/frame-000529.color.jpg -0.14171 -0.448388 0.835617 -0.283919 -2.233476 3.212661 -0.920178 1166.72
data/frame-000499.color.jpg -0.0297574 -0.136893 0.906202 -0.398964 -0.266704 3.758308 -2.043614 1166.72
data/frame-000500.color.jpg -0.0316974 -0.152976 0.90559 -0.394336 -0.368694 3.770438 -2.013304 1166.72
data/frame-000501.color.jpg -0.0407069 -0.170423 0.903029 -0.392222 -0.488989 3.766557 -2.005905 1166.72
data/frame-000502.color.jpg -0.0416669 -0.183074 0.901194 -0.390636 -0.573338 3.759933 -1.991953 1166.72
data/frame-000503.color.jpg -0.0582734 -0.204634 0.896887 -0.387714 -0.736703 3.738135 -1.968168 1166.72
data/frame-000504.color.jpg -0.069416 -0.220522 0.892317 -0.387713 -0.860170 3.706123 -1.961472 1166.72
data/frame-000505.color.jpg -0.0771571 -0.244336 0.88731 -0.383443 -1.035219 3.674517 -1.916637 1166.72
data/frame-000506.color.jpg -0.0827006 -0.259578 0.882833 -0.382605 -1.145306 3.642981 -1.898451 1166.72
data/frame-000507.color.jpg -0.0897237 -0.282275 0.877879 -0.376297 -1.308232 3.604695 -1.829871 1166.72
data/frame-000508.color.jpg -0.0954739 -0.305464 0.873462 -0.366934 -1.472241 3.570830 -1.734884 1166.72
data/frame-000509.color.jpg -0.0982848 -0.320001 0.868905 -0.364613 -1.576170 3.520771 -1.698070 1166.72
data/frame-000510.color.jpg -0.0979678 -0.327845 0.867774 -0.360399 -1.608568 3.514545 -1.661868 1166.72
data/frame-000511.color.jpg -0.104983 -0.341483 0.866005 -0.349862 -1.706688 3.482070 -1.557303 1166.72
data/frame-000512.color.jpg -0.108889 -0.354731 0.862971 -0.342915 -1.785411 3.450162 -1.487598 1166.72
data/frame-000482.color.jpg 0.0773148 -0.0176657 0.920506 -0.382594 0.533775 3.499488 -1.449946 1166.72
data/frame-000483.color.jpg 0.0728746 -0.0125024 0.921348 -0.381643 0.559103 3.531834 -1.477042 1166.72
data/frame-000515.color.jpg -0.105657 -0.383166 0.864322 -0.308169 -1.932096 3.426711 -1.188635 1166.72
data/frame-000516.color.jpg -0.10697 -0.394914 0.863914 -0.293688 -1.986479 3.426409 -1.067267 1166.72
data/frame-000517.color.jpg -0.109149 -0.403624 0.86065 -0.290612 -2.038782 3.397710 -1.033914 1166.72
data/frame-000518.color.jpg -0.111766 -0.411274 0.857966 -0.286803 -2.079116 3.362592 -0.993832 1166.72
data/frame-000519.color.jpg -0.107411 -0.416591 0.859953 -0.274583 -2.096827 3.363834 -0.900639 1166.72
data/frame-000520.color.jpg -0.103476 -0.422448 0.858266 -0.272415 -2.124613 3.336410 -0.884400 1166.72
data/frame-000521.color.jpg -0.104231 -0.430676 0.854637 -0.270646 -2.165300 3.304218 -0.863758 1166.72
data/frame-000522.color.jpg -0.111733 -0.434953 0.851384 -0.271067 -2.176196 3.289241 -0.858169 1166.72
data/frame-000523.color.jpg -0.117364 -0.435813 0.849146 -0.274307 -2.169939 3.281369 -0.879699 1166.72
data/frame-000524.color.jpg -0.125484 -0.436792 0.847455 -0.274383 -2.161976 3.280120 -0.877399 1166.72
data/frame-000525.color.jpg -0.136235 -0.437367 0.845748 -0.273607 -2.155743 3.288549 -0.866301 1166.72
data/frame-000526.color.jpg -0.137876 -0.440502 0.843836 -0.273657 -2.175133 3.275590 -0.862485 1166.72
data/frame-000527.color.jpg -0.137432 -0.446446 0.839877 -0.276416 -2.214243 3.241847 -0.875943 1166.72
data/frame-000528.color.jpg -0.138662 -0.449886 0.837175 -0.278412 -2.236437 3.220820 -0.882832 1166.72
data/frame-000498.color.jpg -0.0232824 -0.114652 0.906717 -0.405187 -0.122333 3.741612 -2.077031 1166.72
data/frame-000530.color.jpg 0.0034824 -0.067373 0.946839 -0.314554 -1.020500 4.363452 -1.663932 1166.72
data/frame-000531.color.jpg 0.00580286 -0.0620387 0.947092 -0.314857 -0.971633 4.372143 -1.674658 1166.72
data/frame-000532.color.jpg 0.00744631 -0.0611003 0.946994 -0.3153 -0.961825 4.372068 -1.682133 1166.72
data/frame-000533.color.jpg 0.00529117 -0.0607812 0.946664 -0.316393 -0.959882 4.369172 -1.689605 1166.72
data/frame-000534.color.jpg 0.00534473 -0.061554 0.946883 -0.315587 -0.967541 4.371060 -1.682208 1166.72
data/frame-000535.color.jpg 0.00321301 -0.0624397 0.946677 -0.316059 -0.976933 4.369480 -1.683941 1166.72
data/frame-000536.color.jpg 0.00215622 -0.0627998 0.946419 -0.316769 -0.979454 4.368290 -1.690363 1166.72
data/frame-000537.color.jpg 0.00135838 -0.0639751 0.946232 -0.317097 -0.990751 4.366091 -1.692203 1166.72
data/frame-000538.color.jpg 0.0017362 -0.0643953 0.946101 -0.317401 -0.993139 4.363324 -1.695688 1166.72
data/frame-000539.color.jpg -0.000103047 -0.0670895 0.945452 -0.318777 -1.015410 4.352849 -1.704578 1166.72
data/frame-000540.color.jpg -0.00167163 -0.0688029 0.945047 -0.319608 -1.031260 4.346989 -1.706954 1166.72
data/frame-000541.color.jpg -0.00197846 -0.0705841 0.944868 -0.319746 -1.047769 4.341938 -1.705804 1166.72
data/frame-000542.color.jpg -0.00207283 -0.07237 0.944713 -0.319805 -1.062430 4.337110 -1.705255 1166.72
data/frame-000543.color.jpg -0.00246369 -0.0751403 0.943989 -0.321298 -1.084760 4.324212 -1.716039 1166.72
data/frame-000544.color.jpg -0.00288882 -0.079041 0.943625 -0.321429 -1.117691 4.314593 -1.712689 1166.72
data/frame-000545.color.jpg -0.00668721 -0.0894062 0.942848 -0.320936 -1.208740 4.291684 -1.691611 1166.72
data/frame-000546.color.jpg -0.00746507 -0.0923999 0.942597 -0.320808 -1.234880 4.283788 -1.686452 1166.72
data/frame-000547.color.jpg -0.00839398 -0.099735 0.942199 -0.319755 -1.302329 4.266317 -1.664302 1166.72
data/frame-000548.color.jpg -0.0024523 -0.111154 0.942189 -0.3161 -1.405371 4.232232 -1.625453 1166.72
data/frame-000549.color.jpg -0.00381942 -0.132743 0.940128 -0.313885 -1.602940 4.162261 -1.576037 1166.72
data/frame-000550.color.jpg -0.0110455 -0.159639 0.936734 -0.311325 -1.836979 4.051899 -1.501705 1166.72
data/frame-000551.color.jpg -0.0255566 -0.200514 0.927794 -0.313592 -2.191591 3.859213 -1.439549 1166.72
data/frame-000552.color.jpg -0.0427369 -0.234353 0.916664 -0.320904 -2.472019 3.640366 -1.403803 1166.72
data/frame-000553.color.jpg -0.0661521 -0.281823 0.90281 -0.318014 -2.817371 3.334180 -1.211112 1166.72
data/frame-000554.color.jpg -0.0962832 -0.358058 0.875642 -0.309474 -3.352621 2.821509 -0.886581 1166.72
data/frame-000555.color.jpg -0.128761 -0.416174 0.839061 -0.325877 -3.716399 2.300759 -0.731198 1166.72
data/frame-000556.color.jpg -0.137525 -0.447776 0.826668 -0.311774 -3.860171 2.029258 -0.512271 1166.72
data/frame-000557.color.jpg -0.136101 -0.457408 0.82288 -0.308419 -3.885314 1.912932 -0.503385 1166.72
data/frame-000558.color.jpg -0.135019 -0.467008 0.820527 -0.300682 -3.919020 1.807922 -0.465018 1166.72
data/frame-000559.color.jpg -0.13153 -0.478598 0.819715 -0.285853 -3.945847 1.716991 -0.370973 1166.72
data/frame-000560.color.jpg -0.14383 -0.479519 0.819695 -0.278341 -3.934933 1.726820 -0.266247 1166.72
data/frame-000561.color.jpg -0.163588 -0.48953 0.816471 -0.258793 -3.917837 1.686657 -0.010904 1166.72
data/frame-000562.color.jpg -0.173903 -0.508588 0.806846 -0.245144 -3.932143 1.543221 0.187594 1166.72
data/frame-000563.color.jpg -0.186221 -0.533629 0.793298 -0.226362 -3.933595 1.353971 0.442676 1166.72
data/frame-000564.color.jpg -0.205 -0.560398 0.771422 -0.220992 -3.916504 1.131742 0.661174 1166.72
data/frame-000565.color.jpg -0.217554 -0.597833 0.742602 -0.209305 -3.877999 0.808734 0.916168 1166.72
data/frame-000566.color.jpg -0.223597 -0.643035 0.707557 -0.189401 -3.795062 0.398484 1.194806 1166.72
data/frame-000567.color.jpg -0.226954 -0.674543 0.677826 -0.184486 -3.719862 0.095815 1.338738 1166.72
data/frame-000568.color.jpg 0.223234 0.695315 -0.660131 0.175872 -3.656214 -0.098521 1.422149 1166.72
data/frame-000569.color.jpg 0.213834 0.713358 -0.646143 0.16702 -3.598167 -0.260710 1.478786 1166.72
data/frame-000570.color.jpg 0.211031 0.723281 -0.637303 0.161787 -3.551162 -0.331428 1.531214 1166.72
data/frame-000571.color.jpg 0.20143 0.739389 -0.623267 0.155786 -3.495100 -0.481912 1.572229 1166.72
data/frame-000572.color.jpg 0.184335 0.747413 -0.623281 0.137536 -3.463993 -0.524062 1.617623 1166.72
data/frame-000573.color.jpg 0.186505 0.743039 -0.627457 0.139308 -3.474920 -0.458142 1.624912 1166.72
data/frame-000574.color.jpg 0.188718 0.754053 -0.615066 0.132225 -3.450657 -0.541733 1.721156 1166.72
data/frame-000575.color.jpg 0.197454 0.765738 -0.59747 0.132993 -3.423689 -0.609279 1.821577 1166.72
data/frame-000576.color.jpg 0.208987 0.765246 -0.593983 0.133818 -3.423615 -0.544554 1.887760 1166.72
data/frame-000577.color.jpg 0.196745 0.749869 -0.616162 0.139041 -3.527847 -0.355554 1.746710 1166.72
data/frame-000578.color.jpg 0.184693 0.700522 -0.673147 0.148428 -3.642119 0.220824 1.496171 1166.72
data/frame-000579.color.jpg -0.178823 -0.649355 0.721384 -0.161138 -3.645806 0.764526 1.266049 1166.72
data/frame-000956.color.jpg -0.168645 -0.648622 0.719384 -0.182576 -3.891736 0.592240 1.161332 1166.72
data/frame-000247.color.jpg 0.011931 -0.0587509 0.931898 -0.357731 -0.986644 4.135577 -2.018484 1166.72
data/frame-000957.color.jpg -0.152724 -0.660456 0.719316 -0.151846 -3.907120 0.500237 1.265845 1166.72
data/frame-000248.color.jpg 0.0132923 -0.059371 0.933898 -0.352324 -0.993668 4.154689 -1.973749 1166.72
data/frame-000958.color.jpg -0.16651 -0.661795 0.715356 -0.150225 -3.908189 0.554072 1.349714 1166.72
data/frame-000249.color.jpg 0.0149395 -0.0595962 0.934382 -0.350935 -0.992516 4.158422 -1.965707 1166.72
data/frame-000959.color.jpg -0.153934 -0.648221 0.731838 -0.143271 -3.971222 0.731879 1.280582 1166.72
data/frame-000250.color.jpg 0.0156709 -0.0592497 0.934782 -0.349894 -0.989548 4.162304 -1.957779 1166.72
data/frame-000960.color.jpg -0.156306 -0.624117 0.748856 -0.158936 -4.009721 1.029418 1.126856 1166.72
data/frame-000251.color.jpg 0.0175148 -0.0597688 0.935291 -0.348357 -0.994323 4.166537 -1.946337 1166.72
data/frame-000961.color.jpg -0.153722 -0.598544 0.768129 -0.167611 -4.021965 1.328961 0.974085 1166.72
data/frame-000252.color.jpg 0.0163572 -0.0594823 0.935146 -0.348851 -0.992714 4.165225 -1.949148 1166.72
data/frame-000962.color.jpg -0.142039 -0.567986 0.791783 -0.17406 -3.997508 1.683260 0.765673 1166.72
data/frame-000963.color.jpg -0.135637 -0.543754 0.809653 -0.174344 -3.933861 1.959679 0.648390 1166.72
data/frame-000254.color.jpg 0.0157176 -0.0630343 0.935327 -0.347769 -1.026160 4.162809 -1.937556 1166.72
data/frame-000964.color.jpg -0.129913 -0.519074 0.826477 -0.174987 -3.857127 2.247467 0.528253 1166.72
data/frame-000255.color.jpg 0.0178709 -0.0668547 0.935891 -0.345425 -1.059899 4.163126 -1.920898 1166.72
data/frame-000965.color.jpg -0.120947 -0.493264 0.842166 -0.181158 -3.788128 2.493538 0.371087 1166.72
data/frame-000256.color.jpg 0.01565 -0.0655832 0.936222 -0.34488 -1.050031 4.172344 -1.915473 1166.72
data/frame-000966.color.jpg -0.108154 -0.479221 0.852731 -0.17748 -3.772453 2.639952 0.301426 1166.72
data/frame-000257.color.jpg 0.0158804 -0.0654151 0.936038 -0.345401 -1.047240 4.169640 -1.920854 1166.72
data/frame-000967.color.jpg -0.105261 -0.485767 0.851963 -0.16465 -3.875132 2.620451 0.388756 1166.72
data/frame-000258.color.jpg 0.0163084 -0.0671518 0.936499 -0.343795 -1.062971 4.173153 -1.907516 1166.72
data/frame-000968.color.jpg -0.105979 -0.497521 0.845825 -0.160689 -4.022071 2.538130 0.439996 1166.72
data/frame-000259.color.jpg 0.0167441 -0.0687459 0.936644 -0.343062 -1.076500 4.172746 -1.901468 1166.72
data/frame-000969.color.jpg -0.108011 -0.514465 0.83527 -0.161193 -4.185837 2.394448 0.473294 1166.72
data/frame-000260.color.jpg 0.0170405 -0.0698817 0.936736 -0.342566 -1.085749 4.172066 -1.897321 1166.72
data/frame-000970.color.jpg -0.100443 -0.544446 0.816425 -0.164135 -4.404698 2.087869 0.460924 1166.72
data/frame-000261.color.jpg 0.0171221 -0.072975 0.936917 -0.341421 -1.114250 4.168807 -1.886988 1166.72
data/frame-000971.color.jpg -0.0911855 -0.55355 0.811806 -0.161987 -4.483693 2.014413 0.438433 1166.72
data/frame-000262.color.jpg 0.0167766 -0.0737939 0.936689 -0.341888 -1.120461 4.166224 -1.891211 1166.72
data/frame-001060.color.jpg 0.262131 0.834239 -0.475395 0.0966053 -2.832717 -0.095924 1.866926 1166.72
data/frame-001061.color.jpg 0.264351 0.823901 -0.490365 0.104153 -2.887916 0.052665 1.786087 1166.72
data/frame-001062.color.jpg 0.266529 0.813494 -0.504743 0.111461 -2.930035 0.202655 1.703393 1166.72
data/frame-001063.color.jpg 0.270312 0.814364 -0.502044 0.10814 -2.925262 0.255532 1.702558 1166.72
data/frame-001064.color.jpg 0.273014 0.819621 -0.492138 0.107171 -2.914185 0.219195 1.724368 1166.72
data/frame-001065.color.jpg 0.283077 0.832478 -0.466421 0.096432 -2.865512 0.119387 1.836484 1166.72
data/frame-001066.color.jpg 0.290072 0.838149 -0.451324 0.0983384 -2.881520 0.090053 1.859589 1166.72
data/frame-001068.color.jpg 0.302947 0.850222 -0.419973 0.0947001 -2.855619 -0.000058 1.936904 1166.72
data/frame-001069.color.jpg 0.302845 0.853796 -0.412586 0.0953454 -2.869994 -0.017443 1.929128 1166.72
data/frame-001070.color.jpg 0.303872 0.850077 -0.419584 0.0947646 -2.897740 0.060643 1.902925 1166.72
data/frame-001071.color.jpg 0.306153 0.84595 -0.423717 0.105366 -2.944783 0.143665 1.819293 1166.72
data/frame-001072.color.jpg 0.307229 0.83698 -0.438008 0.114993 -2.980956 0.287314 1.712210 1166.72
data/frame-001073.color.jpg 0.30784 0.828674 -0.45214 0.118757 -3.007357 0.416593 1.641691 1166.72
data/frame-001074.color.jpg 0.307115 0.819584 -0.468072 0.121949 -3.041367 0.550269 1.563831 1166.72
data/frame-001075.color.jpg 0.304701 0.811511 -0.482425 0.125989 -3.065408 0.660054 1.482505 1166.72
data/frame-001076.color.jpg 0.302254 0.800192 -0.50124 0.130743 -3.080230 0.807095 1.380840 1166.72
data/frame-001077.color.jpg 0.295633 0.792723 -0.515736 0.134937 -3.096561 0.894909 1.292052 1166.72
data/frame-001078.color.jpg 0.284206 0.7785 -0.542186 0.138563 -3.117297 1.044879 1.169176 1166.72
data/frame-001079.color.jpg 0.272851 0.77018 -0.559075 0.140749 -3.134720 1.126864 1.089749 1166.72
data/frame-001080.color.jpg 0.236924 0.743905 -0.605516 0.154348 -3.170178 1.355767 0.829531 1166.72
data/frame-001081.color.jpg 0.223559 0.733275 -0.62152 0.161377 -3.188351 1.436755 0.724169 1166.72
data/frame-001082.color.jpg 0.215796 0.726898 -0.631638 0.161506 -3.199425 1.486843 0.685891 1166.72
data/frame-001083.color.jpg 0.211213 0.71071 -0.652496 0.156616 -3.166382 1.639020 0.658074 1166.72
data/frame-001084.color.jpg 0.200203 0.696763 -0.670457 0.157886 -3.149641 1.760360 0.585012 1166.72
data/frame-001085.color.jpg 0.191604 0.685904 -0.6833 0.161009 -3.138363 1.851014 0.515683 1166.72
data/frame-000443.color.jpg -0.202453 -0.519751 0.783091 -0.275027 -2.462823 2.467380 -0.392149 1166.72
data/frame-001086.color.jpg -0.183445 -0.6773 0.694497 -0.159018 -3.125389 1.926598 0.485271 1166.72
data/frame-001087.color.jpg -0.176547 -0.67451 0.698972 -0.15908 -3.135536 1.947358 0.460192 1166.72
data/frame-001088.color.jpg -0.174677 -0.670621 0.703782 -0.156352 -3.137998 1.985674 0.462483 1166.72
data/frame-001089.color.jpg -0.169581 -0.670056 0.705306 -0.157515 -3.152079 1.983577 0.442347 1166.72
data/frame-001090.color.jpg -0.168388 -0.667766 0.708192 -0.155559 -3.158959 2.005658 0.446507 1166.72
data/frame-001091.color.jpg -0.164797 -0.668505 0.709364 -0.150821 -3.182195 1.994292 0.475612 1166.72
data/frame-001092.color.jpg -0.15507 -0.667525 0.713774 -0.144537 -3.200012 1.992279 0.498660 1166.72
data/frame-001093.color.jpg -0.145085 -0.672182 0.711727 -0.143411 -3.245187 1.945796 0.492772 1166.72
data/frame-001094.color.jpg -0.14723 -0.676155 0.707211 -0.144882 -3.292768 1.899710 0.496726 1166.72
data/frame-000780.color.jpg -0.129334 -0.435851 0.841368 -0.292242 -3.954131 3.148207 -0.889730 1166.72
data/frame-000781.color.jpg -0.144664 -0.491864 0.816188 -0.26642 -4.266616 2.781137 -0.467740 1166.72
data/frame-000782.color.jpg -0.142363 -0.507463 0.80925 -0.259477 -4.347732 2.660501 -0.376632 1166.72
data/frame-000783.color.jpg -0.134484 -0.572498 0.775351 -0.230198 -4.632573 2.123641 0.000474 1166.72
data/frame-000784.color.jpg -0.126189 -0.587282 0.770139 -0.214619 -4.684791 2.008867 0.128802 1166.72
data/frame-000785.color.jpg -0.109352 -0.611655 0.757885 -0.198822 -4.755632 1.740968 0.242905 1166.72
data/frame-000786.color.jpg -0.108093 -0.631467 0.748452 -0.17142 -4.772183 1.564330 0.514840 1166.72
data/frame-000861.color.jpg 0.330056 0.815738 -0.456796 0.130278 -2.991834 0.486370 1.615368 1166.72
data/frame-000862.color.jpg 0.335438 0.81266 -0.457372 0.1337 -3.006618 0.523375 1.605057 1166.72
data/frame-000863.color.jpg 0.340059 0.806244 -0.464121 0.137558 -3.027296 0.596955 1.575512 1166.72
data/frame-000864.color.jpg 0.331564 0.786257 -0.498293 0.153523 -3.122951 0.800350 1.375817 1166.72
data/frame-000865.color.jpg 0.309815 0.767164 -0.53659 0.165969 -3.182253 0.995196 1.135779 1166.72
data/frame-000866.color.jpg 0.299879 0.748897 -0.564094 0.176136 -3.187798 1.178636 0.968122 1166.72
data/frame-000867.color.jpg 0.300174 0.740225 -0.574304 0.179268 -3.181897 1.258491 0.915740 1166.72
data/frame-000868.color.jpg 0.284445 0.723125 -0.600221 0.189515 -3.179720 1.399044 0.744983 1166.72
data/frame-000869.color.jpg 0.265448 0.70444 -0.628688 0.19507 -3.160685 1.554333 0.593812 1166.72
data/frame-000870.color.jpg 0.263502 0.69281 -0.643334 0.191577 -3.120506 1.660041 0.563405 1166.72
data/frame-000871.color.jpg 0.248416 0.679728 -0.66432 0.18692 -3.088808 1.772264 0.502936 1166.72
data/frame-000872.color.jpg 0.232824 0.67489 -0.67457 0.187805 -3.102481 1.804269 0.447703 1166.72
data/frame-000873.color.jpg -0.206262 -0.673961 0.685282 -0.18336 -3.165070 1.806660 0.408843 1166.72
data/frame-000874.color.jpg -0.190874 -0.676504 0.688726 -0.177668 -3.206756 1.786225 0.408434 1166.72
data/frame-000875.color.jpg -0.18059 -0.674928 0.69535 -0.168367 -3.218355 1.803595 0.436904 1166.72
data/frame-000876.color.jpg -0.173771 -0.675126 0.697913 -0.164093 -3.228489 1.803671 0.448864 1166.72
data/frame-000877.color.jpg -0.163109 -0.671395 0.704774 -0.160988 -3.238505 1.832669 0.437409 1166.72
data/frame-000878.color.jpg -0.149126 -0.666518 0.713799 -0.154939 -3.267827 1.862974 0.432618 1166.72
data/frame-000879.color.jpg -0.147536 -0.663671 0.715463 -0.160893 -3.291538 1.889445 0.377581 1166.72
data/frame-000880.color.jpg -0.157974 -0.657623 0.715242 -0.176083 -3.340691 1.950839 0.282496 1166.72
data/frame-000881.color.jpg -0.163692 -0.656957 0.712365 -0.184794 -3.390362 1.960847 0.227079 1166.72
data/frame-000882.color.jpg -0.135245 -0.651992 0.717972 -0.202809 -3.441515 1.977899 -0.002531 1166.72
data/frame-000883.color.jpg -0.115448 -0.641876 0.729378 -0.206578 -3.422791 2.071684 -0.118589 1166.72
data/frame-000884.color.jpg -0.102652 -0.634306 0.735977 -0.213205 -3.407782 2.127928 -0.224455 1166.72
data/frame-000885.color.jpg -0.0797566 -0.595818 0.7676 -0.222328 -3.190522 2.471446 -0.436429 1166.72
data/frame-000886.color.jpg -0.0888967 -0.542615 0.804466 -0.224725 -2.837664 2.899882 -0.526487 1166.72
data/frame-000887.color.jpg -0.086416 -0.484016 0.84175 -0.222975 -2.407107 3.276369 -0.596508 1166.72
data/frame-000888.color.jpg -0.0800682 -0.464414 0.85379 -0.221251 -2.253458 3.390794 -0.612838 1166.72
data/frame-000889.color.jpg -0.067937 -0.401366 0.884121 -0.22939 -1.751986 3.671069 -0.746350 1166.72
data/frame-000890.color.jpg -0.0590165 -0.356493 0.903851 -0.229091 -1.381364 3.832579 -0.782808 1166.72
data/frame-000891.color.jpg -0.063142 -0.330839 0.913193 -0.22943 -1.178832 3.928681 -0.810280 1166.72
data/frame-000892.color.jpg -0.0612001 -0.311514 0.918946 -0.233992 -1.032576 3.974183 -0.861782 1166.72
data/frame-000893.color.jpg -0.0575327 -0.281168 0.92975 -0.230652 -0.787370 4.078966 -0.866382 1166.72
data/frame-000894.color.jpg -0.0539616 -0.231564 0.939117 -0.248045 -0.376685 4.149669 -1.061701 1166.72
data/frame-000895.color.jpg -0.0404652 -0.184688 0.946649 -0.260977 0.040943 4.203646 -1.181039 1166.72
data/frame-000896.color.jpg -0.0259529 -0.150817 0.949467 -0.274032 0.357625 4.215800 -1.275216 1166.72
data/frame-000897.color.jpg -0.0205868 -0.134641 0.949325 -0.283248 0.503334 4.201534 -1.345060 1166.72
data/frame-000898.color.jpg -0.00352294 -0.105078 0.950134 -0.293585 0.770760 4.196273 -1.409550 1166.72
data/frame-000899.color.jpg -0.0085205 -0.0939456 0.953415 -0.286534 0.841699 4.273048 -1.411562 1166.72
data/frame-000900.color.jpg -0.0198189 -0.114447 0.950567 -0.287978 0.648382 4.345227 -1.509937 1166.72
data/frame-000901.color.jpg -0.0115215 -0.10704 0.949736 -0.293958 0.717310 4.345758 -1.548975 1166.72
data/frame-000902.color.jpg -0.00192896 -0.0884894 0.948556 -0.303987 0.908130 4.327708 -1.611825 1166.72
data/frame-000903.color.jpg 0.00186132 -0.0687609 0.947958 -0.310876 1.113743 4.296945 -1.651907 1166.72
data/frame-000904.color.jpg 0.0324193 -0.00918604 0.94809 -0.316211 -0.408389 4.535758 -1.826346 1166.72
data/frame-000905.color.jpg 0.0246432 -0.00714568 0.949254 -0.313463 -0.394302 4.550727 -1.792921 1166.72
data/frame-000906.color.jpg 0.0274567 -0.0038984 0.949542 -0.312412 -0.360746 4.556093 -1.784558 1166.72
data/frame-000907.color.jpg 0.0330044 0.00554315 0.946271 -0.321639 -0.264869 4.522572 -1.869867 1166.72
data/frame-000908.color.jpg 0.0306535 0.00802825 0.945651 -0.323635 -0.244143 4.513953 -1.883912 1166.72
data/frame-000909.color.jpg 0.0259748 0.00746247 0.946365 -0.321967 -0.255779 4.517030 -1.863962 1166.72
data/frame-000910.color.jpg 0.0258067 0.00622847 0.946987 -0.320173 -0.267627 4.521902 -1.847858 1166.72
data/frame-000911.color.jpg 0.0234985 0.00527415 0.946576 -0.321579 -0.276740 4.513672 -1.860175 1166.72
data/frame-000912.color.jpg 0.0174224 0.00168395 0.946182 -0.323162 -0.317782 4.505198 -1.868900 1166.72
data/frame-000913.color.jpg 0.0169543 0.00255755 0.946053 -0.323558 -0.307919 4.490887 -1.874520 1166.72
data/frame-000914.color.jpg 0.0234423 -0.00297061 0.948344 -0.316362 -0.375715 4.486022 -1.811174 1166.72
data/frame-000915.color.jpg 0.0247318 -0.00619885 0.947331 -0.319241 -0.407874 4.459863 -1.837318 1166.72
data/frame-000916.color.jpg 0.0105326 -0.0242301 0.94587 -0.32347 -0.612853 4.405682 -1.846531 1166.72
data/frame-000995.color.jpg 0.163425 0.727664 -0.657068 0.109815 -4.485152 0.445683 1.539289 1166.72
data/frame-000286.color.jpg -0.0815372 -0.264978 0.897769 -0.342272 -2.704370 3.460914 -1.408324 1166.72
data/frame-000658.color.jpg 0.306857 0.79568 -0.494516 0.167887 -2.775446 0.109924 1.792998 1166.72
data/frame-000994.color.jpg 0.152536 0.720596 -0.667655 0.108219 -4.554262 0.524051 1.458125 1166.72
data/frame-000285.color.jpg -0.0759998 -0.253249 0.901695 -0.342104 -2.614618 3.521347 -1.449048 1166.72
data/frame-000657.color.jpg 0.311345 0.818648 -0.454968 0.160886 -2.680590 -0.171450 1.976991 1166.72
data/frame-000993.color.jpg 0.15575 0.716886 -0.670355 0.111536 -4.588407 0.576453 1.439891 1166.72
data/frame-000284.color.jpg -0.0719499 -0.244069 0.904655 -0.341838 -2.544942 3.567245 -1.476180 1166.72
data/frame-000319.color.jpg -0.135649 -0.580292 0.77951 -0.192936 -3.992625 1.082951 0.802712 1166.72
data/frame-000997.color.jpg 0.207738 0.736237 -0.635958 0.101768 -4.198669 0.360111 1.897505 1166.72
data/frame-000656.color.jpg 0.329156 0.831139 -0.423328 0.147166 -2.524788 -0.309212 2.195947 1166.72
data/frame-000991.color.jpg 0.138467 0.701994 -0.687147 0.12594 -4.702976 0.722790 1.207025 1166.72
data/frame-000282.color.jpg -0.0642696 -0.224545 0.909514 -0.34385 -2.392771 3.651511 -1.552263 1166.72
data/frame-000654.color.jpg 0.338417 0.841598 -0.39848 0.135647 -2.391942 -0.417014 2.340730 1166.72
data/frame-000990.color.jpg -0.141358 -0.687699 0.697069 -0.145541 -4.756616 0.878794 1.049636 1166.72
data/frame-000281.color.jpg -0.054174 -0.206372 0.914379 -0.344073 -2.245600 3.728409 -1.612204 1166.72
data/frame-000653.color.jpg 0.342012 0.851693 -0.374803 0.131034 -2.273391 -0.536806 2.430700 1166.72
data/frame-000989.color.jpg -0.147724 -0.665272 0.70985 -0.178055 -4.798011 1.124360 0.782052 1166.72
data/frame-000280.color.jpg -0.047351 -0.194914 0.917211 -0.344224 -2.152430 3.774692 -1.647229 1166.72
data/frame-000652.color.jpg 0.344287 0.857315 -0.363459 0.119893 -2.160482 -0.592990 2.506994 1166.72
data/frame-000988.color.jpg -0.158465 -0.637268 0.72493 -0.207976 -4.791874 1.425858 0.529191 1166.72
data/frame-000279.color.jpg -0.0354383 -0.176181 0.921696 -0.343774 -1.995380 3.846062 -1.700887 1166.72
data/frame-000651.color.jpg 0.335167 0.862186 -0.361929 0.115352 -2.081459 -0.669418 2.519110 1166.72
data/frame-000392.color.jpg 0.333877 0.82597 -0.4246 0.16129 -2.397913 -0.403979 2.322101 1166.72
data/frame-001101.color.jpg -0.125899 -0.664696 0.715145 -0.175774 -3.463210 1.917844 0.206333 1166.72
data/frame-000391.color.jpg 0.339417 0.828009 -0.417555 0.157625 -2.338747 -0.416972 2.381555 1166.72
data/frame-001100.color.jpg -0.120869 -0.680161 0.70274 -0.17008 -3.508497 1.772032 0.261582 1166.72
data/frame-000390.color.jpg 0.344675 0.833911 -0.40326 0.152225 -2.213109 -0.478454 2.478542 1166.72
data/frame-001099.color.jpg -0.125857 -0.690929 0.694735 -0.15531 -3.504195 1.694771 0.396305 1166.72
data/frame-000389.color.jpg 0.346566 0.835192 -0.399357 0.151195 -2.156129 -0.505832 2.516420 1166.72
data/frame-001098.color.jpg 0.126715 0.693144 -0.692877 0.153025 -3.497553 1.672895 0.419610 1166.72
data/frame-000388.color.jpg 0.346827 0.836716 -0.396522 0.149623 -2.100086 -0.539245 2.548710 1166.72
data/frame-001097.color.jpg -0.127353 -0.68785 0.700195 -0.142728 -3.444813 1.738533 0.481671 1166.72
data/frame-000387.color.jpg 0.348414 0.838651 -0.392765 0.144944 -2.000703 -0.588063 2.609759 1166.72
data/frame-001096.color.jpg -0.134595 -0.682388 0.703939 -0.143874 -3.391345 1.802827 0.484528 1166.72
data/frame-000386.color.jpg 0.344827 0.844532 -0.385279 0.139358 -1.926729 -0.671670 2.647297 1166.72
data/frame-001095.color.jpg -0.143513 -0.676294 0.709026 -0.138969 -3.316925 1.887916 0.529378 1166.72
data/frame-000385.color.jpg 0.357022 0.854124 -0.357675 0.122785 -1.714919 -0.739732 2.795629 1166.72
data/frame-000384.color.jpg 0.376841 0.86493 -0.313189 0.108626 -1.434691 -0.791392 2.969822 1166.72
data/frame-000383.color.jpg 0.381907 0.873676 -0.285111 0.097718 -1.254589 -0.869560 3.056370 1166.72
data/frame-000382.color.jpg 0.38292 0.878414 -0.271195 0.0906329 -1.157718 -0.923560 3.095716 1166.72
data/frame-000381.color.jpg 0.378525 0.885338 -0.257488 0.0812136 -1.055601 -1.021511 3.121310 1166.72
data/frame-000380.color.jpg 0.373669 0.888967 -0.253622 0.076054 -1.018389 -1.086078 3.123630 1166.72
data/frame-000379.color.jpg 0.369461 0.890111 -0.257005 0.0717655 -1.021260 -1.129132 3.122539 1166.72
data/frame-000378.color.jpg 0.363836 0.889492 -0.265839 0.0758781 -1.095509 -1.151651 3.098585 1166.72
data/frame-000377.color.jpg 0.36 0.887488 -0.275921 0.0814474 -1.182399 -1.151250 3.072427 1166.72
data/frame-001117.color.jpg -0.0535416 -0.222027 0.94914 -0.216728 -0.316451 4.382040 -0.852151 1166.72
data/frame-000376.color.jpg 0.358338 0.880063 -0.298157 0.0904785 -1.348442 -1.092485 3.036790 1166.72
data/frame-000375.color.jpg 0.357493 0.874669 -0.312398 0.0977818 -1.466611 -1.045614 3.008806 1166.72
data/frame-000374.color.jpg 0.350826 0.871466 -0.325633 0.106919 -1.595829 -1.039468 2.955760 1166.72
data/frame-000373.color.jpg 0.337574 0.870744 -0.341562 0.105758 -1.703392 -1.077813 2.893990 1166.72
data/frame-000372.color.jpg 0.329327 0.868645 -0.355109 0.104392 -1.783023 -1.087234 2.848871 1166.72
data/frame-000371.color.jpg 0.320441 0.863851 -0.373845 0.106393 -1.906778 -1.071640 2.787066 1166.72
data/frame-000370.color.jpg 0.311259 0.858061 -0.393322 0.110214 -2.034160 -1.039753 2.713655 1166.72
data/frame-000369.color.jpg 0.301934 0.846745 -0.422324 0.116198 -2.213364 -0.951965 2.617070 1166.72
data/frame-000368.color.jpg 0.290867 0.834233 -0.450679 0.127828 -2.404179 -0.851278 2.488359 1166.72
data/frame-000367.color.jpg 0.27966 0.82003 -0.479376 0.139786 -2.591690 -0.735639 2.349965 1166.72
data/frame-000366.color.jpg 0.270543 0.80549 -0.505793 0.148884 -2.744609 -0.607578 2.227790 1166.72
data/frame-000365.color.jpg 0.261218 0.793796 -0.526694 0.155711 -2.861159 -0.511943 2.120481 1166.72
data/frame-000364.color.jpg 0.249318 0.782628 -0.546442 0.163507 -2.971760 -0.424926 1.996308 1166.72
data/frame-000363.color.jpg 0.241876 0.774264 -0.560417 0.167162 -3.042755 -0.356858 1.917764 1166.72
data/frame-000362.color.jpg 0.234482 0.761996 -0.579201 0.170019 -3.120851 -0.249521 1.832564 1166.72
data/frame-000361.color.jpg 0.225254 0.750068 -0.59719 0.17327 -3.196843 -0.152706 1.737400 1166.72
data/frame-000360.color.jpg 0.21532 0.735371 -0.617246 0.178532 -3.278431 -0.028019 1.621560 1166.72
data/frame-000359.color.jpg 0.206564 0.715817 -0.640268 0.187067 -3.361167 0.146057 1.483107 1166.72
data/frame-000351.color.jpg -0.195854 -0.612144 0.733489 -0.221167 -3.549659 1.091300 0.946564 1166.72
data/frame-000660.color.jpg 0.300155 0.785901 -0.512315 0.172627 -2.841924 0.240722 1.658618 1166.72
data/frame-000323.color.jpg -0.134152 -0.613889 0.760268 -0.164728 -3.974599 0.742288 1.048029 1166.72
data/frame-001032.color.jpg 0.38965 0.904083 -0.167386 0.0528088 -0.766194 -1.279976 3.414881 1166.72
data/frame-000996.color.jpg 0.195097 0.737144 -0.638767 0.10263 -4.301259 0.355682 1.805811 1166.72
data/frame-000287.color.jpg -0.0846256 -0.270931 0.89579 -0.342046 -2.748862 3.429601 -1.383313 1166.72
data/frame-000659.color.jpg 0.307865 0.789345 -0.50307 0.170509 -2.799993 0.187161 1.744984 1166.72
data/frame-000322.color.jpg -0.134019 -0.602641 0.768024 -0.170298 -3.979743 0.857431 0.988574 1166.72
data/frame-001031.color.jpg 0.374927 0.911977 -0.159977 0.0462128 -0.707399 -1.416484 3.380360 1166.72
data/frame-000330.color.jpg -0.14621 -0.671848 0.712509 -0.139908 -3.826550 0.167425 1.377764 1166.72
data/frame-001039.color.jpg 0.395133 0.883205 -0.241909 0.0727881 -1.375912 -0.999657 3.271073 1166.72
data/frame-000358.color.jpg 0.198241 0.698217 -0.660304 0.192852 -3.419297 0.302833 1.364700 1166.72
data/frame-001036.color.jpg 0.411709 0.880427 -0.220253 0.0826556 -1.179921 -0.916670 3.345522 1166.72
data/frame-000662.color.jpg 0.309635 0.796701 -0.490542 0.169595 -2.891791 0.236854 1.676637 1166.72
data/frame-000325.color.jpg -0.134853 -0.634943 0.744437 -0.15645 -3.954244 0.523230 1.145281 1166.72
data/frame-001034.color.jpg 0.41693 0.885758 -0.19397 0.0630711 -0.934030 -0.978637 3.449684 1166.72
data/frame-000353.color.jpg -0.170188 -0.581315 0.760537 -0.233865 -3.509076 1.314240 0.683844 1166.72
data/frame-000945.color.jpg -0.219006 -0.603205 0.720798 -0.261974 -3.994476 0.570082 0.626020 1166.72
data/frame-000271.color.jpg 0.0019144 -0.107447 0.934645 -0.338956 -1.416550 4.091168 -1.818952 1166.72
data/frame-000980.color.jpg -0.116919 -0.54574 0.792752 -0.245034 -4.602740 2.195679 -0.204634 1166.72
data/frame-000608.color.jpg -0.179946 -0.504349 0.798396 -0.275344 -3.752120 2.483129 -0.152092 1166.72
data/frame-000348.color.jpg 0.221145 0.680406 -0.673373 0.18631 -3.504546 0.483802 1.469669 1166.72
data/frame-001057.color.jpg 0.252787 0.848014 -0.457462 0.0877515 -2.760579 -0.444548 2.007799 1166.72
data/frame-000998.color.jpg 0.213009 0.73929 -0.629948 0.106034 -4.128606 0.314401 1.920836 1166.72
data/frame-000289.color.jpg -0.0936485 -0.288143 0.88951 -0.342017 -2.876799 3.335759 -1.313957 1166.72
data/frame-000661.color.jpg 0.300837 0.788614 -0.509402 0.167615 -2.854560 0.243498 1.668717 1166.72
data/frame-000324.color.jpg -0.13358 -0.622517 0.754033 -0.161442 -3.968719 0.650674 1.083325 1166.72
data/frame-001033.color.jpg 0.409546 0.894001 -0.174154 0.0520073 -0.779527 -1.100924 3.463322 1166.72
data/frame-000352.color.jpg -0.185782 -0.587114 0.754099 -0.228289 -3.513814 1.295797 0.793127 1166.72
data/frame-000944.color.jpg -0.209943 -0.567018 0.74162 -0.290541 -4.042348 0.829831 0.295080 1166.72
data/frame-000270.color.jpg 0.00240545 -0.107246 0.934663 -0.338966 -1.414520 4.091277 -1.819908 1166.72
data/frame-000979.color.jpg -0.107746 -0.544406 0.796888 -0.238709 -4.597998 2.197508 -0.193509 1166.72
data/frame-000607.color.jpg -0.174062 -0.484137 0.809978 -0.281514 -3.684948 2.649479 -0.294384 1166.72
data/frame-000347.color.jpg 0.226237 0.681401 -0.672945 0.177917 -3.470283 0.477943 1.541940 1166.72
data/frame-001056.color.jpg 0.243569 0.850913 -0.456376 0.0913321 -2.743755 -0.561004 1.996221 1166.72
data/frame-000663.color.jpg 0.307579 0.804511 -0.477861 0.172645 -2.925457 0.182285 1.655647 1166.72
data/frame-000326.color.jpg -0.138278 -0.643003 0.737675 -0.152518 -3.932392 0.448797 1.203909 1166.72
data/frame-001035.color.jpg 0.415398 0.881333 -0.211428 0.0774222 -1.104240 -0.925443 3.392230 1166.72
data/frame-000354.color.jpg -0.163359 -0.602507 0.746944 -0.228855 -3.528040 1.118804 0.746177 1166.72
data/frame-000946.color.jpg -0.223719 -0.629266 0.701079 -0.249925 -3.929606 0.350978 0.830138 1166.72
data/frame-000272.color.jpg 0.000117214 -0.112188 0.934269 -0.338459 -1.456750 4.079120 -1.808720 1166.72
data/frame-000981.color.jpg -0.125625 -0.55077 0.788739 -0.242409 -4.614092 2.175751 -0.132689 1166.72
data/frame-000609.color.jpg -0.183927 -0.52709 0.787418 -0.26138 -3.809744 2.304130 0.047584 1166.72
data/frame-000664.color.jpg 0.309817 0.810838 -0.468022 0.165863 -2.928781 0.156583 1.688912 1166.72
data/frame-000327.color.jpg -0.141081 -0.650337 0.731086 -0.150567 -3.911312 0.377916 1.248570 1166.72
data/frame-001067.color.jpg 0.295124 0.842884 -0.439588 0.0959708 -2.875340 0.058486 1.895391 1166.72
data/frame-000355.color.jpg -0.171237 -0.630581 0.724346 -0.219927 -3.533893 0.883114 0.907266 1166.72
data/frame-000950.color.jpg 0.234482 0.672206 -0.666632 0.220815 -3.727813 0.091973 1.284966 1166.72
data/frame-000613.color.jpg -0.212818 -0.602773 0.736228 -0.222129 -3.803298 1.649380 0.732049 1166.72
data/frame-000276.color.jpg -0.0171822 -0.133666 0.929145 -0.344278 -1.646900 3.997458 -1.795084 1166.72
data/frame-001016.color.jpg 0.145792 0.742089 -0.647259 0.0954177 -3.810399 -0.146534 1.693070 1166.72
data/frame-000947.color.jpg -0.225233 -0.658978 0.676067 -0.240732 -3.864102 0.085330 1.016472 1166.72
data/frame-000273.color.jpg -0.006942 -0.120806 0.932962 -0.339027 -1.532118 4.056347 -1.790927 1166.72
data/frame-000982.color.jpg -0.138596 -0.555344 0.783708 -0.241217 -4.621461 2.164359 -0.056194 1166.72
data/frame-000610.color.jpg -0.189269 -0.541845 0.778518 -0.25395 -3.830851 2.177858 0.180903 1166.72
data/frame-000350.color.jpg -0.211533 -0.651387 0.699473 -0.204171 -3.548542 0.756808 1.229481 1166.72
data/frame-001059.color.jpg 0.255227 0.841123 -0.468125 0.0907232 -2.801858 -0.250300 1.927100 1166.72
data/frame-000665.color.jpg 0.314711 0.811206 -0.466129 0.16008 -2.920394 0.167298 1.727993 1166.72
data/frame-000328.color.jpg -0.14373 -0.658601 0.723753 -0.147542 -3.881787 0.296619 1.298742 1166.72
data/frame-001037.color.jpg 0.40712 0.878967 -0.236496 0.0757601 -1.251729 -0.910718 3.315858 1166.72
data/frame-000356.color.jpg -0.176869 -0.653311 0.705121 -0.211438 -3.516248 0.688090 1.043680 1166.72
data/frame-000948.color.jpg -0.231702 -0.66253 0.670939 -0.239184 -3.815148 0.080783 1.094620 1166.72
data/frame-000274.color.jpg -0.0101337 -0.128536 0.931413 -0.340361 -1.602399 4.028648 -1.785018 1166.72
data/frame-000983.color.jpg -0.142968 -0.562564 0.778695 -0.23815 -4.644291 2.132680 -0.000469 1166.72
data/frame-000611.color.jpg -0.190196 -0.557882 0.77011 -0.243975 -3.824269 2.028870 0.328004 1166.72
data/frame-000666.color.jpg 0.310971 0.806841 -0.478547 0.152637 -2.949161 0.286871 1.696398 1166.72
data/frame-000329.color.jpg -0.143362 -0.663085 0.720244 -0.144962 -3.865501 0.251876 1.318136 1166.72
data/frame-001038.color.jpg 0.39983 0.880362 -0.24505 0.071058 -1.334349 -0.951497 3.290268 1166.72
data/frame-000357.color.jpg -0.189062 -0.678898 0.680517 -0.200624 -3.472089 0.470647 1.226502 1166.72
data/frame-000949.color.jpg 0.239986 0.671003 -0.666051 0.220311 -3.725162 0.074217 1.296802 1166.72
data/frame-000275.color.jpg -0.0128811 -0.130743 0.930572 -0.341726 -1.621210 4.016711 -1.787343 1166.72
data/frame-000984.color.jpg -0.162967 -0.562232 0.769756 -0.254584 -4.639296 2.138731 -0.050752 1166.72
data/frame-000612.color.jpg -0.202089 -0.587964 0.748637 -0.230218 -3.826150 1.771198 0.581022 1166.72
data/frame-000331.color.jpg -0.150125 -0.682727 0.702052 -0.135898 -3.784378 0.065697 1.439818 1166.72
data/frame-001040.color.jpg 0.398698 0.881478 -0.242739 0.0715137 -1.376049 -0.971500 3.280837 1166.72
data/frame-000332.color.jpg -0.152284 -0.689071 0.695632 -0.134486 -3.755792 0.004891 1.471240 1166.72
data/frame-001041.color.jpg 0.399935 0.8797 -0.246887 0.0722976 -1.436400 -0.946355 3.269121 1166.72
data/frame-000333.color.jpg 0.15722 0.695823 -0.6883 0.131738 -3.713099 -0.045067 1.521580 1166.72
data/frame-001042.color.jpg 0.39742 0.874622 -0.265786 0.0803239 -1.587869 -0.886604 3.207698 1166.72
data/frame-000334.color.jpg 0.162602 0.701289 -0.681759 0.130227 -3.672256 -0.082228 1.569106 1166.72
data/frame-001043.color.jpg 0.390248 0.869885 -0.291146 0.0789945 -1.721869 -0.836297 3.137720 1166.72
data/frame-000335.color.jpg 0.165301 0.707195 -0.675494 0.127507 -3.639217 -0.132859 1.607165 1166.72
data/frame-001044.color.jpg 0.363539 0.870795 -0.32009 0.0842496 -1.919431 -0.887301 2.961891 1166.72
data/frame-000336.color.jpg 0.169282 0.711104 -0.670944 0.124537 -3.608367 -0.158223 1.648246 1166.72
data/frame-001045.color.jpg 0.341355 0.866337 -0.353064 0.0910072 -2.123292 -0.857170 2.784784 1166.72
data/frame-000337.color.jpg 0.174385 0.714159 -0.666584 0.12342 -3.574518 -0.164020 1.682118 1166.72
data/frame-001046.color.jpg 0.329818 0.865221 -0.366118 0.0925783 -2.197949 -0.861830 2.708085 1166.72
data/frame-000338.color.jpg 0.180805 0.715911 -0.662881 0.123972 -3.539376 -0.148495 1.711039 1166.72
data/frame-001047.color.jpg 0.281641 0.8656 -0.401966 0.0991923 -2.400632 -0.932890 2.414479 1166.72
data/frame-000339.color.jpg 0.189593 0.710396 -0.664525 0.133408 -3.514169 -0.034744 1.692226 1166.72
data/frame-001048.color.jpg 0.269202 0.864185 -0.413868 0.097097 -2.444860 -0.935028 2.341792 1166.72
data/frame-000340.color.jpg 0.191913 0.705775 -0.667478 0.139728 -3.515981 0.030508 1.662754 1166.72
data/frame-001049.color.jpg 0.251818 0.857189 -0.43828 0.0986135 -2.545821 -0.861452 2.206815 1166.72
data/frame-000341.color.jpg 0.195946 0.69612 -0.67458 0.148198 -3.510776 0.158001 1.620396 1166.72
data/frame-001050.color.jpg 0.256696 0.842561 -0.462865 0.099774 -2.604537 -0.667471 2.162544 1166.72
data/frame-000985.color.jpg -0.168689 -0.565981 0.766365 -0.252774 -4.645494 2.123582 -0.002166 1166.72
data/frame-000307.color.jpg -0.119242 -0.45642 0.832066 -0.291768 -3.796942 2.110311 -0.249279 1166.72
data/frame-000342.color.jpg 0.198995 0.690467 -0.678549 0.152405 -3.496885 0.234732 1.599653 1166.72
data/frame-001051.color.jpg 0.254502 0.83141 -0.483375 0.101662 -2.667691 -0.526330 2.092209 1166.72
data/frame-000343.color.jpg -0.199397 -0.683053 0.685111 -0.155892 -3.482256 0.327428 1.565158 1166.72
data/frame-001052.color.jpg 0.249572 0.827708 -0.49181 0.103614 -2.720367 -0.469563 2.030671 1166.72
data/frame-000344.color.jpg -0.201139 -0.671119 0.693992 -0.165881 -3.489518 0.467321 1.484759 1166.72
data/frame-001053.color.jpg 0.245219 0.822933 -0.501383 0.106134 -2.790389 -0.380929 1.960845 1166.72
data/frame-000345.color.jpg -0.212802 -0.666848 0.693962 -0.168658 -3.458639 0.551082 1.511217 1166.72
data/frame-001054.color.jpg 0.233845 0.829396 -0.497575 0.0991853 -2.832562 -0.420532 1.913039 1166.72
data/frame-000346.color.jpg -0.214739 -0.669788 0.690545 -0.168579 -3.459417 0.549874 1.520681 1166.72
data/frame-001055.color.jpg 0.23039 0.842003 -0.478886 0.0928465 -2.800079 -0.526955 1.931860 1166.72
data/frame-000992.color.jpg 0.155133 0.710884 -0.675832 0.117597 -4.631819 0.650014 1.382192 1166.72
data/frame-000283.color.jpg -0.0700337 -0.23841 0.906205 -0.342125 -2.500602 3.594195 -1.495718 1166.72
data/frame-000655.color.jpg 0.335763 0.837476 -0.407779 0.140046 -2.448587 -0.368760 2.288801 1166.72
data/frame-000318.color.jpg -0.136281 -0.571506 0.783922 -0.200687 -3.989094 1.167539 0.731838 1166.72
data/frame-001027.color.jpg 0.292517 0.926646 -0.233248 0.0368401 -1.175161 -1.885082 3.037109 1166.72
data/frame-000393.color.jpg 0.32844 0.816779 -0.444195 0.166404 -2.506770 -0.316905 2.226189 1166.72
data/frame-001102.color.jpg -0.111989 -0.656514 0.723533 -0.181515 -3.470854 1.986081 0.107337 1166.72
data/frame-000394.color.jpg 0.320365 0.806856 -0.465878 0.171194 -2.601899 -0.217655 2.122117 1166.72
data/frame-001103.color.jpg -0.110961 -0.633941 0.73971 -0.19656 -3.389480 2.183391 -0.049992 1166.72
data/frame-000395.color.jpg 0.315339 0.791407 -0.491826 0.179842 -2.695866 -0.054642 1.988507 1166.72
data/frame-001104.color.jpg -0.122686 -0.615068 0.752923 -0.199367 -3.318858 2.359743 -0.083942 1166.72
data/frame-000396.color.jpg 0.312275 0.7698 -0.523741 0.188645 -2.754770 0.169553 1.835422 1166.72
data/frame-001105.color.jpg -0.119948 -0.595982 0.769353 -0.196249 -3.229056 2.542459 -0.118595 1166.72
data/frame-000397.color.jpg 0.302764 0.752251 -0.551701 0.195135 -2.790785 0.339398 1.684811 1166.72
data/frame-001106.color.jpg -0.103974 -0.528478 0.817402 -0.204338 -2.799323 3.085067 -0.362006 1166.72
data/frame-000398.color.jpg 0.297047 0.739161 -0.569488 0.202701 -2.811397 0.457246 1.571086 1166.72
data/frame-001107.color.jpg -0.0963408 -0.493001 0.837948 -0.213334 -2.540368 3.306703 -0.501074 1166.72
data/frame-000399.color.jpg 0.286128 0.713914 -0.601367 0.216368 -2.853129 0.663275 1.365332 1166.72
data/frame-001108.color.jpg -0.0882465 -0.459345 0.857564 -0.214005 -2.270331 3.504095 -0.565124 1166.72
data/frame-000400.color.jpg 0.281571 0.698603 -0.618488 0.223929 -2.866745 0.782763 1.258380 1166.72
data/frame-001109.color.jpg -0.064066 -0.392659 0.892085 -0.214242 -1.710844 3.818597 -0.651179 1166.72
data/frame-000401.color.jpg 0.281339 0.682444 -0.633214 0.232718 -2.874247 0.911013 1.159990 1166.72
data/frame-001110.color.jpg -0.0537147 -0.363491 0.905011 -0.214345 -1.451446 3.931337 -0.674878 1166.72
data/frame-000402.color.jpg 0.276705 0.665699 -0.648952 0.243189 -2.898084 1.022730 1.036421 1166.72
data/frame-001111.color.jpg -0.0534456 -0.346417 0.912893 -0.209201 -1.277865 4.002460 -0.648920 1166.72
data/frame-000403.color.jpg -0.271746 -0.656337 0.659393 -0.246123 -2.907999 1.091120 0.970794 1166.72
data/frame-001112.color.jpg -0.0554043 -0.317937 0.922591 -0.211356 -1.030969 4.079978 -0.686335 1166.72
data/frame-000404.color.jpg -0.269832 -0.651565 0.668234 -0.236889 -2.906468 1.167007 0.971148 1166.72
data/frame-001113.color.jpg -0.0700899 -0.286546 0.931528 -0.212682 -0.752506 4.147993 -0.728102 1166.72
data/frame-000405.color.jpg 0.271662 0.661001 -0.659822 0.23219 -2.935991 1.132190 1.004239 1166.72
data/frame-001114.color.jpg -0.0555995 -0.257247 0.941482 -0.210582 -0.528100 4.210467 -0.719465 1166.72
data/frame-000406.color.jpg 0.275063 0.667119 -0.651591 0.233926 -2.968916 1.106732 1.006303 1166.72
data/frame-001115.color.jpg -0.0493414 -0.237806 0.948509 -0.203335 -0.390584 4.290167 -0.683320 1166.72
data/frame-000407.color.jpg 0.28167 0.677199 -0.638163 0.234117 -3.002369 1.055361 1.040822 1166.72
data/frame-001116.color.jpg -0.0500402 -0.229909 0.950034 -0.205117 -0.345692 4.341266 -0.717503 1166.72
data/frame-000408.color.jpg 0.293599 0.688667 -0.619882 0.235125 -3.014851 0.993195 1.101139 1166.72
data/frame-000409.color.jpg 0.31062 0.69874 -0.604472 0.223363 -2.988910 0.952970 1.233688 1166.72
data/frame-001118.color.jpg -0.0365116 -0.200898 0.953181 -0.223055 -0.144254 4.455364 -0.917631 1166.72
data/frame-000917.color.jpg -0.00619556 -0.0688315 0.94231 -0.327529 -1.081360 4.265430 -1.812341 1166.72
data/frame-000580.color.jpg -0.16274 -0.60496 0.759684 -0.174411 -3.614591 1.176990 1.005829 1166.72
data/frame-000918.color.jpg -0.0280172 -0.10845 0.935926 -0.33391 -1.467770 4.096910 -1.775651 1166.72
data/frame-000244.color.jpg 0.00748967 -0.0588385 0.927347 -0.369473 -0.990277 4.086867 -2.111087 1166.72
data/frame-000953.color.jpg -0.184405 -0.659042 0.695035 -0.220419 -3.832401 0.304481 1.060300 1166.72
data/frame-000581.color.jpg -0.151044 -0.575166 0.782914 -0.182798 -3.573964 1.429980 0.833698 1166.72
data/frame-000919.color.jpg -0.0349796 -0.117999 0.934228 -0.33477 -1.553910 4.049391 -1.752018 1166.72
data/frame-000245.color.jpg 0.00884424 -0.0588369 0.928872 -0.365591 -0.990248 4.103936 -2.080623 1166.72
data/frame-000954.color.jpg -0.17438 -0.651543 0.707083 -0.212406 -3.859155 0.419874 1.033928 1166.72
data/frame-000582.color.jpg -0.138323 -0.518957 0.82151 -0.191497 -3.423691 1.900120 0.608212 1166.72
data/frame-000920.color.jpg -0.046812 -0.136509 0.930889 -0.335589 -1.717000 3.967612 -1.692977 1166.72
data/frame-000246.color.jpg 0.00992002 -0.058749 0.930265 -0.362017 -0.988189 4.117716 -2.051711 1166.72
data/frame-000955.color.jpg -0.170853 -0.645375 0.715462 -0.205947 -3.891501 0.557573 1.029431 1166.72
data/frame-000583.color.jpg -0.123793 -0.478235 0.848124 -0.191449 -3.286721 2.224932 0.466588 1166.72
data/frame-000921.color.jpg -0.0639047 -0.176545 0.91853 -0.347924 -2.044050 3.736287 -1.691252 1166.72
data/frame-000584.color.jpg -0.111815 -0.443895 0.868069 -0.19212 -3.167564 2.507071 0.338713 1166.72
data/frame-000922.color.jpg -0.0881914 -0.189837 0.914031 -0.347465 -2.176661 3.664720 -1.601770 1166.72
data/frame-000585.color.jpg -0.104636 -0.400784 0.889882 -0.191137 -2.985622 2.888011 0.211210 1166.72
data/frame-000923.color.jpg -0.0979433 -0.195363 0.909723 -0.353051 -2.247499 3.599856 -1.604947 1166.72
data/frame-000586.color.jpg -0.102726 -0.368028 0.901555 -0.202981 -2.835482 3.146653 0.033596 1166.72
data/frame-000924.color.jpg -0.123616 -0.216501 0.90082 -0.355486 -2.454261 3.475089 -1.501742 1166.72
data/frame-000587.color.jpg -0.0897139 -0.341752 0.913519 -0.201594 -2.688478 3.341278 -0.054664 1166.72
data/frame-000925.color.jpg -0.1561 -0.300658 0.875305 -0.345077 -3.092092 3.029640 -1.086435 1166.72
data/frame-000588.color.jpg -0.0724002 -0.274206 0.933726 -0.218462 -2.236451 3.716763 -0.351100 1166.72
data/frame-000926.color.jpg -0.169356 -0.32702 0.857205 -0.359966 -3.283622 2.781701 -1.063042 1166.72
data/frame-000589.color.jpg -0.0413678 -0.212225 0.949577 -0.227052 -1.794769 4.007837 -0.580131 1166.72
data/frame-000927.color.jpg -0.167704 -0.340067 0.855349 -0.352999 -3.353728 2.685471 -0.987547 1166.72
data/frame-000253.color.jpg 0.0162809 -0.0610954 0.935189 -0.348459 -1.007180 4.164188 -1.945158 1166.72
data/frame-000931.color.jpg -0.135402 -0.38171 0.855826 -0.321753 -3.566211 2.360000 -0.846636 1166.72
data/frame-000590.color.jpg -0.04597 -0.199937 0.951513 -0.229205 -1.724650 4.129399 -0.647875 1166.72
data/frame-000928.color.jpg -0.177757 -0.370008 0.845524 -0.341447 -3.512484 2.471942 -0.800924 1166.72
data/frame-000591.color.jpg -0.0502543 -0.210861 0.94846 -0.23116 -1.846750 4.174300 -0.692056 1166.72
data/frame-000929.color.jpg -0.166865 -0.373502 0.85088 -0.329631 -3.520737 2.460980 -0.767903 1166.72
data/frame-000592.color.jpg -0.0540944 -0.191032 0.947089 -0.252197 -1.709719 4.298418 -0.947899 1166.72
data/frame-000930.color.jpg -0.143194 -0.374393 0.857405 -0.322773 -3.520079 2.438199 -0.830446 1166.72
data/frame-000593.color.jpg -0.0513712 -0.171262 0.942947 -0.280859 -1.560069 4.330821 -1.264375 1166.72
data/frame-000594.color.jpg -0.0456308 -0.161681 0.93744 -0.30493 -1.495821 4.309133 -1.520514 1166.72
data/frame-000932.color.jpg -0.137629 -0.390234 0.850343 -0.325105 -3.611878 2.276750 -0.837143 1166.72
data/frame-000595.color.jpg -0.045413 -0.16453 0.931238 -0.321968 -1.520451 4.251474 -1.673958 1166.72
data/frame-000933.color.jpg -0.134455 -0.403542 0.847857 -0.316566 -3.670357 2.181677 -0.757510 1166.72
data/frame-000596.color.jpg -0.0501438 -0.174131 0.924714 -0.334767 -1.600311 4.184488 -1.767513 1166.72
data/frame-000934.color.jpg -0.1313 -0.40964 0.845602 -0.316088 -3.700710 2.116588 -0.755322 1166.72
data/frame-000597.color.jpg -0.0651282 -0.197864 0.914789 -0.346078 -1.811711 4.073845 -1.803947 1166.72
data/frame-000935.color.jpg -0.131311 -0.4223 0.840461 -0.313122 -3.764627 2.008488 -0.706057 1166.72
data/frame-000598.color.jpg -0.0836401 -0.223279 0.904999 -0.352317 -2.037251 3.962921 -1.776973 1166.72
data/frame-000936.color.jpg -0.13971 -0.436366 0.8278 -0.323747 -3.837903 1.856130 -0.704705 1166.72
data/frame-000599.color.jpg -0.0947922 -0.257022 0.896802 -0.347419 -2.299360 3.838362 -1.643879 1166.72
data/frame-000937.color.jpg -0.141638 -0.445993 0.821185 -0.326626 -3.881251 1.757621 -0.693788 1166.72
data/frame-000263.color.jpg 0.0157878 -0.0730729 0.936642 -0.342218 -1.114690 4.166860 -1.893249 1166.72
data/frame-000972.color.jpg -0.0978949 -0.541725 0.816053 -0.17609 -4.468711 2.166070 0.324839 1166.72
data/frame-000600.color.jpg -0.113435 -0.290393 0.886463 -0.342034 -2.557217 3.709745 -1.484512 1166.72
data/frame-000938.color.jpg -0.16196 -0.459704 0.809164 -0.328168 -3.934502 1.644610 -0.570533 1166.72
data/frame-000264.color.jpg 0.0144686 -0.0749773 0.937229 -0.340252 -1.135500 4.170012 -1.873833 1166.72
data/frame-000973.color.jpg -0.0949419 -0.523508 0.825856 -0.186783 -4.406797 2.363699 0.174507 1166.72
data/frame-000601.color.jpg -0.132387 -0.326629 0.875445 -0.33073 -2.832849 3.575817 -1.266993 1166.72
data/frame-000939.color.jpg -0.165791 -0.466849 0.803413 -0.330292 -3.959438 1.578449 -0.539443 1166.72
data/frame-000265.color.jpg 0.0103336 -0.079221 0.937529 -0.338611 -1.174721 4.164732 -1.850470 1166.72
data/frame-000974.color.jpg -0.091722 -0.52236 0.824592 -0.196916 -4.420299 2.385151 0.062565 1166.72
data/frame-000602.color.jpg -0.13543 -0.363622 0.865963 -0.315509 -3.069932 3.424528 -1.051694 1166.72
data/frame-000940.color.jpg -0.174271 -0.476621 0.796539 -0.328614 -3.982230 1.495239 -0.447418 1166.72
data/frame-000266.color.jpg 0.0091359 -0.0812573 0.937623 -0.337901 -1.195079 4.162739 -1.840619 1166.72
data/frame-000975.color.jpg -0.101227 -0.525373 0.819288 -0.206164 -4.441220 2.378970 0.032638 1166.72
data/frame-000603.color.jpg -0.150947 -0.397818 0.85186 -0.305435 -3.265591 3.244429 -0.832683 1166.72
data/frame-000941.color.jpg -0.182176 -0.496004 0.784953 -0.323483 -4.031316 1.339000 -0.298915 1166.72
data/frame-000267.color.jpg 0.00602823 -0.0947646 0.936096 -0.338686 -1.310100 4.126550 -1.834301 1166.72
data/frame-000976.color.jpg -0.114245 -0.532332 0.810008 -0.217849 -4.493424 2.324841 0.009313 1166.72
data/frame-000604.color.jpg -0.159229 -0.415145 0.843355 -0.301749 -3.360651 3.137478 -0.728417 1166.72
data/frame-000942.color.jpg -0.181952 -0.519923 0.775744 -0.307887 -4.059681 1.162239 -0.122745 1166.72
data/frame-000268.color.jpg -0.000698686 -0.103619 0.934337 -0.340995 -1.388200 4.096809 -1.831482 1166.72
data/frame-000977.color.jpg -0.117497 -0.533822 0.806529 -0.225255 -4.520188 2.308600 -0.037122 1166.72
data/frame-000605.color.jpg -0.162141 -0.43825 0.83329 -0.295423 -3.483743 2.984280 -0.598405 1166.72
data/frame-000943.color.jpg -0.202843 -0.548679 0.752642 -0.302219 -4.044402 0.950137 0.124990 1166.72
data/frame-000269.color.jpg 0.000204943 -0.106592 0.934855 -0.33865 -1.412600 4.096342 -1.810302 1166.72
data/frame-000978.color.jpg -0.115706 -0.543462 0.798178 -0.23275 -4.587883 2.204331 -0.094236 1166.72
data/frame-000606.color.jpg -0.171112 -0.461009 0.82135 -0.289094 -3.590764 2.825221 -0.443657 1166.72
data/frame-000951.color.jpg 0.219625 0.674935 -0.666288 0.228665 -3.761587 0.085855 1.208101 1166.72
data/frame-000277.color.jpg -0.0187564 -0.146184 0.928074 -0.34199 -1.748969 3.958217 -1.757727 1166.72
data/frame-000986.color.jpg -0.169081 -0.573828 0.762043 -0.247838 -4.666276 2.059041 0.063143 1166.72
data/frame-000614.color.jpg -0.21481 -0.63042 0.715124 -0.212191 -3.800678 1.381899 0.895023 1166.72
data/frame-000952.color.jpg -0.204232 -0.661898 0.688586 -0.214543 -3.779705 0.270985 1.176265 1166.72
data/frame-000278.color.jpg -0.0236603 -0.158176 0.925545 -0.343202 -1.843840 3.909979 -1.747177 1166.72
data/frame-000987.color.jpg -0.15613 -0.618969 0.737923 -0.219022 -4.778960 1.615831 0.372322 1166.72
data/frame-000615.color.jpg -0.220165 -0.655286 0.69369 -0.202292 -3.786890 1.141743 1.061914 1166.72
data/frame-000616.color.jpg -0.223661 -0.663177 0.686582 -0.196918 -3.765240 1.069397 1.135675 1166.72
data/frame-000617.color.jpg 0.229875 0.689904 -0.661393 0.183709 -3.709751 0.801353 1.331619 1166.72
data/frame-000618.color.jpg 0.233665 0.718146 -0.633217 0.169422 -3.633294 0.503361 1.524871 1166.72
data/frame-000619.color.jpg 0.244392 0.734333 -0.613488 0.157035 -3.532593 0.342515 1.703139 1166.72
data/frame-000620.color.jpg 0.248647 0.748567 -0.597256 0.145285 -3.445793 0.186546 1.835083 1166.72
data/frame-000621.color.jpg 0.262527 0.792273 -0.536415 0.125071 -3.158191 -0.305020 2.145465 1166.72
data/frame-000622.color.jpg 0.26192 0.8014 -0.523644 0.122283 -3.098842 -0.414034 2.183912 1166.72
data/frame-000623.color.jpg 0.266187 0.822162 -0.490413 0.112646 -2.921444 -0.657043 2.312531 1166.72
data/frame-000624.color.jpg 0.267811 0.831777 -0.473821 0.109165 -2.832436 -0.774500 2.367439 1166.72
data/frame-000625.color.jpg 0.269256 0.845161 -0.449603 0.10517 -2.698990 -0.939293 2.438078 1166.72
data/frame-000626.color.jpg 0.272286 0.857896 -0.424367 0.0989353 -2.539878 -1.095330 2.521828 1166.72
data/frame-000627.color.jpg 0.273991 0.867088 -0.405392 0.0935131 -2.416576 -1.207338 2.581127 1166.72
data/frame-000628.color.jpg 0.281624 0.882866 -0.367095 0.0804783 -2.133831 -1.381062 2.711570 1166.72
data/frame-000629.color.jpg 0.286598 0.886789 -0.354448 0.0763736 -2.034110 -1.414618 2.762253 1166.72
data/frame-000630.color.jpg 0.29123 0.891548 -0.339294 0.072164 -1.921509 -1.460124 2.813953 1166.72
data/frame-000631.color.jpg 0.301871 0.904869 -0.294011 0.0603602 -1.588763 -1.585703 2.939302 1166.72
data/frame-000632.color.jpg 0.30675 0.912371 -0.265424 0.0550753 -1.380002 -1.654580 2.996515 1166.72
data/frame-000633.color.jpg 0.322389 0.916684 -0.231982 0.0440414 -1.104101 -1.653452 3.107413 1166.72
data/frame-000634.color.jpg 0.341003 0.918464 -0.196512 0.0390472 -0.843041 -1.609292 3.215669 1166.72
data/frame-000635.color.jpg 0.356627 0.91984 -0.161737 0.0235046 -0.529013 -1.559813 3.304347 1166.72
data/frame-000636.color.jpg 0.359895 0.919511 -0.156546 0.0216622 -0.482144 -1.536713 3.312106 1166.72
data/frame-000637.color.jpg 0.367334 0.917676 -0.147256 0.0353795 -0.502089 -1.465837 3.323209 1166.72
data/frame-000638.color.jpg 0.365431 0.916872 -0.154978 0.0422878 -0.609216 -1.443662 3.298281 1166.72
data/frame-000639.color.jpg 0.360681 0.915541 -0.171852 0.0464927 -0.743713 -1.416891 3.220030 1166.72
data/frame-000640.color.jpg 0.364117 0.909862 -0.190919 0.0558547 -0.912513 -1.298196 3.164344 1166.72
data/frame-000641.color.jpg 0.366991 0.905762 -0.206037 0.0496196 -0.951823 -1.232172 3.136235 1166.72
data/frame-000642.color.jpg 0.362841 0.907293 -0.207546 0.0457179 -0.932681 -1.248223 3.109238 1166.72
data/frame-000643.color.jpg 0.367399 0.902914 -0.215338 0.0582653 -1.011842 -1.170586 3.096838 1166.72
data/frame-000644.color.jpg 0.360808 0.896879 -0.246749 0.0673769 -1.201178 -1.109397 3.021567 1166.72
data/frame-000645.color.jpg 0.347726 0.886801 -0.291867 0.0865082 -1.494900 -1.026266 2.868725 1166.72
data/frame-000646.color.jpg 0.344302 0.87514 -0.326113 0.0961068 -1.681969 -0.903543 2.774667 1166.72
data/frame-000647.color.jpg 0.33606 0.85176 -0.38681 0.109302 -1.993661 -0.648682 2.587930 1166.72
data/frame-000648.color.jpg 0.328566 0.851786 -0.391796 0.114022 -2.066477 -0.638367 2.518035 1166.72
data/frame-000649.color.jpg 0.327333 0.858857 -0.373872 0.124248 -2.096798 -0.678089 2.476268 1166.72
data/frame-000650.color.jpg 0.333353 0.860987 -0.365699 0.117645 -2.078428 -0.667201 2.508833 1166.72
data/frame-000779.color.jpg -0.132674 -0.431171 0.843261 -0.292232 -3.930003 3.167171 -0.882859 1166.72
data/frame-000778.color.jpg -0.150376 -0.412381 0.847586 -0.298208 -3.811887 3.282891 -0.911493 1166.72
data/frame-000777.color.jpg -0.152795 -0.400279 0.852618 -0.29912 -3.712220 3.372278 -0.943945 1166.72
data/frame-000776.color.jpg -0.145591 -0.395257 0.861767 -0.282723 -3.653749 3.474145 -0.841500 1166.72
data/frame-000775.color.jpg -0.117145 -0.404278 0.867109 -0.266382 -3.692430 3.398391 -0.770420 1166.72
data/frame-000774.color.jpg -0.12123 -0.391262 0.872447 -0.266557 -3.602840 3.487068 -0.781092 1166.72
data/frame-000773.color.jpg -0.112064 -0.390551 0.877781 -0.253796 -3.585360 3.517250 -0.696393 1166.72
data/frame-000772.color.jpg -0.0871784 -0.381509 0.888707 -0.238852 -3.499921 3.556330 -0.653957 1166.72
data/frame-000771.color.jpg -0.0775296 -0.374201 0.891198 -0.244395 -3.442600 3.577790 -0.744916 1166.72
data/frame-000770.color.jpg -0.0586935 -0.355537 0.903959 -0.230233 -3.288942 3.692152 -0.699409 1166.72
data/frame-000769.color.jpg -0.0624965 -0.348916 0.903564 -0.240673 -3.234111 3.694630 -0.783320 1166.72
data/frame-000768.color.jpg -0.0581047 -0.318266 0.916427 -0.235568 -2.947511 3.850592 -0.755104 1166.72
data/frame-000767.color.jpg -0.0717953 -0.300804 0.918921 -0.24484 -2.784101 3.899033 -0.798783 1166.72
data/frame-000766.color.jpg -0.0902966 -0.328416 0.910269 -0.235371 -2.937452 3.665831 -0.544936 1166.72
data/frame-000765.color.jpg -0.0963611 -0.350674 0.901107 -0.236111 -3.094150 3.507081 -0.476806 1166.72
data/frame-000764.color.jpg -0.10133 -0.426449 0.869825 -0.226447 -3.566987 2.891578 -0.181347 1166.72
data/frame-000763.color.jpg -0.10076 -0.443643 0.86062 -0.228827 -3.646737 2.723528 -0.153959 1166.72
data/frame-000708.color.jpg -0.00675392 -0.0436272 0.933939 -0.354697 -0.785215 4.313750 -2.062700 1166.72
data/frame-000707.color.jpg -0.0400261 -0.242871 0.910693 -0.331737 -0.722251 4.339855 -2.130069 1166.72
data/frame-000706.color.jpg -0.0458156 -0.248727 0.913855 -0.317655 -0.776642 4.396215 -2.010970 1166.72
data/frame-000705.color.jpg -0.0452981 -0.245401 0.917961 -0.308341 -0.731183 4.423179 -1.928966 1166.72
data/frame-000704.color.jpg -0.0414506 -0.251725 0.919789 -0.298169 -0.778650 4.446628 -1.833278 1166.72
data/frame-000703.color.jpg -0.0343145 -0.257437 0.92406 -0.280466 -0.807111 4.482482 -1.661456 1166.72
data/frame-000840.color.jpg 0.265496 0.875924 -0.392053 0.0925408 -2.308569 -1.135779 2.275109 1166.72
data/frame-000673.color.jpg 0.260375 0.731069 -0.599951 0.194427 -3.170471 1.173396 0.832856 1166.72
data/frame-000682.color.jpg -0.174464 -0.678637 0.682087 -0.209216 -3.524217 1.681963 0.232211 1166.72
data/frame-000849.color.jpg 0.261162 0.827875 -0.481226 0.121817 -2.796484 -0.251292 1.783010 1166.72
data/frame-000839.color.jpg 0.261801 0.880906 -0.384987 0.0851447 -2.239620 -1.227037 2.305244 1166.72
data/frame-000672.color.jpg 0.262822 0.728991 -0.60139 0.194492 -3.149321 1.188645 0.837803 1166.72
data/frame-000681.color.jpg 0.226034 0.694201 -0.651499 0.206259 -3.469566 1.559148 0.471794 1166.72
data/frame-000848.color.jpg 0.257285 0.818829 -0.497471 0.125878 -2.796157 -0.195254 1.745352 1166.72
data/frame-000838.color.jpg 0.260142 0.882675 -0.382632 0.0824886 -2.209494 -1.260755 2.315939 1166.72
data/frame-000671.color.jpg 0.271654 0.740412 -0.584478 0.190737 -3.124377 1.069999 0.941971 1166.72
data/frame-000680.color.jpg 0.226258 0.697802 -0.647959 0.20501 -3.469806 1.524847 0.494902 1166.72
data/frame-000847.color.jpg 0.251721 0.810134 -0.514209 0.126125 -2.797711 -0.156953 1.716641 1166.72
data/frame-000837.color.jpg 0.264236 0.886327 -0.372199 0.0779243 -2.098528 -1.316790 2.377797 1166.72
data/frame-000670.color.jpg 0.286999 0.749119 -0.567903 0.184224 -3.082252 0.986981 1.073941 1166.72
data/frame-000679.color.jpg 0.239583 0.702688 -0.638478 0.202916 -3.442626 1.487613 0.568592 1166.72
data/frame-000846.color.jpg 0.251274 0.806739 -0.518075 0.132787 -2.786864 -0.183100 1.705407 1166.72
data/frame-000836.color.jpg 0.269401 0.889817 -0.359829 0.0785563 -2.004870 -1.364737 2.424195 1166.72
data/frame-000669.color.jpg 0.294133 0.77472 -0.531753 0.174739 -3.061583 0.711078 1.294212 1166.72
data/frame-000678.color.jpg 0.247413 0.708267 -0.630265 0.199776 -3.423334 1.443967 0.630988 1166.72
data/frame-000845.color.jpg 0.25524 0.814804 -0.503532 0.131922 -2.747798 -0.301165 1.782375 1166.72
data/frame-000835.color.jpg 0.269667 0.897419 -0.339653 0.0809554 -1.871220 -1.469728 2.458811 1166.72
data/frame-000668.color.jpg 0.301487 0.781898 -0.518172 0.170994 -3.048540 0.622485 1.392358 1166.72
data/frame-000677.color.jpg 0.252383 0.713631 -0.623048 0.197089 -3.390506 1.395571 0.685119 1166.72
data/frame-000844.color.jpg 0.25351 0.828271 -0.482509 0.129945 -2.699798 -0.469625 1.841679 1166.72
data/frame-000834.color.jpg 0.29379 0.899758 -0.311622 0.0837576 -1.706671 -1.461421 2.603351 1166.72
data/frame-000667.color.jpg 0.303853 0.795463 -0.498782 0.161642 -3.007212 0.441038 1.545979 1166.72
data/frame-000676.color.jpg 0.258164 0.72739 -0.604797 0.19615 -3.316519 1.243821 0.780005 1166.72
data/frame-000843.color.jpg 0.251454 0.83658 -0.470802 0.123488 -2.656508 -0.576130 1.891554 1166.72
data/frame-000833.color.jpg 0.317861 0.901098 -0.28274 0.0839288 -1.507378 -1.406358 2.746376 1166.72
data/frame-000675.color.jpg 0.261418 0.731319 -0.599353 0.193932 -3.293543 1.205542 0.821358 1166.72
data/frame-000842.color.jpg 0.25288 0.8511 -0.445632 0.114422 -2.565811 -0.773830 1.997594 1166.72
data/frame-000832.color.jpg 0.324636 0.902163 -0.271939 0.0822309 -1.438110 -1.401987 2.791365 1166.72
data/frame-000674.color.jpg 0.260948 0.735559 -0.595832 0.189322 -3.227627 1.157494 0.871103 1166.72
data/frame-000841.color.jpg 0.262415 0.858639 -0.427065 0.107207 -2.486299 -0.885929 2.117681 1166.72
data/frame-000831.color.jpg 0.338678 0.907061 -0.238945 0.0737734 -1.220612 -1.412250 2.900385 1166.72
data/frame-000826.color.jpg 0.382395 0.914746 -0.127674 0.0267103 -0.462098 -1.471687 3.294947 1166.72
data/frame-000825.color.jpg 0.384549 0.913872 -0.128508 0.021095 -0.478519 -1.488191 3.338550 1166.72
data/frame-000827.color.jpg 0.379527 0.913934 -0.139681 0.0342354 -0.517076 -1.430978 3.239748 1166.72
data/frame-000828.color.jpg 0.36776 0.914175 -0.165871 0.0390332 -0.665144 -1.449033 3.153704 1166.72
data/frame-000829.color.jpg 0.359807 0.913206 -0.184834 0.0493032 -0.813470 -1.441433 3.080795 1166.72
data/frame-000830.color.jpg 0.360373 0.910599 -0.195435 0.0524023 -0.883193 -1.403800 3.061908 1166.72
data/frame-000683.color.jpg -0.161786 -0.661103 0.699825 -0.216823 -3.485792 1.845577 0.083930 1166.72
data/frame-000850.color.jpg 0.264256 0.83396 -0.470588 0.115005 -2.796412 -0.261566 1.815603 1166.72
data/frame-000684.color.jpg -0.142526 -0.640541 0.720079 -0.225566 -3.411867 2.016370 -0.096821 1166.72
data/frame-000851.color.jpg 0.265449 0.832514 -0.47196 0.11709 -2.814186 -0.230674 1.798649 1166.72
data/frame-000685.color.jpg -0.122847 -0.625746 0.735367 -0.229316 -3.371463 2.171083 -0.249084 1166.72
data/frame-000852.color.jpg 0.267477 0.824597 -0.481337 0.129654 -2.892802 -0.089858 1.691065 1166.72
data/frame-000686.color.jpg -0.112962 -0.612562 0.746388 -0.234334 -3.310755 2.282624 -0.350839 1166.72
data/frame-000853.color.jpg 0.255712 0.828263 -0.482707 0.124844 -2.895994 -0.046948 1.602719 1166.72
data/frame-000687.color.jpg -0.10902 -0.599267 0.756721 -0.237417 -3.252061 2.407269 -0.438304 1166.72
data/frame-000854.color.jpg 0.258841 0.8327 -0.475865 0.114737 -2.829152 -0.020958 1.636782 1166.72
data/frame-000688.color.jpg -0.113578 -0.586617 0.767852 -0.23105 -3.201624 2.545933 -0.432635 1166.72
data/frame-000855.color.jpg 0.26944 0.829671 -0.477334 0.10583 -2.773808 0.091090 1.664220 1166.72
data/frame-000689.color.jpg -0.113028 -0.54997 0.789474 -0.247968 -3.033851 2.798404 -0.658013 1166.72
data/frame-000856.color.jpg 0.274579 0.828278 -0.477136 0.104423 -2.767038 0.146291 1.660237 1166.72
data/frame-000690.color.jpg -0.102802 -0.544642 0.794816 -0.247112 -3.011720 2.839632 -0.685209 1166.72
data/frame-000857.color.jpg 0.276448 0.826635 -0.478762 0.105065 -2.797984 0.212680 1.638151 1166.72
data/frame-000691.color.jpg -0.121971 -0.560973 0.785447 -0.231312 -3.143424 2.774427 -0.530538 1166.72
data/frame-000858.color.jpg 0.283267 0.82722 -0.473007 0.108313 -2.828462 0.233448 1.637150 1166.72
data/frame-000692.color.jpg -0.116429 -0.546073 0.798137 -0.226332 -3.062943 2.921916 -0.570738 1166.72
data/frame-000859.color.jpg 0.28954 0.823329 -0.473161 0.120058 -2.915993 0.311837 1.577299 1166.72
data/frame-000693.color.jpg -0.098724 -0.509344 0.823812 -0.228376 -2.819070 3.206402 -0.715106 1166.72
data/frame-000860.color.jpg 0.309523 0.820752 -0.462978 0.127326 -2.977519 0.405082 1.581575 1166.72
data/frame-000694.color.jpg -0.081942 -0.471914 0.849243 -0.222192 -2.537020 3.503476 -0.771190 1166.72
data/frame-000695.color.jpg -0.0770255 -0.447129 0.860975 -0.229922 -2.341704 3.665523 -0.892758 1166.72
data/frame-000696.color.jpg -0.0611487 -0.412859 0.87698 -0.238148 -2.061733 3.847056 -1.023460 1166.72
data/frame-000697.color.jpg -0.0553701 -0.37533 0.89126 -0.248428 -1.748198 4.004602 -1.155568 1166.72
data/frame-000698.color.jpg -0.046048 -0.347487 0.904713 -0.24213 -1.505169 4.131195 -1.133061 1166.72
data/frame-000699.color.jpg -0.0440165 -0.330701 0.913971 -0.230991 -1.362536 4.253070 -1.065909 1166.72
data/frame-000700.color.jpg -0.0198627 -0.301413 0.920823 -0.246661 -1.153642 4.386039 -1.278337 1166.72
data/frame-000701.color.jpg -0.0273502 -0.279127 0.925778 -0.253524 -0.964903 4.444798 -1.369538 1166.72
data/frame-000702.color.jpg -0.0318973 -0.261314 0.926274 -0.269656 -0.823172 4.477289 -1.546171 1166.72
data/frame-000824.color.jpg 0.387219 0.91215 -0.13305 0.0184544 -0.511041 -1.475619 3.375830 1166.72
data/frame-000823.color.jpg 0.39118 0.909219 -0.141729 0.0145598 -0.544450 -1.448649 3.421672 1166.72
data/frame-000822.color.jpg 0.373882 0.914789 -0.150883 0.0246694 -0.664984 -1.577912 3.386797 1166.72
data/frame-000821.color.jpg 0.325834 0.917691 -0.218004 0.064412 -1.280529 -1.792959 3.151939 1166.72
data/frame-000820.color.jpg 0.329743 0.913553 -0.230141 0.0610409 -1.344381 -1.744294 3.179806 1166.72
data/frame-000819.color.jpg 0.30836 0.913116 -0.261947 0.0501619 -1.475579 -1.818899 3.110387 1166.72
data/frame-000818.color.jpg 0.292199 0.905686 -0.299552 0.0679851 -1.755249 -1.824633 3.009192 1166.72
data/frame-000817.color.jpg 0.290399 0.904306 -0.305517 0.0675221 -1.786542 -1.818404 3.002580 1166.72
data/frame-000816.color.jpg 0.275123 0.903002 -0.320524 0.0784752 -1.949322 -1.863130 2.904594 1166.72
data/frame-000815.color.jpg 0.266173 0.900598 -0.333909 0.0811118 -2.078066 -1.880033 2.855663 1166.72
data/frame-000814.color.jpg 0.249732 0.896472 -0.355508 0.087093 -2.272382 -1.883580 2.745084 1166.72
data/frame-000813.color.jpg 0.236178 0.888139 -0.382561 0.0952676 -2.519803 -1.833031 2.629185 1166.72
data/frame-000812.color.jpg 0.21572 0.873175 -0.427194 0.0923936 -2.833222 -1.698192 2.474780 1166.72
data/frame-000811.color.jpg 0.185794 0.861395 -0.46114 0.104065 -3.137823 -1.631963 2.220228 1166.72
data/frame-000810.color.jpg 0.175295 0.846819 -0.489849 0.110527 -3.343361 -1.464380 2.094811 1166.72
data/frame-000809.color.jpg 0.167876 0.825282 -0.524188 0.126308 -3.620991 -1.174830 1.926690 1166.72
data/frame-000808.color.jpg 0.151528 0.821354 -0.538301 0.11247 -3.695420 -1.137660 1.848919 1166.72
data/frame-000807.color.jpg 0.149936 0.823159 -0.537407 0.105467 -3.687397 -1.147971 1.860907 1166.72
data/frame-000806.color.jpg 0.146602 0.834558 -0.525668 0.0754565 -3.585727 -1.262728 1.964061 1166.72
data/frame-000805.color.jpg 0.149621 0.830262 -0.532683 0.067288 -3.600446 -1.169377 1.997453 1166.72
data/frame-000804.color.jpg 0.158024 0.821553 -0.543861 0.0655303 -3.632034 -0.990693 2.028887 1166.72
data/frame-000803.color.jpg 0.157616 0.814813 -0.553728 0.0679857 -3.682980 -0.855254 1.988367 1166.72
data/frame-000802.color.jpg 0.155926 0.808765 -0.562246 0.0739232 -3.745250 -0.735796 1.926748 1166.72
data/frame-000801.color.jpg 0.155132 0.80801 -0.562896 0.0787514 -3.769811 -0.699000 1.890835 1166.72
data/frame-000800.color.jpg 0.170459 0.786352 -0.588753 0.0772323 -3.826300 -0.312824 1.920618 1166.72
data/frame-000799.color.jpg 0.169618 0.770625 -0.608563 0.0837721 -3.906812 -0.075357 1.840645 1166.72
data/frame-000798.color.jpg 0.167511 0.760171 -0.618653 0.106533 -4.008525 0.069587 1.673744 1166.72
data/frame-000797.color.jpg 0.169837 0.751652 -0.626612 0.116331 -4.113667 0.207128 1.601717 1166.72
data/frame-000796.color.jpg 0.169032 0.748623 -0.62973 0.120132 -4.162429 0.249613 1.560879 1166.72
data/frame-000795.color.jpg 0.165297 0.736225 -0.643568 0.128334 -4.286996 0.402275 1.444724 1166.72
data/frame-000794.color.jpg 0.16344 0.731646 -0.648778 0.130647 -4.332039 0.453841 1.402631 1166.72
data/frame-000793.color.jpg 0.146332 0.721976 -0.664071 0.12786 -4.451625 0.548856 1.288368 1166.72
data/frame-000792.color.jpg 0.146064 0.721946 -0.664954 0.123673 -4.473511 0.549638 1.314469 1166.72
data/frame-000791.color.jpg 0.132343 0.719731 -0.671011 0.119235 -4.566047 0.545873 1.260958 1166.72
data/frame-000790.color.jpg 0.127965 0.712989 -0.678989 0.119354 -4.597651 0.622878 1.217312 1166.72
data/frame-000789.color.jpg -0.129201 -0.683059 0.706527 -0.132506 -4.664836 1.001844 1.060268 1166.72
data/frame-000788.color.jpg -0.119643 -0.677393 0.711733 -0.142338 -4.711441 1.058259 0.920157 1166.72
data/frame-000787.color.jpg -0.107446 -0.649878 0.73459 -0.162763 -4.780163 1.355660 0.622304 1166.72
data/frame-000744.color.jpg -0.218796 -0.632326 0.708812 -0.223333 -3.957933 0.328879 0.937632 1166.72
data/frame-000743.color.jpg -0.20519 -0.604979 0.734406 -0.229229 -4.017031 0.588131 0.723934 1166.72
data/frame-000742.color.jpg -0.195821 -0.576083 0.757781 -0.23569 -4.051424 0.848236 0.534294 1166.72
data/frame-000741.color.jpg -0.182971 -0.565214 0.768225 -0.238504 -4.066322 0.927835 0.412962 1166.72
data/frame-000736.color.jpg -0.17387 -0.472476 0.814838 -0.287357 -3.947442 1.755670 -0.337601 1166.72
data/frame-000735.color.jpg -0.172456 -0.455895 0.817994 -0.305458 -3.893750 1.847730 -0.517542 1166.72
data/frame-000734.color.jpg -0.161004 -0.382987 0.834686 -0.361521 -3.602549 2.245049 -1.184711 1166.72
data/frame-000733.color.jpg -0.1506 -0.357948 0.849211 -0.357817 -3.463448 2.472327 -1.276470 1166.72
data/frame-000732.color.jpg -0.148371 -0.350316 0.85209 -0.359454 -3.434900 2.545170 -1.310971 1166.72
data/frame-000731.color.jpg -0.116012 -0.284064 0.884292 -0.351962 -2.999050 3.034361 -1.547828 1166.72
data/frame-000730.color.jpg -0.0765691 -0.219056 0.909217 -0.345654 -2.475600 3.449019 -1.762938 1166.72
data/frame-000729.color.jpg -0.0468498 -0.190577 0.91803 -0.344539 -2.211990 3.601602 -1.879044 1166.72
data/frame-000728.color.jpg -0.0261202 -0.17337 0.919587 -0.351598 -2.018902 3.699325 -1.979951 1166.72
data/frame-000727.color.jpg -0.0208476 -0.133218 0.927558 -0.348504 -1.649261 4.054561 -1.973803 1166.72
data/frame-000726.color.jpg -0.0170318 -0.112501 0.935715 -0.333904 -1.430330 4.230859 -1.843266 1166.72
data/frame-000725.color.jpg -0.0108592 -0.0822488 0.943183 -0.32175 -1.107350 4.392049 -1.752380 1166.72
data/frame-000714.color.jpg 0.00321498 -0.0347475 0.939465 -0.340864 -0.694387 4.385660 -1.959646 1166.72
data/frame-000713.color.jpg 0.000112313 -0.0386093 0.93791 -0.344723 -0.733867 4.364702 -1.985546 1166.72
data/frame-000712.color.jpg -0.00128488 -0.0402715 0.937091 -0.346751 -0.749481 4.352913 -2.001053 1166.72
data/frame-000711.color.jpg -0.00354411 -0.0423207 0.935695 -0.350244 -0.771709 4.332708 -2.026752 1166.72
data/frame-000709.color.jpg -0.0054194 -0.0434621 0.934764 -0.352559 -0.784466 4.324229 -2.043708 1166.72
data/frame-000710.color.jpg -0.00447104 -0.04193 0.934785 -0.352703 -0.769495 4.323375 -2.047287 1166.72
data/frame-000715.color.jpg 0.00517453 -0.0337541 0.940459 -0.338188 -0.685375 4.399703 -1.940262 1166.72
data/frame-000716.color.jpg 0.0075139 -0.0318257 0.941986 -0.334055 -0.666038 4.419808 -1.909775 1166.72
data/frame-000717.color.jpg 0.00635968 -0.0319807 0.943186 -0.330661 -0.669541 4.435414 -1.878727 1166.72
data/frame-000718.color.jpg 0.00615215 -0.0332371 0.944523 -0.3267 -0.682600 4.448261 -1.841561 1166.72
data/frame-000719.color.jpg 0.00836319 -0.0345381 0.945509 -0.32365 -0.693640 4.454319 -1.815921 1166.72
data/frame-000720.color.jpg 0.00644217 -0.0377874 0.948171 -0.315439 -0.725853 4.473888 -1.735764 1166.72
data/frame-000721.color.jpg 0.00688326 -0.0431693 0.949372 -0.311098 -0.772089 4.473460 -1.693864 1166.72
data/frame-000722.color.jpg 0.00576182 -0.0476934 0.949096 -0.311303 -0.810032 4.465297 -1.692076 1166.72
data/frame-000723.color.jpg 0.00123187 -0.0552835 0.947765 -0.31414 -0.861706 4.459043 -1.712652 1166.72
data/frame-000724.color.jpg -0.0017896 -0.0650535 0.94644 -0.316254 -0.949043 4.441224 -1.723987 1166.72
data/frame-000745.color.jpg -0.226882 -0.660358 0.681841 -0.21805 -3.885114 0.065208 1.125386 1166.72
data/frame-000746.color.jpg -0.236385 -0.666726 0.673738 -0.213717 -3.837321 0.026747 1.231616 1166.72
data/frame-000747.color.jpg 0.229092 0.674805 -0.674529 0.192783 -3.783655 -0.008762 1.320191 1166.72
data/frame-000748.color.jpg -0.227159 -0.672367 0.678977 -0.187914 -3.788616 0.045876 1.310950 1166.72
data/frame-000749.color.jpg -0.233865 -0.633714 0.705835 -0.213333 -3.830030 0.504856 1.123242 1166.72
data/frame-000750.color.jpg -0.221918 -0.624686 0.718203 -0.211432 -3.839988 0.605041 1.055616 1166.72
data/frame-000751.color.jpg -0.178253 -0.615655 0.741993 -0.196573 -3.878041 0.728899 0.948645 1166.72
data/frame-000752.color.jpg -0.166599 -0.611076 0.751453 -0.184796 -3.881380 0.795148 0.962496 1166.72
data/frame-000753.color.jpg -0.175471 -0.599814 0.761101 -0.173659 -3.845420 1.010006 1.063743 1166.72
data/frame-000754.color.jpg -0.166149 -0.596905 0.766728 -0.168009 -3.855101 1.060491 1.046522 1166.72
data/frame-000755.color.jpg -0.172036 -0.582843 0.776558 -0.1663 -3.847218 1.298031 1.052262 1166.72
data/frame-000756.color.jpg -0.162802 -0.581915 0.778548 -0.169511 -3.886923 1.321863 0.975808 1166.72
data/frame-000757.color.jpg -0.151871 -0.551511 0.799419 -0.183577 -3.857689 1.681390 0.735274 1166.72
data/frame-000758.color.jpg -0.133227 -0.521322 0.819581 -0.19688 -3.776678 1.953741 0.478477 1166.72
data/frame-000759.color.jpg -0.129459 -0.464095 0.849325 -0.215647 -3.509906 2.472338 0.180762 1166.72
data/frame-000760.color.jpg -0.130712 -0.452957 0.853979 -0.220147 -3.459422 2.561033 0.119115 1166.72
data/frame-000761.color.jpg -0.107361 -0.437112 0.864422 -0.224014 -3.448948 2.705429 -0.055636 1166.72
data/frame-000762.color.jpg -0.0967077 -0.448971 0.859712 -0.223536 -3.577691 2.638052 -0.084396 1166.72
data/frame-000290.color.jpg -0.10217 -0.303968 0.883424 -0.341653 -2.990549 3.244848 -1.242001 1166.72
data/frame-000999.color.jpg 0.211779 0.742197 -0.626889 0.106319 -4.085061 0.268594 1.925070 1166.72
data/frame-000291.color.jpg -0.107517 -0.315817 0.879298 -0.339904 -3.069818 3.178066 -1.178831 1166.72
data/frame-001000.color.jpg 0.206759 0.747065 -0.623152 0.104046 -4.045222 0.206229 1.912772 1166.72
data/frame-000292.color.jpg -0.112342 -0.330132 0.875352 -0.33489 -3.160262 3.109202 -1.086700 1166.72
data/frame-001001.color.jpg 0.208343 0.745629 -0.624688 0.101959 -3.988004 0.266522 1.911283 1166.72
data/frame-000293.color.jpg -0.119088 -0.342446 0.871524 -0.330145 -3.237372 3.051693 -0.992475 1166.72
data/frame-001002.color.jpg 0.204113 0.740111 -0.632638 0.101702 -3.958147 0.354856 1.851901 1166.72
data/frame-000294.color.jpg -0.121338 -0.350727 0.869123 -0.326946 -3.287928 3.008988 -0.937933 1166.72
data/frame-001003.color.jpg 0.193405 0.739848 -0.635287 0.107844 -3.964371 0.349835 1.746871 1166.72
data/frame-000295.color.jpg -0.125141 -0.356842 0.866912 -0.324757 -3.323608 2.976268 -0.889956 1166.72
data/frame-001004.color.jpg 0.181522 0.736683 -0.642466 0.107637 -3.933084 0.366147 1.671456 1166.72
data/frame-000296.color.jpg -0.131505 -0.361519 0.864971 -0.322236 -3.343148 2.954427 -0.830022 1166.72
data/frame-001005.color.jpg 0.175487 0.739534 -0.641649 0.10286 -3.886086 0.312138 1.671061 1166.72
data/frame-000297.color.jpg -0.131083 -0.369247 0.862036 -0.321509 -3.377240 2.896180 -0.797773 1166.72
data/frame-001006.color.jpg 0.185964 0.736459 -0.640903 0.110857 -3.846493 0.345265 1.683250 1166.72
data/frame-000298.color.jpg -0.127737 -0.375018 0.861676 -0.317112 -3.387137 2.849739 -0.748645 1166.72
data/frame-001007.color.jpg 0.181037 0.731795 -0.647685 0.110476 -3.842808 0.359809 1.666521 1166.72
data/frame-000299.color.jpg -0.124226 -0.371898 0.865036 -0.313006 -3.338861 2.861001 -0.715478 1166.72
data/frame-001008.color.jpg 0.179164 0.733306 -0.647848 0.102251 -3.820281 0.299928 1.727359 1166.72
data/frame-000300.color.jpg -0.127377 -0.362255 0.867211 -0.317003 -3.259900 2.901939 -0.734258 1166.72
data/frame-001009.color.jpg 0.176236 0.737365 -0.644352 0.100219 -3.811342 0.204163 1.752710 1166.72
data/frame-000301.color.jpg -0.137274 -0.358314 0.865721 -0.321394 -3.215470 2.886330 -0.710483 1166.72
data/frame-001010.color.jpg 0.156107 0.736035 -0.649734 0.1083 -3.872349 0.134499 1.614020 1166.72
data/frame-000302.color.jpg -0.122229 -0.362824 0.866764 -0.319593 -3.234207 2.817797 -0.724851 1166.72
data/frame-001011.color.jpg 0.150545 0.736851 -0.64974 0.110562 -3.865227 0.078436 1.588235 1166.72
data/frame-000303.color.jpg -0.112124 -0.377847 0.864977 -0.310603 -3.315458 2.715667 -0.641419 1166.72
data/frame-001012.color.jpg 0.153254 0.733745 -0.653182 0.107169 -3.847441 0.091293 1.619106 1166.72
data/frame-000304.color.jpg -0.115379 -0.393984 0.85877 -0.306558 -3.418350 2.606128 -0.550526 1166.72
data/frame-001013.color.jpg 0.154342 0.732486 -0.653275 0.113463 -3.860126 0.075682 1.604804 1166.72
data/frame-000305.color.jpg -0.122963 -0.41842 0.84748 -0.302625 -3.590091 2.427249 -0.426182 1166.72
data/frame-001014.color.jpg 0.156195 0.732631 -0.653091 0.111025 -3.851663 0.046872 1.640995 1166.72
data/frame-000306.color.jpg -0.117589 -0.432645 0.842033 -0.299954 -3.674998 2.303032 -0.385952 1166.72
data/frame-001015.color.jpg 0.159512 0.72703 -0.658891 0.108838 -3.848991 0.088019 1.665003 1166.72
data/frame-000308.color.jpg -0.129883 -0.476494 0.823259 -0.279873 -3.871675 1.970579 -0.057120 1166.72
data/frame-001017.color.jpg 0.152158 0.773543 -0.609728 0.0819256 -3.634062 -0.526784 1.853524 1166.72
data/frame-000309.color.jpg -0.133371 -0.492586 0.815368 -0.273398 -3.930929 1.825581 0.044509 1166.72
data/frame-001018.color.jpg 0.14447 0.799244 -0.58031 0.0598078 -3.447983 -0.874148 1.936833 1166.72
data/frame-000310.color.jpg -0.130922 -0.496457 0.816007 -0.26556 -3.933573 1.791992 0.091066 1166.72
data/frame-001019.color.jpg 0.149785 0.827126 -0.539134 0.0525547 -3.221799 -1.195950 2.027531 1166.72
data/frame-000311.color.jpg -0.129329 -0.508212 0.815579 -0.24459 -3.937911 1.717177 0.251003 1166.72
data/frame-001020.color.jpg 0.171788 0.847625 -0.499225 0.052861 -2.984707 -1.382467 2.192041 1166.72
data/frame-000312.color.jpg -0.138535 -0.521068 0.807971 -0.237655 -3.940738 1.623101 0.374365 1166.72
data/frame-001021.color.jpg 0.195276 0.870675 -0.44712 0.0622538 -2.716586 -1.578838 2.336076 1166.72
data/frame-000313.color.jpg -0.138474 -0.531605 0.801877 -0.234977 -3.956773 1.528712 0.418442 1166.72
data/frame-001022.color.jpg 0.197762 0.882554 -0.421592 0.0651904 -2.564882 -1.697682 2.370729 1166.72
data/frame-000314.color.jpg -0.140373 -0.54179 0.795496 -0.23226 -3.968724 1.435579 0.471929 1166.72
data/frame-001023.color.jpg 0.20717 0.897186 -0.384933 0.0629667 -2.327771 -1.829914 2.459665 1166.72
data/frame-000315.color.jpg -0.140529 -0.552105 0.790781 -0.223825 -3.976266 1.347361 0.554993 1166.72
data/frame-001024.color.jpg 0.229809 0.90628 -0.350037 0.0576038 -2.058392 -1.862853 2.626588 1166.72
data/frame-000316.color.jpg -0.1419 -0.558629 0.788336 -0.215232 -3.978477 1.295281 0.635440 1166.72
data/frame-001025.color.jpg 0.256721 0.914395 -0.30881 0.0511219 -1.734701 -1.884211 2.809152 1166.72
data/frame-000317.color.jpg -0.136704 -0.565327 0.786222 -0.208742 -3.987545 1.224521 0.668054 1166.72
data/frame-001026.color.jpg 0.270721 0.9265 -0.258963 0.0352919 -1.351760 -1.965970 2.930461 1166.72
data/frame-000288.color.jpg -0.0878358 -0.279263 0.893212 -0.341275 -2.811062 3.387061 -1.347374 1166.72
data/frame-001028.color.jpg 0.311821 0.927436 -0.202693 0.0393078 -0.989328 -1.822093 3.129910 1166.72
data/frame-000320.color.jpg -0.136095 -0.587048 0.77623 -0.185257 -3.988660 1.019760 0.872275 1166.72
data/frame-001029.color.jpg 0.333904 0.924798 -0.179765 0.0306874 -0.793016 -1.712633 3.232212 1166.72
data/frame-000321.color.jpg -0.135916 -0.5934 0.773184 -0.177734 -3.981768 0.954614 0.932935 1166.72
data/frame-001030.color.jpg 0.349011 0.921744 -0.165332 0.0352764 -0.711634 -1.621359 3.292293 1166.72
data/frame-000349.color.jpg -0.218119 -0.670577 0.68309 -0.190101 -3.522358 0.588744 1.395933 1166.72
data/frame-001058.color.jpg 0.253539 0.843395 -0.464458 0.0931696 -2.806410 -0.337350 1.946306 1166.72
data/frame-000429.color.jpg 0.280095 0.718469 -0.608055 0.188727 -2.954984 1.211960 0.839335 1166.72
data/frame-000430.color.jpg 0.273269 0.70931 -0.620244 0.193651 -2.965087 1.277281 0.762058 1166.72
data/frame-000431.color.jpg 0.26015 0.689366 -0.645613 0.200702 -2.964744 1.436767 0.622831 1166.72
data/frame-000432.color.jpg 0.250954 0.677678 -0.660361 0.204204 -2.953055 1.524876 0.541220 1166.72
data/frame-000433.color.jpg -0.242328 -0.662964 0.677959 -0.205247 -2.921673 1.640426 0.467863 1166.72
data/frame-000434.color.jpg -0.232443 -0.652257 0.688529 -0.215544 -2.921194 1.704684 0.351762 1166.72
data/frame-000435.color.jpg -0.223949 -0.643025 0.697006 -0.224828 -2.911394 1.754796 0.252736 1166.72
data/frame-000436.color.jpg -0.220894 -0.626544 0.711411 -0.229223 -2.858799 1.868221 0.175510 1166.72
data/frame-000437.color.jpg -0.216895 -0.622918 0.715266 -0.23092 -2.853160 1.896439 0.146946 1166.72
data/frame-000438.color.jpg -0.218306 -0.611038 0.72244 -0.238863 -2.823111 1.974377 0.071924 1166.72
data/frame-000439.color.jpg -0.220549 -0.599408 0.728504 -0.247688 -2.792285 2.044125 -0.005625 1166.72
data/frame-000440.color.jpg -0.218317 -0.568173 0.750252 -0.258146 -2.675380 2.226731 -0.150746 1166.72
data/frame-000441.color.jpg -0.218205 -0.557012 0.757979 -0.259986 -2.626546 2.293680 -0.190044 1166.72
data/frame-000442.color.jpg -0.214303 -0.544621 0.767612 -0.261216 -2.570004 2.364115 -0.234588 1166.72
data/frame-000444.color.jpg -0.193168 -0.491022 0.801144 -0.282403 -2.307193 2.598219 -0.504447 1166.72
data/frame-000410.color.jpg 0.317408 0.707038 -0.593632 0.21668 -2.977823 0.914225 1.305320 1166.72
data/frame-001119.color.jpg -0.0274825 -0.161934 0.959292 -0.22974 0.227333 4.490664 -0.990468 1166.72
data/frame-000445.color.jpg -0.19069 -0.455547 0.819518 -0.290697 -2.109654 2.732600 -0.616108 1166.72
data/frame-000411.color.jpg 0.324792 0.712389 -0.586864 0.206405 -2.951861 0.925667 1.369139 1166.72
data/frame-001120.color.jpg -0.0231288 -0.142044 0.96313 -0.227308 0.433700 4.514074 -0.968558 1166.72
data/frame-000446.color.jpg -0.181722 -0.420232 0.84034 -0.290192 -1.885412 2.873170 -0.664768 1166.72
data/frame-000412.color.jpg 0.330564 0.70832 -0.587854 0.208418 -2.925513 1.007961 1.301891 1166.72
data/frame-001121.color.jpg -0.0144843 -0.122028 0.964205 -0.234962 0.638361 4.514014 -1.025776 1166.72
data/frame-000447.color.jpg -0.17031 -0.394422 0.854121 -0.293092 -1.717374 2.947534 -0.708650 1166.72
data/frame-000423.color.jpg 0.337797 0.686715 -0.601374 0.229488 -2.777340 1.411060 0.726423 1166.72
data/frame-001132.color.jpg 0.0325423 -0.0352359 0.952997 -0.299158 1.434834 4.346851 -1.443222 1166.72
data/frame-000458.color.jpg -0.0613233 -0.217187 0.915513 -0.333024 -0.891633 3.147236 -1.023781 1166.72
data/frame-000424.color.jpg 0.34057 0.69388 -0.590321 0.232515 -2.808833 1.347810 0.727864 1166.72
data/frame-001133.color.jpg 0.0355304 -0.0376544 0.955449 -0.290582 1.415810 4.370420 -1.367115 1166.72
data/frame-000459.color.jpg -0.0500299 -0.194652 0.920084 -0.336233 -0.758453 3.175261 -1.054473 1166.72
data/frame-000425.color.jpg 0.348269 0.709495 -0.57233 0.218549 -2.828233 1.257578 0.861023 1166.72
data/frame-001134.color.jpg 0.0367794 -0.0423703 0.957928 -0.281471 1.374573 4.407564 -1.295192 1166.72
data/frame-000460.color.jpg -0.0384137 -0.175778 0.925494 -0.333298 -0.648929 3.205659 -1.039002 1166.72
data/frame-000461.color.jpg -0.036561 -0.159612 0.927924 -0.334879 -0.555381 3.222181 -1.053764 1166.72
data/frame-000428.color.jpg 0.312018 0.734286 -0.573251 0.186687 -2.902218 1.084100 0.998051 1166.72
data/frame-001137.color.jpg 0.0363431 -0.0267523 0.956414 -0.288505 1.526485 4.353938 -1.333968 1166.72
data/frame-000463.color.jpg -0.0198971 -0.113141 0.930712 -0.347244 -0.292273 3.238200 -1.141492 1166.72
data/frame-000462.color.jpg -0.0291534 -0.134514 0.929359 -0.342562 -0.410341 3.232247 -1.111162 1166.72
data/frame-000422.color.jpg 0.331678 0.665899 -0.624638 0.237476 -2.707374 1.533949 0.637464 1166.72
data/frame-001131.color.jpg 0.0317601 -0.0351687 0.951398 -0.304298 1.435815 4.330506 -1.486661 1166.72
data/frame-000457.color.jpg -0.0712915 -0.243077 0.909724 -0.328988 -1.044378 3.107296 -0.980488 1166.72
data/frame-000421.color.jpg 0.330696 0.656735 -0.633361 0.241233 -2.681747 1.588028 0.613000 1166.72
data/frame-001130.color.jpg 0.0296835 -0.0360919 0.950517 -0.307137 1.425432 4.321650 -1.516787 1166.72
data/frame-000456.color.jpg -0.0891086 -0.279176 0.899712 -0.323479 -1.253109 3.048798 -0.908267 1166.72
data/frame-000420.color.jpg 0.316056 0.66226 -0.637633 0.234402 -2.697604 1.546501 0.673985 1166.72
data/frame-001129.color.jpg 0.0293933 -0.038315 0.952412 -0.300965 1.408151 4.343780 -1.466316 1166.72
data/frame-000455.color.jpg -0.0993724 -0.291224 0.894849 -0.323355 -1.312070 3.033829 -0.898525 1166.72
data/frame-000419.color.jpg 0.314461 0.663694 -0.636741 0.234915 -2.707061 1.516740 0.705655 1166.72
data/frame-001128.color.jpg 0.0258309 -0.0415275 0.956117 -0.288874 1.374467 4.376287 -1.377246 1166.72
data/frame-000454.color.jpg -0.105912 -0.301686 0.894662 -0.312005 -1.331660 3.054249 -0.830342 1166.72
data/frame-000418.color.jpg 0.316263 0.669833 -0.630578 0.231674 -2.733302 1.462299 0.781445 1166.72
data/frame-001127.color.jpg 0.01955 -0.0425657 0.954995 -0.2929 1.366568 4.349806 -1.429782 1166.72
data/frame-000453.color.jpg -0.106412 -0.306772 0.893302 -0.310771 -1.333100 3.055832 -0.828844 1166.72
data/frame-000417.color.jpg 0.320475 0.67658 -0.622895 0.22702 -2.764324 1.398990 0.877936 1166.72
data/frame-001126.color.jpg 0.0155953 -0.0439461 0.954705 -0.293878 1.356800 4.343671 -1.447894 1166.72
data/frame-000452.color.jpg -0.12271 -0.308711 0.890135 -0.311927 -1.316451 3.068563 -0.848916 1166.72
data/frame-000416.color.jpg 0.322151 0.680853 -0.617444 0.22676 -2.787280 1.348090 0.922278 1166.72
data/frame-001125.color.jpg 0.0110231 -0.0484953 0.956513 -0.287419 1.317632 4.358968 -1.403901 1166.72
data/frame-000451.color.jpg -0.15665 -0.320433 0.881821 -0.308504 -1.340027 3.068179 -0.823563 1166.72
data/frame-000415.color.jpg 0.325081 0.682575 -0.614015 0.226712 -2.816210 1.314270 0.966170 1166.72
data/frame-001124.color.jpg -0.000773462 -0.0599714 0.959648 -0.274733 1.210262 4.398343 -1.335850 1166.72
data/frame-000450.color.jpg -0.165416 -0.335052 0.87388 -0.310985 -1.407633 3.030784 -0.829692 1166.72
data/frame-000414.color.jpg 0.325095 0.686187 -0.608725 0.230033 -2.862367 1.241330 0.994486 1166.72
data/frame-001123.color.jpg -0.00412995 -0.0732128 0.961605 -0.264458 1.092948 4.436431 -1.261109 1166.72
data/frame-000449.color.jpg -0.155016 -0.36535 0.863063 -0.312429 -1.567963 2.964621 -0.838254 1166.72
data/frame-000413.color.jpg 0.332155 0.693701 -0.595877 0.231045 -2.921131 1.141469 1.081889 1166.72
data/frame-001122.color.jpg -0.010467 -0.091876 0.962827 -0.253797 0.922109 4.469433 -1.184692 1166.72
data/frame-000448.color.jpg -0.168546 -0.378739 0.858677 -0.301368 -1.625538 2.965677 -0.761590 1166.72
data/frame-001136.color.jpg 0.0368863 -0.0266465 0.956025 -0.289733 1.526722 4.349266 -1.343041 1166.72
data/frame-000427.color.jpg 0.335669 0.729618 -0.56394 0.192239 -2.850297 1.122850 1.025288 1166.72
data/frame-001135.color.jpg 0.0392266 -0.0285558 0.956371 -0.288097 1.506487 4.360084 -1.326946 1166.72
data/frame-000426.color.jpg 0.345067 0.720449 -0.565937 0.203954 -2.832130 1.191051 0.961569 1166.72
