data/frame-000572.color.jpg 0.395054 0.917804 0.0392476 0.00530423 -0.034453 1.044147 0.919010 1165.19
data/frame-000575.color.jpg 0.401719 0.914161 0.0541394 -0.000543611 -0.094442 1.106622 0.874188 1165.19
data/frame-000581.color.jpg 0.415632 0.900337 0.123606 -0.0369381 -0.241514 1.192900 0.777631 1165.19
data/frame-000582.color.jpg 0.41563 0.899428 0.128387 -0.0423988 -0.264507 1.208250 0.763506 1165.19
data/frame-000587.color.jpg 0.384325 0.917406 0.0882769 -0.0535585 -0.115906 1.450479 0.560112 1165.19
data/frame-000588.color.jpg 0.386965 0.916495 0.0870403 -0.0521433 -0.115371 1.477979 0.538722 1165.19
data/frame-000590.color.jpg 0.401478 0.903565 0.125664 -0.0812021 -0.167873 1.520850 0.441836 1165.19
data/frame-000591.color.jpg 0.40514 0.892539 0.176909 -0.0890998 -0.313151 1.529820 0.426311 1165.19
data/frame-000592.color.jpg 0.40656 0.882945 0.212934 -0.0988714 -0.388593 1.518413 0.422625 1165.19
data/frame-000593.color.jpg 0.407967 0.873894 0.239994 -0.110791 -0.450678 1.510784 0.421376 1165.19
data/frame-000594.color.jpg 0.402383 0.877121 0.234114 -0.118055 -0.436046 1.524893 0.431606 1165.19
data/frame-000595.color.jpg 0.415699 0.875165 0.218944 -0.115514 -0.436217 1.577478 0.364457 1165.19
data/frame-000596.color.jpg 0.434442 0.870939 0.204037 -0.10533 -0.439962 1.598398 0.289640 1165.19
data/frame-000597.color.jpg 0.44141 0.874569 0.181436 -0.0858288 -0.445445 1.596916 0.234138 1165.19
data/frame-000599.color.jpg 0.430157 0.896193 0.106531 -0.021337 -0.402777 1.644154 0.216801 1165.19
data/frame-000601.color.jpg 0.424221 0.904083 0.051123 0.00759516 -0.329100 1.665563 0.208046 1165.19
data/frame-000602.color.jpg 0.420222 0.906931 0.0262158 0.0142008 -0.286230 1.671534 0.208330 1165.19
data/frame-000603.color.jpg 0.41616 0.908852 0.00630757 0.0275449 -0.264651 1.674528 0.206799 1165.19
data/frame-000604.color.jpg 0.412842 0.910017 -0.0116945 0.0359715 -0.240811 1.681951 0.207330 1165.19
data/frame-000605.color.jpg 0.412926 0.909235 -0.0302712 0.0432112 -0.206092 1.686340 0.201516 1165.19
data/frame-000606.color.jpg 0.410629 0.909931 -0.0369253 0.0452242 -0.188438 1.682667 0.204618 1165.19
data/frame-000638.color.jpg 0.339057 0.739379 -0.513027 0.274157 0.178477 1.537862 0.365494 1165.19
data/frame-000608.color.jpg 0.420664 0.903628 -0.0577716 0.0562182 -0.159177 1.672918 0.176746 1165.19
data/frame-000609.color.jpg 0.420411 0.901907 -0.0746871 0.0651127 -0.146362 1.665341 0.191829 1165.19
data/frame-000610.color.jpg 0.422006 0.899601 -0.0874379 0.0705954 -0.150596 1.644381 0.216705 1165.19
data/frame-000611.color.jpg 0.411203 0.901973 -0.103077 0.0820438 -0.163266 1.624102 0.275488 1165.19
data/frame-000612.color.jpg 0.419669 0.897401 -0.111286 0.0785137 -0.156568 1.605614 0.273136 1165.19
data/frame-000613.color.jpg 0.420146 0.896099 -0.119598 0.0786163 -0.159876 1.596282 0.288039 1165.19
data/frame-000614.color.jpg 0.424202 0.892059 -0.131806 0.0831324 -0.165643 1.588369 0.288763 1165.19
data/frame-000615.color.jpg 0.416687 0.891689 -0.145257 0.100813 -0.206384 1.580848 0.324588 1165.19
data/frame-000616.color.jpg 0.417651 0.88625 -0.163742 0.115399 -0.191782 1.581103 0.302163 1165.19
data/frame-000617.color.jpg 0.413705 0.883816 -0.178378 0.126091 -0.190131 1.593747 0.292076 1165.19
data/frame-000618.color.jpg 0.415677 0.877482 -0.196425 0.136586 -0.174918 1.614511 0.258255 1165.19
data/frame-000619.color.jpg 0.416034 0.868766 -0.219657 0.154638 -0.151655 1.640467 0.212570 1165.19
data/frame-000620.color.jpg 0.412235 0.861984 -0.24325 0.166961 -0.116255 1.664520 0.180948 1165.19
data/frame-000621.color.jpg 0.406371 0.859341 -0.258704 0.171659 -0.088843 1.677627 0.174154 1165.19
data/frame-000622.color.jpg 0.401802 0.850908 -0.288302 0.177181 -0.025373 1.696987 0.147415 1165.19
data/frame-000623.color.jpg 0.396438 0.836772 -0.322581 0.196448 0.039059 1.722699 0.116700 1165.19
data/frame-000624.color.jpg 0.392746 0.822044 -0.350679 0.216839 0.088596 1.735669 0.080895 1165.19
data/frame-000625.color.jpg 0.388618 0.813244 -0.366251 0.231236 0.115008 1.745503 0.059269 1165.19
data/frame-000626.color.jpg 0.379967 0.807129 -0.380091 0.244332 0.124116 1.748661 0.059193 1165.19
data/frame-000627.color.jpg 0.375487 0.79744 -0.397162 0.255657 0.147562 1.754067 0.050712 1165.19
data/frame-000628.color.jpg 0.370279 0.784248 -0.420128 0.267097 0.183386 1.748783 0.055344 1165.19
data/frame-000629.color.jpg 0.359766 0.770544 -0.446265 0.278706 0.217079 1.739221 0.084631 1165.19
data/frame-000630.color.jpg 0.351575 0.755182 -0.46978 0.292237 0.240229 1.723320 0.111751 1165.19
data/frame-000631.color.jpg 0.345156 0.743956 -0.48792 0.298881 0.262539 1.707970 0.140134 1165.19
data/frame-000632.color.jpg 0.340934 0.735722 -0.502161 0.30052 0.276540 1.693434 0.165974 1165.19
data/frame-000633.color.jpg 0.338422 0.724956 -0.516707 0.304833 0.285094 1.675863 0.192218 1165.19
data/frame-000634.color.jpg 0.329649 0.719023 -0.530269 0.30521 0.272122 1.644673 0.249792 1165.19
data/frame-000635.color.jpg 0.324467 0.717344 -0.536584 0.303672 0.268328 1.628279 0.279220 1165.19
data/frame-000636.color.jpg 0.324255 0.715389 -0.540299 0.301918 0.259547 1.611277 0.297680 1165.19
data/frame-000637.color.jpg 0.327783 0.719532 -0.536917 0.294198 0.236341 1.587238 0.322478 1165.19
data/frame-000607.color.jpg 0.414086 0.908232 -0.0425518 0.0428556 -0.163608 1.677083 0.192392 1165.19
data/frame-000639.color.jpg 0.33993 0.751703 -0.502862 0.257917 0.184722 1.498983 0.416230 1165.19
data/frame-000640.color.jpg 0.339529 0.756102 -0.500822 0.249414 0.205018 1.466250 0.452618 1165.19
data/frame-000641.color.jpg 0.336936 0.768059 -0.488575 0.240527 0.218939 1.423107 0.499485 1165.19
data/frame-000642.color.jpg 0.33641 0.782309 -0.472771 0.226513 0.233577 1.382062 0.550731 1165.19
data/frame-000643.color.jpg 0.327378 0.794519 -0.464089 0.214904 0.237979 1.336362 0.620258 1165.19
data/frame-000644.color.jpg 0.317615 0.798612 -0.46983 0.201495 0.264087 1.285050 0.694549 1165.19
data/frame-000645.color.jpg 0.315071 0.804244 -0.46529 0.193459 0.267291 1.240763 0.743369 1165.19
data/frame-000646.color.jpg 0.306073 0.824138 -0.441028 0.180582 0.227160 1.194387 0.814457 1165.19
data/frame-000647.color.jpg 0.304836 0.833181 -0.426906 0.17503 0.204891 1.150068 0.874716 1165.19
data/frame-000648.color.jpg 0.285337 0.845998 -0.412971 0.179793 0.137183 1.068381 0.974346 1165.19
data/frame-000649.color.jpg 0.278098 0.845303 -0.419184 0.180023 0.122025 1.020059 1.020196 1165.19
data/frame-000650.color.jpg 0.244392 0.832031 -0.459005 0.193162 0.095150 0.930474 1.109279 1165.19
data/frame-000651.color.jpg 0.229393 0.821736 -0.4895 0.180329 0.140449 0.856962 1.157712 1165.19
data/frame-000652.color.jpg 0.226716 0.80137 -0.522619 0.182415 0.170563 0.819668 1.186281 1165.19
data/frame-000653.color.jpg 0.224141 0.7918 -0.537203 0.185002 0.162875 0.798633 1.194529 1165.19
data/frame-000654.color.jpg 0.227173 0.771762 -0.5593 0.199897 0.122220 0.801866 1.191503 1165.19
data/frame-000655.color.jpg 0.225993 0.752697 -0.57935 0.216169 0.060896 0.808307 1.201395 1165.19
data/frame-000656.color.jpg 0.229703 0.727869 -0.602393 0.233595 -0.003113 0.827607 1.203602 1165.19
data/frame-000657.color.jpg 0.224023 0.709775 -0.621928 0.24339 -0.056444 0.824116 1.213331 1165.19
data/frame-000658.color.jpg 0.226996 0.702637 -0.625468 0.252119 -0.082078 0.845692 1.204818 1165.19
data/frame-000659.color.jpg 0.225209 0.694105 -0.630768 0.263875 -0.123906 0.863899 1.194473 1165.19
data/frame-000660.color.jpg 0.223583 0.68481 -0.637642 0.272872 -0.158503 0.885728 1.176339 1165.19
data/frame-000661.color.jpg 0.222959 0.678217 -0.642163 0.279173 -0.178483 0.904310 1.163432 1165.19
data/frame-000662.color.jpg 0.221797 0.666578 -0.650247 0.289238 -0.202734 0.932891 1.142358 1165.19
data/frame-001007.color.jpg -0.167674 -0.440531 0.811148 -0.346204 -0.185144 1.145522 0.896068 1165.19
data/frame-001036.color.jpg 0.124203 0.146756 0.823552 -0.533665 -0.211335 1.440641 0.464282 1165.19
data/frame-000327.color.jpg 0.391134 0.903024 0.169268 -0.0539446 0.938119 1.225491 0.828784 1165.19
data/frame-001037.color.jpg 0.133456 0.15643 0.819286 -0.535247 -0.217442 1.447792 0.446730 1165.19
data/frame-000328.color.jpg 0.406168 0.886801 0.204915 -0.0813735 0.963538 1.337951 0.653925 1165.19
data/frame-001038.color.jpg 0.142241 0.1647 0.81675 -0.534379 -0.226243 1.450010 0.438895 1165.19
data/frame-000329.color.jpg 0.388037 0.857687 0.294567 -0.164408 0.946239 1.448990 0.308051 1165.19
data/frame-001039.color.jpg 0.146197 0.168766 0.812117 -0.539083 -0.221602 1.455621 0.415987 1165.19
data/frame-000330.color.jpg 0.346275 0.864679 0.311433 -0.188237 0.975787 1.437178 0.286266 1165.19
data/frame-001040.color.jpg 0.143465 0.167979 0.804954 -0.550681 -0.206863 1.465869 0.380091 1165.19
data/frame-000335.color.jpg 0.406529 0.846852 0.297523 -0.170458 0.928617 1.527786 0.232030 1165.19
data/frame-001041.color.jpg 0.138311 0.162671 0.799105 -0.561996 -0.197791 1.477976 0.350741 1165.19
data/frame-000332.color.jpg 0.322835 0.873571 0.287684 -0.223359 1.052591 1.412391 0.169636 1165.19
data/frame-001042.color.jpg 0.133362 0.158569 0.792486 -0.573618 -0.187876 1.488357 0.317478 1165.19
data/frame-000333.color.jpg 0.333776 0.872255 0.27245 -0.231378 1.094012 1.386390 0.136276 1165.19
data/frame-001043.color.jpg 0.12486 0.152138 0.787607 -0.5839 -0.175640 1.496426 0.293628 1165.19
data/frame-000334.color.jpg 0.364266 0.860611 0.288825 -0.20794 1.025532 1.462373 0.169413 1165.19
data/frame-001075.color.jpg 0.345187 0.923024 -0.148656 0.0823046 0.697758 0.782160 1.280810 1165.19
data/frame-000366.color.jpg 0.343334 0.910463 -0.202085 0.111087 0.463417 0.675238 1.323320 1165.19
data/frame-001045.color.jpg 0.120077 0.140578 0.786778 -0.588896 -0.176179 1.500406 0.279243 1165.19
data/frame-000336.color.jpg 0.41375 0.851443 0.283756 -0.152768 0.938595 1.511319 0.320373 1165.19
data/frame-001077.color.jpg 0.331293 0.923855 -0.166233 0.095411 0.635911 0.722227 1.330457 1165.19
data/frame-000368.color.jpg 0.352364 0.900863 -0.221453 0.123466 0.373053 0.753193 1.280359 1165.19
data/frame-001047.color.jpg 0.110862 0.131429 0.781466 -0.599789 -0.159457 1.510560 0.251159 1165.19
data/frame-000344.color.jpg 0.439594 0.883465 0.154779 -0.0478471 0.883812 1.305711 0.754402 1165.19
data/frame-001048.color.jpg 0.106948 0.127523 0.782284 -0.600277 -0.155296 1.506992 0.252274 1165.19
data/frame-000345.color.jpg 0.446357 0.883922 0.1343 -0.0375576 0.872395 1.292113 0.770893 1165.19
data/frame-001049.color.jpg 0.0970191 0.115439 0.78694 -0.59832 -0.150519 1.503925 0.265648 1165.19
data/frame-000340.color.jpg 0.421538 0.872232 0.227245 -0.0993831 0.951354 1.391199 0.582535 1165.19
data/frame-001050.color.jpg 0.301152 0.9378 0.168653 -0.0373486 1.214163 1.136869 0.904213 1165.19
data/frame-000341.color.jpg 0.423312 0.872009 0.226881 -0.0945092 0.933495 1.385064 0.605842 1165.19
data/frame-001051.color.jpg 0.296351 0.938558 0.170054 -0.0486453 1.248660 1.120430 0.887130 1165.19
data/frame-000342.color.jpg 0.424564 0.877135 0.209728 -0.0799638 0.918266 1.358752 0.663625 1165.19
data/frame-001052.color.jpg 0.292649 0.941026 0.160737 -0.0546872 1.286239 1.091619 0.887664 1165.19
data/frame-000343.color.jpg 0.433637 0.881897 0.174999 -0.0599331 0.900640 1.319291 0.728202 1165.19
data/frame-001053.color.jpg 0.292602 0.94131 0.160674 -0.0500293 1.285414 1.089823 0.907599 1165.19
data/frame-000338.color.jpg 0.419128 0.853486 0.279705 -0.132888 0.926234 1.492723 0.417735 1165.19
data/frame-001054.color.jpg 0.290679 0.9432 0.149461 -0.0595033 1.317450 1.050919 0.895092 1165.19
data/frame-000339.color.jpg 0.420192 0.863908 0.251922 -0.116777 0.946371 1.438469 0.511316 1165.19
data/frame-001055.color.jpg 0.291493 0.943434 0.146967 -0.0580028 1.310640 1.048751 0.900388 1165.19
data/frame-000346.color.jpg 0.440569 0.888822 0.12108 -0.0351173 0.885149 1.277750 0.779134 1165.19
data/frame-001056.color.jpg 0.299799 0.941776 0.143323 -0.0513454 1.281461 1.069712 0.908691 1165.19
data/frame-000347.color.jpg 0.438911 0.891875 0.106061 -0.0258202 0.880437 1.284144 0.771121 1165.19
data/frame-001057.color.jpg 0.337976 0.933852 0.114696 -0.0231619 1.221772 1.116548 0.945781 1165.19
data/frame-000348.color.jpg 0.44218 0.89351 0.0779643 -0.00617534 0.877233 1.287058 0.786317 1165.19
data/frame-001058.color.jpg 0.361659 0.927025 0.0989355 -0.00629703 1.186196 1.152809 0.961004 1165.19
data/frame-000349.color.jpg 0.44156 0.89636 0.0346861 0.0189668 0.887527 1.259394 0.835694 1165.19
data/frame-001059.color.jpg 0.379009 0.921459 0.0851001 0.00492104 1.163013 1.175693 0.967458 1165.19
data/frame-000350.color.jpg 0.441312 0.896218 -0.0106234 0.043867 0.879947 1.225217 0.890367 1165.19
data/frame-001060.color.jpg 0.38891 0.918307 0.0731912 0.0102379 1.152690 1.180260 0.970248 1165.19
data/frame-000351.color.jpg 0.43949 0.894389 -0.0500692 0.0664015 0.861701 1.184110 0.952779 1165.19
data/frame-001061.color.jpg 0.406621 0.911425 0.0591816 0.0214892 1.118637 1.207169 0.968265 1165.19
data/frame-000352.color.jpg 0.440995 0.890591 -0.0755064 0.0816642 0.829440 1.161853 0.987164 1165.19
data/frame-001062.color.jpg 0.41779 0.906952 0.0414942 0.034163 1.090119 1.213124 0.988461 1165.19
data/frame-000353.color.jpg 0.438232 0.888472 -0.0979784 0.09471 0.781524 1.131480 1.027409 1165.19
data/frame-001063.color.jpg 0.421553 0.905268 0.0322093 0.0417837 1.055677 1.217801 0.993736 1165.19
data/frame-000360.color.jpg 0.35768 0.913925 -0.164855 0.098122 0.574954 0.766905 1.257601 1165.19
data/frame-001064.color.jpg 0.430343 0.900659 0.017934 0.0574167 0.996680 1.230812 1.011442 1165.19
data/frame-000355.color.jpg 0.431716 0.886488 -0.125511 0.109576 0.685785 1.082064 1.096472 1165.19
data/frame-001065.color.jpg 0.431675 0.899843 0.00514974 0.0625588 0.966821 1.220036 1.019288 1165.19
data/frame-000356.color.jpg 0.42151 0.889223 -0.137209 0.113071 0.633141 1.028613 1.138472 1165.19
data/frame-001066.color.jpg 0.431797 0.900029 -0.000494921 0.0591592 0.947292 1.212139 1.013131 1165.19
data/frame-000357.color.jpg 0.410559 0.893278 -0.141789 0.11572 0.583745 0.977851 1.176750 1165.19
data/frame-001067.color.jpg 0.429567 0.901398 -0.0039312 0.0541997 0.921312 1.198391 1.010399 1165.19
data/frame-000358.color.jpg 0.380772 0.904247 -0.158166 0.111059 0.562266 0.860650 1.238589 1165.19
data/frame-001068.color.jpg 0.416922 0.906866 -0.0160164 0.0592772 0.881921 1.152953 1.059863 1165.19
data/frame-000359.color.jpg 0.363531 0.911296 -0.164005 0.102406 0.571047 0.793996 1.256908 1165.19
data/frame-001069.color.jpg 0.40831 0.90964 -0.0357192 0.0675473 0.839482 1.101019 1.108270 1165.19
data/frame-000354.color.jpg 0.435862 0.886865 -0.113492 0.103029 0.734227 1.106096 1.061248 1165.19
data/frame-001070.color.jpg 0.398237 0.912106 -0.063257 0.0739524 0.800263 1.030828 1.161019 1165.19
data/frame-000361.color.jpg 0.351024 0.914847 -0.170762 0.103335 0.548486 0.739183 1.279950 1165.19
data/frame-001071.color.jpg 0.39141 0.913975 -0.07724 0.0740368 0.772783 0.988127 1.179029 1165.19
data/frame-000362.color.jpg 0.334809 0.917827 -0.187748 0.101225 0.536152 0.653490 1.316753 1165.19
data/frame-001072.color.jpg 0.37783 0.918858 -0.0866623 0.0737238 0.742155 0.939139 1.199431 1165.19
data/frame-000363.color.jpg 0.32707 0.920607 -0.189698 0.0975872 0.540656 0.614374 1.328949 1165.19
data/frame-001073.color.jpg 0.362849 0.922027 -0.111978 0.0752841 0.736357 0.871565 1.235091 1165.19
data/frame-000364.color.jpg 0.325973 0.92047 -0.191969 0.0981046 0.535652 0.602027 1.336392 1165.19
data/frame-001074.color.jpg 0.35162 0.92303 -0.13494 0.0785522 0.720397 0.818992 1.262240 1165.19
data/frame-000365.color.jpg 0.332014 0.91758 -0.193089 0.102615 0.512469 0.626785 1.332362 1165.19
data/frame-001044.color.jpg 0.121366 0.14783 0.78827 -0.584848 -0.173593 1.500972 0.292627 1165.19
data/frame-000331.color.jpg 0.329503 0.86609 0.312057 -0.20961 0.998373 1.422027 0.231887 1165.19
data/frame-001076.color.jpg 0.339999 0.923052 -0.157633 0.0867621 0.670719 0.754467 1.300358 1165.19
data/frame-000367.color.jpg 0.351096 0.904838 -0.210609 0.116803 0.419582 0.715636 1.305102 1165.19
data/frame-001046.color.jpg 0.115944 0.137191 0.783634 -0.594688 -0.163661 1.505311 0.260430 1165.19
data/frame-000337.color.jpg 0.416108 0.85388 0.280767 -0.137523 0.928977 1.495153 0.396586 1165.19
data/frame-001078.color.jpg 0.327888 0.924581 -0.166262 0.0999821 0.622881 0.712575 1.342678 1165.19
data/frame-000369.color.jpg 0.360009 0.894997 -0.229659 0.128957 0.313182 0.828124 1.220799 1165.19
data/frame-001079.color.jpg 0.336392 0.924433 -0.150483 0.0980757 0.642474 0.751182 1.331442 1165.19
data/frame-000370.color.jpg 0.365105 0.893777 -0.22431 0.132464 0.259137 0.906317 1.130360 1165.19
data/frame-001080.color.jpg 0.353664 0.925744 -0.106123 0.0815905 0.714382 0.843448 1.273911 1165.19
data/frame-000371.color.jpg 0.391077 0.887985 -0.20759 0.124289 0.237001 1.012750 1.029740 1165.19
data/frame-001081.color.jpg 0.370527 0.925876 -0.0582343 0.0455165 0.845641 0.924852 1.176368 1165.19
data/frame-000378.color.jpg 0.405368 0.91316 0.0324126 -0.0276627 0.070859 1.454008 0.602214 1165.19
data/frame-001082.color.jpg 0.38604 0.92248 -0.00111729 0.0013158 0.948338 1.049864 1.034782 1165.19
data/frame-000373.color.jpg 0.401406 0.900434 -0.139616 0.0927286 0.106669 1.117933 0.895920 1165.19
data/frame-001083.color.jpg 0.384541 0.922656 0.0286768 -0.0034083 0.970589 1.115428 0.992097 1165.19
data/frame-000374.color.jpg 0.401823 0.912174 -0.0578144 0.0559787 0.016665 1.157782 0.865170 1165.19
data/frame-001084.color.jpg 0.384546 0.920121 0.0711797 -0.0208455 1.036816 1.228890 0.878552 1165.19
data/frame-000375.color.jpg 0.383426 0.922682 -0.0303014 0.0268983 0.021644 1.170771 0.875006 1165.19
data/frame-001085.color.jpg 0.386526 0.91134 0.131839 -0.0517243 1.089990 1.389569 0.710658 1165.19
data/frame-000376.color.jpg 0.388226 0.921276 -0.0165594 0.016026 0.026411 1.273118 0.780977 1165.19
data/frame-001086.color.jpg 0.368563 0.914427 0.151895 -0.0700953 1.142828 1.437068 0.659225 1165.19
data/frame-000377.color.jpg 0.406673 0.913516 0.0093906 -0.0040892 0.046019 1.397378 0.677736 1165.19
data/frame-001087.color.jpg 0.368315 0.912519 0.164526 -0.0677114 1.169110 1.516337 0.611183 1165.19
data/frame-000372.color.jpg 0.396865 0.892439 -0.187108 0.105076 0.192373 1.072833 0.950178 1165.19
data/frame-001088.color.jpg 0.364664 0.905388 0.194974 -0.096326 1.207001 1.647790 0.437082 1165.19
data/frame-000379.color.jpg 0.414051 0.906109 0.0711909 -0.0495929 0.036286 1.504557 0.527622 1165.19
data/frame-001089.color.jpg 0.363054 0.893533 0.234836 -0.121009 1.152637 1.777278 0.271595 1165.19
data/frame-000386.color.jpg 0.462768 0.876836 0.120692 -0.049381 -0.245430 1.775308 0.100295 1165.19
data/frame-001090.color.jpg 0.379757 0.87285 0.275026 -0.135196 1.030010 1.929279 0.067421 1165.19
data/frame-000381.color.jpg 0.41772 0.890992 0.153961 -0.0891034 -0.173513 1.569459 0.467885 1165.19
data/frame-001091.color.jpg 0.386332 0.867731 0.280303 -0.138642 1.030709 1.988247 -0.021621 1165.19
data/frame-000382.color.jpg 0.407136 0.897183 0.150843 -0.080926 -0.196083 1.599942 0.477154 1165.19
data/frame-001092.color.jpg 0.388472 0.873526 0.260304 -0.135221 1.162960 2.012413 -0.058309 1165.19
data/frame-000383.color.jpg 0.381247 0.907175 0.159544 -0.0789301 -0.207548 1.676809 0.465856 1165.19
data/frame-001093.color.jpg 0.393235 0.872035 0.257685 -0.136085 1.228419 2.034772 -0.115690 1165.19
data/frame-000390.color.jpg 0.490057 0.870393 0.027456 0.0388107 -0.308173 1.717529 0.023883 1165.19
data/frame-001182.color.jpg 0.283385 0.662909 -0.631136 0.286203 0.853239 1.563368 0.413993 1165.19
data/frame-000473.color.jpg 0.0841277 0.0851482 0.818215 -0.562314 -0.411842 1.429426 0.380737 1165.19
data/frame-001183.color.jpg 0.280899 0.676483 -0.624412 0.271248 0.898515 1.576220 0.406643 1165.19
data/frame-000474.color.jpg 0.0801425 0.0823258 0.806592 -0.579835 -0.408390 1.450164 0.334021 1165.19
data/frame-001184.color.jpg 0.283347 0.675997 -0.622213 0.274943 0.930949 1.582131 0.393203 1165.19
data/frame-000475.color.jpg 0.0842031 0.0792569 0.797934 -0.591548 -0.420341 1.460309 0.289338 1165.19
data/frame-001185.color.jpg 0.282265 0.70871 -0.588505 0.267802 0.908879 1.664273 0.368018 1165.19
data/frame-000476.color.jpg 0.0804175 0.0777193 0.791321 -0.601086 -0.415223 1.472811 0.262987 1165.19
data/frame-001187.color.jpg 0.353337 0.746737 -0.501291 0.257381 0.831031 1.852310 0.032013 1165.19
data/frame-000478.color.jpg 0.0744608 0.0745536 0.778388 -0.618877 -0.408194 1.489485 0.207332 1165.19
data/frame-001188.color.jpg 0.370739 0.755824 -0.473725 0.258586 0.769380 1.922950 -0.079491 1165.19
data/frame-000479.color.jpg 0.0705952 0.0707066 0.769749 -0.630478 -0.404605 1.496206 0.173186 1165.19
data/frame-001189.color.jpg 0.368967 0.768664 -0.458279 0.250995 0.701267 1.962691 -0.089772 1165.19
data/frame-000480.color.jpg 0.0712202 0.0686896 0.767957 -0.632813 -0.410109 1.498732 0.167306 1165.19
data/frame-001190.color.jpg 0.357583 0.788301 -0.439558 0.239802 0.586997 2.029771 -0.048848 1165.19
data/frame-000470.color.jpg 0.0682039 0.0758623 0.846416 -0.52266 -0.399323 1.348436 0.505693 1165.19
data/frame-001208.color.jpg 0.278613 0.763501 -0.535523 0.229469 0.176894 0.927147 1.147078 1165.19
data/frame-000499.color.jpg 0.394471 0.889205 0.210435 -0.0970749 0.986034 1.305982 0.654433 1165.19
data/frame-001192.color.jpg 0.379232 0.785877 -0.417247 0.253942 0.485599 2.084751 -0.146016 1165.19
data/frame-000483.color.jpg 0.0479555 0.0450684 0.764706 -0.64101 -0.404380 1.496031 0.186260 1165.19
data/frame-001193.color.jpg 0.383603 0.782075 -0.418693 0.256716 0.481551 2.063803 -0.142620 1165.19
data/frame-001194.color.jpg 0.382397 0.794063 -0.411163 0.23277 0.429378 1.999472 -0.051628 1165.19
data/frame-001195.color.jpg 0.365364 0.812655 -0.39808 0.218251 0.331232 1.953742 0.079494 1165.19
data/frame-000497.color.jpg 0.388043 0.890482 0.224005 -0.0792848 0.930803 1.320469 0.698625 1165.19
data/frame-001196.color.jpg 0.35161 0.834189 -0.369332 0.209983 0.182261 1.887432 0.210243 1165.19
data/frame-001197.color.jpg 0.337307 0.852336 -0.355362 0.182936 0.150597 1.754598 0.383199 1165.19
data/frame-001198.color.jpg 0.339427 0.85155 -0.357354 0.178746 0.201917 1.681560 0.451835 1165.19
data/frame-001199.color.jpg 0.339144 0.851428 -0.354465 0.18549 0.204823 1.611158 0.523368 1165.19
data/frame-001200.color.jpg 0.334672 0.847081 -0.362786 0.197066 0.215481 1.542151 0.607987 1165.19
data/frame-001201.color.jpg 0.332886 0.838877 -0.379592 0.203427 0.246769 1.491919 0.653343 1165.19
data/frame-001202.color.jpg 0.344386 0.835914 -0.383494 0.188621 0.262795 1.418331 0.692751 1165.19
data/frame-001224.color.jpg -0.106684 -0.299621 0.883175 -0.344744 0.017835 1.011393 1.049692 1165.19
data/frame-000515.color.jpg 0.419572 0.893749 0.150002 -0.051676 0.898449 1.312431 0.691154 1165.19
data/frame-000878.color.jpg 0.370008 0.928863 0.0168521 -0.00490376 -0.206227 1.294800 0.722384 1165.19
data/frame-000877.color.jpg 0.366564 0.930107 0.0223987 -0.005512 -0.219956 1.269039 0.748574 1165.19
data/frame-000876.color.jpg 0.366363 0.930082 0.0255803 -0.00848417 -0.226416 1.250873 0.771321 1165.19
data/frame-000875.color.jpg 0.366134 0.930042 0.0293293 -0.0104005 -0.232188 1.237690 0.788702 1165.19
data/frame-000449.color.jpg -0.13241 -0.343005 0.839788 -0.399464 -0.187481 1.093459 0.892206 1165.19
data/frame-001158.color.jpg 0.441735 0.892725 -0.0732258 0.0504915 -0.244689 1.611489 0.380371 1165.19
data/frame-000786.color.jpg 0.429142 0.896419 0.10364 -0.0390999 1.109228 1.753041 0.160950 1165.19
data/frame-000448.color.jpg -0.151159 -0.384044 0.821413 -0.393627 -0.199727 1.064319 0.924258 1165.19
data/frame-001157.color.jpg 0.436566 0.896464 -0.060424 0.0459432 -0.251402 1.616122 0.382073 1165.19
data/frame-000785.color.jpg 0.430281 0.894506 0.112352 -0.0457599 1.110006 1.776970 0.130876 1165.19
data/frame-000447.color.jpg -0.159386 -0.394848 0.811556 -0.400085 -0.180196 1.068232 0.922109 1165.19
data/frame-001156.color.jpg 0.428494 0.901439 -0.0429758 0.0441967 -0.278239 1.616431 0.392280 1165.19
data/frame-000784.color.jpg 0.433219 0.890857 0.125928 -0.0532692 1.086018 1.798722 0.084487 1165.19
data/frame-000446.color.jpg -0.163192 -0.393087 0.810782 -0.401851 -0.137706 1.072109 0.920650 1165.19
data/frame-001155.color.jpg 0.431545 0.900639 -0.03199 0.0399328 -0.290720 1.626593 0.378339 1165.19
data/frame-000783.color.jpg 0.436126 0.886091 0.143737 -0.0630538 1.044947 1.827676 0.026573 1165.19
data/frame-000445.color.jpg -0.166599 -0.397353 0.80169 -0.414305 -0.118299 1.101781 0.900506 1165.19
data/frame-001154.color.jpg 0.437664 0.897465 -0.0291367 0.0464586 -0.297959 1.649758 0.338120 1165.19
data/frame-000782.color.jpg 0.438104 0.882957 0.153374 -0.0702035 1.036629 1.848087 -0.007722 1165.19
data/frame-000444.color.jpg -0.174507 -0.414397 0.789089 -0.418523 -0.110538 1.117844 0.892563 1165.19
data/frame-001153.color.jpg 0.434229 0.899784 -0.0171115 0.039271 -0.299226 1.664926 0.341140 1165.19
data/frame-000781.color.jpg 0.4429 0.877113 0.166276 -0.0828565 1.010348 1.865868 -0.071863 1165.19
data/frame-000443.color.jpg -0.179612 -0.428892 0.779583 -0.419574 -0.114308 1.124042 0.887805 1165.19
data/frame-001152.color.jpg 0.439841 0.8978 0.0123909 0.0184761 -0.320933 1.670770 0.317835 1165.19
data/frame-000780.color.jpg 0.445339 0.871447 0.18315 -0.0933261 0.977824 1.888883 -0.123295 1165.19
data/frame-000779.color.jpg 0.449258 0.863956 0.199846 -0.108666 0.943660 1.909142 -0.190592 1165.19
data/frame-001146.color.jpg 0.262342 0.9478 0.162393 -0.0805061 -0.267879 1.593341 0.776091 1165.19
data/frame-000400.color.jpg 0.32797 0.936832 -0.0977238 0.0723325 -0.290041 1.450260 0.581605 1165.19
data/frame-000441.color.jpg -0.208958 -0.477017 0.749768 -0.408215 -0.093779 1.124499 0.903887 1165.19
data/frame-001150.color.jpg 0.383839 0.922896 0.0274335 -0.013343 -0.235528 1.690422 0.464512 1165.19
data/frame-000778.color.jpg 0.451641 0.85978 0.208834 -0.114837 0.938535 1.930190 -0.224301 1165.19
data/frame-000440.color.jpg -0.221975 -0.49886 0.735055 -0.401945 -0.092513 1.116541 0.921753 1165.19
data/frame-001149.color.jpg 0.370056 0.928074 0.0366164 -0.0198957 -0.213442 1.693570 0.482544 1165.19
data/frame-001145.color.jpg 0.214335 0.95479 0.186565 -0.0873448 -0.262861 1.526372 0.922095 1165.19
data/frame-000411.color.jpg 0.356416 0.805253 -0.394861 0.261955 0.104795 1.759602 0.133046 1165.19
data/frame-000777.color.jpg 0.451936 0.851818 0.230029 -0.131325 0.889041 1.961861 -0.289353 1165.19
data/frame-000439.color.jpg -0.235359 -0.523041 0.717232 -0.395743 -0.099898 1.104050 0.944869 1165.19
data/frame-001148.color.jpg 0.331908 0.938284 0.0822262 -0.0519553 -0.227703 1.687007 0.586186 1165.19
data/frame-000776.color.jpg 0.455118 0.843662 0.245998 -0.143481 0.843738 1.974068 -0.348858 1165.19
data/frame-000438.color.jpg -0.257685 -0.576064 0.678906 -0.375281 -0.102833 1.051061 1.004659 1165.19
data/frame-001147.color.jpg 0.307525 0.941225 0.125323 -0.0617938 -0.265410 1.660168 0.647185 1165.19
data/frame-000775.color.jpg 0.453015 0.836876 0.26606 -0.153712 0.788853 2.007548 -0.387741 1165.19
data/frame-000774.color.jpg 0.452065 0.831715 0.280888 -0.15808 0.747193 2.029442 -0.405331 1165.19
data/frame-000773.color.jpg 0.448671 0.82423 0.299889 -0.171482 0.688397 2.046230 -0.441902 1165.19
data/frame-000435.color.jpg 0.281436 0.659084 -0.617265 0.324633 -0.001748 0.934437 1.118948 1165.19
data/frame-001144.color.jpg 0.212403 0.956515 0.177691 -0.0915965 -0.222310 1.527869 0.936555 1165.19
data/frame-000772.color.jpg 0.442031 0.82191 0.312461 -0.177316 0.646336 2.062217 -0.443918 1165.19
data/frame-000434.color.jpg 0.280301 0.66442 -0.616393 0.316286 0.044656 0.908394 1.141960 1165.19
data/frame-001143.color.jpg 0.263288 0.947636 0.159703 -0.084625 -0.223924 1.578138 0.783868 1165.19
data/frame-000771.color.jpg 0.433993 0.821977 0.320008 -0.1833 0.627489 2.069767 -0.434204 1165.19
data/frame-001138.color.jpg 0.331929 0.932915 0.128802 -0.0538854 -0.250394 1.430066 0.712941 1165.19
data/frame-000429.color.jpg 0.320461 0.789835 -0.467368 0.234589 0.169114 0.961472 1.062592 1165.19
data/frame-000464.color.jpg 0.0221194 0.0191272 0.870499 -0.4913 -0.184011 1.293343 0.651351 1165.19
data/frame-001173.color.jpg 0.38839 0.785224 -0.410584 0.252977 0.082490 1.657001 0.246202 1165.19
data/frame-000801.color.jpg 0.417725 0.908363 -0.014368 0.0132836 1.140918 1.347300 0.692421 1165.19
data/frame-000432.color.jpg 0.288232 0.684034 -0.597918 0.302511 0.135291 0.899993 1.145891 1165.19
data/frame-001141.color.jpg 0.283118 0.942623 0.153776 -0.0875186 -0.212185 1.531788 0.755919 1165.19
data/frame-000769.color.jpg 0.421442 0.825646 0.324793 -0.187628 0.627188 2.069269 -0.393719 1165.19
data/frame-000431.color.jpg 0.307181 0.73037 -0.545396 0.273391 0.170360 0.922581 1.104819 1165.19
data/frame-001140.color.jpg 0.284441 0.945523 0.142018 -0.0700713 -0.227155 1.490343 0.757808 1165.19
data/frame-000768.color.jpg 0.421057 0.827314 0.322818 -0.184531 0.635983 2.062259 -0.366780 1165.19
data/frame-000418.color.jpg 0.300958 0.770469 -0.503944 0.248683 0.266130 1.515688 0.462594 1165.19
data/frame-001139.color.jpg 0.299126 0.943173 0.133267 -0.0564618 -0.245281 1.449930 0.764845 1165.19
data/frame-000767.color.jpg 0.426034 0.826289 0.320964 -0.180897 0.630265 2.041417 -0.362707 1165.19
data/frame-000766.color.jpg 0.427679 0.826607 0.318589 -0.17976 0.637788 2.040466 -0.350060 1165.19
data/frame-000428.color.jpg 0.33655 0.814299 -0.420819 0.215785 0.135923 1.016696 1.017247 1165.19
data/frame-001137.color.jpg 0.36577 0.921955 0.119766 -0.0432197 -0.265251 1.376806 0.698081 1165.19
data/frame-000765.color.jpg 0.433033 0.821051 0.322873 -0.18469 0.615085 2.018100 -0.362000 1165.19
data/frame-000427.color.jpg 0.333614 0.818913 -0.417458 0.209311 0.122139 1.045920 0.987756 1165.19
data/frame-001136.color.jpg 0.382459 0.915182 0.114737 -0.0548001 -0.208291 1.341900 0.726794 1165.19
data/frame-000764.color.jpg 0.43272 0.820275 0.325249 -0.184701 0.605554 2.010144 -0.346096 1165.19
data/frame-000420.color.jpg 0.327826 0.802684 -0.446227 0.221609 0.159128 1.412309 0.550441 1165.19
data/frame-001135.color.jpg 0.387217 0.91598 0.0956559 -0.0435086 -0.152770 1.319179 0.743125 1165.19
data/frame-000763.color.jpg 0.432535 0.820072 0.326448 -0.183919 0.601991 1.997322 -0.321907 1165.19
data/frame-000419.color.jpg 0.309659 0.788812 -0.473986 0.239215 0.186363 1.464633 0.502094 1165.19
data/frame-001134.color.jpg 0.377596 0.924428 0.0492043 -0.0208095 -0.049924 1.272989 0.776802 1165.19
data/frame-000762.color.jpg 0.430254 0.820425 0.331545 -0.178502 0.579635 1.982972 -0.262272 1165.19
data/frame-000452.color.jpg -0.101193 -0.250333 0.871771 -0.40879 -0.061493 1.135458 0.839620 1165.19
data/frame-001161.color.jpg 0.467443 0.873549 -0.113147 0.0748759 -0.228506 1.609564 0.338785 1165.19
data/frame-000761.color.jpg 0.424042 0.820555 0.340554 -0.175786 0.549667 1.967961 -0.198284 1165.19
data/frame-000423.color.jpg 0.340841 0.79649 -0.444291 0.228117 0.173409 1.273470 0.721418 1165.19
data/frame-001132.color.jpg 0.362636 0.931852 0.0120669 -0.00113899 0.040032 1.157591 0.920137 1165.19
data/frame-000760.color.jpg 0.420457 0.820159 0.34909 -0.169384 0.513144 1.951747 -0.150514 1165.19
data/frame-000422.color.jpg 0.344924 0.795777 -0.445038 0.222953 0.188073 1.334369 0.632737 1165.19
data/frame-001131.color.jpg 0.36408 0.931325 0.00893475 5.96432e-05 0.073766 1.089549 0.959975 1165.19
data/frame-000759.color.jpg 0.419245 0.8217 0.349937 -0.163052 0.513504 1.928464 -0.092298 1165.19
data/frame-000421.color.jpg 0.333307 0.802606 -0.441709 0.222763 0.154826 1.386557 0.581716 1165.19
data/frame-001130.color.jpg 0.353129 0.935302 -0.0181857 0.0134059 0.110517 0.999149 1.043323 1165.19
data/frame-000758.color.jpg 0.417995 0.82186 0.347776 -0.169934 0.537887 1.905293 -0.078588 1165.19
data/frame-000426.color.jpg 0.337784 0.815314 -0.417432 0.2166 0.114500 1.110131 0.919837 1165.19
data/frame-001129.color.jpg 0.359318 0.930637 -0.0611432 0.0326761 0.168839 0.986924 1.071259 1165.19
data/frame-000757.color.jpg 0.423038 0.824801 0.33506 -0.16875 0.596526 1.879310 -0.062794 1165.19
data/frame-000425.color.jpg 0.336585 0.806912 -0.435688 0.213964 0.162170 1.155287 0.860837 1165.19
data/frame-001128.color.jpg 0.362635 0.92284 -0.122658 0.0426366 0.306447 0.948932 1.078168 1165.19
data/frame-000756.color.jpg 0.418538 0.832569 0.32486 -0.161621 0.644540 1.859418 -0.014150 1165.19
data/frame-000755.color.jpg 0.427156 0.833881 0.307144 -0.166864 0.725005 1.827288 -0.026429 1165.19
data/frame-000754.color.jpg 0.426656 0.839247 0.291562 -0.169179 0.810215 1.789352 -0.002773 1165.19
data/frame-000753.color.jpg 0.422624 0.84206 0.289621 -0.168652 0.835944 1.775279 0.030169 1165.19
data/frame-000752.color.jpg 0.415315 0.843397 0.298136 -0.165257 0.820789 1.766677 0.073101 1165.19
data/frame-000751.color.jpg 0.412146 0.84379 0.302161 -0.163869 0.814557 1.747388 0.125244 1165.19
data/frame-000442.color.jpg -0.193138 -0.450753 0.766876 -0.414029 -0.101519 1.125891 0.893829 1165.19
data/frame-001151.color.jpg 0.406101 0.912971 0.0393381 0.00439678 -0.337241 1.674490 0.407828 1165.19
data/frame-000750.color.jpg 0.416877 0.844489 0.29545 -0.160505 0.824583 1.720196 0.160070 1165.19
data/frame-000749.color.jpg 0.415619 0.846466 0.293169 -0.157505 0.824332 1.699912 0.192472 1165.19
data/frame-000748.color.jpg 0.415893 0.849826 0.285925 -0.151906 0.828237 1.674744 0.234433 1165.19
data/frame-000747.color.jpg 0.41523 0.853755 0.276851 -0.148455 0.841766 1.646761 0.270748 1165.19
data/frame-000746.color.jpg 0.411088 0.858824 0.268 -0.146981 0.858369 1.606124 0.313627 1165.19
data/frame-000745.color.jpg 0.408826 0.860889 0.263288 -0.149703 0.871690 1.573092 0.334167 1165.19
data/frame-000724.color.jpg 0.353205 0.885346 0.277855 -0.119187 0.883698 1.371268 0.658853 1165.19
data/frame-000723.color.jpg 0.345327 0.886341 0.279497 -0.130499 0.904100 1.366791 0.641171 1165.19
data/frame-000722.color.jpg 0.335438 0.886021 0.283443 -0.148686 0.927389 1.351789 0.602265 1165.19
data/frame-000721.color.jpg 0.32624 0.88929 0.28482 -0.147001 0.926919 1.335362 0.621720 1165.19
data/frame-000720.color.jpg 0.317893 0.895065 0.276698 -0.145743 0.940778 1.303210 0.643017 1165.19
data/frame-000719.color.jpg 0.301643 0.902757 0.274246 -0.137227 0.935095 1.266909 0.692545 1165.19
data/frame-000718.color.jpg 0.305837 0.900473 0.273633 -0.144007 0.951590 1.271927 0.671184 1165.19
data/frame-000717.color.jpg 0.302148 0.897273 0.286249 -0.147203 0.935282 1.286371 0.667165 1165.19
data/frame-000716.color.jpg 0.289873 0.895283 0.298915 -0.158404 0.941343 1.287501 0.656016 1165.19
data/frame-000715.color.jpg 0.287817 0.898088 0.29024 -0.16236 0.974878 1.274459 0.646716 1165.19
data/frame-000710.color.jpg 0.290867 0.935299 0.169331 -0.109263 0.987167 1.024171 0.858296 1165.19
data/frame-000709.color.jpg 0.0869265 0.196324 0.867754 -0.448223 -0.198694 1.302520 0.687184 1165.19
data/frame-000711.color.jpg 0.297552 0.925588 0.201006 -0.119775 0.994440 1.102801 0.779198 1165.19
data/frame-000867.color.jpg 0.359696 0.925647 0.0998072 -0.0619331 -0.142903 1.049297 0.974530 1165.19
data/frame-000700.color.jpg 0.0967655 0.127392 0.800613 -0.577431 -0.007293 1.485664 0.430520 1165.19
data/frame-000868.color.jpg 0.354555 0.928178 0.097228 -0.0576511 -0.167381 1.056010 0.966730 1165.19
data/frame-000701.color.jpg 0.0991576 0.149425 0.804623 -0.566058 -0.007735 1.473074 0.460924 1165.19
data/frame-000869.color.jpg 0.361701 0.925648 0.0963559 -0.0553465 -0.180567 1.087282 0.936288 1165.19
data/frame-000702.color.jpg 0.0916817 0.150495 0.809131 -0.560583 -0.033118 1.461702 0.475909 1165.19
data/frame-000870.color.jpg 0.370034 0.922829 0.0958446 -0.0476974 -0.216388 1.115289 0.909119 1165.19
data/frame-000703.color.jpg 0.0889936 0.157748 0.818158 -0.545723 -0.080787 1.450839 0.509343 1165.19
data/frame-000871.color.jpg 0.369026 0.924712 0.0853339 -0.0380118 -0.231262 1.129303 0.896796 1165.19
data/frame-000704.color.jpg 0.0935725 0.171043 0.822715 -0.533975 -0.120754 1.442380 0.518799 1165.19
data/frame-000872.color.jpg 0.368353 0.927748 0.0543077 -0.0254989 -0.230691 1.167410 0.862155 1165.19
data/frame-000705.color.jpg 0.100219 0.183557 0.82863 -0.519264 -0.157054 1.425733 0.531375 1165.19
data/frame-000873.color.jpg 0.368013 0.928769 0.03977 -0.0193108 -0.227208 1.197201 0.831366 1165.19
data/frame-000706.color.jpg 0.1015 0.193133 0.834094 -0.506641 -0.173556 1.409194 0.548356 1165.19
data/frame-000874.color.jpg 0.366848 0.92957 0.03258 -0.0161397 -0.228984 1.225893 0.807959 1165.19
data/frame-000707.color.jpg 0.0962305 0.198577 0.841609 -0.492952 -0.175360 1.384871 0.577929 1165.19
data/frame-000866.color.jpg 0.363773 0.926337 0.0833545 -0.0511899 -0.130891 1.044869 0.972276 1165.19
data/frame-000699.color.jpg 0.0966727 0.10978 0.807537 -0.571391 -0.023726 1.475477 0.446979 1165.19
data/frame-000708.color.jpg 0.0902683 0.198244 0.851899 -0.476255 -0.181301 1.358888 0.622483 1165.19
data/frame-000865.color.jpg 0.356147 0.931626 0.0609991 -0.0388693 -0.118566 1.024590 0.992385 1165.19
data/frame-000698.color.jpg 0.0970829 0.0885959 0.814716 -0.564769 -0.053095 1.464653 0.475139 1165.19
data/frame-000864.color.jpg 0.355568 0.932792 0.0441866 -0.0389605 -0.081378 1.015671 0.994310 1165.19
data/frame-000697.color.jpg 0.0989405 0.0914491 0.820814 -0.555079 -0.055774 1.443933 0.506334 1165.19
data/frame-000863.color.jpg 0.353331 0.934297 0.0309968 -0.0358447 -0.052068 1.002214 1.009243 1165.19
data/frame-000696.color.jpg 0.104073 0.0815719 0.81941 -0.557747 -0.073768 1.447792 0.495288 1165.19
data/frame-000862.color.jpg 0.35799 0.932431 0.0314208 -0.037806 -0.027038 1.005312 1.007024 1165.19
data/frame-000695.color.jpg 0.100839 0.0784513 0.823128 -0.553296 -0.067571 1.437827 0.509186 1165.19
data/frame-000861.color.jpg 0.367354 0.928371 0.039859 -0.0398729 -0.002592 1.012393 1.007444 1165.19
data/frame-000694.color.jpg 0.0724852 0.0657595 0.837066 -0.538277 -0.013026 1.402622 0.565117 1165.19
data/frame-000860.color.jpg 0.368097 0.927299 0.0461051 -0.0499522 0.029310 1.001450 1.023640 1165.19
data/frame-000693.color.jpg 0.0599844 0.0602043 0.844495 -0.528777 0.011852 1.389082 0.600644 1165.19
data/frame-000859.color.jpg 0.372734 0.924756 0.0486801 -0.0593847 0.063617 0.993135 1.035088 1165.19
data/frame-000692.color.jpg 0.0597363 0.0546086 0.847045 -0.525323 0.014441 1.383317 0.611797 1165.19
data/frame-000858.color.jpg 0.370299 0.925479 0.0523202 -0.0602541 0.074684 0.961884 1.068659 1165.19
data/frame-000691.color.jpg 0.0533355 0.0427454 0.852812 -0.517726 0.029396 1.362200 0.636092 1165.19
data/frame-000857.color.jpg 0.365681 0.927591 0.0503619 -0.057577 0.086337 0.930624 1.092856 1165.19
data/frame-000690.color.jpg 0.0410983 0.0386252 0.859493 -0.508026 0.066194 1.338839 0.663439 1165.19
data/frame-000856.color.jpg 0.358982 0.930118 0.0423421 -0.0649614 0.133186 0.872222 1.135591 1165.19
data/frame-000689.color.jpg 0.0383846 0.0381747 0.87488 -0.481304 0.070874 1.286942 0.740267 1165.19
data/frame-000855.color.jpg 0.359223 0.929954 0.0422939 -0.065993 0.173684 0.832268 1.171438 1165.19
data/frame-000688.color.jpg 0.0335467 0.0357422 0.878679 -0.474889 0.087650 1.274509 0.754812 1165.19
data/frame-000854.color.jpg 0.360117 0.931682 0.0237857 -0.0414602 0.154498 0.808158 1.197229 1165.19
data/frame-000687.color.jpg 0.0138262 0.000147702 0.884209 -0.466886 0.100934 1.262194 0.767847 1165.19
data/frame-000853.color.jpg 0.356172 0.93377 -0.0298959 -0.017931 0.197950 0.766124 1.211521 1165.19
data/frame-000686.color.jpg -0.00893394 -0.0373911 0.893 -0.448411 0.095816 1.226848 0.805441 1165.19
data/frame-000852.color.jpg 0.347079 0.935596 -0.064355 -0.00734834 0.236121 0.728544 1.232443 1165.19
data/frame-000685.color.jpg -0.0217958 -0.0687263 0.897767 -0.43453 0.071013 1.196527 0.834064 1165.19
data/frame-000669.color.jpg -0.183537 -0.541581 0.748181 -0.336496 -0.235104 1.039713 1.023433 1165.19
data/frame-000836.color.jpg 0.337802 0.90866 -0.237966 0.0599894 0.604216 0.451532 1.381469 1165.19
data/frame-000818.color.jpg 0.403467 0.898224 -0.152975 0.0837022 1.133318 0.821439 1.347748 1165.19
data/frame-000668.color.jpg -0.200284 -0.568666 0.721369 -0.340781 -0.246465 1.058592 1.014912 1165.19
data/frame-001172.color.jpg 0.392436 0.808597 -0.372857 0.230525 0.013590 1.644721 0.266409 1165.19
data/frame-000463.color.jpg 0.0206094 0.0073594 0.867685 -0.496632 -0.151669 1.294874 0.639691 1165.19
data/frame-000835.color.jpg 0.339961 0.907238 -0.239742 0.0622049 0.623068 0.445808 1.389381 1165.19
data/frame-000666.color.jpg -0.221852 -0.623046 0.677584 -0.321676 -0.248731 1.026181 1.053171 1165.19
data/frame-001170.color.jpg 0.412895 0.835735 -0.309265 0.188202 -0.085648 1.616501 0.313250 1165.19
data/frame-000461.color.jpg 0.0108692 -0.0418288 0.867237 -0.496017 -0.169180 1.277030 0.659993 1165.19
data/frame-000833.color.jpg 0.344348 0.902831 -0.248954 0.0658937 0.684044 0.428231 1.417427 1165.19
data/frame-000665.color.jpg -0.220987 -0.640791 0.668184 -0.306728 -0.240360 0.990529 1.094618 1165.19
data/frame-001169.color.jpg 0.4134 0.849825 -0.27602 0.175247 -0.166232 1.585511 0.356951 1165.19
data/frame-000460.color.jpg 0.00429247 -0.0552946 0.868905 -0.491861 -0.163596 1.262663 0.676436 1165.19
data/frame-000832.color.jpg 0.350892 0.899662 -0.25099 0.0669898 0.719468 0.425295 1.429258 1165.19
data/frame-000664.color.jpg -0.223012 -0.650558 0.661842 -0.298337 -0.223860 0.970909 1.115161 1165.19
data/frame-001168.color.jpg 0.416499 0.864545 -0.243634 0.140473 -0.190858 1.540296 0.414379 1165.19
data/frame-000459.color.jpg -0.00123742 -0.0685914 0.869163 -0.489744 -0.148734 1.258040 0.686434 1165.19
data/frame-000831.color.jpg 0.351004 0.898482 -0.251089 0.0805036 0.731281 0.432777 1.457031 1165.19
data/frame-000663.color.jpg 0.222995 0.657925 -0.656106 0.294844 -0.213098 0.955962 1.126128 1165.19
data/frame-001167.color.jpg 0.434801 0.867133 -0.206779 0.127557 -0.206182 1.552493 0.394622 1165.19
data/frame-000458.color.jpg -0.0212355 -0.0984873 0.868511 -0.485322 -0.114120 1.249258 0.705273 1165.19
data/frame-000830.color.jpg 0.35764 0.895644 -0.251298 0.0822466 0.748551 0.440757 1.469000 1165.19
data/frame-000677.color.jpg -0.123065 -0.355802 0.843314 -0.383513 -0.224689 1.251987 0.816018 1165.19
data/frame-001181.color.jpg 0.287418 0.673058 -0.616201 0.290998 0.710690 1.576621 0.412343 1165.19
data/frame-000472.color.jpg 0.0826386 0.0815633 0.831064 -0.543922 -0.419121 1.392558 0.436575 1165.19
data/frame-000844.color.jpg 0.356484 0.930909 -0.0779557 -0.0158099 0.618289 0.583176 1.301751 1165.19
data/frame-000676.color.jpg -0.140466 -0.404016 0.824411 -0.370656 -0.281978 1.212089 0.853989 1165.19
data/frame-001180.color.jpg 0.294642 0.705221 -0.583484 0.274583 0.522426 1.570122 0.422836 1165.19
data/frame-000471.color.jpg 0.0764741 0.0791273 0.841356 -0.529161 -0.415621 1.373617 0.488219 1165.19
data/frame-000843.color.jpg 0.349682 0.932455 -0.0905694 -0.0068924 0.620261 0.555779 1.318588 1165.19
data/frame-000675.color.jpg -0.146624 -0.427483 0.815492 -0.361569 -0.306534 1.181349 0.883096 1165.19
data/frame-001179.color.jpg 0.291561 0.715028 -0.572297 0.276049 0.387611 1.535593 0.481341 1165.19
data/frame-000481.color.jpg 0.0675345 0.0635609 0.762854 -0.639885 -0.408732 1.500598 0.152403 1165.19
data/frame-000842.color.jpg 0.337143 0.933433 -0.121497 0.0166176 0.581658 0.501185 1.347390 1165.19
data/frame-000819.color.jpg 0.403288 0.898782 -0.152739 0.0788649 1.134383 0.796415 1.352420 1165.19
data/frame-000670.color.jpg -0.172725 -0.529024 0.762308 -0.330432 -0.252996 1.021372 1.029524 1165.19
data/frame-000837.color.jpg 0.346808 0.907174 -0.23296 0.0498875 0.611138 0.471950 1.363751 1165.19
data/frame-000667.color.jpg -0.217335 -0.602089 0.694859 -0.327757 -0.236570 1.043047 1.034529 1165.19
data/frame-001171.color.jpg 0.400581 0.824306 -0.342793 0.20627 -0.027290 1.634012 0.291970 1165.19
data/frame-000462.color.jpg 0.0170644 -0.0218045 0.8667 -0.498061 -0.163094 1.282613 0.646288 1165.19
data/frame-000486.color.jpg 0.402974 0.894501 0.18223 -0.0653619 1.056566 1.244658 0.810612 1165.19
data/frame-001206.color.jpg 0.312785 0.826824 -0.426052 0.192372 0.136105 1.066023 1.041003 1165.19
data/frame-000834.color.jpg 0.346271 0.905873 -0.236159 0.0609924 0.664156 0.459427 1.389791 1165.19
data/frame-000682.color.jpg -0.090331 -0.235068 0.881102 -0.400302 -0.059302 1.152452 0.888440 1165.19
data/frame-001186.color.jpg 0.320259 0.731252 -0.5465 0.253065 0.905174 1.748530 0.207326 1165.19
data/frame-000477.color.jpg 0.0776012 0.0777589 0.783506 -0.611597 -0.408228 1.481588 0.226448 1165.19
data/frame-000849.color.jpg 0.364271 0.928997 -0.0566557 -0.0325639 0.433529 0.725637 1.203292 1165.19
data/frame-000824.color.jpg 0.382165 0.901885 -0.186567 0.0758056 1.008476 0.595760 1.440058 1165.19
data/frame-000487.color.jpg 0.410018 0.890141 0.186404 -0.0691963 1.062339 1.262130 0.775459 1165.19
data/frame-000484.color.jpg 0.0442486 0.0382398 0.768002 -0.637771 -0.408124 1.488936 0.204451 1165.19
data/frame-000821.color.jpg 0.40057 0.898961 -0.158106 0.080089 1.089340 0.742959 1.388690 1165.19
data/frame-000672.color.jpg -0.167088 -0.511333 0.769001 -0.345338 -0.352136 1.061568 0.973397 1165.19
data/frame-001176.color.jpg 0.350922 0.743407 -0.500939 0.270667 0.266258 1.597990 0.352355 1165.19
data/frame-000467.color.jpg 0.045653 0.0601482 0.86542 -0.495324 -0.316923 1.306107 0.609450 1165.19
data/frame-000839.color.jpg 0.352031 0.917305 -0.183652 0.0299672 0.626803 0.511222 1.337997 1165.19
data/frame-001162.color.jpg 0.467991 0.868548 -0.136745 0.0889321 -0.212203 1.604450 0.334694 1165.19
data/frame-000453.color.jpg -0.0890088 -0.217483 0.87645 -0.420254 -0.042082 1.151627 0.824587 1165.19
data/frame-000825.color.jpg 0.400106 0.89647 -0.179112 0.0646162 1.025621 0.635589 1.382960 1165.19
data/frame-000488.color.jpg 0.406167 0.888755 0.199869 -0.0720746 1.055309 1.273178 0.763230 1165.19
data/frame-001159.color.jpg 0.456288 0.883014 -0.090531 0.0623792 -0.234520 1.611202 0.349600 1165.19
data/frame-000450.color.jpg -0.120834 -0.306216 0.854359 -0.402122 -0.148516 1.112259 0.875543 1165.19
data/frame-000485.color.jpg 0.41245 0.887846 0.183781 -0.0885427 1.111692 1.251440 0.724954 1165.19
data/frame-000822.color.jpg 0.390846 0.900165 -0.172784 0.084192 1.038494 0.676868 1.432720 1165.19
data/frame-000673.color.jpg -0.15729 -0.48465 0.784444 -0.353585 -0.371636 1.103940 0.938785 1165.19
data/frame-001177.color.jpg 0.339695 0.732243 -0.522631 0.27438 0.307721 1.581830 0.385041 1165.19
data/frame-000468.color.jpg 0.0527027 0.0668426 0.861706 -0.500217 -0.360916 1.311073 0.587651 1165.19
data/frame-000840.color.jpg 0.347819 0.924526 -0.155143 0.0142666 0.641700 0.503435 1.331731 1165.19
data/frame-001163.color.jpg 0.462013 0.867788 -0.153812 0.0991454 -0.210365 1.592637 0.345059 1165.19
data/frame-000454.color.jpg -0.0787224 -0.200127 0.87665 -0.430392 -0.047550 1.164451 0.808174 1165.19
data/frame-000826.color.jpg 0.391543 0.896682 -0.194257 0.0701475 0.960818 0.591750 1.419067 1165.19
data/frame-000489.color.jpg 0.404102 0.889849 0.199163 -0.0721458 1.058760 1.272691 0.766348 1165.19
data/frame-001160.color.jpg 0.460445 0.87878 -0.104928 0.0687423 -0.228224 1.605504 0.350479 1165.19
data/frame-000451.color.jpg -0.106684 -0.27571 0.862908 -0.40987 -0.117837 1.134891 0.846307 1165.19
data/frame-000823.color.jpg 0.387082 0.901267 -0.178331 0.0779959 1.033490 0.636054 1.431308 1165.19
data/frame-000674.color.jpg -0.150406 -0.455649 0.802254 -0.355177 -0.344145 1.137081 0.916007 1165.19
data/frame-001178.color.jpg 0.307899 0.720016 -0.556025 0.278589 0.333214 1.546757 0.465779 1165.19
data/frame-000469.color.jpg 0.0618143 0.0724743 0.857412 -0.505738 -0.386653 1.321262 0.562529 1165.19
data/frame-000841.color.jpg 0.347773 0.928945 -0.126943 0.000257071 0.656118 0.514026 1.318498 1165.19
data/frame-000671.color.jpg -0.175462 -0.525896 0.76126 -0.336348 -0.299227 1.047733 1.001102 1165.19
data/frame-001175.color.jpg 0.364319 0.75862 -0.466267 0.272696 0.186016 1.629108 0.301226 1165.19
data/frame-000466.color.jpg 0.0384836 0.0533323 0.868221 -0.491799 -0.274607 1.299114 0.629456 1165.19
data/frame-000838.color.jpg 0.345808 0.912948 -0.213584 0.0363897 0.626158 0.474990 1.350742 1165.19
data/frame-000678.color.jpg -0.115255 -0.294091 0.86939 -0.379984 -0.113756 1.259860 0.813992 1165.19
data/frame-000845.color.jpg 0.357634 0.930375 -0.0784435 -0.0186293 0.589538 0.595363 1.292588 1165.19
data/frame-000679.color.jpg -0.101059 -0.275566 0.871533 -0.392787 -0.123189 1.260878 0.801807 1165.19
data/frame-000846.color.jpg 0.360721 0.929244 -0.0754922 -0.0262085 0.558215 0.621958 1.265829 1165.19
data/frame-000680.color.jpg -0.0934358 -0.260732 0.872481 -0.402573 -0.129534 1.254388 0.803319 1165.19
data/frame-000847.color.jpg 0.359313 0.9299 -0.0724336 -0.0305576 0.517709 0.649709 1.243941 1165.19
data/frame-000681.color.jpg -0.0866877 -0.238979 0.8787 -0.404054 -0.114232 1.215481 0.834968 1165.19
data/frame-000848.color.jpg 0.361647 0.928482 -0.0746147 -0.0395599 0.502781 0.675090 1.218411 1165.19
data/frame-000683.color.jpg -0.0823547 -0.211205 0.877991 -0.421594 -0.032733 1.180208 0.847681 1165.19
data/frame-000850.color.jpg 0.363209 0.929205 -0.0647109 -0.021671 0.360776 0.742910 1.207609 1165.19
data/frame-000684.color.jpg -0.0559877 -0.129438 0.892043 -0.429383 0.051334 1.198289 0.839506 1165.19
data/frame-000851.color.jpg 0.354304 0.932308 -0.0710748 -0.0148284 0.292969 0.743041 1.222084 1165.19
data/frame-001166.color.jpg 0.44255 0.872742 -0.16987 0.116687 -0.251295 1.562899 0.385446 1165.19
data/frame-000457.color.jpg -0.0461812 -0.125391 0.870608 -0.473483 -0.065675 1.233580 0.731943 1165.19
data/frame-000492.color.jpg 0.389025 0.896926 0.197908 -0.0708216 1.034443 1.240000 0.788067 1165.19
data/frame-000829.color.jpg 0.369208 0.893949 -0.242202 0.0766692 0.823769 0.473979 1.456933 1165.19
data/frame-001165.color.jpg 0.442206 0.874399 -0.167165 0.109252 -0.236020 1.563669 0.392018 1165.19
data/frame-000456.color.jpg -0.0597494 -0.15426 0.870588 -0.463369 -0.056675 1.215499 0.749158 1165.19
data/frame-000491.color.jpg 0.397366 0.894168 0.194421 -0.0690206 1.048584 1.243583 0.789471 1165.19
data/frame-000828.color.jpg 0.367962 0.896304 -0.234481 0.0791295 0.854502 0.478311 1.472219 1165.19
data/frame-001164.color.jpg 0.45579 0.868095 -0.165598 0.106038 -0.211882 1.584188 0.355596 1165.19
data/frame-000455.color.jpg -0.0695378 -0.186297 0.874324 -0.442736 -0.058706 1.184018 0.787705 1165.19
data/frame-000490.color.jpg 0.400246 0.892645 0.196027 -0.0675344 1.047562 1.254179 0.788237 1165.19
data/frame-000827.color.jpg 0.377988 0.897261 -0.215837 0.0739068 0.909535 0.522046 1.450523 1165.19
data/frame-000820.color.jpg 0.41169 0.895818 -0.1522 0.0696894 1.141451 0.785461 1.337670 1165.19
data/frame-000817.color.jpg 0.401007 0.899216 -0.152647 0.0854567 1.141576 0.837029 1.331719 1165.19
data/frame-000816.color.jpg 0.397655 0.901939 -0.146578 0.0830081 1.163923 0.862915 1.295572 1165.19
data/frame-000815.color.jpg 0.397021 0.902791 -0.144279 0.0807861 1.180999 0.879123 1.268478 1165.19
data/frame-000814.color.jpg 0.397683 0.902176 -0.145666 0.0819042 1.196078 0.899201 1.245628 1165.19
data/frame-000813.color.jpg 0.403747 0.901208 -0.136568 0.0784952 1.219147 0.958091 1.186418 1165.19
data/frame-000812.color.jpg 0.407774 0.900165 -0.133452 0.0749254 1.234836 0.987274 1.148230 1165.19
data/frame-000811.color.jpg 0.40829 0.901582 -0.127815 0.0641251 1.260879 1.002619 1.102057 1165.19
data/frame-000810.color.jpg 0.406359 0.905161 -0.11195 0.0549875 1.266017 1.037319 1.054929 1165.19
data/frame-000809.color.jpg 0.412095 0.905064 -0.0938774 0.0471609 1.261210 1.094590 0.985242 1165.19
data/frame-000808.color.jpg 0.412903 0.905292 -0.0907858 0.0414294 1.261824 1.121037 0.942275 1165.19
data/frame-000807.color.jpg 0.413349 0.905424 -0.0845469 0.0469148 1.207887 1.153559 0.921536 1165.19
data/frame-000806.color.jpg 0.419507 0.903722 -0.0761408 0.0387563 1.197916 1.188873 0.867649 1165.19
data/frame-001142.color.jpg 0.271122 0.945082 0.156928 -0.0931969 -0.206147 1.549332 0.763945 1165.19
data/frame-000433.color.jpg 0.282046 0.670091 -0.612366 0.310541 0.094784 0.898429 1.150669 1165.19
data/frame-000805.color.jpg 0.420293 0.904444 -0.0666548 0.0298683 1.186110 1.212162 0.821879 1165.19
data/frame-000804.color.jpg 0.417371 0.90674 -0.0557839 0.0226421 1.181254 1.231777 0.789471 1165.19
data/frame-000803.color.jpg 0.413632 0.909661 -0.0328504 0.0186044 1.156082 1.277930 0.754651 1165.19
data/frame-000802.color.jpg 0.417477 0.908342 -0.0201357 0.0149171 1.148499 1.320882 0.713021 1165.19
data/frame-000770.color.jpg 0.428891 0.822918 0.322362 -0.186923 0.628537 2.071214 -0.424199 1165.19
data/frame-000800.color.jpg 0.420741 0.907047 -0.0107038 0.0113044 1.139048 1.374229 0.653443 1165.19
data/frame-000799.color.jpg 0.418521 0.908137 -0.00645193 0.00924936 1.154221 1.419468 0.615650 1165.19
data/frame-000798.color.jpg 0.419994 0.907432 -0.00813414 0.0103222 1.162043 1.426639 0.601564 1165.19
data/frame-000797.color.jpg 0.420137 0.907299 -0.0115834 0.0125943 1.170613 1.446696 0.587679 1165.19
data/frame-001133.color.jpg 0.369553 0.929155 0.0100959 -0.000445866 0.014413 1.219920 0.837096 1165.19
data/frame-000430.color.jpg 0.310002 0.76078 -0.510961 0.253043 0.182802 0.927774 1.095439 1165.19
data/frame-000796.color.jpg 0.418865 0.907887 -0.0104656 0.0135526 1.168668 1.461992 0.580110 1165.19
data/frame-000795.color.jpg 0.416958 0.908771 -0.00582963 0.015761 1.166052 1.484357 0.564503 1165.19
data/frame-000794.color.jpg 0.41757 0.908528 0.00117717 0.0145363 1.158366 1.507351 0.533377 1165.19
data/frame-000793.color.jpg 0.413986 0.91012 0.0110973 0.0131707 1.153960 1.541761 0.515292 1165.19
data/frame-000792.color.jpg 0.415513 0.909254 0.0226158 0.00973904 1.143584 1.571131 0.469850 1165.19
data/frame-000791.color.jpg 0.413045 0.910065 0.033904 0.00514462 1.142918 1.604031 0.439888 1165.19
data/frame-001127.color.jpg 0.349956 0.919964 -0.165846 0.0607589 0.353843 0.874359 1.151896 1165.19
data/frame-000424.color.jpg 0.338563 0.79256 -0.453323 0.227425 0.186650 1.212798 0.792467 1165.19
data/frame-000790.color.jpg 0.415476 0.908498 0.0445433 -0.00522008 1.147690 1.625349 0.382604 1165.19
data/frame-000789.color.jpg 0.418941 0.906428 0.0522657 -0.0120388 1.154295 1.642940 0.335138 1165.19
data/frame-000788.color.jpg 0.422862 0.903229 0.0691013 -0.0243029 1.148301 1.676380 0.265018 1165.19
data/frame-000787.color.jpg 0.424101 0.900724 0.0883929 -0.0319615 1.132580 1.722926 0.215613 1165.19
data/frame-000744.color.jpg 0.407604 0.862354 0.261302 -0.148076 0.875431 1.544480 0.372918 1165.19
data/frame-000743.color.jpg 0.40904 0.862253 0.260325 -0.146413 0.873001 1.528471 0.387727 1165.19
data/frame-000742.color.jpg 0.404021 0.867057 0.253462 -0.144 0.889486 1.498414 0.431685 1165.19
data/frame-000741.color.jpg 0.398401 0.871028 0.24949 -0.142627 0.904246 1.462339 0.470218 1165.19
data/frame-000740.color.jpg 0.397664 0.872549 0.247926 -0.138037 0.902499 1.443280 0.498664 1165.19
data/frame-000739.color.jpg 0.395134 0.874168 0.247892 -0.135088 0.908206 1.436400 0.520549 1165.19
data/frame-000738.color.jpg 0.389926 0.878183 0.246511 -0.126429 0.905143 1.419531 0.559972 1165.19
data/frame-000737.color.jpg 0.37965 0.881974 0.250381 -0.123679 0.902498 1.404112 0.591119 1165.19
data/frame-000736.color.jpg 0.373237 0.883034 0.256835 -0.122399 0.900803 1.395480 0.607161 1165.19
data/frame-000735.color.jpg 0.364587 0.883424 0.266937 -0.124026 0.905970 1.392821 0.617700 1165.19
data/frame-000734.color.jpg 0.354898 0.882162 0.280221 -0.131581 0.910283 1.389468 0.613194 1165.19
data/frame-000733.color.jpg 0.350716 0.882291 0.283191 -0.135516 0.920800 1.383869 0.611975 1165.19
data/frame-000732.color.jpg 0.351795 0.88231 0.280664 -0.137833 0.934737 1.376007 0.610568 1165.19
data/frame-000731.color.jpg 0.353381 0.883667 0.275015 -0.136462 0.937995 1.371086 0.616643 1165.19
data/frame-000730.color.jpg 0.350831 0.885835 0.273826 -0.131276 0.929144 1.367212 0.635402 1165.19
data/frame-000729.color.jpg 0.349431 0.886921 0.273453 -0.128425 0.923278 1.362747 0.645513 1165.19
data/frame-000728.color.jpg 0.351941 0.88636 0.272383 -0.127715 0.920493 1.362417 0.644697 1165.19
data/frame-000727.color.jpg 0.353134 0.885579 0.273549 -0.127347 0.913244 1.368929 0.641982 1165.19
data/frame-000726.color.jpg 0.353978 0.884711 0.275532 -0.126758 0.906226 1.373522 0.640498 1165.19
data/frame-000725.color.jpg 0.355015 0.884066 0.277422 -0.124215 0.895986 1.381111 0.641357 1165.19
data/frame-000714.color.jpg 0.281884 0.900203 0.288801 -0.163616 0.984134 1.266330 0.650578 1165.19
data/frame-000713.color.jpg 0.287528 0.904266 0.277451 -0.150504 0.976525 1.257180 0.682890 1165.19
data/frame-000712.color.jpg 0.296577 0.918654 0.226586 -0.129519 0.987964 1.152763 0.755471 1165.19
data/frame-001126.color.jpg 0.343575 0.915758 -0.191589 0.0814685 0.397599 0.793301 1.240988 1165.19
data/frame-000417.color.jpg 0.291712 0.7574 -0.525984 0.254145 0.352474 1.565642 0.425000 1165.19
data/frame-001125.color.jpg 0.349109 0.90723 -0.221403 0.0777015 0.518892 0.706177 1.306839 1165.19
data/frame-000410.color.jpg 0.349226 0.825931 -0.374166 0.236387 0.068179 1.742231 0.193264 1165.19
data/frame-001124.color.jpg 0.346743 0.903023 -0.23658 0.0913657 0.553981 0.665090 1.343662 1165.19
data/frame-000415.color.jpg 0.314148 0.758003 -0.503539 0.270538 0.356028 1.675498 0.285158 1165.19
data/frame-001123.color.jpg 0.337939 0.882941 -0.305502 0.113492 0.595212 0.590085 1.396263 1165.19
data/frame-000414.color.jpg 0.331826 0.763791 -0.479614 0.276561 0.312556 1.715481 0.213362 1165.19
data/frame-001122.color.jpg 0.329209 0.852643 -0.3791 0.144583 0.596913 0.512344 1.463470 1165.19
data/frame-000413.color.jpg 0.350418 0.773077 -0.44736 0.28183 0.238445 1.751589 0.134889 1165.19
data/frame-001121.color.jpg 0.30893 0.839193 -0.423465 0.144896 0.639780 0.356200 1.528249 1165.19
data/frame-000412.color.jpg 0.35551 0.792253 -0.411254 0.277161 0.136314 1.769852 0.116285 1165.19
data/frame-001120.color.jpg 0.290316 0.840436 -0.432567 0.149232 0.720656 0.238032 1.589352 1165.19
data/frame-000405.color.jpg 0.320685 0.912923 -0.215929 0.130792 -0.184654 1.538413 0.498147 1165.19
data/frame-001119.color.jpg 0.28072 0.828702 -0.455461 0.16433 0.724235 0.161505 1.662119 1165.19
data/frame-000416.color.jpg 0.305116 0.756321 -0.513948 0.265972 0.369942 1.646997 0.323931 1165.19
data/frame-001118.color.jpg 0.284692 0.848582 -0.419468 0.151344 0.933430 0.156051 1.650891 1165.19
data/frame-000409.color.jpg 0.346016 0.838888 -0.35746 0.220821 0.040824 1.721292 0.229076 1165.19
data/frame-001117.color.jpg 0.289846 0.853331 -0.403176 0.158946 1.020053 0.231439 1.646392 1165.19
data/frame-000408.color.jpg 0.344556 0.851099 -0.335428 0.210713 -0.009642 1.701620 0.259822 1165.19
data/frame-001116.color.jpg 0.271169 0.856892 -0.406637 0.163861 1.062350 0.216980 1.669079 1165.19
data/frame-000407.color.jpg 0.343964 0.871382 -0.298374 0.182635 -0.069011 1.665919 0.316729 1165.19
data/frame-001115.color.jpg 0.264649 0.864778 -0.394063 0.163814 1.124910 0.256666 1.649752 1165.19
data/frame-000437.color.jpg -0.264675 -0.608314 0.656931 -0.358251 -0.098372 1.002832 1.055649 1165.19
data/frame-001114.color.jpg 0.282311 0.860462 -0.39292 0.159747 1.202381 0.331470 1.620781 1165.19
data/frame-000436.color.jpg -0.276468 -0.63215 0.634985 -0.347484 -0.072321 0.981933 1.085883 1165.19
data/frame-001113.color.jpg 0.30515 0.851483 -0.393257 0.16495 1.261251 0.417852 1.563961 1165.19
data/frame-000404.color.jpg 0.314877 0.921743 -0.19142 0.120836 -0.228735 1.493668 0.535781 1165.19
data/frame-001112.color.jpg 0.329028 0.856753 -0.36229 0.162669 1.311050 0.570678 1.485389 1165.19
data/frame-000403.color.jpg 0.313964 0.928621 -0.165885 0.107575 -0.253622 1.447488 0.572862 1165.19
data/frame-001111.color.jpg 0.345189 0.874769 -0.305917 0.148455 1.348357 0.757699 1.354358 1165.19
data/frame-000396.color.jpg 0.403024 0.912252 -0.0381971 0.062516 -0.353555 1.574022 0.364892 1165.19
data/frame-001110.color.jpg 0.360178 0.885144 -0.260304 0.137962 1.359068 0.906181 1.244617 1165.19
data/frame-000401.color.jpg 0.31361 0.939547 -0.115027 0.0752944 -0.271066 1.418508 0.617461 1165.19
data/frame-001109.color.jpg 0.367793 0.905849 -0.182843 0.103609 1.381833 1.084082 1.070485 1165.19
data/frame-000406.color.jpg 0.33272 0.891585 -0.263887 0.15728 -0.123068 1.607471 0.406360 1165.19
data/frame-001108.color.jpg 0.381208 0.910431 -0.137506 0.0829951 1.417854 1.199117 0.942039 1165.19
data/frame-000399.color.jpg 0.351566 0.929876 -0.0856936 0.0662544 -0.311004 1.488287 0.522040 1165.19
data/frame-001107.color.jpg 0.380756 0.914824 -0.119459 0.0620636 1.500853 1.250006 0.860183 1165.19
data/frame-000398.color.jpg 0.380042 0.919709 -0.0744759 0.0644747 -0.317597 1.522017 0.440312 1165.19
data/frame-001106.color.jpg 0.377825 0.917519 -0.10875 0.0598437 1.561449 1.282643 0.844150 1165.19
data/frame-000391.color.jpg 0.487417 0.872122 0.018882 0.038352 -0.315828 1.709843 0.052577 1165.19
data/frame-001105.color.jpg 0.377928 0.919317 -0.0890553 0.063993 1.581612 1.352892 0.839003 1165.19
data/frame-000402.color.jpg 0.30665 0.938377 -0.134011 0.0863399 -0.269454 1.409854 0.620280 1165.19
data/frame-001104.color.jpg 0.391495 0.916608 -0.0609615 0.0533474 1.633737 1.421006 0.735960 1165.19
data/frame-000395.color.jpg 0.412236 0.90897 -0.0307171 0.053764 -0.332146 1.605006 0.337210 1165.19
data/frame-001103.color.jpg 0.390484 0.918885 -0.0374327 0.0420821 1.687347 1.469052 0.678403 1165.19
data/frame-000388.color.jpg 0.501678 0.861781 0.0751408 0.00254047 -0.287857 1.731451 -0.037133 1165.19
data/frame-001102.color.jpg 0.388296 0.921057 -0.00502227 0.0292555 1.687460 1.549843 0.598536 1165.19
data/frame-000387.color.jpg 0.489768 0.866341 0.0948843 -0.0240211 -0.261551 1.763722 -0.007995 1165.19
data/frame-001101.color.jpg 0.386078 0.921752 0.0359339 0.00506335 1.678485 1.640848 0.483197 1165.19
data/frame-000392.color.jpg 0.472329 0.880264 0.00326954 0.0450503 -0.316789 1.697449 0.118643 1165.19
data/frame-001100.color.jpg 0.395178 0.917109 0.0515693 -0.00926988 1.682673 1.677052 0.392627 1165.19
data/frame-000397.color.jpg 0.396364 0.914581 -0.0469802 0.0650322 -0.351378 1.555008 0.389266 1165.19
data/frame-001099.color.jpg 0.407946 0.908084 0.0858278 -0.0399628 1.662120 1.748239 0.215864 1165.19
data/frame-000384.color.jpg 0.382726 0.906878 0.151998 -0.0893846 -0.175828 1.730641 0.414999 1165.19
data/frame-001098.color.jpg 0.410678 0.901798 0.118732 -0.0632965 1.633928 1.825498 0.096477 1165.19
data/frame-000389.color.jpg 0.492262 0.868407 0.0492157 0.0335528 -0.318317 1.720330 0.003435 1165.19
data/frame-000956.color.jpg 0.288969 0.741232 -0.555881 0.240972 0.482035 1.561827 0.495526 1165.19
data/frame-000953.color.jpg 0.277206 0.73891 -0.563153 0.245004 0.584107 1.618263 0.446550 1165.19
data/frame-000952.color.jpg 0.273101 0.731389 -0.573293 0.248639 0.631503 1.630260 0.435904 1165.19
data/frame-000951.color.jpg 0.267199 0.730767 -0.577461 0.247231 0.663068 1.647988 0.431062 1165.19
data/frame-000950.color.jpg 0.260683 0.735007 -0.578102 0.240016 0.686329 1.661010 0.430341 1165.19
data/frame-000949.color.jpg 0.259012 0.737526 -0.577163 0.236327 0.703726 1.678222 0.417330 1165.19
data/frame-000948.color.jpg 0.257969 0.737713 -0.577409 0.236282 0.718862 1.693553 0.403951 1165.19
data/frame-000947.color.jpg 0.256505 0.742194 -0.572333 0.236195 0.715265 1.716359 0.390513 1165.19
data/frame-000915.color.jpg 0.547974 0.826478 -0.106973 0.0722174 -0.222954 1.824148 -0.391887 1165.19
data/frame-000945.color.jpg 0.290064 0.774487 -0.512503 0.231026 0.580971 1.829699 0.233377 1165.19
data/frame-000913.color.jpg 0.554498 0.827519 -0.065839 0.0583826 -0.284600 1.817344 -0.392621 1165.19
data/frame-000943.color.jpg 0.307728 0.80416 -0.465708 0.204319 0.491958 1.887218 0.169954 1165.19
data/frame-000942.color.jpg 0.313601 0.812279 -0.449408 0.199723 0.457387 1.905904 0.142434 1165.19
data/frame-000941.color.jpg 0.317342 0.812763 -0.445491 0.200618 0.452610 1.911200 0.126134 1165.19
data/frame-000940.color.jpg 0.322493 0.8155 -0.437088 0.199779 0.432357 1.920439 0.103831 1165.19
data/frame-000908.color.jpg 0.554506 0.831368 -0.0199256 0.0308837 -0.347727 1.785216 -0.366636 1165.19
data/frame-000938.color.jpg 0.342572 0.823024 -0.408152 0.196694 0.373145 1.952798 0.020131 1165.19
data/frame-000937.color.jpg 0.356104 0.832704 -0.380041 0.18805 0.304295 1.974716 -0.031598 1165.19
data/frame-000936.color.jpg 0.36371 0.83569 -0.367807 0.184541 0.277160 1.982581 -0.059148 1165.19
data/frame-000935.color.jpg 0.375779 0.834724 -0.358654 0.18274 0.269165 1.985597 -0.104075 1165.19
data/frame-000934.color.jpg 0.385111 0.834924 -0.34815 0.182709 0.249388 1.994479 -0.137775 1165.19
data/frame-000933.color.jpg 0.392646 0.837386 -0.333733 0.182307 0.210585 1.998820 -0.165530 1165.19
data/frame-000932.color.jpg 0.395354 0.840599 -0.321991 0.182784 0.172591 2.002438 -0.174033 1165.19
data/frame-000931.color.jpg 0.39886 0.843899 -0.309465 0.181595 0.131967 2.002459 -0.181616 1165.19
data/frame-000930.color.jpg 0.402931 0.848256 -0.293273 0.179164 0.083848 2.005218 -0.186363 1165.19
data/frame-001097.color.jpg 0.418427 0.889486 0.159517 -0.0910384 1.591471 1.908957 -0.059740 1165.19
data/frame-000394.color.jpg 0.429926 0.901438 -0.01953 0.0468177 -0.315563 1.637330 0.277580 1165.19
data/frame-000929.color.jpg 0.418372 0.856531 -0.255665 0.161103 -0.017727 1.994423 -0.199598 1165.19
data/frame-001096.color.jpg 0.417663 0.880271 0.193844 -0.114477 1.522271 1.968590 -0.170921 1165.19
data/frame-000393.color.jpg 0.452678 0.890353 -0.00917575 0.0476516 -0.309582 1.670757 0.192135 1165.19
data/frame-000928.color.jpg 0.434095 0.859486 -0.226863 0.146215 -0.091412 1.984583 -0.220139 1165.19
data/frame-001095.color.jpg 0.408647 0.875599 0.219142 -0.135317 1.452071 2.010041 -0.223916 1165.19
data/frame-000380.color.jpg 0.420966 0.896957 0.11089 -0.0771997 -0.040561 1.546920 0.475696 1165.19
data/frame-000927.color.jpg 0.447179 0.858985 -0.209837 0.1347 -0.128343 1.972928 -0.239061 1165.19
data/frame-001094.color.jpg 0.397198 0.876504 0.234266 -0.138183 1.378058 2.026750 -0.174281 1165.19
data/frame-000385.color.jpg 0.405068 0.898175 0.148897 -0.0838523 -0.204278 1.765990 0.315196 1165.19
data/frame-000926.color.jpg 0.464028 0.857001 -0.181837 0.131006 -0.205264 1.953159 -0.270736 1165.19
data/frame-000925.color.jpg 0.473465 0.8587 -0.154689 0.120568 -0.279828 1.947148 -0.253517 1165.19
data/frame-000924.color.jpg 0.494218 0.852358 -0.136471 0.103005 -0.302543 1.914150 -0.291514 1165.19
data/frame-000923.color.jpg 0.515489 0.848596 -0.100779 0.0632454 -0.362176 1.878108 -0.281259 1165.19
data/frame-000922.color.jpg 0.522677 0.847021 -0.0847673 0.046671 -0.385123 1.847376 -0.265938 1165.19
data/frame-000921.color.jpg 0.527852 0.845076 -0.0746507 0.0405648 -0.401529 1.823003 -0.256864 1165.19
data/frame-000920.color.jpg 0.53623 0.838584 -0.0850895 0.0446502 -0.358726 1.808773 -0.290617 1165.19
data/frame-000919.color.jpg 0.541085 0.834417 -0.0911285 0.051678 -0.331744 1.819662 -0.316991 1165.19
data/frame-000918.color.jpg 0.544185 0.830183 -0.103313 0.063136 -0.286633 1.817960 -0.353624 1165.19
data/frame-000917.color.jpg 0.541333 0.83086 -0.107452 0.071304 -0.259077 1.827574 -0.358827 1165.19
data/frame-000916.color.jpg 0.543157 0.829473 -0.106734 0.074588 -0.246959 1.828537 -0.370739 1165.19
data/frame-000946.color.jpg 0.279178 0.753427 -0.545765 0.237798 0.661299 1.771043 0.278228 1165.19
data/frame-000894.color.jpg 0.491295 0.869956 0.0417036 0.00812544 -0.431767 1.673396 0.026880 1165.19
data/frame-000893.color.jpg 0.484894 0.872996 0.0521116 0.00635221 -0.450391 1.651088 0.074556 1165.19
data/frame-000892.color.jpg 0.483497 0.87353 0.0563612 -5.58167e-05 -0.444436 1.617958 0.099154 1165.19
data/frame-000891.color.jpg 0.471955 0.879574 0.0600274 0.00213824 -0.445196 1.593361 0.184251 1165.19
data/frame-000890.color.jpg 0.471014 0.879753 0.064568 -0.00352338 -0.440856 1.574776 0.218734 1165.19
data/frame-000889.color.jpg 0.45397 0.887494 0.0760597 -0.0219337 -0.407818 1.536990 0.329284 1165.19
data/frame-000887.color.jpg 0.456302 0.885373 0.0821342 -0.0340203 -0.373733 1.502069 0.375428 1165.19
data/frame-000886.color.jpg 0.456697 0.886178 0.0746993 -0.0231476 -0.358956 1.495021 0.396744 1165.19
data/frame-000885.color.jpg 0.448101 0.892108 0.0570223 -0.00982815 -0.329490 1.508869 0.431035 1165.19
data/frame-000888.color.jpg 0.455237 0.885907 0.0837487 -0.0302489 -0.400160 1.517707 0.350205 1165.19
data/frame-000551.color.jpg 0.301903 0.928384 -0.203289 0.0750373 0.584078 0.506982 1.290983 1165.19
data/frame-000880.color.jpg 0.394852 0.918733 0.0042589 -0.00194644 -0.170194 1.358611 0.626388 1165.19
data/frame-000879.color.jpg 0.378254 0.925646 0.0096468 -0.00315835 -0.189658 1.327531 0.680946 1165.19
data/frame-000881.color.jpg 0.405916 0.913774 0.0157697 0.000554963 -0.200534 1.381884 0.585683 1165.19
data/frame-000882.color.jpg 0.409888 0.911813 0.0234048 -0.0064866 -0.195919 1.405789 0.568942 1165.19
data/frame-000883.color.jpg 0.423999 0.905089 0.0291362 -0.0138123 -0.207087 1.439229 0.520142 1165.19
data/frame-000884.color.jpg 0.439571 0.897309 0.0378343 -0.0135235 -0.253319 1.479832 0.466292 1165.19
data/frame-000895.color.jpg 0.492792 0.86934 0.0357517 0.0112208 -0.430057 1.686538 0.005099 1165.19
data/frame-000896.color.jpg 0.499574 0.86568 0.0277992 0.0158607 -0.425825 1.698469 -0.055062 1165.19
data/frame-000897.color.jpg 0.497105 0.867346 0.0176096 0.0169535 -0.411139 1.729609 -0.092616 1165.19
data/frame-000898.color.jpg 0.506424 0.862097 0.0100984 0.0148939 -0.389264 1.730908 -0.140886 1165.19
data/frame-000535.color.jpg 0.419962 0.892037 -0.130082 0.104784 0.787515 1.076514 1.056971 1165.19
data/frame-000899.color.jpg 0.512548 0.858464 0.0138669 0.011894 -0.405718 1.742958 -0.171798 1165.19
data/frame-000900.color.jpg 0.520732 0.853549 0.015033 0.00819931 -0.414159 1.764238 -0.207252 1165.19
data/frame-000901.color.jpg 0.526774 0.849919 0.00226618 0.0118724 -0.384904 1.770047 -0.243374 1165.19
data/frame-000902.color.jpg 0.531599 0.846932 0.00180697 0.0102716 -0.388671 1.770044 -0.260038 1165.19
data/frame-000939.color.jpg 0.332162 0.81875 -0.424008 0.198834 0.404967 1.934347 0.062513 1165.19
data/frame-000903.color.jpg 0.53667 0.84372 0.00309637 0.0105959 -0.390696 1.772821 -0.281022 1165.19
data/frame-000904.color.jpg 0.540234 0.841421 0.00126735 0.0125224 -0.388547 1.778423 -0.294839 1165.19
data/frame-000905.color.jpg 0.545125 0.838171 -0.0019565 0.0174249 -0.383743 1.780493 -0.318061 1165.19
data/frame-000954.color.jpg 0.283471 0.747119 -0.551331 0.239773 0.530501 1.594534 0.459140 1165.19
data/frame-000906.color.jpg 0.550711 0.834405 -0.00659492 0.0210161 -0.376335 1.778900 -0.342211 1165.19
data/frame-000955.color.jpg 0.285077 0.751331 -0.545969 0.236962 0.485165 1.577221 0.483722 1165.19
data/frame-000907.color.jpg 0.552709 0.832937 -0.0124188 0.0239619 -0.361876 1.783669 -0.353595 1165.19
data/frame-000944.color.jpg 0.301799 0.789512 -0.489751 0.213851 0.548784 1.855448 0.190492 1165.19
data/frame-000909.color.jpg 0.553262 0.83202 -0.0228534 0.0334904 -0.343968 1.792854 -0.362453 1165.19
data/frame-000910.color.jpg 0.555034 0.830018 -0.0353684 0.0419106 -0.320292 1.798342 -0.377957 1165.19
data/frame-000911.color.jpg 0.555152 0.82948 -0.0413925 0.0453361 -0.314654 1.804440 -0.378765 1165.19
data/frame-000912.color.jpg 0.557698 0.826616 -0.0544288 0.0521079 -0.295223 1.807050 -0.396253 1165.19
data/frame-000914.color.jpg 0.551931 0.827677 -0.0803955 0.0621295 -0.258951 1.823595 -0.386943 1165.19
data/frame-000957.color.jpg 0.288299 0.720592 -0.577126 0.25408 0.484610 1.539948 0.504629 1165.19
data/frame-000958.color.jpg 0.266386 0.721328 -0.586873 0.253583 0.450306 1.518219 0.548643 1165.19
data/frame-000959.color.jpg 0.261223 0.718924 -0.595121 0.246458 0.443124 1.507220 0.555397 1165.19
data/frame-000960.color.jpg 0.244244 0.735278 -0.586998 0.234828 0.371991 1.498911 0.587450 1165.19
data/frame-000961.color.jpg 0.22896 0.74217 -0.587644 0.226794 0.329385 1.487880 0.617915 1165.19
data/frame-000962.color.jpg 0.236009 0.738737 -0.58693 0.232552 0.318314 1.495872 0.584182 1165.19
data/frame-000963.color.jpg 0.237104 0.739972 -0.586063 0.229683 0.306807 1.491789 0.588807 1165.19
data/frame-000964.color.jpg 0.235652 0.739906 -0.586723 0.229702 0.298510 1.476311 0.605625 1165.19
data/frame-000965.color.jpg 0.234304 0.739124 -0.590725 0.223252 0.304536 1.452530 0.628123 1165.19
data/frame-000966.color.jpg 0.237856 0.743414 -0.587066 0.214742 0.293482 1.428781 0.648041 1165.19
data/frame-000967.color.jpg 0.246503 0.754006 -0.571088 0.211115 0.264888 1.418242 0.661492 1165.19
data/frame-000968.color.jpg 0.264639 0.772299 -0.542383 0.198345 0.231103 1.400922 0.664429 1165.19
data/frame-000969.color.jpg 0.28213 0.78535 -0.513344 0.200264 0.180076 1.396120 0.651898 1165.19
data/frame-000970.color.jpg 0.293054 0.798671 -0.489233 0.192082 0.159300 1.376310 0.655879 1165.19
data/frame-000971.color.jpg 0.307493 0.811001 -0.46429 0.179335 0.151474 1.365630 0.655479 1165.19
data/frame-000972.color.jpg 0.313349 0.821328 -0.443613 0.174473 0.134539 1.356739 0.660726 1165.19
data/frame-000973.color.jpg 0.312835 0.818026 -0.44857 0.178192 0.156671 1.358723 0.662464 1165.19
data/frame-000974.color.jpg 0.31218 0.816255 -0.452325 0.177971 0.176725 1.347490 0.671620 1165.19
data/frame-000975.color.jpg 0.310285 0.817919 -0.446632 0.187757 0.151510 1.328233 0.690784 1165.19
data/frame-001004.color.jpg -0.217256 -0.561108 0.728162 -0.328236 -0.245672 1.094198 0.942132 1165.19
data/frame-000977.color.jpg 0.339902 0.846582 -0.373193 0.168798 0.077448 1.254198 0.766080 1165.19
data/frame-000978.color.jpg 0.34897 0.848917 -0.363598 0.159238 0.096449 1.235738 0.794315 1165.19
data/frame-000979.color.jpg 0.347303 0.860705 -0.342678 0.145393 0.093764 1.209119 0.836464 1165.19
data/frame-000980.color.jpg 0.364443 0.854964 -0.337645 0.149039 0.105204 1.249774 0.801453 1165.19
data/frame-000981.color.jpg 0.396036 0.83817 -0.329214 0.179568 0.087150 1.303093 0.746949 1165.19
data/frame-000982.color.jpg 0.375748 0.846873 -0.335304 0.170852 0.083649 1.202983 0.875003 1165.19
data/frame-000983.color.jpg 0.376085 0.848132 -0.330656 0.172912 0.057227 1.169301 0.913616 1165.19
data/frame-000984.color.jpg 0.382089 0.845848 -0.324691 0.182001 0.039055 1.140191 0.963171 1165.19
data/frame-000985.color.jpg 0.376689 0.848282 -0.330003 0.172108 0.059793 1.078332 1.029602 1165.19
data/frame-000986.color.jpg 0.364251 0.842441 -0.353373 0.180945 0.036466 1.031053 1.065811 1165.19
data/frame-000987.color.jpg 0.354688 0.836496 -0.372602 0.188783 0.017962 1.008729 1.084270 1165.19
data/frame-000988.color.jpg 0.343168 0.826131 -0.400766 0.19781 -0.003479 0.980878 1.098781 1165.19
data/frame-000989.color.jpg 0.337581 0.809389 -0.434003 0.206326 -0.010521 0.974972 1.098350 1165.19
data/frame-000990.color.jpg 0.330042 0.791881 -0.463644 0.221428 -0.039230 0.974830 1.096090 1165.19
data/frame-000991.color.jpg 0.323733 0.77691 -0.485626 0.236168 -0.073083 0.974638 1.091952 1165.19
data/frame-000992.color.jpg 0.316526 0.766408 -0.502883 0.244005 -0.092594 0.969724 1.095939 1165.19
data/frame-000993.color.jpg 0.308169 0.733456 -0.544858 0.264961 -0.130822 0.983458 1.085768 1165.19
data/frame-000994.color.jpg 0.312929 0.722924 -0.554923 0.267427 -0.123954 0.995658 1.075022 1165.19
data/frame-000995.color.jpg 0.301952 0.702727 -0.580574 0.279166 -0.158585 0.998715 1.065938 1165.19
data/frame-000996.color.jpg 0.29576 0.689255 -0.596175 0.286406 -0.181023 1.006453 1.056692 1165.19
data/frame-000997.color.jpg 0.29112 0.680564 -0.605573 0.292172 -0.199591 1.013736 1.047308 1165.19
data/frame-000998.color.jpg 0.288419 0.671038 -0.615142 0.296856 -0.214743 1.028187 1.031048 1165.19
data/frame-000999.color.jpg 0.286885 0.66394 -0.619355 0.305417 -0.233664 1.047680 1.012089 1165.19
data/frame-001000.color.jpg 0.285591 0.659086 -0.62405 0.307578 -0.239825 1.059501 0.996950 1165.19
data/frame-001001.color.jpg 0.282176 0.65436 -0.630655 0.307351 -0.239033 1.066817 0.985826 1165.19
data/frame-001002.color.jpg -0.259379 -0.626377 0.662541 -0.318455 -0.252244 1.085109 0.962240 1165.19
data/frame-001003.color.jpg -0.241009 -0.596368 0.69322 -0.325124 -0.252162 1.091651 0.947073 1165.19
data/frame-000976.color.jpg 0.318598 0.830182 -0.420469 0.180274 0.122618 1.294730 0.723452 1165.19
data/frame-001005.color.jpg -0.198343 -0.521758 0.757948 -0.337557 -0.235857 1.118701 0.919880 1165.19
data/frame-001006.color.jpg -0.176527 -0.471441 0.793284 -0.342464 -0.210483 1.132932 0.907968 1165.19
data/frame-001035.color.jpg 0.106123 0.132348 0.828586 -0.533543 -0.186500 1.435127 0.484659 1165.19
data/frame-001008.color.jpg -0.153833 -0.410527 0.827583 -0.350585 -0.173255 1.146488 0.891596 1165.19
data/frame-001009.color.jpg -0.146202 -0.378689 0.839897 -0.360267 -0.153955 1.159501 0.878229 1165.19
data/frame-001010.color.jpg -0.139939 -0.367528 0.842413 -0.368348 -0.165834 1.160348 0.880073 1165.19
data/frame-001011.color.jpg -0.14665 -0.35667 0.844585 -0.371425 -0.151527 1.158561 0.886597 1165.19
data/frame-001012.color.jpg -0.149073 -0.353569 0.84362 -0.375595 -0.157685 1.149157 0.897786 1165.19
data/frame-001013.color.jpg -0.144478 -0.350384 0.849703 -0.366554 -0.164332 1.108020 0.934162 1165.19
data/frame-001014.color.jpg -0.111019 -0.257006 0.878598 -0.386895 -0.138566 1.142633 0.901648 1165.19
data/frame-001015.color.jpg -0.100274 -0.212403 0.887855 -0.395657 -0.088872 1.163740 0.881919 1165.19
data/frame-001016.color.jpg -0.0864802 -0.179712 0.894224 -0.400735 -0.063978 1.172311 0.869218 1165.19
data/frame-001017.color.jpg -0.0760791 -0.153196 0.899011 -0.40314 -0.040729 1.173992 0.864091 1165.19
data/frame-001018.color.jpg -0.0630435 -0.129339 0.903342 -0.404067 -0.033297 1.169571 0.867930 1165.19
data/frame-001019.color.jpg -0.0470038 -0.107388 0.904244 -0.410611 -0.049486 1.171789 0.861905 1165.19
data/frame-001020.color.jpg -0.0387525 -0.0869819 0.90266 -0.419687 -0.051821 1.182587 0.848008 1165.19
data/frame-001021.color.jpg -0.0302754 -0.0649948 0.903453 -0.422648 -0.054696 1.184401 0.848187 1165.19
data/frame-001022.color.jpg -0.0211661 -0.0465858 0.902392 -0.427867 -0.062764 1.190440 0.840192 1165.19
data/frame-001023.color.jpg -0.0175376 -0.0354741 0.900618 -0.432807 -0.067620 1.197861 0.830220 1165.19
data/frame-001024.color.jpg -0.00229918 -0.0200467 0.89687 -0.441833 -0.086272 1.216861 0.809969 1165.19
data/frame-001025.color.jpg 0.0015899 -0.010285 0.896148 -0.443632 -0.089232 1.221051 0.807203 1165.19
data/frame-001026.color.jpg 0.0054574 0.00844807 0.888104 -0.459533 -0.074388 1.246010 0.759655 1165.19
data/frame-001027.color.jpg 0.0279482 0.0193773 0.881503 -0.470952 -0.103086 1.264484 0.719015 1165.19
data/frame-001028.color.jpg 0.0486428 0.0469735 0.868356 -0.491309 -0.127481 1.314808 0.660236 1165.19
data/frame-001029.color.jpg 0.0594848 0.0673925 0.86101 -0.500581 -0.139314 1.336463 0.628412 1165.19
data/frame-001030.color.jpg 0.0693129 0.0755369 0.856218 -0.50634 -0.156721 1.350969 0.606574 1165.19
data/frame-001031.color.jpg 0.0763676 0.0835493 0.851899 -0.511327 -0.165947 1.367669 0.586309 1165.19
data/frame-001032.color.jpg 0.0799573 0.101792 0.846608 -0.516236 -0.153671 1.383994 0.565720 1165.19
data/frame-001033.color.jpg 0.0865377 0.115317 0.839852 -0.523317 -0.155443 1.400947 0.537038 1165.19
data/frame-001034.color.jpg 0.0933528 0.120712 0.834026 -0.530203 -0.169151 1.418994 0.509551 1165.19
data/frame-000529.color.jpg 0.424316 0.900268 -0.0640088 0.0733265 0.871135 1.157692 0.964184 1165.19
data/frame-001225.color.jpg -0.109308 -0.294477 0.876859 -0.363941 -0.052632 1.046177 1.027008 1165.19
data/frame-000517.color.jpg 0.420269 0.898249 0.124232 -0.0330036 0.893698 1.306669 0.715543 1165.19
data/frame-001226.color.jpg -0.104227 -0.276111 0.871688 -0.391229 -0.099234 1.097290 0.979167 1165.19
data/frame-000552.color.jpg 0.296355 0.931079 -0.201256 0.0690052 0.587965 0.492304 1.280988 1165.19
data/frame-000531.color.jpg 0.421632 0.897681 -0.0949705 0.0858859 0.864502 1.120737 1.000569 1165.19
data/frame-001227.color.jpg -0.0896415 -0.240446 0.877544 -0.405051 -0.131185 1.134982 0.945096 1165.19
data/frame-000553.color.jpg 0.290948 0.93347 -0.199166 0.0657008 0.586764 0.480265 1.279751 1165.19
data/frame-000519.color.jpg 0.4233 0.901076 0.0932462 -0.0136011 0.897646 1.287921 0.750396 1165.19
data/frame-001228.color.jpg -0.0861785 -0.202817 0.879797 -0.421183 -0.119050 1.179062 0.905711 1165.19
data/frame-000554.color.jpg 0.282842 0.936234 -0.198911 0.0624551 0.584408 0.453701 1.280219 1165.19
data/frame-000520.color.jpg 0.424441 0.901882 0.0801951 -0.00529494 0.894402 1.281226 0.764960 1165.19
data/frame-001229.color.jpg -0.0765332 -0.173585 0.888107 -0.418661 -0.131171 1.180813 0.900446 1165.19
data/frame-000555.color.jpg 0.274494 0.941041 -0.189239 0.0572954 0.587200 0.437795 1.273072 1165.19
data/frame-000521.color.jpg 0.423782 0.903907 0.0572783 0.0089794 0.892891 1.256860 0.802740 1165.19
data/frame-001230.color.jpg -0.0650276 -0.147248 0.891785 -0.422858 -0.151337 1.190040 0.885281 1165.19
data/frame-000556.color.jpg 0.284449 0.939083 -0.183556 0.0593251 0.574063 0.477244 1.260956 1165.19
data/frame-000522.color.jpg 0.424729 0.904107 0.0434421 0.0175949 0.885810 1.246192 0.819052 1165.19
data/frame-001231.color.jpg -0.0593947 -0.126122 0.892294 -0.429392 -0.156007 1.211269 0.875377 1165.19
data/frame-000557.color.jpg 0.299575 0.936981 -0.169315 0.060446 0.564154 0.543594 1.239761 1165.19
data/frame-000523.color.jpg 0.428304 0.902963 0.0228849 0.0262489 0.892006 1.234153 0.838572 1165.19
data/frame-001232.color.jpg -0.0495372 -0.0960383 0.896883 -0.428864 -0.131165 1.222400 0.864960 1165.19
data/frame-000558.color.jpg 0.322148 0.929625 -0.163538 0.0726123 0.523785 0.635444 1.224409 1165.19
data/frame-000524.color.jpg 0.422634 0.905302 0.00451204 0.0422862 0.871463 1.207062 0.891863 1165.19
data/frame-001233.color.jpg -0.043213 -0.0789105 0.894062 -0.438815 -0.126168 1.246020 0.835700 1165.19
data/frame-000559.color.jpg 0.333933 0.924016 -0.170975 0.0738278 0.497452 0.682267 1.211659 1165.19
data/frame-000525.color.jpg 0.424249 0.904009 -0.011001 0.0515758 0.868112 1.202237 0.909995 1165.19
data/frame-001234.color.jpg -0.0332792 -0.0614074 0.892645 -0.445317 -0.133525 1.268077 0.812235 1165.19
data/frame-000560.color.jpg 0.339605 0.918613 -0.186981 0.076527 0.457278 0.711868 1.196872 1165.19
data/frame-000539.color.jpg 0.399058 0.895822 -0.160929 0.111162 0.668365 0.953746 1.168568 1165.19
data/frame-001235.color.jpg -0.0271162 -0.0442577 0.891371 -0.450293 -0.130877 1.284832 0.785647 1165.19
data/frame-000561.color.jpg 0.344153 0.916162 -0.187179 0.0846757 0.396688 0.757431 1.173732 1165.19
data/frame-000527.color.jpg 0.427705 0.900819 -0.0396692 0.0633992 0.875127 1.184583 0.936452 1165.19
data/frame-001236.color.jpg -0.00175848 0.00652727 0.884955 -0.465627 -0.130060 1.339181 0.716294 1165.19
data/frame-000528.color.jpg 0.425915 0.901038 -0.0473478 0.0669738 0.874045 1.177978 0.945402 1165.19
data/frame-001237.color.jpg 0.013219 0.0362504 0.877288 -0.478411 -0.136660 1.369850 0.672701 1165.19
data/frame-000563.color.jpg 0.361948 0.915885 -0.153663 0.0808475 0.279661 0.868498 1.083479 1165.19
data/frame-000516.color.jpg 0.419983 0.896279 0.136447 -0.0409931 0.892462 1.309887 0.704821 1165.19
data/frame-001238.color.jpg 0.0178161 0.0533881 0.872226 -0.485854 -0.134551 1.383822 0.649378 1165.19
data/frame-000564.color.jpg 0.365398 0.912412 -0.163785 0.0846315 0.222585 0.891666 1.057008 1165.19
data/frame-000543.color.jpg 0.376299 0.904264 -0.171198 0.106755 0.607517 0.830666 1.225868 1165.19
data/frame-001239.color.jpg 0.0260449 0.0695658 0.87366 -0.480832 -0.142347 1.382390 0.661741 1165.19
data/frame-000565.color.jpg 0.36435 0.913333 -0.162559 0.0815236 0.180660 0.909127 1.040412 1165.19
data/frame-000518.color.jpg 0.421814 0.899689 0.10977 -0.0241602 0.896917 1.298717 0.731003 1165.19
data/frame-001240.color.jpg 0.0421198 0.0885647 0.873396 -0.477035 -0.167503 1.377986 0.659121 1165.19
data/frame-000566.color.jpg 0.37378 0.91648 -0.12739 0.0642252 0.155821 0.942400 1.014229 1165.19
data/frame-000532.color.jpg 0.422327 0.89471 -0.108713 0.0965136 0.845141 1.113721 1.020669 1165.19
data/frame-001241.color.jpg 0.0629474 0.111674 0.866484 -0.482465 -0.198064 1.391618 0.621893 1165.19
data/frame-000567.color.jpg 0.374141 0.921488 -0.0875614 0.056668 0.094805 0.948971 1.022493 1165.19
data/frame-000533.color.jpg 0.425183 0.891661 -0.11902 0.0999684 0.833615 1.105851 1.022099 1165.19
data/frame-001242.color.jpg 0.0655822 0.124523 0.855213 -0.498802 -0.189573 1.430518 0.570531 1165.19
data/frame-000583.color.jpg 0.397734 0.906795 0.132096 -0.0456088 -0.271199 1.219121 0.774651 1165.19
data/frame-000534.color.jpg 0.422311 0.89241 -0.122676 0.101036 0.815880 1.095171 1.035621 1165.19
data/frame-001243.color.jpg 0.0816087 0.139898 0.851204 -0.49922 -0.210865 1.447557 0.554199 1165.19
data/frame-000569.color.jpg 0.376343 0.925894 -0.00449012 0.032644 -0.000147 0.949127 1.026348 1165.19
data/frame-000545.color.jpg 0.35082 0.911934 -0.187176 0.101329 0.578255 0.714438 1.270247 1165.19
data/frame-001254.color.jpg 0.0271454 0.0412238 0.769763 -0.636419 -0.225414 1.571948 0.221902 1165.19
data/frame-000580.color.jpg 0.416201 0.90146 0.113786 -0.0346405 -0.212697 1.189856 0.791470 1165.19
data/frame-000546.color.jpg 0.353517 0.909322 -0.193236 0.104015 0.563338 0.710798 1.275400 1165.19
data/frame-001255.color.jpg 0.0319232 0.0414507 0.767129 -0.639355 -0.236431 1.568518 0.209040 1165.19
data/frame-000598.color.jpg 0.437156 0.885978 0.14662 -0.049403 -0.445705 1.613628 0.220140 1165.19
data/frame-000547.color.jpg 0.345734 0.912253 -0.200805 0.0891056 0.590865 0.651165 1.275627 1165.19
data/frame-001256.color.jpg 0.0266166 0.0482275 0.763614 -0.643319 -0.210776 1.583425 0.193361 1165.19
data/frame-000600.color.jpg 0.42733 0.900842 0.076404 -0.00593085 -0.360973 1.657501 0.210839 1165.19
data/frame-000568.color.jpg 0.366293 0.928134 -0.0415631 0.0516726 0.023495 0.929914 1.038842 1165.19
data/frame-000550.color.jpg 0.307853 0.926691 -0.201289 0.0771581 0.588452 0.525507 1.290832 1165.19
data/frame-001259.color.jpg 0.0270797 0.0518711 0.781327 -0.621373 -0.217308 1.577826 0.261949 1165.19
data/frame-000585.color.jpg 0.376449 0.919165 0.108983 -0.0392937 -0.218722 1.296349 0.721160 1165.19
data/frame-000536.color.jpg 0.416525 0.891934 -0.141706 0.104308 0.765208 1.044777 1.079408 1165.19
data/frame-001258.color.jpg 0.027075 0.0492308 0.773493 -0.63131 -0.217434 1.584378 0.230444 1165.19
data/frame-000584.color.jpg 0.383768 0.914221 0.123697 -0.0402558 -0.256725 1.237610 0.764036 1165.19
data/frame-000544.color.jpg 0.358542 0.910071 -0.180189 0.103686 0.586618 0.753672 1.258321 1165.19
data/frame-001253.color.jpg 0.0265634 0.0387281 0.773205 -0.632415 -0.235760 1.568052 0.233958 1165.19
data/frame-000579.color.jpg 0.408882 0.907118 0.0949429 -0.0306229 -0.157371 1.167030 0.815157 1165.19
data/frame-000465.color.jpg 0.0302314 0.0391267 0.870606 -0.48949 -0.216761 1.292602 0.644743 1165.19
data/frame-001174.color.jpg 0.373353 0.773423 -0.439018 0.263982 0.126845 1.640610 0.281705 1165.19
data/frame-000530.color.jpg 0.422674 0.898899 -0.0824797 0.0807671 0.868527 1.134722 0.986142 1165.19
data/frame-001252.color.jpg 0.0313496 0.043688 0.776236 -0.628145 -0.239634 1.557522 0.240363 1165.19
data/frame-000578.color.jpg 0.407708 0.909088 0.0810726 -0.0275816 -0.118374 1.154760 0.829457 1165.19
data/frame-000542.color.jpg 0.380043 0.902561 -0.171571 0.107302 0.619402 0.853782 1.222422 1165.19
data/frame-001251.color.jpg 0.0353591 0.0466454 0.780632 -0.622244 -0.240328 1.556143 0.252448 1165.19
data/frame-000577.color.jpg 0.404389 0.911138 0.0769701 -0.0193027 -0.103910 1.134888 0.843426 1165.19
data/frame-000541.color.jpg 0.388067 0.899141 -0.170089 0.109636 0.633508 0.892684 1.206138 1165.19
data/frame-001250.color.jpg 0.0361781 0.0424824 0.783085 -0.619406 -0.252757 1.536643 0.257707 1165.19
data/frame-000576.color.jpg 0.40194 0.9134 0.0643549 -0.00168943 -0.115433 1.115661 0.867199 1165.19
data/frame-000540.color.jpg 0.393524 0.89691 -0.168305 0.111201 0.645764 0.918873 1.191721 1165.19
data/frame-001249.color.jpg 0.0458398 0.04795 0.792389 -0.606398 -0.275366 1.533743 0.292978 1165.19
data/frame-000589.color.jpg 0.404116 0.908036 0.0914793 -0.06158 -0.111309 1.514110 0.449714 1165.19
data/frame-000526.color.jpg 0.426837 0.90198 -0.0283759 0.0586195 0.871556 1.192464 0.923695 1165.19
data/frame-001248.color.jpg 0.059983 0.0752356 0.797787 -0.595213 -0.266231 1.527106 0.309274 1165.19
data/frame-000574.color.jpg 0.402446 0.914377 0.0441081 -0.00242073 -0.072132 1.104932 0.881841 1165.19
data/frame-000538.color.jpg 0.405389 0.894244 -0.155221 0.109059 0.697451 0.986089 1.141228 1165.19
data/frame-001247.color.jpg 0.0749979 0.0953941 0.808676 -0.575603 -0.256642 1.527868 0.346782 1165.19
data/frame-000573.color.jpg 0.395846 0.916788 0.0516198 -0.0119054 -0.029713 1.072927 0.902091 1165.19
data/frame-000537.color.jpg 0.408487 0.894203 -0.149941 0.105151 0.728435 1.005383 1.118562 1165.19
data/frame-001246.color.jpg 0.0748526 0.113676 0.808001 -0.573245 -0.225378 1.506727 0.340562 1165.19
data/frame-000586.color.jpg 0.377183 0.919586 0.0998548 -0.0460858 -0.178745 1.342888 0.682841 1165.19
data/frame-000549.color.jpg 0.313808 0.92474 -0.201112 0.077031 0.598229 0.540656 1.287910 1165.19
data/frame-001245.color.jpg 0.0929848 0.133077 0.830064 -0.533515 -0.240175 1.485781 0.441930 1165.19
data/frame-000571.color.jpg 0.384724 0.92265 0.0202079 0.0171963 -0.038297 0.997957 0.992306 1165.19
data/frame-000548.color.jpg 0.324432 0.920468 -0.202893 0.0794833 0.601527 0.572287 1.285682 1165.19
data/frame-001244.color.jpg 0.0994774 0.132515 0.844312 -0.509589 -0.266865 1.453940 0.508954 1165.19
data/frame-000570.color.jpg 0.38298 0.923334 0.018539 0.020897 -0.021409 0.976895 1.012428 1165.19
data/frame-000514.color.jpg 0.419986 0.891841 0.158112 -0.056854 0.901262 1.315432 0.686721 1165.19
data/frame-001223.color.jpg -0.104294 -0.307244 0.886984 -0.328608 0.044933 0.982994 1.067570 1165.19
data/frame-000513.color.jpg 0.419511 0.889708 0.168903 -0.0624665 0.898997 1.317247 0.680445 1165.19
data/frame-001222.color.jpg -0.100729 -0.350908 0.872703 -0.324201 0.001335 0.988894 1.070550 1165.19
data/frame-001257.color.jpg 0.025586 0.0494991 0.764328 -0.642416 -0.206435 1.584005 0.194918 1165.19
data/frame-000562.color.jpg 0.349047 0.915601 -0.179487 0.0873186 0.340329 0.795912 1.136862 1165.19
data/frame-000512.color.jpg 0.419522 0.887525 0.177522 -0.0691907 0.904486 1.318386 0.671092 1165.19
data/frame-001221.color.jpg -0.118437 -0.421473 0.843534 -0.3111 -0.018392 0.982148 1.077163 1165.19
data/frame-000511.color.jpg 0.414659 0.885427 0.192684 -0.0833674 0.912297 1.323081 0.651857 1165.19
data/frame-001220.color.jpg -0.141517 -0.48495 0.809373 -0.299519 -0.036384 0.969579 1.079569 1165.19
data/frame-000510.color.jpg 0.417991 0.880862 0.204405 -0.0870848 0.912927 1.338282 0.633419 1165.19
data/frame-001219.color.jpg -0.173591 -0.519777 0.775231 -0.314191 -0.046995 1.014398 1.034216 1165.19
data/frame-000509.color.jpg 0.415739 0.879666 0.21191 -0.0918827 0.916418 1.344872 0.625094 1165.19
data/frame-001218.color.jpg -0.22222 -0.567239 0.728714 -0.312785 -0.007777 1.052499 1.015858 1165.19
data/frame-000508.color.jpg 0.415126 0.878924 0.214943 -0.0946701 0.929243 1.351309 0.619635 1165.19
data/frame-001217.color.jpg -0.233772 -0.579767 0.71456 -0.314045 -0.004827 1.045040 1.033981 1165.19
data/frame-000507.color.jpg 0.414963 0.87793 0.218651 -0.0961052 0.930187 1.360680 0.613710 1165.19
data/frame-001216.color.jpg -0.239983 -0.576295 0.716168 -0.312082 0.006132 1.005029 1.076090 1165.19
data/frame-000506.color.jpg 0.411199 0.878661 0.22217 -0.0975218 0.933576 1.359078 0.614797 1165.19
data/frame-001215.color.jpg -0.239239 -0.586521 0.70868 -0.310694 -0.023928 0.988022 1.097678 1165.19
data/frame-000505.color.jpg 0.407098 0.879103 0.226039 -0.10176 0.941027 1.357079 0.608516 1165.19
data/frame-001214.color.jpg -0.237053 -0.604368 0.694221 -0.310809 -0.088581 0.980357 1.105543 1165.19
data/frame-000504.color.jpg 0.409577 0.877663 0.226491 -0.103228 0.945501 1.357367 0.601040 1165.19
data/frame-001213.color.jpg -0.233881 -0.618427 0.685422 -0.305032 -0.120708 0.953263 1.130382 1165.19
data/frame-000503.color.jpg 0.413691 0.875793 0.225572 -0.104708 0.952797 1.364060 0.590023 1165.19
data/frame-001212.color.jpg -0.233454 -0.637002 0.670917 -0.29933 -0.126237 0.926491 1.154816 1165.19
data/frame-000502.color.jpg 0.416968 0.873893 0.227126 -0.104228 0.949652 1.376656 0.582843 1165.19
data/frame-001211.color.jpg 0.24011 0.660497 -0.650827 0.287255 -0.087062 0.901706 1.179389 1165.19
data/frame-000501.color.jpg 0.415973 0.875522 0.222976 -0.103491 0.963359 1.368735 0.584513 1165.19
data/frame-001210.color.jpg 0.246622 0.693558 -0.620187 0.271152 -0.019903 0.876003 1.196010 1165.19
data/frame-000500.color.jpg 0.407669 0.87602 0.228547 -0.119005 0.977416 1.356476 0.568225 1165.19
data/frame-001209.color.jpg 0.256079 0.730473 -0.581005 0.251528 0.070562 0.873484 1.192590 1165.19
data/frame-000482.color.jpg 0.062242 0.0571745 0.762136 -0.641877 -0.409995 1.500409 0.159854 1165.19
data/frame-001191.color.jpg 0.369064 0.784978 -0.430984 0.248704 0.546803 2.073722 -0.104619 1165.19
data/frame-000498.color.jpg 0.394819 0.888009 0.221336 -0.081046 0.937116 1.330690 0.685054 1165.19
data/frame-001207.color.jpg 0.306085 0.801889 -0.465242 0.216416 0.162054 1.039309 1.070650 1165.19
data/frame-000496.color.jpg 0.385449 0.891864 0.225029 -0.0732701 0.918738 1.308351 0.726131 1165.19
data/frame-001205.color.jpg 0.326152 0.852425 -0.367725 0.178253 0.081825 1.124000 0.992229 1165.19
data/frame-000495.color.jpg 0.392881 0.890408 0.21833 -0.0717657 0.935240 1.299902 0.733008 1165.19
data/frame-001204.color.jpg 0.329432 0.858745 -0.350864 0.17586 0.060823 1.174018 0.942948 1165.19
data/frame-000494.color.jpg 0.385049 0.894006 0.218457 -0.0690391 0.953563 1.294860 0.759785 1165.19
data/frame-001203.color.jpg 0.328809 0.855083 -0.359309 0.177805 0.100586 1.237390 0.874325 1165.19
data/frame-000493.color.jpg 0.382523 0.896975 0.209691 -0.0717095 0.990932 1.261766 0.776364 1165.19
