data/frame-000263.color.jpg 0.0977462 0.134252 0.93178 -0.322814 -1.18012 3.64691 -1.20849
data/frame-000274.color.jpg 0.130524 0.260783 0.909229 -0.297082 -0.139976 3.85087 -1.10526
data/frame-000012.color.jpg 0.433528 0.546886 0.587344 -0.409873 0.479803 2.58167 -1.41032
data/frame-000023.color.jpg 0.395857 0.532948 0.643429 -0.381134 0.236526 2.65942 -1.14936
data/frame-000168.color.jpg 0.410396 0.712851 0.515942 -0.239211 3.1153 2.19206 -0.187454
data/frame-000225.color.jpg 0.290072 0.442523 0.781712 -0.330088 1.25587 3.30027 -1.55066
data/frame-000236.color.jpg 0.196485 0.291274 0.834718 -0.424027 -0.00107471 3.29254 -2.22564
data/frame-000110.color.jpg 0.464987 0.624753 0.552933 -0.296201 2.22949 2.51648 -0.835799
data/frame-000042.color.jpg 0.407219 0.61739 0.54109 -0.40028 1.29937 2.34477 -1.15166
data/frame-000198.color.jpg 0.325539 0.606615 0.676239 -0.262189 2.25264 2.8484 -0.682483
data/frame-000167.color.jpg 0.413802 0.70605 0.520683 -0.24321 3.06843 2.22315 -0.231489
data/frame-000323.color.jpg 0.00272454 -0.0224405 0.926667 -0.375204 -1.63343 2.88173 -0.934395
data/frame-000072.color.jpg 0.425129 0.71994 0.491044 -0.244597 1.98658 2.17972 -0.220533
data/frame-000255.color.jpg 0.115229 0.212978 0.904251 -0.351701 -0.573899 3.5025 -1.36362
data/frame-000004.color.jpg 0.430339 0.544828 0.587919 -0.415117 0.458278 2.55961 -1.41358
data/frame-000151.color.jpg 0.335018 0.599756 0.664276 -0.294606 2.11367 2.67157 -0.790653
data/frame-000129.color.jpg 0.376415 0.658653 0.608582 -0.232628 2.00971 2.56367 -0.263986
data/frame-000140.color.jpg 0.324452 0.637252 0.64822 -0.261634 2.09884 2.57262 -0.472374
data/frame-000285.color.jpg 0.115011 0.259587 0.899527 -0.332022 -0.205044 3.55087 -1.17635
data/frame-000208.color.jpg 0.276026 0.50947 0.769239 -0.269299 1.40418 3.15382 -0.839367
data/frame-000342.color.jpg -0.0596577 -0.174987 0.929979 -0.317742 -2.17496 2.44475 -0.28384
data/frame-000353.color.jpg -0.0711639 -0.239089 0.907999 -0.336616 -2.24492 2.28448 -0.378421
data/frame-000091.color.jpg 0.498948 0.687889 0.476663 -0.22506 2.28168 2.37423 -0.324934
data/frame-000102.color.jpg 0.464592 0.683019 0.51055 -0.238701 2.42453 2.4266 -0.357176
data/frame-000159.color.jpg 0.385123 0.588572 0.638786 -0.311796 2.15446 2.71551 -1.0768
data/frame-000170.color.jpg 0.407193 0.717037 0.513966 -0.23641 3.15278 2.18315 -0.17004
data/frame-000304.color.jpg 0.0940413 0.213852 0.917972 -0.320547 -0.287529 3.31357 -0.929879
data/frame-000315.color.jpg 0.0448835 0.096342 0.939445 -0.325801 -0.902337 3.14209 -0.805327
data/frame-000053.color.jpg 0.47697 0.691175 0.455488 -0.295478 1.91536 2.23442 -0.643663
data/frame-000064.color.jpg 0.43269 0.70953 0.488922 -0.265145 1.88077 2.21947 -0.360443
data/frame-000121.color.jpg 0.430461 0.626883 0.591544 -0.26795 2.07414 2.64748 -0.64802
data/frame-000132.color.jpg 0.346929 0.653146 0.631978 -0.231612 1.92585 2.57514 -0.250875
data/frame-000266.color.jpg 0.104209 0.120325 0.934851 -0.317359 -1.30514 3.65754 -1.21677
data/frame-000277.color.jpg 0.138277 0.295123 0.902086 -0.282882 0.129241 3.82342 -0.974482
data/frame-000015.color.jpg 0.431932 0.547697 0.596494 -0.397061 0.473932 2.61096 -1.35251
data/frame-000026.color.jpg 0.392355 0.52245 0.650339 -0.387508 0.163753 2.61543 -1.15731
data/frame-000334.color.jpg -0.033646 -0.165391 0.905178 -0.390086 -2.34842 2.32882 -0.664543
data/frame-000345.color.jpg -0.0594002 -0.150183 0.936263 -0.311976 -1.96756 2.57193 -0.315018
data/frame-000083.color.jpg 0.437207 0.695648 0.508564 -0.257463 2.1598 2.2559 -0.375875
data/frame-000094.color.jpg 0.510943 0.695496 0.458973 -0.211107 2.40034 2.35449 -0.206003
data/frame-000228.color.jpg 0.263429 0.427841 0.787463 -0.357015 1.15841 3.30325 -1.75933
data/frame-000239.color.jpg 0.178404 0.266303 0.838523 -0.440606 -0.172249 3.22583 -2.26177
data/frame-000122.color.jpg 0.426317 0.634274 0.589931 -0.260637 2.07853 2.6375 -0.575624
data/frame-000296.color.jpg 0.0747347 0.173122 0.911012 -0.366742 -0.646796 3.2668 -1.18796
data/frame-000307.color.jpg 0.0964031 0.22563 0.921159 -0.302097 -0.206261 3.33315 -0.82203
data/frame-000034.color.jpg 0.419459 0.595363 0.564027 -0.389192 0.93346 2.45912 -1.1561
data/frame-000045.color.jpg 0.443293 0.603531 0.543976 -0.378592 1.23892 2.3814 -1.21468
data/frame-000056.color.jpg 0.466801 0.715546 0.446001 -0.266785 2.00609 2.18803 -0.392917
data/frame-000190.color.jpg 0.347451 0.63302 0.632098 -0.281098 2.6105 2.67054 -0.789553
data/frame-000113.color.jpg 0.463543 0.617924 0.562028 -0.295673 2.18272 2.55156 -0.853773
data/frame-000247.color.jpg 0.172874 0.25911 0.84705 -0.430678 -0.134081 3.17991 -2.04866
data/frame-000258.color.jpg 0.101904 0.187531 0.918387 -0.333186 -0.767479 3.59278 -1.22953
data/frame-000269.color.jpg 0.114385 0.134506 0.935385 -0.306396 -1.2171 3.70689 -1.1742
data/frame-000007.color.jpg 0.4324 0.547123 0.585632 -0.413185 0.472312 2.56675 -1.41803
data/frame-000018.color.jpg 0.420484 0.543531 0.61323 -0.389507 0.402206 2.64108 -1.28771
data/frame-000326.color.jpg -0.0112919 -0.0823473 0.908032 -0.410572 -1.99438 2.6271 -1.01637
data/frame-000075.color.jpg 0.431592 0.723298 0.48406 -0.23718 2.11718 2.14733 -0.144252
data/frame-000209.color.jpg 0.271788 0.497692 0.778274 -0.269671 1.31988 3.1818 -0.850035
data/frame-000220.color.jpg 0.280026 0.429368 0.794846 -0.324729 1.01947 3.25169 -1.40902
data/frame-000356.color.jpg -0.081994 -0.222883 0.908337 -0.344275 -2.10805 2.40929 -0.439914
data/frame-000288.color.jpg 0.0991853 0.232625 0.901842 -0.350327 -0.397853 3.44479 -1.22744
data/frame-000037.color.jpg 0.414412 0.611234 0.556456 -0.380806 1.09179 2.44831 -1.07421
data/frame-000162.color.jpg 0.406594 0.645539 0.577036 -0.291531 2.65003 2.46392 -0.767153
data/frame-000250.color.jpg 0.158564 0.251563 0.86461 -0.404997 -0.237326 3.27882 -1.83041
data/frame-000124.color.jpg 0.40971 0.645068 0.595141 -0.24866 2.05455 2.62128 -0.455665
data/frame-000135.color.jpg 0.323314 0.65028 0.643584 -0.24167 1.91895 2.55963 -0.30754
data/frame-000192.color.jpg 0.343476 0.630527 0.636283 -0.282141 2.58165 2.67021 -0.789274
data/frame-000203.color.jpg 0.309273 0.575693 0.709054 -0.264896 1.93091 2.95168 -0.739572
data/frame-000337.color.jpg -0.0469288 -0.196898 0.914814 -0.349492 -2.44163 2.25911 -0.376739
data/frame-000348.color.jpg -0.0583731 -0.146375 0.934758 -0.318424 -1.86148 2.58967 -0.390421
data/frame-000086.color.jpg 0.467086 0.68085 0.499336 -0.262561 2.17449 2.30333 -0.521493
data/frame-000097.color.jpg 0.490902 0.705573 0.47143 -0.197322 2.44002 2.3906 -0.0775378
data/frame-000231.color.jpg 0.239843 0.367023 0.812512 -0.384179 0.639909 3.36328 -2.01902
data/frame-000154.color.jpg 0.352296 0.575258 0.664619 -0.321321 2.00459 2.71576 -1.07414
data/frame-000165.color.jpg 0.416828 0.683964 0.537494 -0.263718 2.93197 2.2994 -0.437082
data/frame-000310.color.jpg 0.084058 0.200279 0.92758 -0.304002 -0.338982 3.30242 -0.805331
data/frame-000299.color.jpg 0.0854919 0.176334 0.906344 -0.37435 -0.573288 3.22604 -1.25101
data/frame-000048.color.jpg 0.456822 0.611128 0.535519 -0.362017 1.32163 2.38803 -1.1737
data/frame-000193.color.jpg 0.339073 0.629311 0.640826 -0.279892 2.55766 2.68432 -0.771333
data/frame-000105.color.jpg 0.458227 0.662186 0.528617 -0.268517 2.37481 2.4483 -0.569001
data/frame-000116.color.jpg 0.445949 0.616685 0.582022 -0.286495 2.11359 2.62166 -0.801172
data/frame-000127.color.jpg 0.389998 0.659261 0.59896 -0.233502 2.04285 2.57135 -0.290729
data/frame-000261.color.jpg 0.0966609 0.148014 0.926532 -0.332096 -1.07032 3.6136 -1.24047
data/frame-000010.color.jpg 0.43127 0.546976 0.586667 -0.413091 0.472422 2.57533 -1.41643
data/frame-000184.color.jpg 0.363962 0.63459 0.617118 -0.289814 2.70264 2.62995 -0.864628
data/frame-000318.color.jpg 0.0223314 0.046824 0.939975 -0.337277 -1.20188 3.06526 -0.801708
data/frame-000329.color.jpg -0.0221449 -0.11834 0.896508 -0.426355 -2.17721 2.45811 -0.990131
data/frame-000340.color.jpg -0.0541182 -0.207152 0.921106 -0.32515 -2.44184 2.24991 -0.244138
data/frame-000067.color.jpg 0.431664 0.701899 0.498174 -0.269864 1.82241 2.22365 -0.413802
data/frame-000078.color.jpg 0.432575 0.72123 0.486345 -0.237012 2.17214 2.13652 -0.127251
data/frame-000089.color.jpg 0.489778 0.68234 0.490538 -0.232167 2.20062 2.38887 -0.387297
data/frame-000212.color.jpg 0.258745 0.441323 0.80353 -0.304343 0.980797 3.21285 -1.11674
data/frame-000223.color.jpg 0.288128 0.444579 0.781132 -0.330402 1.24127 3.2734 -1.5138
data/frame-000146.color.jpg 0.327253 0.624447 0.654766 -0.272494 2.18074 2.60336 -0.578896
data/frame-000280.color.jpg 0.140064 0.304303 0.889392 -0.311069 0.215693 3.70571 -1.14182
data/frame-000291.color.jpg 0.0769531 0.189784 0.91005 -0.360375 -0.650908 3.3441 -1.18685
data/frame-000029.color.jpg 0.404336 0.544354 0.629502 -0.379365 0.342304 2.59303 -1.14441
data/frame-000040.color.jpg 0.401161 0.617109 0.550906 -0.393381 1.22098 2.39932 -1.09826
data/frame-000174.color.jpg 0.401968 0.694016 0.533499 -0.268594 3.11923 2.24882 -0.488722
data/frame-000185.color.jpg 0.363506 0.634529 0.617915 -0.288822 2.69767 2.63461 -0.857669
data/frame-000108.color.jpg 0.463595 0.635003 0.544972 -0.291301 2.27646 2.48901 -0.776707
data/frame-000242.color.jpg 0.176022 0.246194 0.8435 -0.443748 -0.277558 3.17537 -2.23144
data/frame-000253.color.jpg 0.133983 0.222343 0.89358 -0.366233 -0.502363 3.42353 -1.50838
data/frame-000002.color.jpg 0.437053 0.548609 0.582589 -0.410613 0.495573 2.55225 -1.40777
data/frame-000059.color.jpg 0.455757 0.712546 0.460391 -0.269451 1.97522 2.19372 -0.389179
data/frame-000070.color.jpg 0.430812 0.704331 0.500946 -0.259561 1.84847 2.22107 -0.356013
data/frame-000204.color.jpg 0.302542 0.567118 0.718321 -0.266196 1.85263 2.98106 -0.75899
data/frame-000215.color.jpg 0.263503 0.417713 0.811929 -0.311213 0.849911 3.2339 -1.21089
data/frame-000272.color.jpg 0.134862 0.209403 0.922386 -0.295239 -0.597093 3.83539 -1.14213
data/frame-000021.color.jpg 0.411372 0.534774 0.631882 -0.381464 0.287062 2.6518 -1.21518
data/frame-000157.color.jpg 0.365222 0.566633 0.663486 -0.324539 1.95514 2.76341 -1.18405
data/frame-000302.color.jpg 0.0906236 0.19216 0.90959 -0.357083 -0.441136 3.2585 -1.14855
data/frame-000051.color.jpg 0.470364 0.66424 0.484694 -0.320335 1.72516 2.30718 -0.860664
data/frame-000234.color.jpg 0.215389 0.317798 0.828095 -0.408498 0.216948 3.33345 -2.16836
data/frame-000119.color.jpg 0.43681 0.62034 0.588754 -0.278824 2.09269 2.63877 -0.736656
data/frame-000264.color.jpg 0.0999044 0.127698 0.933461 -0.319941 -1.23445 3.65139 -1.20437
data/frame-000176.color.jpg 0.392325 0.671322 0.56029 -0.285453 3.01278 2.36635 -0.699361
data/frame-000187.color.jpg 0.357763 0.634032 0.622548 -0.287129 2.66796 2.64497 -0.84153
data/frame-000321.color.jpg 0.00987905 -0.00229994 0.932443 -0.361174 -1.5045 2.94885 -0.883804
data/frame-000332.color.jpg -0.0251329 -0.147608 0.900863 -0.407463 -2.28583 2.36703 -0.816285
data/frame-000081.color.jpg 0.426213 0.705864 0.510098 -0.244741 2.15446 2.23357 -0.233876
data/frame-000138.color.jpg 0.308943 0.643675 0.655096 -0.247156 2.00102 2.58829 -0.3631
data/frame-000149.color.jpg 0.322038 0.612187 0.666487 -0.278053 2.14126 2.6587 -0.644934
data/frame-000160.color.jpg 0.394982 0.608659 0.616677 -0.305341 2.33889 2.63192 -0.982008
data/frame-000283.color.jpg 0.136837 0.282808 0.896373 -0.312748 -0.0137416 3.63724 -1.11811
data/frame-000294.color.jpg 0.0703139 0.178442 0.913096 -0.359819 -0.667564 3.3113 -1.1439
data/frame-000043.color.jpg 0.418589 0.617386 0.544912 -0.382999 1.2874 2.38556 -1.12542
data/frame-000032.color.jpg 0.407729 0.573868 0.599188 -0.381321 0.638576 2.54919 -1.12803
data/frame-000217.color.jpg 0.264783 0.411303 0.812543 -0.317008 0.818016 3.26652 -1.29571
data/frame-000351.color.jpg -0.0622928 -0.205948 0.918414 -0.331995 -2.10774 2.39684 -0.420175
data/frame-000100.color.jpg 0.475197 0.697748 0.492824 -0.210854 2.43976 2.41961 -0.167746
data/frame-000111.color.jpg 0.465744 0.62193 0.555656 -0.295859 2.21131 2.53105 -0.843682
data/frame-000245.color.jpg 0.179034 0.25309 0.845644 -0.434487 -0.184423 3.17878 -2.12168
data/frame-000256.color.jpg 0.114187 0.212708 0.906118 -0.347373 -0.578189 3.51895 -1.33283
data/frame-000005.color.jpg 0.431751 0.545451 0.585763 -0.415881 0.467715 2.55586 -1.42265
data/frame-000179.color.jpg 0.384852 0.652858 0.582732 -0.293408 2.89821 2.47282 -0.824362
data/frame-000313.color.jpg 0.0602273 0.140858 0.933825 -0.323269 -0.649052 3.20441 -0.847404
data/frame-000324.color.jpg -0.00178092 -0.0389351 0.919656 -0.390786 -1.73749 2.81225 -0.998362
data/frame-000062.color.jpg 0.449723 0.70809 0.476056 -0.264063 1.91422 2.21661 -0.367679
data/frame-000073.color.jpg 0.429871 0.72252 0.484796 -0.241139 2.05182 2.15584 -0.184121
data/frame-000207.color.jpg 0.279819 0.527165 0.755288 -0.270811 1.53627 3.10477 -0.828986
data/frame-000218.color.jpg 0.270763 0.415016 0.807731 -0.319405 0.866376 3.26681 -1.33299
data/frame-000130.color.jpg 0.364409 0.655522 0.619703 -0.231226 1.96429 2.57523 -0.253054
data/frame-000275.color.jpg 0.127635 0.26938 0.906748 -0.298249 -0.065422 3.84054 -1.09599
data/frame-000286.color.jpg 0.107117 0.250151 0.899696 -0.341317 -0.279306 3.50844 -1.20976
data/frame-000013.color.jpg 0.435717 0.54849 0.588602 -0.403556 0.48992 2.58948 -1.38869
data/frame-000024.color.jpg 0.387298 0.530366 0.649107 -0.383891 0.205797 2.6605 -1.12978
data/frame-000035.color.jpg 0.422054 0.601265 0.55731 -0.386983 1.00114 2.44577 -1.13859
data/frame-000169.color.jpg 0.406527 0.7155 0.515889 -0.238022 3.13391 2.18478 -0.179803
data/frame-000343.color.jpg -0.0623567 -0.167399 0.931634 -0.31646 -2.11868 2.4855 -0.286655
data/frame-000092.color.jpg 0.504312 0.689498 0.470719 -0.22065 2.31751 2.37269 -0.291921
data/frame-000226.color.jpg 0.283128 0.442092 0.78301 -0.333599 1.25592 3.30937 -1.57559
data/frame-000237.color.jpg 0.18876 0.282469 0.835743 -0.43141 -0.0664777 3.26749 -2.24793
data/frame-000248.color.jpg 0.167149 0.255959 0.853451 -0.422098 -0.174054 3.21388 -1.9707
data/frame-000305.color.jpg 0.0983798 0.220148 0.918945 -0.312085 -0.248419 3.32128 -0.888254
data/frame-000054.color.jpg 0.475421 0.703742 0.447903 -0.279473 1.96335 2.22719 -0.516352
data/frame-000188.color.jpg 0.354835 0.632666 0.625722 -0.286877 2.64459 2.65124 -0.839885
data/frame-000199.color.jpg 0.330025 0.599638 0.679092 -0.26524 2.19611 2.85741 -0.719284
data/frame-000210.color.jpg 0.266949 0.482488 0.787569 -0.275096 1.225 3.20532 -0.892697
data/frame-000335.color.jpg -0.03503 -0.174155 0.907724 -0.380105 -2.38016 2.30635 -0.5947
data/frame-000267.color.jpg 0.106309 0.119218 0.933444 -0.321197 -1.31831 3.64958 -1.24945
data/frame-000016.color.jpg 0.430331 0.547951 0.600029 -0.393104 0.466287 2.62232 -1.331
data/frame-000141.color.jpg 0.325516 0.633992 0.650528 -0.262501 2.11447 2.58698 -0.487332
data/frame-000152.color.jpg 0.342989 0.584886 0.665446 -0.312166 2.04561 2.70596 -0.968332
data/frame-000229.color.jpg 0.254739 0.409295 0.797811 -0.362055 0.99491 3.35193 -1.82235
data/frame-000354.color.jpg -0.0679325 -0.243927 0.90449 -0.343193 -2.25806 2.26302 -0.424507
data/frame-000103.color.jpg 0.460103 0.679004 0.516977 -0.244936 2.41216 2.43381 -0.397306
data/frame-000114.color.jpg 0.458631 0.615537 0.568584 -0.295778 2.15724 2.56798 -0.860996
data/frame-000171.color.jpg 0.408406 0.710648 0.514347 -0.252253 3.17206 2.16427 -0.298614
data/frame-000182.color.jpg 0.374448 0.640945 0.601977 -0.294282 2.79542 2.56076 -0.874134
data/frame-000327.color.jpg -0.0136836 -0.09691 0.903694 -0.416844 -2.07339 2.55707 -1.01474
data/frame-000316.color.jpg 0.0375362 0.0812073 0.94209 -0.323206 -0.994148 3.12645 -0.76771
data/frame-000076.color.jpg 0.432484 0.722457 0.484399 -0.237426 2.13955 2.14123 -0.140267
data/frame-000065.color.jpg 0.435604 0.705987 0.492815 -0.262611 1.84582 2.22972 -0.370855
data/frame-000133.color.jpg 0.332576 0.655148 0.638187 -0.22998 1.9193 2.56987 -0.227873
data/frame-000144.color.jpg 0.329834 0.629217 0.650928 -0.267558 2.16201 2.59387 -0.534813
data/frame-000278.color.jpg 0.145048 0.304487 0.896352 -0.287755 0.210447 3.7889 -1.00661
data/frame-000289.color.jpg 0.0920948 0.214811 0.905306 -0.354678 -0.515086 3.40375 -1.22013
data/frame-000027.color.jpg 0.392876 0.524346 0.648923 -0.386792 0.176343 2.61478 -1.15573
data/frame-000201.color.jpg 0.324016 0.591899 0.690682 -0.260054 2.08726 2.90249 -0.689432
data/frame-000346.color.jpg -0.0627058 -0.147587 0.936629 -0.311469 -1.9232 2.59281 -0.314449
data/frame-000084.color.jpg 0.448401 0.691462 0.504984 -0.25653 2.16514 2.27878 -0.418004
data/frame-000095.color.jpg 0.503584 0.701759 0.461323 -0.202776 2.41963 2.36464 -0.132722
data/frame-000106.color.jpg 0.459791 0.654992 0.532393 -0.275926 2.35406 2.457 -0.63057
data/frame-000240.color.jpg 0.174859 0.257518 0.840681 -0.443131 -0.224507 3.20752 -2.2551
data/frame-000163.color.jpg 0.412527 0.661539 0.561517 -0.277283 2.76257 2.41255 -0.616777
data/frame-000297.color.jpg 0.0776774 0.172997 0.909604 -0.369675 -0.62936 3.25247 -1.20839
data/frame-000308.color.jpg 0.0916833 0.223848 0.922691 -0.300214 -0.210194 3.3318 -0.799531
data/frame-000319.color.jpg 0.0128643 0.0251713 0.937203 -0.347638 -1.33057 3.02072 -0.824607
data/frame-000046.color.jpg 0.449011 0.604613 0.545126 -0.368333 1.24796 2.40362 -1.19223
data/frame-000057.color.jpg 0.462357 0.713064 0.451539 -0.271807 1.99816 2.18214 -0.411562
data/frame-000068.color.jpg 0.426676 0.699087 0.508915 -0.26501 1.78062 2.25 -0.397007
data/frame-000202.color.jpg 0.316085 0.582661 0.70092 -0.263263 1.99775 2.92918 -0.719925
data/frame-000125.color.jpg 0.40374 0.651586 0.597357 -0.235784 2.03598 2.62051 -0.354426
data/frame-000259.color.jpg 0.0950257 0.166718 0.922289 -0.335498 -0.92383 3.59415 -1.23505
data/frame-000270.color.jpg 0.12434 0.158971 0.933437 -0.296587 -1.02397 3.76725 -1.13804
data/frame-000281.color.jpg 0.134375 0.299447 0.888317 -0.321196 0.172668 3.66787 -1.19188
data/frame-000008.color.jpg 0.432559 0.54715 0.585867 -0.412649 0.472565 2.56912 -1.41711
data/frame-000019.color.jpg 0.417786 0.540456 0.61953 -0.38671 0.363099 2.64615 -1.2669
data/frame-000030.color.jpg 0.407387 0.554005 0.620068 -0.377663 0.429214 2.58478 -1.13665
data/frame-000164.color.jpg 0.416432 0.674153 0.547398 -0.269179 2.85947 2.35207 -0.511968
data/frame-000338.color.jpg -0.0498505 -0.198479 0.915383 -0.346692 -2.44406 2.25964 -0.352706
data/frame-000087.color.jpg 0.475144 0.676439 0.499837 -0.25852 2.16036 2.33357 -0.529801
data/frame-000221.color.jpg 0.283332 0.443905 0.786814 -0.321861 1.16664 3.27246 -1.41701
data/frame-000232.color.jpg 0.233569 0.350792 0.81746 -0.392619 0.501181 3.35572 -2.08227
data/frame-000243.color.jpg 0.175742 0.246695 0.844951 -0.44081 -0.260231 3.17706 -2.19341
data/frame-000300.color.jpg 0.0904632 0.181795 0.908052 -0.366344 -0.526931 3.23982 -1.20833
data/frame-000038.color.jpg 0.407485 0.615238 0.556793 -0.381339 1.13669 2.44531 -1.05721
data/frame-000049.color.jpg 0.463132 0.624192 0.524012 -0.348288 1.41893 2.38546 -1.09468
data/frame-000183.color.jpg 0.368204 0.636771 0.611324 -0.291945 2.73954 2.60376 -0.872803
data/frame-000194.color.jpg 0.338936 0.627547 0.642655 -0.279825 2.53779 2.68818 -0.763254
data/frame-000251.color.jpg 0.139907 0.232311 0.885127 -0.378163 -0.420867 3.38375 -1.6038
data/frame-000262.color.jpg 0.0966861 0.143548 0.929702 -0.325114 -1.10841 3.63993 -1.20614
data/frame-000000.color.jpg 0.437931 0.552554 0.584623 -0.401393 0.498175 2.56998 -1.36918
data/frame-000011.color.jpg 0.432256 0.546699 0.586685 -0.412403 0.474172 2.57566 -1.4176
data/frame-000136.color.jpg 0.310396 0.645095 0.65155 -0.250977 1.94399 2.56592 -0.374865
data/frame-000147.color.jpg 0.323729 0.621565 0.658588 -0.274078 2.17736 2.61739 -0.596291
data/frame-000224.color.jpg 0.288596 0.442537 0.781792 -0.331171 1.2436 3.28816 -1.54171
data/frame-000349.color.jpg -0.0464453 -0.149963 0.935752 -0.315787 -1.85798 2.58279 -0.41433
data/frame-000098.color.jpg 0.487322 0.702736 0.477312 -0.202119 2.44387 2.39808 -0.109729
data/frame-000155.color.jpg 0.356717 0.568386 0.665617 -0.326564 1.96721 2.73343 -1.1469
data/frame-000166.color.jpg 0.417574 0.693382 0.530349 -0.252157 2.98504 2.28013 -0.329931
data/frame-000177.color.jpg 0.39155 0.668966 0.562688 -0.287325 3.00059 2.37645 -0.72115
data/frame-000311.color.jpg 0.0760181 0.180851 0.929634 -0.311922 -0.440262 3.2728 -0.831218
data/frame-000060.color.jpg 0.453471 0.708055 0.468828 -0.270597 1.94569 2.19958 -0.396247
data/frame-000117.color.jpg 0.442498 0.616955 0.584611 -0.285994 2.10877 2.62671 -0.794141
data/frame-000128.color.jpg 0.382329 0.661248 0.60305 -0.230014 2.0306 2.56458 -0.25152
data/frame-000139.color.jpg 0.313689 0.642087 0.65165 -0.254313 2.04239 2.5781 -0.411073
data/frame-000273.color.jpg 0.139728 0.243425 0.913736 -0.293781 -0.300646 3.85369 -1.12156
data/frame-000022.color.jpg 0.404554 0.535199 0.636179 -0.381018 0.274046 2.65641 -1.18402
data/frame-000196.color.jpg 0.331847 0.616227 0.659617 -0.273948 2.39916 2.76414 -0.739789
data/frame-000330.color.jpg -0.0262558 -0.126197 0.897778 -0.421164 -2.20373 2.44148 -0.927895
data/frame-000341.color.jpg -0.0580004 -0.20459 0.922443 -0.3223 -2.39373 2.28228 -0.233516
data/frame-000352.color.jpg -0.0666943 -0.226117 0.912018 -0.335627 -2.19777 2.3202 -0.403557
data/frame-000079.color.jpg 0.432568 0.716288 0.490034 -0.244301 2.19432 2.13685 -0.173064
data/frame-000090.color.jpg 0.492504 0.68537 0.48554 -0.227943 2.23338 2.38851 -0.353952
data/frame-000101.color.jpg 0.467715 0.689644 0.504915 -0.225153 2.4298 2.43447 -0.267678
data/frame-000235.color.jpg 0.203071 0.299634 0.832698 -0.419041 0.0675796 3.30493 -2.21139
data/frame-000158.color.jpg 0.374448 0.577337 0.651744 -0.318906 2.05041 2.74744 -1.14053
data/frame-000292.color.jpg 0.072366 0.184405 0.9117 -0.359945 -0.667774 3.33154 -1.16227
data/frame-000303.color.jpg 0.0922166 0.211538 0.917291 -0.324539 -0.303198 3.30944 -0.95076
data/frame-000314.color.jpg 0.0514177 0.119329 0.935628 -0.328202 -0.767992 3.16998 -0.847141
data/frame-000041.color.jpg 0.404523 0.615627 0.545351 -0.399946 1.25853 2.36429 -1.14141
data/frame-000052.color.jpg 0.474053 0.67795 0.468736 -0.309748 1.83288 2.26267 -0.762394
data/frame-000186.color.jpg 0.360238 0.634231 0.620898 -0.287169 2.67845 2.64379 -0.844109
data/frame-000197.color.jpg 0.32694 0.609095 0.669981 -0.270627 2.31071 2.80775 -0.733521
data/frame-000109.color.jpg 0.463694 0.629326 0.549958 -0.294078 2.24836 2.50548 -0.809607
data/frame-000120.color.jpg 0.433654 0.622941 0.590397 -0.274444 2.08406 2.64423 -0.700453
data/frame-000254.color.jpg 0.12398 0.216001 0.901372 -0.35426 -0.55256 3.47663 -1.40198
data/frame-000265.color.jpg 0.101942 0.124283 0.93464 -0.317191 -1.26699 3.65849 -1.19961
data/frame-000003.color.jpg 0.429841 0.543611 0.588987 -0.415716 0.448885 2.55745 -1.41463
data/frame-000014.color.jpg 0.433213 0.550449 0.590762 -0.400415 0.499522 2.60258 -1.36618
data/frame-000148.color.jpg 0.321803 0.618467 0.661867 -0.275453 2.16635 2.63214 -0.612141
data/frame-000322.color.jpg 0.00422862 -0.016011 0.929086 -0.369494 -1.59306 2.9074 -0.910175
data/frame-000333.color.jpg -0.0312193 -0.154975 0.902196 -0.401311 -2.31071 2.35429 -0.749471
data/frame-000071.color.jpg 0.425621 0.715849 0.495497 -0.246759 1.94036 2.19834 -0.246736
data/frame-000082.color.jpg 0.426715 0.702585 0.510675 -0.251993 2.16047 2.23883 -0.294064
data/frame-000216.color.jpg 0.264904 0.411166 0.813862 -0.313682 0.810484 3.26325 -1.26067
data/frame-000227.color.jpg 0.278172 0.440889 0.783282 -0.338683 1.25642 3.31451 -1.62104
data/frame-000284.color.jpg 0.118049 0.262344 0.899756 -0.328144 -0.184613 3.56458 -1.15972
data/frame-000295.color.jpg 0.0714954 0.172962 0.912506 -0.363737 -0.667223 3.28257 -1.16255
data/frame-000033.color.jpg 0.410213 0.582721 0.583764 -0.389078 0.767902 2.5061 -1.15696
data/frame-000044.color.jpg 0.431516 0.609181 0.54322 -0.384195 1.26217 2.37329 -1.19152
data/frame-000178.color.jpg 0.385762 0.654162 0.581149 -0.292447 2.90578 2.46698 -0.813934
data/frame-000189.color.jpg 0.351048 0.633295 0.629914 -0.280912 2.62302 2.67006 -0.79384
data/frame-000246.color.jpg 0.176084 0.257883 0.845013 -0.434102 -0.14194 3.17663 -2.09394
data/frame-000131.color.jpg 0.356028 0.65417 0.626313 -0.2303 1.94023 2.5802 -0.246007
data/frame-000063.color.jpg 0.445084 0.708549 0.48034 -0.26293 1.90039 2.21879 -0.358953
data/frame-000344.color.jpg -0.0614313 -0.155127 0.934799 -0.31355 -2.02499 2.54776 -0.301936
data/frame-000093.color.jpg 0.510291 0.69177 0.462643 -0.216838 2.36739 2.36018 -0.257082
data/frame-000025.color.jpg 0.384324 0.526089 0.650246 -0.390775 0.187048 2.64324 -1.14932
data/frame-000150.color.jpg 0.328533 0.608632 0.664615 -0.282702 2.14539 2.66972 -0.687188
data/frame-000161.color.jpg 0.400695 0.632559 0.59217 -0.297736 2.54176 2.53008 -0.854014
data/frame-000172.color.jpg 0.4073 0.709419 0.516122 -0.253869 3.16801 2.17076 -0.316559
data/frame-000306.color.jpg 0.0953244 0.22413 0.918975 -0.310104 -0.218448 3.32587 -0.869775
data/frame-000055.color.jpg 0.470495 0.715244 0.442698 -0.266607 2.00518 2.19851 -0.400392
data/frame-000112.color.jpg 0.465744 0.618628 0.558683 -0.297077 2.19401 2.53787 -0.860246
data/frame-000123.color.jpg 0.418894 0.638879 0.591957 -0.256806 2.06859 2.62147 -0.530025
data/frame-000257.color.jpg 0.110717 0.207432 0.909679 -0.342341 -0.619254 3.5437 -1.296
data/frame-000268.color.jpg 0.110479 0.123895 0.934238 -0.315664 -1.28954 3.66888 -1.22497
data/frame-000006.color.jpg 0.433959 0.54515 0.583784 -0.416759 0.472117 2.54986 -1.43651
data/frame-000180.color.jpg 0.38165 0.646983 0.590689 -0.294692 2.85585 2.50913 -0.85441
data/frame-000191.color.jpg 0.345624 0.631925 0.633898 -0.281758 2.59805 2.67057 -0.790163
data/frame-000325.color.jpg -0.0101876 -0.0715448 0.910425 -0.407313 -1.93246 2.67537 -1.02038
data/frame-000336.color.jpg -0.0374317 -0.182167 0.910273 -0.369888 -2.40845 2.28592 -0.525297
data/frame-000074.color.jpg 0.430548 0.723619 0.483232 -0.239772 2.09672 2.14519 -0.163259
data/frame-000085.color.jpg 0.456812 0.683886 0.505079 -0.26176 2.15899 2.30183 -0.493804
data/frame-000219.color.jpg 0.273955 0.419498 0.801693 -0.325974 0.921487 3.24712 -1.3953
data/frame-000142.color.jpg 0.325767 0.63295 0.651044 -0.263424 2.11463 2.58887 -0.495318
data/frame-000153.color.jpg 0.349261 0.577928 0.664883 -0.319291 2.0152 2.71692 -1.04878
data/frame-000287.color.jpg 0.105959 0.24301 0.901808 -0.341265 -0.333193 3.48661 -1.19617
data/frame-000276.color.jpg 0.133483 0.285561 0.904416 -0.287521 0.059999 3.8408 -1.01548
data/frame-000298.color.jpg 0.0794377 0.173325 0.908648 -0.371492 -0.618162 3.24391 -1.22231
data/frame-000036.color.jpg 0.418456 0.608909 0.55469 -0.382679 1.06565 2.44646 -1.09536
data/frame-000047.color.jpg 0.453902 0.609159 0.53902 -0.363808 1.29852 2.39439 -1.17968
data/frame-000181.color.jpg 0.378436 0.643922 0.59698 -0.292859 2.82328 2.5431 -0.854852
data/frame-000355.color.jpg -0.0753611 -0.237487 0.907715 -0.3376 -2.20709 2.33203 -0.391667
data/frame-000104.color.jpg 0.458483 0.672505 0.522489 -0.25404 2.39934 2.44496 -0.461622
data/frame-000115.color.jpg 0.452452 0.615377 0.574887 -0.293434 2.13625 2.58902 -0.846331
data/frame-000260.color.jpg 0.0956063 0.154219 0.925505 -0.332441 -1.02235 3.60174 -1.22572
data/frame-000238.color.jpg 0.183116 0.272872 0.837644 -0.436305 -0.130338 3.24604 -2.25468
data/frame-000249.color.jpg 0.165302 0.255635 0.856059 -0.417718 -0.182972 3.23106 -1.93443
data/frame-000143.color.jpg 0.329405 0.630448 0.650833 -0.265414 2.14537 2.59544 -0.517102
data/frame-000317.color.jpg 0.031847 0.0677831 0.941816 -0.327678 -1.07043 3.10333 -0.774227
data/frame-000066.color.jpg 0.434057 0.705961 0.494966 -0.261193 1.83285 2.23554 -0.363817
data/frame-000200.color.jpg 0.32785 0.596462 0.685427 -0.258724 2.13641 2.88837 -0.679871
data/frame-000211.color.jpg 0.261349 0.473062 0.79232 -0.283087 1.16741 3.21108 -0.94327
data/frame-000222.color.jpg 0.28804 0.444846 0.783923 -0.323435 1.20566 3.28069 -1.44982
data/frame-000134.color.jpg 0.327384 0.655062 0.641162 -0.229402 1.91207 2.57143 -0.223988
data/frame-000279.color.jpg 0.141861 0.306462 0.892416 -0.29925 0.230774 3.74842 -1.07003
data/frame-000017.color.jpg 0.424126 0.545579 0.60686 -0.392661 0.435596 2.63283 -1.31205
data/frame-000028.color.jpg 0.399115 0.531533 0.640275 -0.385005 0.243853 2.59865 -1.16241
data/frame-000173.color.jpg 0.404568 0.704154 0.522797 -0.259183 3.15248 2.20113 -0.379978
data/frame-000230.color.jpg 0.245121 0.384623 0.806094 -0.377086 0.790245 3.35485 -1.9522
data/frame-000241.color.jpg 0.174621 0.251836 0.841316 -0.445278 -0.252145 3.18834 -2.25568
data/frame-000126.color.jpg 0.399254 0.655936 0.597015 -0.232201 2.04342 2.60341 -0.312283
data/frame-000328.color.jpg -0.0201781 -0.108144 0.898854 -0.424216 -2.13114 2.50374 -1.0098
data/frame-000339.color.jpg -0.0500621 -0.202283 0.920349 -0.330958 -2.43697 2.26224 -0.275519
data/frame-000077.color.jpg 0.433143 0.722165 0.484648 -0.236602 2.15464 2.13792 -0.130982
data/frame-000009.color.jpg 0.432225 0.547426 0.586067 -0.412348 0.473414 2.5716 -1.41502
data/frame-000145.color.jpg 0.329973 0.627603 0.651885 -0.268845 2.17378 2.59763 -0.548307
data/frame-000156.color.jpg 0.35647 0.564471 0.667021 -0.330732 1.93703 2.74223 -1.2009
data/frame-000290.color.jpg 0.0838369 0.20312 0.907613 -0.357704 -0.584885 3.38095 -1.20627
data/frame-000039.color.jpg 0.402279 0.616102 0.553287 -0.390466 1.1897 2.41467 -1.08779
data/frame-000213.color.jpg 0.25995 0.431614 0.807282 -0.307297 0.923337 3.22339 -1.15239
data/frame-000347.color.jpg -0.0630104 -0.144717 0.936899 -0.311942 -1.87222 2.60935 -0.329708
data/frame-000096.color.jpg 0.499902 0.704091 0.463737 -0.198245 2.42465 2.37405 -0.095501
data/frame-000107.color.jpg 0.462097 0.644675 0.538306 -0.284757 2.31608 2.46931 -0.71073
data/frame-000118.color.jpg 0.438319 0.617811 0.587708 -0.284228 2.09583 2.63053 -0.776681
data/frame-000252.color.jpg 0.134884 0.22413 0.892543 -0.367341 -0.489011 3.42005 -1.5182
data/frame-000001.color.jpg 0.433609 0.54965 0.586769 -0.406902 0.475137 2.56862 -1.38286
data/frame-000175.color.jpg 0.396101 0.681436 0.549275 -0.27757 3.0616 2.31984 -0.605311
data/frame-000309.color.jpg 0.0875789 0.213308 0.92544 -0.30065 -0.267248 3.31937 -0.793457
data/frame-000320.color.jpg 0.00915141 0.0123971 0.934715 -0.355064 -1.40995 2.98899 -0.852975
data/frame-000331.color.jpg -0.028808 -0.132443 0.897833 -0.418957 -2.22546 2.41958 -0.893475
data/frame-000058.color.jpg 0.456525 0.713479 0.458174 -0.269461 1.98232 2.19327 -0.389256
data/frame-000069.color.jpg 0.428391 0.701864 0.504842 -0.262685 1.81208 2.23448 -0.379644
data/frame-000080.color.jpg 0.428539 0.707023 0.507829 -0.24204 2.15444 2.2222 -0.210932
data/frame-000214.color.jpg 0.257708 0.421724 0.811583 -0.311558 0.861658 3.23137 -1.19396
data/frame-000137.color.jpg 0.304792 0.645044 0.654091 -0.251368 1.97583 2.56988 -0.377873
data/frame-000293.color.jpg 0.0700232 0.180619 0.912516 -0.360261 -0.671061 3.32026 -1.15089
data/frame-000271.color.jpg 0.126883 0.174127 0.930305 -0.29684 -0.895146 3.79154 -1.14468
data/frame-000282.color.jpg 0.138331 0.290484 0.896061 -0.305874 0.0531217 3.66894 -1.07953
data/frame-000020.color.jpg 0.415926 0.537332 0.625484 -0.383471 0.324328 2.65002 -1.24363
data/frame-000031.color.jpg 0.408009 0.571164 0.601904 -0.380805 0.611199 2.5541 -1.12969
data/frame-000205.color.jpg 0.297723 0.557752 0.727457 -0.266609 1.77414 3.01344 -0.773565
data/frame-000350.color.jpg -0.0443064 -0.161152 0.933491 -0.317273 -1.90291 2.54526 -0.428896
data/frame-000088.color.jpg 0.485217 0.678235 0.4976 -0.238655 2.15623 2.38923 -0.435597
data/frame-000099.color.jpg 0.480632 0.701343 0.484787 -0.205166 2.44335 2.40709 -0.127071
data/frame-000233.color.jpg 0.224228 0.33506 0.822764 -0.400645 0.364344 3.34799 -2.12842
data/frame-000244.color.jpg 0.177453 0.248887 0.845328 -0.438164 -0.230645 3.1758 -2.16436
data/frame-000301.color.jpg 0.0912558 0.185787 0.909393 -0.360776 -0.493752 3.2502 -1.17507
data/frame-000312.color.jpg 0.0673802 0.160563 0.932371 -0.316802 -0.547224 3.24291 -0.833693
data/frame-000050.color.jpg 0.467642 0.651095 0.499378 -0.328645 1.61857 2.34536 -0.939304
data/frame-000061.color.jpg 0.452444 0.707825 0.470798 -0.269495 1.93781 2.20271 -0.390919
data/frame-000195.color.jpg 0.336751 0.620278 0.650115 -0.281433 2.4691 2.71321 -0.785181
data/frame-000206.color.jpg 0.285783 0.541222 0.74328 -0.270075 1.64356 3.06376 -0.809177
