data/frame-000115.color.jpg 0.452055 0.61435 0.575982 -0.294049 2.12545 2.59063 -0.854433
data/frame-000104.color.jpg 0.457944 0.672155 0.52259 -0.255724 2.39666 2.43944 -0.472765
data/frame-000240.color.jpg 0.17307 0.25762 0.841206 -0.442776 -0.229518 3.21448 -2.247
data/frame-000297.color.jpg 0.0779457 0.17329 0.910068 -0.368337 -0.626907 3.25853 -1.19864
data/frame-000308.color.jpg 0.0928986 0.223621 0.923 -0.299055 -0.210602 3.33439 -0.794996
data/frame-000319.color.jpg 0.0132395 0.0267253 0.937207 -0.347495 -1.32017 3.02507 -0.825118
data/frame-000134.color.jpg 0.329958 0.654469 0.640034 -0.230554 1.91598 2.56354 -0.235053
data/frame-000259.color.jpg 0.0948966 0.16648 0.922527 -0.334998 -0.926557 3.59594 -1.22898
data/frame-000270.color.jpg 0.12338 0.157655 0.933276 -0.29819 -1.03566 3.76035 -1.1445
data/frame-000281.color.jpg 0.133701 0.299368 0.889074 -0.319454 0.169108 3.67612 -1.17332
data/frame-000008.color.jpg 0.436297 0.549489 0.58287 -0.409841 0.50528 2.56638 -1.40972
data/frame-000019.color.jpg 0.419163 0.543314 0.617273 -0.384819 0.391029 2.64896 -1.25885
data/frame-000030.color.jpg 0.406861 0.554663 0.620234 -0.376991 0.431069 2.5889 -1.1313
data/frame-000164.color.jpg 0.415849 0.674743 0.547402 -0.268593 2.86093 2.35325 -0.504849
data/frame-000338.color.jpg -0.0503137 -0.199043 0.915038 -0.347211 -2.44804 2.25539 -0.352541
data/frame-000243.color.jpg 0.173803 0.246646 0.845717 -0.440137 -0.266872 3.18625 -2.18241
data/frame-000232.color.jpg 0.233756 0.350996 0.81747 -0.392304 0.50325 3.35726 -2.07977
data/frame-000221.color.jpg 0.28315 0.444109 0.785934 -0.323884 1.17014 3.26164 -1.43152
data/frame-000126.color.jpg 0.399251 0.656263 0.597087 -0.231095 2.04392 2.60679 -0.304705
data/frame-000300.color.jpg 0.0903701 0.181541 0.908637 -0.365042 -0.530237 3.24501 -1.1976
data/frame-000038.color.jpg 0.405554 0.61604 0.557173 -0.381548 1.1379 2.44926 -1.05222
data/frame-000049.color.jpg 0.460015 0.625683 0.525167 -0.348004 1.41735 2.39524 -1.08556
data/frame-000183.color.jpg 0.365125 0.63729 0.613042 -0.291075 2.73186 2.61614 -0.863189
data/frame-000194.color.jpg 0.338885 0.628667 0.642169 -0.278486 2.54508 2.68894 -0.749939
data/frame-000328.color.jpg -0.0211613 -0.106261 0.901134 -0.419784 -2.12079 2.53246 -0.981646
data/frame-000339.color.jpg -0.0500706 -0.202945 0.919592 -0.332651 -2.44093 2.25268 -0.281014
data/frame-000077.color.jpg 0.433043 0.721928 0.48452 -0.237769 2.15449 2.13484 -0.139188
data/frame-000251.color.jpg 0.139035 0.232985 0.8859 -0.376256 -0.4188 3.39556 -1.58635
data/frame-000262.color.jpg 0.0970429 0.143335 0.929443 -0.325842 -1.10927 3.63634 -1.21111
data/frame-000000.color.jpg 0.440248 0.554061 0.582343 -0.400092 0.520654 2.56623 -1.36634
data/frame-000011.color.jpg 0.435548 0.548988 0.583933 -0.409796 0.505039 2.57371 -1.40998
data/frame-000145.color.jpg 0.329802 0.627568 0.652243 -0.268269 2.17148 2.60108 -0.544379
data/frame-000156.color.jpg 0.356627 0.564907 0.667059 -0.329742 1.93972 2.74544 -1.19146
data/frame-000290.color.jpg 0.0834911 0.203822 0.9071 -0.358685 -0.57965 3.3785 -1.21287
data/frame-000039.color.jpg 0.399828 0.61691 0.553875 -0.390874 1.18972 2.41968 -1.08289
data/frame-000213.color.jpg 0.262879 0.432926 0.80431 -0.310732 0.946705 3.19811 -1.18171
data/frame-000224.color.jpg 0.288596 0.442275 0.781118 -0.333107 1.24414 3.27764 -1.55572
data/frame-000347.color.jpg -0.0641698 -0.144877 0.936677 -0.312295 -1.87535 2.60896 -0.327125
data/frame-000096.color.jpg 0.499503 0.704136 0.463863 -0.198799 2.42468 2.37277 -0.0989194
data/frame-000107.color.jpg 0.462521 0.643649 0.538472 -0.286075 2.31116 2.4643 -0.722927
data/frame-000118.color.jpg 0.438475 0.616663 0.588574 -0.284688 2.08605 2.63164 -0.784595
data/frame-000001.color.jpg 0.437466 0.5521 0.583726 -0.403823 0.508951 2.56674 -1.3748
data/frame-000175.color.jpg 0.395454 0.681453 0.549686 -0.277637 3.05937 2.3216 -0.606928
data/frame-000331.color.jpg -0.0273644 -0.132577 0.8974 -0.419938 -2.22373 2.41287 -0.891683
data/frame-000069.color.jpg 0.427486 0.702391 0.505188 -0.262084 1.81205 2.23887 -0.377001
data/frame-000058.color.jpg 0.453727 0.714792 0.45945 -0.268531 1.97959 2.20234 -0.380141
data/frame-000080.color.jpg 0.430819 0.707345 0.50587 -0.241152 2.16405 2.2163 -0.208136
data/frame-000137.color.jpg 0.305293 0.645126 0.653943 -0.250934 1.97726 2.57047 -0.37608
data/frame-000031.color.jpg 0.408996 0.572002 0.601398 -0.379285 0.618262 2.55692 -1.12558
data/frame-000273.color.jpg 0.138492 0.241722 0.914279 -0.294083 -0.318035 3.85331 -1.11906
data/frame-000088.color.jpg 0.483531 0.679347 0.497787 -0.238524 2.15783 2.39104 -0.429531
data/frame-000099.color.jpg 0.480118 0.70123 0.485235 -0.205694 2.44099 2.40743 -0.131777
data/frame-000330.color.jpg -0.0275754 -0.126374 0.898531 -0.419418 -2.20658 2.45042 -0.910797
data/frame-000235.color.jpg 0.202367 0.300365 0.833125 -0.418008 0.0707883 3.31341 -2.20179
data/frame-000061.color.jpg 0.451842 0.708001 0.471502 -0.26881 1.93462 2.20811 -0.388705
data/frame-000292.color.jpg 0.0721886 0.185289 0.911255 -0.360654 -0.660512 3.33051 -1.16613
data/frame-000314.color.jpg 0.0522272 0.121245 0.935558 -0.327573 -0.753721 3.17502 -0.844676
data/frame-000303.color.jpg 0.0937762 0.212011 0.917389 -0.323505 -0.297186 3.312 -0.946934
data/frame-000186.color.jpg 0.357255 0.6345 0.622269 -0.287331 2.67066 2.65068 -0.842798
data/frame-000197.color.jpg 0.326845 0.609755 0.670164 -0.268797 2.3132 2.81344 -0.718074
data/frame-000254.color.jpg 0.123434 0.216129 0.901552 -0.353916 -0.552813 3.47923 -1.39708
data/frame-000265.color.jpg 0.101359 0.123102 0.934783 -0.317416 -1.27757 3.65585 -1.19585
data/frame-000003.color.jpg 0.433518 0.545758 0.586106 -0.413147 0.480172 2.5541 -1.40903
data/frame-000014.color.jpg 0.437147 0.553099 0.587225 -0.397681 0.535926 2.59832 -1.36
data/frame-000148.color.jpg 0.321841 0.618065 0.662313 -0.275237 2.16191 2.63504 -0.611096
data/frame-000322.color.jpg 0.00416196 -0.0148698 0.928663 -0.370604 -1.58649 2.9063 -0.917789
data/frame-000333.color.jpg -0.0306814 -0.155505 0.901774 -0.402095 -2.31264 2.34782 -0.745461
data/frame-000071.color.jpg 0.426433 0.716301 0.494387 -0.246269 1.94669 2.19508 -0.243281
data/frame-000216.color.jpg 0.272591 0.412454 0.810618 -0.313806 0.843815 3.24536 -1.27471
data/frame-000227.color.jpg 0.278223 0.440721 0.783031 -0.339438 1.25584 3.31032 -1.62675
data/frame-000110.color.jpg 0.466053 0.623574 0.552918 -0.297038 2.22527 2.51141 -0.846791
data/frame-000284.color.jpg 0.119578 0.263285 0.899565 -0.327361 -0.174807 3.56615 -1.1564
data/frame-000295.color.jpg 0.0719545 0.17332 0.912546 -0.363377 -0.663571 3.28392 -1.15954
data/frame-000044.color.jpg 0.428256 0.610252 0.544227 -0.384716 1.26031 2.38069 -1.18583
data/frame-000033.color.jpg 0.41105 0.583785 0.583273 -0.387331 0.776518 2.50992 -1.1511
data/frame-000167.color.jpg 0.413016 0.706731 0.520809 -0.242294 3.06952 2.22562 -0.222857
data/frame-000178.color.jpg 0.385647 0.655386 0.581324 -0.289496 2.91101 2.47753 -0.789814
data/frame-000189.color.jpg 0.350738 0.634128 0.629899 -0.27945 2.62678 2.67394 -0.780421
data/frame-000323.color.jpg 0.00322316 -0.0209294 0.926224 -0.376377 -1.6236 2.88079 -0.943938
data/frame-000072.color.jpg 0.426532 0.719768 0.490416 -0.243918 1.98883 2.17935 -0.219812
data/frame-000246.color.jpg 0.175663 0.258074 0.84562 -0.432974 -0.14264 3.18509 -2.08442
data/frame-000129.color.jpg 0.376608 0.659805 0.608152 -0.230164 2.01603 2.56814 -0.244753
data/frame-000140.color.jpg 0.324962 0.637148 0.648375 -0.260868 2.09801 2.57568 -0.469273
data/frame-000151.color.jpg 0.336453 0.599783 0.663695 -0.294225 2.11751 2.66951 -0.787238
data/frame-000285.color.jpg 0.115455 0.260359 0.899756 -0.330639 -0.198585 3.55643 -1.1653
data/frame-000063.color.jpg 0.445773 0.708491 0.480297 -0.261994 1.89907 2.22162 -0.357691
data/frame-000342.color.jpg -0.0612997 -0.17579 0.929409 -0.31865 -2.18245 2.4395 -0.282713
data/frame-000353.color.jpg -0.0701842 -0.239136 0.90824 -0.336138 -2.24367 2.28653 -0.379748
data/frame-000091.color.jpg 0.497722 0.688638 0.476882 -0.22502 2.28244 2.37548 -0.322135
data/frame-000102.color.jpg 0.463748 0.682841 0.510992 -0.239902 2.42116 2.42447 -0.365152
data/frame-000025.color.jpg 0.38357 0.527167 0.650474 -0.389684 0.190843 2.64996 -1.14166
data/frame-000159.color.jpg 0.384807 0.589089 0.638969 -0.310833 2.15586 2.72003 -1.06621
data/frame-000170.color.jpg 0.406368 0.717519 0.514062 -0.23616 3.15354 2.18341 -0.166199
data/frame-000053.color.jpg 0.47478 0.692437 0.455742 -0.295659 1.91696 2.23696 -0.639876
data/frame-000064.color.jpg 0.432945 0.709927 0.488699 -0.264074 1.8821 2.22192 -0.35578
data/frame-000121.color.jpg 0.430321 0.626449 0.592385 -0.267329 2.0678 2.65284 -0.646608
data/frame-000132.color.jpg 0.347327 0.653681 0.63159 -0.230564 1.93052 2.57571 -0.241906
data/frame-000026.color.jpg 0.392461 0.523203 0.650516 -0.386085 0.16614 2.62135 -1.15076
data/frame-000257.color.jpg 0.111905 0.208402 0.909829 -0.340964 -0.609558 3.54951 -1.28838
data/frame-000268.color.jpg 0.11104 0.12301 0.933911 -0.316778 -1.29519 3.66217 -1.2318
data/frame-000083.color.jpg 0.438257 0.696171 0.507343 -0.25667 2.16662 2.25296 -0.370962
data/frame-000094.color.jpg 0.509612 0.695823 0.459405 -0.212305 2.39992 2.35244 -0.211913
data/frame-000325.color.jpg -0.0100564 -0.0704486 0.91117 -0.405839 -1.92595 2.68556 -1.01447
data/frame-000219.color.jpg 0.275527 0.419892 0.799579 -0.329316 0.93408 3.22508 -1.42213
data/frame-000056.color.jpg 0.456693 0.717152 0.451878 -0.270058 1.98754 2.20551 -0.389889
data/frame-000276.color.jpg 0.132158 0.284487 0.905086 -0.287092 0.047222 3.84387 -1.00605
data/frame-000287.color.jpg 0.107037 0.244404 0.901115 -0.341762 -0.319742 3.48426 -1.20148
data/frame-000298.color.jpg 0.0798857 0.173643 0.909359 -0.369504 -0.615418 3.2527 -1.20835
data/frame-000181.color.jpg 0.376095 0.644899 0.598566 -0.290478 2.81874 2.55969 -0.835669
data/frame-000113.color.jpg 0.463457 0.617394 0.562613 -0.295801 2.17724 2.55315 -0.857851
data/frame-000355.color.jpg -0.0749599 -0.23656 0.907825 -0.338044 -2.20185 2.33532 -0.39741
data/frame-000238.color.jpg 0.18223 0.273624 0.83818 -0.435175 -0.127357 3.25604 -2.24485
data/frame-000249.color.jpg 0.165795 0.256882 0.856532 -0.415785 -0.172869 3.24233 -1.92063
data/frame-000260.color.jpg 0.0954552 0.153828 0.925826 -0.331771 -1.02651 3.60403 -1.21828
data/frame-000143.color.jpg 0.329489 0.630162 0.651262 -0.264934 2.14194 2.59916 -0.515572
data/frame-000317.color.jpg 0.0329 0.069299 0.941778 -0.327366 -1.05919 3.10691 -0.774746
data/frame-000066.color.jpg 0.434796 0.705638 0.495 -0.260771 1.83158 2.23707 -0.364345
data/frame-000200.color.jpg 0.327111 0.596167 0.686112 -0.258523 2.13134 2.8925 -0.679555
data/frame-000211.color.jpg 0.255233 0.461052 0.796159 -0.297351 1.06578 3.18536 -1.05409
data/frame-000222.color.jpg 0.288438 0.444219 0.783068 -0.326001 1.20495 3.26678 -1.46972
data/frame-000356.color.jpg -0.0807737 -0.222067 0.908233 -0.345362 -2.10206 2.40876 -0.447468
data/frame-000279.color.jpg 0.140775 0.305534 0.893414 -0.297728 0.218756 3.75649 -1.05468
data/frame-000017.color.jpg 0.426971 0.547896 0.603976 -0.390792 0.464641 2.63025 -1.3091
data/frame-000028.color.jpg 0.399908 0.53212 0.640019 -0.383795 0.247814 2.60143 -1.15984
data/frame-000162.color.jpg 0.40602 0.646058 0.577387 -0.290483 2.65013 2.46914 -0.75709
data/frame-000173.color.jpg 0.403616 0.70455 0.523298 -0.258578 3.15098 2.20498 -0.375649
data/frame-000230.color.jpg 0.245597 0.385079 0.805916 -0.376691 0.795239 3.35558 -1.94892
data/frame-000241.color.jpg 0.173083 0.251924 0.841859 -0.444804 -0.256636 3.19568 -2.24684
data/frame-000124.color.jpg 0.409853 0.644933 0.595503 -0.247906 2.05208 2.62482 -0.450606
data/frame-000135.color.jpg 0.324621 0.649852 0.643044 -0.242506 1.92029 2.55496 -0.31487
data/frame-000192.color.jpg 0.343363 0.631691 0.63589 -0.280558 2.58894 2.67219 -0.77332
data/frame-000337.color.jpg -0.0478567 -0.197662 0.9145 -0.349756 -2.44777 2.25529 -0.373348
data/frame-000348.color.jpg -0.0592174 -0.145532 0.934026 -0.320794 -1.85864 2.58511 -0.402677
data/frame-000086.color.jpg 0.466612 0.68196 0.498562 -0.26199 2.18066 2.30188 -0.514146
data/frame-000097.color.jpg 0.490037 0.705577 0.471802 -0.198563 2.43894 2.38837 -0.0853132
data/frame-000009.color.jpg 0.435463 0.549778 0.583354 -0.409651 0.50461 2.57017 -1.40679
data/frame-000154.color.jpg 0.352795 0.575669 0.664543 -0.320193 2.00794 2.71911 -1.06406
data/frame-000165.color.jpg 0.416282 0.684242 0.537654 -0.263533 2.93171 2.30032 -0.434289
data/frame-000310.color.jpg 0.0850601 0.200196 0.92778 -0.303166 -0.338678 3.30428 -0.801542
data/frame-000048.color.jpg 0.453777 0.612025 0.5368 -0.362431 1.31742 2.39578 -1.16942
data/frame-000105.color.jpg 0.457904 0.661614 0.528864 -0.269989 2.37074 2.44396 -0.580051
data/frame-000116.color.jpg 0.445961 0.615579 0.582877 -0.287116 2.10397 2.62209 -0.809424
data/frame-000127.color.jpg 0.39008 0.659903 0.598907 -0.231681 2.04514 2.57591 -0.27734
data/frame-000252.color.jpg 0.134014 0.224517 0.89292 -0.366507 -0.488344 3.42593 -1.50821
data/frame-000184.color.jpg 0.360869 0.634813 0.618947 -0.289292 2.69283 2.64172 -0.858295
data/frame-000067.color.jpg 0.431287 0.702245 0.498247 -0.269431 1.82263 2.22597 -0.411946
data/frame-000078.color.jpg 0.432663 0.721104 0.485952 -0.238041 2.17349 2.13258 -0.134146
data/frame-000089.color.jpg 0.488363 0.683279 0.490636 -0.232179 2.20254 2.38941 -0.383921
data/frame-000309.color.jpg 0.0889236 0.212997 0.925733 -0.299572 -0.268354 3.32139 -0.789678
data/frame-000320.color.jpg 0.00948736 0.0140977 0.934688 -0.355062 -1.39869 2.99329 -0.854504
data/frame-000214.color.jpg 0.266521 0.425205 0.805695 -0.314681 0.922316 3.19187 -1.22789
data/frame-000146.color.jpg 0.32676 0.624136 0.655429 -0.272205 2.17532 2.60733 -0.576437
data/frame-000293.color.jpg 0.0703491 0.181043 0.912361 -0.360378 -0.667159 3.32024 -1.15129
data/frame-000271.color.jpg 0.124822 0.171919 0.93084 -0.297321 -0.917368 3.78874 -1.13871
data/frame-000282.color.jpg 0.13848 0.290889 0.896462 -0.304242 0.0549096 3.67585 -1.06477
data/frame-000020.color.jpg 0.41705 0.539706 0.623885 -0.381516 0.346251 2.65423 -1.23571
data/frame-000108.color.jpg 0.463405 0.634114 0.545362 -0.292807 2.27017 2.48449 -0.789287
data/frame-000350.color.jpg -0.045204 -0.160733 0.933152 -0.318352 -1.90257 2.54402 -0.43397
data/frame-000233.color.jpg 0.224362 0.33589 0.822974 -0.399441 0.370709 3.35491 -2.11905
data/frame-000244.color.jpg 0.174658 0.248406 0.846432 -0.437428 -0.24394 3.18712 -2.15025
data/frame-000301.color.jpg 0.0923529 0.186448 0.909757 -0.359236 -0.487024 3.25608 -1.16602
data/frame-000312.color.jpg 0.0677615 0.161758 0.932468 -0.315825 -0.538615 3.24791 -0.82767
data/frame-000050.color.jpg 0.464608 0.652608 0.500438 -0.328335 1.61725 2.35397 -0.930897
data/frame-000195.color.jpg 0.336222 0.621458 0.649855 -0.280061 2.47552 2.71498 -0.770303
data/frame-000263.color.jpg 0.0980475 0.133294 0.931835 -0.322959 -1.18768 3.64389 -1.20781
data/frame-000274.color.jpg 0.128067 0.258719 0.909937 -0.297788 -0.162247 3.85076 -1.10297
data/frame-000012.color.jpg 0.437029 0.549619 0.584371 -0.406737 0.514239 2.58093 -1.40086
data/frame-000023.color.jpg 0.39415 0.534484 0.643623 -0.380423 0.241869 2.66774 -1.13867
data/frame-000157.color.jpg 0.365934 0.566992 0.663531 -0.323015 1.95824 2.7686 -1.17248
data/frame-000168.color.jpg 0.409442 0.713344 0.516157 -0.238915 3.11524 2.19306 -0.183366
data/frame-000302.color.jpg 0.0912514 0.192496 0.909905 -0.355937 -0.437691 3.26291 -1.14093
data/frame-000051.color.jpg 0.466604 0.666246 0.485958 -0.319752 1.72445 2.31775 -0.849726
data/frame-000225.color.jpg 0.290426 0.442879 0.781285 -0.330312 1.26062 3.29737 -1.55303
data/frame-000236.color.jpg 0.195684 0.291985 0.835223 -0.422912 0.0014903 3.30192 -2.21504
data/frame-000119.color.jpg 0.43737 0.619194 0.589368 -0.279199 2.08485 2.63901 -0.744602
data/frame-000042.color.jpg 0.403977 0.618514 0.541892 -0.400743 1.29895 2.35184 -1.14495
data/frame-000176.color.jpg 0.391173 0.671407 0.561093 -0.285255 3.0088 2.37121 -0.697789
data/frame-000187.color.jpg 0.355286 0.634054 0.623993 -0.287019 2.65935 2.6532 -0.839456
data/frame-000198.color.jpg 0.325044 0.606988 0.676381 -0.261572 2.25317 2.85056 -0.676994
data/frame-000321.color.jpg 0.0105504 -0.00098844 0.932404 -0.361262 -1.49553 2.95164 -0.887267
data/frame-000332.color.jpg -0.0246529 -0.147718 0.900739 -0.407727 -2.28558 2.3648 -0.810718
data/frame-000081.color.jpg 0.428058 0.705639 0.508787 -0.244898 2.15976 2.22754 -0.239135
data/frame-000255.color.jpg 0.115052 0.213281 0.90456 -0.350778 -0.572217 3.5075 -1.35505
data/frame-000004.color.jpg 0.433543 0.54646 0.585466 -0.4131 0.484437 2.55595 -1.40989
data/frame-000138.color.jpg 0.309818 0.643148 0.654907 -0.24793 1.99964 2.58604 -0.372166
data/frame-000149.color.jpg 0.322908 0.611771 0.666555 -0.277797 2.139 2.65963 -0.644451
data/frame-000160.color.jpg 0.395573 0.608578 0.616597 -0.304899 2.33946 2.63276 -0.97765
data/frame-000032.color.jpg 0.408735 0.574735 0.598469 -0.380067 0.646771 2.55083 -1.12508
data/frame-000043.color.jpg 0.415038 0.618697 0.545779 -0.383514 1.28721 2.39296 -1.11808
data/frame-000217.color.jpg 0.27354 0.41076 0.808975 -0.319393 0.841926 3.23759 -1.33047
data/frame-000351.color.jpg -0.0623255 -0.205503 0.918043 -0.333289 -2.10616 2.3948 -0.426489
data/frame-000100.color.jpg 0.474424 0.697786 0.493267 -0.211433 2.43764 2.41971 -0.171787
data/frame-000111.color.jpg 0.467102 0.620537 0.55539 -0.297137 2.20754 2.52289 -0.857558
data/frame-000179.color.jpg 0.382576 0.652484 0.584449 -0.293801 2.8872 2.48136 -0.829341
data/frame-000062.color.jpg 0.448767 0.709414 0.476347 -0.261597 1.9148 2.22533 -0.353735
data/frame-000073.color.jpg 0.430858 0.722519 0.484081 -0.240818 2.05507 2.15409 -0.18394
data/frame-000304.color.jpg 0.0952581 0.214115 0.918138 -0.319537 -0.283915 3.3161 -0.925355
data/frame-000315.color.jpg 0.0455023 0.0977667 0.939506 -0.325115 -0.892089 3.14698 -0.802519
data/frame-000130.color.jpg 0.364764 0.656511 0.619231 -0.229114 1.9707 2.57844 -0.236785
data/frame-000266.color.jpg 0.104492 0.119263 0.934699 -0.318111 -1.31288 3.65205 -1.22012
data/frame-000277.color.jpg 0.138195 0.294061 0.902836 -0.281634 0.117564 3.8278 -0.961854
data/frame-000015.color.jpg 0.435294 0.55119 0.593013 -0.393756 0.513823 2.61121 -1.341
data/frame-000092.color.jpg 0.502836 0.690131 0.471051 -0.221327 2.31772 2.37195 -0.293845
data/frame-000334.color.jpg -0.0341295 -0.165989 0.904954 -0.390309 -2.35296 2.32579 -0.662663
data/frame-000345.color.jpg -0.0613881 -0.150758 0.935575 -0.313373 -1.97483 2.56655 -0.315191
data/frame-000228.color.jpg 0.263095 0.427852 0.787766 -0.35658 1.15664 3.3065 -1.75617
data/frame-000239.color.jpg 0.17757 0.26712 0.839119 -0.439313 -0.168743 3.23693 -2.25028
data/frame-000122.color.jpg 0.42652 0.633779 0.590487 -0.26025 2.0737 2.64078 -0.574886
data/frame-000296.color.jpg 0.0745431 0.172619 0.911526 -0.36574 -0.651736 3.27063 -1.17789
data/frame-000307.color.jpg 0.0976267 0.225833 0.921512 -0.300474 -0.203791 3.33769 -0.813008
data/frame-000034.color.jpg 0.419033 0.596391 0.563888 -0.388278 0.939157 2.4631 -1.15036
data/frame-000045.color.jpg 0.439776 0.60474 0.545085 -0.379169 1.23658 2.38942 -1.20855
data/frame-000190.color.jpg 0.345928 0.634014 0.632438 -0.279968 2.61269 2.67534 -0.776611
data/frame-000335.color.jpg -0.0358285 -0.174834 0.90751 -0.380229 -2.38577 2.30334 -0.592569
data/frame-000247.color.jpg 0.173953 0.260447 0.847361 -0.42882 -0.121299 3.19001 -2.03659
data/frame-000258.color.jpg 0.101608 0.187301 0.91865 -0.332681 -0.770481 3.5947 -1.22122
data/frame-000269.color.jpg 0.113568 0.133036 0.935244 -0.307769 -1.22966 3.69961 -1.17739
data/frame-000018.color.jpg 0.422667 0.545198 0.611061 -0.388222 0.423268 2.63872 -1.28667
data/frame-000007.color.jpg 0.435627 0.549462 0.583012 -0.410388 0.502918 2.56574 -1.40938
data/frame-000141.color.jpg 0.325543 0.63395 0.650876 -0.261705 2.11255 2.59109 -0.483221
data/frame-000152.color.jpg 0.342889 0.586067 0.665269 -0.310436 2.05286 2.71088 -0.951498
data/frame-000326.color.jpg -0.0117316 -0.0813208 0.908683 -0.409323 -1.98917 2.63704 -1.0101
data/frame-000075.color.jpg 0.43181 0.723093 0.48377 -0.237999 2.11809 2.14455 -0.150836
data/frame-000209.color.jpg 0.275974 0.499884 0.775787 -0.268532 1.34783 3.17151 -0.841521
data/frame-000220.color.jpg 0.279653 0.42812 0.79402 -0.328693 1.01202 3.23306 -1.43797
data/frame-000354.color.jpg -0.0675249 -0.243875 0.90471 -0.342732 -2.2574 2.26593 -0.423285
data/frame-000103.color.jpg 0.459482 0.678853 0.517435 -0.245551 2.40891 2.43385 -0.401898
data/frame-000114.color.jpg 0.459293 0.614652 0.569151 -0.2955 2.15111 2.57009 -0.865554
data/frame-000288.color.jpg 0.0994537 0.233301 0.901413 -0.350905 -0.391748 3.44278 -1.23205
data/frame-000037.color.jpg 0.413209 0.612215 0.55673 -0.380135 1.0948 2.45411 -1.06548
data/frame-000171.color.jpg 0.407665 0.711111 0.514672 -0.25148 3.17185 2.1676 -0.292605
data/frame-000182.color.jpg 0.37187 0.641084 0.603536 -0.294055 2.78665 2.57024 -0.872076
data/frame-000316.color.jpg 0.0384027 0.0823767 0.941926 -0.323288 -0.985487 3.12731 -0.768728
data/frame-000327.color.jpg -0.0153078 -0.0950726 0.905708 -0.41282 -2.064 2.58367 -0.986407
data/frame-000065.color.jpg 0.43594 0.705539 0.493113 -0.2627 1.84322 2.23092 -0.37576
data/frame-000076.color.jpg 0.432339 0.722388 0.484173 -0.238359 2.14037 2.13828 -0.146078
data/frame-000250.color.jpg 0.158532 0.25268 0.865125 -0.403211 -0.229529 3.28969 -1.81656
data/frame-000133.color.jpg 0.333728 0.655533 0.637522 -0.229059 1.92486 2.5687 -0.220633
data/frame-000144.color.jpg 0.329612 0.628954 0.651393 -0.267318 2.15812 2.5971 -0.534184
data/frame-000027.color.jpg 0.393539 0.524979 0.648637 -0.385739 0.180825 2.61745 -1.15398
data/frame-000201.color.jpg 0.323314 0.591528 0.691355 -0.259981 2.08189 2.9063 -0.689767
data/frame-000346.color.jpg -0.0639803 -0.14785 0.935948 -0.313128 -1.92777 2.5874 -0.317211
data/frame-000084.color.jpg 0.44984 0.691242 0.50401 -0.256519 2.16835 2.27435 -0.42147
data/frame-000095.color.jpg 0.502937 0.701894 0.461498 -0.203517 2.41966 2.3629 -0.13695
data/frame-000106.color.jpg 0.460023 0.653582 0.532702 -0.278277 2.34696 2.44926 -0.649825
data/frame-000231.color.jpg 0.239764 0.367785 0.812199 -0.384161 0.646243 3.36297 -2.01697
data/frame-000163.color.jpg 0.412321 0.661884 0.561587 -0.276625 2.7632 2.4148 -0.610417
data/frame-000068.color.jpg 0.427374 0.698915 0.508836 -0.264488 1.78014 2.25141 -0.397941
data/frame-000057.color.jpg 0.458888 0.71513 0.452669 -0.270374 1.998 2.19228 -0.396896
data/frame-000046.color.jpg 0.445082 0.606133 0.546174 -0.369051 1.24668 2.4118 -1.18485
data/frame-000299.color.jpg 0.0858423 0.176561 0.907203 -0.372074 -0.571802 3.23615 -1.23411
data/frame-000193.color.jpg 0.339317 0.630359 0.64039 -0.27823 2.56465 2.68633 -0.756462
data/frame-000125.color.jpg 0.403944 0.651846 0.597398 -0.234608 2.03659 2.62379 -0.346276
data/frame-000261.color.jpg 0.0973999 0.148362 0.926594 -0.331551 -1.06653 3.61583 -1.23791
data/frame-000010.color.jpg 0.435103 0.54926 0.583709 -0.410223 0.504975 2.57249 -1.40972
data/frame-000087.color.jpg 0.472932 0.678026 0.500268 -0.25758 2.16199 2.33981 -0.51638
data/frame-000329.color.jpg -0.0238094 -0.117767 0.897882 -0.423522 -2.17562 2.47547 -0.966549
data/frame-000340.color.jpg -0.0541509 -0.20754 0.920852 -0.325616 -2.44421 2.24655 -0.244874
data/frame-000318.color.jpg 0.0224521 0.0490857 0.940087 -0.336635 -1.1872 3.07364 -0.798929
data/frame-000212.color.jpg 0.258054 0.442431 0.802819 -0.305197 0.987189 3.2084 -1.12389
data/frame-000223.color.jpg 0.287653 0.443804 0.780883 -0.33244 1.23538 3.26441 -1.52911
data/frame-000280.color.jpg 0.140806 0.304109 0.889846 -0.309622 0.213843 3.71111 -1.13092
data/frame-000291.color.jpg 0.0758345 0.190119 0.909932 -0.360733 -0.64967 3.34478 -1.18451
data/frame-000029.color.jpg 0.404371 0.544935 0.629235 -0.378936 0.345739 2.59511 -1.14413
data/frame-000040.color.jpg 0.39845 0.617991 0.551519 -0.393893 1.22103 2.40455 -1.09282
data/frame-000174.color.jpg 0.401332 0.6945 0.533956 -0.267382 3.11888 2.25497 -0.480077
data/frame-000185.color.jpg 0.359989 0.634821 0.619801 -0.288542 2.68771 2.64591 -0.853125
data/frame-000242.color.jpg 0.175106 0.24635 0.843987 -0.443097 -0.279448 3.18236 -2.22347
data/frame-000253.color.jpg 0.134232 0.223173 0.89357 -0.365661 -0.495084 3.42674 -1.5031
data/frame-000002.color.jpg 0.43973 0.550078 0.58026 -0.409086 0.518871 2.54811 -1.40487
data/frame-000136.color.jpg 0.3108 0.644968 0.651456 -0.251048 1.94402 2.5653 -0.376459
data/frame-000147.color.jpg 0.323693 0.621366 0.658893 -0.273837 2.17434 2.61945 -0.594243
data/frame-000059.color.jpg 0.455054 0.712908 0.46123 -0.268245 1.97173 2.2012 -0.383828
data/frame-000070.color.jpg 0.431241 0.704554 0.50063 -0.258851 1.85048 2.22235 -0.353449
data/frame-000215.color.jpg 0.268176 0.418563 0.808824 -0.314151 0.874656 3.20797 -1.24157
data/frame-000349.color.jpg -0.0470641 -0.149736 0.935258 -0.317263 -1.85783 2.57911 -0.421743
data/frame-000098.color.jpg 0.486511 0.702825 0.477594 -0.203097 2.44327 2.39619 -0.115953
data/frame-000272.color.jpg 0.13446 0.207838 0.922636 -0.295746 -0.611276 3.83262 -1.14261
data/frame-000021.color.jpg 0.410978 0.536563 0.631214 -0.380481 0.29977 2.65703 -1.20896
data/frame-000155.color.jpg 0.356838 0.568526 0.665805 -0.325803 1.96725 2.7368 -1.13883
data/frame-000166.color.jpg 0.416478 0.69412 0.530679 -0.251244 2.9853 2.28381 -0.320753
data/frame-000177.color.jpg 0.390409 0.669167 0.563691 -0.286442 2.99635 2.38492 -0.714556
data/frame-000311.color.jpg 0.0766318 0.181752 0.92972 -0.310989 -0.4335 3.27649 -0.825859
data/frame-000060.color.jpg 0.452032 0.709253 0.469517 -0.268665 1.94445 2.20881 -0.384781
data/frame-000234.color.jpg 0.214912 0.318365 0.828339 -0.407813 0.219604 3.33895 -2.1612
data/frame-000117.color.jpg 0.442832 0.615713 0.585188 -0.286973 2.10032 2.62449 -0.805302
data/frame-000139.color.jpg 0.315626 0.641666 0.651043 -0.254536 2.04457 2.5754 -0.418472
data/frame-000128.color.jpg 0.382075 0.662239 0.602901 -0.227966 2.03457 2.56921 -0.235267
data/frame-000022.color.jpg 0.402821 0.536986 0.636115 -0.380446 0.28249 2.66421 -1.17522
data/frame-000264.color.jpg 0.100261 0.126771 0.933102 -0.321245 -1.24083 3.64411 -1.21301
data/frame-000196.color.jpg 0.331798 0.616733 0.659514 -0.273115 2.40189 2.76565 -0.731883
data/frame-000341.color.jpg -0.0579161 -0.205746 0.920948 -0.325836 -2.39956 2.26385 -0.248525
data/frame-000352.color.jpg -0.0656491 -0.225453 0.91256 -0.334807 -2.19288 2.32681 -0.403752
data/frame-000079.color.jpg 0.432677 0.716527 0.489122 -0.245233 2.19883 2.13065 -0.177876
data/frame-000090.color.jpg 0.491599 0.686046 0.485672 -0.227583 2.23429 2.3904 -0.349871
data/frame-000101.color.jpg 0.466973 0.689645 0.504871 -0.226784 2.42982 2.42869 -0.277362
data/frame-000158.color.jpg 0.375137 0.57707 0.651816 -0.31843 2.04953 2.74914 -1.13666
data/frame-000052.color.jpg 0.472947 0.677645 0.470245 -0.30982 1.82447 2.26929 -0.765584
data/frame-000041.color.jpg 0.401842 0.616395 0.546089 -0.400459 1.25723 2.36985 -1.13708
data/frame-000283.color.jpg 0.13819 0.283347 0.895953 -0.312867 -0.0071192 3.63565 -1.12102
data/frame-000294.color.jpg 0.0704207 0.179018 0.912884 -0.36005 -0.66224 3.31132 -1.14469
data/frame-000109.color.jpg 0.46452 0.628217 0.550042 -0.29499 2.24374 2.50078 -0.819793
data/frame-000120.color.jpg 0.433468 0.622128 0.591237 -0.274775 2.07586 2.64619 -0.705692
data/frame-000245.color.jpg 0.17603 0.252165 0.846725 -0.434146 -0.201949 3.18734 -2.11099
data/frame-000256.color.jpg 0.113155 0.212283 0.906409 -0.34721 -0.584008 3.5209 -1.32745
data/frame-000005.color.jpg 0.435238 0.547186 0.583216 -0.413538 0.494996 2.55237 -1.41818
data/frame-000082.color.jpg 0.42823 0.702642 0.509651 -0.251335 2.16528 2.23635 -0.292908
data/frame-000313.color.jpg 0.0609915 0.142345 0.933823 -0.322478 -0.637542 3.20882 -0.843882
data/frame-000324.color.jpg -0.00190497 -0.0377189 0.919905 -0.390319 -1.73062 2.818 -0.995181
data/frame-000218.color.jpg 0.279312 0.41367 0.80314 -0.325312 0.889346 3.22166 -1.39876
data/frame-000275.color.jpg 0.125739 0.267922 0.90729 -0.298717 -0.0814912 3.84048 -1.09148
data/frame-000286.color.jpg 0.10796 0.251004 0.899507 -0.340923 -0.271431 3.50957 -1.20647
data/frame-000013.color.jpg 0.439294 0.551124 0.585152 -0.401099 0.525697 2.58522 -1.38268
data/frame-000024.color.jpg 0.386162 0.531624 0.649467 -0.382685 0.209578 2.66874 -1.11961
data/frame-000035.color.jpg 0.421273 0.602165 0.55756 -0.386073 1.00422 2.45153 -1.13143
data/frame-000169.color.jpg 0.406172 0.715799 0.515874 -0.23776 3.13454 2.18484 -0.176943
data/frame-000343.color.jpg -0.065238 -0.168391 0.931113 -0.316886 -2.12966 2.48236 -0.278609
data/frame-000226.color.jpg 0.282982 0.441699 0.782723 -0.334915 1.25348 3.30282 -1.58551
data/frame-000237.color.jpg 0.188042 0.283291 0.836327 -0.430051 -0.0626762 3.27838 -2.23614
data/frame-000248.color.jpg 0.167949 0.257148 0.853677 -0.4206 -0.16313 3.22204 -1.96036
data/frame-000131.color.jpg 0.356269 0.655068 0.625896 -0.228501 1.94612 2.58264 -0.231859
data/frame-000305.color.jpg 0.099458 0.219906 0.919297 -0.310875 -0.248997 3.32415 -0.882189
data/frame-000054.color.jpg 0.469328 0.70343 0.451163 -0.285253 1.94962 2.22749 -0.535381
data/frame-000188.color.jpg 0.353829 0.633355 0.626245 -0.285454 2.64488 2.65821 -0.82669
data/frame-000199.color.jpg 0.330048 0.599417 0.679425 -0.264858 2.19334 2.86025 -0.717457
data/frame-000210.color.jpg 0.273209 0.485666 0.78452 -0.272055 1.26345 3.19858 -0.880033
data/frame-000344.color.jpg -0.0639212 -0.155874 0.933911 -0.315322 -2.03429 2.5405 -0.3024
data/frame-000093.color.jpg 0.509162 0.692289 0.4628 -0.217502 2.36829 2.35855 -0.259388
data/frame-000267.color.jpg 0.106781 0.118445 0.933522 -0.3211 -1.32391 3.6479 -1.24744
data/frame-000016.color.jpg 0.433197 0.551237 0.596779 -0.3903 0.502919 2.62271 -1.32109
data/frame-000150.color.jpg 0.329562 0.607822 0.664639 -0.28319 2.14147 2.66811 -0.692275
data/frame-000161.color.jpg 0.400652 0.632897 0.5924 -0.296617 2.54221 2.53507 -0.844312
data/frame-000172.color.jpg 0.406411 0.709732 0.516414 -0.253826 3.16706 2.17157 -0.315578
data/frame-000306.color.jpg 0.0959866 0.223749 0.919515 -0.30857 -0.221068 3.33034 -0.860111
data/frame-000055.color.jpg 0.464214 0.715691 0.446479 -0.270088 1.99193 2.20633 -0.408159
data/frame-000229.color.jpg 0.254558 0.409874 0.798073 -0.360948 0.998016 3.35782 -1.81366
data/frame-000112.color.jpg 0.465985 0.617742 0.559092 -0.297772 2.18824 2.53612 -0.868076
data/frame-000123.color.jpg 0.418775 0.638632 0.592643 -0.25603 2.06403 2.6267 -0.525933
data/frame-000006.color.jpg 0.437716 0.547293 0.580897 -0.414046 0.503834 2.54679 -1.43037
data/frame-000180.color.jpg 0.38054 0.64681 0.591566 -0.294746 2.85031 2.51374 -0.85505
data/frame-000191.color.jpg 0.346037 0.632868 0.633432 -0.280178 2.60499 2.67224 -0.774926
data/frame-000336.color.jpg -0.037795 -0.182734 0.910008 -0.370222 -2.41236 2.28227 -0.524388
data/frame-000074.color.jpg 0.431432 0.723236 0.482777 -0.240256 2.098 2.14244 -0.169434
data/frame-000085.color.jpg 0.456994 0.684522 0.504598 -0.260704 2.16253 2.3035 -0.486761
data/frame-000142.color.jpg 0.32629 0.632978 0.651184 -0.26236 2.11433 2.59266 -0.489642
data/frame-000153.color.jpg 0.348233 0.578851 0.665321 -0.317826 2.01713 2.72477 -1.03269
data/frame-000036.color.jpg 0.417192 0.61018 0.554788 -0.381892 1.07071 2.45238 -1.08625
data/frame-000047.color.jpg 0.450237 0.610462 0.540308 -0.364265 1.29556 2.40348 -1.17216
data/frame-000278.color.jpg 0.145014 0.30392 0.896875 -0.286738 0.20407 3.79319 -0.997862
data/frame-000289.color.jpg 0.0914693 0.215396 0.905374 -0.35431 -0.511608 3.40706 -1.21393
