data/frame-000000.color.jpg 0.438555 0.551218 0.58465 -0.402507 0.48902 2.5634 -1.38107
data/frame-000001.color.jpg 0.437133 0.550512 0.585726 -0.403456 0.485803 2.57175 -1.37753
data/frame-000002.color.jpg 0.433323 0.546066 0.584458 -0.415274 0.469034 2.54648 -1.42278
data/frame-000003.color.jpg 0.432022 0.542836 0.588788 -0.414746 0.446734 2.55455 -1.41841
data/frame-000004.color.jpg 0.431053 0.544589 0.588282 -0.414173 0.454827 2.56212 -1.4116
data/frame-000005.color.jpg 0.433923 0.54457 0.585087 -0.415727 0.46722 2.54907 -1.43145
data/frame-000006.color.jpg 0.436638 0.543458 0.583147 -0.41706 0.467241 2.53904 -1.45242
data/frame-000007.color.jpg 0.437357 0.546269 0.584176 -0.411154 0.47711 2.55909 -1.42491
data/frame-000008.color.jpg 0.434279 0.54652 0.586296 -0.411066 0.467798 2.57115 -1.41517
data/frame-000009.color.jpg 0.435082 0.546913 0.585984 -0.410137 0.472642 2.57234 -1.41363
data/frame-000010.color.jpg 0.435219 0.544183 0.585035 -0.41495 0.467614 2.55363 -1.44434
data/frame-000011.color.jpg 0.437657 0.544425 0.585453 -0.411463 0.470866 2.56241 -1.43281
data/frame-000012.color.jpg 0.436934 0.545412 0.58619 -0.409871 0.479168 2.57008 -1.42455
data/frame-000013.color.jpg 0.43597 0.549604 0.588475 -0.401949 0.495991 2.59552 -1.37869
data/frame-000014.color.jpg 0.432236 0.551327 0.591186 -0.399637 0.500926 2.60881 -1.35732
data/frame-000015.color.jpg 0.429975 0.548088 0.597154 -0.397653 0.470611 2.61512 -1.3488
data/frame-000016.color.jpg 0.431825 0.546734 0.599248 -0.394348 0.46338 2.61259 -1.34646
data/frame-000017.color.jpg 0.424735 0.543892 0.606869 -0.394325 0.427243 2.62513 -1.32464
data/frame-000018.color.jpg 0.422847 0.542343 0.612666 -0.389493 0.399953 2.63361 -1.29917
data/frame-000019.color.jpg 0.419865 0.539414 0.618843 -0.387013 0.362186 2.63889 -1.27734
data/frame-000020.color.jpg 0.418594 0.536639 0.624867 -0.382542 0.324713 2.64576 -1.25008
data/frame-000021.color.jpg 0.411586 0.534105 0.632203 -0.38164 0.282177 2.65035 -1.21837
data/frame-000022.color.jpg 0.405201 0.534488 0.636855 -0.380198 0.267892 2.65739 -1.18521
data/frame-000023.color.jpg 0.396559 0.532172 0.644308 -0.380001 0.228898 2.66118 -1.14925
data/frame-000024.color.jpg 0.38995 0.530854 0.648568 -0.381434 0.21202 2.66087 -1.12859
data/frame-000025.color.jpg 0.386223 0.527135 0.649532 -0.388675 0.196425 2.64417 -1.14752
data/frame-000026.color.jpg 0.394797 0.525968 0.649261 -0.382038 0.186407 2.62688 -1.14056
data/frame-000027.color.jpg 0.396057 0.526145 0.647333 -0.383757 0.193428 2.61515 -1.15507
data/frame-000028.color.jpg 0.403374 0.533725 0.637832 -0.381573 0.267174 2.59722 -1.16027
data/frame-000029.color.jpg 0.407284 0.546608 0.627433 -0.376387 0.363286 2.59301 -1.14147
data/frame-000030.color.jpg 0.411381 0.553985 0.617602 -0.377404 0.442212 2.57284 -1.14878
data/frame-000031.color.jpg 0.41041 0.572424 0.600804 -0.378058 0.623561 2.55612 -1.12365
data/frame-000032.color.jpg 0.407917 0.573261 0.599271 -0.381903 0.635262 2.54662 -1.13331
data/frame-000033.color.jpg 0.410649 0.582455 0.584365 -0.388111 0.764636 2.50861 -1.15598
data/frame-000034.color.jpg 0.418328 0.595843 0.56525 -0.387899 0.930341 2.46789 -1.14565
data/frame-000035.color.jpg 0.422831 0.600938 0.557438 -0.386459 0.999879 2.44576 -1.13814
data/frame-000036.color.jpg 0.420203 0.608931 0.553764 -0.38207 1.07079 2.44278 -1.09632
data/frame-000037.color.jpg 0.414515 0.611416 0.556543 -0.380273 1.09205 2.45007 -1.06984
data/frame-000038.color.jpg 0.408171 0.615477 0.556325 -0.380902 1.13973 2.444 -1.05484
data/frame-000039.color.jpg 0.403482 0.615155 0.553192 -0.390852 1.18609 2.41099 -1.09313
data/frame-000040.color.jpg 0.402434 0.616252 0.550893 -0.393443 1.21771 2.39654 -1.10155
data/frame-000041.color.jpg 0.40503 0.614921 0.545487 -0.400333 1.25573 2.36211 -1.14332
data/frame-000042.color.jpg 0.408241 0.616558 0.540828 -0.400874 1.29747 2.3398 -1.15655
data/frame-000043.color.jpg 0.419955 0.616188 0.544627 -0.383838 1.28443 2.37934 -1.13252
data/frame-000044.color.jpg 0.432555 0.608686 0.543183 -0.383862 1.26112 2.37199 -1.19179
data/frame-000045.color.jpg 0.446974 0.600597 0.54364 -0.379412 1.2311 2.37031 -1.22964
data/frame-000046.color.jpg 0.451001 0.602826 0.544916 -0.369141 1.24312 2.39617 -1.20164
data/frame-000047.color.jpg 0.453659 0.608748 0.539688 -0.363808 1.29407 2.3957 -1.1796
data/frame-000048.color.jpg 0.459697 0.608597 0.535634 -0.362469 1.31338 2.38112 -1.18415
data/frame-000049.color.jpg 0.465312 0.622816 0.523242 -0.349002 1.41829 2.37721 -1.10365
data/frame-000050.color.jpg 0.470439 0.64899 0.498828 -0.329651 1.61484 2.33682 -0.951695
data/frame-000051.color.jpg 0.472434 0.662263 0.484555 -0.32159 1.72023 2.3003 -0.8726
data/frame-000052.color.jpg 0.477025 0.675294 0.46835 -0.311567 1.82766 2.25361 -0.77791
data/frame-000053.color.jpg 0.480835 0.687719 0.454687 -0.298495 1.90956 2.2198 -0.670482
data/frame-000054.color.jpg 0.482293 0.6988 0.445014 -0.284667 1.96334 2.19815 -0.560236
data/frame-000055.color.jpg 0.473399 0.713621 0.441489 -0.267817 2.00652 2.18894 -0.412704
data/frame-000056.color.jpg 0.467815 0.714049 0.445943 -0.269106 2.00343 2.1803 -0.408484
data/frame-000057.color.jpg 0.464707 0.711095 0.451114 -0.273657 1.9955 2.17423 -0.425593
data/frame-000058.color.jpg 0.459725 0.711252 0.457447 -0.271139 1.98003 2.18434 -0.402813
data/frame-000059.color.jpg 0.458026 0.710577 0.460165 -0.271184 1.9714 2.18686 -0.402216
data/frame-000060.color.jpg 0.454954 0.706759 0.468391 -0.272248 1.94492 2.19215 -0.40788
data/frame-000061.color.jpg 0.453712 0.705931 0.471523 -0.271058 1.92994 2.20033 -0.405637
data/frame-000062.color.jpg 0.449168 0.708013 0.476308 -0.264756 1.91269 2.21572 -0.369311
data/frame-000063.color.jpg 0.443603 0.708983 0.480802 -0.263418 1.89977 2.21934 -0.357177
data/frame-000064.color.jpg 0.432503 0.709506 0.488734 -0.265858 1.8813 2.21684 -0.363239
data/frame-000065.color.jpg 0.431746 0.707508 0.493643 -0.263332 1.84652 2.23201 -0.365499
data/frame-000066.color.jpg 0.433293 0.706726 0.494627 -0.261035 1.83597 2.23488 -0.357635
data/frame-000067.color.jpg 0.426709 0.704525 0.499384 -0.268665 1.82399 2.23269 -0.394363
data/frame-000068.color.jpg 0.423666 0.700343 0.509519 -0.265363 1.78161 2.25251 -0.392115
data/frame-000069.color.jpg 0.426276 0.703414 0.504962 -0.261746 1.81551 2.23789 -0.365754
data/frame-000070.color.jpg 0.429022 0.70521 0.501247 -0.259558 1.84934 2.22308 -0.351935
data/frame-000071.color.jpg 0.425626 0.71589 0.495514 -0.246597 1.93987 2.19941 -0.245583
data/frame-000072.color.jpg 0.424277 0.719758 0.491676 -0.245342 1.98302 2.18123 -0.22697
data/frame-000073.color.jpg 0.427807 0.723516 0.485612 -0.24018 2.05041 2.16221 -0.177222
data/frame-000074.color.jpg 0.429159 0.723169 0.484885 -0.240283 2.08821 2.15204 -0.171556
data/frame-000075.color.jpg 0.432296 0.722837 0.484551 -0.236297 2.11368 2.15202 -0.142889
data/frame-000076.color.jpg 0.432127 0.722295 0.485068 -0.237205 2.13596 2.14515 -0.141256
data/frame-000077.color.jpg 0.434352 0.720784 0.485791 -0.236254 2.14592 2.14419 -0.137453
data/frame-000078.color.jpg 0.434029 0.720335 0.486851 -0.236036 2.16722 2.14177 -0.12674
data/frame-000079.color.jpg 0.433995 0.715232 0.490556 -0.243816 2.18869 2.14077 -0.176047
data/frame-000080.color.jpg 0.429163 0.706934 0.508137 -0.240541 2.1524 2.22764 -0.204207
data/frame-000081.color.jpg 0.426719 0.705845 0.510459 -0.243155 2.15223 2.23961 -0.226645
data/frame-000082.color.jpg 0.427139 0.703029 0.510212 -0.25097 2.16351 2.24066 -0.287781
data/frame-000083.color.jpg 0.434563 0.696286 0.509562 -0.258239 2.156 2.25928 -0.377927
data/frame-000084.color.jpg 0.447203 0.691986 0.504837 -0.257496 2.16631 2.27533 -0.422272
data/frame-000085.color.jpg 0.456678 0.685015 0.505244 -0.258705 2.16182 2.31327 -0.473063
data/frame-000086.color.jpg 0.466179 0.682198 0.499086 -0.261142 2.17932 2.30722 -0.508461
data/frame-000087.color.jpg 0.475636 0.676321 0.499699 -0.258187 2.16017 2.33452 -0.528994
data/frame-000088.color.jpg 0.487532 0.677334 0.49698 -0.237786 2.15671 2.38942 -0.434254
data/frame-000089.color.jpg 0.488287 0.683302 0.49071 -0.232116 2.202 2.38993 -0.383146
data/frame-000090.color.jpg 0.492713 0.686032 0.484626 -0.227447 2.23915 2.38601 -0.348392
data/frame-000091.color.jpg 0.5005 0.687438 0.476163 -0.224048 2.28249 2.37533 -0.32109
data/frame-000092.color.jpg 0.505076 0.689813 0.469884 -0.219693 2.32197 2.37175 -0.283718
data/frame-000093.color.jpg 0.50995 0.691636 0.462833 -0.217662 2.36681 2.35814 -0.260585
data/frame-000094.color.jpg 0.510419 0.695808 0.459099 -0.211073 2.40075 2.356 -0.20237
data/frame-000095.color.jpg 0.501775 0.702787 0.46149 -0.203318 2.42171 2.36409 -0.127899
data/frame-000096.color.jpg 0.498275 0.704783 0.464282 -0.198608 2.42392 2.3757 -0.0927965
data/frame-000097.color.jpg 0.491325 0.705012 0.471682 -0.197671 2.43815 2.39137 -0.0806334
data/frame-000098.color.jpg 0.488241 0.701701 0.477236 -0.203669 2.44259 2.39376 -0.121559
data/frame-000099.color.jpg 0.478127 0.701078 0.485888 -0.209278 2.43913 2.39965 -0.150242
data/frame-000100.color.jpg 0.47226 0.698222 0.492939 -0.215566 2.44137 2.40531 -0.191033
data/frame-000101.color.jpg 0.46691 0.690863 0.5029 -0.227584 2.44133 2.41739 -0.276929
data/frame-000102.color.jpg 0.466107 0.682058 0.509248 -0.24126 2.42752 2.41153 -0.374336
data/frame-000103.color.jpg 0.459254 0.679936 0.516485 -0.244984 2.41657 2.43204 -0.390835
data/frame-000104.color.jpg 0.45955 0.67381 0.519645 -0.254485 2.41694 2.4293 -0.454678
data/frame-000105.color.jpg 0.45866 0.663307 0.526604 -0.268968 2.38821 2.43688 -0.564053
data/frame-000106.color.jpg 0.460568 0.655543 0.531033 -0.275942 2.36215 2.45051 -0.627804
data/frame-000107.color.jpg 0.462046 0.645594 0.537607 -0.284079 2.32275 2.46951 -0.700313
data/frame-000108.color.jpg 0.462099 0.637093 0.544524 -0.289948 2.28541 2.49335 -0.757583
data/frame-000109.color.jpg 0.463667 0.631787 0.548607 -0.291357 2.26532 2.51054 -0.781067
data/frame-000110.color.jpg 0.465166 0.626228 0.552129 -0.294301 2.24066 2.52129 -0.817449
data/frame-000111.color.jpg 0.466415 0.623143 0.554471 -0.294467 2.22301 2.53172 -0.829426
data/frame-000112.color.jpg 0.465656 0.620855 0.558625 -0.292645 2.20493 2.55634 -0.82572
data/frame-000113.color.jpg 0.46443 0.619732 0.561083 -0.292272 2.19671 2.56087 -0.825593
data/frame-000114.color.jpg 0.45869 0.618296 0.567903 -0.291204 2.17322 2.58408 -0.824388
data/frame-000115.color.jpg 0.453164 0.617115 0.573933 -0.290538 2.14979 2.59607 -0.823792
data/frame-000116.color.jpg 0.445786 0.619151 0.581284 -0.282908 2.12836 2.63332 -0.770306
data/frame-000117.color.jpg 0.443728 0.619108 0.583393 -0.281893 2.12597 2.63723 -0.761939
data/frame-000118.color.jpg 0.439782 0.619795 0.585867 -0.281436 2.11544 2.63237 -0.751339
data/frame-000119.color.jpg 0.436943 0.624495 0.587303 -0.272327 2.11864 2.65703 -0.682289
data/frame-000120.color.jpg 0.434452 0.624777 0.589225 -0.271513 2.09916 2.64995 -0.675746
data/frame-000121.color.jpg 0.430671 0.627013 0.590772 -0.269007 2.07893 2.64078 -0.654175
data/frame-000122.color.jpg 0.426903 0.634012 0.589335 -0.261662 2.08126 2.63103 -0.581401
data/frame-000123.color.jpg 0.418955 0.638255 0.591765 -0.258691 2.06652 2.61428 -0.54298
data/frame-000124.color.jpg 0.410029 0.645245 0.594645 -0.248862 2.05821 2.61881 -0.456286
data/frame-000125.color.jpg 0.40296 0.651948 0.597492 -0.235777 2.03637 2.62119 -0.35166
data/frame-000126.color.jpg 0.398067 0.655952 0.597123 -0.233912 2.04322 2.59914 -0.321897
data/frame-000127.color.jpg 0.389487 0.658639 0.599538 -0.234624 2.03765 2.57104 -0.298629
data/frame-000128.color.jpg 0.381699 0.660847 0.603203 -0.231805 2.02831 2.56117 -0.262784
data/frame-000129.color.jpg 0.377313 0.657594 0.608352 -0.23476 2.00748 2.55744 -0.282807
data/frame-000130.color.jpg 0.365947 0.654937 0.619099 -0.23207 1.96552 2.57077 -0.262269
data/frame-000131.color.jpg 0.357976 0.653592 0.625732 -0.2305 1.94116 2.57715 -0.250472
data/frame-000132.color.jpg 0.34831 0.652728 0.631987 -0.230694 1.92467 2.57764 -0.248453
data/frame-000133.color.jpg 0.332623 0.655488 0.63827 -0.22871 1.92046 2.57407 -0.2195
data/frame-000134.color.jpg 0.329736 0.653674 0.641034 -0.230347 1.90798 2.56887 -0.236341
data/frame-000135.color.jpg 0.323478 0.650181 0.643471 -0.242016 1.91905 2.55909 -0.311168
data/frame-000136.color.jpg 0.310008 0.644231 0.652003 -0.252496 1.93726 2.56436 -0.38442
data/frame-000137.color.jpg 0.305111 0.645824 0.653823 -0.249668 1.9812 2.57266 -0.366845
data/frame-000138.color.jpg 0.308912 0.643159 0.655194 -0.248275 1.99745 2.58678 -0.371521
data/frame-000139.color.jpg 0.316337 0.642696 0.649848 -0.254107 2.05478 2.56947 -0.412258
data/frame-000140.color.jpg 0.325037 0.637194 0.64811 -0.26132 2.10026 2.57288 -0.471448
data/frame-000141.color.jpg 0.324998 0.633687 0.650739 -0.263354 2.11179 2.58556 -0.492298
data/frame-000142.color.jpg 0.324471 0.633268 0.651704 -0.262624 2.11272 2.59408 -0.487755
data/frame-000143.color.jpg 0.329665 0.630239 0.650761 -0.265763 2.14506 2.59415 -0.5211
data/frame-000144.color.jpg 0.329278 0.629126 0.651121 -0.267989 2.16056 2.59304 -0.536043
data/frame-000145.color.jpg 0.328926 0.627825 0.652605 -0.267863 2.17148 2.60328 -0.537763
data/frame-000146.color.jpg 0.327254 0.624691 0.654554 -0.272444 2.1839 2.60193 -0.576984
data/frame-000147.color.jpg 0.321628 0.621818 0.659579 -0.273593 2.17319 2.62356 -0.587588
data/frame-000148.color.jpg 0.319777 0.61834 0.662945 -0.275503 2.16016 2.63652 -0.606825
data/frame-000149.color.jpg 0.32248 0.61199 0.666341 -0.278324 2.14203 2.65605 -0.645635
data/frame-000150.color.jpg 0.327322 0.609851 0.664541 -0.281652 2.15112 2.67176 -0.672469
data/frame-000151.color.jpg 0.334963 0.600873 0.663924 -0.293184 2.12116 2.67342 -0.776644
data/frame-000152.color.jpg 0.341794 0.585405 0.665546 -0.312293 2.04702 2.70618 -0.96437
data/frame-000153.color.jpg 0.347556 0.57797 0.665683 -0.319407 2.00997 2.72135 -1.04733
data/frame-000154.color.jpg 0.349072 0.576179 0.666026 -0.320275 2 2.72792 -1.06182
data/frame-000155.color.jpg 0.354921 0.567942 0.666902 -0.326671 1.9571 2.74053 -1.14722
data/frame-000156.color.jpg 0.355421 0.564825 0.667319 -0.330658 1.93654 2.74458 -1.19792
data/frame-000157.color.jpg 0.365988 0.56614 0.66265 -0.326243 1.95701 2.75226 -1.19675
data/frame-000158.color.jpg 0.371953 0.578766 0.652595 -0.317492 2.05208 2.75867 -1.12403
data/frame-000159.color.jpg 0.38204 0.590121 0.640063 -0.310035 2.15435 2.72962 -1.05557
data/frame-000160.color.jpg 0.394408 0.608669 0.616896 -0.305618 2.33794 2.63205 -0.980927
data/frame-000161.color.jpg 0.400655 0.632311 0.592179 -0.298299 2.54083 2.52788 -0.858206
data/frame-000162.color.jpg 0.405375 0.64592 0.577439 -0.291585 2.64913 2.46545 -0.765216
data/frame-000163.color.jpg 0.412389 0.662559 0.561287 -0.275514 2.76756 2.41655 -0.60056
data/frame-000164.color.jpg 0.416865 0.674598 0.54676 -0.268689 2.86397 2.34982 -0.506747
data/frame-000165.color.jpg 0.41696 0.684792 0.536544 -0.263294 2.93879 2.29502 -0.429793
data/frame-000166.color.jpg 0.417437 0.693528 0.530178 -0.252341 2.98605 2.27824 -0.330506
data/frame-000167.color.jpg 0.4129 0.706335 0.521128 -0.24296 3.06677 2.22575 -0.22833
data/frame-000168.color.jpg 0.408735 0.713882 0.515948 -0.238967 3.11786 2.19072 -0.181018
data/frame-000169.color.jpg 0.405753 0.715931 0.515943 -0.237928 3.1348 2.18434 -0.177618
data/frame-000170.color.jpg 0.406086 0.717454 0.51465 -0.235562 3.15038 2.18861 -0.162234
data/frame-000171.color.jpg 0.406848 0.711976 0.514164 -0.251399 3.17663 2.16363 -0.288846
data/frame-000172.color.jpg 0.405728 0.711294 0.516156 -0.251054 3.17313 2.1774 -0.290225
data/frame-000173.color.jpg 0.403355 0.705581 0.52253 -0.257727 3.15771 2.20239 -0.362825
data/frame-000174.color.jpg 0.399558 0.694599 0.534588 -0.268516 3.11641 2.25364 -0.489029
data/frame-000175.color.jpg 0.39573 0.681884 0.548868 -0.277806 3.06548 2.31614 -0.606594
data/frame-000176.color.jpg 0.391665 0.672284 0.559626 -0.285397 3.01939 2.36208 -0.694794
data/frame-000177.color.jpg 0.391329 0.669472 0.562032 -0.287731 3.00523 2.37081 -0.721549
data/frame-000178.color.jpg 0.385968 0.653867 0.581247 -0.292641 2.90439 2.46727 -0.816863
data/frame-000179.color.jpg 0.385191 0.653229 0.581991 -0.293609 2.90332 2.46799 -0.825495
data/frame-000180.color.jpg 0.379247 0.64711 0.591566 -0.295752 2.85022 2.51071 -0.863645
data/frame-000181.color.jpg 0.374894 0.644116 0.597727 -0.295451 2.81719 2.53805 -0.872959
data/frame-000182.color.jpg 0.374053 0.641946 0.601475 -0.29363 2.80127 2.56028 -0.867431
data/frame-000183.color.jpg 0.368349 0.635752 0.611049 -0.294547 2.73506 2.59417 -0.895449
data/frame-000184.color.jpg 0.363238 0.634094 0.617353 -0.291305 2.6982 2.6266 -0.87619
data/frame-000185.color.jpg 0.363157 0.634094 0.617616 -0.290847 2.69582 2.62661 -0.873675
data/frame-000186.color.jpg 0.359136 0.634999 0.621183 -0.286232 2.68014 2.64832 -0.834212
data/frame-000187.color.jpg 0.356886 0.634521 0.622502 -0.287241 2.66952 2.64401 -0.840955
data/frame-000188.color.jpg 0.354793 0.632765 0.625697 -0.286764 2.64479 2.65149 -0.83891
data/frame-000189.color.jpg 0.350826 0.633388 0.629284 -0.282386 2.62552 2.66217 -0.804666
data/frame-000190.color.jpg 0.346258 0.633029 0.632097 -0.282546 2.60946 2.66604 -0.79896
data/frame-000191.color.jpg 0.344914 0.632134 0.633922 -0.282107 2.59807 2.66928 -0.790986
data/frame-000192.color.jpg 0.34243 0.630964 0.636582 -0.281762 2.58109 2.67287 -0.785485
data/frame-000193.color.jpg 0.339715 0.6289 0.640721 -0.280278 2.55646 2.68327 -0.776889
data/frame-000194.color.jpg 0.338223 0.627538 0.642301 -0.281516 2.53833 2.68114 -0.775863
data/frame-000195.color.jpg 0.336571 0.619667 0.650249 -0.282683 2.46508 2.71049 -0.7959
data/frame-000196.color.jpg 0.33036 0.615387 0.659907 -0.276919 2.39199 2.75739 -0.762765
data/frame-000197.color.jpg 0.328872 0.607708 0.670703 -0.269616 2.30212 2.81452 -0.731371
data/frame-000198.color.jpg 0.324128 0.60614 0.676941 -0.263222 2.24544 2.84944 -0.692095
data/frame-000199.color.jpg 0.328246 0.600382 0.67913 -0.265668 2.19852 2.85605 -0.716959
data/frame-000200.color.jpg 0.326281 0.596345 0.685165 -0.261654 2.13622 2.87804 -0.697875
data/frame-000201.color.jpg 0.323607 0.591544 0.690722 -0.26126 2.08497 2.89936 -0.697752
data/frame-000202.color.jpg 0.31673 0.583111 0.700504 -0.262599 2.00295 2.929 -0.715758
data/frame-000203.color.jpg 0.310204 0.574713 0.709373 -0.265081 1.9256 2.95234 -0.744915
data/frame-000204.color.jpg 0.30251 0.566027 0.719387 -0.265675 1.84285 2.98648 -0.754699
data/frame-000205.color.jpg 0.29783 0.557284 0.727717 -0.26676 1.77169 3.01296 -0.772129
data/frame-000206.color.jpg 0.287796 0.541372 0.743038 -0.2683 1.64829 3.06564 -0.796722
data/frame-000207.color.jpg 0.280123 0.527916 0.755064 -0.269656 1.54256 3.10632 -0.818802
data/frame-000208.color.jpg 0.276502 0.508195 0.769697 -0.269908 1.39574 3.15348 -0.846172
data/frame-000209.color.jpg 0.273506 0.497951 0.778198 -0.26767 1.32376 3.18609 -0.838527
data/frame-000210.color.jpg 0.269207 0.482317 0.786444 -0.276413 1.23025 3.19573 -0.911934
data/frame-000211.color.jpg 0.267744 0.473149 0.789468 -0.284925 1.18732 3.19149 -0.973994
data/frame-000212.color.jpg 0.257691 0.442906 0.802861 -0.304704 0.992556 3.21001 -1.11718
data/frame-000213.color.jpg 0.257222 0.432654 0.806552 -0.310035 0.927932 3.21317 -1.16589
data/frame-000214.color.jpg 0.254671 0.422173 0.811484 -0.313697 0.85903 3.22558 -1.20318
data/frame-000215.color.jpg 0.255752 0.416331 0.81391 -0.314341 0.81889 3.23557 -1.22343
data/frame-000216.color.jpg 0.260533 0.410892 0.814413 -0.316262 0.798369 3.25974 -1.27215
data/frame-000217.color.jpg 0.26512 0.412037 0.811737 -0.317838 0.826219 3.26106 -1.30454
data/frame-000218.color.jpg 0.27009 0.415935 0.807092 -0.320394 0.872971 3.26288 -1.34065
data/frame-000219.color.jpg 0.273964 0.41909 0.801287 -0.327486 0.919834 3.23978 -1.40796
data/frame-000220.color.jpg 0.283317 0.430168 0.792859 -0.325672 1.03878 3.23871 -1.42219
data/frame-000221.color.jpg 0.284601 0.443867 0.786073 -0.322605 1.17226 3.26569 -1.42642
data/frame-000222.color.jpg 0.288705 0.44505 0.782692 -0.325536 1.21235 3.26762 -1.4679
data/frame-000223.color.jpg 0.287919 0.444756 0.780284 -0.332343 1.24539 3.26267 -1.52859
data/frame-000224.color.jpg 0.28917 0.44173 0.78017 -0.335545 1.24479 3.26418 -1.57567
data/frame-000225.color.jpg 0.290261 0.442899 0.781047 -0.330991 1.26145 3.29411 -1.55716
data/frame-000226.color.jpg 0.284147 0.442315 0.781539 -0.335878 1.26506 3.29356 -1.59335
data/frame-000227.color.jpg 0.279625 0.440591 0.781469 -0.342046 1.26338 3.29216 -1.64946
data/frame-000228.color.jpg 0.26367 0.42818 0.786627 -0.35827 1.16413 3.29438 -1.76794
data/frame-000229.color.jpg 0.256518 0.409517 0.796955 -0.362432 1.00235 3.34518 -1.8288
data/frame-000230.color.jpg 0.245808 0.384023 0.805541 -0.378429 0.78815 3.34544 -1.96238
data/frame-000231.color.jpg 0.24028 0.366701 0.812607 -0.384012 0.637918 3.36356 -2.01931
data/frame-000232.color.jpg 0.233967 0.350568 0.818004 -0.391448 0.4982 3.36207 -2.07321
data/frame-000233.color.jpg 0.227102 0.336018 0.82192 -0.399955 0.381104 3.34527 -2.12845
data/frame-000234.color.jpg 0.217712 0.317894 0.82801 -0.407362 0.224422 3.33501 -2.16458
data/frame-000235.color.jpg 0.203061 0.300003 0.832904 -0.418371 0.0705524 3.30925 -2.20688
data/frame-000236.color.jpg 0.197335 0.291686 0.834711 -0.423364 0.00495864 3.29497 -2.22257
data/frame-000237.color.jpg 0.189461 0.282347 0.835443 -0.431764 -0.0650315 3.26337 -2.25327
data/frame-000238.color.jpg 0.185237 0.273165 0.836978 -0.436504 -0.121112 3.23974 -2.26287
data/frame-000239.color.jpg 0.178329 0.266771 0.839222 -0.439021 -0.169823 3.23654 -2.25002
data/frame-000240.color.jpg 0.174608 0.258087 0.841697 -0.440963 -0.22307 3.22284 -2.23883
data/frame-000241.color.jpg 0.175434 0.251468 0.840862 -0.446024 -0.252622 3.18153 -2.26309
data/frame-000242.color.jpg 0.175442 0.245768 0.843873 -0.443504 -0.283997 3.17807 -2.2288
data/frame-000243.color.jpg 0.177451 0.247309 0.844736 -0.440193 -0.249969 3.17773 -2.19283
data/frame-000244.color.jpg 0.175511 0.247457 0.845169 -0.440057 -0.247642 3.16742 -2.1715
data/frame-000245.color.jpg 0.177339 0.251826 0.846134 -0.434961 -0.200285 3.17942 -2.12089
data/frame-000246.color.jpg 0.174727 0.257026 0.84454 -0.436074 -0.151579 3.16709 -2.10326
data/frame-000247.color.jpg 0.171227 0.258793 0.846632 -0.432345 -0.140299 3.17335 -2.05496
data/frame-000248.color.jpg 0.165705 0.255935 0.853531 -0.422521 -0.177718 3.21496 -1.96914
data/frame-000249.color.jpg 0.163245 0.255057 0.8561 -0.418795 -0.192634 3.22906 -1.93544
data/frame-000250.color.jpg 0.158139 0.251495 0.864008 -0.406488 -0.238129 3.27171 -1.83839
data/frame-000251.color.jpg 0.140164 0.232653 0.884263 -0.379876 -0.415424 3.37501 -1.61528
data/frame-000252.color.jpg 0.136005 0.224392 0.892123 -0.367787 -0.483747 3.41613 -1.52468
data/frame-000253.color.jpg 0.134405 0.222166 0.893173 -0.367179 -0.501989 3.41807 -1.51618
data/frame-000254.color.jpg 0.124834 0.215937 0.901002 -0.354942 -0.550859 3.47234 -1.41033
data/frame-000255.color.jpg 0.116871 0.213602 0.903788 -0.35197 -0.565231 3.49955 -1.37065
data/frame-000256.color.jpg 0.114339 0.212207 0.905687 -0.348749 -0.581277 3.51178 -1.34286
data/frame-000257.color.jpg 0.111241 0.207878 0.909378 -0.342701 -0.614102 3.54203 -1.30051
data/frame-000258.color.jpg 0.102803 0.188374 0.918806 -0.331275 -0.760249 3.60072 -1.2187
data/frame-000259.color.jpg 0.0939553 0.166596 0.922288 -0.335861 -0.926551 3.59388 -1.23523
data/frame-000260.color.jpg 0.0923091 0.152105 0.927038 -0.330065 -1.04756 3.61082 -1.19369
data/frame-000261.color.jpg 0.0989475 0.149319 0.925886 -0.33264 -1.05556 3.61061 -1.25158
data/frame-000262.color.jpg 0.094846 0.142812 0.930689 -0.323151 -1.11929 3.64811 -1.18207
data/frame-000263.color.jpg 0.0935306 0.13285 0.932523 -0.322497 -1.19858 3.65055 -1.18913
data/frame-000264.color.jpg 0.0972309 0.126767 0.934113 -0.319232 -1.24701 3.65538 -1.18639
data/frame-000265.color.jpg 0.0981341 0.123293 0.93552 -0.31618 -1.28212 3.66485 -1.17504
data/frame-000266.color.jpg 0.103289 0.119971 0.935605 -0.315565 -1.31129 3.66458 -1.19808
data/frame-000267.color.jpg 0.104311 0.117923 0.934542 -0.319131 -1.334 3.65686 -1.22551
data/frame-000268.color.jpg 0.109772 0.123917 0.934582 -0.314882 -1.29131 3.67302 -1.21631
data/frame-000269.color.jpg 0.113293 0.134652 0.93461 -0.309093 -1.21611 3.69873 -1.19009
data/frame-000270.color.jpg 0.122853 0.158569 0.933957 -0.295783 -1.03088 3.77126 -1.1267
data/frame-000271.color.jpg 0.12629 0.174545 0.929555 -0.299186 -0.890558 3.78447 -1.16098
data/frame-000272.color.jpg 0.135861 0.209504 0.921213 -0.298356 -0.591895 3.82302 -1.17002
data/frame-000273.color.jpg 0.139567 0.242897 0.913417 -0.295281 -0.304973 3.84792 -1.13193
data/frame-000274.color.jpg 0.131888 0.261448 0.909165 -0.296091 -0.132932 3.85318 -1.09984
data/frame-000275.color.jpg 0.128034 0.269823 0.907204 -0.296283 -0.0626704 3.848 -1.08174
data/frame-000276.color.jpg 0.133314 0.285957 0.904423 -0.287184 0.0630124 3.84256 -1.01258
data/frame-000277.color.jpg 0.136723 0.294226 0.901225 -0.287284 0.122782 3.809 -1.00472
data/frame-000278.color.jpg 0.148485 0.30665 0.894771 -0.288623 0.236839 3.78096 -1.02067
data/frame-000279.color.jpg 0.142002 0.306927 0.891792 -0.300564 0.236636 3.74267 -1.08025
data/frame-000280.color.jpg 0.141337 0.304926 0.888762 -0.311683 0.224734 3.70136 -1.14997
data/frame-000281.color.jpg 0.134266 0.29914 0.888343 -0.321457 0.170045 3.66702 -1.19405
data/frame-000282.color.jpg 0.139984 0.291466 0.894846 -0.307737 0.0668332 3.65965 -1.09899
data/frame-000283.color.jpg 0.135403 0.282805 0.89719 -0.311026 -0.0173066 3.64631 -1.10168
data/frame-000284.color.jpg 0.121744 0.263237 0.89864 -0.329137 -0.169185 3.55546 -1.17726
data/frame-000285.color.jpg 0.11766 0.260361 0.89836 -0.333642 -0.191797 3.54096 -1.19653
data/frame-000286.color.jpg 0.111598 0.251427 0.897747 -0.344066 -0.258042 3.49079 -1.24225
data/frame-000287.color.jpg 0.108024 0.244475 0.901574 -0.340188 -0.316763 3.48943 -1.19358
data/frame-000288.color.jpg 0.0996262 0.232923 0.901799 -0.350115 -0.393724 3.44501 -1.22413
data/frame-000289.color.jpg 0.094726 0.21671 0.904529 -0.35481 -0.492872 3.40082 -1.22591
data/frame-000290.color.jpg 0.0876193 0.205167 0.906371 -0.358777 -0.559452 3.37273 -1.22355
data/frame-000291.color.jpg 0.0792641 0.193001 0.90904 -0.360714 -0.617978 3.34308 -1.19492
data/frame-000292.color.jpg 0.0724474 0.187183 0.910546 -0.361414 -0.642163 3.32861 -1.17127
data/frame-000293.color.jpg 0.0711807 0.183351 0.911256 -0.36184 -0.644705 3.31578 -1.16656
data/frame-000294.color.jpg 0.0737887 0.18124 0.912403 -0.359483 -0.637106 3.31125 -1.15276
data/frame-000295.color.jpg 0.0738467 0.175537 0.91172 -0.364005 -0.640967 3.28181 -1.17241
data/frame-000296.color.jpg 0.0761982 0.174713 0.910612 -0.366682 -0.630096 3.26799 -1.19096
data/frame-000297.color.jpg 0.0789173 0.175083 0.909195 -0.369435 -0.609298 3.25555 -1.21071
data/frame-000298.color.jpg 0.0807968 0.175394 0.90776 -0.372399 -0.597379 3.24128 -1.23316
data/frame-000299.color.jpg 0.0876361 0.177797 0.905956 -0.374101 -0.556429 3.22646 -1.25517
data/frame-000300.color.jpg 0.092852 0.182457 0.907994 -0.365562 -0.516341 3.24007 -1.20828
data/frame-000301.color.jpg 0.0935027 0.186678 0.909 -0.360732 -0.480958 3.24831 -1.18074
data/frame-000302.color.jpg 0.0917557 0.193327 0.909075 -0.357476 -0.428351 3.25661 -1.15256
data/frame-000303.color.jpg 0.094881 0.21136 0.91642 -0.326341 -0.299034 3.29906 -0.965257
data/frame-000304.color.jpg 0.0957149 0.21245 0.917793 -0.321495 -0.294024 3.30683 -0.939056
data/frame-000305.color.jpg 0.100611 0.219807 0.918377 -0.313282 -0.246306 3.31433 -0.899408
data/frame-000306.color.jpg 0.0964784 0.223098 0.918563 -0.311707 -0.222543 3.31793 -0.883604
data/frame-000307.color.jpg 0.0984984 0.224118 0.920802 -0.303634 -0.212411 3.32501 -0.836286
data/frame-000308.color.jpg 0.0937747 0.224553 0.922627 -0.299235 -0.201464 3.33278 -0.79559
data/frame-000309.color.jpg 0.0878331 0.212355 0.925563 -0.300872 -0.273182 3.31743 -0.795483
data/frame-000310.color.jpg 0.0850351 0.200107 0.927383 -0.304446 -0.338189 3.29957 -0.809559
data/frame-000311.color.jpg 0.0746859 0.179528 0.929803 -0.312503 -0.451093 3.27058 -0.834835
data/frame-000312.color.jpg 0.0684108 0.161791 0.932528 -0.31549 -0.536764 3.24692 -0.829105
data/frame-000313.color.jpg 0.0614013 0.141674 0.933569 -0.323431 -0.640857 3.20354 -0.848859
data/frame-000314.color.jpg 0.052542 0.120068 0.935707 -0.327528 -0.760723 3.17209 -0.844447
data/frame-000315.color.jpg 0.045687 0.0971111 0.939278 -0.325944 -0.895242 3.14204 -0.807669
data/frame-000316.color.jpg 0.0371196 0.081445 0.941821 -0.32398 -0.992344 3.12494 -0.772889
data/frame-000317.color.jpg 0.0322305 0.0688505 0.941576 -0.328109 -1.06216 3.10342 -0.778
data/frame-000318.color.jpg 0.0221312 0.0479265 0.940024 -0.336999 -1.1939 3.06893 -0.800188
data/frame-000319.color.jpg 0.0129004 0.025218 0.93696 -0.348286 -1.33003 3.01871 -0.829052
data/frame-000320.color.jpg 0.00877672 0.0124506 0.934402 -0.355894 -1.41029 2.9865 -0.858036
data/frame-000321.color.jpg 0.00933524 -0.00299409 0.932456 -0.361151 -1.51033 2.94766 -0.880815
data/frame-000322.color.jpg 0.00473158 -0.0165686 0.929102 -0.369422 -1.59658 2.90602 -0.911987
data/frame-000323.color.jpg 0.002192 -0.0242781 0.926392 -0.375772 -1.6469 2.87506 -0.934988
data/frame-000324.color.jpg -0.00284863 -0.0402142 0.91925 -0.391605 -1.74796 2.80625 -0.999621
data/frame-000325.color.jpg -0.0122716 -0.0720594 0.91108 -0.405697 -1.93913 2.68314 -1.00442
data/frame-000326.color.jpg -0.0129565 -0.0829457 0.908495 -0.409377 -2.00112 2.63229 -1.00381
data/frame-000327.color.jpg -0.0160668 -0.0978084 0.904133 -0.415595 -2.08332 2.56264 -0.996615
data/frame-000328.color.jpg -0.0214203 -0.108925 0.899171 -0.423282 -2.13886 2.50666 -0.994805
data/frame-000329.color.jpg -0.0207575 -0.117997 0.897 -0.425484 -2.17375 2.46157 -0.986965
data/frame-000330.color.jpg -0.0265656 -0.127021 0.897868 -0.420704 -2.2095 2.44101 -0.922364
data/frame-000331.color.jpg -0.0300573 -0.133959 0.897623 -0.418837 -2.23663 2.41562 -0.886962
data/frame-000332.color.jpg -0.0249985 -0.148024 0.900502 -0.408117 -2.28808 2.36238 -0.816322
data/frame-000333.color.jpg -0.0315473 -0.155033 0.903062 -0.39931 -2.31179 2.36346 -0.736839
data/frame-000334.color.jpg -0.0341083 -0.165109 0.905787 -0.388748 -2.34814 2.33649 -0.65547
data/frame-000335.color.jpg -0.0349159 -0.174105 0.907407 -0.380895 -2.37957 2.30384 -0.597111
data/frame-000336.color.jpg -0.0386267 -0.182904 0.910609 -0.368572 -2.41478 2.28884 -0.511744
data/frame-000337.color.jpg -0.0447272 -0.195565 0.915254 -0.349376 -2.4318 2.26366 -0.383385
data/frame-000338.color.jpg -0.0495373 -0.19786 0.915496 -0.346791 -2.4399 2.26172 -0.354447
data/frame-000339.color.jpg -0.0487583 -0.202684 0.920006 -0.331859 -2.43676 2.25612 -0.282034
data/frame-000340.color.jpg -0.0543204 -0.208075 0.921045 -0.324699 -2.44737 2.24676 -0.237975
data/frame-000341.color.jpg -0.057243 -0.204358 0.922503 -0.322413 -2.3922 2.28231 -0.237604
data/frame-000342.color.jpg -0.0605865 -0.175784 0.930416 -0.315841 -2.18154 2.44833 -0.271302
data/frame-000343.color.jpg -0.06132 -0.167534 0.932174 -0.314998 -2.12017 2.48836 -0.281642
data/frame-000344.color.jpg -0.062614 -0.156482 0.934182 -0.314479 -2.03544 2.53903 -0.302483
data/frame-000345.color.jpg -0.0609548 -0.15143 0.936211 -0.311229 -1.97703 2.57035 -0.306291
data/frame-000346.color.jpg -0.0620293 -0.14714 0.936451 -0.312349 -1.9202 2.58971 -0.321184
data/frame-000347.color.jpg -0.063101 -0.145665 0.936727 -0.311998 -1.87807 2.60439 -0.330169
data/frame-000348.color.jpg -0.0574525 -0.146676 0.93429 -0.319824 -1.8619 2.582 -0.402445
data/frame-000349.color.jpg -0.0455327 -0.149933 0.935471 -0.316766 -1.85591 2.5784 -0.423067
data/frame-000350.color.jpg -0.0417692 -0.160708 0.933289 -0.318433 -1.89575 2.54064 -0.444228
data/frame-000351.color.jpg -0.063043 -0.205855 0.919544 -0.328767 -2.1086 2.40975 -0.401981
data/frame-000352.color.jpg -0.0658652 -0.226582 0.91304 -0.332686 -2.19826 2.32888 -0.391179
data/frame-000353.color.jpg -0.0685743 -0.239811 0.909203 -0.333373 -2.24404 2.29247 -0.368545
data/frame-000354.color.jpg -0.0708487 -0.24656 0.904378 -0.34101 -2.27593 2.26108 -0.401305
data/frame-000355.color.jpg -0.0803513 -0.240128 0.908774 -0.331681 -2.22866 2.34567 -0.347067
data/frame-000356.color.jpg -0.0816975 -0.224434 0.909067 -0.341398 -2.11546 2.41294 -0.429374
