frame-000000.color.jpg 0.439975 0.555600 0.582579 -0.397909 0.525147 2.575809 -1.352290 0.635193 0.012787
frame-000001.color.jpg 0.438013 0.553122 0.582929 -0.402982 0.514286 2.568892 -1.368110 1.064287 0.018187
frame-000002.color.jpg 0.439069 0.551622 0.579317 -0.409051 0.526739 2.548941 -1.398273 1.072247 0.020422
frame-000003.color.jpg 0.433966 0.546894 0.585925 -0.411427 0.484250 2.561010 -1.397078 1.095841 0.019586
frame-000004.color.jpg 0.433362 0.549029 0.585310 -0.410095 0.494397 2.570250 -1.386799 1.138639 0.020212
frame-000005.color.jpg 0.435475 0.549565 0.582987 -0.410447 0.504539 2.566443 -1.395604 1.175681 0.020698
frame-000006.color.jpg 0.436992 0.549233 0.580143 -0.413299 0.512420 2.552236 -1.417257 1.021894 0.018563
frame-000007.color.jpg 0.437509 0.550563 0.582555 -0.407547 0.508754 2.573243 -1.394559 1.351029 0.023912
frame-000008.color.jpg 0.436945 0.551345 0.581953 -0.407955 0.516593 2.572399 -1.396039 1.297819 0.023321
frame-000009.color.jpg 0.436872 0.551824 0.582857 -0.406092 0.515593 2.581808 -1.385790 1.393570 0.025315
frame-000010.color.jpg 0.434990 0.551351 0.583108 -0.408387 0.515097 2.581349 -1.393294 1.219825 0.022043
frame-000011.color.jpg 0.434439 0.551543 0.583974 -0.407476 0.513661 2.588136 -1.388152 1.111026 0.020126
frame-000012.color.jpg 0.437365 0.550013 0.583448 -0.407168 0.517419 2.578340 -1.398918 1.101070 0.019990
frame-000013.color.jpg 0.439095 0.552288 0.584821 -0.400199 0.530216 2.590029 -1.373971 1.209768 0.020925
frame-000014.color.jpg 0.436873 0.553998 0.587092 -0.396928 0.538733 2.602425 -1.353776 1.192413 0.020908
frame-000015.color.jpg 0.434736 0.551063 0.592770 -0.394914 0.511428 2.608843 -1.344770 0.947505 0.015899
frame-000016.color.jpg 0.432544 0.550882 0.597098 -0.391035 0.496600 2.621941 -1.325119 0.886466 0.013793
frame-000017.color.jpg 0.426764 0.548199 0.603522 -0.391294 0.466380 2.628495 -1.310200 0.804737 0.011991
frame-000018.color.jpg 0.423869 0.545654 0.610725 -0.386797 0.427546 2.640461 -1.282943 0.748777 0.010682
frame-000019.color.jpg 0.419480 0.543366 0.617670 -0.383762 0.387690 2.652034 -1.255014 0.822777 0.012498
frame-000020.color.jpg 0.417472 0.540068 0.623542 -0.381102 0.348089 2.654017 -1.235270 0.779897 0.011436
frame-000021.color.jpg 0.411289 0.537836 0.630816 -0.379005 0.306868 2.661715 -1.199159 0.595705 0.008425
frame-000022.color.jpg 0.402160 0.537024 0.636367 -0.380669 0.279474 2.665098 -1.172699 0.430875 0.006767
frame-000023.color.jpg 0.393957 0.535971 0.643228 -0.379198 0.250770 2.672032 -1.130238 0.324455 0.005292
frame-000024.color.jpg 0.385916 0.533254 0.648451 -0.382388 0.221979 2.669346 -1.114679 0.219354 0.003687
frame-000025.color.jpg 0.382473 0.529498 0.649324 -0.389519 0.206947 2.652391 -1.132924 0.205506 0.003562
frame-000026.color.jpg 0.387863 0.523770 0.651295 -0.388640 0.161976 2.624293 -1.144731 0.674849 0.013716
frame-000027.color.jpg 0.390251 0.526949 0.648825 -0.386076 0.187410 2.624718 -1.140077 0.386689 0.008194
frame-000028.color.jpg 0.395185 0.534320 0.641047 -0.383913 0.251195 2.613346 -1.141031 0.370981 0.008020
frame-000029.color.jpg 0.400759 0.546466 0.630382 -0.378662 0.345510 2.605401 -1.126226 0.493542 0.009862
frame-000030.color.jpg 0.404571 0.556409 0.619798 -0.377599 0.438995 2.591576 -1.124538 0.328080 0.006270
frame-000031.color.jpg 0.405913 0.572294 0.601704 -0.381663 0.615566 2.555827 -1.125542 0.208478 0.004013
frame-000032.color.jpg 0.405679 0.575282 0.599396 -0.381052 0.643064 2.555075 -1.119488 0.091929 0.002407
frame-000033.color.jpg 0.406779 0.584516 0.585396 -0.387536 0.767102 2.521950 -1.137643 0.229986 0.004431
frame-000034.color.jpg 0.415926 0.597226 0.565771 -0.387594 0.933397 2.475203 -1.138083 0.191542 0.003629
frame-000035.color.jpg 0.419062 0.602455 0.558803 -0.386229 0.999152 2.457582 -1.127468 0.348079 0.005745
frame-000036.color.jpg 0.414772 0.610572 0.556170 -0.381892 1.064638 2.459366 -1.082656 0.070250 0.001914
frame-000037.color.jpg 0.410762 0.612505 0.557819 -0.380723 1.089500 2.458410 -1.065366 0.099490 0.002216
frame-000038.color.jpg 0.403474 0.616578 0.558252 -0.381307 1.134238 2.456020 -1.048137 0.081991 0.003779
frame-000039.color.jpg 0.398441 0.617567 0.554653 -0.390150 1.188234 2.425768 -1.077236 0.078904 0.003567
frame-000040.color.jpg 0.397730 0.617854 0.552327 -0.393704 1.216207 2.408161 -1.093193 0.216769 0.004245
frame-000041.color.jpg 0.401517 0.616845 0.546484 -0.399552 1.257576 2.373630 -1.132453 0.436369 0.006292
frame-000042.color.jpg 0.403871 0.618264 0.542189 -0.400835 1.296181 2.351758 -1.146942 0.393809 0.006197
frame-000043.color.jpg 0.416643 0.617721 0.545745 -0.383394 1.285120 2.389848 -1.122890 0.495568 0.006660
frame-000044.color.jpg 0.428733 0.609683 0.544814 -0.384255 1.256329 2.381846 -1.186360 0.602631 0.006884
frame-000045.color.jpg 0.441679 0.603965 0.544645 -0.378825 1.237569 2.385100 -1.212419 0.757913 0.009124
frame-000046.color.jpg 0.447113 0.604585 0.545849 -0.369616 1.243987 2.403939 -1.196319 0.671566 0.009558
frame-000047.color.jpg 0.452915 0.608118 0.540475 -0.364619 1.288372 2.396473 -1.185788 1.025177 0.012050
frame-000048.color.jpg 0.455961 0.610180 0.536651 -0.363022 1.313365 2.388404 -1.179806 1.072250 0.012480
frame-000049.color.jpg 0.463335 0.622849 0.524834 -0.349184 1.411080 2.385003 -1.101620 1.222029 0.014525
frame-000050.color.jpg 0.467921 0.649426 0.500209 -0.330283 1.610673 2.342587 -0.953920 1.353339 0.017597
frame-000051.color.jpg 0.471499 0.662229 0.485440 -0.321697 1.717231 2.303845 -0.878196 1.477472 0.020283
frame-000052.color.jpg 0.475668 0.675861 0.469293 -0.310993 1.826415 2.259769 -0.778220 1.660440 0.022327
frame-000053.color.jpg 0.479018 0.689204 0.455238 -0.297148 1.913324 2.227589 -0.661849 1.504293 0.021927
frame-000054.color.jpg 0.482233 0.699432 0.445467 -0.282499 1.965246 2.207239 -0.553186 1.761475 0.026567
frame-000055.color.jpg 0.475210 0.712713 0.441085 -0.267695 2.007766 2.187840 -0.421032 1.181062 0.021234
frame-000056.color.jpg 0.468437 0.714391 0.445873 -0.267224 2.006864 2.184885 -0.404225 0.928868 0.018266
frame-000057.color.jpg 0.463449 0.712343 0.451629 -0.271686 1.998708 2.181666 -0.416018 0.776573 0.016005
frame-000058.color.jpg 0.458393 0.711421 0.458612 -0.270982 1.978252 2.189996 -0.406492 0.679096 0.013726
frame-000059.color.jpg 0.456986 0.711545 0.460500 -0.269828 1.974902 2.192530 -0.396989 0.647863 0.013021
frame-000060.color.jpg 0.455594 0.706829 0.468538 -0.270738 1.945939 2.197556 -0.403396 0.629214 0.011119
frame-000061.color.jpg 0.454210 0.706832 0.470626 -0.269430 1.938225 2.201721 -0.398414 0.632243 0.011368
frame-000062.color.jpg 0.451335 0.707019 0.476118 -0.264069 1.913723 2.216339 -0.376812 0.600031 0.010750
frame-000063.color.jpg 0.446805 0.707995 0.480162 -0.261826 1.901911 2.220470 -0.359758 0.596908 0.010472
frame-000064.color.jpg 0.433705 0.708940 0.489527 -0.263945 1.878347 2.225214 -0.360440 0.483270 0.007380
frame-000065.color.jpg 0.436994 0.704851 0.493677 -0.261732 1.840399 2.235681 -0.373978 0.662936 0.008537
frame-000066.color.jpg 0.435474 0.704540 0.495820 -0.261051 1.827222 2.239389 -0.371357 0.479454 0.005711
frame-000067.color.jpg 0.432823 0.701521 0.498370 -0.268626 1.822364 2.227711 -0.412104 0.423591 0.007502
frame-000068.color.jpg 0.427520 0.698956 0.509078 -0.263678 1.781107 2.254641 -0.392958 0.262952 0.003458
frame-000069.color.jpg 0.429891 0.701086 0.505176 -0.261668 1.810066 2.239049 -0.381398 0.149490 0.001396
frame-000070.color.jpg 0.432394 0.703760 0.501091 -0.258196 1.847635 2.225693 -0.356359 0.394981 0.002557
frame-000071.color.jpg 0.425165 0.715338 0.496897 -0.246210 1.933816 2.207457 -0.250671 0.303958 0.004518
frame-000072.color.jpg 0.426136 0.718171 0.492700 -0.244716 1.975830 2.188609 -0.234736 0.250004 0.004334
frame-000073.color.jpg 0.431113 0.720563 0.486461 -0.241425 2.040510 2.164328 -0.200744 0.492425 0.002946
frame-000074.color.jpg 0.431409 0.721860 0.484858 -0.240243 2.086443 2.152862 -0.179288 0.338789 0.002998
frame-000075.color.jpg 0.431984 0.720959 0.486338 -0.238920 2.102570 2.154548 -0.170028 0.362593 0.000415
frame-000076.color.jpg 0.433939 0.719339 0.486331 -0.240272 2.124693 2.143618 -0.176431 0.524522 0.005010
frame-000077.color.jpg 0.435055 0.718903 0.486754 -0.238698 2.138307 2.143012 -0.162304 0.550115 0.003809
frame-000078.color.jpg 0.434358 0.718381 0.487883 -0.239232 2.159250 2.138413 -0.156583 0.449087 0.003454
frame-000079.color.jpg 0.433554 0.714277 0.491106 -0.246282 2.185228 2.136374 -0.197426 0.262311 0.002619
frame-000080.color.jpg 0.431491 0.705614 0.506805 -0.243047 2.155231 2.215249 -0.227622 0.357126 0.007838
frame-000081.color.jpg 0.428084 0.705024 0.509143 -0.245885 2.156404 2.226324 -0.249198 0.445929 0.010322
frame-000082.color.jpg 0.428125 0.702342 0.509665 -0.252321 2.164382 2.233154 -0.303304 0.669331 0.013951
frame-000083.color.jpg 0.438189 0.696140 0.507786 -0.255994 2.164400 2.256850 -0.370517 0.689040 0.014001
frame-000084.color.jpg 0.448871 0.692200 0.504276 -0.255107 2.170079 2.280448 -0.409494 0.731584 0.015016
frame-000085.color.jpg 0.455914 0.684966 0.505469 -0.259739 2.159289 2.310359 -0.481850 0.871591 0.017468
frame-000086.color.jpg 0.467132 0.681602 0.499279 -0.260626 2.176595 2.308979 -0.510274 0.687222 0.013413
frame-000087.color.jpg 0.476141 0.676993 0.499315 -0.256231 2.164331 2.337950 -0.518984 0.408337 0.008866
frame-000088.color.jpg 0.484662 0.678894 0.498118 -0.236821 2.155691 2.396872 -0.424340 0.521399 0.009773
frame-000089.color.jpg 0.489406 0.682724 0.490572 -0.231752 2.202014 2.389624 -0.384009 0.427413 0.008080
frame-000090.color.jpg 0.493772 0.684839 0.485396 -0.227103 2.233567 2.389292 -0.353257 0.306098 0.006459
frame-000091.color.jpg 0.500994 0.686802 0.475781 -0.225699 2.284477 2.367043 -0.332938 0.057937 0.003352
frame-000092.color.jpg 0.505062 0.688428 0.471031 -0.221604 2.314564 2.370171 -0.303306 0.061009 0.004611
frame-000093.color.jpg 0.510733 0.691179 0.462430 -0.218131 2.368617 2.354156 -0.265874 0.198914 0.004637
frame-000094.color.jpg 0.511411 0.694518 0.459058 -0.213003 2.399764 2.348307 -0.220884 0.361097 0.005932
frame-000095.color.jpg 0.502966 0.701923 0.461284 -0.203829 2.421809 2.361075 -0.137267 0.095189 0.002753
frame-000096.color.jpg 0.499416 0.703570 0.463828 -0.201089 2.425558 2.365416 -0.112195 0.217931 0.002693
frame-000097.color.jpg 0.488127 0.706826 0.472216 -0.197845 2.440127 2.392665 -0.076746 0.457332 0.010974
frame-000098.color.jpg 0.485223 0.703092 0.477703 -0.204991 2.444365 2.390662 -0.126403 0.225234 0.007127
frame-000099.color.jpg 0.478911 0.701628 0.485645 -0.206185 2.440090 2.408443 -0.132905 0.276024 0.006741
frame-000100.color.jpg 0.473887 0.697837 0.493695 -0.211471 2.435428 2.422519 -0.170915 0.406360 0.007992
frame-000101.color.jpg 0.465810 0.690683 0.505146 -0.225403 2.430829 2.435069 -0.264770 0.669911 0.013855
frame-000102.color.jpg 0.462789 0.684228 0.511417 -0.236877 2.422848 2.437165 -0.340282 0.698115 0.012594
frame-000103.color.jpg 0.459292 0.679672 0.517475 -0.243549 2.411561 2.441156 -0.385450 0.572606 0.010230
frame-000104.color.jpg 0.459078 0.671678 0.522353 -0.255428 2.397015 2.439211 -0.471636 0.473603 0.008440
frame-000105.color.jpg 0.458978 0.661346 0.528362 -0.269805 2.373704 2.442007 -0.577736 0.426674 0.008677
frame-000106.color.jpg 0.460742 0.654416 0.531702 -0.277036 2.355560 2.448875 -0.638051 0.469615 0.010440
frame-000107.color.jpg 0.462865 0.644829 0.537807 -0.284102 2.319865 2.468814 -0.707276 0.527184 0.012312
frame-000108.color.jpg 0.464785 0.635207 0.544441 -0.289949 2.281376 2.490799 -0.770019 0.583227 0.014039
frame-000109.color.jpg 0.465250 0.629679 0.549203 -0.292272 2.256034 2.508068 -0.797861 0.611224 0.014495
frame-000110.color.jpg 0.465380 0.625316 0.552509 -0.295185 2.234521 2.518421 -0.828317 0.498248 0.012357
frame-000111.color.jpg 0.467562 0.622201 0.554750 -0.294115 2.219846 2.532700 -0.833515 0.601054 0.015076
frame-000112.color.jpg 0.467096 0.619011 0.557629 -0.296136 2.202825 2.535940 -0.852673 0.482381 0.012590
frame-000113.color.jpg 0.464127 0.618535 0.561718 -0.294063 2.187645 2.556390 -0.842678 0.535385 0.012846
frame-000114.color.jpg 0.459034 0.616571 0.568584 -0.292985 2.162973 2.578485 -0.843934 0.555418 0.013692
frame-000115.color.jpg 0.453910 0.616322 0.574463 -0.290009 2.145004 2.599382 -0.825474 0.595753 0.013882
frame-000116.color.jpg 0.447335 0.617176 0.581584 -0.284157 2.119876 2.627492 -0.787019 0.467040 0.010689
frame-000117.color.jpg 0.444774 0.617253 0.583445 -0.284196 2.118598 2.626913 -0.785141 0.500403 0.012245
frame-000118.color.jpg 0.440527 0.618042 0.586680 -0.282430 2.104148 2.630738 -0.767025 0.240737 0.004234
frame-000119.color.jpg 0.437660 0.621295 0.588226 -0.276472 2.100222 2.644001 -0.719555 0.208104 0.002519
frame-000120.color.jpg 0.434692 0.623661 0.589584 -0.272913 2.092285 2.644928 -0.688017 0.171954 0.001800
frame-000121.color.jpg 0.432229 0.627575 0.590727 -0.265272 2.082598 2.651753 -0.629235 0.249082 0.003061
frame-000122.color.jpg 0.427660 0.634314 0.589655 -0.258958 2.081094 2.640413 -0.565977 0.393934 0.007600
frame-000123.color.jpg 0.418936 0.639995 0.592225 -0.253314 2.071389 2.633603 -0.504829 0.372165 0.007787
frame-000124.color.jpg 0.410252 0.646815 0.594593 -0.244506 2.063367 2.631152 -0.424944 0.372295 0.009713
frame-000125.color.jpg 0.403793 0.652877 0.597075 -0.232819 2.041194 2.628042 -0.330879 0.436206 0.011541
frame-000126.color.jpg 0.400028 0.657095 0.596362 -0.229250 2.049642 2.609040 -0.291828 0.237018 0.007055
frame-000127.color.jpg 0.391633 0.660797 0.597487 -0.230173 2.054933 2.573953 -0.265661 0.210736 0.006009
frame-000128.color.jpg 0.384111 0.661313 0.602134 -0.229256 2.034487 2.562788 -0.248793 0.337885 0.008343
frame-000129.color.jpg 0.376901 0.658550 0.608358 -0.232718 2.009385 2.562608 -0.266303 0.339428 0.009557
frame-000130.color.jpg 0.364571 0.655656 0.619739 -0.230492 1.963675 2.577045 -0.249185 0.440081 0.011517
frame-000131.color.jpg 0.356984 0.654614 0.625641 -0.229382 1.944426 2.579831 -0.240828 0.404824 0.011146
frame-000132.color.jpg 0.347997 0.654513 0.630836 -0.229250 1.936071 2.575953 -0.233201 0.248936 0.008574
frame-000133.color.jpg 0.333370 0.656478 0.637292 -0.227509 1.928297 2.571929 -0.211880 0.432497 0.010181
frame-000134.color.jpg 0.329167 0.654641 0.640759 -0.229176 1.911601 2.570698 -0.227380 0.626141 0.014156
frame-000135.color.jpg 0.324525 0.650927 0.642569 -0.241001 1.925989 2.556920 -0.303783 0.338843 0.010305
frame-000136.color.jpg 0.313697 0.645997 0.649703 -0.249336 1.957676 2.561010 -0.366501 0.096408 0.002781
frame-000137.color.jpg 0.305704 0.644564 0.654049 -0.251601 1.973499 2.569287 -0.381569 0.254400 0.007131
frame-000138.color.jpg 0.310484 0.642592 0.655358 -0.247348 1.995613 2.589548 -0.369661 0.214422 0.005104
frame-000139.color.jpg 0.315518 0.641193 0.651650 -0.254307 2.038485 2.578366 -0.415995 0.258179 0.005926
frame-000140.color.jpg 0.323991 0.636369 0.648708 -0.263137 2.092292 2.570826 -0.482942 0.385011 0.009390
frame-000141.color.jpg 0.325852 0.632778 0.650363 -0.265405 2.109596 2.577714 -0.508350 0.388290 0.008495
frame-000142.color.jpg 0.325241 0.631633 0.651433 -0.266257 2.106055 2.582830 -0.514377 0.517122 0.010766
frame-000143.color.jpg 0.329786 0.629236 0.651000 -0.267399 2.139114 2.590864 -0.532087 0.344378 0.006987
frame-000144.color.jpg 0.329251 0.628548 0.651230 -0.269111 2.156595 2.591145 -0.543366 0.371219 0.008187
frame-000145.color.jpg 0.329444 0.626612 0.652781 -0.269631 2.165174 2.599605 -0.551238 0.333659 0.008028
frame-000146.color.jpg 0.326259 0.623576 0.655519 -0.273868 2.172292 2.602712 -0.584312 0.428106 0.009710
frame-000147.color.jpg 0.323287 0.620982 0.659020 -0.274881 2.172601 2.616510 -0.597693 0.293338 0.006513
frame-000148.color.jpg 0.323325 0.617995 0.661636 -0.275283 2.166002 2.630501 -0.608473 0.156957 0.005093
frame-000149.color.jpg 0.324692 0.611562 0.665943 -0.277644 2.142514 2.656635 -0.643020 0.199106 0.003850
frame-000150.color.jpg 0.331499 0.608179 0.663069 -0.283843 2.152275 2.658234 -0.697289 0.311093 0.004608
frame-000151.color.jpg 0.336711 0.599765 0.664218 -0.292781 2.115157 2.676651 -0.776396 0.309903 0.007331
frame-000152.color.jpg 0.345111 0.584340 0.664691 -0.312459 2.047964 2.700651 -0.973836 0.271898 0.004705
frame-000153.color.jpg 0.350954 0.577718 0.664515 -0.318578 2.017533 2.716644 -1.048179 0.445478 0.007528
frame-000154.color.jpg 0.353573 0.575062 0.664697 -0.320105 2.004822 2.720024 -1.069423 0.305865 0.005457
frame-000155.color.jpg 0.358184 0.567384 0.666020 -0.325879 1.962278 2.736793 -1.148135 0.253155 0.003811
frame-000156.color.jpg 0.358002 0.564614 0.667091 -0.328688 1.939929 2.748902 -1.190103 0.315228 0.004797
frame-000157.color.jpg 0.366694 0.566742 0.663609 -0.322432 1.957596 2.770562 -1.172941 0.296603 0.004213
frame-000158.color.jpg 0.374454 0.578223 0.652864 -0.314977 2.051078 2.767049 -1.114144 0.649157 0.010098
frame-000159.color.jpg 0.385419 0.589230 0.639433 -0.308844 2.156100 2.729076 -1.058026 0.334123 0.004578
frame-000160.color.jpg 0.394727 0.609031 0.617191 -0.303888 2.338846 2.639496 -0.970859 0.149116 0.001929
frame-000161.color.jpg 0.400520 0.632941 0.592422 -0.296658 2.543024 2.535040 -0.848346 0.158316 0.003957
frame-000162.color.jpg 0.405574 0.645473 0.577650 -0.291882 2.647012 2.465122 -0.772079 0.423562 0.007297
frame-000163.color.jpg 0.411385 0.661642 0.562373 -0.277000 2.759422 2.417442 -0.617029 0.318844 0.005202
frame-000164.color.jpg 0.414529 0.674290 0.548673 -0.269178 2.854344 2.358124 -0.513197 0.251416 0.004156
frame-000165.color.jpg 0.415786 0.684145 0.538207 -0.263439 2.930164 2.302978 -0.437358 0.368130 0.006446
frame-000166.color.jpg 0.416144 0.693289 0.531045 -0.253311 2.982882 2.279182 -0.340428 0.287348 0.004715
frame-000167.color.jpg 0.412885 0.705994 0.521235 -0.243745 3.067471 2.223695 -0.238508 0.242995 0.004011
frame-000168.color.jpg 0.408860 0.713057 0.516963 -0.239022 3.113101 2.197121 -0.188787 0.115078 0.000272
frame-000169.color.jpg 0.406089 0.715633 0.515962 -0.238211 3.135175 2.183700 -0.181675 0.122515 0.002258
frame-000170.color.jpg 0.406010 0.717035 0.514725 -0.236802 3.150857 2.185036 -0.175214 0.202853 0.001957
frame-000171.color.jpg 0.406782 0.710851 0.515774 -0.251387 3.168192 2.174034 -0.295214 0.173297 0.001132
frame-000172.color.jpg 0.405962 0.709513 0.517497 -0.252948 3.163740 2.180706 -0.313057 0.178799 0.001002
frame-000173.color.jpg 0.403047 0.705103 0.524526 -0.255451 3.149220 2.222061 -0.353979 0.361046 0.005883
frame-000174.color.jpg 0.400229 0.694969 0.535601 -0.264513 3.114556 2.273290 -0.461488 0.346086 0.004712
frame-000175.color.jpg 0.395676 0.682327 0.549815 -0.274908 3.064094 2.331080 -0.585070 0.111145 0.002954
frame-000176.color.jpg 0.391671 0.672978 0.560530 -0.281960 3.019557 2.378047 -0.670325 0.160899 0.004091
frame-000177.color.jpg 0.390200 0.670741 0.563137 -0.284125 3.006288 2.387965 -0.693957 0.105311 0.002845
frame-000178.color.jpg 0.385322 0.655072 0.581523 -0.290240 2.908832 2.475967 -0.796546 0.136317 0.003069
frame-000179.color.jpg 0.384718 0.653567 0.583135 -0.291197 2.900489 2.481901 -0.808251 0.146502 0.003513
frame-000180.color.jpg 0.380844 0.647686 0.591467 -0.292623 2.855274 2.519698 -0.840189 0.157084 0.003312
frame-000181.color.jpg 0.377793 0.644750 0.597230 -0.291352 2.825499 2.548308 -0.843508 0.145909 0.003162
frame-000182.color.jpg 0.374177 0.641887 0.602541 -0.291406 2.797402 2.572709 -0.853185 0.247629 0.003610
frame-000183.color.jpg 0.368892 0.637108 0.611068 -0.290873 2.742500 2.605292 -0.865352 0.112164 0.001822
frame-000184.color.jpg 0.365639 0.635304 0.616229 -0.288025 2.710992 2.630258 -0.850068 0.098514 0.001531
frame-000185.color.jpg 0.364451 0.634744 0.617176 -0.288739 2.702112 2.630129 -0.856474 0.265154 0.004579
frame-000186.color.jpg 0.361095 0.635211 0.620084 -0.285682 2.687121 2.643058 -0.830691 0.093890 0.001730
frame-000187.color.jpg 0.358818 0.635106 0.621706 -0.285258 2.677310 2.645384 -0.825605 0.054777 0.001191
frame-000188.color.jpg 0.356637 0.633671 0.624474 -0.285139 2.655969 2.649167 -0.825848 0.209364 0.003198
frame-000189.color.jpg 0.352028 0.634548 0.628958 -0.278993 2.633647 2.670013 -0.776848 0.094439 0.001061
frame-000190.color.jpg 0.349006 0.633558 0.631176 -0.280029 2.617898 2.668656 -0.780928 0.169309 0.002654
frame-000191.color.jpg 0.346738 0.632871 0.632909 -0.280486 2.607576 2.668656 -0.778620 0.107310 0.000959
frame-000192.color.jpg 0.343763 0.631497 0.635667 -0.281007 2.588814 2.669890 -0.777962 0.166818 0.002651
frame-000193.color.jpg 0.340025 0.630009 0.640095 -0.278838 2.564098 2.683407 -0.762404 0.200723 0.003255
frame-000194.color.jpg 0.339976 0.628145 0.641946 -0.278847 2.544169 2.687312 -0.755289 0.098477 0.002084
frame-000195.color.jpg 0.337035 0.621295 0.649821 -0.279520 2.474951 2.716674 -0.767877 0.277487 0.004267
frame-000196.color.jpg 0.332808 0.616663 0.659242 -0.272700 2.402900 2.765701 -0.730499 0.136458 0.002341
frame-000197.color.jpg 0.326284 0.609438 0.670283 -0.269897 2.309756 2.811016 -0.724161 0.477979 0.007872
frame-000198.color.jpg 0.326310 0.606393 0.676462 -0.261170 2.250044 2.852778 -0.677121 0.344973 0.005743
frame-000199.color.jpg 0.330836 0.599488 0.679294 -0.264048 2.193810 2.861889 -0.712966 0.271480 0.004667
frame-000200.color.jpg 0.327473 0.595835 0.685971 -0.259201 2.129639 2.890088 -0.685494 0.385386 0.006186
frame-000201.color.jpg 0.323691 0.591038 0.691451 -0.260372 2.078496 2.905876 -0.693888 0.263266 0.003959
frame-000202.color.jpg 0.317065 0.581749 0.701379 -0.262881 1.991242 2.932140 -0.720114 0.303431 0.005226
frame-000203.color.jpg 0.309085 0.575785 0.709891 -0.262666 1.927838 2.960474 -0.719590 0.241612 0.004323
frame-000204.color.jpg 0.302400 0.567266 0.719156 -0.263775 1.850270 2.990405 -0.738686 0.305036 0.005659
frame-000205.color.jpg 0.297720 0.558381 0.728050 -0.263659 1.775483 3.022935 -0.747670 0.245643 0.004977
frame-000206.color.jpg 0.287546 0.541150 0.743210 -0.268538 1.645885 3.065843 -0.797258 0.199769 0.006309
frame-000207.color.jpg 0.280946 0.526621 0.755478 -0.270171 1.533817 3.105762 -0.824190 0.277427 0.007547
frame-000208.color.jpg 0.277434 0.507911 0.769523 -0.269984 1.394752 3.152157 -0.849755 0.249646 0.006390
frame-000209.color.jpg 0.272759 0.495289 0.778843 -0.271468 1.303292 3.177925 -0.868689 0.335428 0.008055
frame-000210.color.jpg 0.268102 0.480554 0.786928 -0.279165 1.215358 3.190255 -0.928747 0.189505 0.005451
frame-000211.color.jpg 0.264405 0.471358 0.790564 -0.287958 1.165741 3.188066 -0.989052 0.128999 0.005824
frame-000212.color.jpg 0.259534 0.443453 0.801684 -0.305442 1.002615 3.202412 -1.122224 0.200287 0.007202
frame-000213.color.jpg 0.259406 0.432778 0.805890 -0.309763 0.934228 3.210301 -1.165870 0.320030 0.008988
frame-000214.color.jpg 0.256263 0.422368 0.811191 -0.312895 0.863550 3.225615 -1.197294 0.440233 0.011569
frame-000215.color.jpg 0.256900 0.417705 0.813142 -0.313567 0.833034 3.234922 -1.214710 0.518605 0.012145
frame-000216.color.jpg 0.263061 0.411630 0.812589 -0.317898 0.813395 3.245674 -1.287923 0.339107 0.008010
frame-000217.color.jpg 0.263721 0.410843 0.811425 -0.321325 0.814897 3.247945 -1.325592 0.509407 0.011058
frame-000218.color.jpg 0.269934 0.414934 0.805566 -0.325621 0.870201 3.238055 -1.375279 0.404520 0.009201
frame-000219.color.jpg 0.273821 0.419445 0.800521 -0.329019 0.923262 3.231887 -1.416195 0.492423 0.010054
frame-000220.color.jpg 0.279435 0.429830 0.793780 -0.327225 1.024127 3.239664 -1.424932 0.494980 0.009192
frame-000221.color.jpg 0.282617 0.444014 0.786279 -0.323644 1.167667 3.264956 -1.429180 0.377071 0.006090
frame-000222.color.jpg 0.287600 0.445095 0.783372 -0.324815 1.208414 3.274440 -1.460693 0.373794 0.005603
frame-000223.color.jpg 0.287006 0.445077 0.781125 -0.330723 1.242425 3.273834 -1.515142 0.542163 0.007880
frame-000224.color.jpg 0.288347 0.442584 0.781336 -0.332399 1.244582 3.282248 -1.551680 0.392856 0.006148
frame-000225.color.jpg 0.288836 0.442941 0.781356 -0.331452 1.257560 3.294738 -1.557732 0.366435 0.005876
frame-000226.color.jpg 0.282502 0.442093 0.782668 -0.334930 1.255754 3.303437 -1.585088 0.360526 0.005136
frame-000227.color.jpg 0.277440 0.440971 0.783026 -0.339768 1.256426 3.310072 -1.628957 0.389138 0.005066
frame-000228.color.jpg 0.263595 0.427996 0.786845 -0.358068 1.161683 3.296541 -1.767819 0.187939 0.002359
frame-000229.color.jpg 0.256065 0.409775 0.796658 -0.363113 1.004636 3.342046 -1.831691 0.268592 0.002825
frame-000230.color.jpg 0.245623 0.383620 0.805693 -0.378634 0.784518 3.345792 -1.964887 0.147012 0.002498
frame-000231.color.jpg 0.240278 0.367427 0.811874 -0.384870 0.645865 3.357892 -2.022945 0.118597 0.001375
frame-000232.color.jpg 0.233770 0.350706 0.817072 -0.393384 0.502222 3.350689 -2.087864 0.138351 0.002413
frame-000233.color.jpg 0.224473 0.334948 0.822296 -0.401560 0.365261 3.341880 -2.136024 0.190579 0.002903
frame-000234.color.jpg 0.214736 0.317602 0.828306 -0.408567 0.213428 3.334809 -2.167142 0.163901 0.002683
frame-000235.color.jpg 0.203301 0.299771 0.833181 -0.417871 0.068632 3.311801 -2.203240 0.139466 0.002755
frame-000236.color.jpg 0.196123 0.291456 0.834925 -0.423662 -0.001034 3.295858 -2.221408 0.205113 0.003555
frame-000237.color.jpg 0.188739 0.282898 0.836121 -0.430403 -0.063638 3.274385 -2.240580 0.208609 0.002790
frame-000238.color.jpg 0.184757 0.273917 0.837545 -0.435146 -0.116988 3.250276 -2.250570 0.248601 0.002054
frame-000239.color.jpg 0.180750 0.268655 0.839358 -0.436614 -0.148033 3.248035 -2.241482 0.270018 0.003156
frame-000240.color.jpg 0.176198 0.258600 0.841373 -0.440650 -0.212982 3.221156 -2.242979 0.152137 0.002363
frame-000241.color.jpg 0.175897 0.253178 0.842405 -0.441945 -0.239717 3.208300 -2.237429 0.161322 0.002305
frame-000242.color.jpg 0.176338 0.246742 0.844826 -0.440786 -0.274820 3.194062 -2.212615 0.292624 0.004289
frame-000243.color.jpg 0.175117 0.246900 0.846304 -0.438342 -0.263053 3.194286 -2.175562 0.403043 0.006289
frame-000244.color.jpg 0.175941 0.248516 0.846816 -0.436104 -0.240878 3.192097 -2.147143 0.493918 0.007852
frame-000245.color.jpg 0.177158 0.252539 0.847278 -0.432388 -0.196892 3.195732 -2.103098 0.401188 0.006045
frame-000246.color.jpg 0.173956 0.257128 0.846511 -0.432485 -0.156272 3.190893 -2.078439 0.375133 0.005620
frame-000247.color.jpg 0.170466 0.257980 0.848057 -0.430335 -0.151223 3.186411 -2.040349 0.592941 0.009313
frame-000248.color.jpg 0.166635 0.255414 0.854278 -0.420958 -0.180704 3.220983 -1.961118 0.421822 0.006928
frame-000249.color.jpg 0.165118 0.255140 0.856811 -0.416550 -0.188438 3.237569 -1.925764 0.329899 0.005728
frame-000250.color.jpg 0.158895 0.251221 0.864531 -0.405249 -0.238962 3.276214 -1.832159 0.603809 0.009461
frame-000251.color.jpg 0.141768 0.233127 0.884295 -0.378915 -0.408007 3.376828 -1.612990 0.371438 0.006434
frame-000252.color.jpg 0.136456 0.225233 0.891642 -0.368273 -0.474029 3.413698 -1.527500 0.247673 0.004850
frame-000253.color.jpg 0.135217 0.223885 0.892559 -0.367328 -0.484664 3.417643 -1.517931 0.290761 0.004564
frame-000254.color.jpg 0.125412 0.217099 0.900306 -0.355792 -0.537825 3.468874 -1.416420 0.282094 0.004451
frame-000255.color.jpg 0.116772 0.214364 0.903490 -0.352304 -0.557760 3.498680 -1.370887 0.385634 0.005703
frame-000256.color.jpg 0.114385 0.213770 0.905476 -0.348327 -0.566651 3.515736 -1.338159 0.314666 0.004885
frame-000257.color.jpg 0.112953 0.208475 0.908823 -0.343250 -0.604815 3.537618 -1.308093 0.304513 0.004641
frame-000258.color.jpg 0.103011 0.186565 0.918793 -0.332267 -0.773422 3.594219 -1.227523 0.243146 0.003564
frame-000259.color.jpg 0.094132 0.164840 0.922813 -0.335235 -0.941134 3.593068 -1.230717 0.314947 0.004796
frame-000260.color.jpg 0.095609 0.153177 0.925838 -0.331995 -1.030992 3.601480 -1.222181 0.265148 0.003488
frame-000261.color.jpg 0.095374 0.147576 0.926529 -0.332670 -1.075951 3.612112 -1.240831 0.402343 0.006353
frame-000262.color.jpg 0.097118 0.144086 0.929355 -0.325740 -1.103073 3.638430 -1.213511 0.272106 0.003520
frame-000263.color.jpg 0.098773 0.134877 0.930867 -0.324866 -1.172299 3.639354 -1.228048 0.397719 0.004833
frame-000264.color.jpg 0.100011 0.127639 0.933542 -0.319696 -1.234958 3.652580 -1.202224 0.176688 0.003291
frame-000265.color.jpg 0.102040 0.124281 0.934494 -0.317590 -1.266592 3.656983 -1.200788 0.266657 0.002687
frame-000266.color.jpg 0.103666 0.119532 0.935220 -0.316747 -1.313140 3.658489 -1.207916 0.307662 0.003632
frame-000267.color.jpg 0.104447 0.118605 0.934190 -0.319864 -1.327886 3.656048 -1.230572 0.419994 0.007193
frame-000268.color.jpg 0.106854 0.121653 0.935814 -0.313105 -1.316560 3.678096 -1.189271 0.655242 0.010797
frame-000269.color.jpg 0.111097 0.132546 0.936018 -0.306527 -1.238930 3.705954 -1.159938 0.632911 0.010224
frame-000270.color.jpg 0.125097 0.158890 0.932877 -0.298071 -1.021796 3.760917 -1.152947 0.469207 0.005809
frame-000271.color.jpg 0.126615 0.173647 0.930948 -0.295215 -0.901019 3.797579 -1.132685 0.216115 0.003631
frame-000272.color.jpg 0.135464 0.209124 0.922827 -0.293780 -0.599416 3.840141 -1.132776 0.402072 0.004513
frame-000273.color.jpg 0.139788 0.243633 0.913429 -0.294533 -0.297170 3.851339 -1.128197 0.618236 0.007373
frame-000274.color.jpg 0.131684 0.260875 0.909002 -0.297186 -0.136532 3.849504 -1.109612 0.710604 0.009033
frame-000275.color.jpg 0.125840 0.268669 0.907268 -0.298069 -0.074433 3.842766 -1.088020 0.419431 0.007088
frame-000276.color.jpg 0.132155 0.284814 0.904304 -0.289225 0.052638 3.835229 -1.022583 0.579746 0.009244
frame-000277.color.jpg 0.137636 0.294623 0.902694 -0.281776 0.122951 3.827228 -0.959596 0.375095 0.009315
frame-000278.color.jpg 0.145834 0.304861 0.896059 -0.287872 0.216297 3.786778 -1.006875 0.428962 0.006827
frame-000279.color.jpg 0.141818 0.306148 0.892305 -0.299921 0.229278 3.745041 -1.072672 0.464063 0.007540
frame-000280.color.jpg 0.139761 0.304477 0.889255 -0.311425 0.218329 3.703822 -1.141698 0.487914 0.007660
frame-000281.color.jpg 0.132267 0.298815 0.888681 -0.321655 0.164216 3.667360 -1.186664 0.735845 0.012927
frame-000282.color.jpg 0.138923 0.290410 0.896298 -0.304979 0.053660 3.671107 -1.071013 0.315743 0.006817
frame-000283.color.jpg 0.139121 0.282898 0.895848 -0.313163 -0.007163 3.632278 -1.124365 0.356102 0.007609
frame-000284.color.jpg 0.119464 0.263068 0.899036 -0.329026 -0.173486 3.558659 -1.166897 0.296967 0.006477
frame-000285.color.jpg 0.116314 0.260348 0.898833 -0.332849 -0.193724 3.545307 -1.182842 0.291049 0.006170
frame-000286.color.jpg 0.107881 0.249989 0.899997 -0.340401 -0.278673 3.510083 -1.202216 0.284537 0.005059
frame-000287.color.jpg 0.107625 0.243398 0.901170 -0.342150 -0.324367 3.480343 -1.203697 0.254210 0.005166
frame-000288.color.jpg 0.099941 0.233132 0.901429 -0.350837 -0.389673 3.440918 -1.227910 0.188539 0.005730
frame-000289.color.jpg 0.091833 0.214953 0.904875 -0.355757 -0.510771 3.398585 -1.221017 0.298293 0.006623
frame-000290.color.jpg 0.085275 0.203991 0.906717 -0.359137 -0.571606 3.372908 -1.216675 0.219704 0.005016
frame-000291.color.jpg 0.079251 0.191524 0.908743 -0.362249 -0.629037 3.334738 -1.204364 0.272387 0.005201
frame-000292.color.jpg 0.075932 0.186606 0.910034 -0.362287 -0.640440 3.319242 -1.188874 0.388872 0.007073
frame-000293.color.jpg 0.073287 0.183037 0.911065 -0.362060 -0.643137 3.311345 -1.174739 0.244130 0.004322
frame-000294.color.jpg 0.072926 0.181172 0.911893 -0.360985 -0.638780 3.306323 -1.160794 0.269736 0.003481
frame-000295.color.jpg 0.074410 0.175210 0.911485 -0.364637 -0.642830 3.278352 -1.178723 0.307555 0.003764
frame-000296.color.jpg 0.076877 0.173852 0.910530 -0.367152 -0.636417 3.263446 -1.196923 0.255461 0.003900
frame-000297.color.jpg 0.080341 0.174219 0.908895 -0.370273 -0.613451 3.248313 -1.218582 0.219885 0.003793
frame-000298.color.jpg 0.082363 0.175084 0.908047 -0.371500 -0.598046 3.242508 -1.230457 0.249368 0.004080
frame-000299.color.jpg 0.087975 0.178026 0.905932 -0.373971 -0.554779 3.226696 -1.254997 0.294942 0.003783
frame-000300.color.jpg 0.092431 0.183378 0.908003 -0.365184 -0.511220 3.244015 -1.205961 0.293823 0.003880
frame-000301.color.jpg 0.094320 0.187811 0.908991 -0.359954 -0.471872 3.252161 -1.176457 0.277969 0.004103
frame-000302.color.jpg 0.093309 0.194053 0.909198 -0.356364 -0.420838 3.260332 -1.149048 0.264726 0.004132
frame-000303.color.jpg 0.094569 0.212593 0.916572 -0.325202 -0.291345 3.305324 -0.958626 0.325271 0.005953
frame-000304.color.jpg 0.096262 0.214489 0.917529 -0.320730 -0.279338 3.311240 -0.934917 0.336922 0.005949
frame-000305.color.jpg 0.100543 0.221534 0.918144 -0.312770 -0.234182 3.317383 -0.897223 0.401621 0.006937
frame-000306.color.jpg 0.099028 0.225165 0.917967 -0.311175 -0.204484 3.319071 -0.883012 0.428523 0.007628
frame-000307.color.jpg 0.099349 0.225528 0.920145 -0.304302 -0.201712 3.323066 -0.841422 0.459428 0.007946
frame-000308.color.jpg 0.094671 0.224270 0.921872 -0.301485 -0.202651 3.324897 -0.814090 0.304049 0.006036
frame-000309.color.jpg 0.090254 0.214492 0.924655 -0.301432 -0.254464 3.314708 -0.803028 0.267009 0.006232
frame-000310.color.jpg 0.086566 0.201088 0.926726 -0.305367 -0.329373 3.295467 -0.816524 0.381831 0.008098
frame-000311.color.jpg 0.076985 0.183139 0.929074 -0.312017 -0.422051 3.273817 -0.831467 0.213959 0.004863
frame-000312.color.jpg 0.067695 0.161929 0.931352 -0.319030 -0.535574 3.236011 -0.847302 0.466658 0.007547
frame-000313.color.jpg 0.061013 0.142491 0.933246 -0.324077 -0.635081 3.202670 -0.854413 0.295931 0.004979
frame-000314.color.jpg 0.053626 0.120888 0.934780 -0.329691 -0.752644 3.165011 -0.860802 0.284365 0.004405
frame-000315.color.jpg 0.046099 0.097760 0.938847 -0.326930 -0.889536 3.139473 -0.816005 0.104742 0.001729
frame-000316.color.jpg 0.038459 0.082161 0.941540 -0.324459 -0.985139 3.123422 -0.778023 0.210195 0.003357
frame-000317.color.jpg 0.032270 0.067976 0.941251 -0.329217 -1.067929 3.098200 -0.784740 0.223079 0.003747
frame-000318.color.jpg 0.022364 0.046416 0.939024 -0.339970 -1.204354 3.054460 -0.817889 0.534924 0.009440
frame-000319.color.jpg 0.012904 0.025650 0.936724 -0.348891 -1.327406 3.017519 -0.832507 0.325619 0.005595
frame-000320.color.jpg 0.008584 0.013555 0.934203 -0.356380 -1.403296 2.987645 -0.860063 0.350338 0.006382
frame-000321.color.jpg 0.009530 -0.001561 0.932294 -0.361573 -1.500340 2.949492 -0.885498 0.259212 0.004005
frame-000322.color.jpg 0.005007 -0.014244 0.928953 -0.369889 -1.580936 2.910087 -0.915586 0.297740 0.004428
frame-000323.color.jpg 0.002652 -0.020689 0.926578 -0.375523 -1.622457 2.885571 -0.935805 0.390119 0.006008
frame-000324.color.jpg 0.001322 0.036798 -0.919764 0.390741 -1.723559 2.818344 -1.000120 0.368632 0.006207
frame-000325.color.jpg 0.008574 0.067868 -0.912033 0.404372 -1.906861 2.698494 -1.012070 0.137971 0.001846
frame-000326.color.jpg 0.009473 0.079450 -0.909253 0.408480 -1.973844 2.643880 -1.011836 0.229597 0.004463
frame-000327.color.jpg 0.012532 0.093543 -0.905517 0.413680 -2.051449 2.582289 -1.004978 0.144456 0.003774
frame-000328.color.jpg 0.018739 0.104883 -0.900754 0.421059 -2.109419 2.529068 -0.998933 0.115338 0.003397
frame-000329.color.jpg 0.020363 0.113933 -0.898318 0.423828 -2.146817 2.484684 -0.986609 0.235916 0.004455
frame-000330.color.jpg 0.023265 0.120985 -0.899340 0.419535 -2.167075 2.466386 -0.934697 0.367965 0.005937
frame-000331.color.jpg 0.026267 0.128503 -0.899303 0.417195 -2.197901 2.440798 -0.895349 0.259901 0.004659
frame-000332.color.jpg 0.021096 0.142810 -0.902430 0.405932 -2.251075 2.389408 -0.826253 0.386714 0.006839
frame-000333.color.jpg 0.027314 0.150996 -0.903107 0.401063 -2.280498 2.367635 -0.761688 0.314803 0.007800
frame-000334.color.jpg 0.031545 0.164856 -0.905325 0.390146 -2.341668 2.328112 -0.672757 0.262822 0.003878
frame-000335.color.jpg 0.030535 0.172302 -0.907709 0.381371 -2.362504 2.304083 -0.616102 0.254255 0.005324
frame-000336.color.jpg 0.033175 0.180635 -0.910076 0.371526 -2.393521 2.281356 -0.547657 0.178812 0.002671
frame-000337.color.jpg 0.041952 0.194977 -0.914608 0.351733 -2.424488 2.254164 -0.405859 0.350158 0.006334
frame-000338.color.jpg 0.046408 0.197387 -0.914841 0.349215 -2.433281 2.251486 -0.377649 0.178754 0.005499
frame-000339.color.jpg 0.045600 0.201417 -0.919214 0.335258 -2.427738 2.245774 -0.311143 0.184039 0.006202
frame-000340.color.jpg 0.051134 0.206741 -0.920948 0.326342 -2.437200 2.244444 -0.259631 0.328388 0.010996
frame-000341.color.jpg 0.054052 0.203771 -0.921759 0.325448 -2.385901 2.270630 -0.262132 0.290795 0.003055
frame-000342.color.jpg 0.059299 0.175553 -0.928642 0.321384 -2.180408 2.428488 -0.307792 0.253352 0.004613
frame-000343.color.jpg 0.060989 0.166916 -0.931244 0.318126 -2.117516 2.479940 -0.303723 0.424917 0.007118
frame-000344.color.jpg 0.061808 0.155096 -0.934215 0.315227 -2.027965 2.541503 -0.313322 0.283296 0.005293
frame-000345.color.jpg 0.059196 0.150022 -0.935472 0.314456 -1.967977 2.562617 -0.334932 0.452449 0.010151
frame-000346.color.jpg 0.062046 0.145713 -0.936195 0.313779 -1.912972 2.589367 -0.337836 0.538963 0.012922
frame-000347.color.jpg 0.062363 0.144041 -0.935889 0.315397 -1.868343 2.598235 -0.354939 0.663462 0.015772
frame-000348.color.jpg 0.057360 0.145848 -0.934159 0.320601 -1.857901 2.581462 -0.410789 0.589331 0.017619
frame-000349.color.jpg 0.047148 0.148618 -0.934853 0.318967 -1.851480 2.575882 -0.435680 0.502085 0.013209
frame-000350.color.jpg 0.044990 0.159482 -0.932468 0.321006 -1.893540 2.537054 -0.453485 0.577242 0.015528
frame-000351.color.jpg 0.062112 0.203481 -0.918277 0.333923 -2.094235 2.399204 -0.434908 0.583016 0.015392
frame-000352.color.jpg 0.064950 0.223909 -0.911786 0.338071 -2.183078 2.319807 -0.421383 0.821404 0.019439
frame-000353.color.jpg 0.070317 0.238335 -0.907127 0.339666 -2.238039 2.276404 -0.395359 0.925170 0.021172
frame-000354.color.jpg 0.066639 0.241017 -0.905464 0.342936 -2.238902 2.277152 -0.430339 0.747793 0.018412
frame-000355.color.jpg 0.073967 0.236583 -0.905679 0.343951 -2.198528 2.310375 -0.425617 1.283752 0.028973
frame-000356.color.jpg 0.082959 0.221227 -0.907833 0.346432 -2.099036 2.408814 -0.448486 1.055729 0.023558
