data/frame-000000.color.jpg 0.294054 0.924777 -0.215943 0.108117 -1.024461 0.936373 0.681710 0.875227 0.016939
data/frame-000001.color.jpg 0.298063 0.924881 -0.212412 0.103125 -1.016194 0.936758 0.694240 0.746745 0.014407
data/frame-000002.color.jpg 0.295914 0.926381 -0.208565 0.103696 -1.013968 0.934047 0.702317 1.137662 0.020203
data/frame-000003.color.jpg 0.301386 0.925603 -0.202358 0.107130 -1.016019 0.930097 0.693377 0.887523 0.015275
data/frame-000004.color.jpg 0.306463 0.924651 -0.199531 0.106249 -1.015248 0.936141 0.694021 0.773934 0.013533
data/frame-000005.color.jpg 0.305360 0.925360 -0.198934 0.104357 -1.008704 0.939504 0.700870 1.034450 0.018841
data/frame-000006.color.jpg 0.307246 0.925223 -0.198742 0.100318 -1.002461 0.947546 0.705426 1.083698 0.019647
data/frame-000007.color.jpg 0.308543 0.924467 -0.199085 0.102603 -1.008370 0.953453 0.697180 0.979260 0.018339
data/frame-000008.color.jpg 0.309234 0.923988 -0.199858 0.103329 -1.007065 0.956636 0.692460 1.046187 0.019448
data/frame-000009.color.jpg 0.307214 0.924227 -0.200738 0.105490 -1.017523 0.961060 0.688841 1.200729 0.021664
data/frame-000010.color.jpg 0.309791 0.922801 -0.201435 0.109046 -1.026889 0.965712 0.674210 0.929153 0.017505
data/frame-000011.color.jpg 0.310052 0.921840 -0.201812 0.115544 -1.040109 0.972960 0.655654 1.139764 0.020836
data/frame-000012.color.jpg 0.309399 0.922042 -0.200851 0.117345 -1.048746 0.974321 0.652102 1.182363 0.021755
data/frame-000013.color.jpg 0.309052 0.921272 -0.202730 0.121019 -1.052417 0.978861 0.639057 1.519768 0.027700
data/frame-000014.color.jpg 0.310488 0.920238 -0.204991 0.121401 -1.048297 0.990257 0.633467 1.391011 0.025378
data/frame-000015.color.jpg 0.308289 0.916367 -0.217235 0.134303 -1.045341 1.018390 0.590986 1.461079 0.027032
data/frame-000016.color.jpg 0.309126 0.913587 -0.226421 0.136136 -1.028428 1.043872 0.578342 1.058174 0.020652
data/frame-000017.color.jpg 0.315196 0.908972 -0.235329 0.137989 -1.002250 1.077492 0.558381 0.633473 0.013045
data/frame-000018.color.jpg 0.316129 0.907542 -0.239036 0.138893 -0.991014 1.089698 0.552134 0.723281 0.015037
data/frame-000019.color.jpg 0.319480 0.904428 -0.245889 0.139573 -0.955715 1.116137 0.546191 0.443112 0.010475
data/frame-000020.color.jpg 0.335261 0.894187 -0.255842 0.150250 -0.894196 1.171324 0.504668 0.071722 0.003289
data/frame-000021.color.jpg 0.340866 0.889195 -0.260484 0.159028 -0.872985 1.195705 0.480323 0.103369 0.002371
data/frame-000022.color.jpg 0.349786 0.880963 -0.267173 0.173703 -0.842798 1.225824 0.436850 0.107748 0.003602
data/frame-000023.color.jpg 0.356972 0.876473 -0.267804 0.180685 -0.825570 1.240126 0.413524 0.243895 0.006130
data/frame-000024.color.jpg 0.362362 0.873222 -0.268972 0.183932 -0.805976 1.253034 0.400579 0.237329 0.005642
data/frame-000025.color.jpg 0.367416 0.869950 -0.270120 0.187689 -0.789028 1.265073 0.387250 0.196096 0.005272
data/frame-000026.color.jpg 0.371577 0.867176 -0.269666 0.192918 -0.781565 1.271913 0.371432 0.252365 0.005868
data/frame-000027.color.jpg 0.374515 0.863555 -0.272308 0.199649 -0.772487 1.283667 0.349177 0.215961 0.006411
data/frame-000028.color.jpg 0.377966 0.857369 -0.277970 0.211641 -0.764623 1.299920 0.317516 0.209499 0.005602
data/frame-000029.color.jpg 0.380934 0.850416 -0.284004 0.225883 -0.751513 1.312970 0.281411 0.284846 0.006808
data/frame-000030.color.jpg 0.379347 0.846711 -0.288359 0.236697 -0.742536 1.317102 0.262655 0.224914 0.006724
data/frame-000031.color.jpg 0.376819 0.845635 -0.290302 0.242143 -0.740545 1.320189 0.255283 0.164585 0.005697
data/frame-000032.color.jpg 0.377030 0.839406 -0.296921 0.255116 -0.729242 1.336441 0.225509 0.171814 0.005198
data/frame-000033.color.jpg 0.379755 0.833997 -0.303075 0.261498 -0.711568 1.352712 0.202531 0.325553 0.008621
data/frame-000034.color.jpg 0.377135 0.833128 -0.303886 0.267059 -0.704568 1.350634 0.196600 0.441578 0.011981
data/frame-000035.color.jpg 0.372458 0.834878 -0.304658 0.267279 -0.696234 1.351474 0.205541 0.413900 0.011777
data/frame-000036.color.jpg 0.371290 0.837102 -0.302914 0.263909 -0.688007 1.349261 0.215288 0.593713 0.013801
data/frame-000037.color.jpg 0.366039 0.844396 -0.297083 0.254464 -0.682903 1.344113 0.250173 0.536613 0.012030
data/frame-000038.color.jpg 0.359677 0.851346 -0.290472 0.247927 -0.688551 1.334259 0.277936 0.552045 0.011727
data/frame-000039.color.jpg 0.341882 0.860601 -0.289219 0.242561 -0.688438 1.325844 0.314052 0.559303 0.012413
data/frame-000040.color.jpg 0.337360 0.865548 -0.287222 0.233490 -0.671330 1.331252 0.325584 0.523479 0.011829
data/frame-000041.color.jpg 0.320003 0.878740 -0.284255 0.211218 -0.650987 1.329630 0.389528 0.446012 0.010385
data/frame-000042.color.jpg 0.310617 0.884588 -0.283259 0.201954 -0.632065 1.339146 0.407281 0.412451 0.009526
data/frame-000043.color.jpg 0.301279 0.890772 -0.276891 0.197705 -0.637125 1.336923 0.415177 0.484859 0.010358
data/frame-000044.color.jpg 0.294239 0.892481 -0.274839 0.203382 -0.648699 1.334114 0.403314 0.507928 0.011042
data/frame-000045.color.jpg 0.289160 0.893252 -0.276386 0.205176 -0.645474 1.333900 0.402953 0.582047 0.012506
data/frame-000046.color.jpg 0.280423 0.894716 -0.278958 0.207432 -0.637310 1.327416 0.409935 0.609321 0.012848
data/frame-000047.color.jpg 0.268279 0.896974 -0.284763 0.205849 -0.612860 1.322358 0.436765 0.605983 0.012151
data/frame-000048.color.jpg 0.257467 0.897649 -0.294612 0.202829 -0.556736 1.326800 0.468415 0.708387 0.014602
data/frame-000049.color.jpg 0.254317 0.895590 -0.303116 0.203378 -0.500125 1.334818 0.484142 0.547732 0.011335
data/frame-000050.color.jpg 0.254108 0.893864 -0.308004 0.203889 -0.468109 1.339062 0.491465 0.640954 0.012980
data/frame-000051.color.jpg 0.253274 0.890741 -0.315780 0.206679 -0.414269 1.342340 0.504797 0.516570 0.010762
data/frame-000052.color.jpg 0.251480 0.889706 -0.321342 0.204748 -0.378769 1.343505 0.523700 0.583207 0.010470
data/frame-000053.color.jpg 0.250294 0.887598 -0.326199 0.207645 -0.340484 1.341568 0.536263 0.406411 0.008210
data/frame-000054.color.jpg 0.248805 0.887171 -0.328290 0.207966 -0.307595 1.334096 0.553339 0.306356 0.006177
data/frame-000055.color.jpg 0.247415 0.887457 -0.327791 0.209187 -0.283786 1.325729 0.567209 0.249292 0.005565
data/frame-000056.color.jpg 0.249214 0.886857 -0.327554 0.209965 -0.264399 1.321794 0.567224 0.289544 0.007176
data/frame-000057.color.jpg 0.254792 0.884368 -0.329838 0.210191 -0.223734 1.324116 0.565389 0.235887 0.007090
data/frame-000058.color.jpg 0.262647 0.878264 -0.338019 0.213102 -0.179837 1.337505 0.547928 0.263645 0.007046
data/frame-000059.color.jpg 0.262916 0.877163 -0.340797 0.212881 -0.166962 1.339439 0.549782 0.220450 0.006112
data/frame-000060.color.jpg 0.263322 0.874928 -0.346642 0.212135 -0.135234 1.342011 0.549478 0.254427 0.006664
data/frame-000061.color.jpg 0.258406 0.874225 -0.350890 0.214086 -0.114440 1.346303 0.554261 0.248714 0.005184
data/frame-000062.color.jpg 0.254297 0.873044 -0.358910 0.210502 -0.069093 1.361852 0.544147 0.349993 0.008073
data/frame-000063.color.jpg 0.257248 0.866274 -0.371539 0.212960 -0.029017 1.391043 0.514575 0.538595 0.012647
data/frame-000064.color.jpg 0.254840 0.859066 -0.385850 0.219502 0.013739 1.414198 0.505574 0.151376 0.003806
data/frame-000065.color.jpg 0.249772 0.850558 -0.404832 0.224225 0.063378 1.438147 0.498202 0.144919 0.003503
data/frame-000066.color.jpg 0.246496 0.842976 -0.422845 0.223235 0.121107 1.461926 0.494589 0.365028 0.006745
data/frame-000067.color.jpg 0.246289 0.832430 -0.439023 0.231650 0.176424 1.480160 0.478135 0.139674 0.002708
data/frame-000068.color.jpg 0.241283 0.826838 -0.450307 0.235254 0.208942 1.483317 0.483670 0.135175 0.003566
data/frame-000069.color.jpg 0.231782 0.822422 -0.462290 0.237037 0.234916 1.486084 0.504922 0.117731 0.000428
data/frame-000070.color.jpg 0.214412 0.804771 -0.493514 0.250630 0.302766 1.479518 0.538432 0.052883 0.003101
data/frame-000071.color.jpg 0.208072 0.793274 -0.511029 0.257434 0.349314 1.473321 0.557526 0.161525 0.004954
data/frame-000072.color.jpg 0.204031 0.778176 -0.534027 0.260054 0.421046 1.461969 0.584019 0.147869 0.004402
data/frame-000073.color.jpg 0.205865 0.766069 -0.550052 0.261152 0.483190 1.453625 0.596068 0.254975 0.004483
data/frame-000074.color.jpg 0.208060 0.752910 -0.565582 0.264491 0.550278 1.442189 0.609727 0.275094 0.004939
data/frame-000075.color.jpg 0.209177 0.745094 -0.574367 0.266800 0.594446 1.430376 0.627942 0.286389 0.004045
data/frame-000076.color.jpg 0.214832 0.734261 -0.584570 0.270159 0.662641 1.407268 0.645101 0.172990 0.004757
data/frame-000077.color.jpg 0.218696 0.728363 -0.587758 0.276042 0.693801 1.391051 0.660533 0.206776 0.006640
data/frame-000078.color.jpg 0.234907 0.729289 -0.581739 0.273015 0.718897 1.397530 0.638210 0.357825 0.006393
data/frame-000079.color.jpg 0.245611 0.730140 -0.575288 0.274982 0.720798 1.408037 0.616789 0.392861 0.006316
data/frame-000080.color.jpg 0.259167 0.734025 -0.563586 0.276426 0.707728 1.423707 0.591888 0.428281 0.008959
data/frame-000081.color.jpg 0.268742 0.738902 -0.552156 0.277354 0.691057 1.419171 0.586222 0.449753 0.010850
data/frame-000082.color.jpg 0.270661 0.742753 -0.544562 0.280202 0.668504 1.413548 0.598892 0.367181 0.010568
data/frame-000083.color.jpg 0.287974 0.748228 -0.532562 0.271301 0.673291 1.404912 0.582984 0.681788 0.016779
data/frame-000084.color.jpg 0.294459 0.752260 -0.526006 0.265928 0.661276 1.392402 0.586246 0.825127 0.019224
data/frame-000085.color.jpg 0.296086 0.752504 -0.525077 0.265263 0.659647 1.387834 0.591813 0.899076 0.019276
data/frame-000086.color.jpg 0.294615 0.758143 -0.518708 0.263369 0.638762 1.353509 0.636456 1.064328 0.023925
data/frame-000087.color.jpg 0.289754 0.758484 -0.519780 0.265658 0.633827 1.336084 0.673012 0.943330 0.021199
data/frame-000088.color.jpg 0.292044 0.754264 -0.524069 0.266737 0.657869 1.319622 0.692723 0.714822 0.015510
data/frame-000089.color.jpg 0.292315 0.751213 -0.528127 0.267044 0.668945 1.298507 0.708675 0.993738 0.023367
data/frame-000090.color.jpg 0.292957 0.744369 -0.539156 0.263442 0.719090 1.259855 0.737059 0.906032 0.021536
data/frame-000091.color.jpg 0.289570 0.736797 -0.552104 0.261652 0.767057 1.195940 0.792116 0.850964 0.022304
data/frame-000092.color.jpg 0.283249 0.735861 -0.556222 0.262481 0.774116 1.162645 0.834217 0.996915 0.026705
data/frame-000093.color.jpg 0.279962 0.732623 -0.561951 0.262861 0.791406 1.126847 0.869811 0.875895 0.023829
data/frame-000094.color.jpg 0.280920 0.727208 -0.567505 0.264935 0.809066 1.100716 0.892630 0.853672 0.022956
data/frame-000095.color.jpg 0.281588 0.724600 -0.568717 0.268744 0.809400 1.085358 0.914709 0.834920 0.024194
data/frame-000096.color.jpg 0.279760 0.725040 -0.568005 0.270964 0.807224 1.069519 0.932712 0.570695 0.016196
data/frame-000097.color.jpg 0.281722 0.727734 -0.563978 0.270120 0.799763 1.063683 0.938979 0.697983 0.019841
data/frame-000098.color.jpg 0.281552 0.732375 -0.559019 0.268053 0.789107 1.056732 0.944911 0.747210 0.023034
data/frame-000099.color.jpg 0.277487 0.739162 -0.553566 0.264963 0.780110 1.044838 0.959192 0.549884 0.016367
data/frame-000100.color.jpg 0.279593 0.740430 -0.551448 0.263622 0.779904 1.042909 0.955904 0.617233 0.018538
data/frame-000101.color.jpg 0.282791 0.744293 -0.546649 0.259291 0.776542 1.035427 0.950895 0.814945 0.024226
data/frame-000102.color.jpg 0.275493 0.755678 -0.537639 0.252979 0.754237 1.005293 0.978633 0.754022 0.023331
data/frame-000103.color.jpg 0.273735 0.762097 -0.532357 0.246727 0.748600 0.988784 0.988002 0.851719 0.025314
data/frame-000104.color.jpg 0.276315 0.766241 -0.526850 0.242805 0.748939 0.968374 0.985075 0.850209 0.024374
data/frame-000105.color.jpg 0.275050 0.774314 -0.519444 0.234443 0.752094 0.943019 0.998979 0.793946 0.023121
data/frame-000106.color.jpg 0.270446 0.778097 -0.517332 0.231930 0.748303 0.922115 1.013211 0.729812 0.021923
data/frame-000107.color.jpg 0.272158 0.780213 -0.515451 0.226952 0.768891 0.899657 1.016359 0.453127 0.013427
data/frame-000108.color.jpg 0.264351 0.788341 -0.510671 0.218753 0.775795 0.879177 1.034071 0.510132 0.014199
data/frame-000109.color.jpg 0.260073 0.791293 -0.508754 0.217687 0.777977 0.868586 1.046764 0.696404 0.019920
data/frame-000110.color.jpg 0.251591 0.793155 -0.510050 0.217842 0.782512 0.849335 1.066813 0.894821 0.024918
data/frame-000111.color.jpg 0.247137 0.792457 -0.513178 0.218136 0.809919 0.833974 1.076842 0.747875 0.019852
data/frame-000112.color.jpg 0.250297 0.791515 -0.513239 0.217810 0.843033 0.829355 1.072011 0.553426 0.015468
data/frame-000113.color.jpg 0.246042 0.793595 -0.512833 0.216040 0.867764 0.827170 1.084101 0.673337 0.018129
data/frame-000114.color.jpg 0.247829 0.792265 -0.514372 0.215217 0.909454 0.828929 1.078104 0.524865 0.013601
data/frame-000115.color.jpg 0.254266 0.788568 -0.518250 0.211959 0.966950 0.829276 1.068115 0.506040 0.013478
data/frame-000116.color.jpg 0.260061 0.784677 -0.522353 0.209279 1.032983 0.830835 1.060148 0.551339 0.013795
data/frame-000117.color.jpg 0.270907 0.782225 -0.521357 0.207172 1.086974 0.845165 1.029411 0.309784 0.008745
data/frame-000118.color.jpg 0.273046 0.781404 -0.520320 0.210050 1.118139 0.866440 1.021712 0.288850 0.006967
data/frame-000119.color.jpg 0.273771 0.782170 -0.519103 0.209264 1.124532 0.873430 1.017096 0.350579 0.008009
data/frame-000120.color.jpg 0.277670 0.784594 -0.513945 0.207779 1.142518 0.894980 0.994681 0.267235 0.006832
data/frame-000121.color.jpg 0.271990 0.799844 -0.496246 0.200026 1.167017 0.978503 0.940969 0.406494 0.011099
data/frame-000122.color.jpg 0.275437 0.803033 -0.490281 0.197222 1.180067 1.011355 0.904371 0.367181 0.011709
data/frame-000123.color.jpg 0.277952 0.807950 -0.480915 0.196673 1.173466 1.087779 0.849740 0.295890 0.010987
data/frame-000124.color.jpg 0.277573 0.808565 -0.479923 0.197101 1.173548 1.100465 0.843521 0.362673 0.012868
data/frame-000125.color.jpg 0.282218 0.816523 -0.464450 0.194756 1.177924 1.185981 0.760399 0.254846 0.010460
data/frame-000126.color.jpg 0.285768 0.819174 -0.459295 0.190626 1.198964 1.219202 0.725195 0.391218 0.012504
data/frame-000127.color.jpg 0.288588 0.821648 -0.454725 0.186642 1.207573 1.235355 0.700036 0.211176 0.008333
data/frame-000128.color.jpg 0.285235 0.823825 -0.451960 0.188905 1.204769 1.252597 0.694111 0.184863 0.009154
data/frame-000129.color.jpg 0.279631 0.822954 -0.455795 0.191842 1.209988 1.259417 0.708072 0.284167 0.010797
data/frame-000130.color.jpg 0.273266 0.814603 -0.473122 0.194687 1.260448 1.246519 0.729861 0.196576 0.007846
data/frame-000131.color.jpg 0.272034 0.797741 -0.498256 0.203343 1.326502 1.209680 0.750712 0.213716 0.007960
data/frame-000132.color.jpg 0.264246 0.777987 -0.528438 0.213690 1.396076 1.168995 0.803940 0.236763 0.008453
data/frame-000133.color.jpg 0.260485 0.764983 -0.544430 0.224822 1.434747 1.149405 0.840452 0.129751 0.003051
data/frame-000134.color.jpg 0.257328 0.755155 -0.557111 0.230544 1.468780 1.125355 0.862712 0.103396 0.003549
data/frame-000135.color.jpg 0.246110 0.736368 -0.581959 0.241898 1.503770 1.071942 0.929977 0.065562 0.002776
data/frame-000136.color.jpg 0.239128 0.719179 -0.601467 0.252661 1.516125 1.035470 0.980129 0.211296 0.006253
data/frame-000137.color.jpg 0.235596 0.708818 -0.611038 0.262114 1.516390 1.028230 1.009225 0.144986 0.002196
data/frame-000138.color.jpg 0.232151 0.703044 -0.616592 0.267676 1.507228 1.031806 1.026973 0.251365 0.005401
data/frame-000139.color.jpg 0.233900 0.697430 -0.619649 0.273710 1.506263 1.047729 1.017600 0.210094 0.002892
data/frame-000140.color.jpg 0.238466 0.694509 -0.620588 0.275067 1.512947 1.071967 0.990740 0.319208 0.005199
data/frame-000141.color.jpg 0.245238 0.693493 -0.618732 0.275854 1.517850 1.106777 0.948366 0.330879 0.006336
data/frame-000142.color.jpg 0.249550 0.696072 -0.615111 0.273583 1.512763 1.141250 0.905810 0.332413 0.007196
data/frame-000143.color.jpg 0.247548 0.697054 -0.614000 0.275388 1.503690 1.179502 0.897542 0.632145 0.011362
data/frame-000144.color.jpg 0.252071 0.700970 -0.604464 0.282354 1.475280 1.247688 0.837853 0.381311 0.005285
data/frame-000145.color.jpg 0.259826 0.705588 -0.593509 0.287024 1.452812 1.317148 0.765730 0.363821 0.006299
data/frame-000146.color.jpg 0.260034 0.707367 -0.591243 0.287133 1.446359 1.329834 0.758047 0.361040 0.005988
data/frame-000147.color.jpg 0.260444 0.716724 -0.581020 0.284413 1.421767 1.386477 0.714243 0.544490 0.010176
data/frame-000148.color.jpg 0.261910 0.715984 -0.577900 0.291207 1.427327 1.430108 0.687801 0.345839 0.006173
data/frame-000149.color.jpg 0.261909 0.714833 -0.578296 0.293242 1.428978 1.430686 0.686288 0.280936 0.006878
data/frame-000150.color.jpg 0.267683 0.705598 -0.584131 0.298778 1.476247 1.439678 0.675090 0.248217 0.003505
data/frame-000151.color.jpg 0.278557 0.700262 -0.584085 0.301470 1.514366 1.453123 0.640093 0.472455 0.008606
data/frame-000152.color.jpg 0.282905 0.702208 -0.577996 0.304613 1.528596 1.480857 0.617640 0.249411 0.004427
data/frame-000153.color.jpg 0.287426 0.706566 -0.570081 0.305219 1.536224 1.518211 0.591872 0.177737 0.001250
data/frame-000154.color.jpg 0.292455 0.710602 -0.562821 0.304545 1.532403 1.545539 0.563806 0.368071 0.007369
data/frame-000155.color.jpg 0.297676 0.712918 -0.555870 0.306832 1.531421 1.565815 0.536707 0.350404 0.008203
data/frame-000156.color.jpg 0.297627 0.714144 -0.554452 0.306593 1.529294 1.573424 0.536061 0.336000 0.008197
data/frame-000157.color.jpg 0.299761 0.717833 -0.548697 0.306253 1.527660 1.597292 0.522656 0.386276 0.007973
data/frame-000158.color.jpg 0.303795 0.719538 -0.543768 0.307067 1.530903 1.608932 0.502678 0.270881 0.006249
data/frame-000159.color.jpg 0.308812 0.723815 -0.536499 0.304789 1.532671 1.626822 0.471858 0.255238 0.006536
data/frame-000160.color.jpg 0.313354 0.727349 -0.529809 0.303440 1.539921 1.648047 0.447072 0.165755 0.003878
data/frame-000161.color.jpg 0.319280 0.730293 -0.524012 0.300240 1.542470 1.660368 0.414632 0.234093 0.004657
data/frame-000162.color.jpg 0.327260 0.732082 -0.516573 0.300181 1.550008 1.675948 0.371197 0.253265 0.007449
data/frame-000163.color.jpg 0.340453 0.733928 -0.506689 0.297839 1.557106 1.698036 0.303544 0.185925 0.006647
data/frame-000164.color.jpg 0.345311 0.735377 -0.501168 0.298012 1.555202 1.715057 0.273521 0.203507 0.006482
data/frame-000165.color.jpg 0.350001 0.735632 -0.496956 0.298962 1.555579 1.725043 0.252092 0.332196 0.008011
data/frame-000166.color.jpg 0.355873 0.737549 -0.489773 0.299165 1.555131 1.750110 0.216186 0.175642 0.002266
data/frame-000167.color.jpg 0.366415 0.738473 -0.479599 0.300635 1.546590 1.762554 0.151952 0.392988 0.012146
data/frame-000168.color.jpg 0.373529 0.743122 -0.468941 0.297220 1.541079 1.788986 0.102001 0.303339 0.008903
data/frame-000169.color.jpg 0.374937 0.746270 -0.462765 0.297240 1.525381 1.808190 0.084108 0.298113 0.009994
data/frame-000170.color.jpg 0.377912 0.749932 -0.454961 0.296302 1.512337 1.832614 0.058914 0.253895 0.007147
data/frame-000171.color.jpg 0.380147 0.752392 -0.449144 0.296082 1.506549 1.845250 0.038033 0.302795 0.008068
data/frame-000172.color.jpg 0.384371 0.756187 -0.441012 0.293170 1.495176 1.858849 0.004633 0.470411 0.011660
data/frame-000173.color.jpg 0.387278 0.762804 -0.431918 0.285645 1.478313 1.881363 -0.025568 0.300964 0.007553
data/frame-000174.color.jpg 0.388982 0.770001 -0.422060 0.278669 1.460415 1.901555 -0.052098 0.269700 0.006927
data/frame-000175.color.jpg 0.392376 0.773653 -0.415517 0.273582 1.458210 1.907334 -0.080246 0.355919 0.009418
data/frame-000176.color.jpg 0.392487 0.780322 -0.407963 0.265739 1.446570 1.927161 -0.096037 0.268865 0.006303
data/frame-000177.color.jpg 0.396364 0.784799 -0.401292 0.256810 1.441880 1.929652 -0.123800 0.333513 0.007234
data/frame-000178.color.jpg 0.398936 0.789987 -0.394814 0.246765 1.432345 1.931698 -0.148027 0.305339 0.006324
data/frame-000179.color.jpg 0.396641 0.794744 -0.390826 0.241480 1.425049 1.942664 -0.145019 0.332481 0.008085
data/frame-000180.color.jpg 0.387784 0.804181 -0.384948 0.233947 1.398680 1.960200 -0.117933 0.238926 0.004713
data/frame-000181.color.jpg 0.382747 0.808714 -0.381646 0.232018 1.383217 1.969600 -0.101946 0.283346 0.005810
data/frame-000182.color.jpg 0.377153 0.814393 -0.377021 0.228857 1.363345 1.979092 -0.089430 0.366733 0.007984
data/frame-000183.color.jpg 0.373905 0.818477 -0.373775 0.224903 1.350089 1.984241 -0.081763 0.280135 0.006826
data/frame-000184.color.jpg 0.372345 0.819988 -0.372220 0.224572 1.345243 1.988148 -0.074358 0.404298 0.009163
data/frame-000185.color.jpg 0.369669 0.825406 -0.366072 0.219183 1.324985 1.995194 -0.074704 0.412097 0.009563
data/frame-000186.color.jpg 0.366251 0.830126 -0.361661 0.214366 1.309563 2.001847 -0.065045 0.464320 0.011025
data/frame-000187.color.jpg 0.360949 0.835780 -0.356275 0.210371 1.282860 2.011933 -0.050339 0.466340 0.010883
data/frame-000188.color.jpg 0.355384 0.839030 -0.353856 0.210991 1.259365 2.017311 -0.026249 0.502593 0.010409
data/frame-000189.color.jpg 0.341354 0.843174 -0.356258 0.213577 1.232171 2.011650 0.045113 0.558495 0.012995
data/frame-000190.color.jpg 0.342431 0.842611 -0.358233 0.210753 1.229377 1.998419 0.050709 0.558134 0.013062
data/frame-000191.color.jpg 0.340388 0.843296 -0.355870 0.215276 1.200261 1.985180 0.069690 0.467277 0.008290
data/frame-000192.color.jpg 0.336712 0.845819 -0.354360 0.213647 1.170936 1.983414 0.096275 0.548480 0.012426
data/frame-000193.color.jpg 0.340951 0.844121 -0.353135 0.215655 1.162763 1.963843 0.087469 0.507327 0.010540
data/frame-000194.color.jpg 0.340203 0.844633 -0.352475 0.215910 1.153339 1.961207 0.095488 0.501896 0.009173
data/frame-000195.color.jpg 0.343063 0.844908 -0.348494 0.216773 1.114952 1.937399 0.102503 0.396218 0.007971
data/frame-000196.color.jpg 0.340045 0.843795 -0.354026 0.216900 1.107425 1.901073 0.155905 0.359877 0.006179
data/frame-000197.color.jpg 0.340047 0.842394 -0.356406 0.218436 1.112801 1.889746 0.161947 0.311870 0.001973
data/frame-000198.color.jpg 0.337797 0.836324 -0.370150 0.222359 1.146670 1.859517 0.193622 0.138242 0.006427
data/frame-000199.color.jpg 0.341341 0.829466 -0.380416 0.225291 1.185189 1.833167 0.208957 0.176029 0.003929
data/frame-000200.color.jpg 0.341446 0.819254 -0.398955 0.230372 1.254065 1.791790 0.261270 0.350666 0.007740
data/frame-000201.color.jpg 0.345591 0.810385 -0.413040 0.230742 1.315570 1.743437 0.285146 0.200468 0.002858
data/frame-000202.color.jpg 0.349624 0.800582 -0.426900 0.233641 1.377580 1.691741 0.321152 0.313818 0.007224
data/frame-000203.color.jpg 0.345968 0.797396 -0.436338 0.232540 1.410447 1.648332 0.374947 0.158667 0.006193
data/frame-000204.color.jpg 0.343415 0.791995 -0.445035 0.238232 1.434405 1.606288 0.424456 0.196161 0.006876
data/frame-000205.color.jpg 0.339650 0.789341 -0.451535 0.240196 1.453512 1.567848 0.471357 0.240687 0.008582
data/frame-000206.color.jpg 0.328782 0.786974 -0.461274 0.244540 1.460588 1.513605 0.559500 0.184357 0.008650
data/frame-000207.color.jpg 0.333617 0.783309 -0.463489 0.245572 1.460986 1.482721 0.573896 0.198368 0.009205
data/frame-000208.color.jpg 0.330767 0.785559 -0.461611 0.245774 1.444656 1.469295 0.594148 0.205543 0.012081
data/frame-000209.color.jpg 0.327169 0.789486 -0.459029 0.242826 1.426125 1.457446 0.610909 0.235849 0.012248
data/frame-000210.color.jpg 0.323844 0.793964 -0.455360 0.239569 1.406983 1.441882 0.631031 0.268011 0.013446
data/frame-000211.color.jpg 0.326037 0.796123 -0.451732 0.236276 1.394547 1.434413 0.629825 0.280505 0.013827
data/frame-000212.color.jpg 0.324316 0.799980 -0.447104 0.234413 1.369489 1.423507 0.651284 0.173381 0.010161
data/frame-000213.color.jpg 0.330824 0.801420 -0.441974 0.230085 1.382644 1.414699 0.633903 0.269953 0.007125
data/frame-000214.color.jpg 0.338723 0.809979 -0.429044 0.212418 1.388708 1.413106 0.591579 0.177255 0.005498
data/frame-000215.color.jpg 0.338925 0.811428 -0.427261 0.210147 1.388009 1.413332 0.590670 0.194394 0.005029
data/frame-000216.color.jpg 0.339104 0.815781 -0.420470 0.206677 1.388967 1.402448 0.591925 0.247858 0.007185
data/frame-000217.color.jpg 0.340202 0.820738 -0.414317 0.197467 1.399409 1.404958 0.582085 0.298925 0.003056
data/frame-000218.color.jpg 0.342578 0.827635 -0.401824 0.190258 1.398297 1.420680 0.565679 0.305164 0.003984
data/frame-000219.color.jpg 0.347833 0.832944 -0.390147 0.181665 1.403922 1.433737 0.539611 0.349227 0.006646
data/frame-000220.color.jpg 0.349321 0.835266 -0.384570 0.180028 1.404796 1.440875 0.537170 0.187429 0.003935
data/frame-000221.color.jpg 0.349367 0.835507 -0.383826 0.180412 1.412193 1.438610 0.541893 0.145236 0.003837
data/frame-000222.color.jpg 0.346521 0.834678 -0.387512 0.181853 1.436401 1.420255 0.564663 0.157053 0.003820
data/frame-000223.color.jpg 0.347069 0.834806 -0.387438 0.180374 1.458136 1.412385 0.567778 0.174825 0.004155
data/frame-000224.color.jpg 0.343834 0.836048 -0.387339 0.181024 1.468163 1.408163 0.585778 0.190547 0.003726
data/frame-000225.color.jpg 0.337843 0.838019 -0.388664 0.180352 1.483053 1.389620 0.614898 0.069589 0.004129
data/frame-000226.color.jpg 0.329586 0.839772 -0.391701 0.180905 1.492007 1.366926 0.652915 0.102978 0.005031
data/frame-000227.color.jpg 0.315731 0.840248 -0.400488 0.184136 1.499411 1.320112 0.720379 0.223224 0.010719
data/frame-000228.color.jpg 0.306802 0.840041 -0.406400 0.187198 1.501147 1.294913 0.761723 0.243274 0.010214
data/frame-000229.color.jpg 0.298682 0.837105 -0.416376 0.191508 1.507064 1.257178 0.809163 0.273327 0.010644
data/frame-000230.color.jpg 0.284016 0.824551 -0.446599 0.200001 1.528190 1.152070 0.913644 0.262615 0.011538
data/frame-000231.color.jpg 0.281462 0.818702 -0.457476 0.203030 1.536129 1.115264 0.942040 0.229574 0.010651
data/frame-000232.color.jpg 0.275258 0.811069 -0.472230 0.208323 1.535331 1.065026 0.987432 0.349752 0.014760
data/frame-000233.color.jpg 0.275088 0.808445 -0.476065 0.210013 1.536220 1.051464 0.995379 0.420779 0.017017
data/frame-000234.color.jpg 0.270843 0.801735 -0.488549 0.212568 1.538234 1.007132 1.031471 0.441852 0.017425
data/frame-000235.color.jpg 0.265603 0.792531 -0.504393 0.216652 1.541198 0.946064 1.076460 0.392557 0.015173
data/frame-000236.color.jpg 0.260446 0.784096 -0.520582 0.215304 1.545213 0.885043 1.110003 0.375372 0.012903
data/frame-000237.color.jpg 0.259680 0.774036 -0.534799 0.217771 1.543519 0.834144 1.138281 0.369020 0.013258
data/frame-000238.color.jpg 0.258451 0.765982 -0.545435 0.221305 1.530375 0.798655 1.162327 0.486471 0.015344
data/frame-000239.color.jpg 0.253413 0.747982 -0.569904 0.226969 1.491959 0.713345 1.217984 0.520688 0.017657
data/frame-000240.color.jpg 0.251605 0.741572 -0.578808 0.227483 1.471938 0.675856 1.237551 0.759722 0.024740
data/frame-000241.color.jpg 0.248284 0.740219 -0.581525 0.228605 1.461935 0.666031 1.252800 0.697645 0.022715
data/frame-000242.color.jpg 0.243192 0.730858 -0.593254 0.233996 1.426491 0.631038 1.286859 0.539571 0.015955
data/frame-000243.color.jpg 0.244262 0.722582 -0.601687 0.237032 1.403641 0.604893 1.300523 0.508086 0.014693
data/frame-000244.color.jpg 0.247896 0.714547 -0.607383 0.243013 1.379858 0.601322 1.313914 0.484653 0.013317
data/frame-000245.color.jpg 0.250039 0.709057 -0.610626 0.248705 1.350087 0.599607 1.327352 0.665866 0.016934
data/frame-000246.color.jpg 0.242328 0.697666 -0.623280 0.257023 1.290935 0.564915 1.372489 0.584220 0.014375
data/frame-000247.color.jpg 0.240326 0.691192 -0.629999 0.259998 1.265965 0.550846 1.391890 0.575161 0.016334
data/frame-000248.color.jpg 0.238463 0.684117 -0.636479 0.264599 1.234339 0.543307 1.409514 0.703698 0.020926
data/frame-000249.color.jpg 0.235964 0.680032 -0.639512 0.270003 1.201416 0.539464 1.423640 0.727569 0.024095
data/frame-000250.color.jpg 0.231619 0.672503 -0.644957 0.279504 1.164456 0.540906 1.445877 0.616974 0.019700
data/frame-000251.color.jpg 0.233132 0.667394 -0.646845 0.286052 1.145942 0.548883 1.447432 0.606217 0.019106
data/frame-000252.color.jpg 0.232505 0.664633 -0.648495 0.289236 1.142388 0.555032 1.456808 0.449109 0.016305
data/frame-000253.color.jpg 0.233768 0.663540 -0.647930 0.291984 1.139162 0.565319 1.458681 0.550799 0.019251
data/frame-000254.color.jpg 0.235315 0.662900 -0.647202 0.293805 1.144256 0.572457 1.456028 0.427165 0.015191
data/frame-000255.color.jpg 0.240491 0.664122 -0.643464 0.295060 1.156238 0.590379 1.442978 0.521023 0.016678
data/frame-000256.color.jpg 0.240942 0.664920 -0.642374 0.295268 1.159245 0.598077 1.442045 0.462714 0.014795
data/frame-000257.color.jpg 0.248538 0.667559 -0.637046 0.294560 1.180262 0.623610 1.424689 0.407037 0.014696
data/frame-000258.color.jpg 0.255543 0.680171 -0.621272 0.293405 1.213960 0.678576 1.396259 0.317222 0.014481
data/frame-000259.color.jpg 0.265816 0.694383 -0.602196 0.290748 1.252622 0.740943 1.348666 0.347942 0.013111
data/frame-000260.color.jpg 0.272333 0.703859 -0.589156 0.288638 1.273147 0.784258 1.320078 0.305602 0.012209
data/frame-000261.color.jpg 0.281746 0.715596 -0.572537 0.284152 1.301795 0.830144 1.277485 0.305180 0.016062
data/frame-000262.color.jpg 0.289273 0.728817 -0.554807 0.278091 1.332340 0.877501 1.235619 0.276814 0.017172
data/frame-000263.color.jpg 0.297510 0.741759 -0.536299 0.271414 1.359918 0.925736 1.188736 0.352226 0.018994
data/frame-000264.color.jpg 0.302122 0.748523 -0.525952 0.267974 1.373230 0.951118 1.159890 0.396867 0.020882
data/frame-000265.color.jpg 0.305592 0.755210 -0.515695 0.265197 1.383330 0.977825 1.137151 0.374308 0.022351
data/frame-000266.color.jpg 0.307525 0.764071 -0.502838 0.262254 1.382510 1.010879 1.113800 0.417620 0.024072
data/frame-000267.color.jpg 0.311669 0.772855 -0.488041 0.259565 1.389281 1.048826 1.078654 0.260286 0.019842
data/frame-000268.color.jpg 0.313999 0.781121 -0.475095 0.256004 1.394679 1.083093 1.052593 0.172354 0.017150
data/frame-000269.color.jpg 0.317977 0.787378 -0.463965 0.252314 1.401068 1.109896 1.023545 0.119634 0.016316
data/frame-000270.color.jpg 0.324341 0.795789 -0.448800 0.245157 1.413341 1.143256 0.976761 0.107545 0.012650
data/frame-000271.color.jpg 0.328438 0.804145 -0.435006 0.237168 1.424434 1.171062 0.939193 0.069876 0.011098
data/frame-000272.color.jpg 0.333094 0.813088 -0.419493 0.227952 1.434993 1.202164 0.893452 0.021290 0.010451
data/frame-000273.color.jpg 0.334791 0.817608 -0.411563 0.223712 1.434859 1.219497 0.871523 0.106708 0.011659
data/frame-000274.color.jpg 0.336898 0.821519 -0.403654 0.220612 1.439267 1.237320 0.846519 0.100634 0.010649
data/frame-000275.color.jpg 0.336230 0.826852 -0.395521 0.216398 1.438416 1.253457 0.829944 0.129286 0.010597
data/frame-000276.color.jpg 0.329501 0.833841 -0.387758 0.213969 1.431921 1.268698 0.832236 0.142702 0.010473
data/frame-000277.color.jpg 0.324959 0.841106 -0.378848 0.208370 1.428842 1.285191 0.818026 0.243082 0.011318
data/frame-000278.color.jpg 0.314469 0.849920 -0.369184 0.206030 1.417407 1.306011 0.823419 0.181794 0.010618
data/frame-000279.color.jpg 0.311871 0.851754 -0.367182 0.205983 1.414044 1.312720 0.825926 0.197227 0.009967
data/frame-000280.color.jpg 0.309498 0.855999 -0.361458 0.202049 1.419334 1.328603 0.812058 0.167707 0.007621
data/frame-000281.color.jpg 0.306854 0.860816 -0.354042 0.198722 1.423857 1.358165 0.794305 0.180591 0.006734
data/frame-000282.color.jpg 0.307094 0.863805 -0.348346 0.195418 1.430547 1.380792 0.771802 0.157012 0.006546
data/frame-000283.color.jpg 0.325064 0.851903 -0.368513 0.181086 1.583515 1.430521 0.648967 0.289070 0.010278
data/frame-000284.color.jpg 0.325574 0.851559 -0.368623 0.181563 1.581068 1.428859 0.647509 0.339101 0.012131
data/frame-000285.color.jpg 0.326099 0.850416 -0.369388 0.184405 1.578458 1.430182 0.656349 0.276118 0.009033
data/frame-000286.color.jpg 0.327145 0.850802 -0.367792 0.183958 1.572628 1.431576 0.650302 0.283868 0.011388
data/frame-000287.color.jpg 0.330489 0.850311 -0.366571 0.182688 1.572112 1.435073 0.636275 0.343097 0.011435
data/frame-000288.color.jpg 0.327272 0.852142 -0.364240 0.184595 1.558518 1.443362 0.648138 0.293857 0.011272
data/frame-000289.color.jpg 0.327209 0.852169 -0.363902 0.185252 1.559457 1.447955 0.647726 0.210412 0.006612
data/frame-000290.color.jpg 0.328538 0.853320 -0.360355 0.184534 1.554214 1.459071 0.635034 0.206180 0.006538
data/frame-000291.color.jpg 0.327354 0.857302 -0.354890 0.178680 1.550701 1.461621 0.623138 0.340821 0.012546
data/frame-000292.color.jpg 0.318635 0.863514 -0.350824 0.172444 1.545425 1.460186 0.635621 0.389122 0.012560
data/frame-000293.color.jpg 0.312695 0.869665 -0.344255 0.165507 1.541199 1.465495 0.636407 0.352291 0.012045
data/frame-000294.color.jpg 0.308431 0.874764 -0.338118 0.159168 1.540465 1.473130 0.632256 0.312694 0.009195
data/frame-000295.color.jpg 0.307058 0.878695 -0.331515 0.153978 1.535883 1.485217 0.621049 0.339955 0.008708
data/frame-000296.color.jpg 0.306735 0.882972 -0.322472 0.149285 1.524728 1.507671 0.604037 0.408859 0.008973
data/frame-000297.color.jpg 0.307230 0.886663 -0.313106 0.146299 1.513435 1.529212 0.586533 0.288300 0.007200
data/frame-000298.color.jpg 0.309769 0.889843 -0.304121 0.140472 1.501655 1.549987 0.558984 0.453897 0.012466
data/frame-000299.color.jpg 0.310596 0.891721 -0.298617 0.138530 1.493625 1.565539 0.544249 0.407436 0.010768
data/frame-000300.color.jpg 0.320910 0.891157 -0.291211 0.134355 1.492483 1.595478 0.485172 0.373401 0.007810
data/frame-000301.color.jpg 0.332794 0.888928 -0.284245 0.135128 1.484479 1.629292 0.431004 0.282378 0.005693
data/frame-000302.color.jpg 0.355512 0.888034 -0.261429 0.129080 1.438177 1.718696 0.303350 0.672706 0.011093
data/frame-000303.color.jpg 0.373085 0.885760 -0.245197 0.126948 1.409606 1.777323 0.210464 0.317179 0.008072
data/frame-000304.color.jpg 0.374491 0.885928 -0.243134 0.125590 1.403777 1.785937 0.199930 0.375301 0.008552
data/frame-000305.color.jpg 0.383863 0.883805 -0.236497 0.124929 1.390098 1.811324 0.148746 0.285311 0.006568
data/frame-000306.color.jpg 0.394378 0.880982 -0.229590 0.124999 1.374555 1.834386 0.096863 0.274003 0.009049
data/frame-000307.color.jpg 0.406710 0.878275 -0.218812 0.123863 1.348539 1.864174 0.028235 0.332777 0.010919
data/frame-000308.color.jpg 0.416584 0.876562 -0.208245 0.121370 1.320927 1.890131 -0.026838 0.276553 0.010716
data/frame-000309.color.jpg 0.425027 0.875908 -0.196188 0.116825 1.282189 1.910558 -0.079294 0.385546 0.013629
data/frame-000310.color.jpg 0.430893 0.875903 -0.182942 0.116860 1.241916 1.938201 -0.121124 0.277153 0.010843
data/frame-000311.color.jpg 0.437756 0.876060 -0.167912 0.112672 1.198542 1.962577 -0.170951 0.205891 0.010858
data/frame-000312.color.jpg 0.451188 0.875643 -0.139134 0.101592 1.112580 1.994492 -0.271747 0.331969 0.012041
data/frame-000313.color.jpg 0.456312 0.877017 -0.118745 0.092301 1.045736 2.020050 -0.324066 0.193410 0.009753
data/frame-000314.color.jpg 0.460344 0.878214 -0.099468 0.083248 0.982039 2.035370 -0.368735 0.285668 0.011051
data/frame-000315.color.jpg 0.465242 0.877881 -0.084644 0.075563 0.941829 2.045067 -0.411193 0.377968 0.012884
data/frame-000316.color.jpg 0.470630 0.877924 -0.062450 0.062110 0.863986 2.059374 -0.464934 0.274323 0.007674
data/frame-000317.color.jpg 0.468824 0.880872 -0.042727 0.049420 0.803630 2.072088 -0.481049 0.346864 0.010509
data/frame-000318.color.jpg 0.462974 0.884569 -0.030413 0.047618 0.774893 2.090048 -0.465595 0.064394 0.008210
data/frame-000319.color.jpg 0.458527 0.887389 -0.021500 0.042805 0.757852 2.099105 -0.456993 0.144690 0.007391
data/frame-000320.color.jpg 0.455545 0.889146 -0.017264 0.040007 0.751060 2.102308 -0.448133 0.082983 0.006514
data/frame-000321.color.jpg 0.447619 0.893172 -0.010779 0.042002 0.724896 2.117968 -0.412843 0.240018 0.010451
data/frame-000322.color.jpg 0.439172 0.897293 -0.005420 0.044307 0.701911 2.127477 -0.378037 0.319124 0.011430
data/frame-000323.color.jpg 0.420802 0.905811 -0.004305 0.049125 0.693206 2.136979 -0.296629 0.433991 0.013852
data/frame-000324.color.jpg 0.404169 0.912855 -0.003355 0.057725 0.673435 2.143714 -0.220288 0.520797 0.017963
data/frame-000325.color.jpg 0.396535 0.915716 -0.004433 0.064838 0.676041 2.143142 -0.186269 0.249277 0.011848
data/frame-000326.color.jpg 0.387093 0.919593 -0.003018 0.067075 0.671935 2.144682 -0.150517 0.253521 0.011620
data/frame-000327.color.jpg 0.382792 0.921315 -0.001533 0.068167 0.673069 2.148620 -0.132716 0.218306 0.011409
data/frame-000328.color.jpg 0.375609 0.924326 0.003884 0.067253 0.656736 2.152619 -0.108478 0.347153 0.013628
data/frame-000329.color.jpg 0.369582 0.927038 0.008396 0.062767 0.657756 2.155016 -0.095419 0.360942 0.011250
data/frame-000330.color.jpg 0.361986 0.929855 0.017385 0.063515 0.644042 2.165321 -0.071708 0.361778 0.011902
data/frame-000331.color.jpg 0.358329 0.931628 0.028307 0.053552 0.632856 2.177062 -0.073411 0.424243 0.012739
data/frame-000332.color.jpg 0.359644 0.931241 0.050125 0.030547 0.604382 2.191964 -0.119178 0.565120 0.011696
data/frame-000333.color.jpg 0.362603 0.928850 0.074354 0.015127 0.562641 2.203646 -0.163623 0.426429 0.007766
data/frame-000334.color.jpg 0.362239 0.927566 0.091586 0.003910 0.529023 2.216147 -0.182621 0.710115 0.013498
data/frame-000335.color.jpg 0.360618 0.926908 0.103892 0.001363 0.509975 2.226511 -0.183824 0.639628 0.010905
data/frame-000336.color.jpg 0.361491 0.925626 0.111941 -0.003139 0.495697 2.230727 -0.200121 0.717956 0.013040
data/frame-000337.color.jpg 0.359766 0.925052 0.121664 -0.006708 0.478392 2.234720 -0.203773 0.742402 0.013590
data/frame-000338.color.jpg 0.358286 0.923966 0.133356 -0.011587 0.448418 2.245792 -0.209390 0.931098 0.018283
data/frame-000339.color.jpg 0.355982 0.920972 0.156826 -0.022186 0.391824 2.260587 -0.223620 0.882816 0.017323
data/frame-000340.color.jpg 0.354430 0.919364 0.168660 -0.026512 0.358290 2.271337 -0.231412 0.937264 0.018989
data/frame-000341.color.jpg 0.352667 0.917462 0.181256 -0.032189 0.314870 2.280637 -0.240357 0.988891 0.019668
data/frame-000342.color.jpg 0.352618 0.916077 0.187842 -0.034338 0.290797 2.285371 -0.248212 0.916455 0.018516
data/frame-000343.color.jpg 0.353178 0.908158 0.219565 -0.048016 0.168453 2.321990 -0.287950 0.594328 0.012508
data/frame-000344.color.jpg 0.351789 0.905407 0.231409 -0.054145 0.117535 2.332107 -0.295888 0.671645 0.014538
data/frame-000345.color.jpg 0.357440 0.889807 0.275450 -0.067870 -0.086264 2.345186 -0.355550 0.563792 0.012803
data/frame-000346.color.jpg 0.359159 0.886414 0.283777 -0.068891 -0.128261 2.343470 -0.373446 0.473296 0.011563
data/frame-000347.color.jpg 0.356667 0.883659 0.294770 -0.071036 -0.177769 2.359793 -0.377184 0.571941 0.013772
data/frame-000348.color.jpg 0.362878 0.878372 0.301717 -0.075829 -0.210886 2.357973 -0.418620 0.333575 0.008776
data/frame-000349.color.jpg 0.366161 0.876870 0.301376 -0.078724 -0.197062 2.381816 -0.445636 0.410958 0.008633
data/frame-000350.color.jpg 0.369146 0.877403 0.294836 -0.083474 -0.150386 2.403912 -0.474459 0.443510 0.010816
data/frame-000351.color.jpg 0.368235 0.880503 0.286158 -0.085038 -0.080246 2.421775 -0.480798 0.319123 0.007511
data/frame-000352.color.jpg 0.368714 0.882397 0.281548 -0.078463 -0.040926 2.443422 -0.485066 0.472888 0.010553
data/frame-000353.color.jpg 0.378938 0.879914 0.275870 -0.077805 0.024140 2.469143 -0.536961 0.414906 0.009107
data/frame-000354.color.jpg 0.387599 0.876056 0.275898 -0.078569 0.039287 2.469756 -0.584763 0.332727 0.006898
data/frame-000355.color.jpg 0.392880 0.873506 0.276435 -0.078845 0.048648 2.478299 -0.615203 0.396767 0.008023
data/frame-000356.color.jpg 0.399498 0.870674 0.275369 -0.080615 0.067203 2.478238 -0.655264 0.359492 0.005800
data/frame-000357.color.jpg 0.406710 0.867488 0.274603 -0.081510 0.086552 2.482665 -0.695783 0.342878 0.005518
data/frame-000358.color.jpg 0.408875 0.866781 0.273383 -0.082305 0.103745 2.486310 -0.710862 0.295154 0.005208
data/frame-000359.color.jpg 0.412305 0.865795 0.270843 -0.083956 0.122237 2.483363 -0.735855 0.421516 0.007590
data/frame-000360.color.jpg 0.421072 0.862908 0.267780 -0.079885 0.138822 2.477907 -0.778137 0.419294 0.007188
data/frame-000361.color.jpg 0.428535 0.860575 0.265237 -0.073608 0.145826 2.479615 -0.806635 0.274250 0.004379
data/frame-000362.color.jpg 0.432868 0.858914 0.264231 -0.071228 0.136629 2.487550 -0.833392 0.365043 0.004764
data/frame-000363.color.jpg 0.443800 0.852414 0.268082 -0.067554 0.100987 2.482615 -0.890640 0.398168 0.006692
data/frame-000364.color.jpg 0.450961 0.848825 0.268201 -0.064802 0.080113 2.483002 -0.929318 0.394702 0.008362
data/frame-000365.color.jpg 0.453683 0.846263 0.271595 -0.065164 0.050484 2.489119 -0.960177 0.329752 0.006338
data/frame-000366.color.jpg 0.455623 0.844337 0.274226 -0.065596 0.031823 2.490922 -0.977884 0.285901 0.006219
data/frame-000367.color.jpg 0.458183 0.840046 0.281925 -0.070069 -0.014016 2.492617 -1.011576 0.341173 0.005111
data/frame-000368.color.jpg 0.462928 0.832638 0.293148 -0.080473 -0.075896 2.483516 -1.063672 0.332069 0.005923
data/frame-000369.color.jpg 0.464498 0.824989 0.308874 -0.090723 -0.153205 2.474451 -1.087443 0.159854 0.001580
data/frame-000370.color.jpg 0.461541 0.819731 0.325516 -0.095185 -0.240246 2.465350 -1.081444 0.170787 0.004639
data/frame-000371.color.jpg 0.457878 0.812926 0.346042 -0.098763 -0.346280 2.448595 -1.065884 0.261867 0.007907
data/frame-000372.color.jpg 0.454509 0.807005 0.362774 -0.102761 -0.427400 2.433956 -1.047586 0.166741 0.006778
data/frame-000373.color.jpg 0.448743 0.800960 0.381768 -0.106517 -0.525968 2.419859 -1.018279 0.155315 0.007141
data/frame-000374.color.jpg 0.442490 0.799855 0.391293 -0.106418 -0.572248 2.415144 -0.982810 0.262085 0.009872
data/frame-000375.color.jpg 0.435678 0.801367 0.396315 -0.104548 -0.591273 2.419487 -0.942868 0.158139 0.009249
data/frame-000376.color.jpg 0.431174 0.803212 0.398272 -0.101587 -0.602099 2.422091 -0.915845 0.270181 0.010960
data/frame-000377.color.jpg 0.426134 0.805705 0.399995 -0.096197 -0.608702 2.430498 -0.883111 0.382588 0.010953
data/frame-000378.color.jpg 0.423698 0.805410 0.402899 -0.097296 -0.623808 2.428401 -0.869852 0.415983 0.011456
data/frame-000379.color.jpg 0.423987 0.802941 0.406535 -0.101239 -0.638672 2.417142 -0.871746 0.391416 0.009887
data/frame-000380.color.jpg 0.424571 0.799442 0.410878 -0.108675 -0.659107 2.406413 -0.879082 0.510512 0.011728
data/frame-000381.color.jpg 0.428779 0.795106 0.413283 -0.114679 -0.663455 2.388192 -0.902563 0.224772 0.005165
data/frame-000382.color.jpg 0.429446 0.789721 0.420328 -0.123455 -0.701016 2.373228 -0.908139 0.472398 0.011089
data/frame-000383.color.jpg 0.433629 0.781386 0.428549 -0.133222 -0.740370 2.339437 -0.931296 0.404628 0.010079
data/frame-000384.color.jpg 0.434405 0.778460 0.431963 -0.136749 -0.753387 2.331603 -0.934754 0.234631 0.006008
data/frame-000385.color.jpg 0.434571 0.770002 0.444615 -0.143398 -0.821290 2.302759 -0.933918 0.304752 0.010283
data/frame-000386.color.jpg 0.435814 0.763962 0.452472 -0.147301 -0.858192 2.278895 -0.939288 0.272233 0.009445
data/frame-000387.color.jpg 0.438527 0.757958 0.458264 -0.152275 -0.892668 2.264290 -0.953511 0.175767 0.007516
data/frame-000388.color.jpg 0.440946 0.755684 0.459048 -0.154221 -0.899734 2.258234 -0.964301 0.092844 0.005384
data/frame-000389.color.jpg 0.442976 0.753817 0.459141 -0.157235 -0.902749 2.253326 -0.979600 0.076459 0.003080
data/frame-000390.color.jpg 0.445034 0.749410 0.462766 -0.161795 -0.931762 2.241223 -0.994500 0.109688 0.004777
data/frame-000391.color.jpg 0.446302 0.744575 0.467664 -0.166473 -0.967678 2.228259 -1.002554 0.084827 0.005116
data/frame-000392.color.jpg 0.448988 0.740726 0.471209 -0.166422 -0.991278 2.221696 -1.019142 0.167355 0.004885
data/frame-000393.color.jpg 0.450295 0.738005 0.476086 -0.161017 -1.021019 2.222985 -1.028232 0.058047 0.002712
data/frame-000394.color.jpg 0.454383 0.740628 0.467934 -0.161383 -0.966450 2.242373 -1.064463 0.082372 0.003750
data/frame-000395.color.jpg 0.453733 0.748920 0.454789 -0.162515 -0.862153 2.290362 -1.076510 0.208379 0.006460
data/frame-000396.color.jpg 0.455110 0.753113 0.443625 -0.169976 -0.774757 2.316054 -1.100861 0.326064 0.009661
data/frame-000397.color.jpg 0.454955 0.754496 0.441656 -0.169387 -0.755262 2.325501 -1.103032 0.322985 0.008943
data/frame-000398.color.jpg 0.458331 0.758434 0.428507 -0.176329 -0.635228 2.359777 -1.142700 0.281024 0.006879
data/frame-000399.color.jpg 0.463561 0.757129 0.423881 -0.179421 -0.592466 2.354414 -1.176778 0.452805 0.010554
data/frame-000400.color.jpg 0.465895 0.756627 0.422028 -0.179859 -0.566924 2.362860 -1.192718 0.208983 0.004861
data/frame-000401.color.jpg 0.467445 0.755282 0.421717 -0.182205 -0.561612 2.357667 -1.205285 0.272169 0.006709
data/frame-000402.color.jpg 0.467288 0.753996 0.424056 -0.182504 -0.566646 2.355387 -1.208808 0.348712 0.008379
data/frame-000403.color.jpg 0.463298 0.753041 0.429483 -0.183927 -0.593037 2.370440 -1.194083 0.163603 0.004923
data/frame-000404.color.jpg 0.463224 0.747387 0.436021 -0.191631 -0.629731 2.365217 -1.211685 0.222993 0.007288
data/frame-000405.color.jpg 0.460942 0.734619 0.454036 -0.204249 -0.743659 2.346951 -1.223831 0.236076 0.006486
data/frame-000406.color.jpg 0.460143 0.732491 0.457164 -0.206704 -0.764892 2.346003 -1.223643 0.196493 0.004913
data/frame-000407.color.jpg 0.456077 0.720941 0.474925 -0.216065 -0.884785 2.332181 -1.216161 0.210980 0.001865
data/frame-000408.color.jpg 0.454920 0.712184 0.486645 -0.221402 -0.967003 2.312187 -1.219352 0.205108 0.002851
data/frame-000409.color.jpg 0.453615 0.700295 0.502240 -0.227101 -1.073336 2.278885 -1.216951 0.234175 0.004965
data/frame-000410.color.jpg 0.454307 0.690476 0.513503 -0.230572 -1.151836 2.245635 -1.220557 0.295395 0.006795
data/frame-000411.color.jpg 0.452401 0.680896 0.526660 -0.233116 -1.234477 2.217818 -1.205412 0.158867 0.003135
data/frame-000412.color.jpg 0.450425 0.674513 0.534149 -0.238399 -1.275874 2.203311 -1.196424 0.168621 0.003298
data/frame-000413.color.jpg 0.451899 0.668605 0.537418 -0.244820 -1.294293 2.188988 -1.204406 0.179166 0.001601
data/frame-000414.color.jpg 0.457220 0.666651 0.535538 -0.244387 -1.277156 2.173105 -1.236717 0.231018 0.006430
data/frame-000415.color.jpg 0.456679 0.670542 0.532599 -0.241155 -1.231520 2.193462 -1.237392 0.225198 0.006064
data/frame-000416.color.jpg 0.454114 0.676615 0.528007 -0.239127 -1.177745 2.227779 -1.229045 0.119005 0.003594
data/frame-000417.color.jpg 0.456070 0.679943 0.523260 -0.236381 -1.121004 2.235749 -1.238709 0.347265 0.008973
data/frame-000418.color.jpg 0.459969 0.681780 0.517808 -0.235540 -1.062180 2.241736 -1.259778 0.609844 0.014016
data/frame-000419.color.jpg 0.462489 0.681399 0.515649 -0.236443 -1.032037 2.237692 -1.273909 0.629753 0.015112
data/frame-000420.color.jpg 0.465828 0.679107 0.515253 -0.237346 -1.014910 2.222352 -1.283706 0.729757 0.017480
data/frame-000421.color.jpg 0.466864 0.679344 0.514183 -0.236951 -0.988644 2.220478 -1.284124 0.799358 0.019151
data/frame-000422.color.jpg 0.467800 0.679813 0.511952 -0.238586 -0.955854 2.216867 -1.282932 0.907372 0.021841
data/frame-000423.color.jpg 0.466230 0.682689 0.510456 -0.236642 -0.923581 2.227773 -1.266154 0.791896 0.019224
data/frame-000424.color.jpg 0.462867 0.686864 0.507936 -0.236587 -0.885100 2.240391 -1.240918 0.623582 0.015534
data/frame-000425.color.jpg 0.459899 0.690783 0.506648 -0.233707 -0.856192 2.250219 -1.215398 0.500809 0.013070
data/frame-000426.color.jpg 0.455991 0.697189 0.503898 -0.228227 -0.811424 2.265271 -1.178798 0.475591 0.012692
data/frame-000427.color.jpg 0.451090 0.699078 0.505760 -0.228068 -0.807156 2.259859 -1.143942 0.539725 0.016009
data/frame-000428.color.jpg 0.445043 0.698018 0.511306 -0.230809 -0.831370 2.249457 -1.099280 0.492402 0.014951
data/frame-000429.color.jpg 0.439033 0.695445 0.521541 -0.227159 -0.886140 2.234924 -1.044472 0.418894 0.013404
data/frame-000430.color.jpg 0.436489 0.691618 0.528467 -0.227736 -0.923463 2.208708 -1.017802 0.591795 0.016286
data/frame-000431.color.jpg 0.430019 0.688978 0.537979 -0.225767 -0.975767 2.198657 -0.962988 0.316521 0.009063
data/frame-000432.color.jpg 0.424406 0.684495 0.548098 -0.225685 -1.032464 2.170110 -0.908400 0.341222 0.004957
data/frame-000433.color.jpg 0.420440 0.680272 0.554787 -0.229503 -1.076247 2.142207 -0.864324 0.311440 0.004737
data/frame-000434.color.jpg 0.417494 0.678820 0.556977 -0.233835 -1.095055 2.110992 -0.825459 0.411958 0.009430
data/frame-000435.color.jpg 0.413940 0.679750 0.560023 -0.230146 -1.107148 2.096061 -0.774422 0.213774 0.007577
data/frame-000436.color.jpg 0.412190 0.682188 0.558846 -0.228932 -1.097889 2.088796 -0.741641 0.277709 0.009297
data/frame-000437.color.jpg 0.413529 0.686217 0.556753 -0.219380 -1.077649 2.077743 -0.724695 0.325961 0.008957
data/frame-000438.color.jpg 0.420230 0.690362 0.547758 -0.216258 -1.018007 2.077588 -0.753582 0.216725 0.006085
data/frame-000439.color.jpg 0.420679 0.701843 0.533315 -0.214524 -0.907283 2.104646 -0.747272 0.394432 0.011112
data/frame-000440.color.jpg 0.411392 0.716896 0.519864 -0.215773 -0.774346 2.147885 -0.709764 0.343413 0.007359
data/frame-000441.color.jpg 0.410841 0.724958 0.509313 -0.215048 -0.681984 2.159267 -0.702134 0.395357 0.009252
data/frame-000442.color.jpg 0.404836 0.735248 0.497686 -0.218694 -0.554542 2.166496 -0.679174 0.230445 0.006151
data/frame-000443.color.jpg 0.396852 0.740022 0.498983 -0.214223 -0.500302 2.166197 -0.630499 0.249836 0.004854
data/frame-000444.color.jpg 0.393127 0.738579 0.505101 -0.211718 -0.485524 2.148858 -0.601644 0.119244 0.004013
data/frame-000445.color.jpg 0.391436 0.734550 0.512009 -0.212278 -0.503317 2.137932 -0.588275 0.181661 0.004359
data/frame-000446.color.jpg 0.389756 0.729707 0.519672 -0.213446 -0.532415 2.129165 -0.575532 0.501514 0.010035
data/frame-000447.color.jpg 0.389136 0.723620 0.525959 -0.219808 -0.551724 2.113241 -0.577545 0.498586 0.011537
data/frame-000448.color.jpg 0.390448 0.715299 0.531759 -0.230502 -0.567886 2.096980 -0.591299 0.451096 0.011045
data/frame-000449.color.jpg 0.394038 0.709851 0.534180 -0.235581 -0.572075 2.087304 -0.609691 0.221566 0.005221
data/frame-000450.color.jpg 0.396528 0.705562 0.536145 -0.239787 -0.586647 2.078433 -0.616902 0.472217 0.012966
data/frame-000451.color.jpg 0.401757 0.702999 0.535297 -0.240500 -0.577965 2.083048 -0.645611 0.176473 0.006992
data/frame-000452.color.jpg 0.406822 0.695449 0.537402 -0.249088 -0.594258 2.077329 -0.680824 0.271265 0.008565
data/frame-000453.color.jpg 0.409124 0.684004 0.548104 -0.253648 -0.655738 2.089721 -0.711892 0.127388 0.004450
data/frame-000454.color.jpg 0.402478 0.674476 0.560754 -0.262007 -0.716332 2.107940 -0.713171 0.247431 0.003033
data/frame-000455.color.jpg 0.402465 0.671461 0.563598 -0.263664 -0.738901 2.104395 -0.720891 0.193924 0.003314
data/frame-000456.color.jpg 0.406463 0.665555 0.566600 -0.266063 -0.768834 2.110420 -0.759785 0.170672 0.001721
data/frame-000457.color.jpg 0.411852 0.658092 0.570041 -0.268973 -0.812376 2.119717 -0.818942 0.222150 0.003661
data/frame-000458.color.jpg 0.413432 0.654317 0.570069 -0.275616 -0.825362 2.122194 -0.847580 0.129562 0.003475
data/frame-000459.color.jpg 0.417025 0.650930 0.570356 -0.277622 -0.841632 2.127545 -0.887327 0.194807 0.003387
data/frame-000460.color.jpg 0.417638 0.656345 0.563981 -0.276976 -0.805154 2.162410 -0.906031 0.512849 0.009927
data/frame-000461.color.jpg 0.422392 0.668060 0.550482 -0.268793 -0.724313 2.200619 -0.944615 0.481706 0.008827
data/frame-000462.color.jpg 0.427618 0.685688 0.526039 -0.265061 -0.575506 2.254354 -0.999429 0.483086 0.010879
data/frame-000463.color.jpg 0.438044 0.701344 0.499407 -0.258509 -0.399798 2.288125 -1.068169 0.235245 0.004867
data/frame-000464.color.jpg 0.443614 0.713151 0.480863 -0.251780 -0.267503 2.318557 -1.101427 0.205043 0.003663
data/frame-000465.color.jpg 0.446500 0.719121 0.471341 -0.247671 -0.193865 2.335216 -1.112728 0.393561 0.007460
data/frame-000466.color.jpg 0.448543 0.719758 0.467841 -0.248762 -0.173133 2.329874 -1.125997 0.313088 0.004644
data/frame-000467.color.jpg 0.452518 0.725140 0.457446 -0.245242 -0.103324 2.341822 -1.144531 0.321998 0.004817
data/frame-000468.color.jpg 0.459341 0.738341 0.431858 -0.239496 0.062815 2.361615 -1.170552 0.450146 0.009044
data/frame-000469.color.jpg 0.459875 0.742453 0.422528 -0.242381 0.116878 2.365666 -1.187150 0.301074 0.005635
data/frame-000470.color.jpg 0.463132 0.743281 0.416110 -0.244734 0.173691 2.356681 -1.219983 0.263748 0.008517
data/frame-000471.color.jpg 0.462868 0.744901 0.414439 -0.243138 0.195756 2.363692 -1.214780 0.432612 0.011604
data/frame-000472.color.jpg 0.460747 0.741994 0.418430 -0.249147 0.198108 2.361533 -1.227135 0.483055 0.011873
data/frame-000473.color.jpg 0.458618 0.741870 0.421360 -0.248503 0.199058 2.376195 -1.217570 0.546997 0.012997
data/frame-000474.color.jpg 0.457703 0.738232 0.425631 -0.253694 0.184142 2.373466 -1.229231 0.524803 0.013953
data/frame-000475.color.jpg 0.454406 0.736854 0.428151 -0.259321 0.175955 2.376535 -1.230418 0.474993 0.008729
data/frame-000476.color.jpg 0.455054 0.733141 0.432317 -0.261787 0.159513 2.371257 -1.237932 0.427126 0.010687
data/frame-000477.color.jpg 0.454202 0.732417 0.433696 -0.263011 0.152638 2.371311 -1.237393 0.407769 0.008714
data/frame-000478.color.jpg 0.453064 0.731213 0.437694 -0.261698 0.152691 2.375844 -1.228615 0.538103 0.011722
data/frame-000479.color.jpg 0.448153 0.730488 0.442707 -0.263735 0.144172 2.382308 -1.213203 0.466165 0.013282
data/frame-000480.color.jpg 0.441672 0.729491 0.450210 -0.264727 0.119058 2.399157 -1.197017 0.793335 0.013726
data/frame-000481.color.jpg 0.442709 0.730541 0.449831 -0.260711 0.136885 2.403403 -1.193252 0.509514 0.010528
data/frame-000482.color.jpg 0.433156 0.724510 0.465995 -0.265159 0.070070 2.411734 -1.165832 1.112275 0.020697
data/frame-000483.color.jpg 0.432287 0.723490 0.470229 -0.261868 0.066380 2.404063 -1.167899 0.309177 0.002674
data/frame-000484.color.jpg 0.430926 0.721223 0.474738 -0.262227 0.053751 2.397192 -1.164824 0.306796 0.006296
data/frame-000485.color.jpg 0.425404 0.721192 0.482618 -0.256892 0.026263 2.415466 -1.126807 0.319975 0.009392
data/frame-000486.color.jpg 0.417951 0.723848 0.484086 -0.258885 0.026047 2.420752 -1.099440 0.143110 0.007304
data/frame-000487.color.jpg 0.415668 0.725796 0.482905 -0.259312 0.037152 2.426425 -1.090899 0.093404 0.006252
data/frame-000488.color.jpg 0.413133 0.733680 0.480199 -0.245853 0.065021 2.425695 -1.034186 0.314823 0.008136
data/frame-000489.color.jpg 0.404002 0.732484 0.484777 -0.255423 0.006605 2.421083 -1.004872 2.081339 0.041040
data/frame-000490.color.jpg 0.399632 0.739633 0.481198 -0.248366 0.036760 2.429689 -0.962342 2.135038 0.042085
data/frame-000491.color.jpg 0.398478 0.743656 0.479510 -0.241373 0.060626 2.437896 -0.941356 1.612249 0.031339
data/frame-000492.color.jpg 0.395651 0.747763 0.478726 -0.234803 0.081031 2.444295 -0.913903 1.062848 0.020395
