data/frame-000010.color.jpg 0.143930 0.611749 -0.739788 0.240335 0.538218 -0.017625 1.328501 0.658188 0.013509
data/frame-000011.color.jpg 0.148077 0.609086 -0.733476 0.262872 0.505017 0.051393 1.344432 0.438639 0.010743
data/frame-000012.color.jpg 0.176667 0.617825 -0.711841 0.283485 0.545213 0.185569 1.331979 0.466293 0.009591
data/frame-000013.color.jpg 0.205060 0.627041 -0.690212 0.297282 0.606437 0.308762 1.307415 0.587719 0.014356
data/frame-000014.color.jpg 0.232806 0.635806 -0.673284 0.297053 0.696174 0.400451 1.259786 0.199490 0.006153
data/frame-000015.color.jpg 0.249491 0.638845 -0.663450 0.299108 0.759132 0.474792 1.212825 0.172476 0.004913
data/frame-000016.color.jpg 0.266056 0.647869 -0.650678 0.293426 0.841351 0.536759 1.156611 0.646736 0.012611
data/frame-000017.color.jpg 0.280566 0.663956 -0.628258 0.292809 0.913055 0.628745 1.101851 0.552247 0.012725
data/frame-000018.color.jpg 0.289278 0.672990 -0.613352 0.295300 0.953636 0.698687 1.064411 0.407656 0.010276
data/frame-000019.color.jpg 0.299892 0.680683 -0.599813 0.294889 0.987016 0.757962 1.023437 0.431163 0.013225
data/frame-000020.color.jpg 0.314128 0.693288 -0.579129 0.292037 1.033410 0.830045 0.951959 0.235686 0.007863
data/frame-000021.color.jpg 0.324625 0.697500 -0.567712 0.292943 1.065429 0.886923 0.906189 0.048758 0.002810
data/frame-000022.color.jpg 0.353513 0.690552 -0.558768 0.293163 1.127368 0.937773 0.808942 0.154809 0.004455
data/frame-000023.color.jpg 0.366035 0.690572 -0.549915 0.294486 1.155086 0.995185 0.737141 0.476539 0.015444
data/frame-000024.color.jpg 0.375602 0.687244 -0.541030 0.306440 1.170061 1.060548 0.669927 0.372476 0.015128
data/frame-000025.color.jpg 0.380202 0.685935 -0.537461 0.309962 1.167694 1.081693 0.644834 0.211429 0.010362
data/frame-000026.color.jpg 0.387560 0.680670 -0.535877 0.315154 1.179731 1.106807 0.607944 0.261491 0.013199
data/frame-000027.color.jpg 0.385961 0.675349 -0.539143 0.322897 1.177936 1.117737 0.613747 0.231412 0.010590
data/frame-000028.color.jpg 0.388309 0.664339 -0.540772 0.339758 1.175066 1.162683 0.599608 0.605271 0.028023
data/frame-000029.color.jpg 0.409945 0.661379 -0.525443 0.344142 1.168088 1.202463 0.526245 0.706421 0.027285
data/frame-000030.color.jpg 0.413093 0.662657 -0.516161 0.351877 1.133787 1.241078 0.507714 0.951561 0.033934
data/frame-000031.color.jpg 0.421691 0.661021 -0.508057 0.356521 1.112769 1.270946 0.471648 0.744175 0.026131
data/frame-000032.color.jpg 0.425010 0.656677 -0.505474 0.364196 1.083965 1.286288 0.457661 0.944451 0.034149
data/frame-000033.color.jpg 0.411810 0.656607 -0.513757 0.367877 1.031259 1.287991 0.516529 0.419506 0.014726
data/frame-000034.color.jpg 0.398468 0.651940 -0.527548 0.371337 0.995453 1.258693 0.566114 0.138117 0.004678
data/frame-000035.color.jpg 0.385185 0.643601 -0.547008 0.371742 0.946091 1.216969 0.618919 0.413861 0.013212
data/frame-000036.color.jpg 0.385927 0.633731 -0.557748 0.371971 0.902266 1.188905 0.628072 0.542777 0.015018
data/frame-000037.color.jpg 0.372925 0.625400 -0.573636 0.375157 0.831359 1.165592 0.669073 0.687285 0.018139
data/frame-000038.color.jpg 0.358466 0.612729 -0.594540 0.377607 0.762112 1.122082 0.719329 0.357024 0.009879
data/frame-000039.color.jpg 0.342828 0.591222 -0.620037 0.385331 0.714797 1.078463 0.761301 0.147763 0.004358
data/frame-000040.color.jpg 0.318404 0.565736 -0.651629 0.392353 0.668223 1.033624 0.819412 0.605774 0.014852
data/frame-000041.color.jpg 0.285760 0.548707 -0.684037 0.386465 0.611891 0.979380 0.868803 0.386788 0.006709
data/frame-000042.color.jpg 0.267737 0.536715 -0.703763 0.380753 0.569560 0.963547 0.878916 0.753074 0.024232
data/frame-000043.color.jpg 0.251593 0.525725 -0.716059 0.384152 0.516665 0.949326 0.870649 0.809003 0.026513
data/frame-000044.color.jpg 0.248423 0.514720 -0.726129 0.382212 0.498993 0.936212 0.851661 0.608959 0.019409
data/frame-000045.color.jpg 0.241689 0.490949 -0.738284 0.394324 0.465770 0.934254 0.850217 0.892969 0.027163
data/frame-000046.color.jpg 0.228084 0.473886 -0.754017 0.393534 0.432287 0.896538 0.885838 0.816377 0.024092
data/frame-000047.color.jpg 0.234378 0.471010 -0.755542 0.390349 0.419443 0.881115 0.884775 0.904806 0.023304
data/frame-000048.color.jpg 0.236299 0.482157 -0.748183 0.389757 0.358162 0.866820 0.891755 1.020749 0.028371
data/frame-000049.color.jpg 0.232772 0.503643 -0.737332 0.385360 0.268531 0.840338 0.924621 1.095802 0.032796
data/frame-000050.color.jpg 0.227790 0.511669 -0.732576 0.386833 0.195670 0.814831 0.944980 0.793339 0.023855
data/frame-000051.color.jpg 0.231546 0.521986 -0.724989 0.385108 0.147790 0.798717 0.958890 0.654098 0.020944
data/frame-000052.color.jpg 0.227769 0.531099 -0.721663 0.381128 0.104653 0.776356 0.976354 0.641045 0.019162
data/frame-000053.color.jpg 0.227650 0.524970 -0.727789 0.378028 0.071453 0.765422 0.976660 0.467331 0.011769
data/frame-000054.color.jpg 0.240213 0.519003 -0.727837 0.378401 0.044391 0.783870 0.960323 0.650650 0.017655
data/frame-000055.color.jpg 0.228119 0.527291 -0.730799 0.368589 -0.012831 0.749632 0.957108 0.946362 0.023811
data/frame-000056.color.jpg 0.228534 0.533399 -0.724852 0.371279 -0.051310 0.755598 0.940372 0.791059 0.018866
data/frame-000057.color.jpg 0.234669 0.544244 -0.720537 0.359939 -0.051048 0.749923 0.945290 0.686822 0.015016
data/frame-000058.color.jpg 0.236257 0.547537 -0.718647 0.357677 -0.059522 0.756055 0.948508 0.476937 0.011269
data/frame-000059.color.jpg 0.242613 0.567319 -0.708701 0.342097 -0.063808 0.728090 0.958636 0.751805 0.018093
data/frame-000060.color.jpg 0.263983 0.587732 -0.685583 0.338910 -0.058268 0.757560 0.953086 0.426583 0.010086
data/frame-000061.color.jpg 0.270397 0.636392 -0.643475 0.328376 -0.102814 0.719759 0.973364 0.256724 0.006221
data/frame-000062.color.jpg 0.283809 0.659004 -0.614183 0.328551 -0.146956 0.703862 0.985360 0.431604 0.010924
data/frame-000063.color.jpg 0.286274 0.669928 -0.602844 0.325305 -0.180410 0.676847 1.003579 0.248930 0.006722
data/frame-000064.color.jpg 0.287663 0.669688 -0.603195 0.323921 -0.204571 0.653309 1.011785 0.340098 0.007614
data/frame-000065.color.jpg 0.279196 0.668450 -0.611073 0.319084 -0.231211 0.603581 1.025482 0.236010 0.004157
data/frame-000066.color.jpg 0.272519 0.656658 -0.628005 0.316454 -0.241577 0.585223 1.027745 0.173664 0.006604
data/frame-000067.color.jpg 0.264015 0.641892 -0.649476 0.310565 -0.226922 0.542328 1.032759 0.556090 0.013848
data/frame-000068.color.jpg 0.258686 0.647349 -0.647989 0.306808 -0.236682 0.506136 1.046535 0.267021 0.010728
data/frame-000069.color.jpg 0.267972 0.659054 -0.631785 0.307712 -0.249505 0.481133 1.060526 0.326721 0.010932
data/frame-000070.color.jpg 0.289417 0.672849 -0.604321 0.313543 -0.263465 0.478173 1.076643 0.257596 0.006243
data/frame-000071.color.jpg 0.297344 0.679648 -0.592007 0.314949 -0.283772 0.443411 1.072542 0.113339 0.003920
data/frame-000072.color.jpg 0.310628 0.676627 -0.585231 0.321232 -0.295871 0.451655 1.054546 0.124547 0.005973
data/frame-000073.color.jpg 0.312825 0.676076 -0.575582 0.337293 -0.336503 0.418781 1.013086 0.075014 0.002214
data/frame-000074.color.jpg 0.301512 0.679469 -0.577566 0.337387 -0.366630 0.372136 0.986948 0.317606 0.007915
data/frame-000075.color.jpg 0.308426 0.665057 -0.589964 0.338402 -0.374321 0.367259 0.943525 0.294708 0.007710
data/frame-000076.color.jpg 0.316191 0.668927 -0.579492 0.341685 -0.375897 0.353457 0.917466 0.199902 0.005061
data/frame-000077.color.jpg 0.341126 0.673505 -0.549303 0.358175 -0.360537 0.380347 0.893107 0.327333 0.006927
data/frame-000078.color.jpg 0.358181 0.670888 -0.529161 0.376303 -0.357951 0.388880 0.852956 0.243533 0.004967
data/frame-000079.color.jpg 0.382788 0.666951 -0.507464 0.388755 -0.341268 0.403133 0.822965 0.256585 0.007248
data/frame-000080.color.jpg 0.409836 0.653454 -0.493765 0.401532 -0.324301 0.430928 0.794703 0.167490 0.003612
data/frame-000081.color.jpg 0.427878 0.640162 -0.492622 0.405509 -0.311651 0.454874 0.781605 0.225764 0.007099
data/frame-000082.color.jpg 0.426684 0.637788 -0.491034 0.412375 -0.322082 0.441146 0.771778 0.181095 0.006015
data/frame-000083.color.jpg 0.430002 0.631914 -0.491744 0.417098 -0.326074 0.451491 0.771031 0.247938 0.004315
data/frame-000084.color.jpg 0.431536 0.633306 -0.492199 0.412844 -0.321314 0.448579 0.782757 0.274563 0.004836
data/frame-000085.color.jpg 0.412750 0.645089 -0.507950 0.394314 -0.324172 0.418533 0.822937 0.228114 0.003902
data/frame-000086.color.jpg 0.396141 0.648560 -0.517690 0.392986 -0.357873 0.430072 0.853148 0.155514 0.003798
data/frame-000087.color.jpg 0.381647 0.648492 -0.531032 0.389626 -0.401290 0.446811 0.890876 0.132831 0.004012
data/frame-000088.color.jpg 0.358721 0.647255 -0.547890 0.390123 -0.486192 0.459328 0.919525 0.269726 0.005603
data/frame-000089.color.jpg 0.343479 0.634309 -0.559176 0.408651 -0.578597 0.488929 0.896137 0.198116 0.008912
data/frame-000090.color.jpg 0.325768 0.619668 -0.580325 0.416064 -0.654263 0.495733 0.869635 0.399335 0.010485
data/frame-000091.color.jpg 0.298362 0.611370 -0.615843 0.397422 -0.704653 0.487378 0.867477 0.049125 0.002088
data/frame-000092.color.jpg 0.277129 0.611600 -0.630187 0.389884 -0.749858 0.473621 0.847583 0.052488 0.001989
data/frame-000093.color.jpg 0.260547 0.605512 -0.649966 0.378173 -0.794338 0.488702 0.829395 0.227508 0.006084
data/frame-000094.color.jpg 0.243359 0.603525 -0.662115 0.371670 -0.843644 0.491492 0.798701 0.248561 0.004006
data/frame-000095.color.jpg 0.234298 0.592735 -0.676821 0.368353 -0.864070 0.519115 0.773700 0.089563 0.000726
data/frame-000096.color.jpg 0.236849 0.585446 -0.679709 0.373029 -0.887003 0.558245 0.755060 0.136122 0.003785
data/frame-000097.color.jpg 0.249079 0.597349 -0.672604 0.358801 -0.882723 0.555460 0.796118 0.386478 0.010528
data/frame-000098.color.jpg 0.253229 0.628066 -0.648984 0.346740 -0.896691 0.501421 0.847667 0.438922 0.011174
data/frame-000099.color.jpg 0.255875 0.643781 -0.635598 0.340718 -0.903123 0.469949 0.872989 0.376739 0.009349
data/frame-000100.color.jpg 0.259880 0.666059 -0.618096 0.326781 -0.907741 0.440404 0.921693 0.323962 0.008210
data/frame-000101.color.jpg 0.262885 0.678486 -0.605517 0.322331 -0.901365 0.417004 0.942907 0.513212 0.010774
data/frame-000102.color.jpg 0.267954 0.693444 -0.593354 0.308655 -0.885533 0.401057 0.980259 0.327779 0.007393
data/frame-000103.color.jpg 0.256406 0.706567 -0.590092 0.294636 -0.884193 0.401111 0.990342 0.551088 0.014330
data/frame-000104.color.jpg 0.260726 0.706879 -0.588613 0.293050 -0.880710 0.439879 0.978526 0.606765 0.018146
data/frame-000105.color.jpg 0.262541 0.690263 -0.601652 0.304342 -0.894722 0.562538 0.911223 0.378037 0.010536
data/frame-000106.color.jpg 0.263814 0.685597 -0.601221 0.314471 -0.906123 0.620559 0.854518 0.159349 0.006942
data/frame-000107.color.jpg 0.263189 0.681435 -0.602041 0.322374 -0.916442 0.660519 0.805494 0.261816 0.009771
data/frame-000108.color.jpg 0.266107 0.679729 -0.599204 0.328800 -0.922395 0.691384 0.767324 0.495360 0.012772
data/frame-000109.color.jpg 0.279985 0.691718 -0.577651 0.330837 -0.946109 0.717440 0.747734 0.288168 0.009053
data/frame-000110.color.jpg 0.289824 0.705128 -0.549566 0.341722 -0.975833 0.707480 0.726492 0.344060 0.011191
data/frame-000111.color.jpg 0.296230 0.722820 -0.525003 0.337863 -0.996764 0.694272 0.745525 0.267699 0.006109
data/frame-000112.color.jpg 0.307459 0.732269 -0.508690 0.332395 -1.003484 0.700051 0.758176 0.244194 0.005896
data/frame-000113.color.jpg 0.314198 0.733093 -0.503826 0.331682 -0.997131 0.724274 0.746283 0.181009 0.004446
data/frame-000114.color.jpg 0.320171 0.730422 -0.499757 0.337959 -0.994791 0.748777 0.718391 0.197401 0.006666
data/frame-000115.color.jpg 0.324397 0.722332 -0.509591 0.336631 -0.964240 0.803533 0.695231 0.154577 0.003605
data/frame-000116.color.jpg 0.328484 0.717655 -0.515783 0.333222 -0.924179 0.845931 0.685934 0.523802 0.011850
data/frame-000117.color.jpg 0.329792 0.714414 -0.519051 0.333819 -0.869936 0.884090 0.657745 0.259296 0.004383
data/frame-000118.color.jpg 0.330919 0.714097 -0.518720 0.333898 -0.852131 0.898400 0.652736 0.363885 0.007411
data/frame-000119.color.jpg 0.335261 0.710208 -0.519934 0.335966 -0.809300 0.927506 0.635038 0.320812 0.004060
data/frame-000120.color.jpg 0.342267 0.709094 -0.516209 0.336998 -0.772738 0.940782 0.615439 0.134023 0.004924
data/frame-000121.color.jpg 0.347645 0.707946 -0.515611 0.334815 -0.715476 0.958041 0.608756 0.288072 0.005037
data/frame-000122.color.jpg 0.351158 0.710884 -0.510626 0.332555 -0.683567 0.959164 0.603035 0.148448 0.005234
data/frame-000123.color.jpg 0.354585 0.714167 -0.505710 0.329381 -0.655362 0.966444 0.604024 0.293857 0.005656
data/frame-000124.color.jpg 0.363413 0.717506 -0.498233 0.323852 -0.616214 0.969263 0.605661 0.110358 0.001392
data/frame-000125.color.jpg 0.369770 0.724174 -0.490627 0.313251 -0.571382 0.967311 0.615787 0.257437 0.007044
data/frame-000126.color.jpg 0.371047 0.729020 -0.486948 0.306163 -0.546486 0.967146 0.625972 0.227621 0.005243
data/frame-000127.color.jpg 0.373413 0.735638 -0.477984 0.301548 -0.522557 0.968509 0.635192 0.146629 0.002319
data/frame-000128.color.jpg 0.381481 0.741984 -0.464766 0.296521 -0.494925 0.963315 0.643417 0.260836 0.002327
data/frame-000129.color.jpg 0.387369 0.746848 -0.455642 0.290780 -0.463007 0.962297 0.651109 0.302124 0.005786
data/frame-000130.color.jpg 0.395326 0.755175 -0.441472 0.280233 -0.431925 0.958165 0.671316 0.289327 0.005719
data/frame-000131.color.jpg 0.401515 0.762659 -0.427728 0.272371 -0.405001 0.948041 0.683269 0.436548 0.007519
data/frame-000132.color.jpg 0.405841 0.774602 -0.410737 0.258029 -0.371852 0.932449 0.712502 0.240268 0.005350
data/frame-000133.color.jpg 0.406546 0.787524 -0.393637 0.244085 -0.342078 0.914271 0.739252 0.303992 0.009073
data/frame-000134.color.jpg 0.410564 0.795130 -0.379693 0.234601 -0.315816 0.904317 0.753351 0.386941 0.008698
data/frame-000135.color.jpg 0.413294 0.805825 -0.361970 0.220934 -0.285810 0.891826 0.777452 0.529280 0.010813
data/frame-000136.color.jpg 0.410926 0.818871 -0.341623 0.209485 -0.260710 0.863700 0.797864 0.512579 0.012962
data/frame-000137.color.jpg 0.403362 0.827435 -0.333192 0.204044 -0.256066 0.829730 0.816787 0.376311 0.010716
data/frame-000138.color.jpg 0.393805 0.831932 -0.335277 0.200991 -0.273330 0.798061 0.827472 0.294105 0.011897
data/frame-000139.color.jpg 0.382746 0.826897 -0.355772 0.207781 -0.311375 0.782914 0.829617 0.276770 0.011537
data/frame-000140.color.jpg 0.376302 0.818482 -0.377523 0.214381 -0.347275 0.782794 0.816550 0.518428 0.018560
data/frame-000141.color.jpg 0.369988 0.804575 -0.404830 0.227775 -0.398419 0.794271 0.802651 0.400451 0.014865
data/frame-000142.color.jpg 0.369572 0.794688 -0.419602 0.236265 -0.427318 0.808764 0.786871 0.587984 0.017632
data/frame-000143.color.jpg 0.366848 0.779702 -0.441955 0.249326 -0.464756 0.834079 0.765344 0.503776 0.013989
data/frame-000144.color.jpg 0.365365 0.768345 -0.457243 0.259004 -0.484745 0.851323 0.746765 0.347475 0.010555
data/frame-000145.color.jpg 0.364612 0.758966 -0.469074 0.266455 -0.507846 0.870952 0.733051 0.599987 0.015453
data/frame-000146.color.jpg 0.363747 0.747568 -0.482079 0.276459 -0.527531 0.889756 0.715413 0.479106 0.013027
data/frame-000147.color.jpg 0.364028 0.740782 -0.490464 0.279590 -0.542832 0.900379 0.705331 0.540424 0.015165
data/frame-000148.color.jpg 0.359349 0.730219 -0.505373 0.286788 -0.558079 0.911574 0.692229 0.472492 0.013297
data/frame-000149.color.jpg 0.356197 0.720636 -0.518584 0.291337 -0.573109 0.922423 0.680498 0.757754 0.018520
data/frame-000150.color.jpg 0.352232 0.708093 -0.533822 0.299283 -0.595279 0.941231 0.661449 0.996970 0.025300
data/frame-000151.color.jpg 0.348843 0.699289 -0.545554 0.302777 -0.609038 0.955498 0.652484 1.222930 0.031325
data/frame-000152.color.jpg 0.343595 0.687886 -0.560635 0.307316 -0.636797 0.972502 0.638934 1.144078 0.029831
data/frame-000153.color.jpg 0.335345 0.678439 -0.573641 0.313369 -0.654443 0.989715 0.624652 0.983797 0.025948
data/frame-000154.color.jpg 0.329652 0.665916 -0.587649 0.320242 -0.680338 1.010895 0.600630 0.973315 0.025795
data/frame-000155.color.jpg 0.324911 0.658504 -0.595581 0.325713 -0.696268 1.024905 0.585460 0.988235 0.025813
data/frame-000156.color.jpg 0.323272 0.643866 -0.606041 0.337115 -0.717307 1.048146 0.544133 0.936677 0.023867
data/frame-000157.color.jpg 0.318662 0.636829 -0.613280 0.341748 -0.729050 1.061375 0.528841 0.872590 0.021720
data/frame-000158.color.jpg 0.312475 0.614589 -0.628161 0.360629 -0.768197 1.103297 0.460628 0.703439 0.017742
data/frame-000159.color.jpg 0.311280 0.602974 -0.634024 0.370864 -0.771362 1.123481 0.425364 0.420652 0.011454
data/frame-000160.color.jpg 0.306900 0.586511 -0.644477 0.382708 -0.774858 1.155198 0.386086 0.436255 0.011408
data/frame-000161.color.jpg 0.305813 0.573906 -0.651007 0.391536 -0.782451 1.178843 0.351046 0.361756 0.007074
data/frame-000162.color.jpg 0.302522 0.559645 -0.658647 0.401825 -0.788289 1.203582 0.312131 0.319662 0.007833
data/frame-000163.color.jpg 0.295330 0.547858 -0.667973 0.407974 -0.800319 1.226236 0.286925 0.271042 0.006774
data/frame-000164.color.jpg 0.293027 0.539725 -0.672657 0.412753 -0.804212 1.229340 0.261835 0.084205 0.002738
data/frame-000165.color.jpg 0.284040 0.530453 -0.681424 0.416656 -0.820447 1.241064 0.234752 0.211956 0.004809
data/frame-000166.color.jpg 0.279375 0.524543 -0.686391 0.419132 -0.829550 1.248143 0.218218 0.320028 0.008421
data/frame-000167.color.jpg 0.274319 0.519677 -0.690335 0.422045 -0.849110 1.254266 0.200270 0.296573 0.008958
data/frame-000168.color.jpg 0.268628 0.518146 -0.692304 0.424358 -0.877372 1.252687 0.184124 0.161617 0.004238
data/frame-000169.color.jpg 0.262768 0.517595 -0.693684 0.426440 -0.899359 1.249012 0.173604 0.130464 0.005857
data/frame-000170.color.jpg 0.257296 0.514338 -0.698063 0.426571 -0.906378 1.250095 0.164439 0.136404 0.004942
data/frame-000171.color.jpg 0.251222 0.508827 -0.705641 0.424327 -0.903088 1.260568 0.161119 0.206999 0.004652
data/frame-000172.color.jpg 0.243660 0.501002 -0.714348 0.423478 -0.888353 1.270567 0.149703 0.163629 0.003446
data/frame-000173.color.jpg 0.235210 0.482646 -0.729733 0.423342 -0.852250 1.302071 0.126112 0.294379 0.006902
data/frame-000174.color.jpg 0.223928 0.448383 -0.752330 0.427561 -0.772541 1.360205 0.081808 0.333402 0.008831
data/frame-000175.color.jpg 0.208470 0.398682 -0.778917 0.436901 -0.654500 1.429096 0.017797 0.302170 0.007247
data/frame-000176.color.jpg 0.202528 0.373680 -0.788412 0.444693 -0.595367 1.448615 -0.023486 0.142666 0.005152
data/frame-000177.color.jpg 0.191955 0.333081 -0.807947 0.446579 -0.501277 1.488040 -0.037404 0.502108 0.015386
data/frame-000178.color.jpg 0.173865 0.307362 -0.818659 0.452877 -0.452201 1.490854 -0.064909 0.380071 0.010493
data/frame-000179.color.jpg 0.154099 0.277980 -0.831829 0.455017 -0.388369 1.493641 -0.076062 0.354885 0.011840
data/frame-000180.color.jpg 0.139065 0.260201 -0.838687 0.457777 -0.355170 1.490378 -0.081903 0.245162 0.005744
data/frame-000181.color.jpg 0.128101 0.235199 -0.843873 0.464920 -0.307007 1.490101 -0.099889 0.236805 0.008239
data/frame-000182.color.jpg 0.113843 0.216282 -0.849782 0.467046 -0.274423 1.477899 -0.104092 0.341521 0.009601
data/frame-000183.color.jpg 0.093680 0.185771 -0.863153 0.460087 -0.219009 1.481486 -0.081679 0.473856 0.013287
data/frame-000184.color.jpg 0.076179 0.161866 -0.869751 0.459924 -0.185986 1.481885 -0.073525 0.438221 0.014134
data/frame-000185.color.jpg 0.064948 0.150886 -0.873991 0.457335 -0.188691 1.480101 -0.068384 0.260398 0.006347
data/frame-000186.color.jpg 0.054269 0.147222 -0.877958 0.452295 -0.195229 1.473987 -0.047725 0.310792 0.006792
data/frame-000187.color.jpg 0.055159 0.143981 -0.880969 0.447348 -0.207744 1.467055 -0.022125 0.226070 0.003551
data/frame-000188.color.jpg 0.049969 0.144263 -0.882210 0.445418 -0.226485 1.455002 -0.004242 0.085079 0.005979
data/frame-000189.color.jpg 0.051966 0.145000 -0.885218 0.438936 -0.238139 1.441284 0.026973 0.324040 0.005398
data/frame-000190.color.jpg 0.051817 0.135931 -0.888974 0.434239 -0.222839 1.430457 0.051904 0.372490 0.007552
data/frame-000191.color.jpg 0.045072 0.135975 -0.890599 0.431640 -0.239399 1.418929 0.072631 0.208425 0.005043
data/frame-000192.color.jpg 0.045798 0.126585 -0.890984 0.433619 -0.231102 1.413376 0.077371 0.251700 0.005862
data/frame-000193.color.jpg 0.044329 0.120367 -0.893688 0.429963 -0.229158 1.409893 0.093955 0.325537 0.006824
data/frame-000194.color.jpg 0.041606 0.112699 -0.895263 0.429035 -0.214707 1.398240 0.101027 0.291812 0.008715
data/frame-000195.color.jpg 0.042652 0.112216 -0.895389 0.428797 -0.219345 1.393784 0.112201 0.279438 0.006976
data/frame-000196.color.jpg 0.047766 0.114589 -0.894204 0.430101 -0.232276 1.380957 0.119625 0.073400 0.002773
data/frame-000197.color.jpg 0.049900 0.113880 -0.893145 0.432242 -0.235775 1.380946 0.120548 0.192615 0.003589
data/frame-000198.color.jpg 0.052380 0.116481 -0.893270 0.430995 -0.244485 1.376173 0.132555 0.324251 0.006004
data/frame-000199.color.jpg 0.053570 0.118862 -0.894715 0.427184 -0.251119 1.363727 0.148344 0.185986 0.003045
data/frame-000200.color.jpg 0.050468 0.119585 -0.899312 0.417600 -0.260947 1.353884 0.173530 0.356434 0.007817
data/frame-000201.color.jpg 0.050284 0.119679 -0.903846 0.407690 -0.260304 1.342077 0.203836 0.532759 0.013247
data/frame-000202.color.jpg 0.053553 0.118357 -0.907788 0.398804 -0.251457 1.331969 0.227230 0.447817 0.012033
data/frame-000203.color.jpg 0.055027 0.115009 -0.913067 0.387369 -0.238452 1.327091 0.260558 0.488844 0.012126
data/frame-000204.color.jpg 0.053754 0.115672 -0.917292 0.377233 -0.247313 1.308247 0.290102 0.394419 0.012281
data/frame-000205.color.jpg 0.045821 0.116697 -0.921431 0.367759 -0.257831 1.297864 0.309961 0.389099 0.010995
data/frame-000206.color.jpg 0.037881 0.113663 -0.924928 0.360767 -0.254906 1.295009 0.325804 0.839721 0.020323
data/frame-000207.color.jpg 0.033116 0.105108 -0.926780 0.359075 -0.250121 1.286900 0.319937 0.763296 0.020584
data/frame-000208.color.jpg 0.021383 0.091950 -0.934738 0.342568 -0.223881 1.289149 0.345288 0.437903 0.010656
data/frame-000209.color.jpg 0.022082 0.069047 -0.936434 0.343273 -0.174141 1.304145 0.335264 0.774466 0.017381
data/frame-000210.color.jpg 0.018530 0.046239 -0.938338 0.342110 -0.125185 1.319963 0.332971 0.422446 0.011996
data/frame-000211.color.jpg 0.009303 0.029417 -0.938778 0.343138 -0.098859 1.324188 0.322504 0.564414 0.016337
data/frame-000212.color.jpg 0.003611 0.000772 0.936947 -0.349451 -0.058475 1.335874 0.300834 0.432165 0.013298
data/frame-000213.color.jpg 0.018078 0.032648 0.934542 -0.353892 -0.018628 1.342104 0.287772 0.295670 0.009911
data/frame-000214.color.jpg 0.027836 0.063937 0.934319 -0.349551 0.028170 1.339757 0.294022 0.340322 0.010247
data/frame-000215.color.jpg 0.032737 0.088139 0.932342 -0.349140 0.063955 1.337160 0.296048 0.430557 0.009586
data/frame-000216.color.jpg 0.052324 0.129470 0.927320 -0.347244 0.107134 1.342471 0.290772 0.304134 0.010784
data/frame-000217.color.jpg 0.065869 0.171995 0.919446 -0.347417 0.161799 1.336477 0.285958 0.418119 0.013419
data/frame-000218.color.jpg 0.075423 0.193129 0.914334 -0.347859 0.190741 1.331778 0.286257 0.356471 0.010595
data/frame-000219.color.jpg 0.085082 0.216328 0.908886 -0.346251 0.214515 1.325224 0.291495 0.299878 0.009373
data/frame-000220.color.jpg 0.095605 0.229214 0.905620 -0.343763 0.221195 1.324679 0.298132 0.545325 0.010934
data/frame-000221.color.jpg 0.100363 0.247221 0.900382 -0.343688 0.246173 1.322034 0.301560 0.594293 0.012869
data/frame-000222.color.jpg 0.104244 0.259916 0.896417 -0.343531 0.261210 1.320718 0.302889 0.378580 0.007258
data/frame-000223.color.jpg 0.114297 0.272803 0.890039 -0.346908 0.273249 1.319857 0.288903 0.605798 0.012988
data/frame-000224.color.jpg 0.118501 0.281725 0.885960 -0.348802 0.286291 1.327371 0.284770 0.405293 0.008721
data/frame-000225.color.jpg 0.131978 0.293093 0.876334 -0.358770 0.294304 1.334891 0.256798 0.528683 0.012582
data/frame-000226.color.jpg 0.143005 0.310434 0.865627 -0.365884 0.325211 1.336559 0.240098 0.574172 0.014424
data/frame-000227.color.jpg 0.152386 0.325498 0.856658 -0.370091 0.351648 1.335965 0.230558 0.432987 0.010700
data/frame-000228.color.jpg 0.167839 0.341513 0.846455 -0.372443 0.377864 1.331057 0.222595 0.673729 0.015643
data/frame-000229.color.jpg 0.176429 0.356172 0.840118 -0.369076 0.404507 1.331856 0.227270 0.440510 0.010114
data/frame-000230.color.jpg 0.173202 0.360291 0.833966 -0.380383 0.429953 1.334089 0.197018 0.408007 0.009633
data/frame-000231.color.jpg 0.176471 0.352853 0.833908 -0.385941 0.409449 1.350479 0.173286 0.364563 0.008972
data/frame-000232.color.jpg 0.183160 0.341448 0.837342 -0.385648 0.380574 1.358813 0.160482 0.087463 0.003345
data/frame-000233.color.jpg 0.190227 0.332923 0.831695 -0.401571 0.361761 1.364583 0.098483 0.636978 0.016226
data/frame-000234.color.jpg 0.199223 0.337124 0.824742 -0.407992 0.368917 1.367956 0.078744 0.580929 0.013210
data/frame-000235.color.jpg 0.204509 0.343104 0.820166 -0.409614 0.378498 1.375330 0.070044 0.249669 0.006436
data/frame-000236.color.jpg 0.212089 0.349593 0.815879 -0.408832 0.393261 1.377985 0.059182 0.295637 0.009205
data/frame-000237.color.jpg 0.222848 0.361084 0.807542 -0.409674 0.419427 1.378755 0.046119 0.349165 0.010787
data/frame-000238.color.jpg 0.234040 0.373356 0.796904 -0.413249 0.454787 1.377507 0.034470 0.442957 0.010634
data/frame-000239.color.jpg 0.244113 0.390399 0.783860 -0.416607 0.505685 1.379614 0.026673 0.344893 0.007771
data/frame-000240.color.jpg 0.251141 0.405166 0.772959 -0.418691 0.550447 1.374183 0.026805 0.594666 0.013773
data/frame-000241.color.jpg 0.255762 0.420130 0.762925 -0.419551 0.587386 1.371175 0.028314 0.555266 0.013646
data/frame-000242.color.jpg 0.269727 0.436170 0.749349 -0.418902 0.615648 1.365143 0.032141 0.647093 0.016764
data/frame-000243.color.jpg 0.285845 0.454237 0.735050 -0.414323 0.654870 1.355595 0.053825 0.187245 0.007331
data/frame-000244.color.jpg 0.294364 0.462934 0.728651 -0.410012 0.665002 1.351237 0.070647 0.603019 0.010540
data/frame-000245.color.jpg 0.310906 0.482403 0.707293 -0.412748 0.715034 1.339964 0.070949 0.360775 0.007856
data/frame-000246.color.jpg 0.316988 0.488131 0.698271 -0.416730 0.738047 1.334489 0.064795 0.139416 0.003999
data/frame-000247.color.jpg 0.327060 0.493196 0.688034 -0.419999 0.764810 1.336755 0.059335 0.664852 0.011395
data/frame-000248.color.jpg 0.408805 0.489600 0.620811 -0.455811 0.831863 1.345047 -0.101054 0.890640 0.008483
data/frame-000249.color.jpg 0.404154 0.472082 0.613021 -0.487857 0.824941 1.298592 -0.206763 2.748057 0.045005
data/frame-000250.color.jpg 0.386641 0.472831 0.610630 -0.504054 0.862200 1.282576 -0.240367 2.622596 0.040970
data/frame-000251.color.jpg 0.373087 0.479045 0.614796 -0.503336 0.901942 1.287965 -0.230313 1.144598 0.016529
data/frame-000252.color.jpg 0.371561 0.468719 0.618982 -0.509025 0.867785 1.274241 -0.262669 1.906797 0.030608
data/frame-000253.color.jpg 0.370964 0.462780 0.618855 -0.515014 0.860977 1.270437 -0.287929 1.891920 0.031997
data/frame-000254.color.jpg 0.374450 0.457231 0.620562 -0.515393 0.849703 1.269604 -0.293917 2.083615 0.036946
data/frame-000255.color.jpg 0.367102 0.455647 0.626241 -0.515212 0.842287 1.278134 -0.293942 1.533635 0.026220
data/frame-000256.color.jpg 0.367158 0.452748 0.627144 -0.516628 0.832007 1.276585 -0.298784 1.803075 0.029016
data/frame-000257.color.jpg 0.367324 0.452764 0.627351 -0.516245 0.826883 1.268446 -0.300187 1.745834 0.030810
data/frame-000258.color.jpg 0.367109 0.448909 0.625863 -0.521543 0.814920 1.262852 -0.318556 1.713291 0.028634
data/frame-000259.color.jpg 0.371052 0.451219 0.624834 -0.517981 0.812606 1.270323 -0.311547 1.474616 0.024668
data/frame-000260.color.jpg 0.374687 0.453642 0.623184 -0.515228 0.810713 1.271299 -0.303422 1.051063 0.019874
data/frame-000261.color.jpg 0.372872 0.457524 0.622127 -0.514390 0.806656 1.268408 -0.295801 1.239550 0.021080
data/frame-000262.color.jpg 0.372104 0.462788 0.619833 -0.513005 0.807972 1.262379 -0.283520 1.059482 0.019336
data/frame-000263.color.jpg 0.371282 0.470786 0.620026 -0.506042 0.811117 1.275297 -0.252174 0.545864 0.008638
data/frame-000264.color.jpg 0.371093 0.470791 0.618322 -0.508255 0.799621 1.266973 -0.254384 0.575421 0.010390
data/frame-000265.color.jpg 0.370685 0.476350 0.616638 -0.505411 0.794074 1.263020 -0.231656 0.691125 0.012830
data/frame-000266.color.jpg 0.368036 0.481162 0.617341 -0.501920 0.789347 1.266303 -0.210458 0.223952 0.004376
data/frame-000267.color.jpg 0.363324 0.487081 0.614713 -0.502868 0.785899 1.260065 -0.200289 0.121495 0.003085
data/frame-000268.color.jpg 0.364744 0.491455 0.615909 -0.496075 0.769513 1.261951 -0.175284 0.277115 0.007430
data/frame-000269.color.jpg 0.359463 0.492846 0.619687 -0.493840 0.743353 1.268829 -0.164592 0.102447 0.000474
data/frame-000270.color.jpg 0.354455 0.487904 0.621931 -0.499514 0.716663 1.265395 -0.182604 0.254085 0.004828
data/frame-000271.color.jpg 0.356440 0.480798 0.622992 -0.503651 0.685421 1.266793 -0.205095 0.223170 0.004103
data/frame-000272.color.jpg 0.353983 0.475758 0.629752 -0.501759 0.640140 1.276040 -0.207070 0.462957 0.007849
data/frame-000273.color.jpg 0.354156 0.475469 0.627539 -0.504676 0.620976 1.280230 -0.218802 0.447762 0.007305
data/frame-000274.color.jpg 0.355946 0.478437 0.621605 -0.507944 0.613538 1.275496 -0.232215 0.356173 0.006371
data/frame-000275.color.jpg 0.362886 0.486097 0.611780 -0.507689 0.608942 1.269639 -0.242498 0.520248 0.009758
data/frame-000276.color.jpg 0.365146 0.492133 0.606087 -0.507082 0.610993 1.272541 -0.242795 0.413001 0.007392
data/frame-000277.color.jpg 0.360775 0.498334 0.603935 -0.506722 0.608570 1.276889 -0.237928 0.171734 0.003845
data/frame-000278.color.jpg 0.360436 0.497138 0.600204 -0.512537 0.604411 1.271782 -0.254655 0.489057 0.008634
data/frame-000279.color.jpg 0.359855 0.496998 0.597024 -0.516779 0.595399 1.275221 -0.268736 0.566254 0.010041
data/frame-000280.color.jpg 0.369741 0.497624 0.586367 -0.521379 0.594092 1.273443 -0.295406 0.949483 0.016293
data/frame-000281.color.jpg 0.376304 0.499247 0.579736 -0.522545 0.584724 1.270309 -0.308358 0.908028 0.014596
data/frame-000282.color.jpg 0.385700 0.502841 0.574341 -0.518188 0.569917 1.279795 -0.310486 1.129306 0.018587
data/frame-000283.color.jpg 0.386688 0.507676 0.577383 -0.509280 0.549045 1.292898 -0.286548 1.001778 0.015742
data/frame-000284.color.jpg 0.390918 0.514571 0.583378 -0.492005 0.515804 1.311357 -0.245125 0.977405 0.015252
data/frame-000285.color.jpg 0.405016 0.522481 0.579797 -0.476247 0.499636 1.321753 -0.219048 0.919278 0.013603
data/frame-000286.color.jpg 0.406238 0.530766 0.581924 -0.463273 0.484592 1.338092 -0.182409 0.553000 0.008231
data/frame-000287.color.jpg 0.410512 0.542974 0.580101 -0.447372 0.477511 1.337785 -0.141410 0.526110 0.008928
data/frame-000288.color.jpg 0.405753 0.558036 0.580668 -0.432187 0.484478 1.341716 -0.090586 0.348495 0.002389
data/frame-000289.color.jpg 0.400124 0.570638 0.586848 -0.412168 0.465007 1.336992 -0.034593 0.490926 0.006468
data/frame-000290.color.jpg 0.382636 0.587779 0.597905 -0.388091 0.451662 1.325640 0.047270 0.406280 0.007941
data/frame-000291.color.jpg 0.373924 0.600783 0.603828 -0.366924 0.440137 1.317101 0.105957 0.936826 0.014522
data/frame-000292.color.jpg 0.365790 0.614344 0.605582 -0.349356 0.436190 1.296875 0.155759 0.665278 0.012213
data/frame-000293.color.jpg 0.361429 0.624477 0.603985 -0.338526 0.438500 1.282405 0.184529 0.741006 0.014704
data/frame-000294.color.jpg 0.350044 0.632733 0.606942 -0.329757 0.437760 1.271092 0.222315 0.732134 0.013643
data/frame-000295.color.jpg 0.347926 0.638833 0.607670 -0.318712 0.431545 1.257529 0.254643 0.534195 0.010174
data/frame-000296.color.jpg 0.346372 0.645549 0.607844 -0.306299 0.421176 1.242571 0.288206 0.591835 0.010608
data/frame-000297.color.jpg 0.343702 0.655129 0.605239 -0.293873 0.421025 1.225131 0.319629 0.245847 0.005421
data/frame-000298.color.jpg 0.334071 0.663287 0.603418 -0.290402 0.428125 1.203717 0.342597 0.402196 0.007020
data/frame-000299.color.jpg 0.324912 0.669631 0.605886 -0.280941 0.426829 1.188021 0.373628 0.293669 0.004161
data/frame-000300.color.jpg 0.318868 0.678361 0.604109 -0.270560 0.427951 1.167565 0.399780 0.318884 0.005519
data/frame-000301.color.jpg 0.309057 0.690782 0.601514 -0.255900 0.437146 1.139806 0.438532 0.379951 0.007696
data/frame-000302.color.jpg 0.301254 0.707386 0.589707 -0.247177 0.470876 1.111775 0.463704 0.357191 0.008320
data/frame-000303.color.jpg 0.298879 0.722704 0.575473 -0.239167 0.503228 1.083435 0.486887 0.360690 0.007542
data/frame-000304.color.jpg 0.284276 0.743206 0.558607 -0.234073 0.558275 1.034502 0.522751 0.481343 0.011791
data/frame-000305.color.jpg 0.275897 0.760227 0.545199 -0.220667 0.584238 0.987568 0.560948 0.515559 0.011340
data/frame-000306.color.jpg 0.271435 0.769092 0.538526 -0.211683 0.590486 0.961032 0.587196 0.299849 0.007736
data/frame-000307.color.jpg 0.264444 0.779104 0.534686 -0.192816 0.573941 0.921574 0.618294 0.509356 0.011214
data/frame-000308.color.jpg 0.260914 0.782412 0.535280 -0.182292 0.566057 0.898424 0.631400 0.779004 0.016933
data/frame-000309.color.jpg 0.249741 0.775375 0.548589 -0.188345 0.547478 0.911480 0.620482 0.501008 0.011253
data/frame-000310.color.jpg 0.244510 0.760143 0.572161 -0.187160 0.486291 0.934555 0.612631 0.361801 0.006270
data/frame-000311.color.jpg 0.249232 0.729847 0.599435 -0.214208 0.391206 0.988024 0.550220 0.116261 0.004984
data/frame-000312.color.jpg 0.235286 0.713461 0.617328 -0.233495 0.367528 0.987499 0.538518 0.487788 0.011706
data/frame-000313.color.jpg 0.234779 0.705822 0.622069 -0.244386 0.359996 0.991974 0.531964 0.139088 0.005365
data/frame-000314.color.jpg 0.232217 0.705763 0.621126 -0.249353 0.340573 0.994395 0.544755 0.095219 0.001593
data/frame-000315.color.jpg 0.232589 0.706997 0.619849 -0.248687 0.320296 0.993802 0.554438 0.174122 0.004188
data/frame-000316.color.jpg 0.233564 0.708164 0.617468 -0.250369 0.305820 0.991056 0.560740 0.223127 0.005891
data/frame-000317.color.jpg 0.231834 0.710665 0.614505 -0.252174 0.294476 0.984633 0.570565 0.368047 0.007572
data/frame-000318.color.jpg 0.234360 0.712880 0.611623 -0.250588 0.277148 0.983786 0.580901 0.221168 0.004625
data/frame-000319.color.jpg 0.236699 0.720282 0.603966 -0.245749 0.267168 0.987517 0.589589 0.623658 0.014035
data/frame-000320.color.jpg 0.240129 0.730293 0.590997 -0.244403 0.255293 0.987985 0.590483 0.254520 0.005493
data/frame-000321.color.jpg 0.244949 0.741273 0.578731 -0.235765 0.250191 0.983588 0.595847 0.515420 0.012293
data/frame-000322.color.jpg 0.249934 0.750519 0.568259 -0.226574 0.235035 0.994359 0.597298 0.358974 0.008195
data/frame-000323.color.jpg 0.263457 0.755602 0.556204 -0.224262 0.216914 1.013517 0.577927 0.263526 0.003712
data/frame-000324.color.jpg 0.270912 0.764594 0.543357 -0.216257 0.213335 1.026282 0.576221 0.310210 0.005694
data/frame-000325.color.jpg 0.272243 0.771293 0.534371 -0.213165 0.213894 1.026825 0.578261 0.093997 0.005843
data/frame-000326.color.jpg 0.273663 0.783383 0.518717 -0.205796 0.213937 1.036251 0.574517 0.537857 0.009860
data/frame-000327.color.jpg 0.283096 0.795129 0.497279 -0.200849 0.222009 1.049873 0.564911 0.475340 0.009591
data/frame-000328.color.jpg 0.286326 0.805211 0.481720 -0.193905 0.218678 1.056009 0.564617 0.683701 0.015090
data/frame-000329.color.jpg 0.299742 0.808752 0.468202 -0.191993 0.212903 1.076832 0.538174 0.497410 0.010430
data/frame-000330.color.jpg 0.316106 0.808815 0.455615 -0.195730 0.211480 1.103739 0.503302 0.431984 0.006138
data/frame-000331.color.jpg 0.330524 0.809244 0.443454 -0.198057 0.219097 1.127050 0.468404 0.668491 0.016862
data/frame-000332.color.jpg 0.340324 0.807010 0.438854 -0.200805 0.209139 1.147187 0.441840 0.484572 0.011033
data/frame-000333.color.jpg 0.347929 0.804001 0.437192 -0.203449 0.204737 1.159125 0.422915 0.806789 0.017604
data/frame-000334.color.jpg 0.358714 0.799876 0.434579 -0.206551 0.199282 1.177007 0.393273 0.814556 0.020441
data/frame-000335.color.jpg 0.368552 0.794075 0.435882 -0.208857 0.185516 1.198709 0.366447 0.833901 0.023014
data/frame-000336.color.jpg 0.381330 0.786884 0.436807 -0.211188 0.170765 1.215807 0.337056 1.014390 0.027656
data/frame-000337.color.jpg 0.389437 0.782371 0.433538 -0.219724 0.163296 1.232682 0.307623 0.557411 0.021092
data/frame-000338.color.jpg 0.399105 0.780712 0.426497 -0.222047 0.166417 1.248913 0.286752 0.696568 0.021621
data/frame-000339.color.jpg 0.412334 0.777938 0.418790 -0.222278 0.159233 1.258861 0.264324 0.557541 0.014125
data/frame-000340.color.jpg 0.415129 0.779468 0.414047 -0.220598 0.151031 1.264589 0.264671 0.467573 0.010891
data/frame-000341.color.jpg 0.409676 0.788233 0.405252 -0.215926 0.173875 1.257994 0.288250 0.588293 0.015017
data/frame-000342.color.jpg 0.409570 0.792470 0.393915 -0.221525 0.194802 1.261827 0.290962 0.314605 0.006980
data/frame-000343.color.jpg 0.411687 0.793226 0.394833 -0.213106 0.180426 1.265064 0.298250 0.233345 0.006742
data/frame-000344.color.jpg 0.419792 0.790100 0.390228 -0.217347 0.182461 1.276212 0.271137 0.423723 0.010050
data/frame-000345.color.jpg 0.426518 0.786681 0.387366 -0.221728 0.183869 1.284335 0.254080 0.229948 0.006373
data/frame-000346.color.jpg 0.429613 0.785255 0.388723 -0.218409 0.163430 1.291363 0.253116 0.432380 0.007628
data/frame-000347.color.jpg 0.429523 0.788004 0.388248 -0.209338 0.149821 1.291007 0.264312 0.544971 0.015537
data/frame-000348.color.jpg 0.429527 0.790952 0.386701 -0.200905 0.135533 1.284605 0.271251 0.305075 0.011604
data/frame-000349.color.jpg 0.425613 0.793954 0.388196 -0.194408 0.119751 1.276091 0.285136 0.412274 0.014444
data/frame-000350.color.jpg 0.423491 0.797510 0.385956 -0.188870 0.117961 1.268036 0.286877 0.329429 0.008679
data/frame-000351.color.jpg 0.415283 0.801374 0.391237 -0.179647 0.104224 1.254768 0.313797 0.314913 0.011385
data/frame-000352.color.jpg 0.409849 0.804149 0.394888 -0.171557 0.094157 1.237758 0.318584 0.469751 0.009550
data/frame-000353.color.jpg 0.402645 0.806991 0.399290 -0.164953 0.076743 1.234676 0.342114 0.141644 0.006014
data/frame-000354.color.jpg 0.402119 0.810112 0.395754 -0.159368 0.072218 1.227368 0.340195 0.151250 0.001709
data/frame-000355.color.jpg 0.400220 0.814104 0.389062 -0.160279 0.080305 1.226014 0.347181 0.178749 0.008703
data/frame-000356.color.jpg 0.399101 0.818799 0.383127 -0.153295 0.084011 1.214099 0.350409 0.195516 0.005175
data/frame-000357.color.jpg 0.395026 0.821799 0.380119 -0.155278 0.090900 1.206497 0.358924 0.166467 0.004686
data/frame-000358.color.jpg 0.391234 0.826543 0.368797 -0.166587 0.130458 1.206773 0.355623 0.118080 0.006788
