data/frame-000443.color.jpg -0.0483127 -0.124161 0.886123 -0.443887 2.19247 -0.498894 2.96216
data/frame-000454.color.jpg 0.00478997 -0.0694416 0.851034 -0.520477 1.66846 0.00126977 3.32072
data/frame-000588.color.jpg 0.0985941 0.03657 0.915776 -0.387682 -1.3304 -1.29081 3.10424
data/frame-000192.color.jpg 0.579999 0.812459 0.058166 -0.0113826 -0.857662 2.63711 -3.32149
data/frame-000203.color.jpg 0.503493 0.840197 -0.164068 0.116817 1.13616 3.2632 -3.09738
data/frame-000599.color.jpg 0.0979303 0.016807 0.846078 -0.523717 -1.30548 -0.0316952 3.26364
data/frame-000337.color.jpg 0.535205 0.758926 -0.286124 0.23605 2.22403 2.65745 -2.70093
data/frame-000348.color.jpg 0.454222 0.822402 -0.284245 0.19116 1.9055 3.05443 -2.17759
data/frame-000482.color.jpg 0.0835836 0.0983274 0.907379 -0.400012 0.290453 -1.28363 3.34353
data/frame-000097.color.jpg 0.378533 0.87846 -0.290606 0.0238452 1.92418 2.5653 -1.25673
data/frame-000086.color.jpg 0.375413 0.784551 -0.488726 0.0685027 3.2838 1.1967 -0.620509
data/frame-000231.color.jpg 0.399798 0.848247 -0.31576 0.144689 2.20914 3.38288 -1.98732
data/frame-000405.color.jpg 0.375259 0.625475 -0.614034 0.301537 3.38702 1.47785 -0.350747
data/frame-000416.color.jpg -0.299098 -0.538922 0.699625 -0.361426 3.51211 1.15233 0.543646
data/frame-000550.color.jpg 0.0808424 0.0911985 0.89787 -0.423056 -0.489807 -0.894216 3.14956
data/frame-000561.color.jpg 0.0346579 -0.0048976 0.872758 -0.486897 -0.144526 -0.360462 3.3412
data/frame-000165.color.jpg 0.519339 0.854349 -0.0102164 0.0164659 -0.320588 3.10708 -2.86511
data/frame-000154.color.jpg 0.489675 0.871534 0.00943501 0.0235933 -0.524005 3.18753 -2.55497
data/frame-000299.color.jpg 0.689146 0.60371 -0.231534 0.327114 2.3636 1.37249 -3.48562
data/frame-000310.color.jpg 0.703323 0.581624 -0.21991 0.344514 2.37212 1.2281 -3.52311
data/frame-000444.color.jpg -0.0394941 -0.113402 0.885137 -0.44957 2.1201 -0.488913 3.01767
data/frame-000048.color.jpg 0.421399 0.884426 -0.188207 0.069225 2.84231 3.1665 -1.93718
data/frame-000193.color.jpg 0.585473 0.809859 0.0365777 -0.00353166 -0.698339 2.62077 -3.41679
data/frame-000618.color.jpg -0.000969083 -0.0749077 0.764387 -0.640391 -0.219067 1.00537 3.64387
data/frame-000367.color.jpg 0.375827 0.808893 -0.419466 0.168803 2.48512 2.70036 -1.27846
data/frame-000378.color.jpg 0.354679 0.855229 -0.355513 0.12805 1.80896 2.91773 -1.23843
data/frame-000501.color.jpg 0.104025 0.105116 0.890799 -0.429658 -0.147968 -0.963603 3.30564
data/frame-000105.color.jpg 0.366619 0.87755 -0.305728 0.0450228 1.82233 2.73714 -1.23798
data/frame-000116.color.jpg 0.386315 0.90446 -0.170891 0.0592338 0.824635 3.1617 -1.48713
data/frame-000127.color.jpg 0.425596 0.902843 -0.043601 0.0429058 -0.204795 3.3132 -1.93534
data/frame-000261.color.jpg 0.545552 0.754039 -0.289517 0.223556 2.26424 2.62463 -2.84759
data/frame-000512.color.jpg 0.122344 0.160583 0.865781 -0.457896 -0.600956 -0.717313 3.35949
data/frame-000523.color.jpg 0.0777225 0.146076 0.93797 -0.304686 -0.374026 -1.94033 2.84029
data/frame-000010.color.jpg 0.447379 0.893072 -0.0294309 0.0375184 1.99422 3.6773 -2.61017
data/frame-000580.color.jpg 0.0146071 -0.0658379 0.94053 -0.332948 -0.233804 -1.76583 3.10022
data/frame-000184.color.jpg 0.599928 0.795033 0.0759119 -0.047399 -1.0189 2.45087 -3.30563
data/frame-000318.color.jpg 0.700792 0.587954 -0.221047 0.33814 2.33904 1.26828 -3.49546
data/frame-000329.color.jpg 0.58684 0.70204 -0.287695 0.282826 2.45203 2.25705 -2.93344
data/frame-000340.color.jpg 0.5142 0.781263 -0.280829 0.215316 2.11141 2.79007 -2.57235
data/frame-000474.color.jpg 0.0663533 0.071766 0.884416 -0.45635 0.565665 -0.802868 3.45366
data/frame-000067.color.jpg 0.311467 0.754805 -0.549054 0.178319 4.45202 0.900967 0.454616
data/frame-000078.color.jpg 0.295796 0.680338 -0.640228 0.199384 4.01485 0.0718841 0.991291
data/frame-000089.color.jpg 0.396454 0.817571 -0.414005 0.0547898 2.88658 1.71935 -1.00633
data/frame-000223.color.jpg 0.423125 0.842405 -0.293743 0.158224 2.08856 3.36433 -2.19716
data/frame-000212.color.jpg 0.446285 0.842237 -0.261954 0.151153 1.93358 3.38749 -2.50612
data/frame-000397.color.jpg 0.371426 0.726672 -0.53076 0.228658 2.8878 2.05209 -0.821323
data/frame-000531.color.jpg 0.0397761 0.129218 0.954423 -0.266077 -0.173823 -2.22553 2.63747
data/frame-000146.color.jpg 0.485908 0.873601 0.00044089 0.0267314 -0.477015 3.18702 -2.49605
data/frame-000542.color.jpg 0.0877137 0.168563 0.914781 -0.356467 -0.809764 -1.46453 2.98042
data/frame-000280.color.jpg 0.617454 0.689274 -0.267886 0.268121 2.29599 2.06934 -3.21322
data/frame-000291.color.jpg 0.649808 0.650681 -0.238761 0.31202 2.27163 1.80946 -3.36462
data/frame-000029.color.jpg 0.58911 0.796828 -0.0930122 0.0967704 2.29802 2.67888 -3.22999
data/frame-000040.color.jpg 0.539049 0.824571 -0.156608 0.0705874 2.64514 2.69357 -2.79052
data/frame-000174.color.jpg 0.589791 0.807479 0.00637421 0.00912207 -0.425625 2.6081 -3.34615
data/frame-000185.color.jpg 0.599692 0.794411 0.0808746 -0.0523443 -1.06449 2.44555 -3.28964
data/frame-000427.color.jpg -0.169352 -0.375211 0.844669 -0.342156 3.26596 -0.0576245 1.7173
data/frame-000610.color.jpg -0.00876393 -0.0760174 0.822131 -0.564133 -0.144375 0.281543 3.75299
data/frame-000359.color.jpg 0.391796 0.845204 -0.333627 0.144289 1.92135 3.07903 -1.67411
data/frame-000504.color.jpg 0.109454 0.11675 0.874005 -0.458807 -0.257222 -0.73497 3.37523
data/frame-000108.color.jpg 0.373462 0.891498 -0.255595 0.0206748 1.41372 2.89878 -1.3428
data/frame-000242.color.jpg 0.454138 0.814633 -0.299479 0.201109 2.2134 3.18843 -2.34408
data/frame-000253.color.jpg 0.505499 0.776193 -0.307366 0.217993 2.33954 2.85081 -2.59585
data/frame-000002.color.jpg 0.410309 0.911909 0.0075748 0.00331717 1.59849 3.96106 -2.50144
data/frame-000059.color.jpg 0.338719 0.901291 -0.260749 0.0703842 3.27438 2.98848 -1.15226
data/frame-000070.color.jpg 0.301631 0.696281 -0.614061 0.217117 4.37232 0.331054 1.01401
data/frame-000204.color.jpg 0.492179 0.842014 -0.182506 0.124353 1.28477 3.30726 -2.98576
data/frame-000215.color.jpg 0.410518 0.847415 -0.282894 0.182573 2.0738 3.50621 -2.12542
data/frame-000446.color.jpg -0.0384778 -0.106144 0.881535 -0.45842 2.08743 -0.436613 3.04602
data/frame-000457.color.jpg 0.00986698 -0.0601871 0.844568 -0.531964 1.60212 0.0725658 3.37651
data/frame-000591.color.jpg 0.117748 0.0216101 0.892062 -0.435767 -1.41444 -0.89381 3.22695
data/frame-000375.color.jpg 0.369163 0.855309 -0.340082 0.12849 1.74935 2.94474 -1.36345
data/frame-000272.color.jpg 0.577185 0.724506 -0.28317 0.24852 2.29788 2.38732 -2.98687
data/frame-000021.color.jpg 0.557416 0.82359 -0.0800385 0.0676858 2.21543 2.88792 -3.16366
data/frame-000419.color.jpg -0.250382 -0.493665 0.744832 -0.372597 3.49489 0.882069 1.04826
data/frame-000408.color.jpg -0.356078 -0.60195 0.630488 -0.336675 3.38672 1.44574 -0.059052
data/frame-000553.color.jpg 0.0702624 0.0434762 0.888924 -0.450541 -0.351052 -0.677907 3.26081
data/frame-000168.color.jpg 0.534168 0.844768 -0.0170982 0.0271786 -0.242589 3.01623 -2.99168
data/frame-000157.color.jpg 0.487496 0.87275 0.00536432 0.025033 -0.490482 3.21803 -2.54664
data/frame-000302.color.jpg 0.69357 0.596968 -0.228866 0.33198 2.36682 1.3281 -3.49722
data/frame-000051.color.jpg 0.387478 0.896695 -0.200812 0.0739835 2.92562 3.22258 -1.63738
data/frame-000476.color.jpg 0.0700551 0.0783101 0.891297 -0.441077 0.496272 -0.939234 3.42342
data/frame-000487.color.jpg 0.0690877 0.0675316 0.925953 -0.365072 0.41734 -1.50752 3.17651
data/frame-000621.color.jpg 0.00890321 -0.0677198 0.753456 -0.653941 -0.313675 1.12116 3.59429
data/frame-000370.color.jpg 0.375546 0.839598 -0.364741 0.144927 2.0063 2.88711 -1.37667
data/frame-000381.color.jpg 0.34001 0.853238 -0.375833 0.122993 1.91527 2.87841 -1.12281
data/frame-000515.color.jpg 0.129761 0.188048 0.877045 -0.422602 -0.784475 -0.973777 3.25206
data/frame-000119.color.jpg 0.399116 0.903938 -0.140963 0.0610806 0.632137 3.24127 -1.62181
data/frame-000264.color.jpg 0.558119 0.742681 -0.287719 0.232693 2.27739 2.53117 -2.90654
data/frame-000438.color.jpg -0.0851687 -0.219785 0.879392 -0.413655 2.61109 -0.375118 2.58773
data/frame-000449.color.jpg -0.0245394 -0.0831033 0.8702 -0.485019 1.91042 -0.293664 3.16342
data/frame-000572.color.jpg -0.0311974 -0.150686 0.893267 -0.422367 0.538007 -0.827952 3.24065
data/frame-000176.color.jpg 0.59383 0.80439 0.0178747 -0.00174257 -0.541415 2.57456 -3.36829
data/frame-000187.color.jpg 0.592513 0.798367 0.0925093 -0.0545953 -1.14628 2.4716 -3.23024
data/frame-000198.color.jpg 0.550333 0.826209 -0.0850615 0.0853021 0.484843 2.98319 -3.44077
data/frame-000321.color.jpg 0.670731 0.623067 -0.248284 0.316643 2.39488 1.57877 -3.34402
data/frame-000332.color.jpg 0.577235 0.716952 -0.278844 0.273908 2.34012 2.35253 -2.93234
data/frame-000583.color.jpg 0.0290103 0.00613503 0.941293 -0.336285 -0.757391 -1.7275 3.06959
data/frame-000477.color.jpg 0.0705631 0.0805899 0.893431 -0.436243 0.475923 -0.98108 3.41239
data/frame-000081.color.jpg -0.281424 -0.647094 0.686235 -0.176502 3.79638 -0.298661 0.979901
data/frame-000594.color.jpg 0.114275 0.0429378 0.874642 -0.469148 -1.48457 -0.522993 3.18907
data/frame-000389.color.jpg 0.357814 0.808571 -0.439745 0.157501 2.29721 2.54899 -1.08939
data/frame-000400.color.jpg 0.38136 0.692026 -0.558006 0.253562 3.08021 1.85629 -0.742976
data/frame-000534.color.jpg 0.0435587 0.158744 0.954307 -0.249401 -0.427832 -2.29305 2.53511
data/frame-000138.color.jpg 0.489973 0.871327 0.0219104 0.0153445 -0.665799 3.11158 -2.46723
data/frame-000149.color.jpg 0.47951 0.877182 0.00476998 0.0244851 -0.50952 3.22572 -2.45033
data/frame-000160.color.jpg 0.497922 0.866983 0.00439486 0.0198409 -0.464665 3.17806 -2.63972
data/frame-000283.color.jpg 0.626452 0.676604 -0.255 0.291101 2.28429 2.00157 -3.25742
data/frame-000294.color.jpg 0.670552 0.624424 -0.23223 0.32638 2.32376 1.57552 -3.4365
data/frame-000545.color.jpg 0.0899036 0.163173 0.90541 -0.381477 -0.804536 -1.23985 3.03543
data/frame-000032.color.jpg 0.590247 0.793678 -0.111007 0.0967543 2.40626 2.58478 -3.17379
data/frame-000043.color.jpg 0.479244 0.856366 -0.175649 0.0781625 2.78222 2.96299 -2.33039
data/frame-000468.color.jpg 0.0409018 0.0101278 0.842149 -0.537595 1.05187 -0.0413227 3.51648
data/frame-000602.color.jpg 0.0596382 -0.0213324 0.839195 -0.540129 -0.931306 0.109445 3.39218
data/frame-000217.color.jpg 0.425734 0.840554 -0.290657 0.166549 2.10736 3.37936 -2.23102
data/frame-000613.color.jpg -0.0192071 -0.0854487 0.798655 -0.595383 -0.0458775 0.594681 3.73115
data/frame-000351.color.jpg 0.44058 0.835642 -0.286032 0.160553 1.76569 3.07956 -2.09912
data/frame-000362.color.jpg 0.374403 0.825198 -0.390651 0.162059 2.29514 2.89016 -1.39773
data/frame-000496.color.jpg 0.085352 0.0883795 0.915013 -0.384259 0.0693162 -1.32059 3.1788
data/frame-000100.color.jpg 0.373102 0.879208 -0.295936 0.0144901 1.8979 2.65386 -1.28481
data/frame-000111.color.jpg 0.381325 0.891517 -0.240394 0.0447088 1.27944 2.9488 -1.39449
data/frame-000507.color.jpg 0.113588 0.130611 0.870274 -0.461154 -0.37865 -0.702319 3.37335
data/frame-000245.color.jpg 0.469564 0.805918 -0.297412 0.203842 2.21549 3.11681 -2.44739
data/frame-000256.color.jpg 0.521124 0.765994 -0.301936 0.224764 2.32607 2.76848 -2.68449
data/frame-000005.color.jpg 0.416261 0.909113 0.0151348 0.00350776 1.56879 3.94053 -2.55449
data/frame-000430.color.jpg -0.125363 -0.28586 0.880992 -0.355556 2.9951 -0.503006 2.18999
data/frame-000564.color.jpg -0.000813806 -0.0622059 0.859507 -0.507324 0.219547 -0.12162 3.28041
data/frame-000179.color.jpg 0.607343 0.794044 0.0231067 -0.00967155 -0.57047 2.46238 -3.44263
data/frame-000575.color.jpg -0.0314832 -0.131036 0.919325 -0.369702 0.442861 -1.31066 3.1675
data/frame-000313.color.jpg 0.705421 0.583419 -0.217323 0.338783 2.33253 1.21584 -3.54569
data/frame-000324.color.jpg 0.62833 0.662623 -0.274825 0.301003 2.48898 1.92908 -3.11944
data/frame-000458.color.jpg 0.0112646 -0.0553646 0.839775 -0.539986 1.57431 0.131924 3.39066
data/frame-000062.color.jpg 0.322631 0.864581 -0.368729 0.111569 3.87478 2.35734 -0.594828
data/frame-000073.color.jpg 0.310033 0.685145 -0.620355 0.222745 4.23862 0.273832 1.03876
data/frame-000469.color.jpg 0.0521263 0.0253423 0.855924 -0.513842 0.90759 -0.258952 3.51969
data/frame-000207.color.jpg 0.467948 0.840823 -0.232814 0.140849 1.70488 3.34912 -2.72325
data/frame-000218.color.jpg 0.430825 0.838331 -0.289861 0.166047 2.08997 3.34571 -2.26172
data/frame-000526.color.jpg 0.0546162 0.128882 0.947683 -0.286886 -0.190385 -2.07698 2.7486
data/frame-000130.color.jpg 0.446733 0.894516 0.0121515 0.0111193 -0.660373 3.21668 -2.03819
data/frame-000537.color.jpg 0.0573546 0.180865 0.942526 -0.275033 -0.690278 -2.07918 2.64382
data/frame-000275.color.jpg 0.591527 0.714334 -0.275334 0.25301 2.26601 2.28542 -3.0939
data/frame-000286.color.jpg 0.633835 0.6683 -0.247424 0.300681 2.27206 1.94686 -3.29594
data/frame-000013.color.jpg 0.493256 0.86788 -0.0501426 0.0311156 1.95151 3.29637 -2.88189
data/frame-000024.color.jpg 0.565784 0.817493 -0.0856802 0.0652162 2.20766 2.81024 -3.20283
data/frame-000035.color.jpg 0.573476 0.802396 -0.137864 0.0909969 2.57152 2.5924 -2.99616
data/frame-000169.color.jpg 0.540141 0.840943 -0.0164659 0.0281239 -0.235484 2.97687 -3.03781
data/frame-000411.color.jpg -0.345683 -0.600617 0.633354 -0.34442 3.32577 1.4724 0.00565602
data/frame-000343.color.jpg 0.489132 0.799437 -0.300544 0.176985 2.11046 2.83571 -2.39892
data/frame-000499.color.jpg 0.0908408 0.0899196 0.901875 -0.412655 0.0108767 -1.10313 3.26034
data/frame-000092.color.jpg 0.395285 0.847399 -0.353133 0.0309969 2.44679 2.1235 -1.21182
data/frame-000226.color.jpg 0.413796 0.846849 -0.298287 0.150481 2.10718 3.39268 -2.12611
data/frame-000237.color.jpg 0.390599 0.846798 -0.325185 0.15691 2.28731 3.38839 -1.8904
data/frame-000248.color.jpg 0.476933 0.794472 -0.310916 0.211378 2.32357 3.03406 -2.43489
data/frame-000373.color.jpg 0.374991 0.851349 -0.342607 0.13118 1.79169 2.9312 -1.40148
data/frame-000122.color.jpg 0.421477 0.897214 -0.120649 0.0529925 0.481365 3.28004 -1.8668
data/frame-000556.color.jpg 0.0462437 0.0336108 0.88008 -0.471371 -0.254378 -0.508512 3.31506
data/frame-000305.color.jpg 0.698568 0.587356 -0.223822 0.341933 2.38304 1.27116 -3.50517
data/frame-000054.color.jpg 0.369374 0.899626 -0.220081 0.0761637 3.05176 3.16756 -1.44672
data/frame-000199.color.jpg 0.545177 0.827971 -0.104684 0.079292 0.619526 3.02699 -3.41371
data/frame-000210.color.jpg 0.448883 0.842286 -0.256913 0.151837 1.90004 3.39442 -2.53483
data/frame-000452.color.jpg -0.00347204 -0.0801704 0.858563 -0.506389 1.76599 -0.0959859 3.25299
data/frame-000441.color.jpg -0.06738 -0.155327 0.89139 -0.420426 2.39833 -0.570618 2.7886
data/frame-000586.color.jpg 0.0676741 0.048219 0.927979 -0.363249 -1.21776 -1.46974 3.06929
data/frame-000335.color.jpg 0.560294 0.734101 -0.284395 0.25746 2.31285 2.45847 -2.83529
data/frame-000267.color.jpg 0.569396 0.732428 -0.286227 0.239604 2.29334 2.43797 -2.95969
data/frame-000016.color.jpg 0.510175 0.854304 -0.0714801 0.0691132 2.1559 3.21778 -2.84154
data/frame-000392.color.jpg 0.384236 0.774852 -0.466188 0.186107 2.48668 2.33134 -1.1396
data/frame-000403.color.jpg 0.372948 0.658492 -0.588997 0.283515 3.25645 1.68053 -0.501589
data/frame-000548.color.jpg 0.0822646 0.128275 0.900354 -0.407604 -0.6343 -1.01316 3.09796
data/frame-000141.color.jpg 0.490199 0.871243 0.0172329 0.018513 -0.6084 3.14687 -2.51558
data/frame-000152.color.jpg 0.487396 0.872835 0.0117968 0.021551 -0.551525 3.19657 -2.52538
data/frame-000460.color.jpg -0.0202789 -0.0503111 0.820108 -0.569631 1.73423 0.318824 3.30463
data/frame-000471.color.jpg 0.0620363 0.0520462 0.8721 -0.482581 0.705025 -0.55691 3.49505
data/frame-000605.color.jpg 0.0106656 -0.0668682 0.835866 -0.544741 -0.441516 0.101891 3.62453
data/frame-000616.color.jpg -0.0108795 -0.079973 0.774477 -0.627432 -0.131882 0.892081 3.68114
data/frame-000354.color.jpg 0.425335 0.84462 -0.287317 0.15217 1.71147 3.12544 -1.98428
data/frame-000365.color.jpg 0.380425 0.811326 -0.414924 0.157686 2.46934 2.72475 -1.37363
data/frame-000103.color.jpg 0.356226 0.867194 -0.346287 0.0341121 2.16753 2.57367 -1.14985
data/frame-000114.color.jpg 0.378415 0.899455 -0.209638 0.0619264 1.07764 3.07755 -1.3953
data/frame-000539.color.jpg 0.0809194 0.181971 0.927386 -0.316691 -0.828245 -1.76514 2.82037
data/frame-000422.color.jpg -0.194704 -0.454316 0.785599 -0.372185 3.3182 0.617198 1.49194
data/frame-000433.color.jpg -0.111836 -0.263414 0.885375 -0.366356 2.8822 -0.544433 2.3209
data/frame-000567.color.jpg -0.0344516 -0.102611 0.861695 -0.495748 0.459853 -0.191968 3.27497
data/frame-000171.color.jpg 0.557436 0.829978 -0.00637909 0.0189957 -0.322168 2.8519 -3.14613
data/frame-000182.color.jpg 0.604566 0.794272 0.051107 -0.0319541 -0.811258 2.45876 -3.38059
data/frame-000578.color.jpg -0.0130807 -0.109871 0.92842 -0.354675 0.168196 -1.55526 3.18344
data/frame-000316.color.jpg 0.702952 0.584515 -0.218108 0.34151 2.34059 1.24299 -3.52078
data/frame-000327.color.jpg 0.599084 0.68985 -0.286478 0.288333 2.48478 2.1556 -2.97771
data/frame-000065.color.jpg 0.313526 0.792558 -0.499111 0.156338 4.37992 1.34318 0.117746
data/frame-000076.color.jpg 0.305502 0.671152 -0.641593 0.211145 4.09294 0.0469809 1.0553
data/frame-000384.color.jpg 0.331747 0.84814 -0.396686 0.115079 2.02787 2.81742 -1.05616
data/frame-000395.color.jpg 0.377135 0.737486 -0.514278 0.222265 2.77924 2.11825 -0.911408
data/frame-000529.color.jpg 0.0480043 0.126188 0.951115 -0.277765 -0.166658 -2.14446 2.69789
data/frame-000133.color.jpg 0.45799 0.888799 -0.000419649 0.0167496 -0.567047 3.21676 -2.1676
data/frame-000144.color.jpg 0.484159 0.87471 0.00332077 0.021476 -0.50838 3.19642 -2.48058
data/frame-000540.color.jpg 0.0869146 0.178789 0.922075 -0.33205 -0.846188 -1.65343 2.88399
data/frame-000278.color.jpg 0.607632 0.695338 -0.26912 0.273609 2.30167 2.15114 -3.15431
data/frame-000289.color.jpg 0.645679 0.65736 -0.239006 0.306353 2.23715 1.85447 -3.37141
data/frame-000027.color.jpg 0.585367 0.802745 -0.0760097 0.0846678 2.14502 2.73138 -3.28368
data/frame-000597.color.jpg 0.0961029 0.0359158 0.852483 -0.512588 -1.37931 -0.119811 3.24711
data/frame-000201.color.jpg 0.528033 0.834705 -0.127278 0.0908248 0.812277 3.13298 -3.30221
data/frame-000608.color.jpg 0.00111815 -0.0569359 0.832959 -0.550397 -0.305927 0.15284 3.70436
data/frame-000346.color.jpg 0.468419 0.811574 -0.287558 0.198096 2.00374 2.98412 -2.26748
data/frame-000357.color.jpg 0.398575 0.84859 -0.317372 0.142506 1.84824 3.12834 -1.76388
data/frame-000491.color.jpg 0.0637806 0.0854848 0.932475 -0.345131 0.274712 -1.64318 3.06241
data/frame-000084.color.jpg 0.344273 0.746144 -0.5635 0.0849282 3.55209 0.704859 -0.241978
data/frame-000095.color.jpg 0.396426 0.87154 -0.288456 0.00757215 1.94759 2.44967 -1.35777
data/frame-000106.color.jpg 0.360864 0.890514 -0.275181 0.0321977 1.58833 2.86941 -1.2335
data/frame-000240.color.jpg 0.436567 0.826471 -0.303025 0.185824 2.2005 3.25722 -2.23954
data/frame-000502.color.jpg 0.108157 0.108884 0.888576 -0.432296 -0.195476 -0.942018 3.31452
data/frame-000414.color.jpg -0.324352 -0.572215 0.667325 -0.349346 3.44577 1.32274 0.240937
data/frame-000559.color.jpg 0.0329499 0.00664781 0.87848 -0.476596 -0.139674 -0.474649 3.3361
data/frame-000163.color.jpg 0.510726 0.859708 3.71294e-05 0.00783154 -0.422919 3.13687 -2.77045
data/frame-000570.color.jpg -0.0483293 -0.153969 0.872173 -0.461814 0.617134 -0.466028 3.31034
data/frame-000297.color.jpg 0.685894 0.607618 -0.233356 0.325414 2.36496 1.40188 -3.47926
data/frame-000308.color.jpg 0.703578 0.582687 -0.220602 0.341744 2.36831 1.2232 -3.52867
data/frame-000319.color.jpg 0.690877 0.600306 -0.227118 0.332775 2.33599 1.37961 -3.44812
data/frame-000453.color.jpg 0.00351387 -0.0789759 0.852598 -0.516554 1.7179 -0.00154161 3.28996
data/frame-000046.color.jpg 0.452476 0.870552 -0.179648 0.0716347 2.79909 3.05952 -2.16595
data/frame-000057.color.jpg 0.349029 0.902515 -0.241259 0.0737519 3.1619 3.09101 -1.25666
data/frame-000068.color.jpg 0.307305 0.743241 -0.564455 0.185867 4.44904 0.76821 0.585525
data/frame-000202.color.jpg 0.513625 0.839275 -0.14453 0.104488 0.964054 3.22415 -3.19019
data/frame-000376.color.jpg 0.366134 0.85574 -0.341957 0.129309 1.74628 2.94282 -1.33508
data/frame-000510.color.jpg 0.110354 0.145439 0.869498 -0.458959 -0.455832 -0.730112 3.37408
data/frame-000125.color.jpg 0.426766 0.900898 -0.065251 0.0446818 -0.0146212 3.30539 -1.93937
data/frame-000521.color.jpg 0.108492 0.181841 0.918835 -0.333023 -0.679217 -1.69261 2.94638
data/frame-000532.color.jpg 0.0398561 0.133793 0.959361 -0.24523 -0.223798 -2.33541 2.5294
data/frame-000281.color.jpg 0.625337 0.683628 -0.259532 0.272487 2.25882 2.01198 -3.26628
data/frame-000259.color.jpg 0.535695 0.758073 -0.292085 0.230309 2.28003 2.69001 -2.78313
data/frame-000270.color.jpg 0.574794 0.727726 -0.283664 0.244053 2.28476 2.4064 -2.98637
data/frame-000008.color.jpg 0.448719 0.893488 0.00695896 0.016804 1.65975 3.75707 -2.75218
data/frame-000019.color.jpg 0.542402 0.834506 -0.0741263 0.0624925 2.17138 2.99718 -3.09049
data/frame-000030.color.jpg 0.584023 0.800324 -0.0933778 0.0983804 2.29341 2.71978 -3.19648
data/frame-000164.color.jpg 0.513788 0.857847 -0.00492324 0.00982831 -0.377554 3.13531 -2.81068
data/frame-000406.color.jpg -0.371347 -0.614412 0.622608 -0.311381 3.41625 1.42533 -0.255509
data/frame-000589.color.jpg 0.106437 0.0407233 0.908665 -0.401672 -1.41821 -1.16029 3.12828
data/frame-000338.color.jpg 0.527585 0.767997 -0.284596 0.225479 2.17444 2.71532 -2.66376
data/frame-000494.color.jpg 0.0731844 0.0834944 0.921961 -0.371027 0.180527 -1.43562 3.13613
data/frame-000087.color.jpg 0.371094 0.800536 -0.464404 0.0758981 3.15379 1.40994 -0.620827
data/frame-000221.color.jpg 0.428452 0.839945 -0.293631 0.157166 2.08063 3.33814 -2.23785
data/frame-000232.color.jpg 0.396302 0.847002 -0.321529 0.148837 2.25824 3.37301 -1.94671
data/frame-000243.color.jpg 0.457663 0.813012 -0.296831 0.203585 2.19299 3.19329 -2.37241
data/frame-000463.color.jpg 0.00197613 -0.035316 0.812618 -0.581723 1.52315 0.409514 3.39686
data/frame-000619.color.jpg 0.00731092 -0.0707205 0.758812 -0.647418 -0.290502 1.06119 3.61879
data/frame-000551.color.jpg 0.0744426 0.0684586 0.8955 -0.433419 -0.395758 -0.820969 3.19282
data/frame-000300.color.jpg 0.688799 0.603585 -0.231613 0.32802 2.36485 1.37867 -3.48408
data/frame-000038.color.jpg 0.544761 0.819035 -0.156577 0.0888899 2.68617 2.70074 -2.76455
data/frame-000049.color.jpg 0.412114 0.887916 -0.192641 0.0682337 2.86665 3.17502 -1.86178
data/frame-000194.color.jpg 0.579236 0.814802 -0.00207735 0.0240757 -0.35275 2.73362 -3.46989
data/frame-000425.color.jpg -0.177735 -0.436032 0.811277 -0.346576 3.31586 0.353915 1.53018
data/frame-000436.color.jpg -0.108019 -0.273166 0.875285 -0.384173 2.84726 -0.339385 2.32449
data/frame-000251.color.jpg 0.496757 0.782916 -0.308616 0.212206 2.32975 2.91765 -2.55458
data/frame-000262.color.jpg 0.552329 0.749351 -0.287462 0.225323 2.265 2.57703 -2.88101
data/frame-000000.color.jpg 0.411718 0.911113 0.01475 0.0120247 1.54698 3.9822 -2.49355
data/frame-000011.color.jpg 0.461989 0.885939 -0.0322397 0.0252903 1.94179 3.5574 -2.7483
data/frame-000493.color.jpg 0.0609031 0.0852751 0.934505 -0.340176 0.260006 -1.66232 3.02379
data/frame-000387.color.jpg 0.336119 0.831366 -0.422335 0.132243 2.17711 2.69513 -1.02306
data/frame-000398.color.jpg 0.377831 0.71259 -0.539892 0.240784 2.95714 1.97647 -0.808648
data/frame-000136.color.jpg 0.481326 0.876202 0.0177914 0.0167012 -0.646661 3.13422 -2.37848
data/frame-000147.color.jpg 0.484183 0.874626 0.00180047 0.0243431 -0.488575 3.19383 -2.48266
data/frame-000224.color.jpg 0.422344 0.843732 -0.294209 0.152259 2.08623 3.36201 -2.19983
data/frame-000455.color.jpg 0.0103192 -0.0609034 0.851319 -0.521 1.59999 -0.0134873 3.35886
data/frame-000466.color.jpg 0.0277287 -0.00894945 0.827001 -0.561445 1.23148 0.196641 3.49069
data/frame-000600.color.jpg 0.0786099 0.00257442 0.844439 -0.529845 -1.13706 0.027453 3.31804
data/frame-000611.color.jpg -0.00915084 -0.0812351 0.817708 -0.569799 -0.119002 0.335689 3.75677
data/frame-000349.color.jpg 0.452196 0.826441 -0.285889 0.175449 1.86307 3.04912 -2.17501
data/frame-000360.color.jpg 0.394059 0.840011 -0.3465 0.137977 1.99709 3.00631 -1.6656
data/frame-000098.color.jpg 0.371866 0.881908 -0.288116 0.0307163 1.89361 2.63148 -1.22113
data/frame-000417.color.jpg -0.292288 -0.525176 0.711751 -0.36355 3.53506 1.06017 0.643358
data/frame-000428.color.jpg -0.156432 -0.344184 0.859596 -0.343746 3.21012 -0.23913 1.86235
data/frame-000562.color.jpg 0.0184098 -0.0156982 0.8716 -0.48962 -0.0259068 -0.313638 3.32771
data/frame-000155.color.jpg 0.490174 0.871286 0.00539008 0.0236865 -0.493989 3.19063 -2.56583
data/frame-000166.color.jpg 0.527975 0.848701 -0.0132889 0.0278109 -0.266597 3.05085 -2.94298
data/frame-000177.color.jpg 0.596309 0.802581 0.016712 -0.000306636 -0.519972 2.55298 -3.38409
data/frame-000311.color.jpg 0.704222 0.581281 -0.219465 0.343538 2.36699 1.2188 -3.52801
data/frame-000573.color.jpg -0.0446511 -0.125883 0.902566 -0.40931 0.516333 -0.95426 3.20875
data/frame-000456.color.jpg 0.00909604 -0.0604451 0.849162 -0.524583 1.60893 0.0140279 3.36446
data/frame-000060.color.jpg 0.326059 0.888029 -0.313191 0.0836767 3.58513 2.70107 -0.893832
data/frame-000485.color.jpg 0.0703256 0.068009 0.922265 -0.373974 0.456847 -1.45123 3.22182
data/frame-000234.color.jpg 0.392718 0.847529 -0.324636 0.148587 2.27502 3.37727 -1.91349
data/frame-000368.color.jpg 0.374088 0.814428 -0.41222 0.163829 2.4031 2.72084 -1.27898
data/frame-000379.color.jpg 0.347511 0.856035 -0.360797 0.127541 1.83161 2.91784 -1.18435
data/frame-000390.color.jpg 0.367766 0.799251 -0.446314 0.163554 2.34765 2.48419 -1.12465
data/frame-000524.color.jpg 0.0683123 0.136064 0.942049 -0.298936 -0.281234 -1.98983 2.8129
data/frame-000117.color.jpg 0.390525 0.905794 -0.1525 0.0614131 0.699989 3.19545 -1.53047
data/frame-000128.color.jpg 0.431802 0.901097 -0.017979 0.035313 -0.411689 3.28418 -1.9655
data/frame-000139.color.jpg 0.485939 0.873573 0.0232128 0.01396 -0.670841 3.15458 -2.4551
data/frame-000273.color.jpg 0.580102 0.722814 -0.282079 0.247899 2.29086 2.3641 -3.01474
data/frame-000022.color.jpg 0.562845 0.819818 -0.0825596 0.0654746 2.22062 2.83541 -3.19883
data/frame-000447.color.jpg -0.0338564 -0.098773 0.877905 -0.467311 2.027 -0.385386 3.08368
data/frame-000581.color.jpg 0.0208385 -0.0466155 0.941946 -0.33186 -0.377738 -1.77927 3.08628
data/frame-000196.color.jpg 0.565645 0.820999 -0.0452237 0.062936 0.0929911 2.86517 -3.48768
data/frame-000592.color.jpg 0.117455 0.0216933 0.882345 -0.455194 -1.43004 -0.735077 3.26238
data/frame-000603.color.jpg 0.0498552 -0.0281253 0.836704 -0.544655 -0.851932 0.147244 3.432
data/frame-000330.color.jpg 0.584125 0.70604 -0.286129 0.280064 2.42671 2.28024 -2.93455
data/frame-000341.color.jpg 0.507916 0.792336 -0.275771 0.195386 2.00288 2.83399 -2.56713
data/frame-000352.color.jpg 0.435769 0.840041 -0.282797 0.156407 1.71813 3.10503 -2.07113
data/frame-000486.color.jpg 0.0690833 0.0684062 0.925944 -0.364932 0.435076 -1.51379 3.18102
data/frame-000079.color.jpg -0.281925 -0.658172 0.671076 -0.192314 3.88333 -0.187838 1.07966
data/frame-000090.color.jpg 0.392257 0.818999 -0.415761 0.0501818 2.86943 1.73757 -1.01334
data/frame-000101.color.jpg 0.373567 0.873722 -0.311217 0.0141752 1.97354 2.61404 -1.29563
data/frame-000235.color.jpg 0.391317 0.847521 -0.325595 0.150221 2.28336 3.37953 -1.90075
data/frame-000409.color.jpg -0.357008 -0.600885 0.628791 -0.340741 3.34811 1.45884 -0.0736799
data/frame-000543.color.jpg 0.0872807 0.169164 0.910881 -0.366144 -0.819433 -1.3797 3.01123
data/frame-000158.color.jpg 0.491736 0.870338 0.00901747 0.0250173 -0.508137 3.19519 -2.57745
data/frame-000554.color.jpg 0.0632979 0.0359569 0.88535 -0.45919 -0.303024 -0.610048 3.28449
data/frame-000565.color.jpg -0.016948 -0.0747243 0.860672 -0.503362 0.32183 -0.152746 3.25956
data/frame-000292.color.jpg 0.660017 0.64242 -0.235219 0.310397 2.25713 1.70407 -3.43111
data/frame-000303.color.jpg 0.694281 0.595448 -0.22732 0.334277 2.36539 1.32137 -3.50095
data/frame-000314.color.jpg 0.701935 0.586029 -0.217813 0.341197 2.33751 1.25618 -3.52698
data/frame-000448.color.jpg -0.0272414 -0.0882951 0.872779 -0.47929 1.94965 -0.325741 3.13949
data/frame-000041.color.jpg 0.528216 0.830551 -0.158292 0.0782085 2.67186 2.77137 -2.69199
data/frame-000052.color.jpg 0.379459 0.898712 -0.206957 0.074133 2.96773 3.21354 -1.56347
data/frame-000186.color.jpg 0.598414 0.794602 0.0861063 -0.0556345 -1.10815 2.44123 -3.27022
data/frame-000197.color.jpg 0.55922 0.822919 -0.0633049 0.0779102 0.285786 2.91492 -3.47888
data/frame-000622.color.jpg 0.00993884 -0.0650602 0.753134 -0.654566 -0.329872 1.12321 3.58898
data/frame-000371.color.jpg 0.378816 0.842429 -0.356329 0.140858 1.93101 2.89371 -1.41174
data/frame-000505.color.jpg 0.119654 0.123034 0.870554 -0.461174 -0.350591 -0.708086 3.37395
data/frame-000109.color.jpg 0.374679 0.890353 -0.257595 0.0230789 1.4058 2.89568 -1.35259
data/frame-000120.color.jpg 0.402797 0.904445 -0.123859 0.0662767 0.517582 3.28369 -1.67123
data/frame-000516.color.jpg 0.121653 0.203851 0.886546 -0.397091 -0.828372 -1.16248 3.18073
data/frame-000254.color.jpg 0.506632 0.7734 -0.31191 0.218834 2.37723 2.83629 -2.57939
data/frame-000265.color.jpg 0.563383 0.738246 -0.288194 0.233531 2.28575 2.48693 -2.9322
data/frame-000014.color.jpg 0.501875 0.861845 -0.0582733 0.0441428 2.02342 3.2462 -2.88108
data/frame-000003.color.jpg 0.416609 0.909016 0.00630774 0.00930782 1.65858 3.92168 -2.52829
data/frame-000148.color.jpg 0.481704 0.87599 0.00322853 0.0243244 -0.499053 3.20698 -2.46865
data/frame-000584.color.jpg 0.0403256 0.0188417 0.939835 -0.338716 -0.89948 -1.696 3.05173
data/frame-000322.color.jpg 0.669992 0.626972 -0.25535 0.304653 2.41677 1.57374 -3.34278
data/frame-000333.color.jpg 0.572374 0.721891 -0.279774 0.270162 2.32591 2.39045 -2.90694
data/frame-000071.color.jpg 0.306303 0.683968 -0.623458 0.222861 4.32692 0.237686 1.06752
data/frame-000082.color.jpg -0.291799 -0.654247 0.678804 -0.161369 3.783 -0.227778 0.78865
data/frame-000216.color.jpg 0.419668 0.844756 -0.28452 0.171213 2.06824 3.44778 -2.20005
data/frame-000227.color.jpg 0.411681 0.846524 -0.304653 0.145263 2.14672 3.37204 -2.10258
data/frame-000535.color.jpg 0.0506855 0.173417 0.950192 -0.253953 -0.580675 -2.23964 2.54569
data/frame-000284.color.jpg 0.626047 0.675198 -0.252136 0.297656 2.2832 2.01424 -3.25177
data/frame-000295.color.jpg 0.676403 0.620347 -0.228042 0.325032 2.30008 1.52717 -3.47061
data/frame-000033.color.jpg 0.586262 0.795766 -0.120751 0.0920503 2.46234 2.56888 -3.12607
data/frame-000044.color.jpg 0.47471 0.858122 -0.178341 0.0804415 2.80596 2.97035 -2.28612
data/frame-000189.color.jpg 0.580812 0.804371 0.111624 -0.0564294 -1.29089 2.52392 -3.14865
data/frame-000420.color.jpg -0.220607 -0.477402 0.764407 -0.372964 3.4235 0.771844 1.29663
data/frame-000431.color.jpg -0.112503 -0.27583 0.885792 -0.355857 2.93476 -0.551094 2.26917
data/frame-000246.color.jpg 0.47136 0.803917 -0.299514 0.20452 2.22863 3.10282 -2.45194
data/frame-000488.color.jpg 0.068099 0.0739385 0.927067 -0.361169 0.367067 -1.53703 3.15687
data/frame-000382.color.jpg 0.337142 0.852498 -0.381578 0.118239 1.94713 2.86155 -1.10423
data/frame-000527.color.jpg 0.0527214 0.126341 0.949021 -0.283933 -0.174607 -2.09948 2.73081
data/frame-000131.color.jpg 0.449878 0.892911 0.015269 0.00925341 -0.689258 3.20896 -2.06597
data/frame-000063.color.jpg 0.321754 0.835271 -0.428616 0.122825 4.15329 1.89417 -0.357329
data/frame-000439.color.jpg -0.0859441 -0.203041 0.887206 -0.405283 2.60935 -0.495251 2.59316
data/frame-000450.color.jpg -0.0202385 -0.0823797 0.866949 -0.491124 1.87963 -0.238406 3.18284
data/frame-000461.color.jpg -0.0159151 -0.0481463 0.813117 -0.579887 1.69095 0.402516 3.32052
data/frame-000595.color.jpg 0.108893 0.0557462 0.867725 -0.481756 -1.49396 -0.355038 3.16987
data/frame-000188.color.jpg 0.582375 0.804432 0.100832 -0.0596801 -1.21027 2.53485 -3.16042
data/frame-000344.color.jpg 0.467567 0.80697 -0.299546 0.20113 2.11419 2.94867 -2.22856
data/frame-000093.color.jpg 0.390947 0.86117 -0.323694 0.0277301 2.23378 2.29156 -1.23417
data/frame-000025.color.jpg 0.572648 0.813311 -0.0813945 0.0630498 2.15705 2.77251 -3.26108
data/frame-000518.color.jpg 0.127628 0.220865 0.892605 -0.371734 -0.945082 -1.33683 3.07032
data/frame-000401.color.jpg 0.378437 0.682118 -0.567162 0.264249 3.13551 1.80689 -0.666608
data/frame-000412.color.jpg -0.336497 -0.595378 0.642232 -0.34617 3.35703 1.45383 0.0767174
data/frame-000423.color.jpg -0.195429 -0.45606 0.788581 -0.363259 3.31758 0.58104 1.45354
data/frame-000546.color.jpg 0.0807414 0.149754 0.904751 -0.390487 -0.711384 -1.16106 3.05919
data/frame-000150.color.jpg 0.483895 0.874856 0.00937967 0.0196344 -0.547919 3.20758 -2.48081
data/frame-000161.color.jpg 0.499829 0.865944 0.000694558 0.0176536 -0.429783 3.18314 -2.6665
data/frame-000172.color.jpg 0.563477 0.82607 -0.00273288 0.00973904 -0.365436 2.83165 -3.18075
data/frame-000306.color.jpg 0.701358 0.585042 -0.221456 0.341731 2.36832 1.24669 -3.52182
data/frame-000557.color.jpg 0.0379287 0.0275265 0.879392 -0.473787 -0.208866 -0.49225 3.32357
data/frame-000055.color.jpg 0.3622 0.900422 -0.2287 0.0758114 3.10079 3.13922 -1.37369
data/frame-000480.color.jpg 0.0717935 0.0995839 0.898369 -0.421737 0.348504 -1.12303 3.39338
data/frame-000614.color.jpg -0.0165272 -0.0839527 0.785327 -0.61314 -0.0723898 0.755141 3.7073
data/frame-000229.color.jpg 0.40598 0.848767 -0.306807 0.143678 2.14894 3.39196 -2.05413
data/frame-000363.color.jpg 0.365569 0.819528 -0.410168 0.162774 2.41914 2.83432 -1.28519
data/frame-000374.color.jpg 0.371958 0.853816 -0.341454 0.126706 1.77127 2.94004 -1.38478
data/frame-000385.color.jpg 0.330523 0.846252 -0.401625 0.115366 2.05363 2.80124 -1.04197
data/frame-000508.color.jpg 0.10977 0.12955 0.863717 -0.474511 -0.361977 -0.614496 3.40691
data/frame-000112.color.jpg 0.379324 0.89477 -0.230102 0.0505189 1.20856 2.99 -1.38819
data/frame-000123.color.jpg 0.420201 0.898773 -0.117173 0.043682 0.428159 3.30145 -1.86863
data/frame-000519.color.jpg 0.125969 0.221189 0.894771 -0.366867 -0.944062 -1.38 3.0525
data/frame-000257.color.jpg 0.525646 0.763417 -0.297874 0.228388 2.30952 2.74434 -2.71264
data/frame-000268.color.jpg 0.57596 0.727616 -0.283974 0.241254 2.28716 2.39216 -3.00264
data/frame-000006.color.jpg 0.417591 0.908505 0.0153885 0.000195617 1.5596 3.9284 -2.57718
data/frame-000442.color.jpg -0.0514021 -0.13055 0.889298 -0.435275 2.23836 -0.543116 2.92636
data/frame-000576.color.jpg -0.0305554 -0.130733 0.922675 -0.361451 0.402038 -1.41085 3.16811
data/frame-000180.color.jpg 0.605585 0.795163 0.0280032 -0.0140822 -0.607056 2.47316 -3.4226
data/frame-000191.color.jpg 0.585528 0.806341 0.0783009 -0.0289826 -1.02445 2.5566 -3.28462
data/frame-000587.color.jpg 0.0778569 0.0441332 0.921872 -0.377019 -1.26221 -1.37176 3.10516
data/frame-000325.color.jpg 0.61892 0.671295 -0.278279 0.298097 2.49015 2.00435 -3.07448
data/frame-000336.color.jpg 0.549163 0.745853 -0.287497 0.243862 2.28043 2.54308 -2.77144
data/frame-000470.color.jpg 0.0588037 0.038518 0.865722 -0.495564 0.796737 -0.432336 3.50748
data/frame-000074.color.jpg 0.309714 0.681064 -0.625422 0.221532 4.19365 0.22023 1.04775
data/frame-000085.color.jpg 0.359062 0.768718 -0.523951 0.0749837 3.42698 0.979219 -0.444345
data/frame-000481.color.jpg 0.0801338 0.0974376 0.902655 -0.41146 0.313223 -1.19772 3.37504
data/frame-000219.color.jpg 0.431352 0.838689 -0.290357 0.161957 2.07165 3.33956 -2.26355
data/frame-000393.color.jpg 0.386774 0.760543 -0.480507 0.202716 2.58849 2.24886 -1.08851
data/frame-000404.color.jpg 0.372112 0.64339 -0.60281 0.290176 3.32284 1.57812 -0.422465
data/frame-000538.color.jpg 0.0721891 0.185685 0.934357 -0.295443 -0.798151 -1.91816 2.7289
data/frame-000142.color.jpg 0.490158 0.871339 0.0106927 0.0199742 -0.558247 3.16069 -2.52009
data/frame-000153.color.jpg 0.488559 0.872202 0.0102894 0.0216212 -0.539665 3.19236 -2.53887
data/frame-000549.color.jpg 0.0709329 0.104397 0.89864 -0.420138 -0.485372 -0.920856 3.14443
data/frame-000287.color.jpg 0.636976 0.664724 -0.246412 0.302794 2.27355 1.91755 -3.31059
data/frame-000276.color.jpg 0.597681 0.708798 -0.275102 0.254365 2.27764 2.23673 -3.1173
data/frame-000298.color.jpg 0.686736 0.606484 -0.233866 0.325387 2.36775 1.3976 -3.47712
data/frame-000047.color.jpg 0.436858 0.878257 -0.183345 0.0648439 2.81286 3.1081 -2.07689
data/frame-000036.color.jpg 0.555845 0.812551 -0.149886 0.0912772 2.65141 2.66927 -2.84728
data/frame-000181.color.jpg 0.604609 0.795185 0.0397651 -0.0234195 -0.711934 2.47294 -3.39999
data/frame-000606.color.jpg 0.00803688 -0.0596523 0.83727 -0.543467 -0.404577 0.0912397 3.6522
data/frame-000355.color.jpg 0.410263 0.848748 -0.29928 0.147457 1.76163 3.15117 -1.86587
data/frame-000489.color.jpg 0.0655884 0.0800606 0.930517 -0.351322 0.326173 -1.60544 3.10763
data/frame-000104.color.jpg 0.362031 0.864233 -0.347469 0.0360588 2.13915 2.57286 -1.19574
data/frame-000115.color.jpg 0.382977 0.901738 -0.189529 0.0653851 0.958474 3.12089 -1.44334
data/frame-000500.color.jpg 0.10001 0.0984635 0.896595 -0.420024 -0.087478 -1.0374 3.28111
data/frame-000238.color.jpg 0.39301 0.845611 -0.323024 0.16168 2.27664 3.38998 -1.90762
data/frame-000249.color.jpg 0.482848 0.790239 -0.313387 0.210162 2.34837 2.9813 -2.4668
data/frame-000260.color.jpg 0.54109 0.756355 -0.291679 0.223767 2.26844 2.65523 -2.82374
data/frame-000511.color.jpg 0.116926 0.154379 0.869284 -0.454798 -0.538593 -0.748601 3.35839
data/frame-000143.color.jpg 0.489358 0.871614 0.0114066 0.0262273 -0.551062 3.15276 -2.51898
data/frame-000568.color.jpg -0.0394463 -0.124859 0.865069 -0.484262 0.513721 -0.277573 3.28656
data/frame-000317.color.jpg 0.704986 0.583398 -0.218963 0.338669 2.336 1.21851 -3.51909
data/frame-000473.color.jpg 0.0641956 0.0661885 0.880542 -0.464913 0.612818 -0.727647 3.46659
data/frame-000066.color.jpg 0.311628 0.770126 -0.52972 0.170856 4.42945 1.079 0.330033
data/frame-000200.color.jpg 0.535366 0.831911 -0.117814 0.0861831 0.729356 3.08337 -3.35296
data/frame-000211.color.jpg 0.445681 0.841761 -0.26216 0.155175 1.9477 3.38634 -2.49855
data/frame-000222.color.jpg 0.424817 0.841943 -0.292332 0.158757 2.07656 3.35954 -2.21321
data/frame-000598.color.jpg 0.102006 0.0296299 0.85184 -0.512918 -1.38491 -0.119612 3.23823
data/frame-000530.color.jpg 0.0444115 0.125474 0.953975 -0.268729 -0.160742 -2.19638 2.65297
data/frame-000134.color.jpg 0.467064 0.883972 0.000931531 0.0210787 -0.550854 3.19563 -2.25042
data/frame-000279.color.jpg 0.610497 0.692382 -0.269853 0.274008 2.31883 2.12244 -3.16011
data/frame-000017.color.jpg 0.526661 0.844853 -0.0686129 0.0643703 2.13037 3.11803 -2.98658
data/frame-000028.color.jpg 0.592954 0.796417 -0.0817015 0.0863195 2.18949 2.65619 -3.31463
data/frame-000415.color.jpg -0.31123 -0.553794 0.685007 -0.356671 3.4858 1.23232 0.402361
data/frame-000230.color.jpg 0.403807 0.848313 -0.310108 0.145389 2.1735 3.38713 -2.02872
data/frame-000241.color.jpg 0.451077 0.818493 -0.298714 0.193309 2.1884 3.20941 -2.34053
data/frame-000135.color.jpg 0.4785 0.877891 0.0117478 0.0143737 -0.619748 3.14282 -2.34185
data/frame-000472.color.jpg 0.0641206 0.0619859 0.877109 -0.47194 0.642867 -0.657545 3.48005
data/frame-000483.color.jpg 0.075984 0.0875829 0.915415 -0.385448 0.375803 -1.3906 3.28665
data/frame-000617.color.jpg -0.00553039 -0.0768645 0.770304 -0.633003 -0.17962 0.93929 3.66517
data/frame-000366.color.jpg 0.376067 0.811631 -0.414927 0.166323 2.4692 2.73928 -1.3047
data/frame-000377.color.jpg 0.361054 0.855187 -0.348863 0.128803 1.77792 2.92774 -1.29076
data/frame-000126.color.jpg 0.423909 0.903167 -0.0521145 0.0433006 -0.132544 3.32327 -1.92162
data/frame-000434.color.jpg -0.111966 -0.269014 0.882786 -0.368489 2.87884 -0.487816 2.30268
data/frame-000445.color.jpg -0.0378039 -0.109613 0.882924 -0.454973 2.0974 -0.455211 3.03745
data/frame-000579.color.jpg -0.00070452 -0.0926031 0.935222 -0.341736 -0.000786581 -1.67413 3.13799
data/frame-000183.color.jpg 0.602123 0.7947 0.0641592 -0.0422399 -0.921063 2.45214 -3.33907
data/frame-000590.color.jpg 0.103343 0.0304992 0.901589 -0.418959 -1.37195 -1.02249 3.20413
data/frame-000328.color.jpg 0.593701 0.696034 -0.287287 0.283765 2.46513 2.19851 -2.96547
data/frame-000339.color.jpg 0.522664 0.772187 -0.287558 0.21877 2.18528 2.72186 -2.61233
data/frame-000077.color.jpg 0.30029 0.673969 -0.643066 0.205081 4.05333 0.036259 1.03676
data/frame-000009.color.jpg 0.44997 0.89215 -0.0221184 0.0332404 1.92867 3.68475 -2.65952
data/frame-000513.color.jpg 0.125983 0.170772 0.864988 -0.454709 -0.670952 -0.735572 3.34453
data/frame-000396.color.jpg 0.377162 0.733143 -0.521146 0.220583 2.82047 2.08417 -0.898955
data/frame-000407.color.jpg -0.364276 -0.604802 0.630528 -0.322417 3.42301 1.39143 -0.140554
data/frame-000541.color.jpg 0.0843856 0.171699 0.917965 -0.347476 -0.810328 -1.54805 2.95359
data/frame-000145.color.jpg 0.484273 0.874481 0.00197742 0.0275647 -0.488802 3.1941 -2.48413
data/frame-000156.color.jpg 0.489125 0.871874 0.00539246 0.0237283 -0.493097 3.19922 -2.55725
data/frame-000552.color.jpg 0.071472 0.0555015 0.893208 -0.440444 -0.372826 -0.76116 3.22589
data/frame-000290.color.jpg 0.646737 0.65353 -0.239556 0.311838 2.27044 1.83847 -3.34812
data/frame-000039.color.jpg 0.545742 0.820892 -0.154155 0.0673632 2.62393 2.6533 -2.85228
data/frame-000464.color.jpg 0.00895191 -0.0253457 0.815244 -0.578493 1.42546 0.365134 3.43057
data/frame-000475.color.jpg 0.0677076 0.0744264 0.888491 -0.447727 0.535615 -0.877227 3.43638
data/frame-000609.color.jpg -0.00593011 -0.0685068 0.827656 -0.557007 -0.197418 0.212522 3.73574
data/frame-000213.color.jpg 0.436734 0.841016 -0.277179 0.158513 2.05017 3.38203 -2.39119
data/frame-000620.color.jpg 0.00728195 -0.06853 0.754676 -0.652468 -0.299246 1.10977 3.60178
data/frame-000347.color.jpg 0.460151 0.816968 -0.284551 0.199636 1.95034 3.03568 -2.20969
data/frame-000358.color.jpg 0.395991 0.846943 -0.324527 0.143388 1.87259 3.10417 -1.72507
data/frame-000369.color.jpg 0.376439 0.820238 -0.400526 0.158372 2.30094 2.75244 -1.31231
data/frame-000503.color.jpg 0.101036 0.111331 0.880102 -0.450352 -0.176664 -0.806073 3.3567
data/frame-000096.color.jpg 0.394337 0.870253 -0.294837 0.0151372 1.95909 2.46315 -1.3448
data/frame-000107.color.jpg 0.374889 0.890036 -0.258914 0.0160619 1.45075 2.87696 -1.35323
data/frame-000118.color.jpg 0.391665 0.906011 -0.148262 0.0613237 0.67462 3.21993 -1.54656
data/frame-000252.color.jpg 0.500377 0.778813 -0.311734 0.214229 2.35919 2.88224 -2.56114
data/frame-000001.color.jpg 0.41144 0.911314 0.00561398 0.0138491 1.63611 3.96194 -2.4763
data/frame-000426.color.jpg -0.175054 -0.40759 0.825579 -0.348776 3.28629 0.179176 1.62294
data/frame-000560.color.jpg 0.0336059 -0.00156592 0.8742 -0.484399 -0.131346 -0.4008 3.34494
data/frame-000175.color.jpg 0.589064 0.807902 0.0171771 0.00177614 -0.528938 2.59977 -3.33367
data/frame-000571.color.jpg -0.0554703 -0.165206 0.882605 -0.436622 0.703167 -0.669956 3.25602
data/frame-000582.color.jpg 0.0202748 -0.0112337 0.94127 -0.336859 -0.593425 -1.73095 3.09222
data/frame-000309.color.jpg 0.703131 0.581773 -0.219804 0.344721 2.37235 1.22763 -3.52241
data/frame-000320.color.jpg 0.681385 0.611418 -0.234765 0.326752 2.34485 1.4766 -3.40423
data/frame-000331.color.jpg 0.578436 0.712255 -0.284649 0.27763 2.39685 2.33164 -2.91591
data/frame-000465.color.jpg 0.0170758 -0.0180078 0.819023 -0.573224 1.34224 0.308789 3.46054
data/frame-000058.color.jpg 0.343673 0.903142 -0.247427 0.0707369 3.19056 3.05244 -1.2155
data/frame-000080.color.jpg -0.279823 -0.644582 0.687397 -0.183574 3.81846 -0.328983 1.06291
data/frame-000069.color.jpg 0.305701 0.705866 -0.604015 0.208484 4.41592 0.408279 0.893924
data/frame-000214.color.jpg 0.426609 0.845958 -0.275853 0.162063 2.01186 3.44681 -2.30131
data/frame-000388.color.jpg 0.345223 0.81854 -0.433731 0.150635 2.2495 2.61748 -1.03359
data/frame-000522.color.jpg 0.088673 0.15765 0.931278 -0.316236 -0.475105 -1.84546 2.88965
data/frame-000137.color.jpg 0.485827 0.873666 0.0199168 0.0168476 -0.657314 3.12595 -2.42404
data/frame-000533.color.jpg 0.0402322 0.142504 0.958566 -0.243362 -0.29785 -2.33716 2.51407
data/frame-000544.color.jpg 0.0897313 0.167846 0.908816 -0.371255 -0.827773 -1.32268 3.01599
data/frame-000271.color.jpg 0.577948 0.724868 -0.281737 0.247318 2.28325 2.38209 -3.00167
data/frame-000282.color.jpg 0.622546 0.682262 -0.258804 0.282798 2.27982 2.03411 -3.24002
data/frame-000293.color.jpg 0.667808 0.630542 -0.231993 0.320358 2.2936 1.60789 -3.44137
data/frame-000020.color.jpg 0.547809 0.831348 -0.0737786 0.0576326 2.15293 2.95687 -3.14534
data/frame-000031.color.jpg 0.587417 0.796762 -0.101738 0.0987983 2.3505 2.65802 -3.18846
data/frame-000601.color.jpg 0.0677455 -0.0111233 0.842685 -0.534012 -1.01628 0.0640447 3.35835
data/frame-000205.color.jpg 0.475774 0.843613 -0.21074 0.13246 1.52009 3.35657 -2.82158
data/frame-000350.color.jpg 0.44684 0.83106 -0.288205 0.163132 1.81976 3.05686 -2.13727
data/frame-000484.color.jpg 0.0727929 0.0705868 0.92089 -0.376405 0.452556 -1.435 3.24104
data/frame-000088.color.jpg 0.387537 0.816374 -0.42322 0.0650626 2.96601 1.66776 -0.86721
data/frame-000099.color.jpg 0.367933 0.883511 -0.288703 0.0261605 1.88005 2.67126 -1.22087
data/frame-000495.color.jpg 0.0811734 0.0861636 0.919687 -0.374383 0.114093 -1.39993 3.14916
data/frame-000233.color.jpg 0.395452 0.846882 -0.323022 0.148541 2.26486 3.36943 -1.93779
data/frame-000244.color.jpg 0.464845 0.809972 -0.295675 0.201098 2.19097 3.1528 -2.42532
data/frame-000506.color.jpg 0.118728 0.135027 0.866808 -0.465097 -0.413503 -0.67527 3.37734
data/frame-000563.color.jpg 0.00463951 -0.0453054 0.86896 -0.492782 0.150949 -0.25025 3.29484
data/frame-000301.color.jpg 0.69195 0.600036 -0.229257 0.32955 2.35871 1.34614 -3.49812
data/frame-000312.color.jpg 0.703446 0.582694 -0.21902 0.343019 2.35952 1.2306 -3.52787
data/frame-000050.color.jpg 0.401701 0.891674 -0.197088 0.0686272 2.90042 3.18714 -1.77366
data/frame-000061.color.jpg 0.327026 0.880858 -0.328885 0.0947547 3.67034 2.60327 -0.810134
data/frame-000195.color.jpg 0.571336 0.818671 -0.0295539 0.0498003 -0.0718273 2.80754 -3.48301
data/frame-000206.color.jpg 0.472307 0.841614 -0.223763 0.13617 1.62761 3.34863 -2.7744
data/frame-000437.color.jpg -0.0970615 -0.249329 0.873853 -0.405949 2.72646 -0.298795 2.46335
data/frame-000514.color.jpg 0.12682 0.177195 0.870481 -0.441341 -0.711199 -0.83703 3.31182
data/frame-000525.color.jpg 0.0627391 0.132811 0.944285 -0.294537 -0.242835 -2.02537 2.79
data/frame-000263.color.jpg 0.551584 0.749621 -0.287153 0.226642 2.25235 2.58992 -2.88258
data/frame-000274.color.jpg 0.584163 0.720124 -0.278791 0.249901 2.27465 2.34265 -3.04209
data/frame-000012.color.jpg 0.480019 0.876173 -0.0388715 0.0197904 1.89116 3.40405 -2.86517
data/frame-000023.color.jpg 0.563179 0.817857 -0.0883535 0.0783147 2.2812 2.84377 -3.14417
data/frame-000399.color.jpg 0.38185 0.699992 -0.54996 0.248485 3.03008 1.89718 -0.782159
data/frame-000410.color.jpg -0.354326 -0.604 0.62748 -0.340451 3.324 1.48315 -0.0746476
data/frame-000225.color.jpg 0.421283 0.844396 -0.294149 0.15163 2.08383 3.36926 -2.19112
data/frame-000236.color.jpg 0.390271 0.847039 -0.326075 0.15456 2.29263 3.38389 -1.88835
data/frame-000467.color.jpg 0.0342045 0.00167642 0.83507 -0.549077 1.13511 0.072864 3.50541
data/frame-000478.color.jpg 0.070004 0.0855167 0.895505 -0.431111 0.445691 -1.03076 3.40332
data/frame-000612.color.jpg -0.0133773 -0.0819754 0.811479 -0.578448 -0.0907755 0.423217 3.75141
data/frame-000623.color.jpg 0.0132658 -0.0625333 0.753268 -0.6546 -0.36278 1.12312 3.58648
data/frame-000361.color.jpg 0.383128 0.839483 -0.357775 0.1431 2.06518 3.00608 -1.5507
data/frame-000110.color.jpg 0.377897 0.891736 -0.245846 0.0395025 1.31738 2.93698 -1.36809
data/frame-000042.color.jpg 0.510829 0.841485 -0.162082 0.0684532 2.66965 2.84784 -2.60455
data/frame-000418.color.jpg -0.277652 -0.512283 0.726868 -0.363508 3.54009 0.970984 0.792766
data/frame-000429.color.jpg -0.136764 -0.307783 0.872702 -0.353491 3.07956 -0.393139 2.07903
data/frame-000440.color.jpg -0.0750596 -0.180788 0.889673 -0.412509 2.5115 -0.530862 2.69395
data/frame-000574.color.jpg -0.0364743 -0.127125 0.913138 -0.3856 0.485392 -1.14073 3.17176
data/frame-000167.color.jpg 0.52863 0.848286 -0.0136001 0.0278711 -0.268234 3.04961 -2.94861
data/frame-000178.color.jpg 0.608464 0.79332 0.0201195 -0.00322914 -0.54516 2.44561 -3.45337
data/frame-000323.color.jpg 0.650296 0.642798 -0.264569 0.306478 2.46599 1.74304 -3.23657
data/frame-000072.color.jpg 0.31195 0.684989 -0.619645 0.222525 4.27763 0.270101 1.0263
data/frame-000255.color.jpg 0.513908 0.770759 -0.306085 0.219411 2.33932 2.80979 -2.63684
data/frame-000004.color.jpg 0.416611 0.908953 0.0150594 0.00368065 1.56814 3.93843 -2.55809
data/frame-000497.color.jpg 0.0815723 0.0854787 0.909388 -0.398815 0.0955931 -1.21703 3.21862
data/frame-000380.color.jpg 0.343457 0.856637 -0.364437 0.124077 1.8411 2.91775 -1.15364
data/frame-000391.color.jpg 0.374663 0.788344 -0.455865 0.174153 2.41587 2.41462 -1.12519
data/frame-000402.color.jpg 0.375445 0.671604 -0.576823 0.274344 3.19036 1.75454 -0.587823
data/frame-000536.color.jpg 0.0551595 0.177257 0.946498 -0.263969 -0.646805 -2.16353 2.59106
data/frame-000129.color.jpg 0.443218 0.896207 -0.00431472 0.018781 -0.535877 3.23761 -2.0265
data/frame-000140.color.jpg 0.490361 0.871157 0.0190578 0.0163499 -0.627785 3.14537 -2.50672
data/frame-000151.color.jpg 0.487162 0.873004 0.0105903 0.0206139 -0.55118 3.19561 -2.51296
data/frame-000285.color.jpg 0.62872 0.673458 -0.251154 0.296796 2.27866 1.99579 -3.27029
data/frame-000459.color.jpg -0.00189441 -0.0535776 0.829114 -0.556504 1.64393 0.24353 3.35737
data/frame-000593.color.jpg 0.1198 0.0319985 0.879758 -0.458966 -1.48584 -0.659755 3.2143
data/frame-000208.color.jpg 0.461833 0.840352 -0.242824 0.146819 1.79551 3.35729 -2.66049
data/frame-000604.color.jpg 0.0242624 -0.058925 0.83923 -0.540031 -0.593718 0.0676809 3.55935
data/frame-000615.color.jpg -0.0150394 -0.0822863 0.780563 -0.619454 -0.0898963 0.817462 3.69605
data/frame-000342.color.jpg 0.504481 0.796268 -0.27836 0.184315 1.98806 2.8633 -2.54708
data/frame-000353.color.jpg 0.431029 0.84207 -0.284486 0.15556 1.71434 3.11384 -2.034
data/frame-000364.color.jpg 0.368848 0.816014 -0.415622 0.159156 2.45524 2.78518 -1.30133
data/frame-000498.color.jpg 0.0830681 0.0841907 0.905985 -0.406453 0.0883212 -1.15472 3.24149
data/frame-000091.color.jpg 0.392985 0.828029 -0.396439 0.0526141 2.76474 1.87325 -1.05839
data/frame-000102.color.jpg 0.368072 0.869812 -0.327845 0.0216511 2.06681 2.59076 -1.25006
data/frame-000421.color.jpg -0.213151 -0.468993 0.774118 -0.367904 3.39058 0.685028 1.35336
data/frame-000555.color.jpg 0.0531135 0.0352078 0.881568 -0.467737 -0.270454 -0.540072 3.30552
data/frame-000159.color.jpg 0.4945 0.868832 0.0101764 0.0222712 -0.516213 3.18805 -2.59933
data/frame-000170.color.jpg 0.552069 0.833397 -0.00940085 0.0240795 -0.293456 2.89292 -3.11712
data/frame-000566.color.jpg -0.0241757 -0.0852287 0.861186 -0.50051 0.383468 -0.162262 3.26592
data/frame-000304.color.jpg 0.698177 0.589547 -0.223922 0.338883 2.3677 1.27605 -3.51429
data/frame-000315.color.jpg 0.702892 0.584212 -0.218094 0.342162 2.34515 1.23962 -3.52218
data/frame-000577.color.jpg -0.0371253 -0.130473 0.923539 -0.358711 0.402724 -1.47022 3.17565
data/frame-000053.color.jpg 0.375474 0.899283 -0.211742 0.0739872 2.99839 3.19717 -1.52254
data/frame-000064.color.jpg 0.317667 0.816163 -0.46181 0.140344 4.27635 1.64801 -0.129071
data/frame-000372.color.jpg 0.379075 0.845944 -0.349954 0.134952 1.86268 2.90323 -1.41837
data/frame-000383.color.jpg 0.333556 0.851221 -0.388651 0.114516 1.98199 2.84602 -1.07633
data/frame-000517.color.jpg 0.124809 0.213004 0.890319 -0.382601 -0.891299 -1.26257 3.12408
data/frame-000121.color.jpg 0.418633 0.89891 -0.114362 0.0602305 0.449647 3.28004 -1.8273
data/frame-000132.color.jpg 0.454423 0.890659 0.0101588 0.0111118 -0.653737 3.20561 -2.11964
data/frame-000528.color.jpg 0.0507026 0.12578 0.949051 -0.284449 -0.168775 -2.10421 2.73236
data/frame-000277.color.jpg 0.605922 0.699253 -0.271361 0.26508 2.29074 2.16408 -3.15261
data/frame-000266.color.jpg 0.566613 0.735763 -0.287179 0.234799 2.28248 2.46531 -2.95337
data/frame-000015.color.jpg 0.514945 0.85292 -0.065834 0.0550072 2.09357 3.17014 -2.92663
data/frame-000026.color.jpg 0.57986 0.807318 -0.0771811 0.0777363 2.14485 2.75593 -3.26859
data/frame-000585.color.jpg 0.0519141 0.0392186 0.934139 -0.350929 -1.08346 -1.57639 3.06131
data/frame-000596.color.jpg 0.106166 0.0448002 0.855625 -0.504607 -1.44655 -0.181218 3.20419
data/frame-000334.color.jpg 0.566213 0.728647 -0.281776 0.262827 2.31261 2.42373 -2.87924
data/frame-000345.color.jpg 0.470685 0.807536 -0.293178 0.200968 2.07239 2.94478 -2.27237
data/frame-000479.color.jpg 0.0703419 0.0905217 0.896159 -0.428669 0.41243 -1.05798 3.40084
data/frame-000083.color.jpg 0.308727 0.686965 -0.646524 0.121549 3.74305 0.0606666 0.336733
data/frame-000094.color.jpg 0.395645 0.868872 -0.297176 0.0145791 2.03014 2.39924 -1.32021
data/frame-000490.color.jpg 0.0653723 0.0834728 0.93241 -0.345499 0.294657 -1.64354 3.07754
data/frame-000228.color.jpg 0.40742 0.848623 -0.306006 0.142155 2.1427 3.38933 -2.06815
data/frame-000239.color.jpg 0.409859 0.838923 -0.313911 0.172289 2.21849 3.34938 -2.04436
data/frame-000547.color.jpg 0.0823261 0.140081 0.902362 -0.399176 -0.67905 -1.07989 3.07113
data/frame-000558.color.jpg 0.0349035 0.0218064 0.878152 -0.476608 -0.194405 -0.47292 3.33403
data/frame-000296.color.jpg 0.680896 0.614525 -0.228966 0.326058 2.32117 1.46621 -3.48228
data/frame-000307.color.jpg 0.703579 0.583061 -0.220521 0.341155 2.36516 1.22314 -3.53046
data/frame-000034.color.jpg 0.583352 0.797227 -0.124522 0.0928671 2.48918 2.57764 -3.09136
data/frame-000045.color.jpg 0.459322 0.866729 -0.179529 0.0746607 2.80291 3.03354 -2.19927
data/frame-000056.color.jpg 0.354685 0.901599 -0.235799 0.0756103 3.13737 3.11761 -1.30061
data/frame-000190.color.jpg 0.577567 0.807697 0.108811 -0.04693 -1.27492 2.55901 -3.15573
data/frame-000432.color.jpg -0.107505 -0.266886 0.88738 -0.360238 2.89463 -0.570232 2.3178
data/frame-000509.color.jpg 0.111507 0.136143 0.864519 -0.470785 -0.409069 -0.637997 3.39524
data/frame-000113.color.jpg 0.376593 0.898238 -0.219417 0.0565885 1.13865 3.04448 -1.37853
data/frame-000520.color.jpg 0.124729 0.209977 0.90274 -0.354136 -0.885241 -1.49074 3.00128
data/frame-000247.color.jpg 0.476627 0.795898 -0.309779 0.208353 2.31989 3.02817 -2.44935
data/frame-000258.color.jpg 0.530216 0.761201 -0.293822 0.230462 2.28233 2.72892 -2.74997
data/frame-000269.color.jpg 0.576538 0.727581 -0.282981 0.241147 2.27772 2.39091 -3.0014
data/frame-000007.color.jpg 0.441193 0.897229 0.0149821 0.0102273 1.56981 3.81512 -2.7286
data/frame-000018.color.jpg 0.53515 0.839575 -0.069004 0.0629841 2.13559 3.05983 -3.05305
data/frame-000394.color.jpg 0.381751 0.750185 -0.495842 0.213611 2.67446 2.19647 -1.00139
data/frame-000326.color.jpg 0.608723 0.681667 -0.283242 0.290794 2.48265 2.08334 -3.0308
data/frame-000075.color.jpg 0.312589 0.675336 -0.632286 0.215463 4.16013 0.129783 1.01984
data/frame-000209.color.jpg 0.456602 0.84057 -0.249388 0.150873 1.84823 3.36796 -2.60414
data/frame-000220.color.jpg 0.430386 0.837563 -0.29532 0.161377 2.11228 3.31813 -2.24345
data/frame-000451.color.jpg -0.0115869 -0.0839431 0.859286 -0.504428 1.82738 -0.113707 3.21953
data/frame-000462.color.jpg -0.00647242 -0.0433202 0.81254 -0.581258 1.60944 0.414541 3.35779
data/frame-000607.color.jpg 0.00406826 -0.0540253 0.835277 -0.547154 -0.361666 0.127762 3.68079
data/frame-000356.color.jpg 0.402265 0.849527 -0.308358 0.146298 1.80669 3.15429 -1.79905
data/frame-000288.color.jpg 0.640921 0.660429 -0.244574 0.305348 2.27842 1.88297 -3.32489
data/frame-000037.color.jpg 0.54805 0.816767 -0.155563 0.0912871 2.68842 2.69451 -2.781
data/frame-000413.color.jpg -0.332269 -0.585047 0.653751 -0.346305 3.4024 1.38891 0.139585
data/frame-000424.color.jpg -0.194746 -0.464692 0.792389 -0.343883 3.352 0.540727 1.36987
data/frame-000435.color.jpg -0.107321 -0.268696 0.880113 -0.376412 2.83731 -0.42304 2.33625
data/frame-000569.color.jpg -0.0380192 -0.145544 0.862601 -0.483002 0.540451 -0.292154 3.31664
data/frame-000162.color.jpg 0.50744 0.861611 0.000649534 0.0114062 -0.42589 3.1443 -2.73351
data/frame-000173.color.jpg 0.582653 0.812651 0.00297881 0.0102577 -0.40145 2.67261 -3.30516
data/frame-000250.color.jpg 0.490357 0.786889 -0.309214 0.211522 2.32767 2.96007 -2.51607
data/frame-000492.color.jpg 0.060959 0.085847 0.933124 -0.343792 0.271656 -1.65101 3.04354
data/frame-000386.color.jpg 0.331571 0.842165 -0.408482 0.118158 2.09281 2.76849 -1.03342
data/frame-000124.color.jpg 0.424152 0.899257 -0.0968007 0.045404 0.260051 3.30153 -1.91134
