data/frame-000000.color.jpg 0.00869181 -0.0613525 0.879461 -0.471919 0.5769 0.994124 0.8688
data/frame-000001.color.jpg -0.0081679 -0.0711341 0.883043 -0.463798 0.575666 1.01384 0.863519
data/frame-000002.color.jpg -0.00443874 -0.0757844 0.883416 -0.4624 0.577571 1.01302 0.863434
data/frame-000003.color.jpg -0.00731745 -0.0835222 0.883375 -0.461107 0.572641 1.01173 0.85782
data/frame-000004.color.jpg -0.00341442 -0.0879504 0.867707 -0.489221 0.512045 1.12618 0.820001
data/frame-000005.color.jpg -0.0166631 -0.0769273 0.861268 -0.502018 0.543955 1.1147 0.791181
data/frame-000006.color.jpg 0.00480784 -0.0634326 0.840416 -0.538196 0.50674 1.19352 0.742342
data/frame-000007.color.jpg 0.0038236 -0.0632738 0.840739 -0.537717 0.499521 1.19418 0.748784
data/frame-000008.color.jpg 0.0102032 -0.0534722 0.840177 -0.539573 0.501137 1.19077 0.755785
data/frame-000009.color.jpg 0.01819 -0.0438382 0.836914 -0.545272 0.487486 1.19111 0.751409
data/frame-000010.color.jpg 0.0201885 -0.0446169 0.838519 -0.542667 0.481563 1.19697 0.759386
data/frame-000011.color.jpg 0.0214772 -0.0418995 0.833994 -0.549761 0.470311 1.20606 0.745414
data/frame-000012.color.jpg 0.0304185 -0.0329588 0.830397 -0.555365 0.45563 1.21619 0.740457
data/frame-000013.color.jpg 0.0325643 -0.0330441 0.83081 -0.554619 0.450715 1.21974 0.743284
data/frame-000014.color.jpg 0.0375161 -0.0272605 0.829292 -0.556888 0.443944 1.2227 0.744606
data/frame-000015.color.jpg 0.0391409 -0.0233252 0.823607 -0.565328 0.442756 1.23757 0.727209
data/frame-000016.color.jpg 0.0390804 -0.0244391 0.822858 -0.566374 0.438133 1.23982 0.726385
data/frame-000017.color.jpg 0.0415693 -0.0150054 0.812626 -0.581107 0.453968 1.27329 0.682095
data/frame-000018.color.jpg 0.042078 -0.0137791 0.799116 -0.599544 0.441742 1.3164 0.637525
data/frame-000019.color.jpg 0.0435624 -0.0129507 0.79868 -0.600037 0.44189 1.31959 0.634719
data/frame-000020.color.jpg 0.037665 -0.0132282 0.786751 -0.615978 0.456472 1.35173 0.581645
data/frame-000021.color.jpg 0.0288628 -0.0187349 0.779247 -0.625771 0.462336 1.37394 0.546184
data/frame-000022.color.jpg 0.0301776 -0.0169435 0.777658 -0.627734 0.468229 1.37598 0.541356
data/frame-000023.color.jpg 0.0270075 -0.0219022 0.771867 -0.634833 0.470148 1.39958 0.513244
data/frame-000024.color.jpg 0.0253235 -0.0220679 0.76898 -0.638389 0.474806 1.40218 0.501338
data/frame-000025.color.jpg 0.0222127 -0.0248399 0.765639 -0.642407 0.477514 1.41715 0.48553
data/frame-000026.color.jpg 0.00399507 -0.0327277 0.761593 -0.647216 0.49253 1.43009 0.448806
data/frame-000027.color.jpg 0.00377669 -0.0331276 0.761388 -0.647438 0.494645 1.43207 0.4478
data/frame-000028.color.jpg -0.0128226 -0.0457841 0.765345 -0.641861 0.49979 1.45016 0.442077
data/frame-000029.color.jpg -0.0321686 -0.0540763 0.77363 -0.630506 0.520653 1.45148 0.442244
data/frame-000030.color.jpg -0.0315126 -0.0538355 0.774658 -0.629296 0.520196 1.45268 0.443771
data/frame-000031.color.jpg -0.0411634 -0.0703761 0.779671 -0.62086 0.496875 1.47673 0.404285
data/frame-000032.color.jpg -0.0507538 -0.0861178 0.77851 -0.619621 0.482274 1.4951 0.369243
data/frame-000033.color.jpg -0.0547384 -0.0904943 0.775035 -0.623005 0.479395 1.49729 0.343699
data/frame-000034.color.jpg -0.0693922 -0.101431 0.770388 -0.625619 0.476593 1.51331 0.3006
data/frame-000035.color.jpg -0.0716473 -0.103981 0.769027 -0.626619 0.471367 1.5109 0.286661
data/frame-000036.color.jpg -0.0711751 -0.11405 0.764659 -0.630257 0.423212 1.52983 0.254831
data/frame-000037.color.jpg -0.0776333 -0.11524 0.76511 -0.628728 0.418439 1.53705 0.25967
data/frame-000038.color.jpg -0.0751632 -0.107512 0.761079 -0.635256 0.400299 1.53887 0.251453
data/frame-000039.color.jpg -0.0791447 -0.109512 0.758782 -0.637176 0.390254 1.5438 0.245966
data/frame-000040.color.jpg -0.0822829 -0.109963 0.757822 -0.637843 0.389042 1.53664 0.244536
data/frame-000041.color.jpg -0.0902158 -0.132839 0.762221 -0.627083 0.309808 1.53662 0.292446
data/frame-000042.color.jpg -0.0932512 -0.140082 0.762686 -0.624493 0.283888 1.53216 0.300657
data/frame-000043.color.jpg -0.0951192 -0.149573 0.760204 -0.625036 0.218332 1.53115 0.30443
data/frame-000044.color.jpg -0.100371 -0.153227 0.756992 -0.627224 0.190724 1.52983 0.293621
data/frame-000045.color.jpg -0.104643 -0.155516 0.754875 -0.628513 0.172914 1.53077 0.287977
data/frame-000046.color.jpg -0.1097 -0.158902 0.75012 -0.632484 0.147189 1.5335 0.27399
data/frame-000047.color.jpg -0.117167 -0.165639 0.745645 -0.634704 0.124407 1.53324 0.267139
data/frame-000048.color.jpg -0.118112 -0.166846 0.746813 -0.632837 0.110018 1.53216 0.278962
data/frame-000049.color.jpg -0.117176 -0.16715 0.748189 -0.631303 0.0945387 1.53095 0.289345
data/frame-000050.color.jpg -0.119267 -0.169758 0.745889 -0.632935 0.0753178 1.52735 0.28876
data/frame-000051.color.jpg -0.116814 -0.166728 0.744889 -0.635372 0.0644496 1.52442 0.289906
data/frame-000052.color.jpg -0.11816 -0.164162 0.744529 -0.636212 0.0591083 1.52473 0.29628
data/frame-000053.color.jpg -0.118747 -0.160568 0.744999 -0.63647 0.0595524 1.52379 0.299994
data/frame-000054.color.jpg -0.122272 -0.159454 0.743823 -0.637457 0.0540877 1.51593 0.300005
data/frame-000055.color.jpg -0.122793 -0.15776 0.746168 -0.635033 0.0565635 1.5133 0.315996
data/frame-000056.color.jpg -0.119103 -0.150059 0.752124 -0.63056 0.0586191 1.5084 0.328382
data/frame-000057.color.jpg -0.114578 -0.135945 0.753653 -0.63277 0.0706131 1.50327 0.315192
data/frame-000058.color.jpg -0.104586 -0.126176 0.756304 -0.63336 0.0630158 1.50587 0.306904
data/frame-000059.color.jpg -0.0966325 -0.112859 0.761848 -0.630486 0.0683419 1.50718 0.300418
data/frame-000060.color.jpg -0.0889102 -0.104713 0.769127 -0.624158 0.0633438 1.49899 0.313199
data/frame-000061.color.jpg -0.0940069 -0.100606 0.766216 -0.627658 0.0698244 1.49782 0.28505
data/frame-000062.color.jpg -0.100857 -0.130449 0.766436 -0.620796 -0.010008 1.48987 0.294179
data/frame-000063.color.jpg -0.103274 -0.139621 0.766566 -0.618238 -0.0374863 1.48756 0.299886
data/frame-000064.color.jpg -0.108466 -0.152019 0.766069 -0.615032 -0.0811466 1.47656 0.311493
data/frame-000065.color.jpg -0.11072 -0.157971 0.765649 -0.613651 -0.100092 1.47527 0.315098
data/frame-000066.color.jpg -0.116538 -0.164925 0.763447 -0.613488 -0.120318 1.46884 0.315953
data/frame-000067.color.jpg -0.120939 -0.174475 0.760145 -0.614094 -0.141439 1.46175 0.309436
data/frame-000068.color.jpg -0.126051 -0.178228 0.760095 -0.612048 -0.146919 1.46388 0.316844
data/frame-000069.color.jpg -0.127244 -0.178401 0.761651 -0.609812 -0.153112 1.46086 0.324562
data/frame-000070.color.jpg -0.126449 -0.178927 0.762166 -0.609178 -0.166402 1.45582 0.325501
data/frame-000071.color.jpg -0.12449 -0.17788 0.765017 -0.606308 -0.170002 1.45318 0.332155
data/frame-000072.color.jpg -0.122416 -0.178782 0.767298 -0.603578 -0.181453 1.44708 0.339101
data/frame-000073.color.jpg -0.119379 -0.173405 0.769607 -0.602814 -0.184261 1.44432 0.340291
data/frame-000074.color.jpg -0.118932 -0.169114 0.771037 -0.602294 -0.183259 1.44418 0.342313
data/frame-000075.color.jpg -0.120015 -0.164959 0.77572 -0.597197 -0.176935 1.43418 0.356323
data/frame-000076.color.jpg -0.10255 -0.159425 0.797193 -0.573193 -0.180433 1.39186 0.432452
data/frame-000077.color.jpg -0.102042 -0.159746 0.800243 -0.568928 -0.178401 1.37858 0.445049
data/frame-000078.color.jpg -0.0987272 -0.156965 0.809464 -0.557121 -0.167209 1.35623 0.487225
data/frame-000079.color.jpg -0.0836351 -0.149083 0.82556 -0.537801 -0.170756 1.31599 0.548456
data/frame-000080.color.jpg -0.0740535 -0.148441 0.834384 -0.525628 -0.183065 1.28634 0.587385
data/frame-000081.color.jpg -0.062322 -0.142046 0.843937 -0.513527 -0.187718 1.25714 0.626752
data/frame-000082.color.jpg -0.0453185 -0.133122 0.85173 -0.504758 -0.205137 1.23065 0.654909
data/frame-000083.color.jpg -0.0318664 -0.125032 0.854859 -0.502562 -0.225557 1.21639 0.65561
data/frame-000084.color.jpg -0.00935809 -0.117472 0.866851 -0.484439 -0.259827 1.17599 0.692313
data/frame-000085.color.jpg 0.00451274 -0.110702 0.87706 -0.46743 -0.278213 1.14134 0.727188
data/frame-000086.color.jpg 0.0152114 -0.110949 0.885976 -0.450006 -0.298391 1.10685 0.759994
data/frame-000087.color.jpg 0.0281947 -0.0977893 0.900076 -0.42368 -0.305035 1.05581 0.804338
data/frame-000088.color.jpg 0.0312136 -0.0806732 0.908114 -0.40969 -0.292583 1.02513 0.818302
data/frame-000089.color.jpg 0.0303509 -0.0640764 0.919088 -0.387622 -0.275004 0.981194 0.860411
data/frame-000090.color.jpg 0.0326226 -0.0598022 0.92143 -0.382526 -0.276823 0.959338 0.864312
data/frame-000091.color.jpg 0.0392209 -0.0461923 0.914653 -0.399673 -0.275664 0.987604 0.816963
data/frame-000092.color.jpg 0.0405129 0.016605 0.90009 -0.433499 -0.211614 1.10378 0.744861
data/frame-000093.color.jpg 0.06285 0.070258 0.890038 -0.446033 -0.181639 1.15291 0.697493
data/frame-000094.color.jpg 0.0926328 0.106979 0.870707 -0.471004 -0.196194 1.21985 0.616993
data/frame-000095.color.jpg 0.116027 0.132483 0.852849 -0.491564 -0.200865 1.27781 0.551498
data/frame-000096.color.jpg 0.12966 0.151481 0.842916 -0.499735 -0.195272 1.30655 0.516198
data/frame-000097.color.jpg 0.143417 0.170115 0.833838 -0.50518 -0.185943 1.32532 0.491933
data/frame-000098.color.jpg 0.162166 0.195592 0.825218 -0.504441 -0.184543 1.33955 0.473386
data/frame-000099.color.jpg 0.180362 0.219355 0.81397 -0.506761 -0.168946 1.36051 0.448998
data/frame-000100.color.jpg 0.194507 0.237899 0.803249 -0.510257 -0.154154 1.3799 0.434551
data/frame-000101.color.jpg 0.204332 0.255564 0.794268 -0.511932 -0.123059 1.39322 0.424736
data/frame-000102.color.jpg 0.207778 0.283432 0.788352 -0.50497 -0.0570899 1.39809 0.438123
data/frame-000103.color.jpg 0.213059 0.290578 0.786693 -0.501283 -0.0414119 1.40837 0.42108
data/frame-000104.color.jpg 0.227173 0.287543 0.783013 -0.502596 -0.0632826 1.40066 0.379446
data/frame-000105.color.jpg 0.229761 0.309405 0.775655 -0.499838 0.0102414 1.43046 0.36348
data/frame-000106.color.jpg 0.246133 0.344657 0.75622 -0.49876 0.127609 1.44826 0.34092
data/frame-000107.color.jpg 0.268202 0.370028 0.744585 -0.48656 0.195203 1.44772 0.34723
data/frame-000108.color.jpg 0.276864 0.385899 0.735214 -0.48362 0.261301 1.45573 0.351507
data/frame-000109.color.jpg 0.286545 0.411545 0.726815 -0.469322 0.310823 1.44164 0.395739
data/frame-000110.color.jpg 0.300948 0.429294 0.71364 -0.464603 0.32737 1.43253 0.409492
data/frame-000111.color.jpg 0.312115 0.458257 0.706631 -0.43961 0.300093 1.41111 0.465692
data/frame-000112.color.jpg 0.321235 0.477783 0.696089 -0.428943 0.273514 1.4001 0.479306
data/frame-000113.color.jpg 0.323238 0.495474 0.694878 -0.408861 0.212395 1.37769 0.525552
data/frame-000114.color.jpg 0.332846 0.519574 0.686408 -0.384839 0.168429 1.35587 0.554923
data/frame-000115.color.jpg 0.33281 0.531284 0.678396 -0.383085 0.166066 1.36039 0.548501
data/frame-000116.color.jpg 0.331198 0.532173 0.676809 -0.386044 0.145711 1.36012 0.528953
data/frame-000117.color.jpg 0.326454 0.539998 0.68018 -0.373075 0.115458 1.3445 0.549773
data/frame-000118.color.jpg 0.325915 0.557027 0.672281 -0.362683 0.117827 1.34189 0.563633
data/frame-000119.color.jpg 0.329674 0.570482 0.661518 -0.358134 0.114611 1.3436 0.5599
data/frame-000120.color.jpg 0.331172 0.577014 0.655138 -0.358014 0.117976 1.34098 0.558468
data/frame-000121.color.jpg 0.320427 0.599973 0.655163 -0.328818 0.103121 1.2836 0.629529
data/frame-000122.color.jpg 0.31558 0.611637 0.650171 -0.321848 0.116247 1.26913 0.650411
data/frame-000123.color.jpg 0.307014 0.625706 0.65027 -0.302298 0.111829 1.23054 0.704057
data/frame-000124.color.jpg 0.301943 0.632372 0.648661 -0.296944 0.113609 1.21403 0.724506
data/frame-000125.color.jpg 0.297916 0.628191 0.655469 -0.294927 0.108783 1.19319 0.746256
data/frame-000126.color.jpg 0.297607 0.630612 0.650753 -0.300465 0.142766 1.19322 0.751034
data/frame-000127.color.jpg 0.297199 0.639053 0.642622 -0.300536 0.176121 1.18165 0.767583
data/frame-000128.color.jpg 0.286053 0.651309 0.635553 -0.300072 0.25204 1.12976 0.825908
data/frame-000129.color.jpg 0.296011 0.652872 0.633161 -0.291963 0.24054 1.11067 0.852753
data/frame-000130.color.jpg 0.304196 0.654456 0.626587 -0.294179 0.245493 1.1105 0.849179
data/frame-000131.color.jpg 0.305431 0.659949 0.621443 -0.291526 0.243816 1.10832 0.860634
data/frame-000132.color.jpg 0.325876 0.677443 0.59783 -0.278344 0.214396 1.11509 0.861747
data/frame-000133.color.jpg 0.338939 0.687715 0.579728 -0.275832 0.209047 1.13084 0.849812
data/frame-000134.color.jpg 0.359141 0.703409 0.552476 -0.266466 0.187138 1.14348 0.840989
data/frame-000135.color.jpg 0.367766 0.713269 0.538293 -0.257363 0.173075 1.14093 0.844029
data/frame-000136.color.jpg 0.377815 0.726089 0.51452 -0.255577 0.172496 1.16112 0.83399
data/frame-000137.color.jpg 0.382604 0.728605 0.510129 -0.250036 0.14596 1.16806 0.829499
data/frame-000138.color.jpg 0.390592 0.735619 0.499986 -0.237311 0.100238 1.17383 0.819858
data/frame-000139.color.jpg 0.388442 0.739679 0.496888 -0.234711 0.0755111 1.18305 0.818478
data/frame-000140.color.jpg 0.392215 0.741991 0.49181 -0.231819 0.0484566 1.19522 0.794877
data/frame-000141.color.jpg 0.395743 0.740173 0.492126 -0.230961 0.025176 1.21096 0.769504
data/frame-000142.color.jpg 0.405471 0.728144 0.497036 -0.241565 -0.00213375 1.23825 0.718106
data/frame-000143.color.jpg 0.41212 0.718593 0.502445 -0.247648 -0.023865 1.2583 0.691096
data/frame-000144.color.jpg 0.42006 0.715236 0.497933 -0.25308 -0.0272994 1.28767 0.663196
data/frame-000145.color.jpg 0.439814 0.717112 0.476224 -0.255979 -0.0193918 1.33128 0.607292
data/frame-000146.color.jpg 0.459103 0.712381 0.465208 -0.255577 -0.0357559 1.36523 0.557442
data/frame-000147.color.jpg 0.468033 0.708479 0.461509 -0.256929 -0.0384282 1.38607 0.530766
data/frame-000148.color.jpg 0.476634 0.702013 0.460998 -0.259768 -0.0473612 1.4029 0.502866
data/frame-000149.color.jpg 0.495305 0.688438 0.456571 -0.26883 -0.0575875 1.42898 0.436251
data/frame-000150.color.jpg 0.506988 0.680782 0.451696 -0.274718 -0.0623355 1.44057 0.393461
data/frame-000151.color.jpg 0.523101 0.676465 0.442575 -0.269977 -0.0801582 1.46495 0.344422
data/frame-000152.color.jpg 0.52762 0.676041 0.438075 -0.269584 -0.0751939 1.47111 0.322799
data/frame-000153.color.jpg 0.531338 0.68202 0.427171 -0.264677 -0.0607773 1.48781 0.304208
data/frame-000154.color.jpg 0.537479 0.703108 0.399747 -0.23866 -0.0226457 1.50429 0.295774
data/frame-000155.color.jpg 0.538333 0.72127 0.376037 -0.220369 0.00981776 1.50729 0.310781
data/frame-000156.color.jpg 0.542332 0.739049 0.34834 -0.195808 0.0301205 1.5092 0.320996
data/frame-000157.color.jpg 0.550449 0.748651 0.324613 -0.176504 0.0392803 1.51166 0.315036
data/frame-000158.color.jpg 0.55985 0.760772 0.289661 -0.154568 0.0521928 1.51306 0.312201
data/frame-000159.color.jpg 0.560505 0.770589 0.271621 -0.135085 0.0464663 1.51388 0.332952
data/frame-000160.color.jpg 0.560127 0.783292 0.244625 -0.11345 0.0592927 1.50554 0.358987
data/frame-000161.color.jpg 0.55906 0.788785 0.233354 -0.104001 0.063007 1.49862 0.374385
data/frame-000162.color.jpg 0.54857 0.800091 0.225929 -0.0887816 0.0598772 1.47494 0.424936
data/frame-000163.color.jpg 0.536281 0.81239 0.215684 -0.0768529 0.0638894 1.44632 0.471889
data/frame-000164.color.jpg 0.528081 0.820661 0.205324 -0.0740776 0.0819707 1.42702 0.497857
data/frame-000165.color.jpg 0.521062 0.828541 0.193118 -0.0686916 0.0957336 1.4115 0.528822
data/frame-000166.color.jpg 0.517441 0.831572 0.192875 -0.0595241 0.0770869 1.40131 0.546382
data/frame-000167.color.jpg 0.512649 0.837495 0.182111 -0.0512675 0.0781524 1.38408 0.567099
data/frame-000168.color.jpg 0.504819 0.844038 0.175546 -0.0440629 0.0777567 1.36411 0.59487
data/frame-000169.color.jpg 0.490908 0.855299 0.16255 -0.0324148 0.0763232 1.33258 0.639229
data/frame-000170.color.jpg 0.475829 0.864367 0.160543 -0.0261239 0.0628578 1.29812 0.675417
data/frame-000171.color.jpg 0.467382 0.867279 0.169834 -0.0232029 0.023154 1.27631 0.698988
data/frame-000172.color.jpg 0.463791 0.867828 0.176137 -0.0273406 0.0019624 1.26665 0.712323
data/frame-000173.color.jpg 0.445846 0.876277 0.178392 -0.0392051 0.00370812 1.21236 0.768973
data/frame-000174.color.jpg 0.441861 0.87831 0.178731 -0.0372168 -0.00250805 1.20095 0.788839
data/frame-000175.color.jpg 0.443201 0.877343 0.179685 -0.0394508 -0.0171309 1.18516 0.799445
data/frame-000176.color.jpg 0.443535 0.876995 0.18007 -0.0416095 -0.0191987 1.18101 0.795556
data/frame-000177.color.jpg 0.434616 0.882626 0.173032 -0.0462567 -0.000922911 1.15932 0.820337
data/frame-000178.color.jpg 0.422182 0.89048 0.164108 -0.0433081 -0.00601655 1.13006 0.844851
data/frame-000179.color.jpg 0.418102 0.89254 0.163219 -0.0438509 -0.00905779 1.11619 0.857606
data/frame-000180.color.jpg 0.408975 0.897201 0.160935 -0.0432351 -0.00385388 1.09012 0.874522
data/frame-000181.color.jpg 0.407788 0.900717 0.145868 -0.0337834 -0.00274376 1.08815 0.874304
data/frame-000182.color.jpg 0.407428 0.905866 0.114358 -0.0182117 -0.00962377 1.08994 0.871275
data/frame-000183.color.jpg 0.403485 0.911392 0.0809732 -0.00268639 -0.0212062 1.09121 0.870899
data/frame-000184.color.jpg 0.402725 0.912957 0.0653603 0.00710063 -0.0354693 1.09154 0.864735
data/frame-000185.color.jpg 0.40285 0.913711 0.0516988 0.0131072 -0.0411941 1.09829 0.857282
data/frame-000186.color.jpg 0.417449 0.90768 0.0347722 0.025377 -0.0602556 1.13265 0.816832
data/frame-000187.color.jpg 0.414967 0.908904 0.0221024 0.0347385 -0.0751959 1.13294 0.819541
data/frame-000188.color.jpg 0.412903 0.909639 0.00234717 0.0454065 -0.0887518 1.13056 0.819039
data/frame-000189.color.jpg 0.415766 0.907822 -0.0117954 0.0534683 -0.0955107 1.14008 0.80625
data/frame-000190.color.jpg 0.427707 0.90189 -0.0182108 0.0577007 -0.103179 1.16644 0.778317
data/frame-000191.color.jpg 0.442841 0.894071 -0.0175679 0.0649652 -0.124378 1.19545 0.740271
data/frame-000192.color.jpg 0.453286 0.888816 -0.017513 0.0650409 -0.125828 1.22097 0.719343
data/frame-000193.color.jpg 0.462265 0.884382 -0.0174261 0.0622502 -0.122039 1.23623 0.699513
data/frame-000194.color.jpg 0.477795 0.876458 -0.0173364 0.0568543 -0.11076 1.27284 0.665333
data/frame-000195.color.jpg 0.495234 0.866715 -0.0158838 0.0574076 -0.117837 1.30053 0.622183
data/frame-000196.color.jpg 0.508446 0.859162 -0.0133536 0.0560764 -0.117339 1.32558 0.588608
data/frame-000197.color.jpg 0.517309 0.853671 -0.0135588 0.0587669 -0.127436 1.34629 0.566377
data/frame-000198.color.jpg 0.533052 0.84318 -0.0188925 0.0674235 -0.141816 1.37214 0.521015
data/frame-000199.color.jpg 0.541074 0.837985 -0.0201136 0.0679414 -0.145005 1.38702 0.496868
data/frame-000200.color.jpg 0.567554 0.820632 -0.0187848 0.0639756 -0.138829 1.43152 0.428641
data/frame-000201.color.jpg 0.573538 0.816643 -0.0165628 0.0622397 -0.139352 1.43701 0.414719
data/frame-000202.color.jpg 0.586116 0.807868 -0.0132105 0.060359 -0.135726 1.45402 0.386681
data/frame-000203.color.jpg 0.612244 0.787771 -0.00862888 0.0670789 -0.170354 1.48652 0.305311
data/frame-000204.color.jpg 0.620312 0.781319 -0.00613816 0.0686735 -0.176543 1.49634 0.2841
data/frame-000205.color.jpg 0.623038 0.779731 -0.00444032 0.0618264 -0.161333 1.5054 0.282899
data/frame-000206.color.jpg 0.620603 0.781455 -0.00560199 0.0644131 -0.163739 1.50165 0.291073
data/frame-000207.color.jpg 0.614141 0.784898 -0.0198262 0.079828 -0.182254 1.49462 0.297448
data/frame-000208.color.jpg 0.606937 0.788324 -0.0395286 0.0927887 -0.192239 1.48607 0.306163
data/frame-000209.color.jpg 0.599721 0.792654 -0.0482591 0.0985199 -0.194339 1.48036 0.322165
data/frame-000210.color.jpg 0.593064 0.797177 -0.0539071 0.0993832 -0.193695 1.47306 0.336876
data/frame-000211.color.jpg 0.585387 0.801705 -0.0610479 0.104233 -0.200957 1.46497 0.349957
data/frame-000212.color.jpg 0.582367 0.801207 -0.0742321 0.115781 -0.210443 1.46415 0.343882
data/frame-000213.color.jpg 0.580075 0.800181 -0.0891454 0.123596 -0.207736 1.46379 0.339265
data/frame-000214.color.jpg 0.573203 0.802986 -0.101211 0.128096 -0.207184 1.45996 0.351635
data/frame-000215.color.jpg 0.564701 0.805018 -0.118522 0.13788 -0.209151 1.45534 0.358372
data/frame-000216.color.jpg 0.556268 0.806824 -0.132137 0.148795 -0.220776 1.44969 0.358522
data/frame-000217.color.jpg 0.554222 0.806482 -0.138039 0.15287 -0.22235 1.44982 0.357698
data/frame-000218.color.jpg 0.538352 0.810127 -0.158446 0.169608 -0.24196 1.43386 0.378518
data/frame-000219.color.jpg 0.521183 0.818059 -0.170194 0.173731 -0.252331 1.41337 0.416992
data/frame-000220.color.jpg 0.502177 0.827027 -0.181435 0.175859 -0.259004 1.38616 0.461166
data/frame-000221.color.jpg 0.491275 0.830083 -0.189739 0.183332 -0.270814 1.37125 0.478502
data/frame-000222.color.jpg 0.47732 0.837246 -0.19358 0.183606 -0.280917 1.34987 0.513906
data/frame-000223.color.jpg 0.466678 0.840081 -0.200777 0.190169 -0.294486 1.32796 0.531597
data/frame-000224.color.jpg 0.461033 0.840331 -0.207988 0.19502 -0.303349 1.32028 0.536111
data/frame-000225.color.jpg 0.456362 0.84187 -0.211536 0.195554 -0.303236 1.31339 0.548117
data/frame-000226.color.jpg 0.43994 0.851103 -0.214633 0.189761 -0.300502 1.28019 0.587756
data/frame-000227.color.jpg 0.420233 0.860331 -0.222121 0.184108 -0.298004 1.24124 0.630908
data/frame-000228.color.jpg 0.41007 0.864533 -0.224372 0.184614 -0.305773 1.22164 0.650219
data/frame-000229.color.jpg 0.407596 0.866382 -0.225268 0.180284 -0.295729 1.21437 0.663552
