frame-000000.color.jpg 0.409696 0.910420 0.040000 -0.041040 1.084121 3.982332 -2.656713 6.747233 0.150764
frame-000001.color.jpg 0.400811 0.913209 0.037001 -0.063481 1.018580 4.017572 -2.645879 9.355447 0.208428
frame-000002.color.jpg 0.405403 0.912234 0.029749 -0.050925 1.163059 3.980437 -2.646050 6.974828 0.155397
frame-000003.color.jpg 0.411393 0.908632 0.037611 -0.061059 1.064822 3.943803 -2.722552 7.828430 0.172921
frame-000004.color.jpg 0.410847 0.909805 0.038008 -0.044882 1.138919 3.974356 -2.663755 5.811918 0.132141
frame-000005.color.jpg 0.401660 0.912073 0.045607 -0.068643 0.979751 4.035100 -2.667779 8.681245 0.187506
frame-000006.color.jpg 0.411342 0.907831 0.045370 -0.067695 0.980691 3.955157 -2.742857 8.121675 0.181003
frame-000007.color.jpg 0.432196 0.896533 0.046256 -0.085411 0.850831 3.819340 -2.928170 11.428080 0.254443
frame-000008.color.jpg 0.435225 0.898036 0.029533 -0.056903 1.126784 3.823296 -2.873435 8.417633 0.186531
frame-000009.color.jpg 0.444728 0.894795 0.001339 -0.039451 1.397838 3.692854 -2.892184 7.922723 0.179370
frame-000010.color.jpg 0.442102 0.896678 -0.011420 -0.019621 1.588671 3.698851 -2.794837 4.316734 0.096277
frame-000011.color.jpg 0.472997 0.880935 -0.014190 -0.005080 1.632258 3.463436 -2.976556 3.259185 0.075841
frame-000012.color.jpg 0.479702 0.876700 -0.034951 0.007826 1.798252 3.403457 -2.903087 0.655197 0.018525
frame-000013.color.jpg 0.495358 0.866429 -0.051822 0.035142 1.981914 3.278213 -2.878463 1.134951 0.025801
frame-000014.color.jpg 0.507395 0.858500 -0.058213 0.046255 2.030063 3.197507 -2.907797 0.989027 0.023459
frame-000015.color.jpg 0.518488 0.850343 -0.067159 0.059802 2.125291 3.139407 -2.932361 1.318169 0.029634
frame-000016.color.jpg 0.514333 0.851579 -0.072477 0.070864 2.172723 3.178219 -2.863666 1.093151 0.024048
frame-000017.color.jpg 0.528307 0.843795 -0.069471 0.063841 2.135100 3.101141 -2.988737 0.452271 0.013306
frame-000018.color.jpg 0.545611 0.832884 -0.066273 0.064968 2.118419 2.960401 -3.126998 1.550086 0.035694
frame-000019.color.jpg 0.545796 0.831970 -0.074778 0.065882 2.190388 2.966492 -3.098245 1.035756 0.022108
frame-000020.color.jpg 0.557344 0.825339 -0.070913 0.056172 2.119371 2.861359 -3.217134 1.387138 0.032671
frame-000021.color.jpg 0.561965 0.820358 -0.077513 0.072105 2.209515 2.854823 -3.182363 1.441079 0.029944
frame-000022.color.jpg 0.569938 0.815184 -0.079693 0.065531 2.193080 2.766134 -3.257142 1.524532 0.034622
frame-000023.color.jpg 0.570860 0.812695 -0.085487 0.079604 2.260041 2.770187 -3.199770 1.588654 0.034720
frame-000024.color.jpg 0.568184 0.815232 -0.086540 0.071238 2.240215 2.789958 -3.199152 1.595621 0.034156
frame-000025.color.jpg 0.576476 0.811046 -0.077982 0.061632 2.115616 2.739241 -3.296875 1.156985 0.026343
frame-000026.color.jpg 0.579132 0.808071 -0.074430 0.078030 2.115849 2.773455 -3.273455 0.973202 0.019382
frame-000027.color.jpg 0.592485 0.798477 -0.069945 0.080648 2.069297 2.657772 -3.362008 1.662548 0.042186
frame-000028.color.jpg 0.593566 0.796311 -0.077347 0.087099 2.147065 2.660407 -3.337479 1.095699 0.028814
frame-000029.color.jpg 0.594356 0.793652 -0.091181 0.092433 2.259869 2.618497 -3.279067 1.402285 0.030834
frame-000030.color.jpg 0.586053 0.799508 -0.090899 0.095221 2.254466 2.703515 -3.220560 0.769703 0.017032
frame-000031.color.jpg 0.589766 0.796191 -0.097831 0.093195 2.287371 2.636583 -3.243359 0.804112 0.023776
frame-000032.color.jpg 0.592773 0.792565 -0.108616 0.093076 2.366840 2.560594 -3.208851 1.134894 0.024394
frame-000033.color.jpg 0.586001 0.795943 -0.120616 0.092356 2.460961 2.574977 -3.125912 0.803892 0.015585
frame-000034.color.jpg 0.584622 0.796972 -0.122743 0.089375 2.454360 2.567728 -3.120914 0.728393 0.014156
frame-000035.color.jpg 0.576105 0.801619 -0.134239 0.086539 2.515009 2.575244 -3.035069 0.774401 0.021315
frame-000036.color.jpg 0.559379 0.810987 -0.147786 0.086916 2.612575 2.636161 -2.895120 0.648000 0.017193
frame-000037.color.jpg 0.551271 0.814531 -0.155850 0.091377 2.691057 2.658996 -2.804472 0.583168 0.015050
frame-000038.color.jpg 0.548783 0.816315 -0.156383 0.089506 2.685163 2.658863 -2.790950 0.740618 0.019531
frame-000039.color.jpg 0.550647 0.817486 -0.154160 0.068844 2.628477 2.603270 -2.881465 0.593485 0.016390
frame-000040.color.jpg 0.545727 0.819869 -0.157534 0.071965 2.656160 2.619643 -2.830919 0.867307 0.023460
frame-000041.color.jpg 0.529654 0.829669 -0.158181 0.078065 2.669202 2.758061 -2.704557 0.043363 0.004364
frame-000042.color.jpg 0.514117 0.839153 -0.163010 0.070245 2.683811 2.812997 -2.625126 0.224099 0.007194
frame-000043.color.jpg 0.479955 0.855796 -0.176477 0.078186 2.790292 2.953210 -2.339210 0.582774 0.013187
frame-000044.color.jpg 0.475249 0.858588 -0.177483 0.073930 2.774600 2.965645 -2.313299 0.649679 0.015711
frame-000045.color.jpg 0.459238 0.867270 -0.179319 0.069190 2.781227 3.032083 -2.216065 0.543915 0.013751
frame-000046.color.jpg 0.452274 0.871612 -0.178019 0.063634 2.755876 3.064451 -2.191769 0.816097 0.021863
frame-000047.color.jpg 0.436146 0.879658 -0.180949 0.056881 2.764850 3.122523 -2.098644 0.709874 0.019959
frame-000048.color.jpg 0.422762 0.884532 -0.186990 0.062527 2.809668 3.156385 -1.971452 0.707057 0.018150
frame-000049.color.jpg 0.412574 0.888291 -0.192108 0.061779 2.842598 3.169145 -1.888237 0.683892 0.016125
frame-000050.color.jpg 0.404370 0.891868 -0.193589 0.059829 2.843147 3.180483 -1.827041 0.919646 0.024946
frame-000051.color.jpg 0.390097 0.896074 -0.199820 0.070344 2.908087 3.208911 -1.669435 0.490915 0.013806
frame-000052.color.jpg 0.378759 0.900492 -0.202938 0.066873 2.914161 3.237529 -1.591424 0.560117 0.013522
frame-000053.color.jpg 0.375600 0.900146 -0.209369 0.069471 2.966513 3.207037 -1.541916 0.209641 0.009352
frame-000054.color.jpg 0.371120 0.899235 -0.219018 0.075357 3.042343 3.161336 -1.465980 0.564567 0.016340
frame-000055.color.jpg 0.363876 0.900488 -0.226793 0.072669 3.077416 3.136661 -1.399547 0.412366 0.013902
frame-000056.color.jpg 0.360583 0.899665 -0.234040 0.076218 3.124046 3.089919 -1.345554 0.846125 0.023414
frame-000057.color.jpg 0.352579 0.900986 -0.241098 0.076047 3.167162 3.070574 -1.272480 0.649138 0.018483
frame-000058.color.jpg 0.349189 0.900601 -0.247380 0.076080 3.205479 3.022186 -1.240945 1.138219 0.029687
frame-000059.color.jpg 0.341823 0.900571 -0.259341 0.069797 3.262426 2.975342 -1.178661 0.403736 0.015417
frame-000060.color.jpg 0.332519 0.886389 -0.311653 0.081358 3.564779 2.671704 -0.964911 0.822537 0.027593
frame-000061.color.jpg 0.331786 0.879938 -0.325864 0.097162 3.655943 2.602673 -0.855660 0.707040 0.021785
frame-000062.color.jpg 0.328034 0.861945 -0.366423 0.123200 3.882965 2.350824 -0.584292 0.829307 0.022546
frame-000063.color.jpg 0.331160 0.833356 -0.425011 0.123355 4.130512 1.871910 -0.425170 1.202927 0.034996
frame-000064.color.jpg 0.318253 0.817231 -0.459047 0.141856 4.269399 1.673132 -0.133633 0.559423 0.008176
frame-000065.color.jpg 0.311514 0.794985 -0.497554 0.152965 4.372771 1.368142 0.101346 0.705789 0.015379
frame-000066.color.jpg 0.310791 0.773805 -0.525664 0.168260 4.415852 1.122545 0.307635 0.763555 0.010769
frame-000067.color.jpg 0.315370 0.757567 -0.544057 0.175029 4.437600 0.931432 0.397158 0.882120 0.015086
frame-000068.color.jpg 0.304982 0.744406 -0.562549 0.190749 4.449976 0.802997 0.633245 0.712205 0.015361
frame-000069.color.jpg 0.317054 0.711293 -0.594957 0.198910 4.403492 0.448787 0.746516 2.205521 0.041028
frame-000070.color.jpg 0.307802 0.700747 -0.608743 0.208911 4.367621 0.357468 0.913515 1.590762 0.029561
frame-000071.color.jpg 0.309590 0.688270 -0.619824 0.215076 4.322800 0.259511 0.991495 1.260173 0.026289
frame-000072.color.jpg 0.315486 0.687615 -0.616912 0.216963 4.277386 0.282817 0.976639 1.051558 0.021359
frame-000073.color.jpg 0.316000 0.688284 -0.615420 0.218329 4.235929 0.298000 0.967174 1.253557 0.023711
frame-000074.color.jpg 0.316662 0.684970 -0.619970 0.214891 4.189326 0.245028 0.958744 1.481697 0.028941
frame-000075.color.jpg 0.322112 0.678609 -0.626846 0.206878 4.157862 0.141109 0.910369 1.815995 0.034243
frame-000076.color.jpg 0.308315 0.672983 -0.639235 0.208362 4.092492 0.059801 1.019753 0.703997 0.013459
frame-000077.color.jpg 0.303490 0.675260 -0.640925 0.202812 4.054084 0.045518 1.002438 0.611036 0.011447
frame-000078.color.jpg 0.305461 0.683588 -0.633823 0.194086 4.012842 0.097231 0.892065 1.405639 0.024170
frame-000079.color.jpg 0.289390 0.662919 -0.664884 0.186334 3.886766 -0.153777 0.994920 1.338027 0.023481
frame-000080.color.jpg 0.276428 0.647298 -0.685577 0.185949 3.820392 -0.294457 1.093221 0.723133 0.014013
frame-000081.color.jpg 0.272865 0.650338 -0.687615 0.172598 3.795216 -0.285646 1.010837 0.756171 0.011776
frame-000082.color.jpg 0.287845 0.658709 -0.679167 0.148258 3.781804 -0.226554 0.741753 1.315336 0.016075
frame-000083.color.jpg 0.310653 0.682703 -0.651210 0.115486 3.743600 0.003032 0.308181 1.277542 0.011880
frame-000084.color.jpg 0.341808 0.748028 -0.563189 0.080251 3.549368 0.718311 -0.257746 0.368789 0.006409
frame-000085.color.jpg 0.356155 0.770811 -0.523389 0.071184 3.422562 0.998454 -0.450811 0.180348 0.003274
frame-000086.color.jpg 0.376098 0.784886 -0.487938 0.066495 3.278203 1.199745 -0.641289 0.467314 0.008961
frame-000087.color.jpg 0.371363 0.801577 -0.463515 0.068682 3.138566 1.412368 -0.655899 0.200888 0.005319
frame-000088.color.jpg 0.389413 0.815760 -0.422967 0.063175 2.962045 1.659944 -0.889440 0.371958 0.005501
frame-000089.color.jpg 0.398109 0.816653 -0.414405 0.053437 2.885660 1.708240 -1.022653 0.406635 0.007228
frame-000090.color.jpg 0.392536 0.819408 -0.414897 0.048435 2.861960 1.742288 -1.024443 0.331816 0.006508
frame-000091.color.jpg 0.393874 0.827541 -0.396915 0.049981 2.762648 1.865331 -1.071086 0.226748 0.005052
frame-000092.color.jpg 0.396273 0.846120 -0.354852 0.033593 2.462519 2.109107 -1.209307 0.569977 0.009897
frame-000093.color.jpg 0.391971 0.859912 -0.325583 0.030095 2.250922 2.278228 -1.234572 0.609992 0.010074
frame-000094.color.jpg 0.396933 0.867949 -0.297976 0.017874 2.042113 2.390840 -1.322576 0.586562 0.009981
frame-000095.color.jpg 0.397386 0.870656 -0.289644 0.012166 1.965088 2.441682 -1.355917 0.470698 0.007889
frame-000096.color.jpg 0.394027 0.869745 -0.296550 0.018530 1.978092 2.458695 -1.334319 0.389859 0.007097
frame-000097.color.jpg 0.379451 0.878355 -0.289762 0.023385 1.917539 2.564784 -1.264132 0.171203 0.002057
frame-000098.color.jpg 0.372590 0.881396 -0.288827 0.029953 1.897119 2.625606 -1.224910 0.137834 0.001587
frame-000099.color.jpg 0.370067 0.882648 -0.288457 0.027836 1.881006 2.663398 -1.233134 0.460321 0.007758
frame-000100.color.jpg 0.373182 0.878914 -0.296683 0.014978 1.904467 2.650712 -1.282112 0.035923 0.001307
frame-000101.color.jpg 0.374527 0.872528 -0.313332 0.015747 1.990571 2.599898 -1.295948 0.334820 0.006067
frame-000102.color.jpg 0.371295 0.868057 -0.328539 0.026051 2.078245 2.572081 -1.262226 0.665621 0.010819
frame-000103.color.jpg 0.357455 0.866662 -0.346426 0.033348 2.165910 2.566734 -1.154880 0.605579 0.010218
frame-000104.color.jpg 0.361139 0.864831 -0.347247 0.032646 2.130189 2.578478 -1.187065 0.479851 0.008222
frame-000105.color.jpg 0.365025 0.878823 -0.304650 0.040178 1.805308 2.749442 -1.229923 0.462991 0.006955
frame-000106.color.jpg 0.361206 0.890787 -0.274382 0.027274 1.573508 2.871494 -1.238776 0.509452 0.006954
frame-000107.color.jpg 0.373989 0.890469 -0.258862 0.013701 1.446771 2.881290 -1.348309 0.337545 0.004676
frame-000108.color.jpg 0.374378 0.891687 -0.253877 0.016805 1.394086 2.899846 -1.350968 0.252675 0.002326
frame-000109.color.jpg 0.376086 0.890003 -0.257014 0.019938 1.395578 2.890631 -1.365571 0.352051 0.002762
frame-000110.color.jpg 0.380566 0.890683 -0.245744 0.038239 1.313902 2.923595 -1.387459 0.344836 0.006730
frame-000111.color.jpg 0.382287 0.891281 -0.239987 0.043373 1.273632 2.945040 -1.399535 0.379276 0.007849
frame-000112.color.jpg 0.379956 0.894376 -0.231499 0.046183 1.210799 2.983793 -1.393811 0.524370 0.005009
frame-000113.color.jpg 0.376425 0.898119 -0.220329 0.056047 1.145022 3.042676 -1.377651 0.560826 0.011045
frame-000114.color.jpg 0.379295 0.898965 -0.210360 0.061205 1.082928 3.070394 -1.402303 0.586275 0.011448
frame-000115.color.jpg 0.383825 0.901920 -0.188698 0.060105 0.941460 3.119075 -1.448586 0.578341 0.010377
frame-000116.color.jpg 0.385856 0.904921 -0.170613 0.055900 0.816941 3.164845 -1.480127 0.533422 0.007015
frame-000117.color.jpg 0.391695 0.905559 -0.151956 0.058708 0.690467 3.190344 -1.535000 0.392379 0.005324
frame-000118.color.jpg 0.391570 0.906351 -0.147655 0.058303 0.664659 3.221515 -1.541448 0.385417 0.005651
frame-000119.color.jpg 0.397556 0.904924 -0.140077 0.058650 0.621103 3.251255 -1.603685 0.336085 0.007395
frame-000120.color.jpg 0.402536 0.904890 -0.122477 0.064328 0.505782 3.286064 -1.667546 0.294678 0.007275
frame-000121.color.jpg 0.418574 0.899065 -0.114092 0.058823 0.448847 3.279301 -1.826284 0.280198 0.005359
frame-000122.color.jpg 0.420950 0.897544 -0.120713 0.051418 0.484147 3.282974 -1.861894 0.336242 0.008094
frame-000123.color.jpg 0.419533 0.899191 -0.116788 0.042532 0.428395 3.304641 -1.862277 0.356348 0.006318
frame-000124.color.jpg 0.422906 0.899882 -0.097256 0.043631 0.265491 3.308186 -1.898845 0.473552 0.005688
frame-000125.color.jpg 0.425488 0.901513 -0.065512 0.044067 -0.007406 3.311608 -1.927397 0.474651 0.008578
frame-000126.color.jpg 0.424386 0.902867 -0.053562 0.043122 -0.114668 3.318680 -1.926661 0.575246 0.009056
frame-000127.color.jpg 0.424374 0.903360 -0.045213 0.042475 -0.186275 3.319769 -1.925131 0.689383 0.010482
frame-000128.color.jpg 0.432103 0.901061 -0.018556 0.032132 -0.410084 3.283498 -1.970404 0.597388 0.010395
frame-000129.color.jpg 0.444724 0.895504 -0.003851 0.016705 -0.540998 3.225492 -2.040950 0.637117 0.014043
frame-000130.color.jpg 0.450139 0.892834 0.012209 0.008511 -0.663952 3.190803 -2.066526 0.788639 0.018476
frame-000131.color.jpg 0.450405 0.892663 0.015458 0.006978 -0.692967 3.203781 -2.072417 0.623360 0.011963
frame-000132.color.jpg 0.454473 0.890655 0.010383 0.009012 -0.656907 3.204787 -2.121046 0.625542 0.010656
frame-000133.color.jpg 0.458444 0.888594 -0.000595 0.015158 -0.563986 3.210591 -2.167715 0.622823 0.013325
frame-000134.color.jpg 0.464346 0.885410 -0.002256 0.020655 -0.517779 3.219956 -2.228774 0.922947 0.020558
frame-000135.color.jpg 0.476149 0.879185 0.010015 0.014691 -0.596225 3.163589 -2.327092 0.797080 0.017981
frame-000136.color.jpg 0.477391 0.878384 0.017147 0.015650 -0.641009 3.167489 -2.347974 0.830484 0.017173
frame-000137.color.jpg 0.483040 0.875241 0.019140 0.016129 -0.648272 3.150293 -2.405495 0.640544 0.013959
frame-000138.color.jpg 0.487277 0.872853 0.021887 0.014489 -0.665192 3.134573 -2.445989 0.618518 0.011808
frame-000139.color.jpg 0.484638 0.874331 0.022379 0.013072 -0.660434 3.166020 -2.443243 0.525346 0.009919
frame-000140.color.jpg 0.487995 0.872506 0.017578 0.016894 -0.606156 3.166944 -2.492046 0.625249 0.012601
frame-000141.color.jpg 0.487747 0.872583 0.016546 0.020679 -0.588145 3.167749 -2.501089 0.537252 0.015123
frame-000142.color.jpg 0.486482 0.873342 0.009624 0.022705 -0.530876 3.191848 -2.493194 0.578497 0.013933
frame-000143.color.jpg 0.487240 0.872784 0.011293 0.026799 -0.541619 3.170230 -2.503227 0.468548 0.014500
frame-000144.color.jpg 0.481528 0.876117 0.002185 0.023330 -0.484655 3.218007 -2.463115 0.511888 0.011753
frame-000145.color.jpg 0.480875 0.876314 0.001751 0.028825 -0.476076 3.220274 -2.455045 0.474634 0.009825
frame-000146.color.jpg 0.480057 0.876706 -0.000515 0.030514 -0.449031 3.235792 -2.452294 0.825023 0.019657
frame-000147.color.jpg 0.481904 0.875795 0.000494 0.027421 -0.459145 3.212090 -2.471329 0.719536 0.020050
frame-000148.color.jpg 0.476897 0.878532 0.001795 0.027326 -0.467864 3.247664 -2.434261 0.790812 0.020127
frame-000149.color.jpg 0.476060 0.878932 0.003836 0.028827 -0.478980 3.252527 -2.431309 0.794263 0.021717
frame-000150.color.jpg 0.480913 0.876478 0.008155 0.021040 -0.526295 3.231984 -2.459993 0.674934 0.014323
frame-000151.color.jpg 0.484943 0.874186 0.009597 0.023160 -0.526564 3.212982 -2.500026 0.687092 0.016411
frame-000152.color.jpg 0.484832 0.874188 0.011152 0.024677 -0.528422 3.216278 -2.509250 0.655106 0.017375
frame-000153.color.jpg 0.487814 0.872559 0.009138 0.024402 -0.512305 3.196955 -2.537982 0.588877 0.016751
frame-000154.color.jpg 0.486386 0.873327 0.010000 0.025066 -0.518799 3.213280 -2.525775 0.482742 0.011005
frame-000155.color.jpg 0.489813 0.871473 0.004887 0.024374 -0.479801 3.192110 -2.561768 0.589568 0.014583
frame-000156.color.jpg 0.488625 0.872149 0.005626 0.023896 -0.488912 3.201288 -2.550061 0.570125 0.011666
frame-000157.color.jpg 0.487705 0.872558 0.004954 0.027620 -0.470434 3.212389 -2.551682 0.611010 0.016625
frame-000158.color.jpg 0.489953 0.871333 0.008404 0.025561 -0.495438 3.209247 -2.559304 0.645122 0.013151
frame-000159.color.jpg 0.493883 0.869170 0.009231 0.023182 -0.497688 3.191826 -2.594113 0.637197 0.012750
frame-000160.color.jpg 0.499397 0.866147 0.003357 0.019506 -0.450231 3.163009 -2.648207 0.646494 0.013743
frame-000161.color.jpg 0.499256 0.866237 -0.000093 0.019428 -0.409420 3.184896 -2.661071 0.576633 0.014011
frame-000162.color.jpg 0.506207 0.862283 -0.000365 0.014926 -0.396987 3.151736 -2.723121 0.642605 0.016789
frame-000163.color.jpg 0.510651 0.859706 -0.001750 0.011753 -0.384003 3.133350 -2.770722 0.587054 0.015496
frame-000164.color.jpg 0.516417 0.856224 -0.005679 0.012734 -0.350405 3.104731 -2.830799 0.540500 0.017078
frame-000165.color.jpg 0.520649 0.853444 -0.011167 0.020795 -0.285645 3.088819 -2.875941 0.506882 0.017573
frame-000166.color.jpg 0.528587 0.848294 -0.013543 0.028448 -0.257646 3.041178 -2.945995 0.500345 0.016558
frame-000167.color.jpg 0.530268 0.847134 -0.014775 0.031010 -0.238692 3.027966 -2.963754 0.625299 0.021248
frame-000168.color.jpg 0.534124 0.844631 -0.017155 0.031870 -0.217826 3.009942 -2.993307 0.608530 0.020001
frame-000169.color.jpg 0.539947 0.840941 -0.017632 0.031044 -0.209249 2.974094 -3.035268 0.911529 0.025596
frame-000170.color.jpg 0.549987 0.834633 -0.010479 0.028158 -0.263314 2.910082 -3.100445 0.947536 0.027364
frame-000171.color.jpg 0.554688 0.831726 -0.006871 0.022494 -0.300752 2.876747 -3.127439 0.905224 0.027412
frame-000172.color.jpg 0.560107 0.828351 -0.002761 0.010355 -0.361512 2.865999 -3.151776 0.526412 0.015603
frame-000173.color.jpg 0.583024 0.812363 0.003116 0.011797 -0.393044 2.663569 -3.308431 1.293528 0.040251
frame-000174.color.jpg 0.586573 0.809813 0.007743 0.008602 -0.440181 2.641116 -3.328586 1.038039 0.034119
frame-000175.color.jpg 0.585140 0.810735 0.017723 0.002342 -0.529026 2.641407 -3.311784 1.050721 0.034772
frame-000176.color.jpg 0.586792 0.809534 0.018138 0.000270 -0.531404 2.652841 -3.328522 0.714420 0.026137
frame-000177.color.jpg 0.591539 0.806089 0.017394 -0.000659 -0.526369 2.604688 -3.359609 0.970020 0.033547
frame-000178.color.jpg 0.601063 0.798898 0.021491 -0.004837 -0.565042 2.530055 -3.412560 0.883230 0.029974
frame-000179.color.jpg 0.602641 0.797532 0.024945 -0.011969 -0.599002 2.513893 -3.419100 1.011297 0.032500
frame-000180.color.jpg 0.599717 0.799456 0.029241 -0.018833 -0.641914 2.539894 -3.392994 0.832314 0.027696
frame-000181.color.jpg 0.596401 0.801116 0.040645 -0.029452 -0.749622 2.567622 -3.352563 0.474530 0.016025
frame-000182.color.jpg 0.598434 0.798765 0.051416 -0.034757 -0.827915 2.527832 -3.345875 0.697757 0.023000
frame-000183.color.jpg 0.589667 0.804156 0.061652 -0.042719 -0.897554 2.602710 -3.258882 0.995311 0.021477
frame-000184.color.jpg 0.589660 0.802660 0.074038 -0.050557 -1.016165 2.574290 -3.234906 0.514690 0.007733
frame-000185.color.jpg 0.592755 0.799446 0.080670 -0.054956 -1.073870 2.527054 -3.237929 0.261330 0.011392
frame-000186.color.jpg 0.596631 0.796273 0.084228 -0.053726 -1.081923 2.464240 -3.258021 0.963068 0.026693
frame-000187.color.jpg 0.587766 0.801668 0.093254 -0.056239 -1.160952 2.524473 -3.193430 0.727122 0.019201
frame-000188.color.jpg 0.580085 0.805871 0.102537 -0.059664 -1.225924 2.556705 -3.135660 0.987486 0.026205
frame-000189.color.jpg 0.577926 0.806012 0.112761 -0.060256 -1.318960 2.553411 -3.117762 1.162574 0.034437
frame-000190.color.jpg 0.577433 0.807473 0.111625 -0.045820 -1.294056 2.550606 -3.151324 1.192576 0.029957
frame-000191.color.jpg 0.580863 0.809579 0.079170 -0.030200 -1.037276 2.606434 -3.251850 0.347064 0.010524
frame-000192.color.jpg 0.577923 0.813868 0.058533 -0.014066 -0.872210 2.657664 -3.307685 0.286887 0.013964
frame-000193.color.jpg 0.575509 0.816907 0.037677 -0.005714 -0.716516 2.733488 -3.346469 0.684374 0.012334
frame-000194.color.jpg 0.577309 0.816196 -0.003555 0.022923 -0.343989 2.755148 -3.453975 0.212862 0.005533
frame-000195.color.jpg 0.568357 0.820496 -0.030821 0.052980 -0.044819 2.836538 -3.464582 0.302675 0.007830
frame-000196.color.jpg 0.561820 0.823236 -0.047357 0.066318 0.127541 2.902875 -3.465008 0.334800 0.005750
frame-000197.color.jpg 0.556575 0.824716 -0.063409 0.077768 0.285101 2.940963 -3.458171 0.399905 0.011517
frame-000198.color.jpg 0.550146 0.826709 -0.083897 0.082782 0.463083 2.985476 -3.434720 0.718805 0.019868
frame-000199.color.jpg 0.545328 0.827867 -0.103904 0.080355 0.617896 3.021461 -3.414932 0.662372 0.017426
frame-000200.color.jpg 0.534852 0.832027 -0.118291 0.087588 0.739936 3.084415 -3.353208 0.647931 0.019572
frame-000201.color.jpg 0.532119 0.831950 -0.127166 0.092400 0.820509 3.084604 -3.338528 0.997545 0.026244
frame-000202.color.jpg 0.517043 0.836532 -0.145058 0.108802 0.990937 3.179809 -3.221739 0.665652 0.020530
frame-000203.color.jpg 0.509407 0.836420 -0.163605 0.118914 1.145412 3.197313 -3.146688 1.049707 0.028008
frame-000204.color.jpg 0.496338 0.839341 -0.182538 0.125835 1.296325 3.261610 -3.017843 0.862067 0.023753
frame-000205.color.jpg 0.476044 0.843214 -0.210897 0.133771 1.529501 3.349816 -2.817482 0.537095 0.014244
frame-000206.color.jpg 0.474332 0.840867 -0.221581 0.137307 1.614566 3.332248 -2.789072 0.722192 0.016208
frame-000207.color.jpg 0.469734 0.839373 -0.231855 0.145074 1.716632 3.329371 -2.735618 0.556427 0.010967
frame-000208.color.jpg 0.462821 0.840341 -0.240319 0.147885 1.778543 3.352385 -2.665919 0.641719 0.011728
frame-000209.color.jpg 0.456221 0.841773 -0.246584 0.149923 1.818166 3.379537 -2.599304 0.903989 0.017381
frame-000210.color.jpg 0.451032 0.841033 -0.254887 0.155774 1.898024 3.375299 -2.549804 0.718761 0.009511
frame-000211.color.jpg 0.442558 0.843221 -0.262228 0.156070 1.948827 3.411283 -2.468874 0.643464 0.002574
frame-000212.color.jpg 0.443633 0.843798 -0.260697 0.152419 1.922635 3.412201 -2.478081 0.788914 0.006488
frame-000213.color.jpg 0.437187 0.842533 -0.272483 0.157348 1.997809 3.394040 -2.395885 0.732303 0.010497
frame-000214.color.jpg 0.424496 0.847827 -0.273747 0.161418 1.986121 3.472406 -2.285549 0.716372 0.011689
frame-000215.color.jpg 0.409243 0.849063 -0.280547 0.181400 2.043460 3.525349 -2.114964 0.674257 0.012708
frame-000216.color.jpg 0.419579 0.845413 -0.282221 0.171991 2.046615 3.454563 -2.198073 0.491224 0.007400
frame-000217.color.jpg 0.423560 0.842902 -0.287889 0.165027 2.070355 3.408689 -2.215366 0.575447 0.008020
frame-000218.color.jpg 0.428479 0.841233 -0.286025 0.164081 2.042186 3.381481 -2.246202 0.636984 0.008758
frame-000219.color.jpg 0.430585 0.839164 -0.288546 0.164745 2.062101 3.347983 -2.251512 0.575983 0.006466
frame-000220.color.jpg 0.429304 0.839527 -0.291782 0.160487 2.072319 3.340959 -2.240534 0.608012 0.008043
frame-000221.color.jpg 0.426880 0.841467 -0.290942 0.158300 2.055699 3.360428 -2.223123 0.688887 0.011840
frame-000222.color.jpg 0.422940 0.844324 -0.289196 0.156857 2.036297 3.388819 -2.198556 0.575665 0.010984
frame-000223.color.jpg 0.423234 0.843535 -0.290006 0.158804 2.051004 3.375514 -2.197589 0.599973 0.009388
frame-000224.color.jpg 0.421959 0.844783 -0.291413 0.152872 2.058510 3.374447 -2.192718 0.484062 0.008736
frame-000225.color.jpg 0.421137 0.845317 -0.291413 0.152185 2.056431 3.380064 -2.188943 0.511725 0.006760
frame-000226.color.jpg 0.414012 0.847444 -0.296227 0.150610 2.086034 3.397893 -2.126841 0.461381 0.006021
frame-000227.color.jpg 0.412568 0.847330 -0.301665 0.144284 2.112900 3.376957 -2.111459 0.423856 0.009388
frame-000228.color.jpg 0.407289 0.849074 -0.304239 0.143620 2.128290 3.395667 -2.066334 0.427215 0.006016
frame-000229.color.jpg 0.407185 0.849314 -0.303969 0.143074 2.118260 3.393604 -2.066816 0.477551 0.011094
frame-000230.color.jpg 0.404553 0.848973 -0.307506 0.144987 2.145209 3.391817 -2.038403 0.437151 0.009019
frame-000231.color.jpg 0.400864 0.848491 -0.313758 0.144663 2.188166 3.382167 -1.998819 0.391501 0.007483
frame-000232.color.jpg 0.394551 0.849454 -0.318137 0.146784 2.215635 3.403982 -1.936841 0.656888 0.012373
frame-000233.color.jpg 0.394763 0.848630 -0.319732 0.147517 2.227497 3.389946 -1.935063 0.584198 0.011938
frame-000234.color.jpg 0.391888 0.849040 -0.321864 0.148181 2.243742 3.396350 -1.910053 0.573056 0.010329
frame-000235.color.jpg 0.391958 0.848342 -0.323133 0.149229 2.254476 3.386171 -1.907213 0.389763 0.010483
frame-000236.color.jpg 0.388558 0.849126 -0.323191 0.153477 2.257497 3.410276 -1.877380 0.559482 0.009144
frame-000237.color.jpg 0.390503 0.848374 -0.321485 0.156260 2.247369 3.404881 -1.891569 0.517335 0.010343
frame-000238.color.jpg 0.391957 0.846855 -0.320789 0.162172 2.253849 3.407002 -1.903860 0.522758 0.006776
frame-000239.color.jpg 0.408888 0.837808 -0.315435 0.177167 2.248349 3.345652 -2.020588 0.282617 0.004762
frame-000240.color.jpg 0.434086 0.828891 -0.300596 0.184799 2.169621 3.291684 -2.226487 0.569100 0.011044
frame-000241.color.jpg 0.448482 0.820349 -0.297734 0.192993 2.174302 3.237800 -2.319004 0.773633 0.016081
frame-000242.color.jpg 0.451207 0.817594 -0.297172 0.199101 2.179766 3.228542 -2.326279 0.854707 0.019066
frame-000243.color.jpg 0.457358 0.813896 -0.294207 0.204547 2.169168 3.204760 -2.373036 0.816251 0.017231
frame-000244.color.jpg 0.465267 0.810153 -0.293319 0.202840 2.174644 3.155385 -2.430060 0.627359 0.012242
frame-000245.color.jpg 0.470819 0.806059 -0.294436 0.204710 2.191243 3.116230 -2.461009 0.649522 0.013198
frame-000246.color.jpg 0.474067 0.802667 -0.296925 0.206934 2.216610 3.083170 -2.473689 0.526308 0.009970
frame-000247.color.jpg 0.477945 0.796437 -0.306617 0.207949 2.288950 3.028979 -2.466577 0.654161 0.012763
frame-000248.color.jpg 0.479007 0.794580 -0.307501 0.211278 2.291505 3.026873 -2.459334 0.679916 0.013890
frame-000249.color.jpg 0.484357 0.791298 -0.308979 0.209232 2.302545 2.985713 -2.489736 0.786861 0.015563
frame-000250.color.jpg 0.494677 0.786014 -0.303964 0.212325 2.282802 2.934790 -2.561321 0.655503 0.013775
frame-000251.color.jpg 0.500849 0.781673 -0.304756 0.212748 2.297800 2.888241 -2.593568 0.560218 0.011949
frame-000252.color.jpg 0.503942 0.777607 -0.307871 0.215836 2.331853 2.856869 -2.592924 0.513577 0.009989
frame-000253.color.jpg 0.505539 0.777579 -0.305407 0.215703 2.310318 2.862159 -2.603665 0.709670 0.014667
frame-000254.color.jpg 0.509557 0.772163 -0.308680 0.220981 2.357311 2.813821 -2.603199 0.346361 0.005293
frame-000255.color.jpg 0.517686 0.770112 -0.301281 0.219452 2.295707 2.786638 -2.677863 0.722195 0.017524
frame-000256.color.jpg 0.522149 0.766549 -0.299071 0.224318 2.296647 2.768328 -2.699544 0.708006 0.015614
frame-000257.color.jpg 0.527874 0.763228 -0.295273 0.227257 2.281657 2.730536 -2.737016 0.527702 0.011741
frame-000258.color.jpg 0.531117 0.762178 -0.290596 0.229244 2.245479 2.732224 -2.766603 0.791057 0.018068
frame-000259.color.jpg 0.534971 0.759515 -0.290410 0.229356 2.257967 2.706991 -2.785163 0.556809 0.012490
frame-000260.color.jpg 0.540879 0.757903 -0.289429 0.221956 2.236082 2.669708 -2.834918 0.722805 0.020227
frame-000261.color.jpg 0.546471 0.754470 -0.287332 0.222676 2.239072 2.623381 -2.866975 0.380251 0.012390
frame-000262.color.jpg 0.552172 0.750295 -0.285533 0.225019 2.243626 2.586895 -2.891351 0.200726 0.004070
frame-000263.color.jpg 0.549741 0.750533 -0.287936 0.227108 2.259766 2.608119 -2.868184 0.392300 0.009229
frame-000264.color.jpg 0.556513 0.743862 -0.288094 0.232304 2.276943 2.550182 -2.897475 0.351408 0.008657
frame-000265.color.jpg 0.561506 0.740440 -0.287196 0.232331 2.266801 2.517023 -2.925226 0.575118 0.012473
frame-000266.color.jpg 0.564138 0.738235 -0.287111 0.233077 2.269513 2.500454 -2.939188 0.676333 0.014721
frame-000267.color.jpg 0.565407 0.735392 -0.288456 0.237291 2.298210 2.484417 -2.933254 0.651481 0.013155
frame-000268.color.jpg 0.574035 0.729980 -0.282933 0.239919 2.266834 2.424034 -2.999376 0.548395 0.013508
frame-000269.color.jpg 0.575575 0.729111 -0.282257 0.239671 2.260122 2.409782 -3.002418 0.432124 0.010169
frame-000270.color.jpg 0.574229 0.728646 -0.283117 0.243270 2.273216 2.417700 -2.987736 0.466391 0.010818
frame-000271.color.jpg 0.577950 0.725096 -0.281970 0.246380 2.279649 2.383884 -3.003854 0.305247 0.007504
frame-000272.color.jpg 0.577785 0.724341 -0.282160 0.248758 2.288858 2.383002 -2.997931 0.328925 0.006860
frame-000273.color.jpg 0.579690 0.723614 -0.281902 0.246727 2.282017 2.372370 -3.018152 0.453335 0.013097
frame-000274.color.jpg 0.583638 0.720225 -0.279428 0.250125 2.280180 2.346689 -3.038413 0.367701 0.009756
frame-000275.color.jpg 0.588803 0.716787 -0.275825 0.251888 2.259169 2.322203 -3.077392 0.680059 0.017638
frame-000276.color.jpg 0.598166 0.708083 -0.276460 0.253744 2.287036 2.227861 -3.115500 0.329190 0.008303
frame-000277.color.jpg 0.606852 0.699189 -0.271551 0.262918 2.280958 2.156229 -3.167368 0.454973 0.015679
frame-000278.color.jpg 0.607517 0.695154 -0.269372 0.274085 2.305441 2.150028 -3.156409 0.250940 0.008347
frame-000279.color.jpg 0.608742 0.692400 -0.272360 0.275383 2.346508 2.134347 -3.142796 0.418357 0.006983
frame-000280.color.jpg 0.614534 0.689083 -0.272520 0.270640 2.347927 2.088079 -3.178087 0.667250 0.013326
frame-000281.color.jpg 0.624327 0.683193 -0.262151 0.273386 2.286630 2.015798 -3.253450 0.244958 0.004650
frame-000282.color.jpg 0.623421 0.680589 -0.259997 0.283808 2.297620 2.014883 -3.241997 0.289453 0.011478
frame-000283.color.jpg 0.626029 0.675609 -0.257888 0.291776 2.315339 1.996664 -3.245146 0.216277 0.007550
frame-000284.color.jpg 0.626470 0.673666 -0.253456 0.299113 2.304933 2.000098 -3.249345 0.249014 0.008843
frame-000285.color.jpg 0.630118 0.672440 -0.250230 0.296917 2.272121 1.976415 -3.286617 0.261799 0.009667
frame-000286.color.jpg 0.635242 0.666214 -0.246815 0.302837 2.280961 1.920451 -3.307377 0.431060 0.014457
frame-000287.color.jpg 0.639794 0.661976 -0.244951 0.304057 2.272743 1.874625 -3.334513 0.610260 0.021209
frame-000288.color.jpg 0.642955 0.658258 -0.244317 0.305964 2.283866 1.848459 -3.339670 0.341343 0.014477
frame-000289.color.jpg 0.647144 0.654696 -0.238716 0.309180 2.253829 1.820759 -3.379655 0.603793 0.020340
frame-000290.color.jpg 0.648390 0.651643 -0.240074 0.311956 2.279037 1.808988 -3.363458 0.315969 0.010033
frame-000291.color.jpg 0.651585 0.648444 -0.239706 0.312246 2.286195 1.776233 -3.380862 0.261591 0.012567
frame-000292.color.jpg 0.659924 0.643283 -0.235122 0.308878 2.245924 1.706602 -3.447632 0.651993 0.026848
frame-000293.color.jpg 0.669090 0.630044 -0.229987 0.320107 2.274548 1.590208 -3.466544 0.611813 0.022469
frame-000294.color.jpg 0.670957 0.623732 -0.232867 0.326416 2.330222 1.562780 -3.441667 0.244675 0.013896
frame-000295.color.jpg 0.676284 0.620611 -0.228102 0.324732 2.296577 1.526011 -3.475516 0.176065 0.008907
frame-000296.color.jpg 0.681248 0.615884 -0.225729 0.325014 2.283347 1.467865 -3.504105 0.562564 0.017215
frame-000297.color.jpg 0.684924 0.610415 -0.232675 0.322700 2.338269 1.423598 -3.491579 0.250367 0.009382
frame-000298.color.jpg 0.689020 0.605831 -0.230243 0.324358 2.331532 1.367968 -3.510892 0.616045 0.024426
frame-000299.color.jpg 0.690475 0.604174 -0.228841 0.325345 2.329417 1.358755 -3.517742 0.434158 0.020652
frame-000300.color.jpg 0.690969 0.604813 -0.226317 0.324874 2.297640 1.361964 -3.530972 0.705935 0.025046
frame-000301.color.jpg 0.692903 0.602764 -0.225537 0.325106 2.294984 1.348725 -3.540465 0.588541 0.022454
frame-000302.color.jpg 0.693041 0.601306 -0.224244 0.328390 2.296910 1.355793 -3.540299 0.733965 0.020859
frame-000303.color.jpg 0.694866 0.598233 -0.223678 0.330524 2.306523 1.328434 -3.541426 0.648273 0.023578
frame-000304.color.jpg 0.697625 0.592762 -0.221649 0.335892 2.323385 1.294971 -3.540977 0.452995 0.019628
frame-000305.color.jpg 0.701041 0.590415 -0.218135 0.335215 2.289420 1.259801 -3.570391 0.882778 0.033627
frame-000306.color.jpg 0.701612 0.588302 -0.219578 0.336790 2.316806 1.257376 -3.558298 0.380841 0.021425
frame-000307.color.jpg 0.703796 0.586286 -0.217016 0.337407 2.304676 1.235168 -3.567466 0.561263 0.023922
frame-000308.color.jpg 0.705171 0.583819 -0.216814 0.338940 2.315887 1.210575 -3.563277 0.740593 0.028421
frame-000309.color.jpg 0.703367 0.586492 -0.216424 0.338323 2.296705 1.246908 -3.574079 0.750615 0.028709
frame-000310.color.jpg 0.704422 0.582865 -0.215152 0.343173 2.319795 1.219422 -3.559175 0.765205 0.027966
frame-000311.color.jpg 0.704826 0.583730 -0.216973 0.339708 2.317889 1.223123 -3.561191 0.534342 0.023703
frame-000312.color.jpg 0.705081 0.584146 -0.215587 0.339346 2.305222 1.217275 -3.565204 0.713122 0.029797
frame-000313.color.jpg 0.706306 0.584089 -0.214129 0.337817 2.297073 1.205922 -3.575164 0.731707 0.028509
frame-000314.color.jpg 0.702790 0.588168 -0.212922 0.338836 2.277397 1.256301 -3.567454 0.815998 0.026508
frame-000315.color.jpg 0.704417 0.587344 -0.211285 0.337909 2.253101 1.238345 -3.580101 1.091053 0.035943
frame-000316.color.jpg 0.704736 0.585866 -0.213597 0.338354 2.279722 1.227698 -3.565922 0.860632 0.033440
frame-000317.color.jpg 0.705367 0.583685 -0.218083 0.337950 2.321748 1.211604 -3.530629 0.659471 0.030168
frame-000318.color.jpg 0.701121 0.587144 -0.220520 0.339209 2.339556 1.256410 -3.489770 0.798074 0.037710
frame-000319.color.jpg 0.691471 0.595459 -0.231527 0.337181 2.407357 1.339603 -3.402401 1.297019 0.059866
frame-000320.color.jpg 0.681032 0.609388 -0.237347 0.329406 2.383825 1.463140 -3.382047 0.668732 0.035342
frame-000321.color.jpg 0.673202 0.618347 -0.249889 0.319377 2.432356 1.520211 -3.342045 0.475525 0.028468
frame-000322.color.jpg 0.670681 0.623078 -0.259636 0.307489 2.475686 1.535045 -3.323617 0.578275 0.024743
frame-000323.color.jpg 0.652110 0.638061 -0.266645 0.310693 2.514569 1.693449 -3.223591 0.530650 0.033623
frame-000324.color.jpg 0.630235 0.660579 -0.274443 0.301861 2.493691 1.897980 -3.132933 0.346099 0.019864
frame-000325.color.jpg 0.618762 0.671633 -0.279597 0.296424 2.493039 2.004319 -3.078901 0.329302 0.013006
frame-000326.color.jpg 0.608330 0.682217 -0.285108 0.288493 2.486528 2.086691 -3.031405 0.508740 0.015882
frame-000327.color.jpg 0.599698 0.690296 -0.285973 0.286486 2.470994 2.152267 -2.997060 0.513440 0.013699
frame-000328.color.jpg 0.595944 0.695210 -0.286398 0.281977 2.449689 2.174412 -2.993149 0.671220 0.019602
frame-000329.color.jpg 0.585521 0.703575 -0.288510 0.280908 2.446492 2.276031 -2.933949 0.715690 0.018041
frame-000330.color.jpg 0.585945 0.705150 -0.285165 0.279489 2.416486 2.259979 -2.952006 0.664551 0.018595
frame-000331.color.jpg 0.577511 0.713518 -0.284018 0.276960 2.384259 2.347002 -2.919475 0.752864 0.016476
frame-000332.color.jpg 0.577005 0.717361 -0.278447 0.273724 2.333770 2.356818 -2.935081 0.543714 0.012871
frame-000333.color.jpg 0.572726 0.721599 -0.279124 0.270867 2.322538 2.386631 -2.910249 0.534668 0.013884
frame-000334.color.jpg 0.565194 0.729390 -0.281161 0.263617 2.307891 2.437764 -2.871606 0.469078 0.009176
frame-000335.color.jpg 0.557142 0.735507 -0.285552 0.259003 2.326983 2.489839 -2.810972 0.463958 0.011902
frame-000336.color.jpg 0.547687 0.748646 -0.284298 0.242370 2.238761 2.575328 -2.780662 0.701052 0.016088
frame-000337.color.jpg 0.536469 0.760863 -0.281318 0.232699 2.161988 2.664189 -2.733700 0.840607 0.021774
frame-000338.color.jpg 0.529733 0.768418 -0.280196 0.224515 2.129033 2.706152 -2.696342 0.590042 0.015396
frame-000339.color.jpg 0.523805 0.775326 -0.280900 0.213526 2.095616 2.742313 -2.655887 0.765281 0.024966
frame-000340.color.jpg 0.519967 0.780741 -0.272962 0.213470 2.030019 2.755649 -2.639506 0.538559 0.022628
frame-000341.color.jpg 0.511369 0.791668 -0.271386 0.195225 1.962490 2.812907 -2.606067 0.582031 0.017750
frame-000342.color.jpg 0.511942 0.792266 -0.274348 0.186985 1.966847 2.791698 -2.612753 0.524919 0.014568
frame-000343.color.jpg 0.491073 0.799420 -0.297218 0.177302 2.079286 2.832241 -2.421054 0.621798 0.023996
frame-000344.color.jpg 0.467832 0.807611 -0.298023 0.200201 2.096201 2.953959 -2.243034 0.536859 0.015578
frame-000345.color.jpg 0.470317 0.808243 -0.291503 0.201423 2.058752 2.954821 -2.280729 0.238603 0.006643
frame-000346.color.jpg 0.469969 0.811412 -0.284692 0.199225 1.982899 2.978719 -2.289994 0.446119 0.010702
frame-000347.color.jpg 0.461369 0.816515 -0.282802 0.201156 1.941372 3.029427 -2.226822 0.525590 0.014947
frame-000348.color.jpg 0.453113 0.823379 -0.283451 0.190761 1.896779 3.067717 -2.182022 0.389090 0.009438
frame-000349.color.jpg 0.451705 0.826996 -0.285094 0.175390 1.856068 3.057246 -2.178106 0.328458 0.008301
frame-000350.color.jpg 0.445679 0.832331 -0.286660 0.162550 1.803344 3.074134 -2.139330 0.564980 0.013571
frame-000351.color.jpg 0.439312 0.837112 -0.285034 0.158128 1.746426 3.098017 -2.092826 0.615693 0.016002
frame-000352.color.jpg 0.434641 0.841565 -0.281447 0.153759 1.694733 3.122206 -2.067446 0.633610 0.016409
frame-000353.color.jpg 0.431374 0.842328 -0.283655 0.154726 1.703482 3.116837 -2.037860 0.406308 0.010649
frame-000354.color.jpg 0.423776 0.845934 -0.286123 0.151468 1.697212 3.144304 -1.978131 0.612759 0.014963
frame-000355.color.jpg 0.407867 0.850502 -0.299051 0.144426 1.747721 3.174766 -1.847597 0.795968 0.019906
frame-000356.color.jpg 0.403556 0.849574 -0.307859 0.143488 1.792653 3.148437 -1.812039 0.627577 0.016493
frame-000357.color.jpg 0.397492 0.849605 -0.316850 0.140636 1.835947 3.140296 -1.757939 0.588356 0.015222
frame-000358.color.jpg 0.396200 0.847460 -0.323754 0.141494 1.858161 3.107645 -1.730314 0.586816 0.016785
frame-000359.color.jpg 0.391794 0.845666 -0.333067 0.142872 1.911149 3.082911 -1.680925 0.461810 0.013402
frame-000360.color.jpg 0.391781 0.841414 -0.346201 0.136656 1.988725 3.026363 -1.649741 0.543588 0.013302
frame-000361.color.jpg 0.384195 0.839516 -0.358149 0.139059 2.055350 3.002256 -1.564254 0.789290 0.021650
frame-000362.color.jpg 0.374407 0.824994 -0.391383 0.161316 2.298002 2.886568 -1.401994 0.513172 0.015218
frame-000363.color.jpg 0.367656 0.818635 -0.408538 0.166623 2.416972 2.822259 -1.306480 0.302869 0.009010
frame-000364.color.jpg 0.369988 0.815028 -0.414621 0.164096 2.461072 2.774673 -1.306085 0.366872 0.012663
frame-000365.color.jpg 0.380202 0.811230 -0.414475 0.159882 2.471865 2.725017 -1.366969 0.375504 0.011362
frame-000366.color.jpg 0.377804 0.811415 -0.413019 0.168181 2.459105 2.732710 -1.323572 0.494644 0.012243
frame-000367.color.jpg 0.378071 0.807952 -0.418089 0.171690 2.484028 2.687429 -1.298050 0.353053 0.011036
frame-000368.color.jpg 0.373977 0.813919 -0.412728 0.165324 2.413188 2.718512 -1.281375 0.403848 0.012955
frame-000369.color.jpg 0.377915 0.819429 -0.399990 0.160392 2.303327 2.743938 -1.329483 0.571903 0.014961
frame-000370.color.jpg 0.376896 0.838825 -0.364268 0.147077 2.009619 2.878061 -1.390350 0.568658 0.014775
frame-000371.color.jpg 0.379267 0.842414 -0.355795 0.141084 1.926632 2.892993 -1.414760 0.474286 0.012143
frame-000372.color.jpg 0.380514 0.844987 -0.350319 0.135950 1.868920 2.892001 -1.431084 0.459186 0.011976
frame-000373.color.jpg 0.376324 0.849517 -0.344843 0.133353 1.815896 2.912589 -1.412456 0.354088 0.012233
frame-000374.color.jpg 0.372144 0.853707 -0.341613 0.126463 1.772678 2.938187 -1.387902 0.508285 0.011771
frame-000375.color.jpg 0.370018 0.854822 -0.340587 0.127935 1.752822 2.937670 -1.372090 0.576296 0.013687
frame-000376.color.jpg 0.367155 0.854982 -0.342961 0.128767 1.754439 2.932598 -1.347747 0.595460 0.013594
frame-000377.color.jpg 0.361845 0.854634 -0.349525 0.128461 1.783340 2.921547 -1.301471 0.559635 0.013020
frame-000378.color.jpg 0.355784 0.853945 -0.357620 0.127688 1.825806 2.904212 -1.249883 0.670866 0.012868
frame-000379.color.jpg 0.349571 0.854168 -0.363579 0.126522 1.853632 2.897054 -1.200833 0.747024 0.012187
frame-000380.color.jpg 0.343309 0.855958 -0.366316 0.123641 1.857028 2.911678 -1.156664 0.798732 0.015075
frame-000381.color.jpg 0.340527 0.852537 -0.376214 0.125242 1.925716 2.872927 -1.131497 0.395340 0.010574
frame-000382.color.jpg 0.337269 0.852042 -0.382269 0.118930 1.955267 2.858006 -1.106824 0.479288 0.009890
frame-000383.color.jpg 0.333641 0.850549 -0.389403 0.116682 1.994109 2.840153 -1.077690 0.532038 0.010856
frame-000384.color.jpg 0.331425 0.847898 -0.397137 0.116227 2.035997 2.816388 -1.052965 0.557340 0.010047
frame-000385.color.jpg 0.330010 0.846472 -0.401048 0.117212 2.056139 2.805041 -1.036653 0.510010 0.009794
frame-000386.color.jpg 0.331097 0.842633 -0.408097 0.117481 2.091570 2.774508 -1.028286 0.827748 0.015597
frame-000387.color.jpg 0.335623 0.832014 -0.421196 0.133053 2.174370 2.703435 -1.019372 0.468766 0.009590
frame-000388.color.jpg 0.344530 0.818170 -0.433931 0.153623 2.262658 2.616654 -1.023140 0.150405 0.003601
frame-000389.color.jpg 0.356577 0.808510 -0.440354 0.158909 2.309171 2.551844 -1.070917 0.362635 0.004370
frame-000390.color.jpg 0.366577 0.799005 -0.447130 0.165188 2.360764 2.484759 -1.108311 0.303059 0.004637
frame-000391.color.jpg 0.373951 0.788570 -0.456192 0.173800 2.419936 2.417914 -1.114740 0.395453 0.007034
frame-000392.color.jpg 0.380827 0.774944 -0.467955 0.188284 2.509844 2.342573 -1.101213 0.207607 0.005493
frame-000393.color.jpg 0.382883 0.762287 -0.481836 0.200385 2.592494 2.272174 -1.056670 0.300196 0.005751
frame-000394.color.jpg 0.378609 0.750833 -0.496891 0.214485 2.687493 2.210898 -0.965576 0.284263 0.011031
frame-000395.color.jpg 0.372080 0.737461 -0.516411 0.225890 2.807928 2.135140 -0.849483 0.413190 0.019166
frame-000396.color.jpg 0.371923 0.732647 -0.523811 0.224774 2.853548 2.097819 -0.834806 0.367155 0.015334
frame-000397.color.jpg 0.365511 0.727499 -0.532884 0.230610 2.909652 2.075641 -0.761671 0.376852 0.015489
frame-000398.color.jpg 0.371915 0.712226 -0.542740 0.244638 2.988438 1.992965 -0.736185 0.742506 0.025458
frame-000399.color.jpg 0.376120 0.703439 -0.550829 0.245552 3.027847 1.937841 -0.745698 0.375518 0.013615
frame-000400.color.jpg 0.375655 0.693087 -0.558998 0.256973 3.095984 1.883594 -0.685886 0.761362 0.024648
frame-000401.color.jpg 0.374069 0.683984 -0.567133 0.265706 3.138610 1.835573 -0.627383 0.859392 0.028081
frame-000402.color.jpg 0.370384 0.673744 -0.577860 0.273794 3.194890 1.782682 -0.551888 0.719199 0.024148
frame-000403.color.jpg 0.368811 0.659529 -0.589204 0.286076 3.263101 1.702740 -0.461758 1.130258 0.034627
frame-000404.color.jpg 0.369664 0.645025 -0.602642 0.290025 3.320689 1.597271 -0.400766 0.992363 0.031166
frame-000405.color.jpg 0.374105 0.628058 -0.612556 0.300605 3.375864 1.498572 -0.352090 0.995176 0.032258
frame-000406.color.jpg 0.369753 0.618185 -0.619398 0.312211 3.399402 1.461957 -0.256033 1.147953 0.035838
frame-000407.color.jpg 0.363284 0.606636 -0.628786 0.323490 3.415012 1.413935 -0.131218 1.395015 0.040147
frame-000408.color.jpg 0.356267 0.600960 -0.631637 0.336090 3.390157 1.436092 -0.053486 1.226844 0.035556
frame-000409.color.jpg 0.361940 0.600748 -0.625924 0.341058 3.337489 1.449942 -0.097219 1.850599 0.051769
frame-000410.color.jpg 0.351116 0.606855 -0.630098 0.333800 3.323763 1.499952 -0.065768 0.700792 0.016949
frame-000411.color.jpg 0.336477 0.603952 -0.636539 0.341824 3.332379 1.511773 0.046000 0.380614 0.017648
frame-000412.color.jpg 0.332469 0.595752 -0.644144 0.345865 3.362201 1.464322 0.102211 0.841453 0.025397
frame-000413.color.jpg 0.326452 0.588092 -0.655802 0.342784 3.402056 1.416869 0.157715 0.184547 0.014885
frame-000414.color.jpg 0.323600 0.574581 -0.666875 0.347013 3.439014 1.337163 0.234154 0.485068 0.015441
frame-000415.color.jpg 0.309527 0.552622 -0.687659 0.354861 3.492140 1.219552 0.422343 0.401261 0.009622
frame-000416.color.jpg 0.299823 0.538900 -0.700243 0.359656 3.512243 1.144100 0.540844 0.308690 0.011289
frame-000417.color.jpg 0.291030 0.526002 -0.713488 0.359942 3.534356 1.056422 0.647828 0.142094 0.006304
frame-000418.color.jpg 0.276304 0.515045 -0.727717 0.358904 3.536510 0.978536 0.785931 0.363248 0.006301
frame-000419.color.jpg 0.250093 0.495582 -0.744573 0.370761 3.492144 0.891089 1.044657 0.257253 0.006772
frame-000420.color.jpg 0.222354 0.480827 -0.762593 0.371235 3.419374 0.789388 1.276555 0.376792 0.007631
frame-000421.color.jpg 0.211800 0.469686 -0.774209 0.367609 3.388463 0.690570 1.360562 0.389367 0.006386
frame-000422.color.jpg 0.195955 0.454902 -0.784756 0.372590 3.319281 0.620283 1.493004 0.352245 0.010483
frame-000423.color.jpg 0.197122 0.459122 -0.786624 0.362730 3.316576 0.597753 1.436871 0.941999 0.018417
frame-000424.color.jpg 0.197310 0.465213 -0.790639 0.345740 3.351820 0.545366 1.363371 0.718360 0.017621
frame-000425.color.jpg 0.176996 0.437154 -0.810810 0.346634 3.315746 0.362599 1.536523 0.432081 0.005163
frame-000426.color.jpg 0.171917 0.407040 -0.825921 0.350167 3.281486 0.183631 1.645486 0.465935 0.008942
frame-000427.color.jpg 0.166805 0.375271 -0.845537 0.341196 3.262681 -0.058314 1.734653 0.762277 0.014557
frame-000428.color.jpg 0.154457 0.343015 -0.860549 0.343424 3.206680 -0.244976 1.877921 0.361908 0.005570
frame-000429.color.jpg 0.133155 0.304972 -0.873586 0.355119 3.068505 -0.399561 2.104966 0.225520 0.005739
frame-000430.color.jpg 0.118767 0.282687 -0.882843 0.355768 2.978659 -0.512807 2.226959 0.533663 0.009433
frame-000431.color.jpg 0.113321 0.273876 -0.885791 0.357105 2.932114 -0.557314 2.271982 0.326486 0.005833
frame-000432.color.jpg 0.109033 0.265900 -0.887701 0.359715 2.895884 -0.577485 2.309981 0.434569 0.008132
frame-000433.color.jpg 0.110968 0.262246 -0.884713 0.369047 2.876367 -0.536581 2.326440 0.391526 0.009173
frame-000434.color.jpg 0.111240 0.267772 -0.882446 0.370422 2.873020 -0.484451 2.310119 0.456368 0.010487
frame-000435.color.jpg 0.100939 0.265016 -0.882099 0.376137 2.817118 -0.433214 2.364900 0.626598 0.013785
frame-000436.color.jpg 0.106902 0.273421 -0.875809 0.383108 2.844785 -0.338911 2.326441 0.320972 0.006962
frame-000437.color.jpg 0.096725 0.247066 -0.872918 0.409411 2.718040 -0.292962 2.469527 0.305623 0.008598
frame-000438.color.jpg 0.080437 0.216617 -0.880241 0.414467 2.591755 -0.379632 2.608708 0.263632 0.007744
frame-000439.color.jpg 0.085150 0.201799 -0.887502 0.405421 2.604217 -0.498287 2.595225 0.365827 0.006391
frame-000440.color.jpg 0.072264 0.179060 -0.889792 0.413503 2.499019 -0.529502 2.702465 0.364185 0.009233
frame-000441.color.jpg 0.062720 0.154039 -0.891924 0.420488 2.382545 -0.569311 2.803215 0.270603 0.005189
frame-000442.color.jpg 0.042758 0.127735 -0.890881 0.433805 2.208359 -0.549192 2.951604 0.593241 0.013021
frame-000443.color.jpg 0.043976 0.121938 -0.886698 0.443807 2.175358 -0.501882 2.976538 0.508661 0.008947
frame-000444.color.jpg 0.031181 0.112436 -0.886873 0.447037 2.094818 -0.493489 3.041691 0.522422 0.009434
frame-000445.color.jpg 0.037035 0.109257 -0.882679 0.455597 2.093884 -0.452123 3.040213 0.421510 0.008944
frame-000446.color.jpg 0.028997 0.103798 -0.880739 0.461177 2.052509 -0.419071 3.079969 0.700869 0.014480
frame-000447.color.jpg 0.027399 0.096199 -0.878569 0.467024 2.000877 -0.386529 3.109221 0.326459 0.005141
frame-000448.color.jpg 0.025097 0.087722 -0.872348 0.480296 1.941197 -0.318195 3.147705 0.249605 0.005049
frame-000449.color.jpg 0.025099 0.083832 -0.870681 0.484002 1.913764 -0.296588 3.158420 0.412865 0.008743
frame-000450.color.jpg 0.018299 0.080995 -0.865492 0.493993 1.869737 -0.224281 3.191808 0.510140 0.010546
frame-000451.color.jpg 0.009802 0.084686 -0.859703 0.503630 1.824067 -0.112351 3.219003 0.182197 0.006116
frame-000452.color.jpg 0.001733 -0.080102 0.860512 -0.503091 1.749497 -0.105365 3.262073 0.371206 0.009086
frame-000453.color.jpg 0.000496 0.081042 -0.853161 0.515315 1.735837 -0.006299 3.271539 0.620318 0.013989
frame-000454.color.jpg 0.001912 -0.070085 0.849689 -0.522602 1.678900 0.011531 3.311023 0.720170 0.014948
frame-000455.color.jpg 0.003541 -0.063236 0.853408 -0.517382 1.629380 -0.034022 3.333614 0.928462 0.020178
frame-000456.color.jpg 0.004202 -0.060831 0.848996 -0.524869 1.626485 0.011137 3.349001 0.486639 0.009273
frame-000457.color.jpg 0.010076 -0.060376 0.846042 -0.529591 1.602375 0.061150 3.371349 0.215400 0.006075
frame-000458.color.jpg 0.006388 -0.057145 0.839993 -0.539541 1.594915 0.129513 3.374527 0.436523 0.009511
frame-000459.color.jpg 0.009250 0.057495 -0.832024 0.551674 1.678428 0.218984 3.329555 0.801327 0.016037
frame-000460.color.jpg 0.027753 0.055489 -0.819652 0.569493 1.769411 0.321704 3.274154 0.844757 0.020121
frame-000461.color.jpg 0.025146 0.053172 -0.815037 0.576416 1.731664 0.383942 3.287652 0.985803 0.024329
frame-000462.color.jpg 0.022717 0.050386 -0.813145 0.579431 1.678389 0.399813 3.306699 1.791698 0.044778
frame-000463.color.jpg 0.013456 0.041708 -0.814069 0.579112 1.591195 0.388670 3.349240 1.425250 0.035591
frame-000464.color.jpg 0.000387 0.027231 -0.813833 0.580461 1.461544 0.366399 3.403428 1.399240 0.033457
frame-000465.color.jpg 0.008978 -0.021586 0.830594 -0.556388 1.382370 0.216880 3.436242 1.603227 0.036969
frame-000466.color.jpg 0.024075 -0.007273 0.828716 -0.559104 1.239286 0.174900 3.481222 0.545445 0.010514
frame-000467.color.jpg 0.035479 0.005034 0.837460 -0.545322 1.120180 0.047264 3.505673 0.669263 0.013439
frame-000468.color.jpg 0.037647 0.010424 0.845476 -0.532582 1.062416 -0.071875 3.508180 0.227667 0.003581
frame-000469.color.jpg 0.051090 0.026038 0.858145 -0.510195 0.908789 -0.279650 3.516154 0.256032 0.004671
frame-000470.color.jpg 0.058754 0.040390 0.868152 -0.491151 0.790011 -0.458081 3.506405 0.368228 0.007020
frame-000471.color.jpg 0.061664 0.053005 0.872843 -0.481178 0.701678 -0.565517 3.492063 0.356087 0.008842
frame-000472.color.jpg 0.063417 0.062550 0.877727 -0.470808 0.642957 -0.664589 3.477781 0.293735 0.008929
frame-000473.color.jpg 0.064877 0.067621 0.881519 -0.462755 0.605026 -0.739398 3.462760 0.334913 0.008972
frame-000474.color.jpg 0.066658 0.073309 0.886072 -0.452834 0.558751 -0.822679 3.447622 0.256652 0.005291
frame-000475.color.jpg 0.071577 0.077752 0.888821 -0.445902 0.509275 -0.886035 3.437970 0.512799 0.011336
frame-000476.color.jpg 0.070470 0.080602 0.892180 -0.438808 0.485871 -0.952550 3.420378 0.083728 0.005562
frame-000477.color.jpg 0.072213 0.082598 0.894130 -0.434159 0.462734 -0.991825 3.410043 0.195017 0.006036
frame-000478.color.jpg 0.069776 0.087370 0.896326 -0.429067 0.439552 -1.042771 3.400344 0.131120 0.004882
frame-000479.color.jpg 0.071446 0.092392 0.897238 -0.425820 0.401874 -1.073255 3.396977 0.158695 0.004784
frame-000480.color.jpg 0.072653 0.101234 0.898672 -0.420548 0.339934 -1.130107 3.393739 0.142082 0.006087
frame-000481.color.jpg 0.079962 0.097858 0.902883 -0.410893 0.311592 -1.200634 3.376174 0.243851 0.006768
frame-000482.color.jpg 0.083525 0.098907 0.907872 -0.398760 0.289617 -1.291184 3.344131 0.095065 0.006632
frame-000483.color.jpg 0.077513 0.088757 0.916231 -0.382928 0.367155 -1.402911 3.285005 0.281266 0.006732
frame-000484.color.jpg 0.075976 0.070744 0.920615 -0.376420 0.442545 -1.432994 3.245219 0.357552 0.009800
frame-000485.color.jpg 0.072547 0.068379 0.922340 -0.373295 0.449211 -1.453552 3.223167 0.199086 0.006681
frame-000486.color.jpg 0.069972 0.067800 0.924662 -0.368112 0.434317 -1.497392 3.189007 0.302317 0.008447
frame-000487.color.jpg 0.068063 0.066548 0.925422 -0.366787 0.425299 -1.499346 3.179548 0.268595 0.004741
frame-000488.color.jpg 0.069083 0.072788 0.926597 -0.362418 0.368987 -1.529521 3.159417 0.121308 0.003845
frame-000489.color.jpg 0.064344 0.077840 0.929629 -0.354387 0.339285 -1.590500 3.113952 0.300161 0.005162
frame-000490.color.jpg 0.064233 0.080190 0.931626 -0.348593 0.312240 -1.627969 3.083781 0.438928 0.005543
frame-000491.color.jpg 0.063136 0.082822 0.931012 -0.349815 0.288841 -1.620464 3.075455 0.426960 0.007317
frame-000492.color.jpg 0.059115 0.082747 0.931910 -0.348140 0.290256 -1.630106 3.053450 0.494724 0.007760
frame-000493.color.jpg 0.061479 0.082526 0.932434 -0.346377 0.269606 -1.630614 3.036857 0.241753 0.008909
frame-000494.color.jpg 0.073310 0.081932 0.920886 -0.374008 0.187028 -1.420349 3.140201 0.226890 0.004911
frame-000495.color.jpg 0.083872 0.085438 0.918173 -0.377655 0.108019 -1.381517 3.153451 0.269407 0.008692
frame-000496.color.jpg 0.086745 0.088572 0.913515 -0.387454 0.064180 -1.303682 3.181400 0.278058 0.010672
frame-000497.color.jpg 0.082322 0.085706 0.908881 -0.399766 0.092253 -1.211926 3.218300 0.179536 0.007090
frame-000498.color.jpg 0.085217 0.085108 0.905378 -0.407167 0.077906 -1.150121 3.239686 0.322141 0.009132
frame-000499.color.jpg 0.091729 0.091229 0.902046 -0.411796 0.002903 -1.107365 3.254274 0.306597 0.007217
frame-000500.color.jpg 0.100601 0.099550 0.896961 -0.418844 -0.093310 -1.043271 3.276618 0.332095 0.007636
frame-000501.color.jpg 0.104244 0.105339 0.891869 -0.427326 -0.149809 -0.975826 3.301644 0.294014 0.006996
frame-000502.color.jpg 0.109036 0.109643 0.888721 -0.431584 -0.200904 -0.945681 3.310698 0.305663 0.010488
frame-000503.color.jpg 0.100752 0.111326 0.881450 -0.447774 -0.175550 -0.820486 3.351956 0.295571 0.009929
frame-000504.color.jpg 0.109226 0.116353 0.875580 -0.455951 -0.254806 -0.750261 3.370822 0.257767 0.003539
frame-000505.color.jpg 0.119042 0.121829 0.871949 -0.459012 -0.344159 -0.720407 3.372315 0.152094 0.005310
frame-000506.color.jpg 0.118317 0.134392 0.867634 -0.463844 -0.409913 -0.682255 3.376034 0.243720 0.008408
frame-000507.color.jpg 0.113704 0.129050 0.871197 -0.459819 -0.373567 -0.709490 3.371292 0.179685 0.006656
frame-000508.color.jpg 0.108256 0.128234 0.864410 -0.473955 -0.352807 -0.618485 3.409451 0.402000 0.010514
frame-000509.color.jpg 0.112236 0.136315 0.864835 -0.469980 -0.412548 -0.642071 3.394434 0.338258 0.010253
frame-000510.color.jpg 0.109975 0.144776 0.869372 -0.459497 -0.452100 -0.727401 3.375492 0.396658 0.010976
frame-000511.color.jpg 0.117636 0.153829 0.869499 -0.454389 -0.539081 -0.750806 3.357751 0.273455 0.008722
frame-000512.color.jpg 0.122426 0.159651 0.865555 -0.458627 -0.597613 -0.714067 3.361138 0.437035 0.012291
frame-000513.color.jpg 0.127373 0.170019 0.865165 -0.454268 -0.672250 -0.737390 3.342360 0.452560 0.012720
frame-000514.color.jpg 0.128526 0.176581 0.870806 -0.440451 -0.713338 -0.841146 3.307886 0.383839 0.012000
frame-000515.color.jpg 0.131147 0.188505 0.877169 -0.421711 -0.788789 -0.977189 3.246826 0.442886 0.013763
frame-000516.color.jpg 0.122627 0.203487 0.887657 -0.394488 -0.828575 -1.174976 3.171965 0.260699 0.010027
frame-000517.color.jpg 0.124309 0.211681 0.891784 -0.380078 -0.882313 -1.277343 3.118642 0.374026 0.010965
frame-000518.color.jpg 0.128264 0.220091 0.893088 -0.370813 -0.941504 -1.342348 3.065282 0.488256 0.013036
frame-000519.color.jpg 0.126634 0.220778 0.895062 -0.366175 -0.942002 -1.383460 3.048456 0.571945 0.012924
frame-000520.color.jpg 0.125259 0.209616 0.902826 -0.353945 -0.882922 -1.491925 2.999051 0.629529 0.013618
frame-000521.color.jpg 0.108796 0.182304 0.918085 -0.334735 -0.680136 -1.683968 2.953143 1.008750 0.016845
frame-000522.color.jpg 0.087176 0.157202 0.930254 -0.319867 -0.467126 -1.830549 2.907859 1.228069 0.020540
frame-000523.color.jpg 0.076832 0.146042 0.936519 -0.309355 -0.369633 -1.920659 2.862130 0.870505 0.010780
frame-000524.color.jpg 0.069108 0.136646 0.940482 -0.303389 -0.283926 -1.970872 2.833166 0.725200 0.008331
frame-000525.color.jpg 0.063491 0.133819 0.943020 -0.297949 -0.246867 -2.010187 2.806132 0.668766 0.004330
frame-000526.color.jpg 0.056156 0.129237 0.945970 -0.292037 -0.194216 -2.055959 2.769771 0.606005 0.005929
frame-000527.color.jpg 0.055393 0.128059 0.947357 -0.288179 -0.187279 -2.081268 2.748474 0.893032 0.011749
frame-000528.color.jpg 0.050457 0.124543 0.948102 -0.288177 -0.160716 -2.089811 2.750456 1.078241 0.012865
frame-000529.color.jpg 0.048890 0.124725 0.950103 -0.281704 -0.159264 -2.129427 2.716408 1.498015 0.022418
frame-000530.color.jpg 0.050618 0.128820 0.951767 -0.273830 -0.189854 -2.173798 2.671141 2.360118 0.035975
frame-000531.color.jpg 0.043087 0.128704 0.954293 -0.266277 -0.177413 -2.223360 2.633679 2.764960 0.043222
frame-000532.color.jpg 0.045023 0.131716 0.958326 -0.249468 -0.223052 -2.321530 2.542186 2.951974 0.049799
frame-000533.color.jpg 0.044079 0.143815 0.958124 -0.243663 -0.312730 -2.332771 2.501802 3.603356 0.062909
frame-000534.color.jpg 0.044949 0.156882 0.954681 -0.248903 -0.422041 -2.295675 2.523328 3.225384 0.056555
frame-000535.color.jpg 0.053917 0.174262 0.949700 -0.254550 -0.591776 -2.234422 2.536615 2.745027 0.048455
frame-000536.color.jpg 0.057061 0.177932 0.946437 -0.263328 -0.654573 -2.163318 2.580559 1.984481 0.035593
frame-000537.color.jpg 0.057740 0.181511 0.941232 -0.278929 -0.692767 -2.062448 2.662544 1.060698 0.019420
frame-000538.color.jpg 0.071775 0.185270 0.933876 -0.297320 -0.794331 -1.909999 2.741898 0.382040 0.006615
frame-000539.color.jpg 0.081070 0.181711 0.927539 -0.316353 -0.826907 -1.764833 2.819538 0.366999 0.009168
frame-000540.color.jpg 0.086037 0.177242 0.923832 -0.328202 -0.836250 -1.671489 2.871946 0.174338 0.005424
frame-000541.color.jpg 0.085906 0.171158 0.919251 -0.343950 -0.811494 -1.563066 2.935770 0.354330 0.009088
frame-000542.color.jpg 0.088322 0.168029 0.916484 -0.352168 -0.808972 -1.483532 2.962775 0.455621 0.010058
frame-000543.color.jpg 0.087875 0.167612 0.913281 -0.360696 -0.814018 -1.405687 2.992880 0.227475 0.003288
frame-000544.color.jpg 0.089943 0.167186 0.911107 -0.365845 -0.825950 -1.347788 2.997071 0.296846 0.006253
frame-000545.color.jpg 0.088921 0.162022 0.907658 -0.376827 -0.796946 -1.262313 3.024466 0.242772 0.007264
frame-000546.color.jpg 0.081288 0.151586 0.904725 -0.389726 -0.719830 -1.162283 3.053900 0.361418 0.010097
frame-000547.color.jpg 0.081734 0.141957 0.902280 -0.398822 -0.684387 -1.080116 3.070609 0.553239 0.013501
frame-000548.color.jpg 0.082576 0.129666 0.900390 -0.407021 -0.639974 -1.014343 3.095945 0.285008 0.007707
frame-000549.color.jpg 0.073201 0.105829 0.897125 -0.422620 -0.496499 -0.906966 3.146967 0.413344 0.007252
frame-000550.color.jpg 0.082671 0.091936 0.896594 -0.425243 -0.497199 -0.881733 3.153697 0.572646 0.009685
frame-000551.color.jpg 0.076072 0.068137 0.894988 -0.434243 -0.398501 -0.816731 3.194754 0.596807 0.008152
frame-000552.color.jpg 0.070632 0.054632 0.893916 -0.439249 -0.365374 -0.767793 3.225621 0.597786 0.003590
frame-000553.color.jpg 0.069173 0.042824 0.889512 -0.449610 -0.343124 -0.683061 3.262094 0.545287 0.004784
frame-000554.color.jpg 0.061604 0.035317 0.886324 -0.457589 -0.292785 -0.618879 3.284251 0.467973 0.006477
frame-000555.color.jpg 0.052521 0.034090 0.883174 -0.464847 -0.262723 -0.555509 3.302575 0.638093 0.005880
frame-000556.color.jpg 0.044142 0.031622 0.880908 -0.470163 -0.238829 -0.515267 3.314636 0.642920 0.004453
frame-000557.color.jpg 0.033649 0.025099 0.879526 -0.473996 -0.184118 -0.491285 3.327044 0.783034 0.006516
frame-000558.color.jpg 0.030880 0.018772 0.879619 -0.474305 -0.168349 -0.485529 3.333035 0.889441 0.002082
frame-000559.color.jpg 0.029368 0.003382 0.880481 -0.473159 -0.114309 -0.492463 3.334845 0.924394 0.003163
frame-000560.color.jpg 0.030502 -0.004827 0.876078 -0.481180 -0.107735 -0.418539 3.341198 0.899723 0.003822
frame-000561.color.jpg 0.035049 -0.007609 0.874621 -0.483478 -0.134673 -0.379757 3.338773 1.009103 0.009026
frame-000562.color.jpg 0.015559 -0.019805 0.871970 -0.488912 -0.000505 -0.317706 3.324209 0.875406 0.006221
frame-000563.color.jpg 0.002523 -0.048795 0.872105 -0.486873 0.171715 -0.281636 3.286265 1.378965 0.020294
frame-000564.color.jpg 0.001338 0.066669 -0.861542 0.503289 0.237398 -0.142504 3.276181 1.127993 0.013704
frame-000565.color.jpg 0.010472 0.074883 -0.865538 0.495103 0.303462 -0.198150 3.260481 1.048051 0.013404
frame-000566.color.jpg 0.022045 0.087865 -0.864618 0.494195 0.388314 -0.195748 3.260132 1.058161 0.009988
frame-000567.color.jpg 0.031233 0.104058 -0.865264 0.489403 0.457774 -0.225646 3.272167 1.101535 0.012023
frame-000568.color.jpg 0.044835 0.127012 -0.862875 0.487139 0.539521 -0.259652 3.283452 1.201350 0.009444
frame-000569.color.jpg 0.041259 0.145307 -0.859091 0.489026 0.550591 -0.259614 3.322939 1.170132 0.011290
frame-000570.color.jpg 0.049753 0.152895 -0.870946 0.464328 0.620809 -0.454107 3.317252 0.942408 0.014199
frame-000571.color.jpg 0.056196 0.163709 -0.881768 0.438778 0.703946 -0.660713 3.263697 1.041580 0.014324
frame-000572.color.jpg 0.029026 0.147754 -0.892507 0.425156 0.522519 -0.818778 3.251628 1.069323 0.020506
frame-000573.color.jpg 0.044437 0.124104 -0.902951 0.409026 0.510444 -0.957817 3.211903 1.015954 0.017372
frame-000574.color.jpg 0.033989 0.123995 -0.911973 0.389583 0.466203 -1.126013 3.186012 0.993282 0.020774
frame-000575.color.jpg 0.027043 0.126557 -0.917879 0.375167 0.412727 -1.291948 3.187529 0.980623 0.021370
frame-000576.color.jpg 0.027258 0.127016 -0.921474 0.366073 0.378237 -1.394946 3.185270 0.643073 0.013969
frame-000577.color.jpg 0.030676 0.123649 -0.923531 0.361746 0.357792 -1.465827 3.192462 0.575895 0.013842
frame-000578.color.jpg 0.008761 0.105810 -0.928495 0.355844 0.140000 -1.554317 3.192324 0.681230 0.015316
frame-000579.color.jpg 0.001487 -0.090890 0.934269 -0.344788 -0.014777 -1.664201 3.152128 0.197393 0.006642
frame-000580.color.jpg 0.017295 -0.064158 0.941251 -0.331105 -0.248322 -1.774009 3.090736 0.599773 0.008140
frame-000581.color.jpg 0.022349 -0.044053 0.941646 -0.332961 -0.395538 -1.775946 3.092503 0.497745 0.009550
frame-000582.color.jpg 0.019682 -0.011596 0.941986 -0.334875 -0.591731 -1.740839 3.089963 0.410718 0.003503
frame-000583.color.jpg 0.027305 0.005600 0.942500 -0.333043 -0.752559 -1.739355 3.058973 0.311416 0.002940
frame-000584.color.jpg 0.039766 0.018978 0.940877 -0.335871 -0.900356 -1.707546 3.037503 0.386318 0.010783
frame-000585.color.jpg 0.051357 0.039668 0.934064 -0.351160 -1.088844 -1.576954 3.063817 0.631215 0.016076
frame-000586.color.jpg 0.064605 0.043506 0.930225 -0.358629 -1.195701 -1.496055 3.063712 0.272006 0.006621
frame-000587.color.jpg 0.076891 0.040548 0.923330 -0.374040 -1.246805 -1.390192 3.099991 0.253528 0.009476
frame-000588.color.jpg 0.098870 0.033463 0.916384 -0.386452 -1.320025 -1.302675 3.107199 0.436086 0.007764
frame-000589.color.jpg 0.107017 0.040571 0.907985 -0.403068 -1.418780 -1.151752 3.128749 0.185512 0.010446
frame-000590.color.jpg 0.103570 0.031100 0.899321 -0.423708 -1.374232 -0.996088 3.211262 0.625722 0.009372
frame-000591.color.jpg 0.120661 0.021325 0.889232 -0.440742 -1.422323 -0.870474 3.226191 0.715534 0.007532
frame-000592.color.jpg 0.117056 0.020457 0.881442 -0.457098 -1.423472 -0.726732 3.265370 0.778326 0.010091
frame-000593.color.jpg 0.119825 0.030738 0.879334 -0.459857 -1.480736 -0.657488 3.218166 0.683772 0.010375
frame-000594.color.jpg 0.116553 0.042568 0.873930 -0.469947 -1.490251 -0.520700 3.184832 0.616323 0.005622
frame-000595.color.jpg 0.110610 0.054777 0.869032 -0.479112 -1.496153 -0.371766 3.165054 0.728608 0.012328
frame-000596.color.jpg 0.107382 0.044411 0.856996 -0.502051 -1.449219 -0.196892 3.204593 0.427368 0.006882
frame-000597.color.jpg 0.098631 0.035856 0.853266 -0.510807 -1.387287 -0.131770 3.245200 0.361721 0.007013
frame-000598.color.jpg 0.101998 0.028382 0.852869 -0.511277 -1.380929 -0.131024 3.243428 0.381185 0.007319
frame-000599.color.jpg 0.097038 0.015940 0.848147 -0.520554 -1.297971 -0.050837 3.268285 0.852499 0.008934
frame-000600.color.jpg 0.078208 0.001679 0.845977 -0.527450 -1.131734 0.012039 3.325447 0.924562 0.008465
frame-000601.color.jpg 0.067330 -0.011834 0.844118 -0.531781 -1.010687 0.050486 3.364355 0.965569 0.007785
frame-000602.color.jpg 0.060497 -0.021468 0.840259 -0.538371 -0.932174 0.097769 3.394943 0.834666 0.004915
frame-000603.color.jpg 0.048070 -0.028701 0.837994 -0.542800 -0.841306 0.137120 3.438853 0.975407 0.008080
frame-000604.color.jpg 0.021905 -0.060084 0.840204 -0.538487 -0.578490 0.058817 3.563786 0.626879 0.004079
frame-000605.color.jpg 0.010695 -0.067724 0.835793 -0.544747 -0.437606 0.100762 3.628879 0.426627 0.007287
frame-000606.color.jpg 0.009828 -0.058931 0.837614 -0.542985 -0.411732 0.086931 3.653578 0.489428 0.010913
frame-000607.color.jpg 0.003939 -0.054073 0.833929 -0.549203 -0.360219 0.138709 3.680762 0.414613 0.013123
frame-000608.color.jpg 0.002006 -0.056556 0.832978 -0.550405 -0.308467 0.151890 3.704120 0.307770 0.011284
frame-000609.color.jpg 0.005443 0.069516 -0.825773 0.559675 -0.193701 0.227028 3.737406 0.367573 0.011168
frame-000610.color.jpg 0.005988 0.076737 -0.819784 0.567476 -0.150125 0.298250 3.750841 0.394286 0.015008
frame-000611.color.jpg 0.008773 0.082219 -0.816929 0.570781 -0.114317 0.340285 3.757729 0.154737 0.005080
frame-000612.color.jpg 0.012728 0.082362 -0.809616 0.581014 -0.089147 0.436373 3.749525 0.101896 0.010677
frame-000613.color.jpg 0.018948 0.086150 -0.798303 0.595761 -0.041776 0.595884 3.731817 0.391846 0.010455
frame-000614.color.jpg 0.017928 0.085389 -0.784994 0.613328 -0.059770 0.755806 3.709574 0.229859 0.010985
frame-000615.color.jpg 0.018175 0.085856 -0.780199 0.619345 -0.065046 0.817491 3.699516 0.430188 0.007911
frame-000616.color.jpg 0.015728 0.083760 -0.776322 0.624548 -0.098880 0.876724 3.689195 0.430056 0.004025
frame-000617.color.jpg 0.011881 0.081422 -0.770205 0.632466 -0.140226 0.938281 3.670859 0.435820 0.014160
frame-000618.color.jpg 0.007054 0.079965 -0.764766 0.639288 -0.179983 1.000748 3.649306 0.440934 0.014917
frame-000619.color.jpg 0.005715 -0.073554 0.758879 -0.647040 -0.274256 1.057286 3.621865 0.722670 0.022246
frame-000620.color.jpg 0.003800 -0.071298 0.754909 -0.651931 -0.276067 1.106645 3.607372 0.736222 0.022753
frame-000621.color.jpg 0.005324 -0.070882 0.754158 -0.652835 -0.289061 1.115141 3.598996 0.692378 0.021622
frame-000622.color.jpg 0.006965 -0.067170 0.753174 -0.654346 -0.309490 1.121176 3.590559 0.885985 0.027822
frame-000623.color.jpg 0.008744 -0.065819 0.754426 -0.653019 -0.334297 1.114570 3.592799 0.620884 0.021822
