data/frame-000000.color.jpg 0.0022370604079989076 -0.06568647497553586 0.8819284619404062 -0.46677882405422866 0.5678683277034078 0.9949316047901642 0.8557313941673867
data/frame-000001.color.jpg -0.004757035877607447 -0.07079800329812216 0.881673740756529 -0.46649376008586313 0.5778356281338145 1.0121207944656259 0.8660260003147614
data/frame-000002.color.jpg -0.00441437525119385 -0.07643786767308673 0.8827294917863926 -0.4636015638533469 0.5757105769139567 1.012244779827738 0.8622519775672992
data/frame-000003.color.jpg -0.0052088671442052075 -0.08276344328747767 0.8831831032368841 -0.4616391299653248 0.5731729794456 1.0115784711920397 0.8557422336562996
data/frame-000004.color.jpg 0.01653827604162938 -0.060146689368192466 0.8502294917750721 -0.5227032355931235 0.5680839933041935 1.0865272889654058 0.7634767645776696
data/frame-000005.color.jpg 0.013867732804421353 -0.04640597408318606 0.8490481121961692 -0.5260907476209572 0.5924590398633969 1.1020317669885662 0.7512169574390297
data/frame-000006.color.jpg 0.005510238580035285 -0.05745593044425667 0.839745399651825 -0.5399038035531634 0.5221763747315259 1.1897319134550595 0.7348313004104449
data/frame-000007.color.jpg 0.006694507246569035 -0.0539655532021258 0.8396655797213481 -0.540374515379405 0.5201003372875643 1.1898112958906522 0.7407288156212479
data/frame-000008.color.jpg 0.01011869437190852 -0.04963884313072064 0.8396288739500125 -0.5407928913237334 0.5112992045873666 1.1883515018741002 0.7494411238795482
data/frame-000009.color.jpg 0.01970654271844413 -0.04019245704356864 0.8377051024809131 -0.5442852008353056 0.49553669685720175 1.1916766318420602 0.751017567329057
data/frame-000010.color.jpg 0.020034131264885176 -0.040193282758681406 0.8378457908196836 -0.544056581994264 0.4936516039704858 1.1936818725076672 0.7521201234118084
data/frame-000011.color.jpg 0.023586992628694216 -0.036653823581921555 0.8339649639742139 -0.5500932556022176 0.4823322457832145 1.204805119347508 0.7408124824923783
data/frame-000012.color.jpg 0.03138290380463979 -0.030242310686284166 0.8305917394082457 -0.555173737148947 0.46218965457158984 1.215838227883416 0.7373676792135139
data/frame-000013.color.jpg 0.03245294167834112 -0.029402313501189735 0.8300899954813176 -0.5559072853804179 0.46060800444232547 1.217238781479237 0.7362590031727434
data/frame-000014.color.jpg 0.03668792158106858 -0.025047564129910604 0.8291611243857578 -0.557241819813055 0.4501042038656425 1.2213611246015224 0.7410181564223914
data/frame-000015.color.jpg 0.039744278505544475 -0.021383961694270363 0.823735281253426 -0.5651754638399217 0.44719017823737794 1.2372547636386355 0.7248543424945847
data/frame-000016.color.jpg 0.039771758014638586 -0.0215093153838726 0.8233230243359475 -0.5657691704347726 0.44613121320201005 1.240026482406322 0.7230761053970496
data/frame-000017.color.jpg 0.039431770003387774 -0.014692218202788153 0.8119130436386323 -0.5822598078247664 0.4569642032687857 1.2703244713195334 0.6776313828950775
data/frame-000018.color.jpg 0.04212277763745636 -0.012753601201178091 0.7992586659893993 -0.5993735080076134 0.4458858462304311 1.3160339414521125 0.6343793020901687
data/frame-000019.color.jpg 0.04330626306407724 -0.012317253230220515 0.7986099786974047 -0.600162440325299 0.4449314440680897 1.3188300285960142 0.631294700194044
data/frame-000020.color.jpg 0.03724855258918568 -0.011715589347059383 0.7864273060261894 -0.6164473883736171 0.46130144649144944 1.3504728858379498 0.5753744802349365
data/frame-000021.color.jpg 0.0323016318619117 -0.015663089090779063 0.7791884090068877 -0.6257608932240073 0.4673606733116119 1.3748013534620878 0.5435588545655692
data/frame-000022.color.jpg 0.031502131330789024 -0.016485000834355168 0.7778139185009171 -0.6274881422428294 0.468243599212913 1.3775394923020496 0.5369706212717099
data/frame-000023.color.jpg 0.02805779717379914 -0.02028979104678994 0.7710872086040581 -0.6357873867294261 0.4743580129234882 1.3988189767489367 0.5049032434373095
data/frame-000024.color.jpg 0.027365128193654775 -0.021749074363232847 0.7690608601052353 -0.638219022732386 0.47375442121365124 1.4043440660617916 0.4957781407067619
data/frame-000025.color.jpg 0.022996573613602047 -0.025508704321272134 0.7664901074986038 -0.641337180204503 0.4742988187123888 1.4203355409253682 0.48357367264269474
data/frame-000026.color.jpg 0.00808114255614016 -0.02998216221308101 0.7619372395935274 -0.6469060271821643 0.4961018894164573 1.431392180885387 0.448584348573274
data/frame-000027.color.jpg 0.006459361700267946 -0.03192472559878348 0.7622303630676346 -0.6464858561172474 0.4951839198926367 1.434647161991715 0.4495654348395881
data/frame-000028.color.jpg -0.01216656692216916 -0.04662958241842795 0.7641604093966791 -0.6432235423268583 0.49600846121925446 1.4496840817557402 0.4349460589876673
data/frame-000029.color.jpg -0.03195937875196129 -0.05439694360257157 0.7733274879578899 -0.6308598632067404 0.5200455558791574 1.4515101414111216 0.4390667545726446
data/frame-000030.color.jpg -0.03145312136798263 -0.05439303881761901 0.7743553759473922 -0.6296235782003153 0.5185607407121403 1.4532135527969634 0.4396062098252594
data/frame-000031.color.jpg -0.03947827495921929 -0.07234895823935449 0.7795624455624504 -0.6208779972882081 0.48945057621499377 1.4795097889861635 0.4013551210377187
data/frame-000032.color.jpg -0.05100110137127431 -0.08690471074779228 0.7770186736532131 -0.621360152973267 0.4798620225924714 1.4935777896666094 0.3609633013349611
data/frame-000033.color.jpg -0.05451953895589329 -0.09197435948865063 0.7762034202593411 -0.62135061555163 0.47447572472210303 1.5002590986109705 0.3478620489903523
data/frame-000034.color.jpg -0.07158466535811629 -0.10316990767262181 0.7687349961168345 -0.6271188974840735 0.47309955929812203 1.51131144103562 0.2903394611539561
data/frame-000035.color.jpg -0.07208718757667501 -0.10484880070211439 0.7694509818490034 -0.6259036290917466 0.46951745977698445 1.512213692165425 0.2896505856654573
data/frame-000036.color.jpg -0.07292072488356702 -0.11625783849159746 0.7649556481028921 -0.6292928883335651 0.4185563942867248 1.5310743604497434 0.2566753176332607
data/frame-000037.color.jpg -0.07830476934206024 -0.11568531163091705 0.7634737588031809 -0.6305498325985724 0.41717356653557447 1.5349960411010586 0.24802002007774604
data/frame-000038.color.jpg -0.07574177901913835 -0.10807233083003233 0.7611056399779385 -0.6350604372921944 0.39908004163448807 1.5391901396679897 0.24953329696974397
data/frame-000039.color.jpg -0.07933388815727939 -0.10926085713534954 0.758027140970018 -0.6380932947780582 0.3906037565261587 1.5421421282057848 0.24141744944988613
data/frame-000040.color.jpg -0.08198873093267739 -0.11216978929142735 0.7589858318715229 -0.6361102839827844 0.38189438271212206 1.541354129814689 0.2503563378199044
data/frame-000041.color.jpg -0.0912987918053582 -0.13362928303495722 0.7615586608846995 -0.6275636631943794 0.3081072455935815 1.5360263618517915 0.288839871447293
data/frame-000042.color.jpg -0.09492361010419309 -0.14150915163251004 0.7625933454818483 -0.6240320966711866 0.2814171193936779 1.5320858731722533 0.3016061139007811
data/frame-000043.color.jpg -0.09618848880125241 -0.15088588024067315 0.7597662169629781 -0.6250892106954765 0.214889882655282 1.529805438070549 0.3028208074984019
data/frame-000044.color.jpg -0.10153974892048803 -0.15524624771495227 0.75675101543658 -0.6268302661768156 0.18489943164790798 1.5293864915483075 0.2942299982777132
data/frame-000045.color.jpg -0.10641441773286218 -0.15720697436149741 0.7542882190498676 -0.6284991817920356 0.16824745888630435 1.5298237045391467 0.2863097318877917
data/frame-000046.color.jpg -0.11106161427075618 -0.16003021596645975 0.7497624031454467 -0.6323859475374731 0.14458533042163346 1.5327809469548135 0.27382774662116466
data/frame-000047.color.jpg -0.11786043001925375 -0.1664199004664956 0.7454461238247202 -0.6346049261068636 0.12267100985275797 1.5329027841884708 0.26653967918586763
data/frame-000048.color.jpg -0.12066482058377619 -0.16800985862309903 0.7455898295962472 -0.6334891431441986 0.10728684361077498 1.5292743127598947 0.27559241201053386
data/frame-000049.color.jpg -0.12038063112482514 -0.1693168459379337 0.7458864140485929 -0.6328457684691824 0.08799738761633491 1.5253769612910903 0.2849705904503967
data/frame-000050.color.jpg -0.12095081016145116 -0.16929491523771822 0.7443347549546943 -0.6345674950408965 0.07667544825638735 1.5228274757396143 0.28369341851728896
data/frame-000051.color.jpg -0.11950501676239361 -0.16956663908566608 0.7437959111815944 -0.6354001482430991 0.056173420311701625 1.522129718502649 0.29097302503266803
data/frame-000052.color.jpg -0.12077298294912475 -0.1655598459970659 0.7432019521108739 -0.6369102624087514 0.0539161244207474 1.5210420878094226 0.2932554158945387
data/frame-000053.color.jpg -0.12174262792187435 -0.16254627881317543 0.7431029585553913 -0.6376169953639017 0.05226500857882495 1.5187521323876847 0.295984808221675
data/frame-000054.color.jpg -0.12431832792165408 -0.16199147126851843 0.7432954616240881 -0.6370365557078017 0.0459581835916356 1.5153618849890653 0.3004246967657406
data/frame-000055.color.jpg -0.12505945963036377 -0.1592419178989066 0.7456988160895064 -0.6347719423726511 0.051488584056064 1.511765064962747 0.3144359072667678
data/frame-000056.color.jpg -0.12140695170511734 -0.1507921854426662 0.7505880943714001 -0.6317749452732401 0.05615646363591406 1.5041018850725443 0.32457661373465924
data/frame-000057.color.jpg -0.11528215395790253 -0.13821984632129442 0.7536849282532143 -0.6321110092267755 0.06227878274006239 1.502827104608466 0.3159092479084445
data/frame-000058.color.jpg -0.10471260461610668 -0.12699445037585863 0.7564436708693076 -0.6330092043643682 0.05897995344969762 1.5054972021839532 0.30392190085588955
data/frame-000059.color.jpg -0.09735190193045584 -0.11377451216742036 0.7614644102289986 -0.6306741785789163 0.0642685992669867 1.5056630522152592 0.29814178609485714
data/frame-000060.color.jpg -0.08909564797144143 -0.10607725399618624 0.7692458299086936 -0.623755108087512 0.05808841015989571 1.4987783286583625 0.31487116997651576
data/frame-000061.color.jpg -0.0948319981447413 -0.10113468253875049 0.7653033274829307 -0.628561440958015 0.06799560535543345 1.4950596218697343 0.28392455584593523
data/frame-000062.color.jpg -0.10095343243430206 -0.13041737195992534 0.7659544076523577 -0.6213803657734341 -0.009909804367681251 1.488426626579121 0.29384545478586643
data/frame-000063.color.jpg -0.1048443437128906 -0.14072554511891616 0.764602367422122 -0.6201509528130091 -0.04150219155088969 1.4822314105185148 0.2955988858095902
data/frame-000064.color.jpg -0.10921566108883243 -0.1516777228156594 0.7649094119535859 -0.6164246906794083 -0.08016804121807967 1.473348639057232 0.30692434215489217
data/frame-000065.color.jpg -0.11257267106297901 -0.1580624018992652 0.7636491325646688 -0.6157789158202877 -0.10066735323104763 1.4699170773818497 0.3095329120959621
data/frame-000066.color.jpg -0.11706804626088968 -0.16536915461949606 0.7624800670065954 -0.6144690900791577 -0.12129361969503326 1.4661981754745284 0.3131528197108382
data/frame-000067.color.jpg -0.12134836345274845 -0.17581705817630985 0.7602338142337484 -0.6135205656187682 -0.1441989144658729 1.4618283267821932 0.313074416594476
data/frame-000068.color.jpg -0.12712791893109612 -0.17911724742295732 0.7587546846266593 -0.6132265751424749 -0.1493976194657832 1.46023270327221 0.314516978691413
data/frame-000069.color.jpg -0.12807480250583056 -0.18026101238493214 0.7601701764417373 -0.6109370795962462 -0.15796637643481895 1.4572370644911874 0.3230716615616528
data/frame-000070.color.jpg -0.12708925492250672 -0.179767712560972 0.7610045987676646 -0.6102490405222311 -0.1682895896128317 1.452822362828019 0.323339764610357
data/frame-000071.color.jpg -0.1265736798070399 -0.1793707594700873 0.7627121516013616 -0.6083382348881662 -0.17369652639569172 1.4476131716275855 0.3281660250050552
data/frame-000072.color.jpg -0.12352927531872482 -0.17935314909514666 0.7660425542121564 -0.6047741489060194 -0.1821881922167001 1.443895859463591 0.3373642733295807
data/frame-000073.color.jpg -0.1213059112513423 -0.17504575675740291 0.7683496405672442 -0.6035583557344697 -0.18873408845862372 1.4415452891425775 0.3376831688192184
data/frame-000074.color.jpg -0.12004291129589129 -0.1707376541181884 0.7698848929998275 -0.6030883885836883 -0.18804045085591975 1.441476074412205 0.34049451699402394
data/frame-000075.color.jpg -0.12168292252193312 -0.1656837574444622 0.7740058363571148 -0.5988798912726393 -0.17886309286818383 1.4300589461383297 0.3520901222903481
data/frame-000076.color.jpg -0.10553847834461182 -0.16019628136628636 0.7963515086927495 -0.5736053134585651 -0.18163989156237095 1.3905476541106878 0.4347520085953851
data/frame-000077.color.jpg -0.10527131687885914 -0.15909632154755154 0.7996323710056954 -0.5693807000175181 -0.1743174358198089 1.3786235861360265 0.4464121979633755
data/frame-000078.color.jpg -0.10210492405831721 -0.1571633494565088 0.8085368821616059 -0.5578013770644941 -0.16634075464375822 1.355630607331939 0.4873574477589096
data/frame-000079.color.jpg -0.0858888421810955 -0.15033499885389467 0.8248098808015206 -0.5382482284602264 -0.17227723414458831 1.3152893589123695 0.5499689160181004
data/frame-000080.color.jpg -0.07538842021435223 -0.14774895956141026 0.8339598799557183 -0.5263057568280527 -0.18012085996645688 1.2864772594888445 0.5910896401669722
data/frame-000081.color.jpg -0.06396085619301713 -0.14186471452173216 0.8437528980078954 -0.513677387814572 -0.18633861998956497 1.2578663126832403 0.6285662169165922
data/frame-000082.color.jpg -0.04750012217557226 -0.13334963230882316 0.8518062581663487 -0.5043686275979622 -0.20517891473439687 1.2310743699536555 0.6559686192676829
data/frame-000083.color.jpg -0.03538127145849315 -0.12590458523244186 0.8542754778805435 -0.503099998945932 -0.2256393487402375 1.2159458679644446 0.6594720250443147
data/frame-000084.color.jpg -0.01366908440977507 -0.11793011805806831 0.8660930081703357 -0.4855806262451865 -0.25813650595165033 1.1758166466947815 0.6953594572811511
data/frame-000085.color.jpg -0.00014821836409887205 -0.11165990224261006 0.8755863911273529 -0.4699792718142637 -0.27913198495133706 1.1401142079488438 0.7265363522629825
data/frame-000086.color.jpg 0.01223003213106694 -0.11115623716618486 0.8848336442982162 -0.4522876730257706 -0.2973972826948936 1.1054434644494506 0.7621297665354511
data/frame-000087.color.jpg 0.02845074480245175 -0.09832961727865505 0.8998292139775019 -0.42406276323045605 -0.3065173111989154 1.0527080116947949 0.8088584788158457
data/frame-000088.color.jpg 0.02931083451826393 -0.083009437081326 0.9086776663387283 -0.4081117580179319 -0.2961216195223483 1.0233751828798057 0.8298759572276475
data/frame-000089.color.jpg 0.02841028060016638 -0.06799448999910752 0.9194360032837091 -0.38627327263436173 -0.2817927204876054 0.9783452806314584 0.8722848827384949
data/frame-000090.color.jpg 0.025547399863051202 -0.06621617869910483 0.9221570676379677 -0.3802487220807853 -0.2841441811184294 0.9546484458916126 0.8827769619222088
data/frame-000091.color.jpg 0.03209164158283087 -0.051078465329029654 0.9128880939062819 -0.4037281819792935 -0.28073026026418074 0.9815908539322703 0.8230378987153677
data/frame-000092.color.jpg 0.04003053204905824 0.01756607492010765 0.9006048267883157 -0.43243489160954424 -0.20917590851909937 1.1046090181577983 0.7468119350322516
data/frame-000093.color.jpg 0.059788606607512125 0.06879614441588597 0.8913810194086743 -0.4439958234841784 -0.1837897564947884 1.1540382980849764 0.7074179066816076
data/frame-000094.color.jpg 0.09123994825437765 0.10668956176112386 0.8718852922210548 -0.46915737920484873 -0.19708067343157915 1.2210520347824412 0.6252500778574278
data/frame-000095.color.jpg 0.11821845950166224 0.1328962112575337 0.8518912332850864 -0.49258940256410366 -0.1995237898508709 1.2758020677738555 0.5456166170465433
data/frame-000096.color.jpg 0.13069847105476606 0.1514141355378902 0.8418708918491982 -0.5012435243275416 -0.19471134330378553 1.3036513930009335 0.5118676596910432
data/frame-000097.color.jpg 0.14323073824843335 0.1696379270325616 0.8328074494187672 -0.5070894216265132 -0.18584494844998567 1.322499765363204 0.48649605708779425
data/frame-000098.color.jpg 0.1634915970925262 0.19499623809403882 0.8244535720980685 -0.5054930981369018 -0.18491024829752925 1.3366946904366928 0.47086260175206524
data/frame-000099.color.jpg 0.17981666517155007 0.2190025381444567 0.8128860104515747 -0.5088420081174423 -0.1680373069962787 1.3579165593919125 0.4472379519214474
data/frame-000100.color.jpg 0.19541198990812972 0.2373674212611968 0.801600565988352 -0.5127449601225821 -0.15374479561675333 1.375196218512357 0.42578398814470675
data/frame-000101.color.jpg 0.20602082181881942 0.2553502219094186 0.7920989093803615 -0.5147144867850039 -0.12102997585351524 1.387738113473026 0.4139245073226385
data/frame-000102.color.jpg 0.2098508414476136 0.2826743177544381 0.7870938790938424 -0.506498844933331 -0.05798714734067396 1.393665544382974 0.4319140446808232
data/frame-000103.color.jpg 0.2126456928342525 0.28940495225714413 0.7844944576572419 -0.5055640699586469 -0.04153753377351739 1.4017003418456428 0.4100571611139823
data/frame-000104.color.jpg 0.22569840171376926 0.2885568070469257 0.7825428803626071 -0.5034102114225811 -0.05948920912464494 1.4013072556807582 0.37813544153233036
data/frame-000105.color.jpg 0.2305092640609688 0.30933159956852435 0.7749607689916955 -0.5006148691501775 0.01001599076531597 1.4285060100933493 0.3614864244653305
data/frame-000106.color.jpg 0.24763420155557836 0.3449227580739733 0.7560341391244819 -0.4981144182423136 0.12842031610199173 1.4481503979419343 0.3418119171510957
data/frame-000107.color.jpg 0.2684226564428312 0.3692505931549233 0.7456856012950032 -0.4853413860204182 0.19076251645542877 1.450382020875297 0.35135004570189554
data/frame-000108.color.jpg 0.278818300483896 0.3848502846722751 0.7351812401218158 -0.4833830343277363 0.25819424013777653 1.4558690183509808 0.3480970792345623
data/frame-000109.color.jpg 0.28919574082097216 0.4105627675456203 0.7266160972887141 -0.46886360976003283 0.3075838585860495 1.4419968803198713 0.3925839011459995
data/frame-000110.color.jpg 0.30229016310698664 0.42935487939029315 0.7138018737748288 -0.4634241360007507 0.32650231734474705 1.4338976753716317 0.41037391919137467
data/frame-000111.color.jpg 0.31288664230250596 0.4586683051683562 0.7066070687846319 -0.4386704745549242 0.30058643228084697 1.4120393085795198 0.4677002020765217
data/frame-000112.color.jpg 0.32081195914102256 0.4770391749672559 0.6972676984160625 -0.428171775300784 0.2694504598288141 1.4025454834406328 0.4839151427803678
data/frame-000113.color.jpg 0.32455636014534095 0.4962023998910365 0.695011322578227 -0.40670088384419295 0.2138580846570845 1.3799229908807085 0.5298710809152483
data/frame-000114.color.jpg 0.33161855783979727 0.5191196642044273 0.6874465766488742 -0.3846571338039625 0.16579754058383173 1.3568918150804443 0.5615101387090411
data/frame-000115.color.jpg 0.3339529851597472 0.5307491729569473 0.6778940146794438 -0.3837191993765691 0.1649646827637827 1.3583798004541294 0.5487708606307604
data/frame-000116.color.jpg 0.331673004143153 0.5321434899697963 0.6773923169922728 -0.384650455979531 0.14384281153322287 1.3607823064204658 0.5314411347214072
data/frame-000117.color.jpg 0.32692322433524174 0.5401048786763178 0.6801191688134981 -0.37262023781958736 0.11547491924426731 1.3442110499090927 0.5522126539306216
data/frame-000118.color.jpg 0.32657482834581286 0.5571535246933476 0.6723168931690507 -0.36182706721885477 0.11795015047108914 1.3415708315680137 0.5670472905362729
data/frame-000119.color.jpg 0.3310675057878971 0.5709601179843256 0.6611020227696996 -0.35685146177718985 0.11567108389553334 1.3434959410589924 0.5627645998116223
data/frame-000120.color.jpg 0.33247894063204053 0.5770239393265177 0.6546159711859563 -0.35774160751661377 0.11833467938191958 1.3401277989975264 0.5578123088319658
data/frame-000121.color.jpg 0.3208911088404923 0.6008754136329653 0.6550093523359167 -0.32701740307056276 0.10425724212733659 1.2843114057307268 0.6345179103363481
data/frame-000122.color.jpg 0.3155276917713033 0.6127100786959356 0.6499709017599932 -0.32025999134327526 0.11821728658189089 1.2702455434155389 0.6557905111234581
data/frame-000123.color.jpg 0.30737066850617323 0.6258335486329933 0.6497389123049269 -0.3028118019237597 0.11343754760647982 1.2301371220346398 0.7023548858767766
data/frame-000124.color.jpg 0.3039183440172602 0.6326171467006773 0.6474153713239933 -0.29712375004956393 0.11560906038478538 1.2130705868919254 0.7209064116779941
data/frame-000125.color.jpg 0.29993851998410503 0.6290448386276087 0.6539913786161312 -0.2943378193869815 0.11169894268805101 1.1929451610946713 0.7443469307689351
data/frame-000126.color.jpg 0.29917456245258556 0.6307668646447273 0.6499752454604669 -0.30026642159284206 0.14361956052026129 1.1924445253081812 0.7495107045211362
data/frame-000127.color.jpg 0.2990219640076059 0.6394274191049392 0.6416153840501546 -0.300080222087365 0.17730962085022653 1.180959815658571 0.7659663113017865
data/frame-000128.color.jpg 0.2875309281980301 0.6517817335779671 0.6347281989511258 -0.2993771042680789 0.2534311618607725 1.1298600422984175 0.8263153670862318
data/frame-000129.color.jpg 0.29664591755697717 0.6540476179663294 0.6324931330300898 -0.29012988418832597 0.24215379805853043 1.1112406225226048 0.8567357415381295
data/frame-000130.color.jpg 0.30218749279624985 0.6555675321756621 0.6271739099645988 -0.29251806203095787 0.2464684535329943 1.1122624415187021 0.8580967068856783
data/frame-000131.color.jpg 0.30611326903106023 0.661489616806517 0.6199449303863366 -0.2905072058806227 0.24848993605458158 1.1082832520664567 0.8618526053562354
data/frame-000132.color.jpg 0.32422897632335235 0.6788160478173387 0.5972377376127957 -0.2781931503633927 0.21879507991426486 1.1157321382640504 0.864473048447436
data/frame-000133.color.jpg 0.3359808062621051 0.6889550155342276 0.5798994289787823 -0.27599734901585604 0.2120255805116027 1.1314945968873713 0.8551982283494689
data/frame-000134.color.jpg 0.3558577624962193 0.7049078538109146 0.5528218081311483 -0.2661920715601469 0.19032350609250337 1.1446155442740922 0.850860628081652
data/frame-000135.color.jpg 0.36539593013274524 0.7145586662325728 0.5387603860591093 -0.25618152386109605 0.1745108593135516 1.1427855500760258 0.8522962636474732
data/frame-000136.color.jpg 0.37638375152945514 0.7268016323390395 0.5148097664174787 -0.2550795233159706 0.17341401165196754 1.162444301626856 0.8379132033821386
data/frame-000137.color.jpg 0.3823941653455048 0.7292690788673912 0.5097586171245914 -0.24917356437801688 0.1476303081571322 1.1685232706813662 0.8314743154648951
data/frame-000138.color.jpg 0.3880108552448833 0.7361476258695335 0.5012797682741985 -0.2371768181289006 0.09907678865757531 1.1761931725469341 0.8276022732456357
data/frame-000139.color.jpg 0.3893710821074238 0.7400610962899161 0.4954482219706566 -0.23501232632093438 0.07999857547865885 1.1823034236847205 0.8162781232450652
data/frame-000140.color.jpg 0.3920844771764729 0.7422470671187468 0.4920277377125471 -0.23075476036767653 0.04787700027252139 1.1956259356965506 0.7976080880164805
data/frame-000141.color.jpg 0.39489656675499707 0.7408688023352232 0.4924815466213469 -0.22941675075925588 0.024629964815640382 1.212258139498636 0.7752892899003975
data/frame-000142.color.jpg 0.4041601576823807 0.7291168167545269 0.4981064731511656 -0.2386067389509484 -0.0047755214597987525 1.2409200450480882 0.725863935262156
data/frame-000143.color.jpg 0.41113132383546785 0.7196981632002751 0.5028726196045364 -0.24520341942867976 -0.024095665677987477 1.2607719613589823 0.6974162564708382
data/frame-000144.color.jpg 0.4205878220909405 0.7157430086112407 0.49751228144867693 -0.25159363930882905 -0.025827443948700377 1.2878999950489365 0.6639296556696023
data/frame-000145.color.jpg 0.4413270047928485 0.7168251337499606 0.4753984907465759 -0.255711707711639 -0.017929017119785555 1.3297497848628486 0.603615689594224
data/frame-000146.color.jpg 0.4603581495974417 0.7126251850569075 0.4645012196901518 -0.2539179722433789 -0.03420223971138211 1.3651645223436184 0.5549450097665665
data/frame-000147.color.jpg 0.4702412470053553 0.7074670844252318 0.4605681062027736 -0.2573723248884778 -0.03690200465277321 1.3829749598945427 0.5228095152905382
data/frame-000148.color.jpg 0.4792885419632584 0.7007084939727845 0.4596049472729672 -0.26087045148758947 -0.045317019920656246 1.398773947119608 0.4926148863602152
data/frame-000149.color.jpg 0.49635782525652417 0.6880011389149074 0.4561782385993291 -0.2686722106709553 -0.0569417420325988 1.4277107142860435 0.43386967672062343
data/frame-000150.color.jpg 0.5067461128544315 0.6809999060123388 0.4526095237680962 -0.273115587457998 -0.06447485326152158 1.442329994123013 0.39626272440179094
data/frame-000151.color.jpg 0.5230416741469944 0.675998797045396 0.44339542565579493 -0.2699139307375656 -0.08231327767745239 1.465094461348804 0.34374919586702707
data/frame-000152.color.jpg 0.5257480994654683 0.6763906684416383 0.4398730357200607 -0.269437027893235 -0.07890058873247305 1.4747559386174367 0.3294769356340383
data/frame-000153.color.jpg 0.5311593069879357 0.6817310927395934 0.42786636899663755 -0.2646561506442064 -0.06274936651566732 1.4883786705199868 0.30499063237532226
data/frame-000154.color.jpg 0.5373895047893336 0.7027081867643307 0.4002409705428629 -0.239208883396016 -0.024339239310436498 1.5042545397716063 0.2972347092253962
data/frame-000155.color.jpg 0.537979068350109 0.7212030270589411 0.3764074580855241 -0.22082151452194002 0.008833389466590907 1.507544110663707 0.31263193841994663
data/frame-000156.color.jpg 0.5419897794183234 0.7393023557011444 0.3483467461421422 -0.19578981156586778 0.030142102969132393 1.5099328049536225 0.32379900518503746
data/frame-000157.color.jpg 0.5500348945135477 0.7486434710544649 0.3250689983222137 -0.1769878933565386 0.03791166010276126 1.5121139011117541 0.31803970217199595
data/frame-000158.color.jpg 0.5591174375463781 0.7613692120291097 0.29008996681134336 -0.15346799393078325 0.05047045627515148 1.5152915394075932 0.31773439332503917
data/frame-000159.color.jpg 0.5610450590712296 0.7705970711226816 0.2705940351139769 -0.13486090549021224 0.049230278662022155 1.51309483870453 0.3343192813166508
data/frame-000160.color.jpg 0.5601378268239896 0.7829537826240337 0.24527283964130467 -0.11432507760726261 0.05743536126921163 1.5052333383224612 0.3579389774552839
data/frame-000161.color.jpg 0.5592382834793119 0.7885353509789021 0.23378967998033048 -0.10395637586212184 0.062043713910931386 1.4981872596721935 0.37333399613498724
data/frame-000162.color.jpg 0.5486821509751022 0.7997656726845723 0.22659924883770194 -0.08930591482605402 0.05822666506471876 1.4743603618239607 0.4233727344356118
data/frame-000163.color.jpg 0.5360590389481935 0.8124236710146974 0.21603601422530683 -0.07705145095704045 0.06314680093628491 1.4462637222317893 0.4709189204784141
data/frame-000164.color.jpg 0.527236133107566 0.8211584082273897 0.20549816608800162 -0.07410419878595993 0.08180132293296152 1.4278695024428711 0.5005842548339282
data/frame-000165.color.jpg 0.5211006044467503 0.8282883616827672 0.19378359159570555 -0.06957348327040813 0.0946174900714914 1.4112264647583677 0.5264550048576567
data/frame-000166.color.jpg 0.5175957409624096 0.8313082180368844 0.1934624656073959 -0.059946392410396725 0.07546246772556735 1.4010482290183934 0.544197097283684
data/frame-000167.color.jpg 0.5122537535989841 0.8376920994856789 0.18234556055342 -0.05116771374104618 0.0776326325471467 1.3843630932561437 0.5696706429012639
data/frame-000168.color.jpg 0.503885991306074 0.8446681236832028 0.1753431128571516 -0.043467934993014476 0.07781396471534942 1.3650940567091594 0.6007493997532144
data/frame-000169.color.jpg 0.49163510177355624 0.8550822575016939 0.1616354204319207 -0.03167412937569931 0.0777830676075242 1.3316094379435015 0.639328445060737
data/frame-000170.color.jpg 0.47432834900328047 0.8652429643541883 0.1599535062717414 -0.02796615452247214 0.06536837567742405 1.2982077286526494 0.6799964190410829
data/frame-000171.color.jpg 0.46575701972971023 0.8681109985359337 0.1698197643298858 -0.02479799258778773 0.02517778977109208 1.2779685324593175 0.6993956663063606
data/frame-000172.color.jpg 0.46235681757860664 0.8685732490132326 0.17594287673519277 -0.02916827837435886 0.004324769313248074 1.267932231746698 0.7138435127222653
data/frame-000173.color.jpg 0.44330866162859245 0.8776800133120702 0.17788298824204823 -0.03889559424498084 0.005367978931782843 1.2140979960551228 0.7768149174831929
data/frame-000174.color.jpg 0.43986914429715906 0.8792391359163331 0.17884553556824015 -0.0383138640141579 -0.0016604060220687762 1.2031646987598663 0.7915582511077998
data/frame-000175.color.jpg 0.4416241654063111 0.8781738366418538 0.17928263624288923 -0.04045423968765091 -0.015500749626126457 1.1866080804809105 0.8012012906479556
data/frame-000176.color.jpg 0.4409120224452004 0.8786058640544248 0.17890112819976076 -0.04053036443598949 -0.01601295057022752 1.1820888864008543 0.8049527727860301
data/frame-000177.color.jpg 0.4324747856570919 0.883769581030767 0.17233843667034854 -0.047078133582116086 0.0019845682331069685 1.159931803299903 0.8269125529564209
data/frame-000178.color.jpg 0.42135976823919546 0.8910740534645649 0.16325042984453605 -0.04233525844039792 -0.004722190885257158 1.1308821012631742 0.8493701235118917
data/frame-000179.color.jpg 0.4175842054440905 0.8928829723998866 0.16261494726627276 -0.04404325019294859 -0.007181072283800906 1.1167262555351862 0.8595560778575014
data/frame-000180.color.jpg 0.40655403824338243 0.8984185634527648 0.1603428316801395 -0.04298924470449278 -0.0027159102302906583 1.090394909896221 0.8825656836688367
data/frame-000181.color.jpg 0.4042484456950293 0.9022739032191127 0.14566858314109 -0.03557613819074595 -0.0001339650791268408 1.0881808041901453 0.8839884720042513
data/frame-000182.color.jpg 0.4046190186335069 0.9070518293344204 0.11459824987622567 -0.020190834218666492 -0.007762750463298607 1.0898695442508997 0.8794456776693421
data/frame-000183.color.jpg 0.4030062708460065 0.9115023333939556 0.08198203194718032 -0.005328068503786693 -0.020930903820125295 1.0909049614397612 0.8728240847074662
data/frame-000184.color.jpg 0.4005481081568501 0.9138356296723562 0.06661143169573266 0.005345293325904279 -0.03645389753407409 1.0912922918790837 0.871452023177909
data/frame-000185.color.jpg 0.40183554034343777 0.9141246953413037 0.05253950353904069 0.01199335032165587 -0.042020633983018064 1.0981573065537598 0.8617024269274984
data/frame-000186.color.jpg 0.4167307960968945 0.9080138878725624 0.034768950665103 0.025245654767699594 -0.060357389139864076 1.1324732835917395 0.8197142950552815
data/frame-000187.color.jpg 0.41510547865197006 0.9088597147953521 0.022319578121363606 0.03410713778250101 -0.07509312552644672 1.1330382709889175 0.820108894845661
data/frame-000188.color.jpg 0.41223195457581946 0.9099592095367197 0.002562032152764192 0.045083129850933455 -0.08887226569505664 1.130164890072891 0.8205057669648131
data/frame-000189.color.jpg 0.4141485408849301 0.9086275719077332 -0.01087669008829812 0.05252255957837544 -0.09711924598698428 1.1397576462587 0.8121010314586408
data/frame-000190.color.jpg 0.4262888983786665 0.9026123383135901 -0.01796150027945495 0.05697478697535993 -0.10348555362223145 1.1662101106839833 0.7829555354421625
data/frame-000191.color.jpg 0.440801576718466 0.8950623956345233 -0.017307561478730988 0.06525125438765778 -0.12572331158853858 1.1955751535736527 0.7469902105705336
data/frame-000192.color.jpg 0.4528467681544727 0.8891011503833434 -0.01698827333465396 0.06434553230933714 -0.1261317336657175 1.220449099640775 0.7209703480765709
data/frame-000193.color.jpg 0.46061723859558806 0.885252450566559 -0.016872159043773628 0.062251012230157235 -0.12313552213516175 1.2363588864201174 0.7043139946805868
data/frame-000194.color.jpg 0.4777309090970054 0.8764660109149047 -0.016590654199768476 0.05749139411675064 -0.11289283752229683 1.2733179449774166 0.6666784220534816
data/frame-000195.color.jpg 0.4943506202615431 0.8671459689295142 -0.015544982135597523 0.05859766502793124 -0.11945561025634945 1.3009662432027278 0.6244164373871599
data/frame-000196.color.jpg 0.5072558663634116 0.8598372382888884 -0.013014355015976583 0.05658653775554748 -0.11863554823790486 1.326804495262857 0.5929461775396948
data/frame-000197.color.jpg 0.5180066112438547 0.8531973344129332 -0.014238189064654377 0.05933576687364367 -0.12586530019923733 1.3457241637206856 0.5638135627955189
data/frame-000198.color.jpg 0.5321270518525556 0.8437151643184825 -0.019144992171386023 0.06796316252574794 -0.14154050335185436 1.3731981535192366 0.5247376883707375
data/frame-000199.color.jpg 0.5400002958147886 0.8385348295438642 -0.020088963086397037 0.06968108584039341 -0.14594495815746084 1.3882664185220093 0.5012841603707817
data/frame-000200.color.jpg 0.5681123300847174 0.820098583447565 -0.018920012187443477 0.06579306173023022 -0.13846410469876191 1.43054294985011 0.42793178779331414
data/frame-000201.color.jpg 0.5736302116240438 0.8164218429107055 -0.017292397149023923 0.0640681491170358 -0.13730025886813527 1.4364891178702348 0.41453849339466203
data/frame-000202.color.jpg 0.5848308145105761 0.8088675746551991 -0.011502622535341355 0.05978172584595357 -0.14115787965136556 1.4561980255533737 0.3913827436344212
data/frame-000203.color.jpg 0.6110432396757896 0.7885827041318091 -0.009161695850734416 0.06840717301436916 -0.1681760742965543 1.4891419058649542 0.30999507916726515
data/frame-000204.color.jpg 0.6195002604069048 0.781830986224331 -0.006959125746628168 0.07008071706332573 -0.17382906212513763 1.4977711768888518 0.28549743205938755
data/frame-000205.color.jpg 0.6229934787413454 0.779513331844208 -0.005802374839839781 0.0648415250369479 -0.1564678063155457 1.5049804793460824 0.28297902431097444
data/frame-000206.color.jpg 0.6208014094849251 0.7811748848606226 -0.006254924513286584 0.06582009696024883 -0.16125504805753726 1.5012438234645014 0.2906761090596987
data/frame-000207.color.jpg 0.6137200833273053 0.7851881967681433 -0.020329655119237792 0.0800865787722879 -0.18040971622357344 1.4954055833630406 0.29813157951698394
data/frame-000208.color.jpg 0.6060484767460592 0.7888270202775064 -0.04066117010980508 0.09382880772552082 -0.18878347703768675 1.4881667191144397 0.30877389954498985
data/frame-000209.color.jpg 0.5993154122684261 0.7928398707980504 -0.04868060319967626 0.09927826933711349 -0.19273243796349082 1.480962225399511 0.32216866318595966
data/frame-000210.color.jpg 0.5929055887083148 0.797152156123949 -0.05436955494904339 0.10027638984341464 -0.19230688830117607 1.4727209518947488 0.3349822507508279
data/frame-000211.color.jpg 0.5854891918221465 0.8014482650746328 -0.061828632400859763 0.10516798411945504 -0.19837920199952436 1.4650051696503659 0.34831439951923243
data/frame-000212.color.jpg 0.5824047358402537 0.8011434254634461 -0.07496345537974293 0.1155613078200006 -0.2077453115819148 1.4652828872017674 0.3438818666127096
data/frame-000213.color.jpg 0.5794163591989263 0.8006810374820386 -0.08955236099142022 0.12315410488574431 -0.2065260789991096 1.4653958828841795 0.34052336804231814
data/frame-000214.color.jpg 0.5729683284339321 0.8030939963830208 -0.1019337773694973 0.12789383337894222 -0.20512883759755418 1.4607856792403229 0.35037035671221656
data/frame-000215.color.jpg 0.5642258476871549 0.8054286986570736 -0.11890440188442827 0.13709685406234065 -0.20778377925424107 1.4566938381136494 0.35891826609394223
data/frame-000216.color.jpg 0.5557676133502706 0.8072806903791938 -0.13250949800276135 0.14785628099912626 -0.2195386891783468 1.451143317927371 0.3605299747561617
data/frame-000217.color.jpg 0.5543086391390691 0.8065694675494763 -0.1380996580540773 0.15203983372160643 -0.22156538159465852 1.4503870397813392 0.35802068071579424
data/frame-000218.color.jpg 0.5381395826179479 0.8101757424022804 -0.1595012141416827 0.1690574421018599 -0.23884054394265908 1.4352720328029216 0.37954368931719235
data/frame-000219.color.jpg 0.5199556814899072 0.8183632062515496 -0.1716116809649823 0.17457715456617995 -0.24940472838296027 1.4140835927631306 0.41945565518603556
data/frame-000220.color.jpg 0.5018242415266607 0.8270644905213448 -0.18210201563170275 0.1759989063537932 -0.2570490825375831 1.386686183934443 0.4619808999684657
data/frame-000221.color.jpg 0.49105025617208137 0.8304986185110398 -0.18929428800004025 0.18250852882850513 -0.2719497876819553 1.371400922400274 0.47952083934685663
data/frame-000222.color.jpg 0.478420394156779 0.8367600730370933 -0.19309215818233577 0.18347186453055422 -0.2817531909428759 1.3484438291198448 0.5104885335368302
data/frame-000223.color.jpg 0.46730753912740564 0.8400967548004941 -0.20016807871977238 0.18919261801138515 -0.29531125387868673 1.327524119508798 0.5301247399291222
data/frame-000224.color.jpg 0.4613689721487373 0.8402938934645827 -0.20712047613717086 0.19530988840624874 -0.3056125129822234 1.3192115626149095 0.5341308529461246
data/frame-000225.color.jpg 0.45679960765462596 0.8417730214815945 -0.21075087833671 0.19579674673659134 -0.30546329090200025 1.3130987210025111 0.5437256687018344
data/frame-000226.color.jpg 0.4403431519723579 0.8507842578728195 -0.21402878713233275 0.1909338454688115 -0.30219545077166216 1.278970962119749 0.584532433646544
data/frame-000227.color.jpg 0.4191730244800627 0.8607749085224461 -0.22209598020789395 0.18448281215849324 -0.2989146101093306 1.2418071280266352 0.6331464506953095
data/frame-000228.color.jpg 0.40927075146605135 0.8648409267615107 -0.22426045875479572 0.1850807122090067 -0.30678808345100816 1.2218521332844607 0.6518920414246159
data/frame-000229.color.jpg 0.40746674362631946 0.8665139245944575 -0.22479765720250294 0.18052834857367936 -0.297245255621706 1.2143254219871689 0.6631778282980891
