data/frame-000528.color.jpg 0.0515716 0.125432 0.949979 -0.281331 -0.168759 -2.11521 2.71801
data/frame-000517.color.jpg 0.12632 0.213844 0.890722 -0.380694 -0.898315 -1.26887 3.11474
data/frame-000277.color.jpg 0.60608 0.699297 -0.271008 0.264961 2.28694 2.1633 -3.15443
data/frame-000266.color.jpg 0.567411 0.735439 -0.286523 0.234691 2.2771 2.45827 -2.95759
data/frame-000411.color.jpg -0.343115 -0.603064 0.633456 -0.342519 3.32133 1.49326 0.00755369
data/frame-000092.color.jpg 0.395541 0.847169 -0.353289 0.0322387 2.4512 2.12067 -1.21146
data/frame-000596.color.jpg 0.106484 0.0453 0.855409 -0.504861 -1.44924 -0.179689 3.20291
data/frame-000585.color.jpg 0.05143 0.038981 0.934117 -0.351086 -1.08236 -1.57615 3.0653
data/frame-000334.color.jpg 0.567078 0.728328 -0.280776 0.262916 2.30521 2.41622 -2.88415
data/frame-000479.color.jpg 0.0704651 0.0917107 0.896872 -0.426902 0.408173 -1.06725 3.3987
data/frame-000490.color.jpg 0.0643334 0.0821808 0.932742 -0.345109 0.303415 -1.6447 3.0751
data/frame-000228.color.jpg 0.406447 0.848762 -0.305836 0.144458 2.14937 3.395 -2.05606
data/frame-000239.color.jpg 0.408232 0.837252 -0.317484 0.17765 2.27243 3.34091 -2.01229
data/frame-000373.color.jpg 0.375729 0.850928 -0.342786 0.131324 1.79337 2.92499 -1.40679
data/frame-000122.color.jpg 0.422709 0.896751 -0.120119 0.0522148 0.476447 3.27167 -1.87691
data/frame-000547.color.jpg 0.0821403 0.140665 0.901637 -0.400646 -0.680878 -1.07235 3.07658
data/frame-000558.color.jpg 0.0343093 0.0211373 0.878508 -0.476025 -0.189054 -0.476175 3.33337
data/frame-000296.color.jpg 0.681017 0.61506 -0.228512 0.325114 2.31046 1.46778 -3.48381
data/frame-000307.color.jpg 0.70416 0.582588 -0.220093 0.34104 2.36094 1.21458 -3.52856
data/frame-000441.color.jpg -0.0638509 -0.156178 0.891709 -0.419984 2.39114 -0.563962 2.7986
data/frame-000034.color.jpg 0.582958 0.797668 -0.124147 0.0920483 2.48154 2.58174 -3.0956
data/frame-000045.color.jpg 0.459984 0.866685 -0.178894 0.0725798 2.78949 3.02921 -2.20935
data/frame-000452.color.jpg -0.00205606 -0.0811061 0.859813 -0.504122 1.76397 -0.10208 3.25388
data/frame-000190.color.jpg 0.571818 0.811166 0.1119 -0.05013 -1.31765 2.61724 -3.1066
data/frame-000586.color.jpg 0.0666156 0.0477985 0.92797 -0.363522 -1.21472 -1.46918 3.07403
data/frame-000335.color.jpg 0.561243 0.733825 -0.283147 0.257557 2.30317 2.45089 -2.84067
data/frame-000509.color.jpg 0.112141 0.136154 0.864975 -0.469792 -0.411356 -0.6428 3.39444
data/frame-000520.color.jpg 0.126047 0.210512 0.903113 -0.352398 -0.890327 -1.49655 2.99401
data/frame-000247.color.jpg 0.475289 0.796346 -0.310244 0.209004 2.32675 3.03882 -2.43509
data/frame-000258.color.jpg 0.53109 0.760883 -0.292885 0.230694 2.27608 2.72198 -2.75545
data/frame-000269.color.jpg 0.577092 0.727149 -0.282674 0.241485 2.2775 2.38415 -3.00386
data/frame-000392.color.jpg 0.384468 0.77461 -0.466523 0.185796 2.48974 2.32856 -1.13842
data/frame-000007.color.jpg 0.438049 0.89874 0.0194465 -0.000617174 1.48175 3.8374 -2.73811
data/frame-000018.color.jpg 0.534762 0.839792 -0.0693169 0.0630512 2.13799 3.06316 -3.04942
data/frame-000403.color.jpg 0.373146 0.658916 -0.588794 0.282689 3.25335 1.68226 -0.50513
data/frame-000141.color.jpg 0.489455 0.871665 0.0183648 0.0172493 -0.622706 3.15242 -2.50499
data/frame-000152.color.jpg 0.4877 0.872676 0.0129292 0.0204417 -0.564039 3.19282 -2.52451
data/frame-000326.color.jpg 0.609167 0.681666 -0.282555 0.290534 2.47533 2.08002 -3.03278
data/frame-000471.color.jpg 0.0613052 0.051879 0.872578 -0.481828 0.708662 -0.561367 3.49181
data/frame-000460.color.jpg -0.0205398 -0.0513524 0.82124 -0.567895 1.73804 0.311861 3.30039
data/frame-000075.color.jpg 0.311599 0.675537 -0.632826 0.214677 4.15996 0.128172 1.02264
data/frame-000616.color.jpg -0.0107346 -0.0807708 0.773946 -0.627988 -0.130698 0.894877 3.67936
data/frame-000209.color.jpg 0.458211 0.840406 -0.247369 0.150231 1.82663 3.35941 -2.6211
data/frame-000220.color.jpg 0.428431 0.838313 -0.29502 0.163222 2.11591 3.33399 -2.22437
data/frame-000605.color.jpg 0.0106262 -0.0668447 0.835561 -0.545213 -0.441035 0.103828 3.62555
data/frame-000354.color.jpg 0.425557 0.844996 -0.286094 0.151763 1.69862 3.12831 -1.98742
data/frame-000365.color.jpg 0.38104 0.811201 -0.414054 0.159124 2.4663 2.7229 -1.3735
data/frame-000103.color.jpg 0.356497 0.867147 -0.346167 0.0336953 2.16504 2.57267 -1.15389
data/frame-000114.color.jpg 0.378866 0.899045 -0.209949 0.064027 1.08478 3.07287 -1.39884
data/frame-000539.color.jpg 0.0797871 0.181836 0.927848 -0.315701 -0.824426 -1.7694 2.81964
data/frame-000288.color.jpg 0.641494 0.660716 -0.243702 0.304219 2.26437 1.87952 -3.33163
data/frame-000422.color.jpg -0.195729 -0.454465 0.785449 -0.371782 3.31891 0.615649 1.48449
data/frame-000037.color.jpg 0.5483 0.816585 -0.155797 0.0910099 2.68892 2.6898 -2.78606
data/frame-000433.color.jpg -0.109933 -0.263316 0.885597 -0.366465 2.87794 -0.541045 2.32638
data/frame-000171.color.jpg 0.557598 0.829856 -0.00648853 0.0195456 -0.316946 2.85017 -3.14672
data/frame-000182.color.jpg 0.600291 0.797208 0.0532525 -0.035682 -0.849384 2.50816 -3.34926
data/frame-000316.color.jpg 0.703663 0.583931 -0.217643 0.341344 2.33608 1.23214 -3.51986
data/frame-000327.color.jpg 0.599917 0.689382 -0.285835 0.288357 2.48051 2.14621 -2.98333
data/frame-000065.color.jpg 0.316138 0.792357 -0.498078 0.155386 4.37426 1.33943 0.0923224
data/frame-000076.color.jpg 0.304908 0.671552 -0.641922 0.209725 4.09231 0.0450783 1.05226
data/frame-000250.color.jpg 0.490924 0.786654 -0.308592 0.21199 2.3245 2.95565 -2.52042
data/frame-000384.color.jpg 0.332956 0.847833 -0.396329 0.11508 2.02554 2.81235 -1.06628
data/frame-000395.color.jpg 0.377159 0.737908 -0.514323 0.220715 2.77589 2.12055 -0.91276
data/frame-000144.color.jpg 0.484473 0.874561 0.00409185 0.0202755 -0.518331 3.19271 -2.47896
data/frame-000133.color.jpg 0.457515 0.889054 2.64639e-05 0.0162326 -0.570875 3.22026 -2.16227
data/frame-000289.color.jpg 0.645789 0.657712 -0.238739 0.305574 2.22987 1.85489 -3.37114
data/frame-000027.color.jpg 0.585737 0.802541 -0.075022 0.0849266 2.13735 2.72979 -3.28994
data/frame-000201.color.jpg 0.533245 0.831601 -0.127753 0.0881376 0.805873 3.0772 -3.34059
data/frame-000346.color.jpg 0.469062 0.811652 -0.286361 0.197986 1.99286 2.98188 -2.27154
data/frame-000357.color.jpg 0.398873 0.84853 -0.316787 0.143326 1.84486 3.1273 -1.76448
data/frame-000095.color.jpg 0.396129 0.871237 -0.289696 0.0101764 1.96269 2.44627 -1.35118
data/frame-000084.color.jpg 0.345125 0.746098 -0.56292 0.0857156 3.55238 0.70693 -0.248317
data/frame-000106.color.jpg 0.359654 0.89104 -0.275041 0.032393 1.5872 2.87576 -1.22542
data/frame-000588.color.jpg 0.096064 0.0355748 0.916602 -0.386454 -1.31967 -1.29651 3.10869
data/frame-000482.color.jpg 0.0838273 0.0987274 0.907934 -0.3986 0.288219 -1.29024 3.34068
data/frame-000231.color.jpg 0.399259 0.848202 -0.315695 0.146567 2.21523 3.38512 -1.97934
data/frame-000414.color.jpg -0.323565 -0.573278 0.66712 -0.348725 3.44331 1.3316 0.241845
data/frame-000163.color.jpg 0.511299 0.859358 -1.49984e-05 0.00885676 -0.415149 3.12996 -2.77522
data/frame-000057.color.jpg 0.350122 0.902654 -0.239802 0.071587 3.14381 3.09077 -1.27211
data/frame-000046.color.jpg 0.453067 0.870612 -0.178764 0.0693387 2.78297 3.0572 -2.17562
data/frame-000068.color.jpg 0.308314 0.743251 -0.564246 0.184787 4.44805 0.764763 0.573204
data/frame-000550.color.jpg 0.0815194 0.0913039 0.897881 -0.422881 -0.492104 -0.894406 3.14998
data/frame-000561.color.jpg 0.0345185 -0.0051215 0.872594 -0.487198 -0.141758 -0.359308 3.34132
data/frame-000299.color.jpg 0.689606 0.603665 -0.231223 0.326447 2.35676 1.36767 -3.48598
data/frame-000444.color.jpg -0.0364406 -0.113847 0.885659 -0.448686 2.11225 -0.486628 3.02693
data/frame-000193.color.jpg 0.580553 0.813294 0.0384796 -0.00561564 -0.727328 2.67557 -3.38396
data/frame-000376.color.jpg 0.366687 0.855474 -0.34183 0.129835 1.74645 2.93902 -1.34102
data/frame-000125.color.jpg 0.428758 0.900121 -0.0641304 0.0428497 -0.0276147 3.29217 -1.95778
data/frame-000618.color.jpg -0.00087898 -0.076056 0.76402 -0.640693 -0.217048 1.00689 3.64308
data/frame-000030.color.jpg 0.585325 0.799441 -0.0929968 0.0981815 2.28985 2.70506 -3.20801
data/frame-000501.color.jpg 0.104014 0.104607 0.891382 -0.428576 -0.14561 -0.969187 3.3054
data/frame-000512.color.jpg 0.122899 0.160343 0.866134 -0.457163 -0.602215 -0.720832 3.35749
data/frame-000523.color.jpg 0.0787853 0.146989 0.938548 -0.302183 -0.380223 -1.94843 2.82944
data/frame-000261.color.jpg 0.546276 0.753908 -0.288573 0.223452 2.25628 2.6199 -2.85205
data/frame-000406.color.jpg -0.371673 -0.615162 0.621837 -0.311053 3.41206 1.43161 -0.256882
data/frame-000087.color.jpg 0.377541 0.797138 -0.464365 0.0799909 3.1582 1.38062 -0.647303
data/frame-000580.color.jpg 0.0142876 -0.0664909 0.940556 -0.332761 -0.231039 -1.76689 3.10265
data/frame-000318.color.jpg 0.70163 0.587649 -0.22002 0.337601 2.32658 1.25799 -3.49698
data/frame-000329.color.jpg 0.587609 0.701401 -0.287246 0.283271 2.45163 2.24718 -2.93816
data/frame-000463.color.jpg 0.00109722 -0.0356659 0.813241 -0.580832 1.52769 0.403261 3.39029
data/frame-000474.color.jpg 0.0658631 0.071698 0.884864 -0.455563 0.568215 -0.807028 3.45089
data/frame-000619.color.jpg 0.00734992 -0.0718582 0.759063 -0.646997 -0.287609 1.05871 3.61987
data/frame-000212.color.jpg 0.445761 0.843531 -0.25976 0.149257 1.90506 3.4011 -2.50396
data/frame-000223.color.jpg 0.422002 0.842907 -0.29312 0.159695 2.08821 3.3742 -2.18603
data/frame-000531.color.jpg 0.0401079 0.128613 0.955337 -0.263025 -0.171406 -2.23599 2.62274
data/frame-000542.color.jpg 0.0877533 0.168679 0.914658 -0.356717 -0.810351 -1.46308 2.98164
data/frame-000280.color.jpg 0.617641 0.689229 -0.267723 0.267967 2.29389 2.06776 -3.21192
data/frame-000291.color.jpg 0.650309 0.650771 -0.238169 0.31124 2.26206 1.8042 -3.36732
data/frame-000425.color.jpg -0.179152 -0.436157 0.810957 -0.34644 3.317 0.352954 1.52219
data/frame-000029.color.jpg 0.589493 0.796668 -0.0920325 0.0966789 2.28882 2.67672 -3.23775
data/frame-000436.color.jpg -0.107461 -0.273885 0.875486 -0.383359 2.84742 -0.337604 2.3246
data/frame-000174.color.jpg 0.586487 0.809886 0.0074559 0.00781497 -0.442334 2.64717 -3.32466
data/frame-000185.color.jpg 0.593091 0.798893 0.0834272 -0.0552495 -1.10031 2.51979 -3.24043
data/frame-000610.color.jpg -0.00844606 -0.076642 0.821844 -0.564471 -0.143378 0.282818 3.75211
data/frame-000359.color.jpg 0.392257 0.845028 -0.333226 0.144993 1.91906 3.07642 -1.67693
data/frame-000493.color.jpg 0.0599376 0.0844468 0.93479 -0.339769 0.266674 -1.6638 3.02179
data/frame-000504.color.jpg 0.10942 0.116075 0.874668 -0.457722 -0.254426 -0.740856 3.37516
data/frame-000242.color.jpg 0.452856 0.814709 -0.300032 0.202858 2.22575 3.19612 -2.32837
data/frame-000253.color.jpg 0.505784 0.776274 -0.306411 0.218388 2.33272 2.85059 -2.59776
data/frame-000387.color.jpg 0.337499 0.831003 -0.421596 0.133365 2.17635 2.68863 -1.03101
data/frame-000002.color.jpg 0.410223 0.911927 0.0102734 0.000689652 1.55996 3.96492 -2.51727
data/frame-000398.color.jpg 0.3776 0.713307 -0.539912 0.238971 2.95262 1.98113 -0.810004
data/frame-000136.color.jpg 0.479807 0.877032 0.0191407 0.0153033 -0.663958 3.14619 -2.3601
data/frame-000147.color.jpg 0.483528 0.875014 0.00307591 0.02328 -0.503179 3.19824 -2.47274
data/frame-000455.color.jpg 0.00995891 -0.0613601 0.851881 -0.520034 1.60263 -0.0177668 3.35494
data/frame-000059.color.jpg 0.340228 0.901187 -0.259587 0.0687038 3.25974 2.98535 -1.17045
data/frame-000070.color.jpg 0.300693 0.696617 -0.614581 0.215866 4.3727 0.328259 1.01652
data/frame-000466.color.jpg 0.026612 -0.00951429 0.827279 -0.561081 1.238 0.193934 3.48597
data/frame-000204.color.jpg 0.495332 0.840313 -0.18183 0.124332 1.27892 3.27596 -3.01235
data/frame-000215.color.jpg 0.410505 0.847904 -0.281582 0.182361 2.06116 3.51109 -2.12648
data/frame-000600.color.jpg 0.0791027 0.00361525 0.843975 -0.530505 -1.14168 0.0312882 3.31676
data/frame-000349.color.jpg 0.452561 0.826911 -0.2843 0.174875 1.84628 3.05153 -2.17836
data/frame-000360.color.jpg 0.394576 0.839999 -0.345748 0.138454 1.99112 3.00491 -1.66828
data/frame-000611.color.jpg -0.00882922 -0.0819143 0.817221 -0.570405 -0.118107 0.33853 3.75593
data/frame-000098.color.jpg 0.371701 0.881494 -0.289275 0.0335677 1.90741 2.62788 -1.21401
data/frame-000272.color.jpg 0.578274 0.723646 -0.282704 0.249026 2.29766 2.37369 -2.99284
data/frame-000417.color.jpg -0.291539 -0.52566 0.712125 -0.362718 3.53507 1.0628 0.646269
data/frame-000021.color.jpg 0.557727 0.823386 -0.0800481 0.0675809 2.2151 2.88456 -3.16611
data/frame-000428.color.jpg -0.157174 -0.344774 0.859662 -0.342648 3.21171 -0.239729 1.85558
data/frame-000155.color.jpg 0.490622 0.871053 0.00647752 0.0226798 -0.505947 3.18551 -2.56569
data/frame-000166.color.jpg 0.528182 0.848542 -0.0137621 0.0284891 -0.256845 3.04883 -2.94304
data/frame-000177.color.jpg 0.592961 0.805052 0.0169214 -0.00134497 -0.527071 2.59342 -3.36096
data/frame-000311.color.jpg 0.70493 0.580663 -0.218756 0.343585 2.36159 1.20797 -3.52789
data/frame-000060.color.jpg 0.328191 0.887439 -0.312956 0.0824702 3.57862 2.68942 -0.913442
data/frame-000553.color.jpg 0.0699761 0.0432466 0.889205 -0.450053 -0.348794 -0.680638 3.26114
data/frame-000485.color.jpg 0.0697948 0.0682762 0.922854 -0.372568 0.458154 -1.45808 3.21836
data/frame-000234.color.jpg 0.39206 0.847445 -0.324746 0.150551 2.28256 3.37936 -1.90336
data/frame-000368.color.jpg 0.375761 0.814069 -0.410973 0.164915 2.39623 2.71349 -1.29172
data/frame-000379.color.jpg 0.348033 0.855953 -0.360478 0.127563 1.82871 2.91616 -1.19121
data/frame-000390.color.jpg 0.368582 0.798762 -0.446194 0.164431 2.35145 2.47808 -1.12578
data/frame-000117.color.jpg 0.390998 0.905411 -0.153393 0.0618262 0.707462 3.19018 -1.53253
data/frame-000128.color.jpg 0.432955 0.900609 -0.017452 0.0339084 -0.419579 3.2761 -1.97516
data/frame-000139.color.jpg 0.485906 0.873586 0.0241805 0.0125708 -0.683395 3.15398 -2.45004
data/frame-000022.color.jpg 0.563361 0.819402 -0.0824395 0.0663946 2.22382 2.83119 -3.20168
data/frame-000515.color.jpg 0.130948 0.18885 0.877348 -0.421248 -0.790835 -0.978508 3.24564
data/frame-000447.color.jpg -0.0303495 -0.0984998 0.878318 -0.466834 2.01543 -0.383134 3.09624
data/frame-000196.color.jpg 0.569256 0.818666 -0.0454779 0.0605326 0.0841719 2.82539 -3.5096
data/frame-000341.color.jpg 0.505458 0.794088 -0.275646 0.194823 1.99937 2.86178 -2.53946
data/frame-000352.color.jpg 0.4359 0.840612 -0.281538 0.155237 1.70177 3.10894 -2.07193
data/frame-000330.color.jpg 0.585038 0.705397 -0.285568 0.28035 2.42453 2.26904 -2.94025
data/frame-000079.color.jpg -0.280554 -0.658905 0.67112 -0.191653 3.88304 -0.183909 1.08181
data/frame-000090.color.jpg 0.392966 0.81871 -0.415546 0.0511199 2.87012 1.73533 -1.01936
data/frame-000101.color.jpg 0.373913 0.873286 -0.311926 0.0162299 1.98221 2.60939 -1.29418
data/frame-000572.color.jpg -0.0312198 -0.150345 0.893417 -0.42217 0.537676 -0.829497 3.23825
data/frame-000583.color.jpg 0.0286249 0.00592365 0.941623 -0.335398 -0.75633 -1.73088 3.06939
data/frame-000477.color.jpg 0.0704786 0.0816823 0.894033 -0.434817 0.472794 -0.988781 3.41057
data/frame-000409.color.jpg -0.355508 -0.602017 0.629044 -0.339842 3.34663 1.4693 -0.0696989
data/frame-000158.color.jpg 0.492754 0.869794 0.00996862 0.0235192 -0.520531 3.18568 -2.58201
data/frame-000041.color.jpg 0.528169 0.830743 -0.157862 0.0773444 2.66373 2.7728 -2.69801
data/frame-000052.color.jpg 0.380651 0.898673 -0.205601 0.0722455 2.95073 3.21091 -1.5771
data/frame-000534.color.jpg 0.0432542 0.158289 0.954787 -0.247903 -0.425051 -2.29852 2.52775
data/frame-000545.color.jpg 0.0907036 0.163464 0.905253 -0.381534 -0.807751 -1.23894 3.03468
data/frame-000283.color.jpg 0.626556 0.676816 -0.254659 0.290681 2.27872 2.00218 -3.25702
data/frame-000294.color.jpg 0.670713 0.624772 -0.23212 0.32546 2.3169 1.57509 -3.43595
data/frame-000371.color.jpg 0.379165 0.842401 -0.355905 0.141159 1.92807 2.89223 -1.41511
data/frame-000109.color.jpg 0.374251 0.890475 -0.257663 0.0245166 1.40972 2.89722 -1.35134
data/frame-000120.color.jpg 0.404788 0.903507 -0.124291 0.0661334 0.523009 3.27023 -1.68904
data/frame-000602.color.jpg 0.0607801 -0.0201579 0.839224 -0.540002 -0.9386 0.108064 3.38847
data/frame-000613.color.jpg -0.0182494 -0.0858481 0.798192 -0.595975 -0.0483602 0.597248 3.72987
data/frame-000496.color.jpg 0.0850226 0.0877205 0.915228 -0.38397 0.0734304 -1.32186 3.17887
data/frame-000507.color.jpg 0.114646 0.130765 0.87146 -0.4586 -0.382589 -0.715403 3.37138
data/frame-000245.color.jpg 0.468162 0.805966 -0.298354 0.205496 2.23147 3.12472 -2.43005
data/frame-000256.color.jpg 0.521679 0.765859 -0.301276 0.22482 2.32119 2.76467 -2.68769
data/frame-000071.color.jpg 0.307275 0.684244 -0.623278 0.22117 4.32682 0.23407 1.05539
data/frame-000082.color.jpg -0.286797 -0.654308 0.680093 -0.164624 3.78386 -0.221493 0.837683
data/frame-000564.color.jpg -0.00610145 -0.0650337 0.858617 -0.508439 0.248286 -0.114421 3.27603
data/frame-000575.color.jpg -0.0312939 -0.130705 0.919487 -0.369434 0.441459 -1.31215 3.16628
data/frame-000313.color.jpg 0.705755 0.582827 -0.217425 0.339041 2.33551 1.20887 -3.5401
data/frame-000324.color.jpg 0.628527 0.663376 -0.27387 0.299804 2.47309 1.93261 -3.12329
data/frame-000458.color.jpg 0.0105934 -0.0559795 0.840285 -0.539142 1.57843 0.127851 3.38473
data/frame-000469.color.jpg 0.0508158 0.0248653 0.855979 -0.513907 0.914193 -0.259233 3.51601
data/frame-000207.color.jpg 0.469673 0.840165 -0.231358 0.141435 1.69379 3.33535 -2.73798
data/frame-000218.color.jpg 0.429397 0.839137 -0.288992 0.167186 2.08544 3.35985 -2.24831
data/frame-000526.color.jpg 0.0553172 0.129285 0.948216 -0.284803 -0.193437 -2.08393 2.73884
data/frame-000537.color.jpg 0.0559033 0.180808 0.942606 -0.275094 -0.686253 -2.07957 2.64601
data/frame-000275.color.jpg 0.592415 0.713796 -0.274811 0.253019 2.26256 2.27557 -3.09856
data/frame-000286.color.jpg 0.634128 0.6688 -0.246559 0.299661 2.25812 1.94751 -3.30085
data/frame-000420.color.jpg -0.22132 -0.477374 0.764136 -0.373131 3.4236 0.771066 1.29218
data/frame-000013.color.jpg 0.491374 0.869042 -0.0494195 0.0295865 1.93805 3.31493 -2.87305
data/frame-000024.color.jpg 0.565142 0.817792 -0.0861842 0.0663612 2.21727 2.81645 -3.1964
data/frame-000431.color.jpg -0.112951 -0.276233 0.88575 -0.355507 2.93626 -0.549809 2.2645
data/frame-000169.color.jpg 0.5393 0.84144 -0.0163583 0.0294258 -0.228561 2.98476 -3.02988
data/frame-000343.color.jpg 0.490616 0.799275 -0.298156 0.177648 2.09216 2.82894 -2.41148
data/frame-000488.color.jpg 0.0675451 0.073403 0.9274 -0.360526 0.371113 -1.53946 3.1539
data/frame-000499.color.jpg 0.0905289 0.0893821 0.902112 -0.412321 0.0142781 -1.10469 3.26011
data/frame-000226.color.jpg 0.412653 0.847123 -0.298209 0.15222 2.1126 3.39998 -2.11335
data/frame-000237.color.jpg 0.389511 0.847169 -0.324955 0.158085 2.28856 3.3962 -1.87795
data/frame-000248.color.jpg 0.476965 0.794361 -0.310793 0.211903 2.32537 3.03336 -2.43396
data/frame-000382.color.jpg 0.338055 0.852368 -0.381268 0.11757 1.94309 2.85871 -1.11504
data/frame-000131.color.jpg 0.449365 0.89316 0.0159871 0.00896882 -0.695256 3.21235 -2.0599
data/frame-000556.color.jpg 0.0459196 0.0330572 0.880258 -0.47111 -0.250465 -0.510249 3.31504
data/frame-000305.color.jpg 0.699096 0.587311 -0.223126 0.341388 2.37313 1.2656 -3.50693
data/frame-000439.color.jpg -0.0836339 -0.203276 0.887142 -0.405787 2.60422 -0.488548 2.60216
data/frame-000054.color.jpg 0.370301 0.899768 -0.218614 0.0741781 3.03367 3.1678 -1.45919
data/frame-000450.color.jpg -0.0186304 -0.0829745 0.867743 -0.489683 1.87625 -0.240775 3.1856
data/frame-000461.color.jpg -0.0148905 -0.0485964 0.814241 -0.578297 1.68884 0.396459 3.31921
data/frame-000188.color.jpg 0.576757 0.808032 0.103278 -0.0613869 -1.23916 2.59419 -3.11445
data/frame-000199.color.jpg 0.552012 0.823547 -0.105358 0.0771555 0.616544 2.94991 -3.46328
data/frame-000210.color.jpg 0.449828 0.84278 -0.254351 0.150606 1.87105 3.39474 -2.54532
data/frame-000344.color.jpg 0.468344 0.806773 -0.298373 0.201854 2.10725 2.94396 -2.23559
data/frame-000595.color.jpg 0.108797 0.0557412 0.868029 -0.48123 -1.4938 -0.358146 3.17025
data/frame-000093.color.jpg 0.390696 0.861031 -0.324262 0.0289196 2.24127 2.2897 -1.23052
data/frame-000518.color.jpg 0.128588 0.221233 0.893314 -0.369474 -0.948386 -1.34567 3.0621
data/frame-000267.color.jpg 0.570031 0.732301 -0.285365 0.239515 2.28577 2.43349 -2.96399
data/frame-000401.color.jpg 0.378427 0.682054 -0.567451 0.263808 3.13649 1.80576 -0.665119
data/frame-000016.color.jpg 0.509371 0.854698 -0.072129 0.0695018 2.16332 3.22421 -2.83255
data/frame-000412.color.jpg -0.334772 -0.597581 0.64226 -0.343987 3.35178 1.47042 0.0767511
data/frame-000423.color.jpg -0.196622 -0.456117 0.788264 -0.363231 3.31865 0.580033 1.44559
data/frame-000150.color.jpg 0.483622 0.875024 0.010084 0.0184513 -0.557567 3.20922 -2.47503
data/frame-000161.color.jpg 0.501013 0.865269 0.000809656 0.0171752 -0.429558 3.1718 -2.67428
data/frame-000172.color.jpg 0.563257 0.826216 -0.00343779 0.009853 -0.356848 2.83467 -3.17828
data/frame-000306.color.jpg 0.702168 0.584336 -0.220781 0.341712 2.36314 1.23423 -3.52193
data/frame-000055.color.jpg 0.363333 0.900445 -0.227432 0.0739044 3.08472 3.13719 -1.38702
data/frame-000548.color.jpg 0.082897 0.128833 0.899674 -0.408799 -0.637966 -1.00645 3.10104
data/frame-000480.color.jpg 0.0716786 0.10006 0.898577 -0.4212 0.347546 -1.12588 3.39338
data/frame-000229.color.jpg 0.404735 0.849076 -0.30668 0.145625 2.15473 3.39995 -2.03939
data/frame-000363.color.jpg 0.366391 0.818621 -0.410019 0.165835 2.42676 2.82482 -1.28572
data/frame-000374.color.jpg 0.372628 0.853518 -0.34129 0.127189 1.77116 2.93536 -1.38983
data/frame-000385.color.jpg 0.331714 0.845861 -0.401241 0.11615 2.05353 2.79538 -1.05035
data/frame-000112.color.jpg 0.378014 0.895312 -0.230128 0.0506339 1.20941 2.99613 -1.38047
data/frame-000123.color.jpg 0.422434 0.897861 -0.116569 0.0425089 0.421774 3.2868 -1.88898
data/frame-000006.color.jpg 0.413638 0.910313 0.0152554 0.000515587 1.56149 3.96095 -2.53996
data/frame-000442.color.jpg -0.0479092 -0.130701 0.889066 -0.4361 2.22868 -0.533525 2.93825
data/frame-000180.color.jpg 0.602152 0.79761 0.0302116 -0.0178396 -0.646258 2.51334 -3.39895
data/frame-000191.color.jpg 0.580363 0.809876 0.0796938 -0.0304602 -1.04432 2.61422 -3.2459
data/frame-000325.color.jpg 0.619327 0.671483 -0.277589 0.297471 2.48075 2.00259 -3.07719
data/frame-000336.color.jpg 0.549525 0.745862 -0.286731 0.243922 2.27415 2.54119 -2.77102
data/frame-000074.color.jpg 0.309599 0.681659 -0.625424 0.219852 4.1931 0.219301 1.04002
data/frame-000085.color.jpg 0.360941 0.766934 -0.524703 0.0788641 3.43522 0.966804 -0.440251
data/frame-000567.color.jpg -0.0376046 -0.104143 0.860847 -0.496671 0.478361 -0.185992 3.26829
data/frame-000578.color.jpg -0.0139206 -0.110585 0.928878 -0.353218 0.173552 -1.56091 3.17965
data/frame-000393.color.jpg 0.386631 0.760788 -0.480601 0.201846 2.58741 2.251 -1.08701
data/frame-000404.color.jpg 0.37223 0.643651 -0.602646 0.289786 3.32083 1.57952 -0.424367
data/frame-000142.color.jpg 0.489998 0.871428 0.0117283 0.0194405 -0.567739 3.16067 -2.51514
data/frame-000153.color.jpg 0.488353 0.872319 0.0113602 0.0210057 -0.550551 3.19264 -2.53339
data/frame-000036.color.jpg 0.556022 0.812414 -0.150178 0.0909408 2.65206 2.6647 -2.85219
data/frame-000047.color.jpg 0.437361 0.878207 -0.182993 0.0631014 2.80347 3.10416 -2.08342
data/frame-000529.color.jpg 0.0484077 0.125663 0.952035 -0.274762 -0.164373 -2.15529 2.68495
data/frame-000540.color.jpg 0.0868171 0.178935 0.922116 -0.331885 -0.846158 -1.65354 2.88399
data/frame-000278.color.jpg 0.607831 0.695262 -0.268788 0.273688 2.29929 2.14929 -3.15431
data/frame-000104.color.jpg 0.360951 0.864855 -0.347006 0.0364328 2.13572 2.58027 -1.18572
data/frame-000115.color.jpg 0.382631 0.901847 -0.1902 0.0639508 0.960446 3.12037 -1.44105
data/frame-000597.color.jpg 0.0971654 0.0366949 0.852051 -0.513051 -1.38524 -0.117315 3.24393
data/frame-000608.color.jpg 0.00115073 -0.0571593 0.832528 -0.551025 -0.305294 0.156041 3.70442
data/frame-000491.color.jpg 0.0630755 0.084675 0.932922 -0.344251 0.280572 -1.64689 3.05948
data/frame-000502.color.jpg 0.108279 0.108533 0.889093 -0.431289 -0.194343 -0.947123 3.31348
data/frame-000240.color.jpg 0.435383 0.826721 -0.30293 0.187637 2.20628 3.26577 -2.22641
data/frame-000066.color.jpg 0.313704 0.77039 -0.528682 0.169066 4.42412 1.07812 0.302609
data/frame-000559.color.jpg 0.0321106 0.00610942 0.878997 -0.475706 -0.133678 -0.479435 3.33604
data/frame-000570.color.jpg -0.0491887 -0.153881 0.872127 -0.461838 0.620368 -0.466261 3.30803
data/frame-000297.color.jpg 0.686183 0.607832 -0.233045 0.324628 2.35694 1.3999 -3.4788
data/frame-000308.color.jpg 0.704232 0.582282 -0.219836 0.34158 2.36073 1.21419 -3.5291
data/frame-000319.color.jpg 0.691221 0.600669 -0.226484 0.331838 2.32333 1.37833 -3.44763
data/frame-000453.color.jpg 0.00303961 -0.0798889 0.853275 -0.515297 1.72208 -0.00584618 3.28441
data/frame-000598.color.jpg 0.101192 0.0299126 0.851718 -0.513265 -1.38287 -0.117133 3.24001
data/frame-000202.color.jpg 0.518181 0.836758 -0.144414 0.102323 0.95514 3.17707 -3.22507
data/frame-000134.color.jpg 0.468027 0.883489 0.00107817 0.0199362 -0.553915 3.18825 -2.25746
data/frame-000510.color.jpg 0.111355 0.145449 0.869661 -0.458405 -0.459565 -0.732247 3.3724
data/frame-000521.color.jpg 0.109557 0.182311 0.919571 -0.330376 -0.683227 -1.70221 2.93482
data/frame-000532.color.jpg 0.0397962 0.133193 0.959804 -0.243829 -0.220389 -2.34022 2.52237
data/frame-000270.color.jpg 0.57563 0.727128 -0.283189 0.244415 2.28337 2.39656 -2.99109
data/frame-000281.color.jpg 0.625553 0.6838 -0.259115 0.271956 2.25221 2.01126 -3.26655
data/frame-000259.color.jpg 0.536199 0.758159 -0.29118 0.229997 2.27128 2.68818 -2.78663
data/frame-000415.color.jpg -0.310066 -0.554141 0.685319 -0.356547 3.48625 1.23722 0.409997
data/frame-000008.color.jpg 0.444952 0.895433 0.00969928 0.0111228 1.60791 3.78828 -2.74419
data/frame-000019.color.jpg 0.541923 0.834793 -0.0742736 0.0626318 2.17326 3.0022 -3.08671
data/frame-000164.color.jpg 0.515505 0.856791 -0.00506528 0.0117416 -0.364336 3.11683 -2.82602
data/frame-000589.color.jpg 0.105434 0.0397535 0.911198 -0.396259 -1.41108 -1.18781 3.12387
data/frame-000338.color.jpg 0.528344 0.768221 -0.282983 0.224967 2.15795 2.71307 -2.66938
data/frame-000472.color.jpg 0.0635703 0.0617101 0.87744 -0.471434 0.646223 -0.660258 3.47806
data/frame-000483.color.jpg 0.0757715 0.0880874 0.915911 -0.384196 0.374679 -1.39658 3.28366
data/frame-000494.color.jpg 0.0726179 0.082999 0.922297 -0.370413 0.184995 -1.43836 3.13502
data/frame-000617.color.jpg -0.00554611 -0.0778397 0.769893 -0.633383 -0.177357 0.941233 3.66425
data/frame-000221.color.jpg 0.426888 0.839656 -0.294594 0.161114 2.10504 3.34335 -2.21697
data/frame-000232.color.jpg 0.395021 0.847503 -0.321044 0.150424 2.25856 3.3832 -1.93266
data/frame-000243.color.jpg 0.45656 0.812594 -0.297884 0.206176 2.21387 3.19622 -2.35498
data/frame-000366.color.jpg 0.378429 0.810483 -0.413563 0.169926 2.46876 2.7237 -1.3177
data/frame-000377.color.jpg 0.361724 0.85492 -0.348901 0.128592 1.77716 2.92381 -1.29788
data/frame-000126.color.jpg 0.426051 0.902294 -0.0509294 0.0418489 -0.144735 3.30886 -1.94146
data/frame-000551.color.jpg 0.074809 0.0681146 0.895802 -0.432785 -0.395547 -0.823915 3.19357
data/frame-000300.color.jpg 0.689408 0.603478 -0.231117 0.327285 2.35622 1.3719 -3.4857
data/frame-000434.color.jpg -0.111941 -0.269028 0.882617 -0.368892 2.87877 -0.485285 2.30198
data/frame-000038.color.jpg 0.544484 0.81915 -0.157114 0.0885777 2.68888 2.70019 -2.76556
data/frame-000049.color.jpg 0.412605 0.887929 -0.191981 0.0669521 2.85666 3.17368 -1.86888
data/frame-000445.color.jpg -0.0343903 -0.10953 0.883089 -0.454944 2.08696 -0.450354 3.04978
data/frame-000183.color.jpg 0.596477 0.798506 0.067224 -0.0456525 -0.964952 2.51554 -3.29643
data/frame-000194.color.jpg 0.57932 0.814744 -0.00235572 0.0239952 -0.351297 2.73214 -3.47257
data/frame-000579.color.jpg -0.000407896 -0.0930967 0.935346 -0.341263 0.000295353 -1.67617 3.14048
data/frame-000328.color.jpg 0.594161 0.695833 -0.286807 0.283779 2.46165 2.19366 -2.96888
data/frame-000339.color.jpg 0.522822 0.773 -0.28575 0.217889 2.16497 2.72839 -2.61433
data/frame-000590.color.jpg 0.10438 0.0310864 0.90259 -0.416497 -1.37662 -1.03403 3.19832
data/frame-000077.color.jpg 0.2993 0.673667 -0.643893 0.204925 4.05299 0.0314797 1.04535
data/frame-000513.color.jpg 0.126857 0.170574 0.865461 -0.453641 -0.673219 -0.740852 3.34107
data/frame-000262.color.jpg 0.55286 0.749175 -0.286814 0.225434 2.26072 2.57275 -2.88261
data/frame-000251.color.jpg 0.497159 0.783041 -0.30782 0.21196 2.32183 2.91679 -2.55899
data/frame-000396.color.jpg 0.377458 0.733604 -0.520925 0.219062 2.81537 2.08604 -0.902551
data/frame-000000.color.jpg 0.409169 0.912226 0.0202186 0.00399734 1.46076 4.00553 -2.50724
data/frame-000011.color.jpg 0.458864 0.887819 -0.0290404 0.0194583 1.88619 3.58657 -2.75238
data/frame-000407.color.jpg -0.363429 -0.605936 0.630405 -0.321482 3.4198 1.4013 -0.140074
data/frame-000145.color.jpg 0.484178 0.874566 0.00339768 0.0263427 -0.505213 3.19368 -2.47937
data/frame-000156.color.jpg 0.488643 0.872149 0.00652339 0.0232902 -0.503345 3.2023 -2.55012
data/frame-000290.color.jpg 0.647513 0.653315 -0.238712 0.311326 2.26073 1.82901 -3.35361
data/frame-000039.color.jpg 0.545843 0.820605 -0.155056 0.0679766 2.63381 2.64839 -2.85073
data/frame-000464.color.jpg 0.00913603 -0.0255036 0.815348 -0.578338 1.42571 0.364427 3.42806
data/frame-000475.color.jpg 0.0677264 0.0748334 0.88884 -0.446963 0.534484 -0.881149 3.43481
data/frame-000620.color.jpg 0.0074563 -0.0697453 0.75506 -0.651893 -0.29711 1.10643 3.60334
data/frame-000213.color.jpg 0.435556 0.842086 -0.275769 0.158535 2.0376 3.39689 -2.38079
data/frame-000224.color.jpg 0.420337 0.844746 -0.293467 0.153616 2.08371 3.38001 -2.18077
data/frame-000347.color.jpg 0.461918 0.815673 -0.28363 0.202148 1.9543 3.01773 -2.21939
data/frame-000358.color.jpg 0.396588 0.846917 -0.323578 0.144037 1.86559 3.10247 -1.73002
data/frame-000369.color.jpg 0.37773 0.820254 -0.399104 0.158806 2.29062 2.74947 -1.32301
data/frame-000096.color.jpg 0.394666 0.8694 -0.296694 0.0188496 1.97997 2.45372 -1.33887
data/frame-000107.color.jpg 0.374916 0.889935 -0.259162 0.0170091 1.45445 2.87595 -1.35497
data/frame-000118.color.jpg 0.392754 0.905394 -0.149149 0.0613148 0.681879 3.21098 -1.55343
data/frame-000001.color.jpg 0.409378 0.912279 0.01148 0.00503203 1.54356 3.98166 -2.49657
data/frame-000426.color.jpg -0.17542 -0.407425 0.825284 -0.349484 3.28608 0.180407 1.62134
data/frame-000175.color.jpg 0.585359 0.810584 0.0175329 0.00124069 -0.535069 2.6437 -3.30726
data/frame-000320.color.jpg 0.681852 0.611241 -0.234597 0.326231 2.34018 1.47035 -3.40136
data/frame-000331.color.jpg 0.579553 0.711464 -0.284118 0.277874 2.39528 2.3178 -2.92337
data/frame-000069.color.jpg 0.306924 0.706002 -0.603735 0.207033 4.41569 0.404678 0.880809
data/frame-000058.color.jpg 0.342956 0.904 -0.245729 0.0691567 3.17274 3.06689 -1.21721
data/frame-000080.color.jpg -0.279549 -0.644805 0.687256 -0.183733 3.81919 -0.327269 1.06547
data/frame-000562.color.jpg 0.0163337 -0.017138 0.871624 -0.489603 -0.0118835 -0.314208 3.32504
data/frame-000573.color.jpg -0.0450625 -0.126614 0.902552 -0.409071 0.52023 -0.954797 3.20778
data/frame-000456.color.jpg 0.00757824 -0.0615205 0.849473 -0.523978 1.61733 0.012002 3.35727
data/frame-000388.color.jpg 0.346078 0.81758 -0.43393 0.153291 2.26096 2.60759 -1.03325
data/frame-000137.color.jpg 0.484792 0.874242 0.0207406 0.0157151 -0.66841 3.13444 -2.41117
data/frame-000020.color.jpg 0.547746 0.831326 -0.0740672 0.058193 2.158 2.95753 -3.14296
data/frame-000031.color.jpg 0.589134 0.795661 -0.100933 0.0982709 2.3415 2.63937 -3.20483
data/frame-000524.color.jpg 0.0691344 0.136569 0.942611 -0.29674 -0.284924 -1.99713 2.80305
data/frame-000273.color.jpg 0.581058 0.722369 -0.281439 0.247684 2.28534 2.3545 -3.02074
data/frame-000205.color.jpg 0.477175 0.843257 -0.209335 0.131909 1.50382 3.34658 -2.8342
data/frame-000350.color.jpg 0.446799 0.831458 -0.287064 0.163223 1.80921 3.06059 -2.13709
data/frame-000088.color.jpg 0.388378 0.815387 -0.424228 0.0658558 2.97251 1.65712 -0.871352
data/frame-000099.color.jpg 0.367305 0.883441 -0.289516 0.0282649 1.89017 2.67138 -1.21237
data/frame-000581.color.jpg 0.0203197 -0.0470919 0.942237 -0.330996 -0.375229 -1.78296 3.08613
data/frame-000592.color.jpg 0.118324 0.0215793 0.881989 -0.455663 -1.43204 -0.733379 3.26102
data/frame-000603.color.jpg 0.0503377 -0.027736 0.836474 -0.544985 -0.854419 0.148276 3.4316
data/frame-000486.color.jpg 0.0678468 0.0680586 0.926298 -0.36433 0.44049 -1.51646 3.17746
data/frame-000235.color.jpg 0.390853 0.847315 -0.325897 0.151928 2.29196 3.37971 -1.89285
data/frame-000061.color.jpg 0.328152 0.88041 -0.329526 0.0927687 3.66905 2.59161 -0.829747
data/frame-000543.color.jpg 0.0886492 0.169729 0.91072 -0.365954 -0.824816 -1.37921 3.00687
data/frame-000554.color.jpg 0.0629257 0.0357308 0.885629 -0.458721 -0.300293 -0.612626 3.2854
data/frame-000565.color.jpg -0.0153177 -0.0747159 0.860612 -0.503518 0.317691 -0.152417 3.2605
data/frame-000303.color.jpg 0.694972 0.595069 -0.226655 0.333968 2.35802 1.31215 -3.50244
data/frame-000292.color.jpg 0.659976 0.643089 -0.235016 0.309251 2.24772 1.70762 -3.43099
data/frame-000314.color.jpg 0.702514 0.585336 -0.217619 0.341318 2.33735 1.24605 -3.52318
data/frame-000437.color.jpg -0.0949012 -0.249148 0.873626 -0.407058 2.72053 -0.291956 2.47414
data/frame-000448.color.jpg -0.0255992 -0.088951 0.873665 -0.477643 1.94646 -0.328651 3.14114
data/frame-000186.color.jpg 0.592414 0.798685 0.0883649 -0.0577858 -1.13744 2.50864 -3.22511
data/frame-000197.color.jpg 0.563546 0.820081 -0.0640838 0.0760016 0.284963 2.8663 -3.50649
data/frame-000622.color.jpg 0.0104165 -0.0660578 0.753693 -0.653815 -0.329208 1.11886 3.59155
data/frame-000505.color.jpg 0.120362 0.122682 0.871171 -0.459917 -0.351729 -0.714503 3.37244
data/frame-000516.color.jpg 0.122921 0.204782 0.886784 -0.395688 -0.835407 -1.16668 3.17309
data/frame-000254.color.jpg 0.506773 0.773577 -0.311398 0.218612 2.37201 2.83688 -2.58
data/frame-000265.color.jpg 0.56381 0.737945 -0.287805 0.233931 2.28511 2.48248 -2.93214
data/frame-000399.color.jpg 0.38129 0.701076 -0.549835 0.24656 3.02403 1.9057 -0.783505
data/frame-000003.color.jpg 0.412831 0.910758 0.00748076 0.00583618 1.63331 3.95033 -2.51027
data/frame-000014.color.jpg 0.500363 0.862758 -0.0581925 0.0435792 2.02007 3.26064 -2.87119
data/frame-000410.color.jpg -0.354079 -0.605199 0.627301 -0.338904 3.31998 1.49035 -0.0784376
data/frame-000148.color.jpg 0.481204 0.876304 0.00494533 0.0225658 -0.520494 3.21006 -2.45983
data/frame-000584.color.jpg 0.0397947 0.0183496 0.940166 -0.337888 -0.896891 -1.69996 3.05193
data/frame-000322.color.jpg 0.670458 0.626737 -0.255076 0.304339 2.41295 1.5671 -3.34218
data/frame-000333.color.jpg 0.573564 0.721025 -0.27899 0.270761 2.32372 2.37612 -2.9153
data/frame-000467.color.jpg 0.033413 0.00122128 0.834377 -0.550179 1.14006 0.0788729 3.50305
data/frame-000478.color.jpg 0.0698542 0.0865307 0.896156 -0.429578 0.442604 -1.03904 3.40052
data/frame-000612.color.jpg -0.0130643 -0.0827662 0.810833 -0.579249 -0.0898572 0.427311 3.75019
data/frame-000216.color.jpg 0.418646 0.84524 -0.283831 0.172467 2.06582 3.45738 -2.19056
data/frame-000227.color.jpg 0.410173 0.847239 -0.303996 0.146731 2.14533 3.38496 -2.0865
data/frame-000623.color.jpg 0.0123461 -0.0643436 0.754532 -0.652985 -0.354414 1.11481 3.59289
data/frame-000361.color.jpg 0.383549 0.839558 -0.35721 0.142942 2.05871 3.00578 -1.55637
data/frame-000110.color.jpg 0.378233 0.89127 -0.246679 0.0415701 1.32797 2.93197 -1.37037
data/frame-000535.color.jpg 0.0499808 0.173554 0.950276 -0.253685 -0.579613 -2.24051 2.54462
data/frame-000284.color.jpg 0.626387 0.675405 -0.251538 0.296979 2.27405 2.01258 -3.25418
data/frame-000295.color.jpg 0.67675 0.620517 -0.227631 0.324272 2.29178 1.52417 -3.47167
data/frame-000418.color.jpg -0.277954 -0.512662 0.726629 -0.363221 3.53955 0.972101 0.788137
data/frame-000033.color.jpg 0.58616 0.795781 -0.12081 0.0924891 2.46479 2.56926 -3.12688
data/frame-000044.color.jpg 0.475065 0.858103 -0.178102 0.0790742 2.79838 2.96738 -2.29084
data/frame-000429.color.jpg -0.136891 -0.308119 0.872802 -0.352901 3.08021 -0.393123 2.07695
data/frame-000167.color.jpg 0.529215 0.847846 -0.0143493 0.0297045 -0.249917 3.04254 -2.95233
data/frame-000178.color.jpg 0.605118 0.79583 0.0214892 -0.00495686 -0.566809 2.48579 -3.43125
data/frame-000189.color.jpg 0.575193 0.807843 0.114238 -0.0590852 -1.32589 2.5821 -3.10121
data/frame-000323.color.jpg 0.650591 0.642659 -0.264559 0.306152 2.46462 1.73861 -3.2332
data/frame-000440.color.jpg -0.0735586 -0.181778 0.889971 -0.411701 2.5101 -0.527245 2.69591
data/frame-000574.color.jpg -0.0365308 -0.127811 0.913004 -0.385685 0.488028 -1.13997 3.17107
data/frame-000072.color.jpg 0.311503 0.685291 -0.620231 0.220582 4.2776 0.264601 1.02152
data/frame-000497.color.jpg 0.0812257 0.0846359 0.909683 -0.398393 0.100449 -1.21899 3.21863
data/frame-000246.color.jpg 0.470352 0.8036 -0.300286 0.206942 2.24632 3.10628 -2.43617
data/frame-000380.color.jpg 0.344185 0.856433 -0.363879 0.125108 1.8391 2.91529 -1.16453
data/frame-000391.color.jpg 0.375256 0.788217 -0.455856 0.173472 2.41486 2.41168 -1.12876
data/frame-000402.color.jpg 0.374693 0.672146 -0.577087 0.273486 3.1891 1.75902 -0.587319
data/frame-000129.color.jpg 0.444057 0.895817 -0.00308244 0.0177476 -0.549115 3.23084 -2.03328
data/frame-000140.color.jpg 0.490047 0.871334 0.0203334 0.0147692 -0.644165 3.14731 -2.50047
data/frame-000151.color.jpg 0.48771 0.872711 0.0117561 0.0193665 -0.564678 3.18957 -2.51477
data/frame-000285.color.jpg 0.629203 0.673717 -0.250485 0.295747 2.26702 1.99339 -3.2748
data/frame-000527.color.jpg 0.0534447 0.126201 0.949837 -0.281118 -0.174877 -2.1095 2.7184
data/frame-000459.color.jpg -0.00208219 -0.0543925 0.830421 -0.554471 1.647 0.234241 3.35197
data/frame-000063.color.jpg 0.323284 0.835583 -0.427383 0.120962 4.14317 1.89624 -0.383332
data/frame-000615.color.jpg -0.015179 -0.083167 0.780072 -0.619952 -0.0872631 0.820254 3.69488
data/frame-000208.color.jpg 0.462984 0.840781 -0.239807 0.14569 1.76185 3.35587 -2.67273
data/frame-000342.color.jpg 0.505028 0.796558 -0.276991 0.183625 1.97332 2.86306 -2.55035
data/frame-000353.color.jpg 0.431305 0.842529 -0.283473 0.154158 1.69939 3.11618 -2.03446
data/frame-000364.color.jpg 0.369428 0.815043 -0.415843 0.162184 2.46607 2.77528 -1.2956
data/frame-000091.color.jpg 0.393545 0.827891 -0.396185 0.0525012 2.76322 1.87098 -1.06517
data/frame-000102.color.jpg 0.369274 0.869282 -0.327759 0.0236481 2.06915 2.58536 -1.25701
data/frame-000421.color.jpg -0.214119 -0.469168 0.773776 -0.367838 3.39111 0.684673 1.34678
data/frame-000025.color.jpg 0.572536 0.813304 -0.0812975 0.0642647 2.16165 2.77541 -3.25859
data/frame-000159.color.jpg 0.496368 0.867773 0.0108471 0.0217004 -0.522187 3.17015 -2.61333
data/frame-000170.color.jpg 0.551339 0.833829 -0.00974404 0.0256758 -0.28105 2.90012 -3.11189
data/frame-000315.color.jpg 0.703329 0.584146 -0.21757 0.341709 2.3372 1.23508 -3.52211
data/frame-000053.color.jpg 0.377045 0.899018 -0.210559 0.0725826 2.98443 3.19136 -1.53654
data/frame-000064.color.jpg 0.320065 0.816413 -0.460072 0.139145 4.2662 1.65123 -0.159303
data/frame-000546.color.jpg 0.0814594 0.150803 0.903965 -0.391751 -0.717429 -1.15377 3.06164
data/frame-000557.color.jpg 0.0372367 0.0267717 0.879549 -0.473593 -0.203145 -0.493574 3.32362
data/frame-000372.color.jpg 0.37957 0.845781 -0.349666 0.135333 1.86123 2.90041 -1.42348
data/frame-000383.color.jpg 0.334796 0.850772 -0.388297 0.115434 1.98188 2.83969 -1.08866
data/frame-000121.color.jpg 0.419941 0.898379 -0.114146 0.0594553 0.447624 3.27121 -1.8388
data/frame-000132.color.jpg 0.453444 0.891156 0.0106701 0.0107766 -0.657991 3.21296 -2.10861
data/frame-000614.color.jpg -0.0163323 -0.0846515 0.784838 -0.613675 -0.0714855 0.757977 3.70589
data/frame-000015.color.jpg 0.515999 0.852232 -0.0660476 0.0555194 2.09775 3.15974 -2.93228
data/frame-000026.color.jpg 0.580029 0.807113 -0.0768148 0.0789552 2.14714 2.75587 -3.26979
data/frame-000508.color.jpg 0.110429 0.129495 0.864104 -0.473668 -0.364329 -0.618557 3.4059
data/frame-000519.color.jpg 0.127726 0.221791 0.895474 -0.364171 -0.950624 -1.38964 3.03996
data/frame-000257.color.jpg 0.526178 0.763386 -0.297027 0.228371 2.3026 2.74147 -2.7161
data/frame-000268.color.jpg 0.57687 0.727282 -0.283346 0.240824 2.28071 2.38388 -3.00795
data/frame-000345.color.jpg 0.47121 0.807387 -0.292279 0.201644 2.06751 2.94149 -2.27399
data/frame-000083.color.jpg 0.305699 0.686141 -0.648491 0.123362 3.749 0.0535942 0.365833
data/frame-000094.color.jpg 0.395045 0.868877 -0.29785 0.0166893 2.04034 2.39971 -1.31194
data/frame-000576.color.jpg -0.0302829 -0.130952 0.922642 -0.361479 0.40232 -1.41055 3.16842
data/frame-000587.color.jpg 0.0753634 0.0428592 0.922508 -0.376116 -1.25075 -1.37672 3.10879
data/frame-000470.color.jpg 0.0585237 0.0387503 0.866147 -0.494836 0.79748 -0.436681 3.50532
data/frame-000481.color.jpg 0.0798494 0.0973709 0.903064 -0.410633 0.314549 -1.20179 3.37324
data/frame-000219.color.jpg 0.429607 0.838531 -0.291272 0.165721 2.09515 3.34644 -2.24047
data/frame-000056.color.jpg 0.355859 0.901569 -0.234681 0.0739103 3.12332 3.115 -1.31458
data/frame-000538.color.jpg 0.0708513 0.185015 0.934662 -0.295223 -0.791577 -1.92049 2.73169
data/frame-000549.color.jpg 0.0725976 0.105147 0.897939 -0.421164 -0.492837 -0.914328 3.14467
data/frame-000276.color.jpg 0.598272 0.708288 -0.274911 0.254603 2.2781 2.22871 -3.11978
data/frame-000287.color.jpg 0.636951 0.665213 -0.246141 0.301992 2.26604 1.9207 -3.31066
data/frame-000298.color.jpg 0.687179 0.606177 -0.233821 0.325058 2.36583 1.39103 -3.47439
data/frame-000432.color.jpg -0.107102 -0.267368 0.88778 -0.359013 2.89522 -0.571007 2.31502
data/frame-000181.color.jpg 0.601338 0.797504 0.0413391 -0.0258902 -0.738736 2.51102 -3.37659
data/frame-000113.color.jpg 0.375985 0.898388 -0.21941 0.0582444 1.14189 3.04646 -1.37404
data/frame-000606.color.jpg 0.00774373 -0.0596147 0.837119 -0.543707 -0.403364 0.0921947 3.65297
data/frame-000355.color.jpg 0.410686 0.849045 -0.298115 0.146927 1.74881 3.15254 -1.86982
data/frame-000489.color.jpg 0.0641897 0.0789287 0.930891 -0.350844 0.335419 -1.60747 3.10521
data/frame-000500.color.jpg 0.100043 0.0980252 0.896783 -0.419718 -0.085654 -1.03875 3.28136
data/frame-000511.color.jpg 0.117682 0.154197 0.869449 -0.454349 -0.540639 -0.750434 3.35707
data/frame-000238.color.jpg 0.39199 0.84594 -0.322801 0.162877 2.27813 3.39728 -1.89656
data/frame-000249.color.jpg 0.482649 0.790247 -0.313475 0.210461 2.35111 2.98248 -2.46311
data/frame-000260.color.jpg 0.541467 0.756388 -0.290977 0.223659 2.26254 2.65403 -2.82528
data/frame-000394.color.jpg 0.381816 0.750478 -0.495767 0.212637 2.67211 2.19805 -1.00188
data/frame-000143.color.jpg 0.48856 0.8721 0.0124498 0.0244109 -0.566707 3.15907 -2.50684
data/frame-000568.color.jpg -0.0436732 -0.125186 0.863562 -0.486499 0.530436 -0.264639 3.28523
data/frame-000317.color.jpg 0.705179 0.583446 -0.218561 0.338445 2.32999 1.21692 -3.51653
data/frame-000451.color.jpg -0.0102045 -0.0844846 0.860325 -0.502593 1.8248 -0.118683 3.22115
data/frame-000462.color.jpg -0.00543721 -0.043371 0.813763 -0.579551 1.60636 0.406704 3.35738
data/frame-000473.color.jpg 0.0634282 0.0660369 0.881019 -0.464135 0.616633 -0.731885 3.46356
data/frame-000607.color.jpg 0.00426428 -0.0538328 0.834905 -0.547739 -0.362923 0.130594 3.68098
data/frame-000200.color.jpg 0.539817 0.829152 -0.119144 0.0831191 0.729183 3.03532 -3.38514
data/frame-000211.color.jpg 0.44403 0.843551 -0.26012 0.153614 1.92116 3.40944 -2.48802
data/frame-000222.color.jpg 0.423184 0.842766 -0.291693 0.159924 2.07465 3.37433 -2.19837
data/frame-000356.color.jpg 0.402982 0.849497 -0.307574 0.146147 1.79862 3.15136 -1.80402
data/frame-000530.color.jpg 0.0449571 0.125339 0.954183 -0.267962 -0.160912 -2.19941 2.64988
data/frame-000279.color.jpg 0.610872 0.692163 -0.26955 0.274023 2.31676 2.11829 -3.16101
data/frame-000413.color.jpg -0.331164 -0.58685 0.653447 -0.344883 3.39769 1.40341 0.140234
data/frame-000017.color.jpg 0.526633 0.844837 -0.0689119 0.0644983 2.13346 3.11751 -2.98503
data/frame-000028.color.jpg 0.592202 0.796824 -0.0817154 0.0877006 2.196 2.66595 -3.30886
data/frame-000424.color.jpg -0.195744 -0.464963 0.791896 -0.344085 3.35244 0.542059 1.36407
data/frame-000162.color.jpg 0.508124 0.861212 0.000790083 0.0111425 -0.42552 3.13736 -2.73616
data/frame-000173.color.jpg 0.582018 0.813106 0.00285894 0.0102205 -0.399874 2.68034 -3.30069
data/frame-000435.color.jpg -0.10507 -0.267985 0.880074 -0.377642 2.83097 -0.4185 2.34713
data/frame-000569.color.jpg -0.0387922 -0.145206 0.862717 -0.482835 0.542728 -0.294035 3.31599
data/frame-000492.color.jpg 0.0596341 0.0849711 0.933626 -0.34288 0.279522 -1.65511 3.04006
data/frame-000230.color.jpg 0.402975 0.848369 -0.310066 0.147449 2.18056 3.39137 -2.01832
data/frame-000241.color.jpg 0.450819 0.818024 -0.298928 0.195556 2.20008 3.20785 -2.33226
data/frame-000375.color.jpg 0.369378 0.855273 -0.339928 0.128519 1.74756 2.9436 -1.36452
data/frame-000386.color.jpg 0.332449 0.841897 -0.408325 0.118146 2.0921 2.76468 -1.04022
data/frame-000124.color.jpg 0.426028 0.898579 -0.0956231 0.0437391 0.247237 3.2895 -1.92778
data/frame-000135.color.jpg 0.477529 0.878407 0.012364 0.0146262 -0.623914 3.15026 -2.33002
data/frame-000443.color.jpg -0.0415036 -0.122282 0.886181 -0.44498 2.16807 -0.491692 2.9904
data/frame-000454.color.jpg 0.00511667 -0.0700981 0.851439 -0.519722 1.66902 -7.53835e-05 3.31846
data/frame-000599.color.jpg 0.0974578 0.0172925 0.845871 -0.524123 -1.30523 -0.0292895 3.26423
data/frame-000192.color.jpg 0.576596 0.814734 0.0595466 -0.0141653 -0.88442 2.67468 -3.29521
data/frame-000203.color.jpg 0.507073 0.838348 -0.162968 0.116152 1.12369 3.22709 -3.12498
data/frame-000337.color.jpg 0.535699 0.759158 -0.284825 0.235756 2.21133 2.65675 -2.70474
data/frame-000348.color.jpg 0.454301 0.822307 -0.283547 0.192415 1.90428 3.05385 -2.17671
data/frame-000086.color.jpg 0.379621 0.781769 -0.489081 0.0743352 3.29344 1.17624 -0.624186
data/frame-000097.color.jpg 0.378312 0.878079 -0.291833 0.0262805 1.93801 2.56145 -1.25022
data/frame-000405.color.jpg 0.375805 0.62577 -0.613474 0.301384 3.38409 1.47911 -0.354316
data/frame-000009.color.jpg 0.444971 0.894889 -0.019981 0.0278561 1.88566 3.7266 -2.64223
data/frame-000416.color.jpg -0.299072 -0.539197 0.699548 -0.361185 3.51194 1.154 0.543344
data/frame-000154.color.jpg 0.489025 0.871908 0.0110778 0.0225293 -0.541986 3.1917 -2.54359
data/frame-000165.color.jpg 0.521119 0.853212 -0.0108085 0.0186321 -0.301212 3.08775 -2.87972
data/frame-000310.color.jpg 0.704053 0.580665 -0.219492 0.344908 2.37201 1.21495 -3.51971
data/frame-000048.color.jpg 0.422106 0.884276 -0.187798 0.0679303 2.83409 3.16179 -1.94483
data/frame-000541.color.jpg 0.0850497 0.172036 0.917892 -0.347338 -0.812998 -1.54746 2.95135
data/frame-000552.color.jpg 0.0719848 0.05579 0.893422 -0.43989 -0.374964 -0.763788 3.226
data/frame-000367.color.jpg 0.37777 0.808113 -0.417891 0.172074 2.48263 2.68984 -1.28834
data/frame-000378.color.jpg 0.355236 0.855193 -0.355042 0.128048 1.80463 2.91655 -1.24619
data/frame-000105.color.jpg 0.365832 0.877941 -0.305401 0.0460036 1.82131 2.74226 -1.23133
data/frame-000116.color.jpg 0.387079 0.903909 -0.171855 0.0598666 0.833455 3.15451 -1.49108
data/frame-000127.color.jpg 0.427078 0.90225 -0.0422798 0.0419592 -0.217584 3.30285 -1.94895
data/frame-000609.color.jpg -0.0055446 -0.0689609 0.827373 -0.557376 -0.197034 0.213889 3.73555
data/frame-000010.color.jpg 0.442421 0.896075 -0.023931 0.0272154 1.89907 3.72279 -2.6162
data/frame-000503.color.jpg 0.101413 0.1107 0.880633 -0.449384 -0.175215 -0.810981 3.35735
data/frame-000252.color.jpg 0.500688 0.778888 -0.31113 0.21411 2.35366 2.88128 -2.56424
data/frame-000184.color.jpg 0.593756 0.799268 0.078343 -0.0498687 -1.05212 2.52084 -3.25853
data/frame-000340.color.jpg 0.514429 0.78192 -0.279046 0.214702 2.09302 2.79498 -2.56991
data/frame-000067.color.jpg 0.312712 0.75493 -0.548479 0.177379 4.44941 0.899865 0.439488
data/frame-000078.color.jpg 0.296167 0.680723 -0.640025 0.198166 4.01403 0.0715875 0.982954
data/frame-000089.color.jpg 0.397085 0.817188 -0.414065 0.0554787 2.88839 1.71584 -1.01171
data/frame-000560.color.jpg 0.0332293 -0.00222693 0.874311 -0.484221 -0.12651 -0.402015 3.34455
data/frame-000571.color.jpg -0.0547673 -0.163704 0.882577 -0.437332 0.696999 -0.668495 3.25913
data/frame-000582.color.jpg 0.0195912 -0.0120514 0.941373 -0.336582 -0.589125 -1.73252 3.0951
data/frame-000309.color.jpg 0.703851 0.58135 -0.218825 0.344589 2.36306 1.21795 -3.52475
data/frame-000465.color.jpg 0.0165963 -0.0183407 0.818916 -0.57338 1.34505 0.30915 3.45644
data/frame-000214.color.jpg 0.426259 0.845729 -0.276117 0.163721 2.02151 3.44672 -2.29575
data/frame-000397.color.jpg 0.370811 0.727526 -0.530812 0.226812 2.88336 2.05892 -0.821209
data/frame-000146.color.jpg 0.485336 0.873955 0.00203677 0.0254485 -0.495371 3.19061 -2.48706
data/frame-000040.color.jpg 0.53919 0.824536 -0.156622 0.0698834 2.64155 2.691 -2.79678
data/frame-000522.color.jpg 0.0895691 0.158226 0.93171 -0.314417 -0.47938 -1.85143 2.88129
data/frame-000533.color.jpg 0.0410564 0.14229 0.958727 -0.242714 -0.298079 -2.33928 2.51146
data/frame-000544.color.jpg 0.0908124 0.168148 0.908808 -0.370873 -0.831963 -1.32365 3.01251
data/frame-000271.color.jpg 0.578452 0.724494 -0.281651 0.247334 2.28358 2.37571 -3.00382
data/frame-000282.color.jpg 0.622899 0.682339 -0.258176 0.282408 2.27216 2.03178 -3.24228
data/frame-000293.color.jpg 0.668064 0.631058 -0.231311 0.319298 2.28058 1.60788 -3.44462
data/frame-000427.color.jpg -0.168872 -0.374769 0.844773 -0.342622 3.26527 -0.0578896 1.72199
data/frame-000108.color.jpg 0.37297 0.891629 -0.255809 0.0212986 1.41692 2.90045 -1.34082
data/frame-000601.color.jpg 0.0681199 -0.010053 0.842383 -0.534462 -1.0206 0.0666615 3.35674
data/frame-000484.color.jpg 0.0725139 0.0708219 0.921427 -0.375097 0.453087 -1.44117 3.23782
data/frame-000495.color.jpg 0.0805928 0.0855301 0.919962 -0.373978 0.118953 -1.4017 3.14825
data/frame-000506.color.jpg 0.119934 0.135158 0.86729 -0.46385 -0.418182 -0.681029 3.37509
data/frame-000233.color.jpg 0.394552 0.846798 -0.323209 0.150991 2.27503 3.37288 -1.92501
data/frame-000244.color.jpg 0.463468 0.809853 -0.296658 0.203296 2.20938 3.15937 -2.40751
data/frame-000563.color.jpg -0.00164721 -0.0482606 0.868729 -0.492928 0.184203 -0.249023 3.28851
data/frame-000301.color.jpg 0.692539 0.599854 -0.228843 0.328933 2.35145 1.33917 -3.49912
data/frame-000312.color.jpg 0.704087 0.581838 -0.218671 0.34338 2.35981 1.21884 -3.52505
data/frame-000446.color.jpg -0.0352864 -0.10647 0.881469 -0.458728 2.07851 -0.428986 3.0553
data/frame-000050.color.jpg 0.402786 0.891452 -0.196422 0.0670494 2.88943 3.18101 -1.78429
data/frame-000457.color.jpg 0.00885115 -0.0610543 0.845251 -0.530796 1.60833 0.0675178 3.36975
data/frame-000591.color.jpg 0.11856 0.021621 0.891695 -0.436298 -1.41685 -0.891415 3.22561
data/frame-000195.color.jpg 0.573014 0.817583 -0.0297398 0.0482547 -0.0781378 2.7891 -3.49384
data/frame-000206.color.jpg 0.474072 0.841158 -0.221629 0.136343 1.60795 3.33618 -2.78998
data/frame-000514.color.jpg 0.128143 0.177709 0.87079 -0.440141 -0.717302 -0.84186 3.30586
data/frame-000525.color.jpg 0.0639372 0.133942 0.945086 -0.291177 -0.250538 -2.03643 2.77426
data/frame-000263.color.jpg 0.552087 0.749398 -0.286454 0.22704 2.24859 2.58561 -2.88472
data/frame-000274.color.jpg 0.584979 0.719536 -0.278384 0.250141 2.27343 2.33293 -3.04649
data/frame-000408.color.jpg -0.355852 -0.603024 0.630088 -0.335739 3.38226 1.45271 -0.0635838
data/frame-000012.color.jpg 0.477171 0.877873 -0.0372908 0.0159871 1.86035 3.4299 -2.85731
data/frame-000023.color.jpg 0.56398 0.817188 -0.0884193 0.0794553 2.28726 2.83583 -3.14685
data/frame-000419.color.jpg -0.250502 -0.493548 0.744922 -0.372493 3.49521 0.880395 1.0478
data/frame-000157.color.jpg 0.488093 0.872428 0.00643072 0.0243415 -0.500978 3.21164 -2.5479
data/frame-000168.color.jpg 0.53374 0.844953 -0.0174123 0.0295262 -0.225774 3.0188 -2.98714
data/frame-000302.color.jpg 0.694164 0.596655 -0.228496 0.331554 2.36133 1.32032 -3.49725
data/frame-000051.color.jpg 0.38873 0.896588 -0.199531 0.0721598 2.90923 3.21888 -1.65117
data/frame-000476.color.jpg 0.0699171 0.0789614 0.892083 -0.439392 0.494913 -0.948059 3.4203
data/frame-000487.color.jpg 0.0681677 0.0673552 0.926358 -0.364249 0.421474 -1.51131 3.17332
data/frame-000621.color.jpg 0.00868599 -0.0690526 0.753965 -0.653217 -0.309482 1.11739 3.59683
data/frame-000225.color.jpg 0.419905 0.844922 -0.293768 0.153255 2.08621 3.38031 -2.17707
data/frame-000236.color.jpg 0.389572 0.847211 -0.325915 0.155713 2.29478 3.38833 -1.87972
data/frame-000370.color.jpg 0.376214 0.839482 -0.363732 0.146395 2.00219 2.88463 -1.38495
data/frame-000381.color.jpg 0.340709 0.853141 -0.375332 0.123262 1.91195 2.87683 -1.13168
data/frame-000119.color.jpg 0.40005 0.903477 -0.141657 0.0601899 0.635825 3.23372 -1.62814
data/frame-000264.color.jpg 0.558311 0.742693 -0.28742 0.232561 2.27473 2.53023 -2.90586
data/frame-000438.color.jpg -0.0821536 -0.21963 0.879517 -0.414081 2.60289 -0.369594 2.59991
data/frame-000042.color.jpg 0.511381 0.841148 -0.16213 0.068365 2.66885 2.84225 -2.61078
data/frame-000449.color.jpg -0.0230834 -0.0839651 0.870815 -0.483836 1.90825 -0.294005 3.16471
data/frame-000594.color.jpg 0.115699 0.0434885 0.874774 -0.468501 -1.49089 -0.526683 3.18526
data/frame-000176.color.jpg 0.591671 0.805988 0.017474 -0.00200067 -0.538448 2.60072 -3.35309
data/frame-000187.color.jpg 0.586195 0.802614 0.0946665 -0.0567764 -1.17506 2.54137 -3.18276
data/frame-000198.color.jpg 0.556082 0.822677 -0.0858528 0.0812708 0.475585 2.92104 -3.4767
data/frame-000321.color.jpg 0.671452 0.622707 -0.24792 0.316108 2.38915 1.569 -3.3449
data/frame-000332.color.jpg 0.578333 0.716192 -0.278207 0.274228 2.33787 2.33943 -2.93906
data/frame-000081.color.jpg -0.279863 -0.646064 0.687521 -0.177746 3.79567 -0.306608 0.998483
data/frame-000255.color.jpg 0.514585 0.770648 -0.305118 0.219562 2.33193 2.80587 -2.64279
data/frame-000389.color.jpg 0.358905 0.807833 -0.439653 0.159054 2.30301 2.54021 -1.09235
data/frame-000004.color.jpg 0.41221 0.91096 0.014608 0.00465626 1.57597 3.97456 -2.51513
data/frame-000400.color.jpg 0.382105 0.692319 -0.557564 0.252612 3.07492 1.85559 -0.749287
data/frame-000138.color.jpg 0.488452 0.87217 0.0230582 0.0142099 -0.680286 3.12402 -2.45012
data/frame-000149.color.jpg 0.479223 0.877367 0.00536892 0.0233182 -0.517364 3.22793 -2.44569
data/frame-000160.color.jpg 0.49852 0.866646 0.00514109 0.0193695 -0.471157 3.17176 -2.64201
data/frame-000032.color.jpg 0.589982 0.793815 -0.110903 0.097363 2.40793 2.58798 -3.17365
data/frame-000043.color.jpg 0.479535 0.856469 -0.175028 0.0766329 2.77051 2.9624 -2.33856
data/frame-000536.color.jpg 0.0534921 0.17743 0.946484 -0.264246 -0.644093 -2.16268 2.59407
data/frame-000468.color.jpg 0.0407848 0.0098713 0.842284 -0.537399 1.05379 -0.0422902 3.51402
data/frame-000217.color.jpg 0.42481 0.841294 -0.289651 0.166921 2.09898 3.39049 -2.22318
data/frame-000351.color.jpg 0.440635 0.83632 -0.284681 0.159266 1.74775 3.08447 -2.10039
data/frame-000362.color.jpg 0.376492 0.824446 -0.389357 0.164148 2.29002 2.87812 -1.41287
data/frame-000100.color.jpg 0.37343 0.878684 -0.296901 0.0177194 1.9108 2.64813 -1.28099
data/frame-000111.color.jpg 0.380677 0.891653 -0.240574 0.046524 1.28458 2.95072 -1.38882
data/frame-000593.color.jpg 0.120205 0.0318494 0.879376 -0.459601 -1.48659 -0.65719 3.2149
data/frame-000604.color.jpg 0.0239754 -0.059214 0.838988 -0.540387 -0.591045 0.0688426 3.56151
data/frame-000005.color.jpg 0.411327 0.911378 0.0135415 0.00400732 1.58728 3.97805 -2.50639
data/frame-000498.color.jpg 0.0830826 0.0835923 0.906153 -0.406198 0.0911087 -1.15566 3.24132
data/frame-000430.color.jpg -0.1247 -0.28635 0.881043 -0.35527 2.99465 -0.500081 2.19078
data/frame-000179.color.jpg 0.603886 0.79658 0.0248878 -0.0127153 -0.602597 2.50357 -3.41899
data/frame-000073.color.jpg 0.310746 0.685381 -0.620269 0.22126 4.23831 0.270581 1.02822
data/frame-000062.color.jpg 0.323906 0.865128 -0.367189 0.108675 3.85828 2.36165 -0.627232
data/frame-000555.color.jpg 0.0529318 0.0346784 0.881609 -0.467719 -0.267044 -0.540352 3.30606
data/frame-000566.color.jpg -0.0267859 -0.0868977 0.860471 -0.501319 0.400578 -0.157059 3.25898
data/frame-000577.color.jpg -0.0362467 -0.12992 0.924169 -0.357378 0.398551 -1.47645 3.17209
data/frame-000304.color.jpg 0.69872 0.589146 -0.223373 0.338824 2.36267 1.26813 -3.51311
data/frame-000130.color.jpg 0.447164 0.894297 0.0131114 0.0102407 -0.670691 3.21298 -2.04075
data/frame-000035.color.jpg 0.573378 0.802361 -0.138024 0.0916701 2.57548 2.59266 -2.99572
