data/frame-000069.color.jpg 0.197528 0.68615 -0.684328 0.147907 -3.82151 0.226013 1.6524
data/frame-000082.color.jpg -0.132917 -0.588786 0.780244 -0.163961 -4.12832 1.58557 0.773377
data/frame-000071.color.jpg -0.183815 -0.665215 0.707986 -0.149858 -3.84883 0.528526 1.47886
data/frame-000137.color.jpg 0.169262 0.701924 -0.674007 0.156102 -3.97716 0.6164 1.24791
data/frame-000203.color.jpg 0.248352 0.714839 -0.634015 0.15922 -3.02869 1.67941 0.707727
data/frame-000192.color.jpg 0.296965 0.860077 -0.403276 0.0972054 -2.83307 -0.0473662 1.86383
data/frame-000031.color.jpg -0.0966181 -0.332026 0.862539 -0.369392 -3.13131 3.26459 -1.62731
data/frame-000007.color.jpg 0.027584 -0.0130983 0.947629 -0.31791 -0.573154 4.51051 -1.85942
data/frame-000097.color.jpg -0.111123 -0.487372 0.834854 -0.230517 -4.24089 2.85824 -0.286329
data/frame-000020.color.jpg -0.0148355 -0.119802 0.945451 -0.302572 -1.50724 4.31385 -1.58553
data/frame-000018.color.jpg -0.00243322 -0.0865043 0.947917 -0.306537 -1.22987 4.39375 -1.67448
data/frame-000086.color.jpg -0.101878 -0.481953 0.84735 -0.198342 -3.82356 2.67043 0.0867561
data/frame-000218.color.jpg -0.149814 -0.591698 0.767279 -0.196803 -2.97376 2.40131 0.0503228
data/frame-000141.color.jpg 0.178169 0.739662 -0.633065 0.142776 -3.82764 0.208012 1.46131
data/frame-000152.color.jpg 0.22966 0.876402 -0.417165 0.0717598 -2.71491 -1.4022 2.46549
data/frame-000207.color.jpg -0.203913 -0.639604 0.723533 -0.160704 -2.80063 2.24512 0.412395
data/frame-000205.color.jpg -0.228635 -0.669554 0.687464 -0.163759 -2.91741 2.03275 0.516418
data/frame-000009.color.jpg 0.0272901 -0.014359 0.948286 -0.315916 -0.586412 4.51777 -1.84195
data/frame-000088.color.jpg -0.0949508 -0.445895 0.866462 -0.203482 -3.65407 3.005 -0.0877574
data/frame-000099.color.jpg -0.120683 -0.487233 0.827828 -0.250479 -4.2658 2.85281 -0.434853
data/frame-000154.color.jpg 0.261839 0.894433 -0.357863 0.0579984 -2.29742 -1.56873 2.7448
data/frame-000165.color.jpg 0.319149 0.940493 -0.116442 -0.00757494 -0.347822 -1.92717 3.21289
data/frame-000209.color.jpg -0.18492 -0.633577 0.734061 -0.159813 -2.82488 2.25663 0.377561
data/frame-000220.color.jpg -0.134562 -0.519352 0.818555 -0.205266 -2.63286 2.90451 -0.175628
data/frame-000048.color.jpg -0.144582 -0.387592 0.85076 -0.324155 -3.67581 2.44113 -0.861705
data/frame-000013.color.jpg 0.0188517 -0.0258586 0.95005 -0.310451 -0.694848 4.51726 -1.77679
data/frame-000024.color.jpg -0.0520414 -0.21058 0.923001 -0.317832 -2.27035 3.94361 -1.51736
data/frame-000103.color.jpg -0.127456 -0.509931 0.795978 -0.300241 -4.43686 2.48432 -0.763639
data/frame-000114.color.jpg -0.142712 -0.620047 0.73728 -0.227141 -4.72116 1.49217 0.286964
data/frame-000169.color.jpg 0.326826 0.92892 -0.17262 0.0222497 -0.806968 -1.63725 3.11786
data/frame-000235.color.jpg -0.00991263 -0.0754412 0.973545 -0.215456 1.0469 4.3816 -0.748124
data/frame-000061.color.jpg -0.2098 -0.678273 0.690368 -0.139 -3.79237 0.0221778 1.55626
data/frame-000037.color.jpg -0.116501 -0.324494 0.880131 -0.326344 -3.15728 3.31326 -1.09045
data/frame-000050.color.jpg -0.2055 -0.43163 0.836675 -0.267283 -3.81145 2.28256 -0.0839703
data/frame-000105.color.jpg -0.135231 -0.527396 0.787132 -0.28981 -4.50767 2.35546 -0.57315
data/frame-000116.color.jpg -0.152012 -0.636044 0.725076 -0.215882 -4.71505 1.34075 0.470271
data/frame-000127.color.jpg -0.160922 -0.656631 0.715354 -0.176658 -4.40112 1.07957 0.935038
data/frame-000171.color.jpg 0.327231 0.923637 -0.197187 0.0305168 -1.01239 -1.47335 3.00506
data/frame-000182.color.jpg 0.224863 0.820268 -0.511629 0.121794 -2.99765 -0.154089 1.65344
data/frame-000226.color.jpg -0.0588662 -0.263447 0.926133 -0.263453 -0.623166 3.96089 -1.04502
data/frame-000010.color.jpg 0.0264801 -0.0155349 0.948422 -0.31552 -0.596276 4.51746 -1.83837
data/frame-000237.color.jpg -0.011957 -0.0647754 0.972988 -0.221258 1.16562 4.38172 -0.802817
data/frame-000065.color.jpg 0.204118 0.687579 -0.68297 0.138281 -3.75979 0.0234917 1.69884
data/frame-000076.color.jpg -0.162997 -0.611631 0.758385 -0.155537 -3.85421 1.19242 1.14018
data/frame-000131.color.jpg -0.16854 -0.682455 0.688046 -0.180119 -4.24618 0.769249 1.06777
data/frame-000186.color.jpg 0.260433 0.823784 -0.489845 0.116646 -2.94572 0.0567148 1.71846
data/frame-000197.color.jpg 0.302272 0.860613 -0.400775 0.0857686 -2.81589 0.173496 1.75948
data/frame-000184.color.jpg 0.243496 0.821782 -0.500326 0.122712 -3.00866 -0.0587476 1.67801
data/frame-000067.color.jpg 0.194426 0.689412 -0.685024 0.132859 -3.79417 0.0522052 1.72673
data/frame-000054.color.jpg -0.193457 -0.500229 0.819373 -0.20242 -3.89617 1.72592 0.542243
data/frame-000078.color.jpg -0.171071 -0.63142 0.740091 -0.155914 -3.98404 1.05573 1.20873
data/frame-000089.color.jpg -0.0925191 -0.436001 0.872527 -0.2001 -3.6214 3.11669 -0.104863
data/frame-000199.color.jpg 0.291756 0.814749 -0.488129 0.113101 -2.99199 0.747107 1.39098
data/frame-000210.color.jpg -0.183554 -0.633905 0.734627 -0.157468 -2.83582 2.24798 0.395916
data/frame-000188.color.jpg 0.281495 0.807929 -0.504603 0.115704 -2.92373 0.407603 1.64072
data/frame-000133.color.jpg 0.165059 0.692395 -0.682643 0.165357 -4.13646 0.686791 1.1541
data/frame-000144.color.jpg 0.184046 0.780536 -0.584012 0.125782 -3.64416 -0.261106 1.686
data/frame-000027.color.jpg -0.0820936 -0.254236 0.900222 -0.343839 -2.61539 3.68613 -1.57783
data/frame-000003.color.jpg 0.0289133 -0.0115399 0.9449 -0.325875 -0.552337 4.48741 -1.93425
data/frame-000093.color.jpg -0.105196 -0.479648 0.846105 -0.207313 -4.15813 2.84833 -0.0743417
data/frame-000148.color.jpg 0.198676 0.818015 -0.529459 0.105135 -3.36941 -0.704002 1.97269
data/frame-000214.color.jpg -0.170018 -0.651855 0.723211 -0.152135 -3.04626 2.01192 0.505667
data/frame-000146.color.jpg 0.189046 0.796009 -0.563288 0.11549 -3.53393 -0.442985 1.80667
data/frame-000201.color.jpg 0.27773 0.766507 -0.562796 0.136359 -3.04285 1.24121 1.06105
data/frame-000040.color.jpg -0.0652795 -0.269701 0.899898 -0.336427 -2.8067 3.45216 -1.39257
data/frame-000016.color.jpg 0.00812682 -0.0478856 0.949595 -0.309693 -0.893166 4.47724 -1.74372
data/frame-000084.color.jpg -0.114037 -0.53161 0.81994 -0.179123 -4.00708 2.19652 0.417879
data/frame-000106.color.jpg -0.133835 -0.534508 0.782252 -0.290639 -4.53731 2.27692 -0.556428
data/frame-000172.color.jpg 0.320522 0.920438 -0.221532 0.0313579 -1.16011 -1.42557 2.937
data/frame-000161.color.jpg 0.30098 0.933154 -0.196479 0.00551595 -1.02671 -2.0431 3.20312
data/frame-000227.color.jpg -0.0527795 -0.238742 0.934188 -0.259824 -0.411577 4.01202 -1.03939
data/frame-000150.color.jpg 0.211982 0.845483 -0.481388 0.0921285 -3.11861 -1.03244 2.18924
data/frame-000216.color.jpg -0.16097 -0.635958 0.733997 -0.175771 -3.08842 2.0822 0.308827
data/frame-000095.color.jpg -0.102013 -0.487744 0.841863 -0.207284 -4.22169 2.83558 -0.0968099
data/frame-000055.color.jpg -0.206969 -0.533569 0.799543 -0.182205 -3.91531 1.44197 0.841213
data/frame-000110.color.jpg -0.136651 -0.591332 0.754395 -0.250084 -4.68805 1.7684 -0.0178877
data/frame-000231.color.jpg -0.039244 -0.166852 0.962141 -0.211909 0.227718 4.2885 -0.731429
data/frame-000108.color.jpg -0.132661 -0.562536 0.76918 -0.27261 -4.6199 2.02447 -0.312314
data/frame-000163.color.jpg 0.3162 0.934866 -0.161361 -0.00226446 -0.704925 -1.95086 3.243
data/frame-000229.color.jpg -0.0423012 -0.19183 0.949711 -0.243847 0.0147869 4.14874 -0.957474
data/frame-000046.color.jpg -0.0868825 -0.387199 0.851365 -0.343082 -3.66193 2.38598 -1.19069
data/frame-000068.color.jpg 0.196359 0.691884 -0.680764 0.138924 -3.80238 0.06918 1.72592
data/frame-000033.color.jpg -0.109422 -0.310969 0.869454 -0.367934 -2.94436 3.40604 -1.63944
data/frame-000044.color.jpg -0.0468089 -0.316292 0.890686 -0.323183 -3.2011 3.0208 -1.30441
data/frame-000057.color.jpg -0.205751 -0.599345 0.756686 -0.160866 -3.95104 0.79715 1.1603
data/frame-000112.color.jpg -0.137013 -0.602789 0.749681 -0.236328 -4.7026 1.66566 0.130395
data/frame-000123.color.jpg -0.174385 -0.662951 0.69874 -0.20457 -4.59937 1.06223 0.774363
data/frame-000167.color.jpg 0.336514 0.930629 -0.14381 0.0026065 -0.522617 -1.69615 3.23336
data/frame-000178.color.jpg 0.256412 0.847262 -0.456716 0.088381 -2.51831 -0.52494 2.11707
data/frame-000006.color.jpg 0.0270166 -0.0137011 0.947736 -0.317613 -0.580798 4.51144 -1.85639
data/frame-000189.color.jpg 0.275785 0.807873 -0.510211 0.104724 -2.94121 0.458354 1.64202
data/frame-000072.color.jpg -0.178009 -0.651127 0.720356 -0.159481 -3.86232 0.706717 1.34314
data/frame-000233.color.jpg -0.0160761 -0.111961 0.967364 -0.226745 0.675722 4.33944 -0.833171
data/frame-000193.color.jpg 0.296577 0.871571 -0.381236 0.0840544 -2.76572 -0.123716 1.91014
data/frame-000070.color.jpg -0.19182 -0.676296 0.697113 -0.140933 -3.81825 0.378292 1.61153
data/frame-000125.color.jpg -0.177746 -0.66973 0.693531 -0.197187 -4.53643 0.975817 0.889088
data/frame-000180.color.jpg 0.230239 0.824595 -0.505 0.109581 -2.83732 -0.251413 1.79809
data/frame-000191.color.jpg 0.290767 0.841816 -0.440762 0.111934 -2.9377 0.132115 1.72867
data/frame-000019.color.jpg -0.00775741 -0.103068 0.946721 -0.305019 -1.36876 4.35395 -1.63856
data/frame-000030.color.jpg -0.105654 -0.340982 0.859364 -0.366145 -3.26002 3.20088 -1.53945
data/frame-000074.color.jpg -0.166809 -0.625167 0.745502 -0.159899 -3.83467 1.01373 1.1876
data/frame-000085.color.jpg -0.111036 -0.5128 0.829908 -0.18963 -3.95432 2.3833 0.271875
data/frame-000129.color.jpg -0.15765 -0.668891 0.703794 -0.180015 -4.35187 0.913866 0.959008
data/frame-000140.color.jpg 0.177618 0.732426 -0.641322 0.143907 -3.85133 0.289757 1.43385
data/frame-000151.color.jpg 0.220317 0.864685 -0.444322 0.0797454 -2.88758 -1.26471 2.34776
data/frame-000195.color.jpg 0.303952 0.866921 -0.385877 0.0846186 -2.78951 0.0612327 1.82659
data/frame-000206.color.jpg -0.218626 -0.655713 0.703843 -0.163855 -2.86725 2.13193 0.460901
data/frame-000087.color.jpg -0.0994531 -0.455375 0.86075 -0.204578 -3.69432 2.91295 -0.045478
data/frame-000063.color.jpg 0.216431 0.6935 -0.670623 0.149933 -3.74254 -0.108143 1.6539
data/frame-000142.color.jpg 0.17943 0.747493 -0.624045 0.140099 -3.79314 0.119717 1.5027
data/frame-000153.color.jpg 0.249218 0.895009 -0.365388 0.0577974 -2.34723 -1.58725 2.67491
data/frame-000208.color.jpg -0.192281 -0.639115 0.726424 -0.163913 -2.82701 2.23271 0.36871
data/frame-000047.color.jpg -0.110928 -0.384494 0.852059 -0.337423 -3.66368 2.41863 -1.07986
data/frame-000023.color.jpg -0.0491297 -0.180636 0.932382 -0.309227 -2.02766 4.09531 -1.49379
data/frame-000036.color.jpg -0.112147 -0.315217 0.879072 -0.339548 -3.0621 3.36453 -1.27902
data/frame-000012.color.jpg 0.0234196 -0.0185031 0.949654 -0.311875 -0.62474 4.52471 -1.79981
data/frame-000091.color.jpg -0.100663 -0.459013 0.859915 -0.199302 -3.87339 2.98524 -0.0344618
data/frame-000102.color.jpg -0.121962 -0.506893 0.799556 -0.298151 -4.42317 2.51532 -0.786266
data/frame-000157.color.jpg 0.291658 0.920104 -0.260379 0.0233995 -1.52872 -1.89909 3.0925
data/frame-000168.color.jpg 0.331454 0.928567 -0.164996 0.0260249 -0.762944 -1.65289 3.17023
data/frame-000212.color.jpg -0.175993 -0.64555 0.727582 -0.151384 -2.98099 2.09371 0.497927
data/frame-000223.color.jpg -0.0998818 -0.411441 0.874481 -0.236694 -1.90503 3.48192 -0.649637
data/frame-000051.color.jpg -0.20446 -0.438222 0.839436 -0.248001 -3.79809 2.26285 0.0579342
data/frame-000025.color.jpg -0.0533196 -0.221833 0.916662 -0.328143 -2.35179 3.85798 -1.58558
data/frame-000104.color.jpg -0.135234 -0.515807 0.790219 -0.302007 -4.46379 2.42279 -0.716849
data/frame-000115.color.jpg -0.146943 -0.629496 0.730248 -0.221088 -4.72161 1.39994 0.384012
data/frame-000159.color.jpg 0.294908 0.930259 -0.217983 0.0114053 -1.20549 -2.03619 3.16529
data/frame-000170.color.jpg 0.31926 0.928644 -0.18789 0.019781 -0.91154 -1.56891 3.01121
data/frame-000225.color.jpg -0.0713313 -0.320623 0.909759 -0.253874 -1.12406 3.83932 -0.919207
data/frame-000236.color.jpg -0.00989587 -0.0718045 0.973805 -0.215522 1.08944 4.38911 -0.749568
data/frame-000053.color.jpg -0.199993 -0.466193 0.834267 -0.216022 -3.81585 2.03358 0.361551
data/frame-000029.color.jpg -0.109608 -0.332579 0.864494 -0.360594 -3.22908 3.25119 -1.4872
data/frame-000064.color.jpg 0.215209 0.691584 -0.672895 0.15036 -3.74284 -0.0531512 1.67616
data/frame-000119.color.jpg -0.158202 -0.652528 0.712492 -0.203801 -4.69277 1.1734 0.642735
data/frame-000174.color.jpg 0.321187 0.901726 -0.285738 0.0456419 -1.58919 -1.16314 2.82944
data/frame-000185.color.jpg 0.256307 0.819938 -0.497276 0.121349 -2.98393 0.0237477 1.71073
data/frame-000240.color.jpg -0.0155368 -0.0353291 0.953412 -0.299191 1.41715 4.22741 -1.47131
data/frame-000066.color.jpg -0.186113 -0.687578 0.68771 -0.140192 -3.82488 0.0176025 1.61535
data/frame-000042.color.jpg -0.0472631 -0.245395 0.910835 -0.328523 -2.66647 3.51964 -1.4077
data/frame-000121.color.jpg -0.168957 -0.661592 0.700968 -0.205897 -4.6528 1.07543 0.722486
data/frame-000132.color.jpg 0.166241 0.688586 -0.685934 0.166457 -4.17181 0.719185 1.15014
data/frame-000176.color.jpg 0.278116 0.870064 -0.400531 0.0722152 -2.25538 -0.789558 2.37378
data/frame-000187.color.jpg 0.278453 0.817714 -0.491099 0.112383 -2.90442 0.251144 1.72061
data/frame-000198.color.jpg 0.295299 0.835248 -0.453673 0.0966429 -2.91677 0.515763 1.56297
data/frame-000242.color.jpg -0.0113486 -0.0374721 0.939169 -0.341216 1.3948 4.13262 -1.81678
data/frame-000015.color.jpg 0.0136809 -0.0363132 0.949925 -0.31006 -0.785248 4.49977 -1.76241
data/frame-000002.color.jpg 0.0336198 -0.00787251 0.943825 -0.328635 -0.509475 4.47778 -1.96322
data/frame-000026.color.jpg -0.065796 -0.222466 0.913257 -0.334874 -2.35248 3.84201 -1.60257
data/frame-000081.color.jpg -0.150075 -0.612801 0.761442 -0.148856 -4.09674 1.31806 1.03938
data/frame-000136.color.jpg 0.167642 0.695803 -0.68001 0.159188 -4.0117 0.679244 1.20593
data/frame-000147.color.jpg 0.194409 0.807769 -0.545601 0.1097 -3.44687 -0.579468 1.89664
data/frame-000202.color.jpg 0.25985 0.733647 -0.609026 0.152732 -3.0489 1.52388 0.823743
data/frame-000134.color.jpg 0.162243 0.69124 -0.683841 0.168006 -4.11571 0.697697 1.11929
data/frame-000004.color.jpg 0.0254914 -0.0139226 0.945861 -0.323271 -0.57923 4.49565 -1.90538
data/frame-000083.color.jpg -0.121617 -0.560805 0.800608 -0.172438 -4.09538 1.89466 0.57757
data/frame-000059.color.jpg -0.204813 -0.646527 0.722171 -0.136097 -3.86513 0.309524 1.42682
data/frame-000094.color.jpg -0.102185 -0.482404 0.84374 -0.212009 -4.19098 2.83067 -0.135188
data/frame-000138.color.jpg 0.171038 0.715937 -0.659892 0.150742 -3.92734 0.463604 1.3213
data/frame-000149.color.jpg 0.200433 0.830281 -0.509056 0.106406 -3.29642 -0.86351 2.01671
data/frame-000160.color.jpg 0.294471 0.931898 -0.211732 0.0047429 -1.13323 -2.0573 3.17319
data/frame-000204.color.jpg 0.234102 0.695548 -0.658915 0.16505 -3.01165 1.82266 0.590582
data/frame-000215.color.jpg -0.168588 -0.64835 0.724306 -0.163097 -3.08372 2.01088 0.430465
data/frame-000032.color.jpg -0.0991495 -0.32025 0.864413 -0.374698 -3.02025 3.32527 -1.69811
data/frame-000008.color.jpg 0.0275477 -0.0136187 0.948036 -0.316675 -0.579108 4.51467 -1.84912
data/frame-000043.color.jpg -0.0381773 -0.270198 0.907874 -0.318277 -2.87007 3.36865 -1.32862
data/frame-000098.color.jpg -0.115524 -0.48688 0.831699 -0.240581 -4.25064 2.86658 -0.366973
data/frame-000164.color.jpg 0.313675 0.939357 -0.138562 -0.00421431 -0.537468 -1.98357 3.21808
data/frame-000219.color.jpg -0.135662 -0.5314 0.810631 -0.20515 -2.69795 2.82292 -0.149178
data/frame-000217.color.jpg -0.153839 -0.612652 0.751957 -0.188551 -3.03799 2.24615 0.159515
data/frame-000045.color.jpg -0.0550103 -0.343172 0.874601 -0.338054 -3.37903 2.75821 -1.35353
data/frame-000021.color.jpg -0.0173158 -0.142687 0.943089 -0.299873 -1.69567 4.25499 -1.53645
data/frame-000056.color.jpg -0.207069 -0.5852 0.765824 -0.167862 -3.95524 0.939077 1.08612
data/frame-000100.color.jpg -0.123747 -0.492171 0.8186 -0.268977 -4.31946 2.76194 -0.574428
data/frame-000111.color.jpg -0.135265 -0.596694 0.752049 -0.245118 -4.69722 1.71112 0.0317823
data/frame-000155.color.jpg 0.26832 0.901779 -0.334606 0.0532725 -2.12942 -1.65532 2.82134
data/frame-000166.color.jpg 0.333316 0.933116 -0.134869 -0.00236918 -0.45351 -1.74964 3.23827
data/frame-000177.color.jpg 0.2639 0.85302 -0.44244 0.0834322 -2.44865 -0.597137 2.19757
data/frame-000221.color.jpg -0.130344 -0.499812 0.830018 -0.210399 -2.52226 3.02721 -0.257973
data/frame-000005.color.jpg 0.0242805 -0.0154481 0.946707 -0.320807 -0.59949 4.50073 -1.88004
data/frame-000232.color.jpg -0.0361484 -0.156619 0.962827 -0.217089 0.298372 4.31284 -0.780437
data/frame-000060.color.jpg -0.203255 -0.673902 0.698529 -0.128843 -3.80681 0.0334733 1.53677
data/frame-000243.color.jpg -0.00478981 -0.0397177 0.935847 -0.350127 1.37386 4.12002 -1.87262
data/frame-000126.color.jpg -0.18005 -0.662541 0.702647 -0.186839 -4.44913 1.04981 0.971133
data/frame-000181.color.jpg 0.22607 0.820893 -0.511216 0.116986 -2.93412 -0.18129 1.71506
data/frame-000113.color.jpg -0.138279 -0.608604 0.745747 -0.233114 -4.70813 1.60667 0.181235
data/frame-000179.color.jpg 0.234237 0.834643 -0.488613 0.0987984 -2.70227 -0.396263 1.9148
data/frame-000234.color.jpg -0.00841174 -0.0916543 0.970093 -0.224609 0.863624 4.34914 -0.805729
data/frame-000062.color.jpg 0.221824 0.690294 -0.67353 0.143689 -3.72766 -0.0818239 1.68077
data/frame-000038.color.jpg -0.108038 -0.324404 0.88003 -0.3296 -3.18216 3.26335 -1.11646
data/frame-000049.color.jpg -0.187818 -0.404804 0.841812 -0.303662 -3.73641 2.4061 -0.484228
data/frame-000073.color.jpg -0.170898 -0.641391 0.731658 -0.155206 -3.84591 0.829313 1.29092
data/frame-000117.color.jpg -0.153238 -0.641568 0.720504 -0.213968 -4.71627 1.2801 0.507962
data/frame-000128.color.jpg -0.153548 -0.663288 0.711175 -0.17522 -4.37567 0.977169 0.939549
data/frame-000139.color.jpg 0.173368 0.72391 -0.651034 0.148502 -3.89681 0.376893 1.36482
data/frame-000183.color.jpg 0.227433 0.822556 -0.507423 0.119155 -3.02069 -0.138677 1.65082
data/frame-000194.color.jpg 0.303269 0.87039 -0.379516 0.0801046 -2.7513 -0.0461505 1.91012
data/frame-000022.color.jpg -0.0432778 -0.17173 0.932137 -0.315841 -1.95826 4.0995 -1.58338
data/frame-000238.color.jpg -0.0123913 -0.0541664 0.968318 -0.243461 1.26293 4.35765 -0.992415
data/frame-000077.color.jpg -0.171428 -0.617587 0.750776 -0.159792 -3.90584 1.17174 1.16244
data/frame-000143.color.jpg 0.180728 0.756864 -0.613364 0.135199 -3.75294 0.0135316 1.55899
data/frame-000075.color.jpg -0.162944 -0.608935 0.759214 -0.16199 -3.82161 1.18769 1.10633
data/frame-000130.color.jpg -0.171399 -0.674312 0.694004 -0.185159 -4.29072 0.861259 1.02853
data/frame-000196.color.jpg 0.304799 0.864306 -0.391103 0.0843281 -2.80041 0.114166 1.80303
data/frame-000035.color.jpg -0.11733 -0.306319 0.877857 -0.348956 -2.96802 3.4322 -1.39921
data/frame-000000.color.jpg 0.0396161 -0.00247498 0.94265 -0.331415 -0.441329 4.47099 -1.98468
data/frame-000011.color.jpg 0.0264696 -0.0160427 0.949151 -0.313296 -0.60034 4.52434 -1.81754
data/frame-000079.color.jpg -0.159325 -0.634903 0.739457 -0.157217 -4.06586 1.01958 1.12781
data/frame-000090.color.jpg -0.0946851 -0.440934 0.871074 -0.194531 -3.69694 3.11666 -0.0467981
data/frame-000101.color.jpg -0.120903 -0.498443 0.811092 -0.281189 -4.3652 2.66157 -0.675293
data/frame-000145.color.jpg 0.187008 0.788399 -0.573316 0.121509 -3.59063 -0.353159 1.74529
data/frame-000156.color.jpg 0.288469 0.915888 -0.277718 0.0284081 -1.66374 -1.83495 3.04363
data/frame-000200.color.jpg 0.286002 0.791676 -0.52549 0.123737 -3.02406 0.995992 1.237
data/frame-000211.color.jpg -0.177774 -0.638567 0.732902 -0.153241 -2.91017 2.18583 0.445796
data/frame-000222.color.jpg -0.109826 -0.425273 0.867956 -0.231804 -2.0149 3.42921 -0.581221
data/frame-000039.color.jpg -0.0888199 -0.306383 0.887302 -0.33307 -3.06559 3.31049 -1.237
data/frame-000058.color.jpg -0.203185 -0.620583 0.741545 -0.153957 -3.93351 0.575062 1.24944
data/frame-000092.color.jpg -0.110737 -0.476662 0.849336 -0.197887 -4.07343 2.8686 0.038928
data/frame-000158.color.jpg 0.290575 0.926937 -0.236544 0.0200398 -1.36014 -2.0 3.11758
data/frame-000213.color.jpg -0.174221 -0.6491 0.725189 -0.149722 -3.01476 2.05116 0.520844
data/frame-000224.color.jpg -0.0822922 -0.370982 0.892127 -0.244355 -1.56625 3.66715 -0.774651
data/frame-000041.color.jpg -0.0513405 -0.24789 0.907478 -0.335259 -2.65378 3.53464 -1.44994
data/frame-000017.color.jpg 0.00561027 -0.0659247 0.948915 -0.308517 -1.0507 4.43635 -1.7192
data/frame-000028.color.jpg -0.0946022 -0.295261 0.884622 -0.348304 -2.95281 3.48678 -1.5091
data/frame-000052.color.jpg -0.213093 -0.430311 0.849862 -0.21716 -3.66318 2.3844 0.293979
data/frame-000096.color.jpg -0.10791 -0.48594 0.839156 -0.219169 -4.21916 2.86622 -0.190179
data/frame-000107.color.jpg -0.134176 -0.543361 0.77714 -0.287766 -4.56401 2.19097 -0.495602
data/frame-000118.color.jpg -0.156375 -0.645778 0.717916 -0.20764 -4.70242 1.24864 0.584595
data/frame-000162.color.jpg 0.314933 0.930614 -0.186265 -0.00899974 -0.855771 -1.94499 3.26249
data/frame-000173.color.jpg 0.321818 0.909774 -0.258528 0.0436809 -1.4266 -1.26862 2.87567
data/frame-000001.color.jpg 0.0429463 -0.00281262 0.942666 -0.330951 -0.44608 4.47122 -1.99139
data/frame-000228.color.jpg -0.0399638 -0.207758 0.944989 -0.249472 -0.132809 4.10185 -0.972389
data/frame-000239.color.jpg -0.0112591 -0.0386654 0.96291 -0.266802 1.39417 4.29719 -1.18226
data/frame-000124.color.jpg -0.175092 -0.665577 0.696696 -0.202399 -4.57793 1.02876 0.809581
data/frame-000122.color.jpg -0.172895 -0.662703 0.700199 -0.201627 -4.61645 1.07914 0.780861
data/frame-000109.color.jpg -0.133391 -0.575522 0.763158 -0.261861 -4.65037 1.91198 -0.180296
data/frame-000120.color.jpg -0.15939 -0.655691 0.709126 -0.204462 -4.67998 1.13597 0.657034
data/frame-000175.color.jpg 0.299996 0.886988 -0.342996 0.0748904 -2.00304 -0.979213 2.55712
data/frame-000230.color.jpg -0.03915 -0.179087 0.957255 -0.223738 0.12433 4.22271 -0.812862
data/frame-000241.color.jpg -0.00945368 -0.034175 0.945392 -0.324001 1.42883 4.17152 -1.66312
data/frame-000014.color.jpg 0.0207463 -0.0295389 0.950477 -0.308693 -0.72307 4.51441 -1.76135
data/frame-000080.color.jpg -0.157061 -0.624599 0.750419 -0.14859 -4.07628 1.16887 1.12195
data/frame-000034.color.jpg -0.119148 -0.295536 0.876576 -0.360661 -2.83754 3.50661 -1.5718
data/frame-000135.color.jpg 0.165185 0.692049 -0.684255 0.159928 -4.03883 0.714574 1.18016
data/frame-000190.color.jpg 0.278027 0.813187 -0.49651 0.122091 -3.00395 0.410488 1.55602
