data/frame-000016.color.jpg 0.0424958 -0.0213268 0.823707 -0.565019 0.444308 1.24179 0.725651
data/frame-000071.color.jpg -0.127746 -0.180968 0.763051 -0.607195 -0.178093 1.44854 0.331487
data/frame-000082.color.jpg -0.0515845 -0.135838 0.850457 -0.505578 -0.210961 1.22798 0.653488
data/frame-000137.color.jpg 0.382409 0.729591 0.509125 -0.249505 0.148952 1.16925 0.829234
data/frame-000192.color.jpg 0.453057 0.88906 -0.0166812 0.0635044 -0.126819 1.22079 0.721156
data/frame-000203.color.jpg 0.609968 0.789533 -0.00922738 0.0670208 -0.168797 1.49162 0.312711
data/frame-000020.color.jpg 0.038806 -0.0127438 0.78681 -0.615842 0.456699 1.35275 0.57765
data/frame-000031.color.jpg -0.04151 -0.0703788 0.777021 -0.624149 0.497472 1.47292 0.387365
data/frame-000086.color.jpg 0.00986157 -0.114118 0.884073 -0.453095 -0.303849 1.10398 0.75773
data/frame-000097.color.jpg 0.142127 0.168537 0.832271 -0.508646 -0.188523 1.32002 0.484453
data/frame-000141.color.jpg 0.397766 0.740422 0.490449 -0.230257 0.0278481 1.21095 0.765522
data/frame-000152.color.jpg 0.525787 0.676429 0.440143 -0.268824 -0.0800743 1.47541 0.330288
data/frame-000207.color.jpg 0.612669 0.786024 -0.0199026 0.0800367 -0.182432 1.49764 0.300773
data/frame-000205.color.jpg 0.622182 0.780322 -0.00517409 0.0629307 -0.159371 1.50743 0.285195
data/frame-000033.color.jpg -0.0548396 -0.0913236 0.77502 -0.622894 0.476684 1.49775 0.341656
data/frame-000044.color.jpg -0.103052 -0.157112 0.756883 -0.625959 0.180935 1.52983 0.296949
data/frame-000088.color.jpg 0.0315497 -0.0833999 0.908276 -0.408758 -0.299316 1.02202 0.822809
data/frame-000099.color.jpg 0.179637 0.218612 0.812261 -0.51007 -0.16909 1.35526 0.444865
data/frame-000154.color.jpg 0.537474 0.702378 0.400474 -0.239599 -0.0253797 1.50403 0.297473
data/frame-000165.color.jpg 0.521684 0.828089 0.193372 -0.0687131 0.0950413 1.41079 0.527037
data/frame-000209.color.jpg 0.599273 0.792935 -0.047924 0.0991398 -0.195502 1.48098 0.32194
data/frame-000220.color.jpg 0.501928 0.826848 -0.182067 0.176757 -0.257087 1.38605 0.462016
data/frame-000048.color.jpg -0.12291 -0.170446 0.74535 -0.632688 0.101948 1.5293 0.278434
data/frame-000103.color.jpg 0.213135 0.289293 0.783891 -0.506357 -0.0415943 1.39957 0.407192
data/frame-000114.color.jpg 0.332852 0.519119 0.686203 -0.385813 0.16796 1.35455 0.555234
data/frame-000169.color.jpg 0.492183 0.854858 0.161379 -0.0304988 0.0775956 1.33161 0.640262
data/frame-000193.color.jpg 0.460484 0.8854 -0.0164982 0.0612384 -0.124007 1.23681 0.705802
data/frame-000050.color.jpg -0.124641 -0.173427 0.744163 -0.632936 0.0668237 1.52353 0.289209
data/frame-000061.color.jpg -0.0954236 -0.10184 0.765918 -0.627609 0.0657991 1.49679 0.28627
data/frame-000105.color.jpg 0.231084 0.309557 0.774556 -0.500837 0.0110224 1.42754 0.359833
data/frame-000116.color.jpg 0.332832 0.532125 0.676324 -0.385554 0.146038 1.3591 0.527539
data/frame-000127.color.jpg 0.29976 0.639555 0.64081 -0.300792 0.178643 1.17989 0.763857
data/frame-000171.color.jpg 0.466403 0.867958 0.169145 -0.0225278 0.0252548 1.27733 0.703274
data/frame-000182.color.jpg 0.405567 0.906724 0.114008 -0.0192295 -0.00811496 1.08919 0.879226
data/frame-000226.color.jpg 0.439405 0.851582 -0.214066 0.189491 -0.30224 1.27996 0.59091
data/frame-000010.color.jpg 0.0235296 -0.0398315 0.838 -0.543706 0.491992 1.1949 0.755096
data/frame-000065.color.jpg -0.113482 -0.158815 0.764058 -0.614911 -0.102795 1.47076 0.311004
data/frame-000076.color.jpg -0.107288 -0.163141 0.794724 -0.574707 -0.190596 1.38627 0.430747
data/frame-000131.color.jpg 0.308508 0.661677 0.618101 -0.291474 0.250787 1.10681 0.853798
data/frame-000186.color.jpg 0.4172 0.907819 0.0346328 0.0246831 -0.059845 1.13224 0.819026
data/frame-000063.color.jpg -0.106072 -0.141675 0.764948 -0.6193 -0.0441279 1.48315 0.297715
data/frame-000184.color.jpg 0.403327 0.91266 0.0658959 0.00601434 -0.0359354 1.09063 0.863423
data/frame-000012.color.jpg 0.0352856 -0.0293309 0.831203 -0.554072 0.461411 1.21807 0.740338
data/frame-000023.color.jpg 0.0292487 -0.0208715 0.771452 -0.635272 0.471287 1.40075 0.506797
data/frame-000067.color.jpg -0.123107 -0.176245 0.759776 -0.613614 -0.145646 1.46056 0.312407
data/frame-000078.color.jpg -0.103796 -0.160186 0.807178 -0.558596 -0.175239 1.35169 0.484768
data/frame-000089.color.jpg 0.0321535 -0.0657209 0.919492 -0.38624 -0.281142 0.977918 0.865197
data/frame-000133.color.jpg 0.339956 0.688569 0.578152 -0.275758 0.212206 1.13023 0.847104
data/frame-000144.color.jpg 0.422231 0.715678 0.496401 -0.251218 -0.0242722 1.28688 0.660766
data/frame-000188.color.jpg 0.412735 0.909746 0.00261293 0.044785 -0.0889329 1.12997 0.820578
data/frame-000199.color.jpg 0.540271 0.838471 -0.0200275 0.0683537 -0.146151 1.38835 0.500015
data/frame-000210.color.jpg 0.592461 0.797447 -0.0541776 0.100661 -0.193521 1.47358 0.336012
data/frame-000223.color.jpg 0.466842 0.840141 -0.200348 0.189955 -0.295364 1.32724 0.532305
data/frame-000027.color.jpg 0.00645408 -0.0306801 0.761234 -0.647719 0.49927 1.4319 0.444464
data/frame-000093.color.jpg 0.0636825 0.0689341 0.889794 -0.446609 -0.186125 1.15121 0.695741
data/frame-000148.color.jpg 0.480078 0.700455 0.459346 -0.260555 -0.0457898 1.39828 0.491312
data/frame-000025.color.jpg 0.0242044 -0.024314 0.766119 -0.641783 0.476947 1.41971 0.483257
data/frame-000146.color.jpg 0.461616 0.712339 0.463864 -0.253602 -0.0339036 1.36413 0.552322
data/frame-000201.color.jpg 0.572967 0.816976 -0.0173804 0.0629045 -0.137693 1.43801 0.416044
data/frame-000029.color.jpg -0.0317555 -0.0527779 0.772891 -0.631542 0.524967 1.44968 0.436846
data/frame-000040.color.jpg -0.082894 -0.112509 0.758794 -0.636162 0.382149 1.54079 0.249715
data/frame-000084.color.jpg -0.015913 -0.120286 0.865117 -0.486673 -0.263764 1.17297 0.692793
data/frame-000106.color.jpg 0.247911 0.345354 0.755882 -0.497908 0.129636 1.44814 0.342285
data/frame-000150.color.jpg 0.506275 0.681167 0.45332 -0.272393 -0.0667041 1.44378 0.399447
data/frame-000161.color.jpg 0.55975 0.788472 0.233317 -0.102736 0.0626671 1.49842 0.374743
data/frame-000216.color.jpg 0.555527 0.807329 -0.132444 0.148549 -0.219625 1.45138 0.362073
data/frame-000227.color.jpg 0.418552 0.861381 -0.222086 0.183071 -0.298639 1.24226 0.6379
data/frame-000172.color.jpg 0.463043 0.868348 0.175534 -0.0274003 0.00411437 1.26716 0.716053
data/frame-000095.color.jpg 0.115042 0.130319 0.851456 -0.494778 -0.206025 1.27354 0.543824
data/frame-000055.color.jpg -0.12878 -0.163155 0.744979 -0.633879 0.0420782 1.51163 0.318317
data/frame-000110.color.jpg 0.304534 0.430445 0.712716 -0.462615 0.330014 1.4331 0.412533
data/frame-000042.color.jpg -0.0951002 -0.142047 0.762849 -0.62357 0.280398 1.53235 0.304197
data/frame-000108.color.jpg 0.281003 0.386234 0.734423 -0.482166 0.262191 1.45596 0.349742
data/frame-000163.color.jpg 0.536181 0.812437 0.215864 -0.0765456 0.0628527 1.44653 0.47325
data/frame-000229.color.jpg 0.406498 0.867354 -0.225058 0.178341 -0.295866 1.21512 0.669894
data/frame-000002.color.jpg -0.00785685 -0.0752347 0.884855 -0.459685 0.574794 1.01483 0.861836
data/frame-000046.color.jpg -0.11339 -0.162513 0.749506 -0.631643 0.138715 1.53274 0.275537
data/frame-000057.color.jpg -0.117789 -0.140076 0.752987 -0.632072 0.0577124 1.50134 0.316129
data/frame-000068.color.jpg -0.128431 -0.179929 0.758787 -0.612677 -0.151829 1.46022 0.315423
data/frame-000112.color.jpg 0.322962 0.477224 0.69583 -0.428687 0.27166 1.39952 0.480958
data/frame-000123.color.jpg 0.307544 0.625851 0.649375 -0.303378 0.11393 1.22953 0.702086
data/frame-000167.color.jpg 0.512622 0.837527 0.182197 -0.0507139 0.0775077 1.38409 0.570299
data/frame-000178.color.jpg 0.42054 0.89172 0.162282 -0.040569 -0.00362575 1.13071 0.8582
data/frame-000189.color.jpg 0.415378 0.908064 -0.0107798 0.0525832 -0.0973541 1.1394 0.8091
data/frame-000006.color.jpg 0.00869755 -0.0571741 0.840504 -0.53871 0.520031 1.19173 0.74051
data/frame-000072.color.jpg -0.125097 -0.180761 0.76583 -0.604302 -0.186391 1.44328 0.338143
data/frame-000004.color.jpg 0.00115883 -0.0679465 0.856069 -0.512374 0.547206 1.09724 0.763537
data/frame-000059.color.jpg -0.0981389 -0.114934 0.76164 -0.63013 0.0611058 1.50643 0.300344
data/frame-000070.color.jpg -0.128568 -0.181171 0.760799 -0.60978 -0.172507 1.45222 0.324545
data/frame-000125.color.jpg 0.300367 0.628956 0.653446 -0.295301 0.112453 1.19216 0.742334
data/frame-000180.color.jpg 0.406012 0.898933 0.159356 -0.0409666 -0.00205247 1.08983 0.889787
data/frame-000191.color.jpg 0.440597 0.895192 -0.0169661 0.0649444 -0.126842 1.19566 0.74815
data/frame-000008.color.jpg 0.0138799 -0.0490739 0.839554 -0.540878 0.510134 1.18929 0.752721
data/frame-000019.color.jpg 0.045525 -0.0124645 0.798838 -0.599691 0.442387 1.32046 0.634048
data/frame-000030.color.jpg -0.0310522 -0.0531854 0.77398 -0.630208 0.522103 1.45211 0.437382
data/frame-000074.color.jpg -0.121832 -0.172724 0.769494 -0.602663 -0.193315 1.44068 0.34186
data/frame-000085.color.jpg -0.00145134 -0.113861 0.874931 -0.470668 -0.284045 1.13834 0.722614
data/frame-000129.color.jpg 0.298056 0.654297 0.630777 -0.291852 0.245367 1.10988 0.848906
data/frame-000140.color.jpg 0.394073 0.742426 0.490034 -0.231035 0.0517943 1.19485 0.791782
data/frame-000151.color.jpg 0.522645 0.676255 0.443961 -0.269108 -0.0840104 1.46661 0.34655
data/frame-000195.color.jpg 0.494543 0.867096 -0.015216 0.0577944 -0.120261 1.30104 0.624416
data/frame-000206.color.jpg 0.619689 0.78209 -0.00650711 0.0654122 -0.161213 1.50388 0.293446
data/frame-000219.color.jpg 0.520363 0.817915 -0.171861 0.17522 -0.248237 1.41368 0.420557
data/frame-000021.color.jpg 0.0334447 -0.015818 0.779002 -0.625928 0.465754 1.37541 0.543428
data/frame-000087.color.jpg 0.0233447 -0.104911 0.898271 -0.426096 -0.321084 1.04927 0.80144
data/frame-000142.color.jpg 0.405616 0.729093 0.496955 -0.238611 -0.00297214 1.24005 0.72193
data/frame-000153.color.jpg 0.530921 0.681895 0.428295 -0.264019 -0.0639317 1.48957 0.307102
data/frame-000208.color.jpg 0.605326 0.789392 -0.0400169 0.0940194 -0.191406 1.48938 0.31024
data/frame-000036.color.jpg -0.072903 -0.115852 0.764312 -0.630152 0.419768 1.52988 0.25339
data/frame-000047.color.jpg -0.120433 -0.168705 0.74506 -0.633971 0.11771 1.53265 0.267921
data/frame-000091.color.jpg 0.0405269 -0.0471866 0.915383 -0.397751 -0.279352 0.983886 0.824335
data/frame-000102.color.jpg 0.209879 0.28233 0.786598 -0.507448 -0.0587898 1.39149 0.429929
data/frame-000157.color.jpg 0.549979 0.748385 0.325477 -0.177502 0.0364595 1.51223 0.319529
data/frame-000168.color.jpg 0.504287 0.844509 0.175144 -0.0427101 0.0776771 1.36492 0.60186
data/frame-000212.color.jpg 0.581967 0.801337 -0.074882 0.116476 -0.208313 1.466 0.3448
data/frame-000051.color.jpg -0.122597 -0.172809 0.743409 -0.63439 0.0486923 1.52223 0.295208
data/frame-000038.color.jpg -0.0758177 -0.108952 0.761358 -0.634599 0.396909 1.54036 0.251241
data/frame-000049.color.jpg -0.12368 -0.173023 0.745778 -0.631333 0.0794819 1.52627 0.28999
data/frame-000104.color.jpg 0.226261 0.28805 0.781852 -0.50452 -0.0605112 1.39822 0.374132
data/frame-000115.color.jpg 0.335545 0.530647 0.676707 -0.384566 0.166793 1.35627 0.542182
data/frame-000159.color.jpg 0.561792 0.770115 0.27046 -0.134773 0.0495109 1.51247 0.332416
data/frame-000170.color.jpg 0.474831 0.865106 0.159455 -0.0264625 0.0658058 1.2981 0.681248
data/frame-000225.color.jpg 0.457004 0.84167 -0.210675 0.195846 -0.305407 1.31237 0.544626
data/frame-000053.color.jpg -0.125135 -0.166337 0.74284 -0.636288 0.0437709 1.51957 0.300943
data/frame-000064.color.jpg -0.110154 -0.152514 0.765402 -0.615439 -0.0824345 1.47444 0.309548
data/frame-000119.color.jpg 0.331266 0.57086 0.660795 -0.357396 0.115734 1.3426 0.562208
data/frame-000174.color.jpg 0.440535 0.879094 0.178366 -0.0361659 -0.00203905 1.20281 0.794321
data/frame-000185.color.jpg 0.403401 0.913449 0.0521957 0.0124167 -0.0419033 1.09777 0.857074
data/frame-000000.color.jpg -0.00189135 -0.0644997 0.882763 -0.465366 0.570083 0.997191 0.858685
data/frame-000011.color.jpg 0.0272696 -0.0359362 0.834448 -0.549237 0.481582 1.2064 0.744473
data/frame-000066.color.jpg -0.118207 -0.166211 0.762524 -0.61397 -0.123517 1.46619 0.315264
data/frame-000121.color.jpg 0.320649 0.600956 0.654807 -0.327511 0.104822 1.28401 0.634826
data/frame-000132.color.jpg 0.327873 0.678673 0.595595 -0.277794 0.218822 1.11496 0.85699
data/frame-000176.color.jpg 0.441131 0.878686 0.178414 -0.0385129 -0.0162996 1.18174 0.809667
data/frame-000187.color.jpg 0.415706 0.908606 0.0223721 0.0335114 -0.0749128 1.13272 0.819466
data/frame-000198.color.jpg 0.531918 0.843923 -0.0191715 0.0669971 -0.14169 1.37391 0.525443
data/frame-000015.color.jpg 0.0424359 -0.0213507 0.824304 -0.564152 0.445281 1.23903 0.727297
data/frame-000026.color.jpg 0.00924786 -0.0282286 0.761358 -0.647651 0.500353 1.42985 0.445184
data/frame-000081.color.jpg -0.0681012 -0.144712 0.842045 -0.515152 -0.193489 1.25389 0.624514
data/frame-000136.color.jpg 0.377601 0.72692 0.513499 -0.255584 0.175437 1.16221 0.832631
data/frame-000147.color.jpg 0.471153 0.707153 0.460057 -0.25748 -0.0367244 1.38203 0.520566
data/frame-000202.color.jpg 0.584873 0.808909 -0.0119607 0.0587099 -0.140069 1.4563 0.390653
data/frame-000134.color.jpg 0.356917 0.705109 0.551735 -0.266497 0.191812 1.14457 0.846718
data/frame-000017.color.jpg 0.0421764 -0.016071 0.812734 -0.580884 0.450205 1.27417 0.682583
data/frame-000028.color.jpg -0.0124266 -0.045151 0.762994 -0.644708 0.500973 1.44641 0.429286
data/frame-000083.color.jpg -0.037243 -0.12789 0.853189 -0.504307 -0.230938 1.21282 0.655372
data/frame-000094.color.jpg 0.091754 0.104487 0.870431 -0.472243 -0.203261 1.21735 0.614272
data/frame-000138.color.jpg 0.388656 0.736701 0.499939 -0.23723 0.101917 1.17659 0.824505
data/frame-000149.color.jpg 0.49626 0.688189 0.456299 -0.268164 -0.0576111 1.42862 0.434852
data/frame-000160.color.jpg 0.560593 0.782845 0.244897 -0.113645 0.0580584 1.50541 0.358835
data/frame-000204.color.jpg 0.618736 0.782528 -0.00703667 0.0690361 -0.17458 1.49981 0.28724
data/frame-000215.color.jpg 0.563961 0.805472 -0.118747 0.138066 -0.208307 1.45688 0.360218
data/frame-000228.color.jpg 0.40867 0.865319 -0.224629 0.183721 -0.305322 1.22254 0.65692
data/frame-000032.color.jpg -0.0510403 -0.0859059 0.776471 -0.622179 0.483117 1.49196 0.357981
data/frame-000043.color.jpg -0.0966711 -0.152485 0.760105 -0.624215 0.210798 1.53118 0.30617
data/frame-000098.color.jpg 0.163386 0.194696 0.823575 -0.507073 -0.185282 1.33373 0.468399
data/frame-000164.color.jpg 0.527448 0.821118 0.205285 -0.0736369 0.0817618 1.42796 0.502103
data/frame-000217.color.jpg 0.554124 0.806599 -0.137797 0.152829 -0.222267 1.45047 0.359176
data/frame-000034.color.jpg -0.0717556 -0.102637 0.768868 -0.627024 0.475106 1.51102 0.290588
data/frame-000045.color.jpg -0.107877 -0.15932 0.754547 -0.627407 0.163338 1.53078 0.289689
data/frame-000056.color.jpg -0.124214 -0.153414 0.749681 -0.631675 0.0493507 1.50247 0.325641
data/frame-000100.color.jpg 0.194937 0.23708 0.801289 -0.513545 -0.154887 1.37347 0.425684
data/frame-000111.color.jpg 0.31458 0.459259 0.7058 -0.438141 0.302307 1.41088 0.468643
data/frame-000155.color.jpg 0.538122 0.720737 0.376659 -0.221562 0.0078199 1.50702 0.313037
data/frame-000166.color.jpg 0.517939 0.831251 0.193096 -0.0589458 0.0758315 1.40103 0.545797
data/frame-000177.color.jpg 0.432264 0.884155 0.171509 -0.044744 0.00217809 1.15983 0.833497
data/frame-000221.color.jpg 0.491 0.830508 -0.189309 0.182587 -0.271823 1.37125 0.481078
data/frame-000005.color.jpg -0.000793753 -0.0705196 0.85295 -0.517207 0.539098 1.11401 0.750299
data/frame-000060.color.jpg -0.0902889 -0.107214 0.768889 -0.623829 0.0549966 1.4981 0.315515
data/frame-000126.color.jpg 0.299881 0.630865 0.649165 -0.301106 0.144945 1.19155 0.746773
data/frame-000181.color.jpg 0.403047 0.90305 0.144672 -0.033525 0.000463262 1.08764 0.892922
data/frame-000113.color.jpg 0.326123 0.49565 0.693582 -0.408556 0.21456 1.37593 0.522656
data/frame-000179.color.jpg 0.416915 0.893497 0.161497 -0.0420102 -0.00615381 1.11637 0.867384
data/frame-000007.color.jpg 0.00962924 -0.0542955 0.840013 -0.539756 0.518055 1.19118 0.744129
data/frame-000018.color.jpg 0.0448235 -0.0125414 0.799664 -0.598641 0.443933 1.31783 0.636526
data/frame-000062.color.jpg -0.101699 -0.131462 0.766345 -0.620556 -0.0130649 1.48937 0.296266
data/frame-000073.color.jpg -0.123153 -0.176699 0.768216 -0.602873 -0.193403 1.44136 0.339596
data/frame-000117.color.jpg 0.32752 0.539631 0.679576 -0.373773 0.115555 1.34255 0.548631
data/frame-000128.color.jpg 0.288475 0.651841 0.633709 -0.300498 0.254962 1.1286 0.822215
data/frame-000139.color.jpg 0.390821 0.740405 0.493729 -0.23514 0.0834641 1.182 0.811779
data/frame-000183.color.jpg 0.405453 0.910485 0.0812937 -0.00397801 -0.0211957 1.09032 0.866416
data/frame-000194.color.jpg 0.477689 0.876585 -0.0161752 0.0561366 -0.113514 1.27377 0.667725
data/frame-000218.color.jpg 0.538081 0.810146 -0.159174 0.169692 -0.239774 1.43505 0.381473
data/frame-000022.color.jpg 0.0335813 -0.0164819 0.778051 -0.627087 0.466122 1.37936 0.53893
data/frame-000077.color.jpg -0.106878 -0.161535 0.798581 -0.569869 -0.18175 1.37555 0.445804
data/frame-000143.color.jpg 0.413331 0.719241 0.501484 -0.24569 -0.0221868 1.25916 0.690289
data/frame-000009.color.jpg 0.0230865 -0.0396438 0.838089 -0.543601 0.493956 1.19322 0.753492
data/frame-000075.color.jpg -0.123617 -0.168551 0.773714 -0.59806 -0.186748 1.42947 0.355608
data/frame-000130.color.jpg 0.304127 0.655859 0.625278 -0.293911 0.249591 1.1106 0.850054
data/frame-000196.color.jpg 0.507331 0.859853 -0.0127438 0.055723 -0.119358 1.3271 0.593099
data/frame-000013.color.jpg 0.0359739 -0.0285924 0.830796 -0.554677 0.460055 1.21937 0.740481
data/frame-000024.color.jpg 0.0285231 -0.0222194 0.769394 -0.637751 0.471229 1.40602 0.498078
data/frame-000035.color.jpg -0.0726408 -0.105046 0.76941 -0.625857 0.469612 1.51218 0.289938
data/frame-000079.color.jpg -0.0898659 -0.153394 0.822935 -0.539604 -0.180426 1.31094 0.54745
data/frame-000090.color.jpg 0.0340776 -0.061969 0.923215 -0.377721 -0.284877 0.957213 0.872739
data/frame-000101.color.jpg 0.205816 0.255052 0.791675 -0.515596 -0.121808 1.38579 0.413037
data/frame-000145.color.jpg 0.442335 0.716823 0.474703 -0.255268 -0.0171026 1.32925 0.601775
data/frame-000156.color.jpg 0.542191 0.739051 0.348365 -0.196148 0.0299478 1.50954 0.324469
data/frame-000200.color.jpg 0.567642 0.820554 -0.0188207 0.0641726 -0.139133 1.43159 0.428366
data/frame-000211.color.jpg 0.584808 0.801837 -0.0619198 0.105934 -0.198782 1.46613 0.349496
data/frame-000222.color.jpg 0.478342 0.836678 -0.193082 0.184061 -0.281966 1.3479 0.512043
data/frame-000039.color.jpg -0.0796458 -0.109834 0.75809 -0.637881 0.389472 1.54254 0.241794
data/frame-000037.color.jpg -0.077522 -0.115464 0.762904 -0.631377 0.416798 1.53474 0.245573
data/frame-000092.color.jpg 0.0425092 0.0167037 0.899953 -0.433588 -0.213275 1.10226 0.741811
data/frame-000158.color.jpg 0.559776 0.760952 0.28992 -0.153454 0.0507227 1.51481 0.31703
data/frame-000213.color.jpg 0.578967 0.800838 -0.0894119 0.124342 -0.207233 1.4658 0.341213
data/frame-000224.color.jpg 0.461642 0.840118 -0.206985 0.195565 -0.305893 1.31861 0.534171
data/frame-000041.color.jpg -0.0912242 -0.134045 0.762139 -0.626781 0.307604 1.53705 0.293212
data/frame-000052.color.jpg -0.124002 -0.169267 0.742683 -0.63592 0.0448576 1.52088 0.29682
data/frame-000096.color.jpg 0.129101 0.149836 0.840988 -0.503608 -0.198075 1.3005 0.507576
data/frame-000107.color.jpg 0.269874 0.369785 0.745175 -0.484914 0.192596 1.44998 0.349938
data/frame-000118.color.jpg 0.32691 0.557007 0.671881 -0.362561 0.118294 1.34038 0.565429
data/frame-000162.color.jpg 0.548986 0.799691 0.226293 -0.088879 0.0583785 1.47435 0.4248
data/frame-000173.color.jpg 0.443349 0.877862 0.177322 -0.0368296 0.00544091 1.2142 0.781553
data/frame-000197.color.jpg 0.517562 0.85352 -0.0141818 0.0585828 -0.12624 1.34641 0.565668
data/frame-000001.color.jpg -0.00799871 -0.0691113 0.884171 -0.461954 0.576215 1.01496 0.862594
data/frame-000122.color.jpg 0.315362 0.61263 0.649896 -0.320726 0.118081 1.26966 0.656091
data/frame-000054.color.jpg -0.127285 -0.164669 0.742534 -0.636653 0.039683 1.5141 0.30196
data/frame-000109.color.jpg 0.291886 0.412067 0.725511 -0.467586 0.312241 1.44171 0.394723
data/frame-000120.color.jpg 0.332355 0.577015 0.654534 -0.358022 0.118199 1.33953 0.558883
data/frame-000175.color.jpg 0.441585 0.878394 0.178726 -0.0385126 -0.0154165 1.18653 0.806725
data/frame-000003.color.jpg -0.00883103 -0.0818849 0.885044 -0.458165 0.573399 1.01436 0.859371
data/frame-000014.color.jpg 0.0400072 -0.023953 0.829224 -0.556968 0.450614 1.22234 0.743552
data/frame-000058.color.jpg -0.106709 -0.127737 0.755947 -0.633119 0.0575422 1.50432 0.304116
data/frame-000069.color.jpg -0.129531 -0.181292 0.760017 -0.610516 -0.161078 1.45672 0.323762
data/frame-000080.color.jpg -0.0793819 -0.150481 0.832415 -0.527389 -0.187068 1.28296 0.586612
data/frame-000124.color.jpg 0.304589 0.632505 0.646753 -0.298116 0.116412 1.21226 0.71814
data/frame-000135.color.jpg 0.365833 0.714875 0.537627 -0.257054 0.176922 1.1428 0.84885
data/frame-000190.color.jpg 0.426835 0.902381 -0.0176173 0.0566554 -0.104214 1.16593 0.78233
data/frame-000214.color.jpg 0.572433 0.803212 -0.10187 0.129591 -0.205623 1.46109 0.351846
