data/frame-000169.color.jpg -0.263989 -0.516693 0.692827 -0.42817 -0.898927 1.2438 0.165243
data/frame-000237.color.jpg 0.221742 0.363075 0.808276 -0.407059 0.423357 1.38677 0.0558729
data/frame-000226.color.jpg 0.148812 0.311621 0.865225 -0.363501 0.33586 1.3371 0.238897
data/frame-000131.color.jpg 0.401685 0.763329 -0.426622 0.271978 -0.408729 0.947002 0.685123
data/frame-000063.color.jpg 0.286372 0.67 -0.602596 0.32553 -0.181876 0.675716 1.00543
data/frame-000188.color.jpg -0.0483243 -0.144372 0.881639 -0.446693 -0.22441 1.45266 -0.00672916
data/frame-000199.color.jpg -0.0569002 -0.119148 0.894173 -0.427809 -0.257601 1.36193 0.147872
data/frame-000210.color.jpg -0.0207928 -0.0445288 0.937193 -0.345331 -0.121704 1.31261 0.327939
data/frame-000344.color.jpg 0.422053 0.78905 0.389224 -0.218577 0.184113 1.26987 0.262476
data/frame-000093.color.jpg -0.260223 -0.60465 0.650363 -0.379091 -0.791948 0.488228 0.826352
data/frame-000025.color.jpg 0.377388 0.68526 -0.538882 0.312415 1.17266 1.08381 0.65612
data/frame-000267.color.jpg 0.360293 0.487531 0.616307 -0.502661 0.782185 1.26601 -0.197818
data/frame-000150.color.jpg 0.353883 0.70747 -0.533537 0.299319 -0.593055 0.940965 0.660065
data/frame-000172.color.jpg -0.246142 -0.501609 0.713077 -0.423467 -0.894943 1.2673 0.149975
data/frame-000161.color.jpg -0.302395 -0.573823 0.652788 -0.391347 -0.776891 1.18534 0.353193
data/frame-000306.color.jpg 0.272875 0.769757 0.537436 -0.210183 0.593755 0.960148 0.584686
data/frame-000055.color.jpg -0.229137 -0.52681 0.7304 -0.369436 -0.0149674 0.745837 0.96069
data/frame-000229.color.jpg 0.177589 0.357371 0.840331 -0.366868 0.408907 1.33416 0.230716
data/frame-000112.color.jpg 0.307442 0.732227 -0.509582 0.331135 -1.00181 0.702989 0.761027
data/frame-000123.color.jpg 0.358169 0.713467 -0.504373 0.329071 -0.658048 0.963222 0.603323
data/frame-000257.color.jpg 0.358922 0.464717 0.629739 -0.508569 0.852584 1.29802 -0.262869
data/frame-000268.color.jpg 0.361771 0.491808 0.618001 -0.4953 0.764324 1.26981 -0.171855
data/frame-000006.color.jpg -0.172042 -0.664037 0.690407 -0.229769 0.730315 0.0861652 1.28532
data/frame-000180.color.jpg -0.139688 -0.258098 0.838463 -0.459187 -0.348658 1.48723 -0.0885471
data/frame-000191.color.jpg -0.0456269 -0.136543 0.890094 -0.432443 -0.243287 1.41658 0.0705446
data/frame-000325.color.jpg 0.275239 0.770851 0.533513 -0.213061 0.216591 1.02253 0.571723
data/frame-000336.color.jpg 0.378446 0.786871 0.437412 -0.215137 0.166372 1.21786 0.339432
data/frame-000074.color.jpg 0.302626 0.679054 -0.576011 0.339874 -0.367059 0.369897 0.982393
data/frame-000085.color.jpg 0.413971 0.64378 -0.507853 0.395298 -0.323175 0.418571 0.81966
data/frame-000219.color.jpg 0.0874113 0.217265 0.90926 -0.344096 0.220061 1.32824 0.29465
data/frame-000142.color.jpg 0.368146 0.794366 -0.421055 0.23699 -0.421942 0.809861 0.785582
data/frame-000153.color.jpg 0.33432 0.676331 -0.575513 0.315581 -0.643988 0.992198 0.614414
data/frame-000276.color.jpg 0.366375 0.488856 0.605553 -0.509995 0.603284 1.26563 -0.251338
data/frame-000287.color.jpg 0.414655 0.54271 0.576849 -0.448076 0.483985 1.32968 -0.144642
data/frame-000298.color.jpg 0.336026 0.663892 0.602718 -0.288208 0.431426 1.20575 0.34611
data/frame-000036.color.jpg 0.385736 0.636624 -0.5563 0.369388 0.894468 1.19721 0.631145
data/frame-000047.color.jpg -0.236501 -0.473035 0.753849 -0.389895 0.407316 0.880001 0.885659
data/frame-000355.color.jpg 0.399955 0.813902 0.389077 -0.161923 0.0790491 1.22292 0.339561
data/frame-000104.color.jpg 0.260696 0.708999 -0.586557 0.292076 -0.887554 0.436332 0.982581
data/frame-000115.color.jpg 0.324534 0.722342 -0.510009 0.335843 -0.962739 0.804213 0.695717
data/frame-000238.color.jpg 0.232379 0.375537 0.798035 -0.410015 0.458621 1.38737 0.0442655
data/frame-000249.color.jpg 0.398563 0.489864 0.612044 -0.476008 0.869771 1.32908 -0.15794
data/frame-000260.color.jpg 0.368681 0.465711 0.624265 -0.507426 0.838406 1.29664 -0.270205
data/frame-000317.color.jpg 0.228064 0.710429 0.61592 -0.252823 0.28903 0.988764 0.573117
data/frame-000066.color.jpg 0.274002 0.657561 -0.627318 0.314656 -0.246284 0.584726 1.03408
data/frame-000222.color.jpg 0.108017 0.261312 0.895964 -0.342486 0.270568 1.31919 0.297676
data/frame-000134.color.jpg 0.411101 0.79451 -0.379594 0.235919 -0.314416 0.901922 0.752431
data/frame-000279.color.jpg 0.36643 0.490254 0.592948 -0.523253 0.586327 1.25116 -0.291493
data/frame-000017.color.jpg 0.276571 0.663729 -0.628821 0.295899 0.91294 0.628569 1.10043
data/frame-000028.color.jpg 0.391132 0.662437 -0.540437 0.340765 1.17713 1.15544 0.594379
data/frame-000164.color.jpg -0.29039 -0.539635 0.673958 -0.412612 -0.800334 1.23425 0.266127
data/frame-000221.color.jpg 0.102792 0.247853 0.900813 -0.341377 0.250998 1.32465 0.301455
data/frame-000126.color.jpg 0.371194 0.72856 -0.487295 0.306527 -0.545747 0.966374 0.629623
data/frame-000183.color.jpg -0.0915724 -0.184237 0.864285 -0.459003 -0.210385 1.4884 -0.0756032
data/frame-000194.color.jpg -0.0445093 -0.113956 0.894769 -0.429443 -0.224118 1.3969 0.105217
data/frame-000328.color.jpg 0.289977 0.804549 0.480613 -0.193971 0.221545 1.05166 0.558178
data/frame-000339.color.jpg 0.411428 0.778342 0.418254 -0.223548 0.160751 1.26022 0.26263
data/frame-000077.color.jpg 0.343657 0.672729 -0.547855 0.35943 -0.360366 0.37806 0.887365
data/frame-000009.color.jpg -0.139189 -0.625747 0.732881 -0.227932 0.589354 -0.0440013 1.31623
data/frame-000262.color.jpg 0.367078 0.472184 0.621449 -0.50606 0.828276 1.28572 -0.255305
data/frame-000251.color.jpg 0.367652 0.488675 0.613769 -0.499316 0.925735 1.29875 -0.211343
data/frame-000145.color.jpg 0.363813 0.758047 -0.469931 0.268644 -0.503156 0.869914 0.732367
data/frame-000156.color.jpg 0.3223 0.644394 -0.606295 0.336578 -0.716715 1.05141 0.544666
data/frame-000290.color.jpg 0.383939 0.588619 0.594682 -0.390475 0.46025 1.316 0.045395
data/frame-000039.color.jpg -0.343267 -0.59169 0.620588 -0.383328 0.713227 1.082 0.773885
data/frame-000213.color.jpg 0.0182348 0.032792 0.934253 -0.354631 -0.0178438 1.33939 0.284891
data/frame-000224.color.jpg 0.123053 0.282545 0.88583 -0.346888 0.294589 1.32743 0.282279
data/frame-000347.color.jpg 0.43212 0.786875 0.387307 -0.209983 0.151369 1.28177 0.247966
data/frame-000358.color.jpg 0.390945 0.82527 0.370707 -0.169317 0.122024 1.20391 0.35031
data/frame-000118.color.jpg 0.331692 0.7132 -0.518989 0.334631 -0.848947 0.899499 0.645219
data/frame-000096.color.jpg -0.238519 -0.585066 0.679352 -0.373213 -0.887838 0.557118 0.756657
data/frame-000107.color.jpg 0.262815 0.683319 -0.60135 0.31997 -0.920178 0.660128 0.816497
data/frame-000252.color.jpg 0.366151 0.483268 0.617662 -0.500878 0.907832 1.29476 -0.22515
data/frame-000001.color.jpg 0.281817 0.702756 -0.605325 0.245549 0.959141 0.414394 1.11552
data/frame-000175.color.jpg -0.208811 -0.398088 0.778226 -0.438507 -0.652079 1.42503 0.00805347
data/frame-000309.color.jpg 0.248555 0.777701 0.547239 -0.184204 0.5528 0.915284 0.626263
data/frame-000320.color.jpg 0.237979 0.730638 0.591399 -0.244505 0.253955 0.989461 0.590446
data/frame-000331.color.jpg 0.32971 0.809446 0.443494 -0.198497 0.220187 1.12778 0.472155
data/frame-000058.color.jpg -0.238132 -0.547427 0.718168 -0.357563 -0.0616091 0.753116 0.949585
data/frame-000069.color.jpg 0.268339 0.658928 -0.632092 0.30703 -0.249327 0.480816 1.06278
data/frame-000080.color.jpg 0.410863 0.652784 -0.493329 0.402108 -0.325537 0.430595 0.793124
data/frame-000214.color.jpg 0.0280386 0.0644701 0.93389 -0.350582 0.0299203 1.33634 0.291197
data/frame-000137.color.jpg 0.404601 0.826759 -0.332822 0.204932 -0.254493 0.827131 0.807076
data/frame-000271.color.jpg 0.356114 0.480464 0.623898 -0.503078 0.68257 1.26985 -0.203306
data/frame-000282.color.jpg 0.394575 0.50161 0.568814 -0.518795 0.580528 1.26347 -0.313803
data/frame-000293.color.jpg 0.362684 0.624484 0.603445 -0.338134 0.440011 1.28241 0.186086
data/frame-000020.color.jpg 0.313279 0.693382 -0.57973 0.291531 1.03468 0.830414 0.95603
data/frame-000031.color.jpg 0.421471 0.660177 -0.509003 0.356992 1.11647 1.27045 0.469371
data/frame-000205.color.jpg -0.0487459 -0.11658 0.920939 -0.368652 -0.260402 1.29536 0.311382
data/frame-000350.color.jpg 0.425201 0.79659 0.386207 -0.188395 0.116563 1.2634 0.278875
data/frame-000088.color.jpg 0.362197 0.646467 -0.547596 0.388629 -0.486823 0.459883 0.921876
data/frame-000099.color.jpg 0.258597 0.644592 -0.634593 0.338999 -0.907481 0.469589 0.876181
data/frame-000233.color.jpg 0.189697 0.333762 0.833342 -0.397692 0.362416 1.37488 0.109995
data/frame-000244.color.jpg 0.294281 0.465477 0.728136 -0.408103 0.67297 1.35323 0.0801352
data/frame-000301.color.jpg 0.310272 0.691317 0.600899 -0.254426 0.43974 1.1408 0.439684
data/frame-000312.color.jpg 0.23607 0.715119 0.616177 -0.230656 0.374287 0.990714 0.543005
data/frame-000295.color.jpg 0.349804 0.638773 0.60719 -0.317689 0.432739 1.25829 0.25565
data/frame-000050.color.jpg -0.226308 -0.511243 0.733506 -0.386502 0.197677 0.815891 0.94797
data/frame-000061.color.jpg -0.272558 -0.636184 0.643421 -0.327096 -0.104785 0.719033 0.974923
data/frame-000186.color.jpg -0.0521998 -0.147555 0.878364 -0.45164 -0.193776 1.47684 -0.0470058
data/frame-000033.color.jpg 0.413262 0.655601 -0.513614 0.368243 1.03205 1.28212 0.504738
data/frame-000263.color.jpg 0.366507 0.473161 0.621898 -0.505009 0.810758 1.285 -0.245319
data/frame-000274.color.jpg 0.357779 0.478606 0.62087 -0.507396 0.615961 1.27494 -0.231171
data/frame-000012.color.jpg -0.17468 -0.617104 0.711883 -0.286169 0.544809 0.187759 1.33532
data/frame-000023.color.jpg 0.365245 0.688993 -0.550752 0.297585 1.16099 0.993559 0.741148
data/frame-000148.color.jpg 0.358974 0.72915 -0.505947 0.288957 -0.554533 0.911051 0.690712
data/frame-000216.color.jpg 0.0530998 0.129254 0.927291 -0.347282 0.107028 1.34141 0.288073
data/frame-000110.color.jpg 0.29059 0.706296 -0.549549 0.338674 -0.980296 0.710118 0.736654
data/frame-000042.color.jpg -0.269286 -0.536663 0.702298 -0.382434 0.566906 0.960187 0.875184
data/frame-000167.color.jpg -0.272623 -0.519542 0.690659 -0.422781 -0.84695 1.25433 0.197323
data/frame-000178.color.jpg -0.175648 -0.304854 0.817863 -0.455315 -0.44408 1.48193 -0.081279
data/frame-000189.color.jpg -0.0500193 -0.144151 0.884804 -0.440272 -0.233581 1.4391 0.0240927
data/frame-000323.color.jpg 0.264122 0.7562 0.555713 -0.222675 0.21982 1.01507 0.579271
data/frame-000072.color.jpg 0.310651 0.676868 -0.585079 0.320981 -0.296819 0.450418 1.05733
data/frame-000004.color.jpg 0.206581 0.678571 -0.665016 0.233707 0.819556 0.190458 1.24758
data/frame-000246.color.jpg 0.317149 0.489269 0.69878 -0.414415 0.739124 1.3389 0.0738837
data/frame-000129.color.jpg 0.387819 0.747247 -0.455692 0.289072 -0.464034 0.964075 0.653229
data/frame-000140.color.jpg 0.376052 0.818401 -0.377364 0.215408 -0.344673 0.780596 0.812733
data/frame-000151.color.jpg 0.345578 0.700033 -0.547201 0.30183 -0.605129 0.961974 0.657683
data/frame-000285.color.jpg 0.410155 0.52039 0.57811 -0.476189 0.497997 1.31625 -0.217838
data/frame-000208.color.jpg -0.0261542 -0.091233 0.933674 -0.34532 -0.225954 1.28331 0.344704
data/frame-000342.color.jpg 0.410418 0.792586 0.392821 -0.221486 0.1992 1.25873 0.281764
data/frame-000353.color.jpg 0.402417 0.806279 0.400087 -0.16705 0.07262 1.23112 0.336681
data/frame-000091.color.jpg -0.298529 -0.61011 0.616807 -0.397737 -0.700809 0.488705 0.870028
data/frame-000102.color.jpg 0.269997 0.695115 -0.591969 0.305761 -0.89023 0.399981 0.988547
data/frame-000159.color.jpg -0.306375 -0.601688 0.637359 -0.371322 -0.758316 1.13176 0.428161
data/frame-000170.color.jpg -0.258589 -0.514561 0.697392 -0.426618 -0.910652 1.24784 0.163143
data/frame-000304.color.jpg 0.287187 0.744163 0.556732 -0.231936 0.564798 1.03318 0.521295
data/frame-000315.color.jpg 0.230013 0.70768 0.619862 -0.249108 0.319061 0.996823 0.555178
data/frame-000053.color.jpg -0.229801 -0.523742 0.72771 -0.378583 0.0719552 0.761208 0.973094
data/frame-000064.color.jpg 0.286927 0.670072 -0.603239 0.323694 -0.206598 0.653468 1.01556
data/frame-000121.color.jpg 0.347213 0.708453 -0.515901 0.333743 -0.716602 0.961535 0.61133
data/frame-000132.color.jpg 0.405855 0.774513 -0.410716 0.258308 -0.372173 0.931356 0.712216
data/frame-000277.color.jpg 0.361648 0.494731 0.603896 -0.509667 0.599175 1.2712 -0.246781
data/frame-000266.color.jpg 0.364481 0.481838 0.620022 -0.500557 0.783413 1.27663 -0.205672
data/frame-000015.color.jpg -0.244263 -0.637578 0.664949 -0.302775 0.759344 0.476015 1.21786
data/frame-000026.color.jpg 0.385287 0.679636 -0.537567 0.317285 1.18584 1.1069 0.620325
data/frame-000334.color.jpg 0.356511 0.800086 0.43507 -0.208512 0.197823 1.17803 0.395172
data/frame-000345.color.jpg 0.427681 0.785832 0.387428 -0.222388 0.182308 1.28046 0.245387
data/frame-000083.color.jpg 0.431312 0.63071 -0.491642 0.417687 -0.326186 0.451414 0.768881
data/frame-000094.color.jpg -0.241981 -0.603343 0.662497 -0.372183 -0.842237 0.490627 0.800558
data/frame-000228.color.jpg 0.170837 0.343041 0.846627 -0.369271 0.385669 1.33481 0.228561
data/frame-000239.color.jpg 0.243304 0.39349 0.784278 -0.413372 0.513776 1.38802 0.0369208
data/frame-000296.color.jpg 0.34721 0.645989 0.607389 -0.305323 0.423138 1.24355 0.290978
data/frame-000307.color.jpg 0.265822 0.780117 0.533231 -0.190843 0.578428 0.920703 0.62203
data/frame-000034.color.jpg 0.40008 0.652935 -0.526271 0.369663 0.989906 1.25945 0.560029
data/frame-000045.color.jpg -0.242515 -0.491109 0.737526 -0.395037 0.463482 0.932823 0.84767
data/frame-000056.color.jpg -0.227827 -0.533289 0.725247 -0.371099 -0.0527237 0.753682 0.949078
data/frame-000181.color.jpg -0.126597 -0.232439 0.844987 -0.464696 -0.294677 1.4941 -0.104757
data/frame-000113.color.jpg 0.315905 0.733281 -0.50336 0.33035 -0.99792 0.725305 0.750062
data/frame-000258.color.jpg 0.360848 0.462319 0.625925 -0.514069 0.849884 1.28669 -0.284256
data/frame-000269.color.jpg 0.359075 0.49274 0.620283 -0.493479 0.741466 1.27085 -0.16261
data/frame-000007.color.jpg -0.159983 -0.650427 0.706371 -0.228887 0.682684 0.0367863 1.29888
data/frame-000018.color.jpg 0.288928 0.672734 -0.612964 0.297026 0.951604 0.694826 1.05653
data/frame-000143.color.jpg 0.365847 0.779153 -0.442776 0.251048 -0.460287 0.833661 0.764114
data/frame-000326.color.jpg 0.275967 0.783808 0.516946 -0.205559 0.218319 1.03417 0.573567
data/frame-000075.color.jpg 0.309434 0.664859 -0.589181 0.339233 -0.374185 0.364951 0.94539
data/frame-000200.color.jpg -0.0527636 -0.119161 0.89822 -0.419782 -0.262871 1.3496 0.171525
data/frame-000211.color.jpg -0.0107902 -0.0281871 0.938039 -0.345213 -0.0968738 1.31889 0.321126
data/frame-000356.color.jpg 0.397696 0.817814 0.385543 -0.156124 0.0745481 1.21235 0.350319
data/frame-000288.color.jpg 0.411052 0.554241 0.577309 -0.43654 0.48201 1.3273 -0.107151
data/frame-000037.color.jpg 0.375831 0.627223 -0.571231 0.372877 0.82373 1.16643 0.664528
data/frame-000162.color.jpg -0.299908 -0.559386 0.660152 -0.401675 -0.783476 1.20811 0.314679
data/frame-000173.color.jpg -0.235494 -0.481732 0.729442 -0.424725 -0.850106 1.29982 0.119849
data/frame-000230.color.jpg 0.173747 0.361464 0.834195 -0.378515 0.434323 1.33592 0.198695
data/frame-000241.color.jpg 0.258005 0.423731 0.761556 -0.417035 0.601961 1.37252 0.038608
data/frame-000124.color.jpg 0.365149 0.71728 -0.498164 0.322503 -0.617235 0.970466 0.608663
data/frame-000135.color.jpg 0.414127 0.805381 -0.360346 0.22363 -0.287973 0.886493 0.767467
data/frame-000192.color.jpg -0.0467254 -0.127272 0.890337 -0.434648 -0.236258 1.41081 0.0756525
data/frame-000203.color.jpg -0.0579413 -0.114614 0.912532 -0.38832 -0.24044 1.3253 0.259621
data/frame-000337.color.jpg 0.388555 0.783056 0.433176 -0.21956 0.166536 1.2353 0.313247
data/frame-000348.color.jpg 0.431664 0.789796 0.386759 -0.200763 0.134317 1.2765 0.256751
data/frame-000086.color.jpg 0.397292 0.647767 -0.51684 0.394252 -0.358528 0.429485 0.853278
data/frame-000097.color.jpg -0.250681 -0.597656 0.671918 -0.358459 -0.88509 0.554899 0.79528
data/frame-000231.color.jpg 0.177693 0.353874 0.834237 -0.383728 0.41427 1.35321 0.175829
data/frame-000154.color.jpg 0.329347 0.664043 -0.588649 0.322597 -0.671898 1.01172 0.589426
data/frame-000165.color.jpg -0.281703 -0.53078 0.681562 -0.417599 -0.81915 1.24026 0.237369
data/frame-000299.color.jpg 0.326846 0.670105 0.6049 -0.279693 0.430231 1.18758 0.372623
data/frame-000310.color.jpg 0.243296 0.762238 0.571124 -0.183354 0.49065 0.93785 0.618177
data/frame-000048.color.jpg -0.234642 -0.483068 0.748276 -0.38945 0.355419 0.868818 0.900905
data/frame-000193.color.jpg -0.044169 -0.119827 0.892683 -0.432212 -0.228736 1.40386 0.0908532
data/frame-000105.color.jpg 0.261724 0.692554 -0.600279 0.302546 -0.899946 0.562052 0.915011
data/frame-000116.color.jpg 0.33131 0.716852 -0.514648 0.333909 -0.924096 0.842583 0.677473
data/frame-000127.color.jpg 0.375103 0.734759 -0.47824 0.301187 -0.521865 0.967613 0.635099
data/frame-000261.color.jpg 0.361747 0.466745 0.627528 -0.507441 0.817324 1.30221 -0.261339
data/frame-000010.color.jpg -0.140226 -0.612804 0.738349 -0.24423 0.537044 -0.0125087 1.32954
data/frame-000184.color.jpg -0.0745152 -0.160119 0.871582 -0.457335 -0.177113 1.49176 -0.0694661
data/frame-000318.color.jpg 0.230361 0.712834 0.612748 -0.251678 0.272459 0.987521 0.582365
data/frame-000329.color.jpg 0.300712 0.809302 0.466657 -0.191921 0.218387 1.07601 0.536228
data/frame-000340.color.jpg 0.4155 0.780511 0.41192 -0.220192 0.159712 1.26436 0.263495
data/frame-000067.color.jpg -0.267742 -0.643046 0.64896 -0.306034 -0.23244 0.540774 1.04601
data/frame-000078.color.jpg 0.359848 0.670076 -0.528765 0.376717 -0.357635 0.38892 0.85397
data/frame-000089.color.jpg 0.345366 0.63361 -0.559219 0.408087 -0.577376 0.489721 0.898569
data/frame-000212.color.jpg 0.00321326 0.00164412 0.936861 -0.349684 -0.05679 1.33455 0.302975
data/frame-000223.color.jpg 0.118012 0.274278 0.890452 -0.343424 0.282249 1.32361 0.291794
data/frame-000146.color.jpg 0.363166 0.746788 -0.483134 0.27749 -0.523182 0.890148 0.715902
data/frame-000280.color.jpg 0.376633 0.493424 0.581785 -0.525554 0.593456 1.25266 -0.310051
data/frame-000291.color.jpg 0.375555 0.602285 0.599502 -0.369877 0.452199 1.30586 0.104153
data/frame-000029.color.jpg 0.408815 0.661213 -0.52561 0.345546 1.16863 1.20513 0.527929
data/frame-000040.color.jpg -0.320186 -0.566991 0.651166 -0.389854 0.661785 1.03481 0.82688
data/frame-000108.color.jpg 0.266778 0.681435 -0.598612 0.32579 -0.926465 0.691848 0.776984
data/frame-000253.color.jpg 0.365325 0.479315 0.617302 -0.505701 0.906918 1.29414 -0.246821
data/frame-000002.color.jpg 0.251244 0.703626 -0.619865 0.239902 0.925164 0.346322 1.16539
data/frame-000059.color.jpg -0.242187 -0.567228 0.70885 -0.342242 -0.0656545 0.726848 0.963072
data/frame-000070.color.jpg 0.290169 0.672818 -0.603932 0.313661 -0.264627 0.476498 1.07641
data/frame-000195.color.jpg -0.0469222 -0.11353 0.894451 -0.429961 -0.23002 1.38938 0.111472
data/frame-000206.color.jpg -0.0439941 -0.113605 0.923205 -0.364488 -0.261638 1.28638 0.318857
data/frame-000021.color.jpg 0.326267 0.696732 -0.567647 0.293071 1.06617 0.883632 0.900711
data/frame-000157.color.jpg 0.3176 0.636364 -0.613725 0.342802 -0.725451 1.06327 0.523461
data/frame-000168.color.jpg -0.267393 -0.517043 0.692253 -0.42656 -0.873409 1.24942 0.176988
data/frame-000302.color.jpg 0.303297 0.707991 0.588344 -0.246193 0.475649 1.1105 0.463566
data/frame-000051.color.jpg -0.229762 -0.521708 0.724911 -0.386698 0.147678 0.79768 0.958561
data/frame-000225.color.jpg 0.137309 0.294572 0.876107 -0.356105 0.304862 1.33595 0.257289
data/frame-000236.color.jpg 0.210405 0.350581 0.81722 -0.406172 0.392505 1.38657 0.0670099
data/frame-000119.color.jpg 0.336753 0.710163 -0.519477 0.335274 -0.809226 0.929323 0.630222
data/frame-000264.color.jpg 0.367002 0.475151 0.620489 -0.504514 0.805008 1.28303 -0.237485
data/frame-000176.color.jpg -0.201366 -0.374442 0.788222 -0.444918 -0.596204 1.44853 -0.025013
data/frame-000187.color.jpg -0.052771 -0.144445 0.880575 -0.448262 -0.206181 1.46541 -0.0238715
data/frame-000198.color.jpg -0.0561104 -0.117076 0.892166 -0.432648 -0.251704 1.37188 0.130494
data/frame-000321.color.jpg 0.241894 0.740752 0.580381 -0.236499 0.245912 0.986753 0.595098
data/frame-000332.color.jpg 0.341645 0.807027 0.437523 -0.201397 0.213407 1.14387 0.442003
data/frame-000081.color.jpg 0.428658 0.63909 -0.492265 0.406805 -0.312365 0.454752 0.77685
data/frame-000255.color.jpg 0.362038 0.469542 0.625634 -0.506993 0.880996 1.30123 -0.25454
data/frame-000138.color.jpg 0.394287 0.831197 -0.335791 0.20222 -0.269611 0.796919 0.820452
data/frame-000149.color.jpg 0.356104 0.719494 -0.519233 0.293114 -0.56997 0.922942 0.678686
data/frame-000160.color.jpg -0.303908 -0.586194 0.646493 -0.382182 -0.768512 1.16216 0.388555
data/frame-000283.color.jpg 0.396414 0.509017 0.571869 -0.50668 0.566331 1.28289 -0.27974
data/frame-000294.color.jpg 0.353018 0.632725 0.605178 -0.329844 0.441973 1.26822 0.220089
data/frame-000032.color.jpg 0.425481 0.657292 -0.504864 0.363381 1.08015 1.2889 0.456896
data/frame-000043.color.jpg -0.252938 -0.525631 0.715473 -0.384491 0.515806 0.94699 0.868581
data/frame-000217.color.jpg 0.0675112 0.172435 0.919974 -0.345479 0.165307 1.34006 0.28938
data/frame-000351.color.jpg 0.416646 0.800415 0.391303 -0.180621 0.101859 1.24794 0.301991
data/frame-000100.color.jpg 0.263408 0.666196 -0.616304 0.32706 -0.911424 0.438834 0.916925
data/frame-000111.color.jpg 0.298197 0.723428 -0.524532 0.335554 -0.999682 0.695706 0.752584
data/frame-000245.color.jpg 0.311637 0.484991 0.707191 -0.409325 0.722054 1.34418 0.0851265
data/frame-000256.color.jpg 0.363955 0.469574 0.62485 -0.506556 0.882211 1.29905 -0.256382
data/frame-000005.color.jpg -0.203054 -0.670599 0.675852 -0.228669 0.803613 0.156403 1.2515
data/frame-000179.color.jpg -0.153852 -0.276454 0.83101 -0.45752 -0.383742 1.48574 -0.0886012
data/frame-000313.color.jpg 0.231482 0.707083 0.621951 -0.244187 0.36001 0.99678 0.537607
data/frame-000324.color.jpg 0.272931 0.764079 0.542672 -0.217253 0.214247 1.02265 0.572519
data/frame-000062.color.jpg 0.283733 0.658712 -0.614688 0.328257 -0.148719 0.704324 0.987839
data/frame-000073.color.jpg 0.31339 0.676122 -0.575261 0.337226 -0.336626 0.418066 1.01441
data/frame-000207.color.jpg -0.0350124 -0.104107 0.926013 -0.361159 -0.248437 1.28283 0.318008
data/frame-000218.color.jpg 0.076467 0.19409 0.914921 -0.345544 0.195017 1.33586 0.289163
data/frame-000130.color.jpg 0.395976 0.755109 -0.441196 0.279928 -0.432987 0.957497 0.669061
data/frame-000275.color.jpg 0.362493 0.484602 0.612564 -0.508453 0.603367 1.27031 -0.243378
data/frame-000286.color.jpg 0.412638 0.528634 0.578257 -0.464645 0.486233 1.32699 -0.18579
data/frame-000013.color.jpg -0.203602 -0.62565 0.691575 -0.298048 0.607181 0.307279 1.30667
data/frame-000024.color.jpg 0.37453 0.687157 -0.540956 0.308073 1.16981 1.06214 0.676933
data/frame-000035.color.jpg 0.386302 0.64544 -0.545114 0.370174 0.937729 1.22038 0.616482
data/frame-000343.color.jpg 0.413379 0.792256 0.394401 -0.214237 0.180207 1.25903 0.286474
data/frame-000092.color.jpg -0.276779 -0.611145 0.630703 -0.390012 -0.748142 0.474238 0.849974
data/frame-000248.color.jpg 0.406566 0.496963 0.619395 -0.451754 0.850433 1.35362 -0.0838771
data/frame-000122.color.jpg 0.351207 0.711478 -0.510708 0.331103 -0.684933 0.962578 0.608937
data/frame-000305.color.jpg 0.278091 0.761665 0.543403 -0.21736 0.590837 0.987206 0.562192
data/frame-000054.color.jpg -0.242196 -0.517468 0.727257 -0.380348 0.04399 0.777852 0.952928
data/frame-000190.color.jpg -0.0507371 -0.137018 0.888212 -0.435581 -0.22618 1.42676 0.0499531
data/frame-000335.color.jpg 0.366687 0.793692 0.43642 -0.212441 0.181521 1.19871 0.36813
data/frame-000016.color.jpg -0.259088 -0.64798 0.651017 -0.298617 0.839812 0.541368 1.16433
data/frame-000247.color.jpg 0.327003 0.491491 0.689121 -0.42026 0.756238 1.3384 0.0562034
data/frame-000141.color.jpg 0.369578 0.804073 -0.405834 0.228422 -0.393319 0.793626 0.799052
data/frame-000152.color.jpg 0.339951 0.687655 -0.56249 0.308494 -0.630372 0.977346 0.635939
data/frame-000209.color.jpg -0.0252992 -0.0670114 0.936003 -0.344626 -0.170593 1.30171 0.336531
data/frame-000220.color.jpg 0.0972187 0.22991 0.905871 -0.34218 0.225456 1.32586 0.299041
data/frame-000354.color.jpg 0.401505 0.809627 0.396318 -0.161957 0.0696015 1.22516 0.338892
data/frame-000103.color.jpg 0.259317 0.707613 -0.588019 0.293721 -0.889932 0.39975 0.991813
data/frame-000114.color.jpg 0.321517 0.731635 -0.49911 0.335001 -0.997571 0.750991 0.724275
data/frame-000171.color.jpg -0.25211 -0.508575 0.705058 -0.425071 -0.905239 1.25837 0.158017
data/frame-000182.color.jpg -0.113146 -0.214355 0.85163 -0.464733 -0.265462 1.48903 -0.0951039
data/frame-000316.color.jpg 0.230082 0.708649 0.618119 -0.250613 0.302883 0.995598 0.563102
data/frame-000327.color.jpg 0.28581 0.794518 0.496011 -0.20255 0.223271 1.04488 0.557774
data/frame-000065.color.jpg 0.280076 0.669113 -0.610786 0.317468 -0.23372 0.602645 1.0325
data/frame-000076.color.jpg 0.317837 0.668051 -0.57898 0.342739 -0.374322 0.352501 0.916175
data/frame-000250.color.jpg 0.377877 0.487825 0.610517 -0.496493 0.900169 1.30629 -0.199472
data/frame-000133.color.jpg 0.407423 0.786644 -0.393679 0.245387 -0.341179 0.911381 0.737214
data/frame-000144.color.jpg 0.364718 0.768241 -0.45779 0.259259 -0.481318 0.851292 0.748653
data/frame-000278.color.jpg 0.363032 0.49336 0.599007 -0.515747 0.596892 1.26247 -0.265902
data/frame-000289.color.jpg 0.402623 0.569485 0.583445 -0.416141 0.469174 1.32422 -0.0422895
data/frame-000027.color.jpg 0.383899 0.674778 -0.540362 0.324508 1.18166 1.12004 0.619162
data/frame-000201.color.jpg -0.0521588 -0.119294 0.903173 -0.409055 -0.261673 1.3392 0.202394
data/frame-000346.color.jpg 0.431918 0.785164 0.386276 -0.218529 0.170555 1.28474 0.240702
data/frame-000357.color.jpg 0.394523 0.82054 0.382314 -0.157801 0.083263 1.20422 0.355001
data/frame-000084.color.jpg 0.4325 0.632101 -0.492388 0.413456 -0.320731 0.448991 0.781593
data/frame-000095.color.jpg -0.235191 -0.592704 0.676402 -0.368602 -0.864925 0.516889 0.775124
data/frame-000106.color.jpg 0.263393 0.687354 -0.600262 0.312817 -0.910352 0.61972 0.863443
data/frame-000240.color.jpg 0.250386 0.409069 0.773357 -0.414593 0.561096 1.38362 0.0398149
data/frame-000163.color.jpg -0.293502 -0.546459 0.668563 -0.410198 -0.793711 1.22434 0.281683
data/frame-000297.color.jpg 0.344986 0.655208 0.604719 -0.293261 0.422169 1.22536 0.321601
data/frame-000308.color.jpg 0.257875 0.784629 0.534883 -0.178209 0.569895 0.903485 0.640855
data/frame-000319.color.jpg 0.233566 0.718885 0.605578 -0.24885 0.259453 0.987891 0.587674
data/frame-000046.color.jpg -0.230957 -0.474655 0.752568 -0.393704 0.425542 0.895571 0.879688
data/frame-000057.color.jpg -0.235178 -0.544751 0.719953 -0.360007 -0.0552369 0.747414 0.951721
data/frame-000068.color.jpg -0.260219 -0.647361 0.648528 -0.304338 -0.237469 0.505478 1.05483
data/frame-000202.color.jpg -0.0548003 -0.117899 0.907745 -0.398867 -0.251575 1.33251 0.229726
data/frame-000125.color.jpg 0.369901 0.723927 -0.491312 0.312597 -0.570706 0.969014 0.622226
data/frame-000270.color.jpg 0.356344 0.487714 0.620402 -0.500256 0.719741 1.26114 -0.185668
data/frame-000281.color.jpg 0.383669 0.496202 0.575511 -0.524756 0.587066 1.2539 -0.316911
data/frame-000259.color.jpg 0.365977 0.463572 0.625417 -0.509917 0.843349 1.29497 -0.277614
data/frame-000030.color.jpg 0.410735 0.662439 -0.516999 0.353813 1.13637 1.2462 0.510926
data/frame-000019.color.jpg 0.299779 0.680369 -0.600072 0.295202 0.988356 0.756588 1.01871
data/frame-000008.color.jpg -0.150181 -0.641529 0.717427 -0.226241 0.648939 -0.00441858 1.30531
data/frame-000338.color.jpg 0.398768 0.78046 0.42648 -0.223564 0.165471 1.24945 0.287564
data/frame-000087.color.jpg 0.383596 0.647748 -0.529999 0.390355 -0.402135 0.445881 0.890722
data/frame-000232.color.jpg 0.183682 0.342087 0.837514 -0.384458 0.383432 1.36013 0.16091
data/frame-000243.color.jpg 0.284925 0.455633 0.735253 -0.413062 0.658453 1.35851 0.0614491
data/frame-000300.color.jpg 0.321094 0.678665 0.603596 -0.268298 0.430417 1.16829 0.400897
data/frame-000038.color.jpg 0.360323 0.613107 -0.593745 0.376475 0.759948 1.12191 0.71823
data/frame-000049.color.jpg -0.231415 -0.502173 0.738125 -0.386576 0.275051 0.839269 0.926204
data/frame-000174.color.jpg -0.223479 -0.447425 0.751995 -0.429385 -0.768329 1.35683 0.0726779
data/frame-000185.color.jpg -0.061469 -0.149734 0.875253 -0.455778 -0.180356 1.48695 -0.0660249
data/frame-000000.color.jpg 0.307653 0.694831 -0.5941 0.263827 0.961944 0.517516 1.0814
data/frame-000011.color.jpg -0.146646 -0.60781 0.733698 -0.265986 0.5052 0.0520704 1.34496
data/frame-000242.color.jpg 0.271052 0.439737 0.748037 -0.416656 0.629914 1.3665 0.0434327
data/frame-000136.color.jpg 0.412334 0.817736 -0.341749 0.210943 -0.258163 0.860977 0.790482
data/frame-000147.color.jpg 0.362283 0.739573 -0.491533 0.283158 -0.537165 0.89993 0.703256
data/frame-000204.color.jpg -0.0552838 -0.115196 0.917399 -0.376899 -0.246212 1.30953 0.291912
data/frame-000215.color.jpg 0.0342152 0.0892546 0.932395 -0.348572 0.067946 1.33676 0.294213
data/frame-000349.color.jpg 0.427551 0.793328 0.388204 -0.192689 0.120326 1.27079 0.272139
data/frame-000098.color.jpg -0.255984 -0.628234 0.647928 -0.346385 -0.899135 0.500326 0.846478
data/frame-000272.color.jpg 0.354534 0.475904 0.629826 -0.501138 0.640874 1.27727 -0.204867
data/frame-000155.color.jpg 0.324773 0.657318 -0.596147 0.327206 -0.690925 1.02525 0.577321
data/frame-000166.color.jpg -0.277553 -0.524593 0.686682 -0.419802 -0.828301 1.24814 0.218906
data/frame-000177.color.jpg -0.19413 -0.331319 0.807014 -0.44863 -0.495929 1.48042 -0.0531166
data/frame-000311.color.jpg 0.250289 0.731069 0.59843 -0.211599 0.396336 0.989936 0.55439
data/frame-000060.color.jpg -0.266347 -0.586572 0.685647 -0.33894 -0.0591706 0.755144 0.952335
data/frame-000234.color.jpg 0.198415 0.338284 0.826381 -0.404091 0.369952 1.37843 0.0893379
data/frame-000117.color.jpg 0.331179 0.713987 -0.518775 0.33379 -0.868863 0.884249 0.653546
data/frame-000128.color.jpg 0.381378 0.741841 -0.465571 0.295747 -0.493723 0.965149 0.643429
data/frame-000139.color.jpg 0.383602 0.826485 -0.355519 0.208273 -0.308466 0.781484 0.818358
data/frame-000273.color.jpg 0.355828 0.474001 0.626927 -0.50564 0.618583 1.27601 -0.222802
data/frame-000022.color.jpg 0.352645 0.690149 -0.55909 0.294541 1.12975 0.937716 0.813456
data/frame-000196.color.jpg -0.0497534 -0.115785 0.893938 -0.430108 -0.240327 1.38012 0.121474
data/frame-000330.color.jpg 0.316643 0.809069 0.454916 -0.19544 0.215477 1.10406 0.503375
data/frame-000341.color.jpg 0.408657 0.788295 0.405277 -0.21758 0.173403 1.25784 0.287222
data/frame-000352.color.jpg 0.407761 0.804169 0.395647 -0.174659 0.08997 1.23845 0.32075
data/frame-000079.color.jpg 0.384039 0.666464 -0.506739 0.389301 -0.341906 0.402472 0.824894
data/frame-000090.color.jpg 0.326459 0.619017 -0.58111 0.415396 -0.652197 0.498093 0.876778
data/frame-000101.color.jpg 0.266594 0.680507 -0.603253 0.319255 -0.907906 0.41543 0.947056
data/frame-000235.color.jpg 0.204061 0.344392 0.821246 -0.406582 0.380953 1.38325 0.0789111
data/frame-000158.color.jpg -0.308541 -0.613157 0.630097 -0.363068 -0.757586 1.10615 0.456916
data/frame-000292.color.jpg 0.366896 0.614616 0.604674 -0.34929 0.438979 1.29498 0.156609
data/frame-000303.color.jpg 0.300937 0.723061 0.574638 -0.237511 0.50739 1.08338 0.487269
data/frame-000314.color.jpg 0.230331 0.706648 0.620745 -0.249545 0.340897 0.99698 0.546903
data/frame-000041.color.jpg -0.287427 -0.54904 0.684133 -0.384581 0.610112 0.978699 0.871424
data/frame-000052.color.jpg -0.227787 -0.530239 0.721703 -0.382237 0.104862 0.773614 0.973456
data/frame-000197.color.jpg -0.0522151 -0.114432 0.892388 -0.433385 -0.24296 1.37764 0.119165
data/frame-000109.color.jpg 0.279831 0.694232 -0.576953 0.326898 -0.952755 0.718021 0.763264
data/frame-000120.color.jpg 0.339787 0.71014 -0.517708 0.335001 -0.771451 0.947333 0.624856
data/frame-000254.color.jpg 0.365171 0.470417 0.622907 -0.507293 0.877206 1.30057 -0.256082
data/frame-000265.color.jpg 0.366178 0.479974 0.619262 -0.502048 0.7962 1.27905 -0.217399
data/frame-000003.color.jpg 0.216613 0.688871 -0.650703 0.234779 0.859652 0.238065 1.22806
data/frame-000014.color.jpg -0.229418 -0.634819 0.674014 -0.300128 0.695235 0.401362 1.26047
data/frame-000322.color.jpg 0.248872 0.750185 0.568718 -0.227696 0.232943 0.995135 0.594604
data/frame-000333.color.jpg 0.347592 0.804155 0.436555 -0.20478 0.207327 1.15797 0.421623
data/frame-000071.color.jpg 0.296363 0.679617 -0.592956 0.314155 -0.283051 0.443503 1.07853
data/frame-000082.color.jpg 0.427293 0.636728 -0.490927 0.413508 -0.3225 0.440978 0.76787
data/frame-000227.color.jpg 0.158168 0.326805 0.856133 -0.367719 0.362431 1.33595 0.230893
data/frame-000284.color.jpg 0.399815 0.512745 0.577808 -0.493334 0.524243 1.29379 -0.253716
data/frame-000044.color.jpg -0.248913 -0.515199 0.725243 -0.382929 0.496148 0.935053 0.852232
