frame-000000.color.jpg 0.051685 -0.001166 0.941637 -0.332637 -0.387845 4.462197 -2.000965 0.355924 0.007026
frame-000001.color.jpg 0.046865 -0.001970 0.942324 -0.331400 -0.424866 4.469144 -1.988964 0.196009 0.003659
frame-000002.color.jpg 0.036984 -0.007967 0.943526 -0.329131 -0.500264 4.475794 -1.961509 0.552197 0.011318
frame-000003.color.jpg 0.033991 -0.010952 0.944820 -0.325636 -0.531089 4.488939 -1.924975 0.609972 0.009605
frame-000004.color.jpg 0.031863 -0.013239 0.945698 -0.323210 -0.554324 4.495412 -1.900707 0.577640 0.009249
frame-000005.color.jpg 0.032650 -0.014022 0.945791 -0.322825 -0.560275 4.489427 -1.897784 0.198356 0.005286
frame-000006.color.jpg 0.034964 -0.012911 0.946963 -0.319174 -0.548696 4.500624 -1.865640 0.229989 0.003252
frame-000007.color.jpg 0.034594 -0.013524 0.946917 -0.319325 -0.555953 4.499825 -1.866991 0.406355 0.004669
frame-000008.color.jpg 0.034018 -0.012305 0.947252 -0.318440 -0.547070 4.503600 -1.859509 0.217794 0.003170
frame-000009.color.jpg 0.036052 -0.014256 0.947638 -0.316986 -0.559996 4.508867 -1.849342 0.489827 0.006351
frame-000010.color.jpg 0.034818 -0.014426 0.947828 -0.316545 -0.560687 4.510572 -1.844376 0.294266 0.007476
frame-000011.color.jpg 0.033934 -0.015182 0.949085 -0.312819 -0.571218 4.527258 -1.809483 0.384524 0.007344
frame-000012.color.jpg 0.031419 -0.016623 0.949243 -0.312530 -0.583857 4.522132 -1.803824 0.214505 0.005746
frame-000013.color.jpg 0.021049 -0.025728 0.949904 -0.310768 -0.689101 4.516170 -1.779337 0.418222 0.008729
frame-000014.color.jpg 0.020668 -0.030024 0.950503 -0.308571 -0.729570 4.515891 -1.757739 0.236389 0.004908
frame-000015.color.jpg 0.014622 -0.037971 0.949932 -0.309797 -0.800760 4.499406 -1.757663 0.401758 0.008002
frame-000016.color.jpg 0.010744 -0.047800 0.949775 -0.309076 -0.887023 4.481334 -1.739455 0.286507 0.005408
frame-000017.color.jpg 0.006585 -0.066264 0.948869 -0.308566 -1.052028 4.436814 -1.719767 0.158765 0.004145
frame-000018.color.jpg 0.002345 0.086594 -0.948031 0.306159 -1.231335 4.396938 -1.670519 0.058021 0.001610
frame-000019.color.jpg 0.007722 0.104051 -0.946532 0.305273 -1.379562 4.351292 -1.639728 0.090232 0.002125
frame-000020.color.jpg 0.017501 0.121414 -0.945122 0.302814 -1.531129 4.308860 -1.581908 0.333672 0.005324
frame-000021.color.jpg 0.020702 0.143139 -0.943013 0.299682 -1.708709 4.254449 -1.523169 0.221457 0.005181
frame-000022.color.jpg 0.047005 0.171332 -0.931985 0.315975 -1.966071 4.100993 -1.576715 0.525115 0.010847
frame-000023.color.jpg 0.053329 0.179563 -0.932557 0.308626 -2.028991 4.103783 -1.481404 0.554963 0.010728
frame-000024.color.jpg 0.057228 0.209429 -0.923594 0.315971 -2.274205 3.960634 -1.488493 0.426853 0.008649
frame-000025.color.jpg 0.059777 0.220748 -0.917347 0.325840 -2.359319 3.877643 -1.545955 0.282453 0.005897
frame-000026.color.jpg 0.072458 0.222009 -0.914231 0.331125 -2.365848 3.868330 -1.548935 0.295133 0.006208
frame-000027.color.jpg 0.089044 0.252229 -0.901729 0.339613 -2.615662 3.724211 -1.522145 0.111852 0.002499
frame-000028.color.jpg 0.100634 0.296534 -0.886079 0.341766 -2.978634 3.523191 -1.428675 0.657014 0.013512
frame-000029.color.jpg 0.116999 0.332792 -0.866757 0.352553 -3.250951 3.306473 -1.393427 0.420570 0.010116
frame-000030.color.jpg 0.109225 0.340836 -0.861350 0.360523 -3.269027 3.241877 -1.477399 0.749212 0.017011
frame-000031.color.jpg 0.101067 0.331423 -0.864792 0.363427 -3.140377 3.310737 -1.561460 0.744249 0.016456
frame-000032.color.jpg 0.102522 0.319550 -0.867070 0.368194 -3.026133 3.376934 -1.631844 0.543101 0.013212
frame-000033.color.jpg 0.109578 0.310420 -0.872278 0.361611 -2.940831 3.454817 -1.583245 0.441096 0.011410
frame-000034.color.jpg 0.120244 0.296251 -0.879155 0.353359 -2.846656 3.554829 -1.503681 0.408734 0.011592
frame-000035.color.jpg 0.120117 0.306746 -0.880644 0.340507 -2.976756 3.487087 -1.318126 0.461972 0.010423
frame-000036.color.jpg 0.115923 0.315285 -0.881495 0.331850 -3.069021 3.414029 -1.202098 0.205633 0.003789
frame-000037.color.jpg 0.120770 0.325506 -0.881335 0.320482 -3.172898 3.343055 -1.024280 0.212481 0.005010
frame-000038.color.jpg 0.110877 0.325783 -0.880322 0.326503 -3.197382 3.274277 -1.077614 0.370415 0.007690
frame-000039.color.jpg 0.088906 0.306808 -0.887947 0.330930 -3.067861 3.319898 -1.214070 0.146729 0.005533
frame-000040.color.jpg 0.064836 0.269398 -0.900451 0.335274 -2.802212 3.460949 -1.383189 0.080635 0.001637
frame-000041.color.jpg 0.050460 0.247842 -0.907609 0.335072 -2.649857 3.535502 -1.451797 0.177151 0.002544
frame-000042.color.jpg 0.045027 0.245904 -0.911085 0.327761 -2.663224 3.522462 -1.408402 0.225535 0.002894
frame-000043.color.jpg 0.035732 0.272223 -0.906967 0.319420 -2.879138 3.350507 -1.346493 0.245517 0.004139
frame-000044.color.jpg 0.049882 0.315984 -0.890629 0.323181 -3.204744 3.026076 -1.288650 0.361835 0.001768
frame-000045.color.jpg 0.059633 0.343003 -0.874782 0.336970 -3.388443 2.769773 -1.323410 0.551645 0.005618
frame-000046.color.jpg 0.087821 0.386293 -0.852468 0.341121 -3.657102 2.405893 -1.171176 0.328721 0.006132
frame-000047.color.jpg 0.108612 0.381832 -0.853511 0.337532 -3.639709 2.437943 -1.095601 0.286535 0.004556
frame-000048.color.jpg 0.144437 0.386013 -0.851430 0.324343 -3.663621 2.452621 -0.867077 0.362861 0.004518
frame-000049.color.jpg 0.188632 0.401633 -0.843683 0.302170 -3.714850 2.437900 -0.481206 0.731414 0.007798
frame-000090.color.jpg 0.094088 0.442789 -0.869211 0.198893 -3.711603 3.085953 -0.080464 0.403350 0.003865
frame-000091.color.jpg 0.099803 0.460531 -0.858312 0.203103 -3.885217 2.957544 -0.065443 0.468392 0.003821
frame-000092.color.jpg 0.108207 0.477721 -0.847929 0.202707 -4.080434 2.840731 -0.011254 0.342229 0.006010
frame-000093.color.jpg 0.103949 0.480843 -0.844596 0.211286 -4.165992 2.821604 -0.112158 0.245150 0.003717
frame-000094.color.jpg 0.101672 0.482772 -0.842811 0.215091 -4.194205 2.815085 -0.163752 0.332549 0.005210
frame-000095.color.jpg 0.101727 0.488237 -0.840681 0.211027 -4.225733 2.816543 -0.130427 0.095905 0.002365
frame-000096.color.jpg 0.106132 0.486429 -0.838497 0.221461 -4.221523 2.852208 -0.216691 0.191299 0.003250
frame-000097.color.jpg 0.108786 0.487874 -0.834678 0.231210 -4.242110 2.850121 -0.299527 0.219112 0.003424
frame-000098.color.jpg 0.113875 0.487737 -0.831032 0.241931 -4.254989 2.852412 -0.381364 0.325306 0.006709
frame-000099.color.jpg 0.119967 0.487207 -0.827522 0.251880 -4.265346 2.846684 -0.448097 0.183764 0.003369
frame-000100.color.jpg 0.121629 0.491538 -0.819051 0.269727 -4.311128 2.763806 -0.587849 0.289747 0.002108
frame-000101.color.jpg 0.120808 0.497405 -0.812146 0.280021 -4.357902 2.677964 -0.664507 0.451272 0.004992
frame-000102.color.jpg 0.121877 0.507193 -0.799993 0.296501 -4.424868 2.523002 -0.768351 0.405396 0.006153
frame-000103.color.jpg 0.128003 0.509991 -0.796593 0.298268 -4.438016 2.495965 -0.740781 0.374957 0.005007
frame-000104.color.jpg 0.135703 0.517148 -0.790454 0.298872 -4.473116 2.428798 -0.680625 0.623865 0.011406
frame-000105.color.jpg 0.136062 0.527384 -0.787812 0.287586 -4.508077 2.368853 -0.548302 0.590221 0.009410
frame-000106.color.jpg 0.134335 0.535069 -0.782444 0.288855 -4.540915 2.281804 -0.534586 0.495045 0.007931
frame-000107.color.jpg 0.134671 0.543946 -0.778073 0.283882 -4.568545 2.207599 -0.457383 0.334101 0.006010
frame-000108.color.jpg 0.131022 0.562947 -0.770634 0.268418 -4.620268 2.043915 -0.284479 0.548945 0.010327
frame-000109.color.jpg 0.133155 0.575888 -0.763748 0.259444 -4.653049 1.921211 -0.160993 0.252052 0.005110
frame-000110.color.jpg 0.136256 0.591190 -0.754748 0.249569 -4.686955 1.772614 -0.016675 0.079866 0.002174
frame-000111.color.jpg 0.134086 0.596248 -0.752922 0.244167 -4.693954 1.720974 0.031136 0.250490 0.004539
frame-000112.color.jpg 0.136784 0.602527 -0.749895 0.236452 -4.700801 1.668299 0.126584 0.241672 0.003983
frame-000113.color.jpg 0.138357 0.608002 -0.746320 0.232803 -4.705800 1.615210 0.182000 0.152258 0.002707
frame-000114.color.jpg 0.142341 0.619942 -0.737425 0.227191 -4.720830 1.493052 0.284136 0.198123 0.003250
frame-000115.color.jpg 0.146121 0.629450 -0.730490 0.220966 -4.721000 1.400464 0.381152 0.055827 0.001104
frame-000116.color.jpg 0.151283 0.636123 -0.725033 0.216306 -4.714845 1.337972 0.463631 0.133935 0.002737
frame-000117.color.jpg 0.152577 0.641744 -0.720552 0.213750 -4.716216 1.277722 0.507880 0.148032 0.002405
frame-000118.color.jpg 0.155656 0.645535 -0.718235 0.207832 -4.701479 1.250778 0.578900 0.196162 0.002924
frame-000119.color.jpg 0.156753 0.652896 -0.712608 0.203336 -4.693214 1.170071 0.640173 0.099659 0.001562
frame-000120.color.jpg 0.158602 0.656538 -0.708836 0.203356 -4.682000 1.129310 0.664716 0.217967 0.003678
frame-000121.color.jpg 0.167775 0.662061 -0.701236 0.204436 -4.653872 1.074694 0.730013 0.246622 0.004855
frame-000122.color.jpg 0.172399 0.663082 -0.700277 0.200529 -4.617908 1.077681 0.789831 0.267060 0.005257
frame-000123.color.jpg 0.173357 0.663875 -0.698918 0.201819 -4.601323 1.060733 0.792966 0.207330 0.004865
frame-000124.color.jpg 0.175296 0.666507 -0.696522 0.199739 -4.578837 1.026529 0.833498 0.265437 0.004535
frame-000125.color.jpg 0.177482 0.670900 -0.693865 0.192209 -4.535757 0.978327 0.926366 0.418203 0.006921
frame-000126.color.jpg 0.180581 0.664762 -0.702423 0.179120 -4.448388 1.047700 1.032537 0.344281 0.005662
frame-000127.color.jpg 0.160577 0.657054 -0.716092 0.172361 -4.399017 1.086398 0.962543 0.340047 0.005983
frame-000128.color.jpg 0.154077 0.664175 -0.711224 0.171152 -4.375986 0.977477 0.970834 0.272090 0.004128
frame-000129.color.jpg 0.157839 0.669356 -0.704111 0.176851 -4.352833 0.917044 0.981882 0.259331 0.003437
frame-000130.color.jpg 0.171779 0.676853 -0.693133 0.178686 -4.293497 0.849733 1.080540 0.186087 0.002053
frame-000131.color.jpg 0.168542 0.683509 -0.688100 0.175862 -4.247144 0.767728 1.098639 0.075123 0.000981
frame-000132.color.jpg 0.167877 0.689260 -0.685390 0.164252 -4.172385 0.716039 1.175102 0.228120 0.002878
frame-000133.color.jpg 0.165852 0.692737 -0.682296 0.164561 -4.137259 0.684356 1.166072 0.249236 0.003702
frame-000134.color.jpg 0.163910 0.691191 -0.683969 0.166055 -4.115704 0.702794 1.140588 0.281464 0.004318
frame-000135.color.jpg 0.166660 0.691784 -0.684529 0.158362 -4.038059 0.720488 1.197739 0.314057 0.004502
frame-000136.color.jpg 0.168623 0.695805 -0.680072 0.157873 -4.011282 0.681628 1.219344 0.364353 0.005328
frame-000137.color.jpg 0.170103 0.701794 -0.674158 0.155117 -3.977011 0.618993 1.258454 0.286288 0.003748
frame-000138.color.jpg 0.171673 0.716205 -0.659654 0.149788 -3.927511 0.461421 1.332342 0.353930 0.004242
frame-000139.color.jpg 0.172599 0.723596 -0.651715 0.147940 -3.897484 0.379970 1.366314 0.435249 0.005767
frame-000140.color.jpg 0.176825 0.732481 -0.641649 0.143148 -3.851770 0.288365 1.438786 0.155840 0.001789
frame-000141.color.jpg 0.176542 0.739119 -0.634346 0.141919 -3.828704 0.213331 1.462011 0.399934 0.004436
frame-000142.color.jpg 0.178903 0.746966 -0.624825 0.140107 -3.794014 0.123119 1.503524 0.415949 0.004866
frame-000143.color.jpg 0.180272 0.756765 -0.613465 0.135901 -3.754492 0.010832 1.557538 0.143259 0.003084
frame-000144.color.jpg 0.183129 0.780092 -0.584691 0.126718 -3.645913 -0.259785 1.682027 0.211671 0.002441
frame-000145.color.jpg 0.187190 0.788034 -0.573658 0.121978 -3.590738 -0.351205 1.749105 0.284267 0.005412
frame-000146.color.jpg 0.188613 0.795126 -0.564429 0.116701 -3.535950 -0.436061 1.802866 0.332822 0.004940
frame-000147.color.jpg 0.193431 0.807277 -0.546449 0.110819 -3.449233 -0.577108 1.892557 0.211495 0.003887
frame-000148.color.jpg 0.197345 0.817401 -0.530953 0.104881 -3.371539 -0.698419 1.973110 0.394604 0.006553
frame-000149.color.jpg 0.199157 0.829358 -0.511269 0.105388 -3.300472 -0.853145 2.020607 0.349244 0.007938
frame-000150.color.jpg 0.210262 0.844300 -0.484222 0.092070 -3.126905 -1.019194 2.186239 0.418716 0.006302
frame-000151.color.jpg 0.219865 0.863555 -0.446840 0.079164 -2.894425 -1.250699 2.346404 0.646133 0.009815
frame-000152.color.jpg 0.227294 0.876100 -0.418833 0.073246 -2.722024 -1.400516 2.447142 0.425309 0.006020
frame-000153.color.jpg 0.251972 0.894956 -0.363630 0.057766 -2.339954 -1.586442 2.691572 0.363672 0.008892
frame-000154.color.jpg 0.258233 0.895633 -0.357528 0.057720 -2.298115 -1.580437 2.730427 0.130848 0.002975
frame-000155.color.jpg 0.265753 0.902828 -0.334022 0.052012 -2.125746 -1.665186 2.813450 0.212133 0.005669
frame-000156.color.jpg 0.282690 0.917576 -0.278132 0.027990 -1.667502 -1.854044 3.017634 0.523786 0.012651
frame-000157.color.jpg 0.285488 0.921794 -0.261195 0.023887 -1.536583 -1.918476 3.062479 0.634235 0.015271
frame-000158.color.jpg 0.285565 0.928259 -0.237460 0.020025 -1.368343 -2.014799 3.092578 0.810046 0.020044
frame-000159.color.jpg 0.290136 0.931146 -0.220465 0.013544 -1.223561 -2.047230 3.138308 0.802482 0.020114
frame-000160.color.jpg 0.291135 0.932372 -0.214207 0.006246 -1.150372 -2.062567 3.154945 1.207587 0.031245
frame-000161.color.jpg 0.297922 0.933648 -0.198727 0.007182 -1.041361 -2.049183 3.185610 0.738756 0.019638
frame-000162.color.jpg 0.312136 0.931347 -0.187407 -0.006451 -0.868203 -1.953548 3.247477 0.857908 0.022631
frame-000163.color.jpg 0.314519 0.935233 -0.162529 -0.000637 -0.713745 -1.955241 3.233507 0.550951 0.015196
frame-000164.color.jpg 0.310617 0.940255 -0.139406 -0.001832 -0.546015 -1.995023 3.201593 1.032976 0.027933
frame-000165.color.jpg 0.319751 0.940195 -0.117236 -0.006908 -0.352876 -1.923950 3.217103 0.542499 0.013891
frame-000166.color.jpg 0.335000 0.932486 -0.135043 -0.002807 -0.452318 -1.742017 3.247311 0.417957 0.011198
frame-000167.color.jpg 0.337548 0.930198 -0.144139 0.004005 -0.527138 -1.690793 3.234959 0.392595 0.010762
frame-000168.color.jpg 0.333898 0.927410 -0.166371 0.027261 -0.770663 -1.639172 3.178980 0.293452 0.009024
frame-000169.color.jpg 0.327951 0.928161 -0.174404 0.023435 -0.816462 -1.628837 3.120956 0.361592 0.010158
frame-000170.color.jpg 0.322561 0.927247 -0.189070 0.020469 -0.916604 -1.553357 3.027049 0.422444 0.006056
frame-000171.color.jpg 0.326925 0.923551 -0.197981 0.031253 -1.016807 -1.471941 3.005148 0.278139 0.004276
frame-000172.color.jpg 0.322110 0.919673 -0.222730 0.028959 -1.157809 -1.414254 2.955593 0.332411 0.005054
frame-000173.color.jpg 0.321422 0.909452 -0.260064 0.044187 -1.429763 -1.263171 2.879979 0.482696 0.010169
frame-000174.color.jpg 0.318151 0.902271 -0.286800 0.049326 -1.599619 -1.169455 2.811990 0.379153 0.008680
frame-000175.color.jpg 0.299865 0.887222 -0.342286 0.075891 -2.000617 -0.983433 2.560774 0.344011 0.009829
frame-000176.color.jpg 0.273425 0.870828 -0.401083 0.077649 -2.264903 -0.801626 2.338685 0.340185 0.007836
frame-000177.color.jpg 0.261941 0.854127 -0.440676 0.087512 -2.448851 -0.615852 2.178137 0.534089 0.011893
frame-000178.color.jpg 0.256293 0.847932 -0.454808 0.092057 -2.516364 -0.540290 2.105321 0.527774 0.011393
frame-000179.color.jpg 0.229718 0.835688 -0.488417 0.101511 -2.704241 -0.410308 1.888579 0.473856 0.012470
frame-000180.color.jpg 0.224152 0.825760 -0.505253 0.112231 -2.839678 -0.264875 1.767298 1.016210 0.026722
frame-000181.color.jpg 0.221834 0.820769 -0.512566 0.120015 -2.936177 -0.183599 1.688267 0.885793 0.025383
frame-000182.color.jpg 0.220800 0.820303 -0.512604 0.124849 -3.000062 -0.157642 1.626838 0.569641 0.017208
frame-000183.color.jpg 0.224056 0.822951 -0.507407 0.122839 -3.022344 -0.147892 1.625179 0.390092 0.011470
frame-000184.color.jpg 0.242079 0.823106 -0.498396 0.124484 -3.011477 -0.074108 1.667703 0.439349 0.013069
frame-000185.color.jpg 0.256058 0.820026 -0.496933 0.122670 -2.985687 0.021450 1.702469 0.150390 0.006140
frame-000186.color.jpg 0.260249 0.824028 -0.489350 0.117407 -2.947768 0.053946 1.714236 0.251079 0.005378
frame-000187.color.jpg 0.277768 0.817406 -0.491860 0.112989 -2.904596 0.255917 1.716809 0.301380 0.006310
frame-000188.color.jpg 0.282315 0.807914 -0.504165 0.115718 -2.923311 0.407623 1.647107 0.761762 0.019414
frame-000189.color.jpg 0.272965 0.808286 -0.509945 0.110089 -2.945465 0.446086 1.608902 0.735627 0.017311
frame-000190.color.jpg 0.275489 0.814101 -0.496624 0.121284 -3.004884 0.408695 1.555377 0.590560 0.014438
frame-000191.color.jpg 0.291018 0.842062 -0.439808 0.113177 -2.938545 0.127117 1.728688 0.339786 0.005640
frame-000192.color.jpg 0.296563 0.859595 -0.405479 0.093453 -2.833014 -0.032013 1.882056 0.407729 0.008050
frame-000193.color.jpg 0.299705 0.868580 -0.385376 0.085037 -2.772382 -0.091882 1.911961 0.836217 0.014032
frame-000194.color.jpg 0.303996 0.867831 -0.384265 0.082445 -2.762200 -0.017912 1.895108 0.385954 0.006106
frame-000195.color.jpg 0.298070 0.867433 -0.389317 0.084537 -2.797708 0.068169 1.810798 0.634474 0.011639
frame-000196.color.jpg 0.297390 0.864493 -0.396465 0.083828 -2.809443 0.129326 1.781386 0.673742 0.013140
frame-000197.color.jpg 0.295592 0.860589 -0.405784 0.085744 -2.824638 0.188140 1.739213 0.743431 0.013871
frame-000198.color.jpg 0.288168 0.832574 -0.463733 0.093442 -2.915363 0.561789 1.547284 1.142353 0.009521
frame-000199.color.jpg 0.276414 0.815369 -0.497457 0.106326 -2.983967 0.779886 1.383809 1.872098 0.031960
frame-000200.color.jpg 0.275025 0.792194 -0.531353 0.120226 -3.015051 1.015685 1.231643 0.931729 0.013975
frame-000201.color.jpg 0.265806 0.768658 -0.566432 0.132916 -3.033468 1.244746 1.060776 0.876493 0.015495
frame-000202.color.jpg 0.244997 0.736599 -0.611916 0.151516 -3.041063 1.520185 0.810911 1.297985 0.027169
frame-000203.color.jpg 0.239134 0.715648 -0.637075 0.157472 -3.019603 1.688941 0.706263 0.411010 0.007974
frame-000204.color.jpg 0.226972 0.696656 -0.660526 0.163885 -3.008684 1.825264 0.590127 0.173285 0.003528
frame-000205.color.jpg 0.224464 0.672066 -0.686226 0.164427 -2.925515 2.014393 0.516368 0.592587 0.010698
frame-000206.color.jpg 0.213225 0.659163 -0.703057 0.160466 -2.878206 2.121187 0.484344 0.473848 0.005537
frame-000207.color.jpg 0.199228 0.643354 -0.722252 0.157343 -2.815943 2.231879 0.438186 0.481704 0.004962
frame-000208.color.jpg 0.185858 0.642362 -0.725877 0.161027 -2.836820 2.222736 0.387877 0.470948 0.003650
frame-000209.color.jpg 0.180474 0.636166 -0.733399 0.157630 -2.834790 2.248286 0.392844 0.537285 0.008885
frame-000210.color.jpg 0.178850 0.636519 -0.733851 0.155946 -2.845829 2.237892 0.405118 0.769710 0.009754
frame-000211.color.jpg 0.175047 0.639350 -0.733081 0.152256 -2.912704 2.184940 0.450808 0.628146 0.010217
frame-000212.color.jpg 0.174653 0.645384 -0.728116 0.151069 -2.980082 2.096761 0.497431 0.370507 0.006176
frame-000213.color.jpg 0.172882 0.648886 -0.725581 0.150306 -3.012565 2.052232 0.513631 0.369000 0.006595
frame-000214.color.jpg 0.169421 0.651712 -0.723422 0.152406 -3.045252 2.013226 0.501866 0.439873 0.009550
frame-000215.color.jpg 0.169534 0.647427 -0.724751 0.163806 -3.079890 2.014793 0.426930 0.061161 0.002118
frame-000216.color.jpg 0.162704 0.635166 -0.734325 0.175668 -3.083718 2.086281 0.313040 0.262413 0.005120
frame-000217.color.jpg 0.155983 0.613316 -0.751233 0.187513 -3.044311 2.243230 0.173087 0.351824 0.006697
frame-000218.color.jpg 0.152042 0.592398 -0.766371 0.196530 -2.978837 2.395218 0.060570 0.223649 0.002838
frame-000219.color.jpg 0.136075 0.531772 -0.809859 0.206956 -2.701021 2.813429 -0.165231 0.306339 0.005537
frame-000220.color.jpg 0.134009 0.519420 -0.817883 0.208116 -2.630931 2.892714 -0.201435 0.378958 0.009343
frame-000221.color.jpg 0.131561 0.500482 -0.828710 0.213188 -2.530203 3.010254 -0.279669 0.224472 0.001583
frame-000222.color.jpg 0.111813 0.427419 -0.865660 0.235464 -2.036450 3.400266 -0.608736 0.324345 0.003120
frame-000223.color.jpg 0.101674 0.413730 -0.872968 0.237520 -1.928698 3.467112 -0.656156 0.375195 0.003474
frame-000224.color.jpg 0.084160 0.370909 -0.891553 0.245919 -1.571593 3.656519 -0.787517 0.240780 0.007997
frame-000225.color.jpg 0.071189 0.320916 -0.910304 0.251578 -1.131037 3.848987 -0.900805 0.367983 0.006710
frame-000226.color.jpg 0.059706 0.263714 -0.926908 0.260251 -0.630964 3.975162 -1.019138 0.416113 0.011385
frame-000227.color.jpg 0.053005 0.238881 -0.934652 0.257976 -0.414555 4.022738 -1.023016 0.549917 0.011229
frame-000228.color.jpg 0.042529 0.207720 -0.945271 0.248005 -0.140893 4.106940 -0.962556 0.392978 0.009225
frame-000229.color.jpg 0.045825 0.192426 -0.950244 0.240641 -0.000874 4.162300 -0.938328 0.253812 0.003848
frame-000230.color.jpg 0.041522 0.180056 -0.958010 0.219253 0.109612 4.241120 -0.780089 0.345465 0.005009
frame-000231.color.jpg 0.044289 0.168052 -0.961997 0.210614 0.204882 4.290557 -0.731252 0.282379 0.005655
frame-000232.color.jpg 0.037960 0.155845 -0.963434 0.214632 0.299677 4.322048 -0.762482 0.318162 0.005521
frame-000233.color.jpg 0.020416 0.113732 -0.967151 0.226423 0.649676 4.341638 -0.845233 0.161925 0.001149
frame-000234.color.jpg 0.011908 0.090704 -0.970113 0.224748 0.865565 4.346490 -0.821252 0.650137 0.011163
frame-000235.color.jpg 0.011986 0.074242 -0.973579 0.215611 1.054004 4.380072 -0.760262 0.458037 0.008082
frame-000236.color.jpg 0.011151 0.068623 -0.973812 0.216465 1.117281 4.379927 -0.765459 0.659132 0.014173
frame-000237.color.jpg 0.012923 0.060283 -0.973142 0.221796 1.204375 4.371136 -0.812806 0.817068 0.013742
frame-000238.color.jpg 0.011634 0.049164 -0.968568 0.243563 1.312611 4.347859 -0.991567 0.764713 0.017183
frame-000239.color.jpg 0.010720 0.035820 -0.963162 0.266309 1.420203 4.295545 -1.177428 0.527812 0.013198
frame-000240.color.jpg 0.013570 0.033124 -0.954151 0.297179 1.440971 4.235459 -1.447434 0.701028 0.016410
frame-000241.color.jpg 0.010112 0.031129 -0.947044 0.319432 1.452169 4.191837 -1.625113 0.678596 0.013589
frame-000242.color.jpg 0.010228 0.034673 -0.941605 0.334772 1.420415 4.168572 -1.758540 1.044145 0.021608
frame-000243.color.jpg 0.004759 0.036807 -0.937351 0.346405 1.396833 4.138556 -1.839662 0.873011 0.018399
