data/frame-000000.color.jpg 0.402497 0.91522 0.0178435 0.00704331 1.49549 4.05585 -2.43574
data/frame-000001.color.jpg 0.407489 0.913093 0.0086701 0.0118117 1.59748 3.99771 -2.45736
data/frame-000002.color.jpg 0.409888 0.912111 0.00567643 0.00351716 1.61782 3.95982 -2.49502
data/frame-000003.color.jpg 0.408469 0.912643 0.0149259 -0.00368264 1.52236 3.98963 -2.5226
data/frame-000004.color.jpg 0.410648 0.911596 0.0190172 -0.00035802 1.51091 3.99107 -2.52595
data/frame-000005.color.jpg 0.413935 0.910023 0.0200563 -0.0106409 1.46679 3.95467 -2.57861
data/frame-000006.color.jpg 0.419315 0.907615 0.0187625 -0.00760643 1.49405 3.91312 -2.62355
data/frame-000007.color.jpg 0.437163 0.899178 0.0172752 0.00832545 1.53735 3.85101 -2.71017
data/frame-000008.color.jpg 0.433698 0.90096 0.0131801 -0.00154968 1.52374 3.87625 -2.68757
data/frame-000009.color.jpg 0.446522 0.89425 -0.0204492 0.0227308 1.87007 3.70382 -2.67203
data/frame-000010.color.jpg 0.427053 0.903615 -0.00765084 0.032346 1.41594 3.88366 -2.51419
data/frame-000011.color.jpg 0.461966 0.886196 -0.0296004 0.0191549 1.88897 3.55642 -2.77438
data/frame-000012.color.jpg 0.477572 0.877419 -0.0397763 0.0219026 1.90924 3.42668 -2.83735
data/frame-000013.color.jpg 0.491169 0.869216 -0.0488327 0.0288314 1.93056 3.3178 -2.87664
data/frame-000014.color.jpg 0.501873 0.861487 -0.0608103 0.0476065 2.06249 3.24192 -2.86805
data/frame-000015.color.jpg 0.518646 0.850335 -0.0669785 0.058739 2.12155 3.13436 -2.94266
data/frame-000016.color.jpg 0.514169 0.851703 -0.0719294 0.0711301 2.16962 3.17964 -2.86362
data/frame-000017.color.jpg 0.529065 0.842895 -0.0705694 0.0681058 2.16598 3.09159 -2.98903
data/frame-000018.color.jpg 0.539024 0.836913 -0.0692197 0.0650994 2.14801 3.02132 -3.0722
data/frame-000019.color.jpg 0.543258 0.833862 -0.0745795 0.0631095 2.17916 2.98795 -3.09109
data/frame-000020.color.jpg 0.549341 0.829902 -0.0755592 0.0614655 2.18748 2.94004 -3.14078
data/frame-000021.color.jpg 0.557972 0.823012 -0.0809046 0.0690864 2.23094 2.88156 -3.159
data/frame-000022.color.jpg 0.562928 0.819549 -0.0831066 0.0674154 2.23487 2.83524 -3.19147
data/frame-000023.color.jpg 0.564389 0.816407 -0.0903089 0.0823959 2.31853 2.82807 -3.13462
data/frame-000024.color.jpg 0.567371 0.816317 -0.0854884 0.0663874 2.2113 2.79395 -3.21098
data/frame-000025.color.jpg 0.573384 0.812688 -0.0812399 0.0645734 2.16257 2.76653 -3.26054
data/frame-000026.color.jpg 0.581193 0.805856 -0.0789985 0.0810588 2.17823 2.73745 -3.26276
data/frame-000027.color.jpg 0.584372 0.803035 -0.0765362 0.0882427 2.16599 2.74408 -3.26967
data/frame-000028.color.jpg 0.591317 0.79716 -0.0823703 0.0899773 2.21234 2.67736 -3.29249
data/frame-000029.color.jpg 0.589727 0.796415 -0.0919035 0.0974649 2.29202 2.67603 -3.23565
data/frame-000030.color.jpg 0.583603 0.800894 -0.0919176 0.0976112 2.2767 2.72851 -3.19742
data/frame-000031.color.jpg 0.590299 0.794859 -0.100717 0.0979909 2.33808 2.62643 -3.20661
data/frame-000032.color.jpg 0.58703 0.796151 -0.110166 0.0969651 2.39837 2.62461 -3.15784
data/frame-000033.color.jpg 0.584121 0.796766 -0.12162 0.0957832 2.48544 2.59432 -3.09852
data/frame-000034.color.jpg 0.588434 0.793571 -0.124603 0.0919979 2.48719 2.51611 -3.12697
data/frame-000035.color.jpg 0.575729 0.800497 -0.13846 0.0925712 2.5838 2.56595 -3.00372
data/frame-000036.color.jpg 0.557041 0.811313 -0.151878 0.0917055 2.6707 2.64676 -2.84776
data/frame-000037.color.jpg 0.550619 0.814836 -0.157455 0.0898271 2.69999 2.65559 -2.80143
data/frame-000038.color.jpg 0.54105 0.8203 -0.160129 0.0934462 2.73442 2.72859 -2.71603
data/frame-000039.color.jpg 0.544109 0.821282 -0.156357 0.0706584 2.65577 2.66421 -2.82889
data/frame-000040.color.jpg 0.536902 0.826486 -0.155012 0.0680381 2.61968 2.72081 -2.79056
data/frame-000041.color.jpg 0.5262 0.832247 -0.15716 0.0760212 2.65135 2.79488 -2.69225
data/frame-000042.color.jpg 0.512178 0.840543 -0.162423 0.0691306 2.67382 2.83437 -2.61355
data/frame-000043.color.jpg 0.478352 0.85707 -0.175595 0.076009 2.77174 2.97031 -2.33404
data/frame-000044.color.jpg 0.472504 0.859883 -0.17789 0.0754701 2.78138 2.98883 -2.28871
data/frame-000045.color.jpg 0.454961 0.869188 -0.180186 0.0711004 2.79358 3.06535 -2.17446
data/frame-000046.color.jpg 0.449804 0.872681 -0.179009 0.0637175 2.76437 3.07856 -2.17274
data/frame-000047.color.jpg 0.435409 0.879196 -0.183622 0.0609582 2.8018 3.11562 -2.07437
data/frame-000048.color.jpg 0.421337 0.884237 -0.189346 0.0689035 2.85009 3.16072 -1.93374
data/frame-000049.color.jpg 0.40996 0.889014 -0.193046 0.0657298 2.86179 3.18699 -1.85056
data/frame-000050.color.jpg 0.400537 0.892955 -0.195106 0.064307 2.86838 3.20341 -1.77675
data/frame-000051.color.jpg 0.385 0.898922 -0.197659 0.0681604 2.88227 3.25306 -1.64089
data/frame-000052.color.jpg 0.375498 0.902295 -0.201411 0.0655613 2.89551 3.26571 -1.56892
data/frame-000053.color.jpg 0.375627 0.901548 -0.205371 0.0627613 2.91197 3.2231 -1.56281
data/frame-000054.color.jpg 0.366103 0.901983 -0.216967 0.0729402 3.01742 3.20526 -1.43308
data/frame-000055.color.jpg 0.361914 0.899961 -0.229551 0.0799737 3.12179 3.13701 -1.34073
data/frame-000056.color.jpg 0.35421 0.903486 -0.232027 0.066423 3.08146 3.13575 -1.33242
data/frame-000057.color.jpg 0.348837 0.903913 -0.238582 0.0658227 3.119 3.10142 -1.28332
data/frame-000058.color.jpg 0.342186 0.904119 -0.246627 0.0682071 3.17951 3.06414 -1.2147
data/frame-000059.color.jpg 0.334688 0.903596 -0.258351 0.0689433 3.25461 3.02842 -1.13304
data/frame-000060.color.jpg 0.332992 0.886689 -0.310934 0.0788596 3.55335 2.6714 -0.967692
data/frame-000061.color.jpg 0.327496 0.881257 -0.329561 0.0867328 3.65364 2.59101 -0.847285
data/frame-000062.color.jpg 0.325382 0.86218 -0.371165 0.114056 3.89136 2.32482 -0.60047
data/frame-000063.color.jpg 0.323012 0.83279 -0.430935 0.128133 4.17092 1.87136 -0.330784
data/frame-000064.color.jpg 0.323912 0.813666 -0.461435 0.141799 4.27221 1.61979 -0.164398
data/frame-000065.color.jpg 0.31858 0.790573 -0.499242 0.155749 4.37476 1.31658 0.0802832
data/frame-000066.color.jpg 0.314607 0.76829 -0.530261 0.171977 4.42925 1.06049 0.31593
data/frame-000067.color.jpg 0.313796 0.753289 -0.549791 0.178374 4.4493 0.882867 0.440116
data/frame-000068.color.jpg 0.308038 0.740062 -0.566847 0.190013 4.4553 0.743124 0.614398
data/frame-000069.color.jpg 0.306951 0.704381 -0.604875 0.209174 4.41525 0.39438 0.893945
data/frame-000070.color.jpg 0.299109 0.696154 -0.615669 0.216459 4.37153 0.324205 1.03048
data/frame-000071.color.jpg 0.306114 0.68391 -0.624161 0.221325 4.32576 0.2297 1.06741
data/frame-000072.color.jpg 0.311784 0.685473 -0.61983 0.220747 4.2765 0.267728 1.01912
data/frame-000073.color.jpg 0.31131 0.685184 -0.619943 0.221989 4.23748 0.272083 1.0286
data/frame-000074.color.jpg 0.309975 0.681407 -0.62547 0.219971 4.19372 0.217154 1.0419
data/frame-000075.color.jpg 0.311836 0.675303 -0.632549 0.215884 4.15964 0.130971 1.02896
data/frame-000076.color.jpg 0.307058 0.671288 -0.640851 0.210706 4.09185 0.04804 1.04444
data/frame-000077.color.jpg 0.30356 0.673422 -0.642646 0.203372 4.05298 0.0261489 1.01353
data/frame-000078.color.jpg 0.299927 0.680221 -0.639073 0.197305 4.01376 0.0655683 0.957969
data/frame-000079.color.jpg -0.283137 -0.657526 0.670078 -0.196185 3.88356 -0.179122 1.09299
data/frame-000080.color.jpg -0.287262 -0.643875 0.684803 -0.184255 3.81986 -0.32998 1.02518
data/frame-000081.color.jpg -0.281778 -0.6461 0.688128 -0.172148 3.79585 -0.324563 0.959747
data/frame-000082.color.jpg -0.29049 -0.649776 0.682621 -0.165637 3.78244 -0.26439 0.840509
data/frame-000083.color.jpg 0.309916 0.683957 -0.648856 0.123047 3.74848 0.0334258 0.340449
data/frame-000084.color.jpg 0.343372 0.745944 -0.564161 0.085936 3.55734 0.706136 -0.236607
data/frame-000085.color.jpg 0.357473 0.769921 -0.52346 0.0736486 3.42523 0.992503 -0.448959
data/frame-000086.color.jpg 0.376328 0.784387 -0.488033 0.0702679 3.28486 1.19973 -0.627149
data/frame-000087.color.jpg 0.372997 0.801512 -0.461991 0.0708253 3.13397 1.41668 -0.662465
data/frame-000088.color.jpg 0.386587 0.81698 -0.423254 0.0628428 2.96336 1.67198 -0.875499
data/frame-000089.color.jpg 0.396461 0.817463 -0.414218 0.0547319 2.8882 1.71769 -1.00938
data/frame-000090.color.jpg 0.393677 0.818985 -0.414634 0.0485885 2.86029 1.7365 -1.03489
data/frame-000091.color.jpg 0.393654 0.828136 -0.395542 0.0526774 2.76042 1.8745 -1.06598
data/frame-000092.color.jpg 0.395221 0.846931 -0.35415 0.0329528 2.45781 2.11809 -1.20563
data/frame-000093.color.jpg 0.39078 0.860988 -0.324129 0.030511 2.24303 2.29089 -1.22647
data/frame-000094.color.jpg 0.394978 0.86881 -0.298041 0.0182464 2.04463 2.39985 -1.30798
data/frame-000095.color.jpg 0.396387 0.870974 -0.29009 0.0114256 1.96722 2.444 -1.34882
data/frame-000096.color.jpg 0.395726 0.868792 -0.296913 0.0210578 1.98517 2.44828 -1.34112
data/frame-000097.color.jpg 0.377827 0.877783 -0.293164 0.0282659 1.95126 2.55895 -1.24323
data/frame-000098.color.jpg 0.371642 0.881159 -0.289974 0.036823 1.91763 2.62615 -1.20698
data/frame-000099.color.jpg 0.366686 0.883469 -0.290231 0.0281175 1.89418 2.67183 -1.20698
data/frame-000100.color.jpg 0.371784 0.878933 -0.298038 0.0206484 1.92434 2.65259 -1.26149
data/frame-000101.color.jpg 0.373501 0.873085 -0.313065 0.0144929 1.98652 2.60621 -1.29069
data/frame-000102.color.jpg 0.368575 0.869078 -0.329313 0.0202385 2.07266 2.58135 -1.25393
data/frame-000103.color.jpg 0.35488 0.867735 -0.346665 0.0303302 2.16218 2.57754 -1.14487
data/frame-000104.color.jpg 0.361853 0.864517 -0.347038 0.0351692 2.13248 2.57631 -1.19343
data/frame-000105.color.jpg 0.365253 0.878028 -0.306352 0.0425059 1.82044 2.74147 -1.22892
data/frame-000106.color.jpg 0.360163 0.890757 -0.275424 0.0312536 1.58733 2.87156 -1.23003
data/frame-000107.color.jpg 0.375953 0.88961 -0.258999 0.0131743 1.44614 2.87129 -1.36835
data/frame-000108.color.jpg 0.373381 0.891506 -0.255579 0.0219745 1.41559 2.8994 -1.34038
data/frame-000109.color.jpg 0.37431 0.890691 -0.256994 0.0226969 1.40096 2.89983 -1.35213
data/frame-000110.color.jpg 0.380067 0.890245 -0.24698 0.0448724 1.3359 2.92225 -1.37853
data/frame-000111.color.jpg 0.382032 0.890898 -0.240625 0.0495138 1.29012 2.94347 -1.39445
data/frame-000112.color.jpg 0.381618 0.893392 -0.23072 0.0546502 1.22107 2.97482 -1.4008
data/frame-000113.color.jpg 0.37662 0.897764 -0.219549 0.063057 1.15149 3.0427 -1.37388
data/frame-000114.color.jpg 0.380725 0.897921 -0.20903 0.0713585 1.09283 3.06373 -1.40883
data/frame-000115.color.jpg 0.383019 0.901788 -0.19002 0.0629946 0.956199 3.1185 -1.4415
data/frame-000116.color.jpg 0.388115 0.903623 -0.172109 0.0566622 0.829218 3.14853 -1.50023
data/frame-000117.color.jpg 0.39029 0.905889 -0.153087 0.0600263 0.70065 3.19515 -1.52554
data/frame-000118.color.jpg 0.391325 0.906481 -0.147518 0.05827 0.661847 3.22237 -1.54313
data/frame-000119.color.jpg 0.400543 0.903445 -0.141061 0.0587693 0.628832 3.23198 -1.63311
data/frame-000120.color.jpg 0.405291 0.903663 -0.123247 0.0627881 0.507752 3.26839 -1.69193
data/frame-000121.color.jpg 0.422866 0.897091 -0.114534 0.0573982 0.448298 3.25072 -1.86177
data/frame-000122.color.jpg 0.423358 0.896392 -0.120818 0.0515073 0.482615 3.26496 -1.87945
data/frame-000123.color.jpg 0.425186 0.896602 -0.117171 0.0399029 0.423664 3.26707 -1.91224
data/frame-000124.color.jpg 0.427714 0.897837 -0.0963362 0.0408477 0.249457 3.27634 -1.93916
data/frame-000125.color.jpg 0.429911 0.899557 -0.0641462 0.043109 -0.0228287 3.28263 -1.96278
data/frame-000126.color.jpg 0.427766 0.901344 -0.0518879 0.043615 -0.128519 3.29555 -1.94948
data/frame-000127.color.jpg 0.428579 0.901518 -0.043917 0.0406892 -0.202322 3.2919 -1.95846
data/frame-000128.color.jpg 0.43336 0.900456 -0.0177035 0.0326263 -0.41752 3.27252 -1.97722
data/frame-000129.color.jpg 0.443698 0.896008 -0.00361094 0.0169832 -0.544613 3.23339 -2.02793
data/frame-000130.color.jpg 0.448196 0.89381 0.0127956 0.00772353 -0.673727 3.20533 -2.04803
data/frame-000131.color.jpg 0.451869 0.891927 0.0155405 0.00621637 -0.697713 3.1947 -2.0813
data/frame-000132.color.jpg 0.456344 0.889651 0.0100771 0.013043 -0.644385 3.19002 -2.13596
data/frame-000133.color.jpg 0.458628 0.888541 0.00150839 0.0123968 -0.594498 3.21184 -2.17139
data/frame-000134.color.jpg 0.468641 0.883193 0.000706265 0.0186054 -0.552911 3.18359 -2.26357
data/frame-000135.color.jpg 0.481829 0.876077 0.0128207 0.0128534 -0.630515 3.11457 -2.37029
data/frame-000136.color.jpg 0.482221 0.875721 0.0207232 0.0120626 -0.687784 3.12537 -2.37768
data/frame-000137.color.jpg 0.486529 0.87329 0.0202966 0.0155907 -0.663753 3.11997 -2.4267
data/frame-000138.color.jpg 0.490008 0.871299 0.0230728 0.0140664 -0.679253 3.11015 -2.46215
data/frame-000139.color.jpg 0.486833 0.873083 0.0253006 0.00889681 -0.704616 3.14598 -2.45567
data/frame-000140.color.jpg 0.489938 0.871407 0.0213646 0.012417 -0.660129 3.14817 -2.49756
data/frame-000141.color.jpg 0.490718 0.870984 0.0184194 0.0156258 -0.626789 3.1423 -2.51496
data/frame-000142.color.jpg 0.491916 0.870345 0.0112207 0.0198015 -0.559837 3.14431 -2.53349
data/frame-000143.color.jpg 0.488757 0.872015 0.0123086 0.0235597 -0.566373 3.15756 -2.51109
data/frame-000144.color.jpg 0.484287 0.874702 0.00432546 0.0185455 -0.52411 3.19386 -2.47564
data/frame-000145.color.jpg 0.484573 0.874379 0.00288094 0.0253276 -0.501232 3.19063 -2.4815
data/frame-000146.color.jpg 0.485628 0.873853 0.00373303 0.0230664 -0.517223 3.18785 -2.4831
data/frame-000147.color.jpg 0.483983 0.874825 0.00458448 0.0205138 -0.523858 3.19439 -2.4754
data/frame-000148.color.jpg 0.484422 0.874586 0.00552827 0.0201116 -0.531463 3.18343 -2.48421
data/frame-000149.color.jpg 0.480384 0.87673 0.00543462 0.0233526 -0.515496 3.21762 -2.45678
data/frame-000150.color.jpg 0.484716 0.874462 0.0109742 0.0157075 -0.572916 3.20004 -2.47995
data/frame-000151.color.jpg 0.488686 0.872189 0.0124707 0.0177864 -0.57471 3.18121 -2.5207
data/frame-000152.color.jpg 0.488022 0.872527 0.0139313 0.0183506 -0.578888 3.18966 -2.52222
data/frame-000153.color.jpg 0.491602 0.870541 0.0116938 0.0186839 -0.558322 3.1644 -2.56125
data/frame-000154.color.jpg 0.49049 0.871119 0.010906 0.0212529 -0.542306 3.17967 -2.55465
data/frame-000155.color.jpg 0.489749 0.87155 0.00601516 0.0225995 -0.500657 3.19352 -2.55328
data/frame-000156.color.jpg 0.489726 0.871567 0.00685272 0.0222001 -0.509097 3.19272 -2.55304
data/frame-000157.color.jpg 0.489349 0.871797 0.00746169 0.0212734 -0.5191 3.20044 -2.5558
data/frame-000158.color.jpg 0.492491 0.869926 0.00897953 0.0245125 -0.506991 3.18818 -2.57574
data/frame-000159.color.jpg 0.496145 0.867902 0.00993106 0.0220957 -0.511208 3.17308 -2.60648
data/frame-000160.color.jpg 0.497568 0.867233 0.00577881 0.0173042 -0.483716 3.18067 -2.6293
data/frame-000161.color.jpg 0.502977 0.86412 0.000709156 0.017599 -0.424865 3.15381 -2.68599
data/frame-000162.color.jpg 0.508294 0.861086 0.000238525 0.0129524 -0.413501 3.13602 -2.73486
data/frame-000163.color.jpg 0.511712 0.859094 -0.00142355 0.010301 -0.394865 3.12648 -2.7771
data/frame-000164.color.jpg 0.516826 0.856031 -0.00506812 0.00876787 -0.374263 3.1048 -2.83109
data/frame-000165.color.jpg 0.520266 0.853646 -0.012299 0.0214882 -0.275774 3.09685 -2.86651
data/frame-000166.color.jpg 0.531288 0.8468 -0.0126937 0.0224047 -0.289799 3.01923 -2.96533
data/frame-000167.color.jpg 0.53 0.84748 -0.0134021 0.0264292 -0.270571 3.03579 -2.95841
data/frame-000168.color.jpg 0.53612 0.843449 -0.0180658 0.0290484 -0.222187 2.99565 -3.00322
data/frame-000169.color.jpg 0.538265 0.842159 -0.0157665 0.0281168 -0.240528 2.99665 -3.01724
data/frame-000170.color.jpg 0.552998 0.832624 -0.0121962 0.0279573 -0.24841 2.88346 -3.119
data/frame-000171.color.jpg 0.557254 0.83005 -0.00778837 0.0205803 -0.300789 2.85445 -3.14216
data/frame-000172.color.jpg 0.56176 0.82726 -0.00332573 0.00747034 -0.369143 2.8518 -3.16431
data/frame-000173.color.jpg 0.581361 0.813564 0.00119074 0.0114713 -0.377795 2.68818 -3.29902
data/frame-000174.color.jpg 0.587602 0.809093 0.00668922 0.00689515 -0.438777 2.63455 -3.32987
data/frame-000175.color.jpg 0.588721 0.80813 0.0182731 0.000375276 -0.544499 2.60429 -3.33026
data/frame-000176.color.jpg 0.594762 0.803763 0.0149383 6.04021e-05 -0.503775 2.5654 -3.37276
data/frame-000177.color.jpg 0.592725 0.805279 0.0142131 0.000508492 -0.492328 2.59611 -3.36237
data/frame-000178.color.jpg 0.60656 0.794769 0.0201768 -0.00446949 -0.551046 2.46864 -3.44196
data/frame-000179.color.jpg 0.605246 0.795677 0.0224847 -0.00829933 -0.558848 2.48782 -3.42913
data/frame-000180.color.jpg 0.603169 0.79696 0.0282564 -0.0156266 -0.617436 2.5016 -3.40844
data/frame-000181.color.jpg 0.598936 0.799331 0.0409588 -0.0258385 -0.734699 2.53829 -3.36726
data/frame-000182.color.jpg 0.602526 0.795633 0.0523977 -0.0344204 -0.834848 2.48034 -3.36955
data/frame-000183.color.jpg 0.596203 0.798847 0.0653434 -0.045996 -0.949901 2.52091 -3.29934
data/frame-000184.color.jpg 0.595785 0.797827 0.0771677 -0.0505777 -1.04633 2.49816 -3.27482
data/frame-000185.color.jpg 0.595755 0.79721 0.0804899 -0.055255 -1.07417 2.49262 -3.26053
data/frame-000186.color.jpg 0.596859 0.795849 0.0858561 -0.0548853 -1.1019 2.45972 -3.26463
data/frame-000187.color.jpg 0.591237 0.799352 0.0921636 -0.0545963 -1.14174 2.4878 -3.22179
data/frame-000188.color.jpg 0.578979 0.806823 0.101496 -0.0593087 -1.21457 2.57319 -3.13084
data/frame-000189.color.jpg 0.576593 0.807374 0.111743 -0.0565763 -1.29222 2.57241 -3.11595
data/frame-000190.color.jpg 0.574791 0.809476 0.109315 -0.0491354 -1.29019 2.58959 -3.13297
data/frame-000191.color.jpg 0.581712 0.808855 0.0794715 -0.0324061 -1.05083 2.59818 -3.25639
data/frame-000192.color.jpg 0.582199 0.810918 0.0575999 -0.0117998 -0.853813 2.61274 -3.33883
data/frame-000193.color.jpg 0.583592 0.811087 0.0390774 -0.00561782 -0.732114 2.64007 -3.40139
data/frame-000194.color.jpg 0.581523 0.813178 -0.0031428 0.0237073 -0.346156 2.70721 -3.48934
data/frame-000195.color.jpg 0.570526 0.819034 -0.0313441 0.0519805 -0.0465998 2.81424 -3.48457
data/frame-000196.color.jpg 0.570565 0.817522 -0.0473479 0.0622183 0.110547 2.80858 -3.52465
data/frame-000197.color.jpg 0.56222 0.820884 -0.0652791 0.076132 0.29543 2.87981 -3.50077
data/frame-000198.color.jpg 0.554932 0.822888 -0.0884642 0.0841432 0.513404 2.92831 -3.47264
data/frame-000199.color.jpg 0.553813 0.822439 -0.105659 0.0756326 0.613091 2.93061 -3.47907
data/frame-000200.color.jpg 0.541347 0.827496 -0.123042 0.083996 0.770558 3.01271 -3.39726
data/frame-000201.color.jpg 0.539577 0.827814 -0.128432 0.0841713 0.797066 3.01139 -3.39249
data/frame-000202.color.jpg 0.524152 0.833104 -0.146635 0.0984915 0.962887 3.11488 -3.27418
data/frame-000203.color.jpg 0.510957 0.83572 -0.164327 0.116156 1.13992 3.18465 -3.159
data/frame-000204.color.jpg 0.497118 0.839118 -0.182073 0.124916 1.28505 3.25651 -3.03236
data/frame-000205.color.jpg 0.476558 0.843032 -0.209386 0.135447 1.51931 3.34845 -2.82963
data/frame-000206.color.jpg 0.473749 0.840515 -0.222082 0.140625 1.6309 3.33294 -2.78664
data/frame-000207.color.jpg 0.471356 0.838377 -0.232784 0.14408 1.72007 3.31256 -2.74943
data/frame-000208.color.jpg 0.463933 0.83927 -0.240782 0.149722 1.78868 3.33884 -2.67898
data/frame-000209.color.jpg 0.455309 0.841976 -0.246717 0.151329 1.8226 3.38693 -2.60002
data/frame-000210.color.jpg 0.447849 0.843362 -0.25411 0.153623 1.87925 3.41026 -2.53043
data/frame-000211.color.jpg 0.443089 0.844074 -0.258948 0.155427 1.91371 3.4193 -2.48171
data/frame-000212.color.jpg 0.446478 0.843126 -0.259347 0.150118 1.90348 3.39457 -2.51157
data/frame-000213.color.jpg 0.435237 0.844344 -0.271979 0.153882 1.97846 3.41678 -2.38792
data/frame-000214.color.jpg 0.426602 0.845866 -0.276006 0.162301 2.01201 3.44636 -2.30239
data/frame-000215.color.jpg 0.410507 0.846983 -0.282031 0.185908 2.07435 3.5046 -2.12573
data/frame-000216.color.jpg 0.417954 0.84557 -0.283577 0.172943 2.06095 3.46332 -2.18517
data/frame-000217.color.jpg 0.424599 0.841788 -0.288676 0.166658 2.08437 3.39553 -2.22064
data/frame-000218.color.jpg 0.428392 0.839493 -0.289057 0.167863 2.0843 3.36722 -2.23825
data/frame-000219.color.jpg 0.42824 0.839557 -0.290269 0.165829 2.08103 3.36189 -2.23065
data/frame-000220.color.jpg 0.427454 0.840192 -0.292142 0.161285 2.07582 3.35552 -2.22442
data/frame-000221.color.jpg 0.426581 0.840497 -0.293498 0.159535 2.0845 3.35108 -2.21865
data/frame-000222.color.jpg 0.423163 0.844923 -0.287785 0.155623 2.01791 3.3932 -2.20713
data/frame-000223.color.jpg 0.422051 0.843287 -0.29219 0.159265 2.07421 3.37764 -2.18876
data/frame-000224.color.jpg 0.419196 0.846171 -0.291903 0.151859 2.05809 3.39661 -2.17451
data/frame-000225.color.jpg 0.419323 0.845832 -0.292606 0.152048 2.06647 3.39099 -2.17776
data/frame-000226.color.jpg 0.413121 0.846236 -0.299038 0.154248 2.12435 3.39098 -2.11592
data/frame-000227.color.jpg 0.409506 0.848359 -0.302843 0.144492 2.12264 3.39739 -2.08928
data/frame-000228.color.jpg 0.405304 0.849935 -0.305062 0.142398 2.13048 3.40913 -2.0492
data/frame-000229.color.jpg 0.405135 0.84911 -0.306427 0.144845 2.14554 3.39924 -2.04493
data/frame-000230.color.jpg 0.404105 0.847999 -0.310324 0.145929 2.17492 3.38203 -2.02823
data/frame-000231.color.jpg 0.398612 0.84968 -0.313831 0.143748 2.1842 3.40111 -1.97826
data/frame-000232.color.jpg 0.395794 0.849801 -0.316635 0.144661 2.19293 3.40163 -1.9516
data/frame-000233.color.jpg 0.393803 0.847717 -0.322485 0.149327 2.26035 3.38319 -1.92028
data/frame-000234.color.jpg 0.392015 0.847494 -0.324589 0.150735 2.27976 3.38026 -1.90026
data/frame-000235.color.jpg 0.389304 0.848497 -0.325107 0.151 2.27763 3.39567 -1.87677
data/frame-000236.color.jpg 0.389052 0.848334 -0.324323 0.154218 2.27197 3.40116 -1.87639
data/frame-000237.color.jpg 0.388694 0.849504 -0.322053 0.153436 2.24275 3.42006 -1.8818
data/frame-000238.color.jpg 0.394378 0.844783 -0.322854 0.163011 2.27928 3.37741 -1.91775
data/frame-000239.color.jpg 0.408944 0.835228 -0.31978 0.181381 2.30611 3.3211 -2.01227
data/frame-000240.color.jpg 0.432645 0.828297 -0.302572 0.187597 2.19699 3.29103 -2.2014
data/frame-000241.color.jpg 0.447212 0.819616 -0.299441 0.196384 2.2024 3.23711 -2.29677
data/frame-000242.color.jpg 0.452184 0.814599 -0.300023 0.204802 2.22887 3.19904 -2.31707
data/frame-000243.color.jpg 0.455923 0.81122 -0.299612 0.210449 2.24477 3.18865 -2.33878
data/frame-000244.color.jpg 0.466105 0.80903 -0.294697 0.203397 2.1914 3.13923 -2.42909
data/frame-000245.color.jpg 0.469021 0.806542 -0.295572 0.205297 2.20058 3.12608 -2.44553
data/frame-000246.color.jpg 0.472896 0.80196 -0.298742 0.209722 2.24323 3.08078 -2.45412
data/frame-000247.color.jpg 0.475381 0.796489 -0.309391 0.209512 2.31932 3.03991 -2.4368
data/frame-000248.color.jpg 0.473987 0.795515 -0.311479 0.213244 2.33281 3.05831 -2.40195
data/frame-000249.color.jpg 0.484483 0.789778 -0.311315 0.211211 2.33292 2.97111 -2.48437
data/frame-000250.color.jpg 0.491784 0.787368 -0.305427 0.211931 2.29177 2.9596 -2.53718
data/frame-000251.color.jpg 0.498449 0.781956 -0.30612 0.215368 2.3192 2.90395 -2.57
data/frame-000252.color.jpg 0.499975 0.77957 -0.310043 0.214867 2.34344 2.89215 -2.56528
data/frame-000253.color.jpg 0.506104 0.774968 -0.306742 0.221794 2.34922 2.84005 -2.59322
data/frame-000254.color.jpg 0.508578 0.773283 -0.309108 0.218712 2.3508 2.82595 -2.59872
data/frame-000255.color.jpg 0.515791 0.769945 -0.304061 0.22066 2.32692 2.79373 -2.65148
data/frame-000256.color.jpg 0.524933 0.763626 -0.299128 0.227691 2.31587 2.72998 -2.71399
data/frame-000257.color.jpg 0.529546 0.761665 -0.293856 0.230426 2.28315 2.71049 -2.74906
data/frame-000258.color.jpg 0.530472 0.761584 -0.292468 0.230329 2.26847 2.73156 -2.75243
data/frame-000259.color.jpg 0.537872 0.757355 -0.28925 0.231176 2.25919 2.67337 -2.80202
data/frame-000260.color.jpg 0.542662 0.754288 -0.290688 0.228183 2.28066 2.63196 -2.82808
data/frame-000261.color.jpg 0.547394 0.753136 -0.287262 0.225006 2.25127 2.60881 -2.86227
data/frame-000262.color.jpg 0.55485 0.747935 -0.284974 0.226988 2.25161 2.55272 -2.89963
data/frame-000263.color.jpg 0.552575 0.748699 -0.285971 0.228759 2.2519 2.57854 -2.88929
data/frame-000264.color.jpg 0.559753 0.74186 -0.286087 0.233398 2.26717 2.51571 -2.91625
data/frame-000265.color.jpg 0.566748 0.734748 -0.286718 0.238194 2.29859 2.44055 -2.9477
data/frame-000266.color.jpg 0.570831 0.733357 -0.284116 0.235831 2.26264 2.42086 -2.98026
data/frame-000267.color.jpg 0.573639 0.728986 -0.283514 0.243183 2.29025 2.38632 -2.98708
data/frame-000268.color.jpg 0.578537 0.72592 -0.281897 0.24263 2.27685 2.36308 -3.02169
data/frame-000269.color.jpg 0.57741 0.726045 -0.282929 0.243735 2.29102 2.37462 -3.0031
data/frame-000270.color.jpg 0.577865 0.724893 -0.282448 0.246628 2.28969 2.36573 -3.00286
data/frame-000271.color.jpg 0.582086 0.721322 -0.279841 0.250118 2.28434 2.32886 -3.02438
data/frame-000272.color.jpg 0.580057 0.722523 -0.28127 0.249763 2.28958 2.35411 -3.00846
data/frame-000273.color.jpg 0.582819 0.720612 -0.280406 0.249828 2.28771 2.331 -3.02915
data/frame-000274.color.jpg 0.58719 0.717863 -0.27659 0.251752 2.26613 2.30612 -3.06247
data/frame-000275.color.jpg 0.595566 0.710739 -0.273165 0.255992 2.26574 2.23096 -3.11252
data/frame-000276.color.jpg 0.59797 0.708096 -0.274606 0.25617 2.2826 2.23096 -3.1178
data/frame-000277.color.jpg 0.60891 0.69617 -0.269653 0.268073 2.29497 2.12117 -3.16992
data/frame-000278.color.jpg 0.608026 0.694079 -0.268852 0.276183 2.31355 2.14039 -3.15055
data/frame-000279.color.jpg 0.613163 0.688514 -0.269337 0.278274 2.34209 2.07602 -3.16567
data/frame-000280.color.jpg 0.618936 0.687515 -0.267295 0.269806 2.30125 2.0452 -3.21446
data/frame-000281.color.jpg 0.626254 0.683175 -0.257454 0.273488 2.2446 2.00286 -3.27053
data/frame-000282.color.jpg 0.624363 0.680296 -0.257871 0.284376 2.28295 2.00633 -3.24658
data/frame-000283.color.jpg 0.628306 0.675155 -0.25252 0.292627 2.27188 1.97781 -3.26903
data/frame-000284.color.jpg 0.626309 0.675229 -0.2519 0.297236 2.27898 2.01195 -3.25063
data/frame-000285.color.jpg 0.630141 0.671875 -0.250442 0.297969 2.28211 1.97288 -3.27453
data/frame-000286.color.jpg 0.637097 0.662594 -0.248239 0.305703 2.31712 1.88099 -3.29676
data/frame-000287.color.jpg 0.638967 0.661378 -0.24639 0.305929 2.29671 1.87863 -3.31162
data/frame-000288.color.jpg 0.64032 0.660323 -0.244716 0.306721 2.28629 1.88722 -3.32091
data/frame-000289.color.jpg 0.647437 0.652919 -0.239298 0.311863 2.27733 1.80872 -3.36838
data/frame-000290.color.jpg 0.649368 0.650482 -0.237201 0.31453 2.26936 1.79508 -3.3657
data/frame-000291.color.jpg 0.652339 0.647774 -0.237572 0.313691 2.27587 1.76735 -3.37856
data/frame-000292.color.jpg 0.660528 0.640046 -0.235976 0.313621 2.28526 1.68239 -3.42415
data/frame-000293.color.jpg 0.669364 0.628868 -0.231336 0.320875 2.29403 1.58118 -3.44698
data/frame-000294.color.jpg 0.671527 0.622463 -0.232764 0.327737 2.33996 1.55251 -3.43344
data/frame-000295.color.jpg 0.677395 0.618797 -0.228206 0.325805 2.30898 1.50715 -3.4699
data/frame-000296.color.jpg 0.682365 0.612506 -0.228369 0.327203 2.32587 1.4383 -3.48375
data/frame-000297.color.jpg 0.686661 0.606991 -0.232489 0.325589 2.35878 1.38994 -3.48332
data/frame-000298.color.jpg 0.687526 0.604839 -0.234093 0.326617 2.37954 1.37898 -3.47333
data/frame-000299.color.jpg 0.689909 0.602102 -0.231318 0.32862 2.37311 1.35442 -3.48506
data/frame-000300.color.jpg 0.69022 0.601583 -0.23101 0.329133 2.36897 1.35216 -3.48403
data/frame-000301.color.jpg 0.692778 0.599623 -0.22854 0.329058 2.34998 1.33529 -3.50396
data/frame-000302.color.jpg 0.693578 0.597032 -0.229181 0.33163 2.36643 1.32848 -3.49286
data/frame-000303.color.jpg 0.695093 0.595449 -0.225634 0.33373 2.34669 1.31366 -3.51055
data/frame-000304.color.jpg 0.696753 0.59134 -0.224188 0.338515 2.36268 1.30161 -3.50792
data/frame-000305.color.jpg 0.69759 0.589393 -0.224917 0.339701 2.37441 1.29337 -3.5002
data/frame-000306.color.jpg 0.70077 0.584804 -0.222967 0.342362 2.38465 1.25074 -3.50759
data/frame-000307.color.jpg 0.704428 0.583161 -0.218118 0.340777 2.34073 1.21566 -3.53732
data/frame-000308.color.jpg 0.703089 0.584408 -0.21985 0.340293 2.34842 1.23884 -3.52912
data/frame-000309.color.jpg 0.703709 0.581432 -0.218255 0.345103 2.36034 1.2199 -3.52372
data/frame-000310.color.jpg 0.703466 0.581548 -0.218604 0.345181 2.36328 1.22605 -3.52213
data/frame-000311.color.jpg 0.704254 0.582083 -0.218377 0.342809 2.35001 1.22378 -3.5286
data/frame-000312.color.jpg 0.702092 0.582949 -0.220775 0.344231 2.38035 1.24525 -3.50983
data/frame-000313.color.jpg 0.705416 0.583928 -0.216278 0.338586 2.32006 1.21859 -3.54642
data/frame-000314.color.jpg 0.702127 0.584221 -0.218624 0.343375 2.36075 1.24282 -3.51391
data/frame-000315.color.jpg 0.70238 0.582484 -0.219858 0.345018 2.37964 1.23407 -3.49958
data/frame-000316.color.jpg 0.703284 0.582512 -0.219117 0.343598 2.36479 1.227 -3.50364
data/frame-000317.color.jpg 0.701463 0.586628 -0.221363 0.338845 2.35 1.27383 -3.49966
data/frame-000318.color.jpg 0.700516 0.588547 -0.220726 0.337892 2.33212 1.27474 -3.48875
data/frame-000319.color.jpg 0.690799 0.600521 -0.226765 0.332789 2.33082 1.38106 -3.44296
data/frame-000320.color.jpg 0.681279 0.614231 -0.232518 0.323289 2.29956 1.49499 -3.42638
data/frame-000321.color.jpg 0.67223 0.620439 -0.247546 0.319191 2.40637 1.54785 -3.3436
data/frame-000322.color.jpg 0.67163 0.62481 -0.254343 0.306324 2.42059 1.54371 -3.34712
data/frame-000323.color.jpg 0.650747 0.641753 -0.26396 0.30823 2.4702 1.7318 -3.2354
data/frame-000324.color.jpg 0.629597 0.662118 -0.273106 0.301032 2.47424 1.91549 -3.12788
data/frame-000325.color.jpg 0.619933 0.669803 -0.278311 0.299317 2.49948 1.98645 -3.07278
data/frame-000326.color.jpg 0.611888 0.677798 -0.281935 0.29444 2.49648 2.0337 -3.04431
data/frame-000327.color.jpg 0.601195 0.687758 -0.28534 0.290059 2.487 2.12616 -2.9876
data/frame-000328.color.jpg 0.596382 0.692885 -0.286358 0.28677 2.47657 2.15768 -2.97795
data/frame-000329.color.jpg 0.58981 0.698902 -0.286541 0.285577 2.46089 2.21447 -2.94997
data/frame-000330.color.jpg 0.588145 0.701544 -0.284558 0.284515 2.44149 2.22062 -2.9556
data/frame-000331.color.jpg 0.581699 0.70907 -0.283183 0.280454 2.40257 2.2867 -2.93763
data/frame-000332.color.jpg 0.579972 0.714517 -0.276962 0.276386 2.33918 2.31744 -2.95226
data/frame-000333.color.jpg 0.57671 0.718532 -0.277317 0.27242 2.32055 2.33712 -2.93936
data/frame-000334.color.jpg 0.570494 0.725037 -0.279247 0.26623 2.31211 2.37103 -2.90406
data/frame-000335.color.jpg 0.564936 0.731776 -0.280646 0.258047 2.28602 2.41317 -2.87021
data/frame-000336.color.jpg 0.553742 0.744828 -0.283428 0.241389 2.2343 2.50753 -2.81732
data/frame-000337.color.jpg 0.538727 0.757395 -0.282465 0.237359 2.19818 2.62653 -2.72978
data/frame-000338.color.jpg 0.53397 0.765335 -0.279649 0.225687 2.13398 2.65812 -2.71532
data/frame-000339.color.jpg 0.519991 0.775502 -0.286348 0.214966 2.15324 2.76583 -2.59814
data/frame-000340.color.jpg 0.520615 0.780555 -0.271752 0.214112 2.02106 2.75482 -2.64705
data/frame-000341.color.jpg 0.509979 0.791344 -0.271815 0.199531 1.98114 2.82103 -2.58143
data/frame-000342.color.jpg 0.507647 0.796158 -0.27342 0.183491 1.93754 2.84861 -2.58016
data/frame-000343.color.jpg 0.495431 0.797713 -0.294944 0.176661 2.05794 2.79715 -2.45938
data/frame-000344.color.jpg 0.47112 0.805912 -0.297652 0.19989 2.09408 2.92288 -2.26097
data/frame-000345.color.jpg 0.47278 0.806344 -0.291075 0.20387 2.06592 2.92916 -2.29104
data/frame-000346.color.jpg 0.470727 0.810169 -0.286355 0.200106 2.00277 2.96301 -2.28106
data/frame-000347.color.jpg 0.464293 0.813538 -0.283672 0.205226 1.96818 2.99217 -2.24514
data/frame-000348.color.jpg 0.454959 0.822447 -0.282077 0.192419 1.88945 3.05353 -2.19147
data/frame-000349.color.jpg 0.453385 0.827265 -0.2836 0.172179 1.82799 3.0501 -2.1918
data/frame-000350.color.jpg 0.447941 0.831951 -0.285588 0.160144 1.78275 3.05945 -2.1537
data/frame-000351.color.jpg 0.440976 0.836158 -0.284471 0.159552 1.74644 3.08277 -2.10639
data/frame-000352.color.jpg 0.436269 0.840915 -0.280887 0.153732 1.68985 3.10958 -2.07841
data/frame-000353.color.jpg 0.431811 0.842482 -0.282719 0.154377 1.69195 3.11488 -2.03973
data/frame-000354.color.jpg 0.425971 0.845344 -0.285291 0.150172 1.68512 3.12966 -1.99435
data/frame-000355.color.jpg 0.410458 0.849169 -0.298065 0.146946 1.74666 3.15497 -1.86962
data/frame-000356.color.jpg 0.402939 0.849638 -0.307513 0.145574 1.7951 3.15207 -1.80298
data/frame-000357.color.jpg 0.399404 0.848387 -0.31655 0.143221 1.84157 3.12466 -1.77042
data/frame-000358.color.jpg 0.39617 0.84676 -0.32399 0.145177 1.87163 3.10238 -1.72854
data/frame-000359.color.jpg 0.392233 0.844778 -0.333002 0.147013 1.92291 3.07603 -1.68018
data/frame-000360.color.jpg 0.396377 0.839066 -0.345599 0.139339 1.99325 2.99262 -1.68455
data/frame-000361.color.jpg 0.385079 0.838861 -0.356649 0.144319 2.05917 2.99544 -1.57488
data/frame-000362.color.jpg 0.376277 0.824514 -0.389252 0.164547 2.29044 2.88135 -1.41642
data/frame-000363.color.jpg 0.369051 0.817386 -0.409085 0.168316 2.42625 2.80777 -1.31234
data/frame-000364.color.jpg 0.371937 0.813263 -0.415516 0.166171 2.47454 2.75381 -1.31079
data/frame-000365.color.jpg 0.383293 0.809696 -0.413542 0.162668 2.47247 2.70415 -1.38662
data/frame-000366.color.jpg 0.38042 0.810199 -0.412846 0.168574 2.45781 2.7142 -1.33928
data/frame-000367.color.jpg 0.379073 0.807341 -0.418455 0.171464 2.48564 2.67913 -1.30209
data/frame-000368.color.jpg 0.375778 0.813863 -0.411322 0.165021 2.39901 2.71234 -1.29029
data/frame-000369.color.jpg 0.380618 0.818838 -0.398999 0.159479 2.29202 2.73093 -1.34912
data/frame-000370.color.jpg 0.379344 0.838081 -0.363896 0.145939 2.00359 2.86523 -1.41127
data/frame-000371.color.jpg 0.381921 0.841206 -0.356192 0.140128 1.92836 2.87518 -1.43953
data/frame-000372.color.jpg 0.380964 0.845453 -0.3491 0.134924 1.85568 2.89513 -1.43613
data/frame-000373.color.jpg 0.377082 0.850306 -0.342935 0.131091 1.7943 2.91686 -1.41852
data/frame-000374.color.jpg 0.374032 0.853068 -0.341345 0.12593 1.76801 2.92885 -1.40021
data/frame-000375.color.jpg 0.370306 0.855055 -0.340001 0.127096 1.74473 2.93974 -1.37191
data/frame-000376.color.jpg 0.36865 0.85425 -0.34292 0.12946 1.75497 2.92352 -1.35833
data/frame-000377.color.jpg 0.362194 0.855058 -0.348758 0.126727 1.77173 2.92384 -1.3034
data/frame-000378.color.jpg 0.356891 0.854385 -0.356616 0.124416 1.80713 2.9047 -1.25624
data/frame-000379.color.jpg 0.349662 0.855393 -0.361963 0.122562 1.82819 2.90604 -1.20271
data/frame-000380.color.jpg 0.34586 0.854903 -0.366602 0.122985 1.85518 2.89576 -1.17652
data/frame-000381.color.jpg 0.341636 0.853558 -0.375137 0.118301 1.89924 2.87769 -1.13656
data/frame-000382.color.jpg 0.339054 0.852105 -0.382296 0.113173 1.94012 2.85363 -1.11951
data/frame-000383.color.jpg 0.335536 0.8503 -0.3892 0.113705 1.98388 2.83369 -1.09556
data/frame-000384.color.jpg 0.332626 0.848362 -0.396061 0.113037 2.01845 2.81727 -1.06567
data/frame-000385.color.jpg 0.331843 0.846319 -0.400922 0.113519 2.04462 2.79869 -1.05348
data/frame-000386.color.jpg 0.333377 0.841772 -0.408236 0.116715 2.08848 2.76165 -1.04744
data/frame-000387.color.jpg 0.337859 0.831422 -0.421052 0.131544 2.16741 2.69156 -1.03499
data/frame-000388.color.jpg 0.346984 0.817574 -0.433566 0.152298 2.25462 2.60553 -1.04062
data/frame-000389.color.jpg 0.358649 0.808243 -0.439579 0.157747 2.30005 2.54453 -1.09095
data/frame-000390.color.jpg 0.368585 0.79915 -0.445875 0.163402 2.34545 2.48227 -1.12866
data/frame-000391.color.jpg 0.375648 0.788437 -0.455616 0.172247 2.40932 2.41173 -1.13127
data/frame-000392.color.jpg 0.384261 0.774847 -0.466351 0.185669 2.48823 2.33091 -1.13768
data/frame-000393.color.jpg 0.384177 0.762596 -0.481284 0.198042 2.58104 2.2708 -1.07631
data/frame-000394.color.jpg 0.378931 0.751709 -0.496502 0.211731 2.67393 2.21521 -0.985455
data/frame-000395.color.jpg 0.374668 0.737896 -0.515865 0.221397 2.78898 2.12778 -0.891271
data/frame-000396.color.jpg 0.37696 0.732183 -0.522009 0.222072 2.83295 2.07879 -0.884335
data/frame-000397.color.jpg 0.368251 0.726366 -0.53244 0.23085 2.90649 2.06062 -0.784934
data/frame-000398.color.jpg 0.374833 0.713746 -0.540478 0.240729 2.96236 1.99483 -0.782664
data/frame-000399.color.jpg 0.379763 0.70146 -0.550056 0.247328 3.02904 1.91537 -0.765211
data/frame-000400.color.jpg 0.379029 0.692563 -0.558604 0.254273 3.08801 1.86877 -0.719247
data/frame-000401.color.jpg 0.377172 0.682484 -0.567493 0.264402 3.13892 1.81356 -0.651662
data/frame-000402.color.jpg 0.37232 0.674358 -0.57691 0.27165 3.18437 1.78136 -0.575542
data/frame-000403.color.jpg 0.370239 0.660337 -0.589564 0.28159 3.25559 1.70046 -0.485458
data/frame-000404.color.jpg 0.367183 0.647481 -0.60286 0.287236 3.31619 1.62048 -0.400304
data/frame-000405.color.jpg 0.373256 0.628745 -0.612839 0.299645 3.37696 1.50778 -0.347945
data/frame-000406.color.jpg -0.367913 -0.619629 0.621097 -0.308121 3.40039 1.47358 -0.248484
data/frame-000407.color.jpg -0.359178 -0.608186 0.631385 -0.320083 3.42098 1.42751 -0.117063
data/frame-000408.color.jpg -0.350168 -0.604768 0.633078 -0.332943 3.38846 1.47324 -0.0348366
data/frame-000409.color.jpg -0.353402 -0.603711 0.62882 -0.339448 3.34353 1.48785 -0.0607358
data/frame-000410.color.jpg -0.353476 -0.605081 0.627079 -0.340152 3.32072 1.49578 -0.0708678
data/frame-000411.color.jpg -0.338846 -0.604271 0.634298 -0.343082 3.32354 1.51315 0.0317883
data/frame-000412.color.jpg -0.329706 -0.597734 0.644806 -0.343851 3.35902 1.48242 0.112071
data/frame-000413.color.jpg -0.330497 -0.589618 0.652089 -0.343368 3.38774 1.42416 0.132671
data/frame-000414.color.jpg -0.323192 -0.574335 0.667568 -0.346466 3.44136 1.33562 0.238619
data/frame-000415.color.jpg -0.310876 -0.554823 0.684501 -0.35635 3.48306 1.24047 0.401089
data/frame-000416.color.jpg -0.299097 -0.539412 0.69984 -0.360278 3.51182 1.15327 0.540654
data/frame-000417.color.jpg -0.290877 -0.526494 0.712419 -0.361462 3.53399 1.06658 0.645925
data/frame-000418.color.jpg -0.278403 -0.514241 0.72581 -0.36228 3.53604 0.980059 0.777297
data/frame-000419.color.jpg -0.251452 -0.495493 0.744083 -0.370945 3.4929 0.888336 1.03419
data/frame-000420.color.jpg -0.224251 -0.478753 0.76268 -0.372594 3.4227 0.77463 1.26716
data/frame-000421.color.jpg -0.21621 -0.469647 0.773152 -0.367316 3.39272 0.683623 1.33379
data/frame-000422.color.jpg -0.196368 -0.455075 0.785179 -0.371268 3.31992 0.617616 1.4761
data/frame-000423.color.jpg -0.197581 -0.456361 0.787969 -0.363045 3.32029 0.579567 1.4399
data/frame-000424.color.jpg -0.197994 -0.465206 0.790764 -0.345071 3.35282 0.544509 1.35062
data/frame-000425.color.jpg -0.181843 -0.436519 0.810198 -0.346357 3.31969 0.352005 1.50564
data/frame-000426.color.jpg -0.175043 -0.406992 0.825439 -0.349812 3.28607 0.178708 1.62626
data/frame-000427.color.jpg -0.168901 -0.373909 0.845127 -0.342672 3.26519 -0.0631381 1.72488
data/frame-000428.color.jpg -0.157088 -0.343867 0.859528 -0.343933 3.21026 -0.241025 1.86022
data/frame-000429.color.jpg -0.137876 -0.3072 0.872365 -0.354399 3.0796 -0.394492 2.07416
data/frame-000430.color.jpg -0.122076 -0.284696 0.881596 -0.356139 2.98645 -0.503528 2.20735
data/frame-000431.color.jpg -0.113383 -0.274407 0.885685 -0.356941 2.93302 -0.555171 2.26749
data/frame-000432.color.jpg -0.106414 -0.267265 0.887431 -0.360156 2.89239 -0.566306 2.31955
data/frame-000433.color.jpg -0.108172 -0.261488 0.885482 -0.36857 2.87038 -0.540374 2.33884
data/frame-000434.color.jpg -0.107383 -0.266632 0.883265 -0.370431 2.86473 -0.487141 2.32849
data/frame-000435.color.jpg -0.108617 -0.267263 0.879018 -0.379605 2.83561 -0.418853 2.33577
data/frame-000436.color.jpg -0.104278 -0.27453 0.876186 -0.382175 2.84178 -0.336128 2.33853
data/frame-000437.color.jpg -0.0908092 -0.247847 0.874858 -0.406138 2.70853 -0.297813 2.49016
data/frame-000438.color.jpg -0.0759938 -0.2198 0.880527 -0.413019 2.58816 -0.365649 2.62094
data/frame-000439.color.jpg -0.0829889 -0.202945 0.88809 -0.404007 2.60191 -0.497415 2.60547
data/frame-000440.color.jpg -0.0685909 -0.179173 0.889588 -0.414518 2.48998 -0.520512 2.72358
data/frame-000441.color.jpg -0.0580727 -0.154608 0.890807 -0.423305 2.36984 -0.548915 2.82234
data/frame-000442.color.jpg -0.0452157 -0.129583 0.888811 -0.437241 2.21733 -0.529263 2.95049
data/frame-000443.color.jpg -0.0294175 -0.118963 0.884761 -0.449644 2.12211 -0.466728 3.03475
data/frame-000444.color.jpg -0.0332193 -0.111866 0.884755 -0.451211 2.09634 -0.478207 3.04288
data/frame-000445.color.jpg -0.0302012 -0.108829 0.882205 -0.457119 2.0731 -0.43754 3.06316
data/frame-000446.color.jpg -0.0331918 -0.104077 0.879754 -0.462708 2.06457 -0.415853 3.0667
data/frame-000447.color.jpg -0.0277655 -0.0957362 0.876119 -0.471677 1.999 -0.3665 3.11054
data/frame-000448.color.jpg -0.0240732 -0.0886701 0.873273 -0.478489 1.94106 -0.323621 3.1454
data/frame-000449.color.jpg -0.0201552 -0.0829144 0.870105 -0.485424 1.89664 -0.286272 3.17411
data/frame-000450.color.jpg -0.0197994 -0.0836891 0.86738 -0.49016 1.88265 -0.237894 3.17874
data/frame-000451.color.jpg -0.0156406 -0.0860759 0.861408 -0.500322 1.84769 -0.132785 3.19945
data/frame-000452.color.jpg -0.00523887 -0.0827648 0.860415 -0.5028 1.7798 -0.108346 3.23582
data/frame-000453.color.jpg 0.000239628 -0.0803497 0.854421 -0.513331 1.73381 -0.018433 3.27558
data/frame-000454.color.jpg 0.00218371 -0.0702151 0.851216 -0.520093 1.67967 -0.0018778 3.30961
data/frame-000455.color.jpg 0.0139039 -0.0604351 0.851869 -0.520071 1.58725 -0.0155579 3.36408
data/frame-000456.color.jpg 0.007059 -0.061448 0.849259 -0.524341 1.61961 0.0125763 3.35321
data/frame-000457.color.jpg 0.00698789 -0.0612175 0.843817 -0.533082 1.61536 0.0779018 3.36591
data/frame-000458.color.jpg 0.00318474 -0.0591503 0.841582 -0.536871 1.61424 0.114182 3.36034
data/frame-000459.color.jpg -0.00315505 -0.0539867 0.831234 -0.553286 1.65033 0.224288 3.34523
data/frame-000460.color.jpg -0.0224684 -0.051329 0.823184 -0.565003 1.74516 0.292661 3.29262
data/frame-000461.color.jpg -0.013792 -0.048128 0.813633 -0.579219 1.68358 0.401813 3.32211
data/frame-000462.color.jpg -0.0111633 -0.0440401 0.81393 -0.579183 1.6284 0.397444 3.34216
data/frame-000463.color.jpg -0.000663647 -0.0362495 0.812401 -0.581971 1.53556 0.4092 3.38766
data/frame-000464.color.jpg 0.00923207 -0.0250691 0.815917 -0.577551 1.42406 0.35855 3.42732
data/frame-000465.color.jpg 0.0186069 -0.0173906 0.820765 -0.570698 1.33549 0.29477 3.46192
data/frame-000466.color.jpg 0.0297197 -0.00887742 0.823384 -0.566636 1.22438 0.227124 3.49067
data/frame-000467.color.jpg 0.0348483 0.00103975 0.833784 -0.550988 1.13528 0.0854289 3.50559
data/frame-000468.color.jpg 0.0416471 0.00951066 0.84201 -0.537768 1.05065 -0.0392514 3.51303
data/frame-000469.color.jpg 0.0518272 0.0243592 0.855279 -0.514993 0.912364 -0.251224 3.51782
data/frame-000470.color.jpg 0.0576341 0.0371923 0.865327 -0.496491 0.805504 -0.426364 3.50557
data/frame-000471.color.jpg 0.0616174 0.0505279 0.872694 -0.48172 0.711949 -0.560149 3.49205
data/frame-000472.color.jpg 0.0646354 0.0599654 0.876429 -0.47339 0.648543 -0.647132 3.48065
data/frame-000473.color.jpg 0.0635978 0.0651174 0.880845 -0.464573 0.619194 -0.728765 3.46147
data/frame-000474.color.jpg 0.0654193 0.0707436 0.884788 -0.455923 0.574027 -0.804158 3.45046
data/frame-000475.color.jpg 0.0678122 0.0747245 0.88958 -0.445495 0.534381 -0.88944 3.43339
data/frame-000476.color.jpg 0.0692766 0.0778552 0.89177 -0.440325 0.49969 -0.942844 3.41741
data/frame-000477.color.jpg 0.0722237 0.0809539 0.894435 -0.433839 0.469903 -0.992619 3.41148
data/frame-000478.color.jpg 0.0694308 0.0853444 0.896398 -0.429379 0.448513 -1.04 3.39761
data/frame-000479.color.jpg 0.072569 0.092166 0.897233 -0.425691 0.399427 -1.07235 3.39841
data/frame-000480.color.jpg 0.0727236 0.100171 0.898666 -0.420804 0.343918 -1.12753 3.39365
data/frame-000481.color.jpg 0.0794698 0.0976363 0.902834 -0.411147 0.313762 -1.1997 3.37202
data/frame-000482.color.jpg 0.0831556 0.0981394 0.907435 -0.400019 0.292774 -1.28349 3.34318
data/frame-000483.color.jpg 0.07665 0.0877565 0.916005 -0.383872 0.373725 -1.39795 3.28424
data/frame-000484.color.jpg 0.0731996 0.0717223 0.921801 -0.373872 0.44711 -1.44712 3.23531
data/frame-000485.color.jpg 0.0707802 0.0688436 0.92268 -0.37271 0.452414 -1.45719 3.21908
data/frame-000486.color.jpg 0.0694954 0.0679948 0.925182 -0.36686 0.435349 -1.50327 3.18574
data/frame-000487.color.jpg 0.0696844 0.0667684 0.925328 -0.366679 0.418885 -1.49861 3.18089
data/frame-000488.color.jpg 0.0679419 0.0736276 0.927045 -0.361319 0.36875 -1.53594 3.15577
data/frame-000489.color.jpg 0.0646849 0.0786739 0.930121 -0.352848 0.33444 -1.59746 3.11059
data/frame-000490.color.jpg 0.062732 0.0808309 0.931506 -0.349039 0.313726 -1.62721 3.08682
data/frame-000491.color.jpg 0.0615691 0.0838031 0.932097 -0.346961 0.28867 -1.63464 3.06564
data/frame-000492.color.jpg 0.0568053 0.0830807 0.933128 -0.345172 0.29549 -1.64566 3.04519
data/frame-000493.color.jpg 0.0592038 0.0817572 0.933078 -0.345219 0.278877 -1.6378 3.035
data/frame-000494.color.jpg 0.0710768 0.0826706 0.92229 -0.370803 0.190613 -1.43722 3.13424
data/frame-000495.color.jpg 0.0778054 0.0830361 0.919038 -0.377387 0.136319 -1.38586 3.15346
data/frame-000496.color.jpg 0.082521 0.0862095 0.9139 -0.388001 0.0857849 -1.30285 3.18483
data/frame-000497.color.jpg 0.0788868 0.0823681 0.909129 -0.400595 0.116735 -1.20911 3.2232
data/frame-000498.color.jpg 0.079089 0.0809498 0.905215 -0.409606 0.113296 -1.14015 3.2471
data/frame-000499.color.jpg 0.0899464 0.0884029 0.901846 -0.41324 0.0193558 -1.10029 3.26246
data/frame-000500.color.jpg 0.0995383 0.0966663 0.895847 -0.422145 -0.0797711 -1.02636 3.28583
data/frame-000501.color.jpg 0.105264 0.104319 0.89159 -0.427906 -0.14924 -0.972245 3.30261
data/frame-000502.color.jpg 0.108645 0.108853 0.889655 -0.429956 -0.196995 -0.954079 3.31102
data/frame-000503.color.jpg 0.0994065 0.110066 0.880777 -0.449706 -0.165963 -0.810808 3.35757
data/frame-000504.color.jpg 0.111345 0.115036 0.874069 -0.458663 -0.257704 -0.735592 3.3745
data/frame-000505.color.jpg 0.122259 0.122325 0.871103 -0.45964 -0.357561 -0.71529 3.37128
data/frame-000506.color.jpg 0.120833 0.135204 0.866726 -0.464655 -0.421974 -0.676043 3.37645
data/frame-000507.color.jpg 0.115814 0.12956 0.870456 -0.460552 -0.382044 -0.704024 3.37055
data/frame-000508.color.jpg 0.109877 0.127517 0.865005 -0.472686 -0.356014 -0.625345 3.40676
data/frame-000509.color.jpg 0.111515 0.135598 0.865309 -0.469486 -0.407828 -0.645005 3.39838
data/frame-000510.color.jpg 0.108813 0.144058 0.869752 -0.45928 -0.446535 -0.729995 3.37619
data/frame-000511.color.jpg 0.117998 0.154431 0.869498 -0.454094 -0.543328 -0.751162 3.35865
data/frame-000512.color.jpg 0.121957 0.159571 0.865623 -0.45865 -0.597177 -0.714062 3.36303
data/frame-000513.color.jpg 0.128742 0.170829 0.86537 -0.453186 -0.68113 -0.742062 3.33956
data/frame-000514.color.jpg 0.130227 0.177366 0.869699 -0.441821 -0.723472 -0.832544 3.30575
data/frame-000515.color.jpg 0.129875 0.187806 0.877473 -0.421784 -0.783645 -0.978086 3.24846
data/frame-000516.color.jpg 0.122928 0.204135 0.886268 -0.397174 -0.833362 -1.16121 3.17807
data/frame-000517.color.jpg 0.126618 0.212911 0.890924 -0.380646 -0.895734 -1.27142 3.11439
data/frame-000518.color.jpg 0.127988 0.219673 0.893533 -0.370083 -0.940978 -1.34656 3.06651
data/frame-000519.color.jpg 0.127514 0.222373 0.895063 -0.364901 -0.95291 -1.38666 3.04359
data/frame-000520.color.jpg 0.125501 0.209497 0.902461 -0.35486 -0.884512 -1.4881 3.00455
data/frame-000521.color.jpg 0.108772 0.181415 0.919473 -0.331401 -0.677031 -1.70062 2.94183
data/frame-000522.color.jpg 0.0892938 0.158392 0.931182 -0.315972 -0.479266 -1.84523 2.88554
data/frame-000523.color.jpg 0.0780627 0.146564 0.93876 -0.301918 -0.376053 -1.95074 2.8296
data/frame-000524.color.jpg 0.0674139 0.133501 0.942062 -0.300253 -0.265511 -1.98754 2.82182
data/frame-000525.color.jpg 0.0618267 0.131566 0.945703 -0.290711 -0.234442 -2.04123 2.77111
data/frame-000526.color.jpg 0.0539681 0.129919 0.947631 -0.286711 -0.193092 -2.07765 2.74989
data/frame-000527.color.jpg 0.0521535 0.126315 0.949549 -0.282279 -0.172467 -2.10729 2.72546
data/frame-000528.color.jpg 0.0526161 0.129021 0.950457 -0.277879 -0.188794 -2.12606 2.70559
data/frame-000529.color.jpg 0.0489383 0.126083 0.95204 -0.274461 -0.166918 -2.1561 2.68493
data/frame-000530.color.jpg 0.0446232 0.123131 0.954029 -0.269583 -0.148171 -2.19523 2.66265
data/frame-000531.color.jpg 0.0402179 0.12789 0.955702 -0.262032 -0.167897 -2.24027 2.6182
data/frame-000532.color.jpg 0.0395749 0.13226 0.960133 -0.243075 -0.214842 -2.34397 2.51867
data/frame-000533.color.jpg 0.0398589 0.140313 0.959235 -0.242058 -0.284935 -2.34347 2.50967
data/frame-000534.color.jpg 0.0436456 0.157885 0.955189 -0.246538 -0.423475 -2.30355 2.52142
data/frame-000535.color.jpg 0.0511476 0.171783 0.950559 -0.253598 -0.57253 -2.24317 2.54804
data/frame-000536.color.jpg 0.0552794 0.175692 0.947768 -0.260407 -0.639656 -2.17771 2.576
data/frame-000537.color.jpg 0.0572921 0.178941 0.94417 -0.270631 -0.680078 -2.09761 2.6273
data/frame-000538.color.jpg 0.0731643 0.186125 0.934928 -0.293113 -0.801319 -1.92548 2.71927
data/frame-000539.color.jpg 0.0806516 0.180422 0.929185 -0.312345 -0.820121 -1.78513 2.80703
data/frame-000540.color.jpg 0.0877301 0.177706 0.922382 -0.331564 -0.84273 -1.65641 2.88337
data/frame-000541.color.jpg 0.0863844 0.172344 0.917659 -0.347471 -0.817289 -1.54609 2.95083
data/frame-000542.color.jpg 0.0887579 0.168577 0.91461 -0.356641 -0.812196 -1.46329 2.98111
data/frame-000543.color.jpg 0.0898101 0.168845 0.910885 -0.365669 -0.82409 -1.38153 3.00628
data/frame-000544.color.jpg 0.0922514 0.167794 0.908942 -0.37035 -0.834503 -1.32601 3.00955
data/frame-000545.color.jpg 0.0914353 0.162807 0.906163 -0.379476 -0.806928 -1.24925 3.03137
data/frame-000546.color.jpg 0.0809985 0.15197 0.904737 -0.389608 -0.721302 -1.1622 3.05968
data/frame-000547.color.jpg 0.0820591 0.141343 0.902268 -0.399 -0.682678 -1.07885 3.07208
data/frame-000548.color.jpg 0.0846531 0.12945 0.899468 -0.408698 -0.645663 -1.00557 3.098
data/frame-000549.color.jpg 0.0725049 0.105028 0.897962 -0.421161 -0.492573 -0.91425 3.14417
data/frame-000550.color.jpg 0.08388 0.09201 0.897395 -0.423297 -0.501888 -0.891213 3.14719
data/frame-000551.color.jpg 0.0766862 0.0691446 0.894464 -0.435054 -0.405274 -0.812054 3.19444
data/frame-000552.color.jpg 0.0716723 0.0554514 0.89364 -0.43954 -0.372474 -0.765767 3.22379
data/frame-000553.color.jpg 0.0739439 0.0460834 0.888297 -0.450929 -0.371265 -0.674808 3.25848
data/frame-000554.color.jpg 0.0655262 0.0368042 0.884377 -0.460684 -0.312654 -0.601997 3.28498
data/frame-000555.color.jpg 0.055515 0.0359459 0.880969 -0.468529 -0.280032 -0.535365 3.30424
data/frame-000556.color.jpg 0.0479987 0.0339876 0.880249 -0.470853 -0.260287 -0.510799 3.31328
data/frame-000557.color.jpg 0.0376769 0.026032 0.879311 -0.474041 -0.202632 -0.491429 3.32307
data/frame-000558.color.jpg 0.0345333 0.0218653 0.877946 -0.477011 -0.191937 -0.470865 3.33318
data/frame-000559.color.jpg 0.0325361 0.00566263 0.87826 -0.477042 -0.133687 -0.472315 3.33706
data/frame-000560.color.jpg 0.0335261 -0.00233896 0.874872 -0.483187 -0.126866 -0.40777 3.34304
data/frame-000561.color.jpg 0.0352465 -0.00579142 0.87435 -0.48398 -0.141688 -0.376826 3.33715
data/frame-000562.color.jpg 0.0175566 -0.0184712 0.871831 -0.489143 -0.012052 -0.316468 3.32349
data/frame-000563.color.jpg 0.00173399 -0.0479448 0.871122 -0.488718 0.170977 -0.272513 3.28653
data/frame-000564.color.jpg -0.00329869 -0.0631763 0.860961 -0.504721 0.233519 -0.137609 3.27182
data/frame-000565.color.jpg -0.017318 -0.0761732 0.862851 -0.499385 0.330112 -0.174384 3.25354
data/frame-000566.color.jpg -0.030349 -0.0884321 0.862219 -0.497833 0.418889 -0.176658 3.24738
data/frame-000567.color.jpg -0.0365612 -0.103606 0.865227 -0.489194 0.475298 -0.228081 3.25797
data/frame-000568.color.jpg -0.0437835 -0.125879 0.868113 -0.478139 0.535365 -0.309587 3.27157
data/frame-000569.color.jpg -0.0379537 -0.143455 0.863242 -0.482487 0.535414 -0.297606 3.31376
data/frame-000570.color.jpg -0.0485802 -0.151323 0.873683 -0.459804 0.612846 -0.479731 3.30749
data/frame-000571.color.jpg -0.0545802 -0.163221 0.88257 -0.43755 0.695572 -0.667941 3.25798
data/frame-000572.color.jpg -0.0287106 -0.149629 0.892676 -0.424166 0.528106 -0.822164 3.24621
data/frame-000573.color.jpg -0.0450988 -0.126158 0.901911 -0.410617 0.518833 -0.947579 3.21084
data/frame-000574.color.jpg -0.0369288 -0.128448 0.912211 -0.387309 0.491863 -1.13171 3.17684
data/frame-000575.color.jpg -0.0330039 -0.131715 0.91905 -0.370013 0.450504 -1.30858 3.16995
data/frame-000576.color.jpg -0.0319623 -0.130719 0.922114 -0.362763 0.405698 -1.40506 3.17309
data/frame-000577.color.jpg -0.0375063 -0.13086 0.923721 -0.358063 0.404786 -1.47329 3.17325
data/frame-000578.color.jpg -0.0129819 -0.111592 0.926803 -0.358351 0.175014 -1.54019 3.2005
data/frame-000579.color.jpg -0.00026807 -0.0931571 0.934313 -0.344066 0.000410492 -1.66503 3.14856
data/frame-000580.color.jpg 0.0140032 -0.0652937 0.939543 -0.335857 -0.235703 -1.7552 3.11185
data/frame-000581.color.jpg 0.0191324 -0.0465715 0.941568 -0.333039 -0.375429 -1.77468 3.09388
data/frame-000582.color.jpg 0.0173289 -0.0128383 0.941356 -0.336724 -0.579905 -1.7317 3.0929
data/frame-000583.color.jpg 0.0288282 0.00561023 0.941509 -0.335706 -0.755088 -1.73029 3.06876
data/frame-000584.color.jpg 0.0374176 0.0182942 0.940648 -0.336817 -0.889916 -1.70399 3.04503
data/frame-000585.color.jpg 0.0490461 0.0406636 0.931352 -0.358503 -1.08638 -1.54433 3.09482
data/frame-000586.color.jpg 0.0687208 0.0487893 0.927735 -0.3636 -1.2227 -1.46981 3.06699
data/frame-000587.color.jpg 0.076943 0.0436406 0.923358 -0.37361 -1.25795 -1.38706 3.09842
data/frame-000588.color.jpg 0.0967654 0.0355163 0.916163 -0.387326 -1.32223 -1.29384 3.11527
data/frame-000589.color.jpg 0.103725 0.0409077 0.908312 -0.403158 -1.4109 -1.14957 3.1393
data/frame-000590.color.jpg 0.101368 0.0300685 0.9001 -0.422658 -1.36476 -1.0023 3.21594
data/frame-000591.color.jpg 0.116522 0.0194996 0.890603 -0.439169 -1.40418 -0.87981 3.23558
data/frame-000592.color.jpg 0.118493 0.0212459 0.881392 -0.45679 -1.43104 -0.728359 3.25993
data/frame-000593.color.jpg 0.119948 0.0319108 0.879593 -0.45925 -1.48527 -0.658433 3.21457
data/frame-000594.color.jpg 0.113309 0.0424849 0.874097 -0.470436 -1.48108 -0.516586 3.19149
data/frame-000595.color.jpg 0.107682 0.0549813 0.866096 -0.485035 -1.489 -0.338128 3.17603
data/frame-000596.color.jpg 0.10527 0.044983 0.853871 -0.50774 -1.44556 -0.163982 3.20656
data/frame-000597.color.jpg 0.0967914 0.0371509 0.852554 -0.512252 -1.38597 -0.120201 3.24606
data/frame-000598.color.jpg 0.099191 0.0312334 0.850185 -0.516111 -1.38101 -0.0975572 3.24393
data/frame-000599.color.jpg 0.0961282 0.0166792 0.847204 -0.522232 -1.2984 -0.0391819 3.26768
data/frame-000600.color.jpg 0.0776401 0.00343721 0.845088 -0.528948 -1.13538 0.0236598 3.31877
data/frame-000601.color.jpg 0.0665915 -0.0109348 0.842823 -0.533944 -1.01147 0.0640439 3.35808
data/frame-000602.color.jpg 0.0593014 -0.019279 0.83892 -0.540671 -0.934686 0.11389 3.38773
data/frame-000603.color.jpg 0.0512447 -0.0276568 0.838169 -0.542293 -0.856352 0.132023 3.42722
data/frame-000604.color.jpg 0.0252393 -0.0588836 0.840213 -0.538459 -0.595158 0.0570301 3.56063
data/frame-000605.color.jpg 0.0119491 -0.066456 0.835619 -0.545143 -0.446501 0.102293 3.62646
data/frame-000606.color.jpg 0.00747975 -0.0590575 0.837806 -0.542713 -0.403001 0.0863351 3.65111
data/frame-000607.color.jpg 0.002839 -0.0552853 0.835121 -0.547274 -0.352935 0.127345 3.6811
data/frame-000608.color.jpg 0.00260941 -0.0556787 0.831083 -0.553348 -0.314581 0.169179 3.70148
data/frame-000609.color.jpg -0.0055074 -0.0684836 0.824767 -0.561284 -0.198194 0.236461 3.73082
data/frame-000610.color.jpg -0.00683755 -0.0755547 0.821242 -0.565514 -0.14973 0.288582 3.74905
data/frame-000611.color.jpg -0.00805239 -0.0812292 0.816213 -0.571956 -0.120812 0.347571 3.75228
data/frame-000612.color.jpg -0.0126958 -0.0824253 0.807625 -0.583769 -0.0918938 0.452844 3.74238
data/frame-000613.color.jpg -0.0172773 -0.0862301 0.795445 -0.599611 -0.0514772 0.617103 3.72148
data/frame-000614.color.jpg -0.0157846 -0.0840918 0.782871 -0.616273 -0.0735537 0.772576 3.69987
data/frame-000615.color.jpg -0.0154349 -0.0833207 0.776034 -0.624972 -0.0858291 0.849581 3.68339
data/frame-000616.color.jpg -0.0127413 -0.0821703 0.771614 -0.630633 -0.118362 0.911522 3.6733
data/frame-000617.color.jpg -0.00585389 -0.0769343 0.769277 -0.63424 -0.174475 0.947209 3.66357
data/frame-000618.color.jpg -0.00573422 -0.0772537 0.763178 -0.641528 -0.190741 1.01537 3.64401
data/frame-000619.color.jpg 0.00408177 -0.0739483 0.754659 -0.651924 -0.270247 1.08877 3.60588
data/frame-000620.color.jpg 0.00783224 -0.0688466 0.751484 -0.656103 -0.299715 1.13025 3.59296
data/frame-000621.color.jpg 0.00497447 -0.0707695 0.750525 -0.657023 -0.29081 1.14117 3.58659
data/frame-000622.color.jpg 0.00927444 -0.0662808 0.752181 -0.655549 -0.322618 1.13012 3.58813
data/frame-000623.color.jpg 0.00887573 -0.0655919 0.753535 -0.654068 -0.336003 1.12355 3.59004
