data/frame-000000.color.jpg 0.324022 0.799476 -0.456741 0.217338 0.783841 1.57976 0.203885
data/frame-000001.color.jpg 0.321365 0.797816 -0.460796 0.218819 0.794029 1.56904 0.21239
data/frame-000002.color.jpg 0.318666 0.793799 -0.459143 0.239841 0.786738 1.5782 0.208882
data/frame-000003.color.jpg 0.314613 0.791751 -0.464 0.242596 0.799227 1.56837 0.225857
data/frame-000004.color.jpg 0.310896 0.791048 -0.468209 0.241593 0.810346 1.56769 0.240783
data/frame-000005.color.jpg 0.311693 0.789425 -0.47064 0.241148 0.81147 1.56024 0.242464
data/frame-000006.color.jpg 0.308885 0.788364 -0.474157 0.241346 0.818212 1.55467 0.253447
data/frame-000007.color.jpg 0.309087 0.784561 -0.480012 0.241906 0.83895 1.53872 0.247423
data/frame-000008.color.jpg 0.305121 0.784516 -0.483925 0.239276 0.848047 1.53676 0.263549
data/frame-000009.color.jpg 0.304336 0.784718 -0.485535 0.236333 0.848246 1.53966 0.265258
data/frame-000010.color.jpg 0.307568 0.781482 -0.485071 0.24371 0.852967 1.5458 0.253715
data/frame-000011.color.jpg 0.311969 0.78002 -0.483423 0.246061 0.845902 1.55242 0.237133
data/frame-000012.color.jpg 0.321738 0.773817 -0.482695 0.254357 0.852455 1.55486 0.200491
data/frame-000013.color.jpg 0.327802 0.770437 -0.482184 0.257821 0.851128 1.55816 0.17739
data/frame-000014.color.jpg 0.33505 0.766103 -0.482388 0.261019 0.860061 1.55883 0.152569
data/frame-000015.color.jpg 0.340755 0.760258 -0.484506 0.266735 0.872536 1.56098 0.135284
data/frame-000016.color.jpg 0.34294 0.756791 -0.486391 0.270339 0.876523 1.57226 0.134326
data/frame-000017.color.jpg 0.351027 0.752036 -0.48547 0.274846 0.875197 1.5674 0.10529
data/frame-000018.color.jpg 0.357505 0.74316 -0.489052 0.284132 0.896732 1.57263 0.0784329
data/frame-000019.color.jpg 0.364228 0.739426 -0.487182 0.288516 0.887378 1.58158 0.0582711
data/frame-000020.color.jpg 0.368673 0.732958 -0.489069 0.296082 0.90051 1.59058 0.038765
data/frame-000021.color.jpg 0.376322 0.727209 -0.488396 0.301691 0.898109 1.59781 0.013751
data/frame-000022.color.jpg 0.383229 0.71909 -0.488772 0.311683 0.900696 1.6068 -0.0146104
data/frame-000023.color.jpg 0.389888 0.712201 -0.489468 0.318086 0.906554 1.60348 -0.0415144
data/frame-000024.color.jpg 0.398625 0.702675 -0.490567 0.326634 0.917877 1.60422 -0.0760243
data/frame-000025.color.jpg 0.405939 0.695327 -0.489588 0.334721 0.914678 1.60627 -0.111237
data/frame-000026.color.jpg 0.407405 0.689791 -0.491361 0.341723 0.923829 1.61031 -0.117469
data/frame-000027.color.jpg 0.408025 0.685222 -0.492727 0.348146 0.920196 1.61341 -0.12682
data/frame-000028.color.jpg 0.413043 0.676208 -0.49493 0.356628 0.938145 1.60586 -0.151952
data/frame-000029.color.jpg 0.415377 0.672623 -0.494663 0.361038 0.933349 1.60638 -0.167133
data/frame-000030.color.jpg 0.419498 0.668931 -0.493843 0.364242 0.93351 1.61201 -0.19128
data/frame-000031.color.jpg 0.426422 0.662109 -0.494168 0.368203 0.941135 1.60496 -0.226839
data/frame-000032.color.jpg 0.432691 0.659611 -0.49034 0.370483 0.931569 1.59934 -0.266885
data/frame-000033.color.jpg 0.435249 0.662849 -0.485071 0.36864 0.901621 1.61157 -0.293123
data/frame-000034.color.jpg 0.442845 0.663735 -0.480843 0.363503 0.882329 1.61852 -0.33441
data/frame-000035.color.jpg 0.445773 0.663607 -0.478089 0.363789 0.867549 1.61052 -0.352038
data/frame-000036.color.jpg 0.447032 0.662275 -0.476727 0.36645 0.852266 1.61445 -0.379349
data/frame-000037.color.jpg 0.454248 0.660779 -0.47351 0.364441 0.831612 1.60904 -0.418516
data/frame-000038.color.jpg 0.472412 0.653383 -0.466039 0.364315 0.791963 1.57604 -0.51406
data/frame-000039.color.jpg 0.485393 0.650379 -0.45618 0.365102 0.754025 1.55345 -0.578594
data/frame-000040.color.jpg 0.486393 0.651639 -0.454118 0.364097 0.742007 1.55684 -0.58612
data/frame-000041.color.jpg 0.49832 0.650699 -0.444088 0.362013 0.70696 1.53368 -0.645902
data/frame-000042.color.jpg 0.501923 0.653217 -0.440437 0.356926 0.68798 1.53272 -0.65746
data/frame-000043.color.jpg 0.503071 0.656643 -0.438307 0.351604 0.670153 1.5301 -0.665851
data/frame-000044.color.jpg 0.504448 0.656224 -0.437044 0.351986 0.66595 1.52015 -0.672868
data/frame-000045.color.jpg 0.504975 0.660199 -0.434669 0.346699 0.64258 1.51656 -0.680301
data/frame-000046.color.jpg 0.506845 0.662907 -0.436577 0.336247 0.630244 1.49541 -0.687786
data/frame-000047.color.jpg 0.501015 0.66513 -0.442676 0.332601 0.645703 1.50423 -0.666276
data/frame-000048.color.jpg 0.50022 0.667524 -0.444042 0.327138 0.635693 1.5012 -0.660735
data/frame-000049.color.jpg 0.496688 0.67045 -0.444761 0.325552 0.623606 1.50033 -0.651289
data/frame-000050.color.jpg 0.493546 0.670993 -0.446941 0.326229 0.630353 1.50428 -0.641544
data/frame-000051.color.jpg 0.479409 0.676175 -0.456901 0.322793 0.638258 1.52343 -0.59609
data/frame-000052.color.jpg 0.475022 0.676751 -0.459932 0.323765 0.637264 1.51916 -0.582874
data/frame-000053.color.jpg 0.47284 0.676526 -0.460738 0.326276 0.627967 1.51364 -0.584857
data/frame-000054.color.jpg 0.467929 0.675408 -0.464827 0.329853 0.64013 1.51995 -0.573373
data/frame-000055.color.jpg 0.468128 0.675829 -0.461427 0.333461 0.615589 1.52607 -0.59103
data/frame-000056.color.jpg 0.467948 0.671923 -0.465329 0.336174 0.633476 1.53277 -0.59394
data/frame-000057.color.jpg 0.460601 0.664241 -0.474482 0.348564 0.666547 1.53555 -0.589807
data/frame-000058.color.jpg 0.450483 0.660726 -0.484362 0.354823 0.70223 1.55115 -0.5661
data/frame-000059.color.jpg 0.439004 0.650322 -0.501643 0.364296 0.779822 1.55919 -0.549228
data/frame-000060.color.jpg 0.440219 0.645857 -0.504672 0.366581 0.801517 1.54925 -0.559635
data/frame-000061.color.jpg 0.431626 0.627901 -0.530607 0.371345 0.937123 1.54199 -0.546506
data/frame-000062.color.jpg 0.424994 0.611352 -0.54787 0.381401 1.04591 1.53305 -0.546834
data/frame-000063.color.jpg 0.426702 0.604029 -0.551799 0.385477 1.08033 1.51953 -0.561022
data/frame-000064.color.jpg 0.425417 0.58665 -0.560069 0.401477 1.1528 1.48819 -0.576884
data/frame-000065.color.jpg 0.413028 0.576212 -0.570427 0.414729 1.20165 1.47355 -0.543485
data/frame-000066.color.jpg -0.407171 -0.573792 0.574555 -0.418165 1.21737 1.47479 -0.522269
data/frame-000067.color.jpg -0.379829 -0.551932 0.594403 -0.444732 1.29544 1.45106 -0.432331
data/frame-000068.color.jpg -0.372255 -0.543235 0.599235 -0.455236 1.31492 1.433 -0.409592
data/frame-000069.color.jpg -0.361009 -0.536306 0.604946 -0.464854 1.33819 1.42174 -0.371109
data/frame-000070.color.jpg -0.35685 -0.535248 0.604598 -0.469711 1.33997 1.41907 -0.363635
data/frame-000071.color.jpg -0.346305 -0.53781 0.602413 -0.477423 1.3261 1.43414 -0.343451
data/frame-000072.color.jpg -0.340315 -0.541626 0.598852 -0.481875 1.30193 1.44884 -0.335912
data/frame-000073.color.jpg -0.335596 -0.540969 0.600833 -0.483454 1.30213 1.45 -0.316235
data/frame-000074.color.jpg -0.334816 -0.541084 0.601385 -0.48318 1.30018 1.45038 -0.312117
data/frame-000075.color.jpg -0.334659 -0.531287 0.611794 -0.481087 1.32967 1.41714 -0.277958
data/frame-000076.color.jpg -0.334258 -0.527818 0.617823 -0.477466 1.34051 1.3989 -0.253447
data/frame-000077.color.jpg -0.32683 -0.523228 0.631668 -0.469479 1.35834 1.36909 -0.183204
data/frame-000078.color.jpg -0.318542 -0.526242 0.639957 -0.460494 1.34466 1.36207 -0.114435
data/frame-000079.color.jpg -0.314678 -0.527105 0.642261 -0.458954 1.34162 1.36568 -0.0871936
data/frame-000080.color.jpg -0.323029 -0.532681 0.641165 -0.44812 1.32295 1.35339 -0.0795243
data/frame-000081.color.jpg -0.32431 -0.535977 0.64044 -0.444283 1.31141 1.34982 -0.0740577
data/frame-000082.color.jpg -0.319075 -0.543549 0.640696 -0.438469 1.2844 1.35853 -0.0339747
data/frame-000083.color.jpg -0.31851 -0.552014 0.638752 -0.431077 1.24816 1.36023 0.000701374
data/frame-000084.color.jpg -0.325211 -0.559097 0.630759 -0.428709 1.2112 1.35612 -0.00390228
data/frame-000085.color.jpg -0.327974 -0.5713 0.623671 -0.420814 1.17478 1.38183 0.0187013
data/frame-000086.color.jpg -0.33093 -0.57623 0.617795 -0.420444 1.15438 1.39492 0.0253797
data/frame-000087.color.jpg -0.346636 -0.58424 0.608038 -0.410849 1.12602 1.39972 0.032865
data/frame-000088.color.jpg -0.349741 -0.589877 0.601992 -0.409063 1.11355 1.42064 0.0408638
data/frame-000089.color.jpg -0.354656 -0.594092 0.595828 -0.407755 1.09834 1.43933 0.0448692
data/frame-000090.color.jpg 0.358532 0.597797 -0.590401 0.406842 1.08158 1.45768 0.0417444
data/frame-000091.color.jpg 0.364579 0.596922 -0.589607 0.403894 1.09826 1.47023 0.0408011
data/frame-000092.color.jpg 0.370567 0.602229 -0.582271 0.401199 1.08433 1.4807 0.0269173
data/frame-000093.color.jpg 0.370385 0.605556 -0.58146 0.397519 1.07434 1.49617 0.0276907
data/frame-000094.color.jpg 0.372966 0.604705 -0.578193 0.401151 1.08336 1.50851 0.0185257
data/frame-000095.color.jpg 0.38504 0.603537 -0.572663 0.39943 1.08482 1.50687 -0.0251449
data/frame-000096.color.jpg 0.395965 0.600087 -0.569742 0.398122 1.0942 1.49991 -0.0578457
data/frame-000097.color.jpg 0.39983 0.598336 -0.568515 0.398649 1.10064 1.51078 -0.0701195
data/frame-000098.color.jpg 0.405652 0.596328 -0.564232 0.401848 1.09337 1.51552 -0.0975401
data/frame-000099.color.jpg 0.411524 0.591136 -0.561097 0.407892 1.08711 1.54526 -0.125461
data/frame-000100.color.jpg 0.414848 0.585067 -0.559618 0.415241 1.09196 1.54174 -0.143412
data/frame-000101.color.jpg 0.417263 0.579296 -0.557691 0.423425 1.08306 1.54249 -0.160688
data/frame-000102.color.jpg 0.417069 0.57761 -0.557676 0.425932 1.08137 1.54203 -0.162372
data/frame-000103.color.jpg 0.413435 0.569801 -0.561925 0.434327 1.09676 1.54812 -0.150008
data/frame-000104.color.jpg 0.416385 0.563373 -0.561066 0.440953 1.09776 1.53168 -0.16722
data/frame-000105.color.jpg -0.415068 -0.559577 0.562904 -0.44467 1.09697 1.53801 -0.165066
data/frame-000106.color.jpg -0.417312 -0.554602 0.562029 -0.449879 1.10235 1.53043 -0.180249
data/frame-000107.color.jpg -0.414966 -0.547229 0.563616 -0.459 1.09829 1.5414 -0.177456
data/frame-000108.color.jpg -0.417736 -0.542521 0.562813 -0.463043 1.10294 1.53855 -0.189573
data/frame-000109.color.jpg -0.421414 -0.539088 0.561232 -0.465632 1.10708 1.52744 -0.20385
data/frame-000110.color.jpg -0.422545 -0.538737 0.560611 -0.465762 1.1063 1.53164 -0.208607
data/frame-000111.color.jpg -0.426703 -0.536853 0.558361 -0.466848 1.10853 1.52708 -0.224472
data/frame-000112.color.jpg -0.429943 -0.535438 0.556489 -0.467735 1.11935 1.52816 -0.236011
data/frame-000113.color.jpg -0.436634 -0.538828 0.551867 -0.463096 1.11183 1.53236 -0.258382
data/frame-000114.color.jpg -0.445784 -0.541093 0.544201 -0.460804 1.11565 1.52544 -0.292751
data/frame-000115.color.jpg 0.447686 0.546075 -0.542245 0.455357 1.11329 1.53486 -0.295546
data/frame-000116.color.jpg 0.455602 0.556191 -0.533743 0.445193 1.10762 1.53106 -0.323524
data/frame-000117.color.jpg 0.45881 0.557764 -0.530234 0.444122 1.1065 1.51695 -0.340828
data/frame-000118.color.jpg 0.457869 0.560498 -0.530089 0.441819 1.11244 1.5226 -0.333996
data/frame-000119.color.jpg 0.457343 0.567136 -0.52891 0.435256 1.11002 1.52989 -0.328673
data/frame-000120.color.jpg 0.462435 0.57096 -0.524803 0.429814 1.1019 1.5225 -0.350022
data/frame-000121.color.jpg 0.466509 0.572221 -0.520926 0.428449 1.10374 1.52128 -0.366762
data/frame-000122.color.jpg 0.469939 0.582581 -0.515834 0.416739 1.09845 1.52206 -0.370929
data/frame-000123.color.jpg 0.468664 0.587687 -0.514692 0.412395 1.09462 1.52706 -0.365984
data/frame-000124.color.jpg 0.469539 0.595902 -0.511298 0.403743 1.07887 1.52996 -0.363175
data/frame-000125.color.jpg 0.466878 0.599427 -0.511625 0.401189 1.08072 1.53591 -0.351984
data/frame-000126.color.jpg 0.467666 0.604382 -0.509091 0.396027 1.06545 1.53631 -0.3532
data/frame-000127.color.jpg 0.465177 0.612422 -0.507414 0.388691 1.05079 1.53832 -0.337064
data/frame-000128.color.jpg 0.454497 0.622703 -0.510641 0.380683 1.03423 1.54673 -0.281445
data/frame-000129.color.jpg 0.447954 0.627672 -0.514536 0.37499 1.02581 1.53978 -0.244833
data/frame-000130.color.jpg 0.443067 0.626852 -0.519534 0.375277 1.03613 1.51793 -0.220879
data/frame-000131.color.jpg 0.422903 0.622283 -0.54283 0.373164 1.07411 1.49051 -0.113916
data/frame-000132.color.jpg 0.408442 0.620569 -0.557331 0.370745 1.09358 1.49075 -0.0401306
data/frame-000133.color.jpg 0.393029 0.612583 -0.574573 0.374349 1.1264 1.46295 0.0310303
data/frame-000134.color.jpg 0.392979 0.610876 -0.57621 0.374672 1.12362 1.44798 0.0341543
data/frame-000135.color.jpg 0.37983 0.603316 -0.591377 0.376844 1.15906 1.42234 0.0971037
data/frame-000136.color.jpg -0.37581 -0.594437 0.605877 -0.371919 1.18221 1.37874 0.140034
data/frame-000137.color.jpg -0.359513 -0.58704 0.62305 -0.371407 1.2164 1.34768 0.221144
data/frame-000138.color.jpg -0.349965 -0.581866 0.634457 -0.369351 1.23025 1.32343 0.27744
data/frame-000139.color.jpg -0.339008 -0.575545 0.643798 -0.373289 1.23096 1.28607 0.330922
data/frame-000140.color.jpg -0.330546 -0.571672 0.654119 -0.368862 1.23178 1.2647 0.383724
data/frame-000141.color.jpg -0.325744 -0.562791 0.662791 -0.371303 1.2322 1.22366 0.412231
data/frame-000142.color.jpg -0.310742 -0.538129 0.685907 -0.378666 1.25824 1.14576 0.509593
data/frame-000143.color.jpg -0.300668 -0.530498 0.698737 -0.37408 1.26995 1.10542 0.565575
data/frame-000144.color.jpg -0.288411 -0.523424 0.712016 -0.368619 1.27523 1.0543 0.625088
data/frame-000145.color.jpg -0.284262 -0.521265 0.715788 -0.367595 1.27836 1.0428 0.644404
data/frame-000146.color.jpg -0.268775 -0.516144 0.729672 -0.359074 1.27105 0.983301 0.70649
data/frame-000147.color.jpg -0.26304 -0.51519 0.732666 -0.358595 1.26454 0.969819 0.724917
data/frame-000148.color.jpg -0.25336 -0.513703 0.738501 -0.355717 1.25718 0.945411 0.756682
data/frame-000149.color.jpg -0.245298 -0.513527 0.743123 -0.351976 1.24387 0.92486 0.777825
data/frame-000150.color.jpg -0.242267 -0.510525 0.747267 -0.34966 1.24084 0.899172 0.783838
data/frame-000151.color.jpg -0.24038 -0.510921 0.749995 -0.344506 1.238 0.881545 0.790375
data/frame-000152.color.jpg -0.235581 -0.514486 0.751999 -0.338086 1.22859 0.86602 0.796599
data/frame-000153.color.jpg -0.241185 -0.526772 0.744222 -0.332378 1.1907 0.861814 0.751247
data/frame-000154.color.jpg -0.241629 -0.531129 0.74246 -0.329045 1.17709 0.87436 0.742368
data/frame-000155.color.jpg -0.236614 -0.537328 0.739376 -0.32957 1.15102 0.88475 0.749816
data/frame-000156.color.jpg -0.235995 -0.53877 0.738399 -0.329849 1.13611 0.88665 0.745766
data/frame-000157.color.jpg -0.232761 -0.537945 0.739432 -0.331176 1.11153 0.887204 0.748132
data/frame-000158.color.jpg -0.233412 -0.536339 0.73915 -0.333942 1.09868 0.884901 0.747063
data/frame-000159.color.jpg -0.228902 -0.535082 0.740757 -0.335515 1.07751 0.88368 0.755867
data/frame-000160.color.jpg -0.224414 -0.532274 0.742443 -0.339266 1.05334 0.879834 0.76276
data/frame-000161.color.jpg -0.223768 -0.531232 0.743421 -0.339184 1.03658 0.87713 0.766661
data/frame-000162.color.jpg -0.220271 -0.526756 0.745952 -0.342875 1.00976 0.869278 0.772835
data/frame-000163.color.jpg -0.222648 -0.522306 0.747029 -0.345791 0.996151 0.863124 0.769157
data/frame-000164.color.jpg -0.223753 -0.517988 0.748886 -0.347552 0.987876 0.859805 0.766951
data/frame-000165.color.jpg -0.22827 -0.510735 0.751701 -0.349269 0.963142 0.842323 0.76808
data/frame-000166.color.jpg -0.222067 -0.510672 0.754787 -0.346693 0.959271 0.844899 0.781431
data/frame-000167.color.jpg -0.222522 -0.507291 0.757053 -0.346427 0.949652 0.832735 0.784003
data/frame-000168.color.jpg -0.222917 -0.50371 0.759507 -0.346026 0.943584 0.820463 0.787435
data/frame-000169.color.jpg -0.218327 -0.50016 0.763218 -0.345936 0.941267 0.814594 0.798204
data/frame-000170.color.jpg -0.217248 -0.493653 0.766664 -0.348333 0.934591 0.799626 0.802006
data/frame-000171.color.jpg -0.213537 -0.48959 0.769961 -0.349091 0.923375 0.796701 0.815356
data/frame-000172.color.jpg -0.210156 -0.484271 0.773171 -0.351458 0.910177 0.793691 0.822353
data/frame-000173.color.jpg -0.207922 -0.480015 0.775468 -0.353558 0.897937 0.791861 0.823084
data/frame-000174.color.jpg -0.207834 -0.47597 0.777226 -0.355214 0.89121 0.78868 0.824093
data/frame-000175.color.jpg -0.201157 -0.469681 0.780654 -0.359881 0.860994 0.789871 0.831033
data/frame-000176.color.jpg -0.19532 -0.469778 0.780616 -0.363039 0.840276 0.800175 0.835028
data/frame-000177.color.jpg -0.19232 -0.469477 0.779346 -0.367729 0.8199 0.8124 0.830305
data/frame-000178.color.jpg -0.185169 -0.470356 0.778306 -0.372447 0.788549 0.829787 0.832493
data/frame-000179.color.jpg -0.18225 -0.468077 0.778493 -0.376348 0.768044 0.838571 0.83043
data/frame-000180.color.jpg -0.18068 -0.461289 0.782738 -0.376681 0.752958 0.834173 0.826215
data/frame-000181.color.jpg -0.178596 -0.454325 0.786413 -0.378479 0.743205 0.834533 0.829158
data/frame-000182.color.jpg -0.174848 -0.446381 0.790872 -0.380385 0.727854 0.837939 0.826568
data/frame-000183.color.jpg -0.175616 -0.444683 0.790579 -0.382623 0.723696 0.839282 0.817551
data/frame-000184.color.jpg -0.178292 -0.428244 0.796069 -0.388707 0.708226 0.851045 0.784788
data/frame-000185.color.jpg -0.17986 -0.425687 0.796252 -0.390414 0.69422 0.855106 0.758007
data/frame-000186.color.jpg -0.188839 -0.42262 0.792638 -0.396809 0.684471 0.869341 0.709147
data/frame-000187.color.jpg -0.194218 -0.42508 0.788274 -0.400263 0.67509 0.88259 0.679922
data/frame-000188.color.jpg -0.190478 -0.431579 0.782559 -0.406276 0.646434 0.895108 0.657336
data/frame-000189.color.jpg -0.19474 -0.43268 0.777166 -0.413373 0.629082 0.897603 0.618704
data/frame-000190.color.jpg -0.197611 -0.435801 0.77608 -0.410764 0.621169 0.891311 0.611574
data/frame-000191.color.jpg -0.210628 -0.438282 0.771245 -0.410761 0.618275 0.886693 0.580718
data/frame-000192.color.jpg -0.224935 -0.438741 0.767232 -0.410203 0.622574 0.884708 0.556129
data/frame-000193.color.jpg -0.240987 -0.446138 0.760043 -0.406473 0.618762 0.890966 0.530816
data/frame-000194.color.jpg -0.245306 -0.449427 0.756634 -0.406627 0.61305 0.89205 0.523454
data/frame-000195.color.jpg -0.250793 -0.486725 0.735331 -0.399362 0.545027 0.922982 0.52107
data/frame-000196.color.jpg -0.259028 -0.504297 0.717343 -0.40498 0.504827 0.955608 0.501163
data/frame-000197.color.jpg -0.268025 -0.507895 0.705114 -0.415955 0.482734 0.988161 0.474969
data/frame-000198.color.jpg -0.273031 -0.508013 0.699 -0.422819 0.462826 1.00714 0.464062
data/frame-000199.color.jpg -0.278608 -0.503507 0.695982 -0.429497 0.444664 1.02596 0.460072
data/frame-000200.color.jpg -0.274541 -0.504615 0.693762 -0.43438 0.416405 1.04133 0.464099
data/frame-000201.color.jpg -0.276917 -0.500203 0.692506 -0.439942 0.411101 1.05341 0.458241
data/frame-000202.color.jpg -0.279474 -0.49868 0.690951 -0.442493 0.40593 1.06611 0.45866
data/frame-000203.color.jpg -0.283335 -0.495326 0.689617 -0.445872 0.407831 1.08131 0.44847
data/frame-000204.color.jpg -0.288402 -0.492136 0.689204 -0.446793 0.413579 1.08739 0.443931
data/frame-000205.color.jpg -0.287777 -0.490158 0.689971 -0.448184 0.420251 1.08747 0.443535
data/frame-000206.color.jpg -0.294391 -0.48952 0.684976 -0.45223 0.411313 1.11004 0.434967
data/frame-000207.color.jpg -0.300412 -0.484878 0.68158 -0.458362 0.419694 1.12055 0.412173
data/frame-000208.color.jpg -0.301814 -0.485378 0.680552 -0.458439 0.41582 1.13155 0.421242
data/frame-000209.color.jpg -0.307078 -0.485408 0.677862 -0.458896 0.415966 1.13751 0.409451
data/frame-000210.color.jpg -0.30699 -0.48656 0.676748 -0.459379 0.418041 1.14714 0.408713
data/frame-000211.color.jpg -0.312326 -0.486146 0.675881 -0.457492 0.423351 1.15575 0.410988
data/frame-000212.color.jpg -0.31302 -0.486185 0.674008 -0.459735 0.420202 1.16968 0.407386
data/frame-000213.color.jpg -0.314775 -0.484792 0.672584 -0.462088 0.418945 1.17147 0.40181
data/frame-000214.color.jpg -0.320474 -0.47993 0.673533 -0.461863 0.428717 1.18193 0.398546
data/frame-000215.color.jpg -0.324585 -0.476477 0.675946 -0.459032 0.431864 1.18407 0.400946
data/frame-000216.color.jpg -0.325133 -0.474459 0.674893 -0.462273 0.429499 1.18945 0.397416
data/frame-000217.color.jpg -0.327231 -0.473085 0.673052 -0.464879 0.420615 1.19488 0.391818
data/frame-000218.color.jpg -0.323048 -0.475194 0.673505 -0.464997 0.405451 1.20234 0.401329
data/frame-000219.color.jpg -0.324028 -0.473893 0.672554 -0.467014 0.400484 1.21371 0.400537
data/frame-000220.color.jpg -0.326584 -0.470631 0.670703 -0.471175 0.400888 1.21383 0.386065
data/frame-000221.color.jpg -0.325854 -0.467231 0.672474 -0.472538 0.405213 1.23357 0.390077
data/frame-000222.color.jpg -0.335045 -0.460165 0.666822 -0.480979 0.418222 1.25123 0.36445
data/frame-000223.color.jpg -0.345959 -0.456537 0.661378 -0.484217 0.434671 1.26218 0.341419
data/frame-000224.color.jpg -0.352661 -0.456322 0.656034 -0.486847 0.432913 1.26436 0.325315
data/frame-000225.color.jpg -0.352851 -0.456434 0.655634 -0.487143 0.433215 1.26803 0.325581
data/frame-000226.color.jpg -0.353272 -0.456412 0.652346 -0.491256 0.430849 1.27334 0.317541
data/frame-000227.color.jpg -0.352673 -0.457546 0.650878 -0.492577 0.428249 1.26868 0.328812
data/frame-000228.color.jpg -0.345126 -0.461925 0.655074 -0.488253 0.421035 1.26487 0.353977
data/frame-000229.color.jpg -0.34329 -0.463279 0.656925 -0.485771 0.418233 1.26373 0.364657
data/frame-000230.color.jpg -0.339488 -0.464779 0.658954 -0.484261 0.41361 1.26586 0.377712
data/frame-000231.color.jpg -0.329202 -0.463914 0.666453 -0.481924 0.402883 1.25922 0.408882
data/frame-000232.color.jpg -0.322604 -0.46387 0.670312 -0.481075 0.384032 1.25492 0.430322
data/frame-000233.color.jpg -0.318727 -0.465483 0.673208 -0.478048 0.376707 1.25949 0.446193
data/frame-000234.color.jpg -0.310972 -0.462788 0.677125 -0.480234 0.366931 1.25081 0.458815
data/frame-000235.color.jpg -0.296524 -0.459347 0.690655 -0.473359 0.339786 1.23822 0.504477
data/frame-000236.color.jpg -0.286594 -0.457134 0.695926 -0.473898 0.322738 1.22913 0.522335
data/frame-000237.color.jpg -0.281247 -0.458122 0.699777 -0.470464 0.317308 1.23042 0.538918
data/frame-000238.color.jpg -0.271628 -0.452602 0.708572 -0.468289 0.304593 1.22028 0.561888
data/frame-000239.color.jpg -0.2591 -0.438312 0.725245 -0.463433 0.284675 1.19457 0.600899
data/frame-000240.color.jpg -0.249392 -0.431218 0.735801 -0.45875 0.277056 1.17952 0.628231
data/frame-000241.color.jpg -0.241157 -0.421138 0.746152 -0.455789 0.262259 1.17268 0.645119
data/frame-000242.color.jpg -0.2349 -0.409933 0.754534 -0.455472 0.244797 1.17609 0.646369
data/frame-000243.color.jpg -0.237986 -0.404322 0.756688 -0.455314 0.240907 1.17664 0.628585
data/frame-000244.color.jpg -0.242486 -0.406998 0.756465 -0.450903 0.215364 1.18774 0.610236
data/frame-000245.color.jpg -0.240956 -0.407993 0.756916 -0.450066 0.201983 1.18709 0.606808
data/frame-000246.color.jpg -0.216983 -0.413363 0.774494 -0.426859 0.143896 1.15866 0.658432
data/frame-000247.color.jpg -0.213523 -0.411205 0.775298 -0.429221 0.117966 1.16466 0.641061
data/frame-000248.color.jpg -0.215438 -0.407768 0.775588 -0.431017 0.0944023 1.17228 0.624704
data/frame-000249.color.jpg -0.213474 -0.402072 0.779878 -0.4296 0.0866621 1.16428 0.627598
data/frame-000250.color.jpg -0.207591 -0.39978 0.783025 -0.428899 0.0639511 1.1558 0.637858
data/frame-000251.color.jpg -0.20407 -0.398003 0.78463 -0.429306 0.0509755 1.15599 0.647599
data/frame-000252.color.jpg -0.207405 -0.403863 0.783525 -0.424224 0.0362408 1.14116 0.66497
data/frame-000253.color.jpg -0.209385 -0.413201 0.778342 -0.423801 0.0103555 1.12581 0.681186
data/frame-000254.color.jpg -0.215598 -0.422327 0.77528 -0.417251 0.00332157 1.10643 0.702389
data/frame-000255.color.jpg -0.214947 -0.443471 0.76665 -0.411556 -0.0499936 1.06564 0.738543
data/frame-000256.color.jpg -0.218815 -0.452756 0.759723 -0.412254 -0.0729976 1.05153 0.750476
data/frame-000257.color.jpg -0.223574 -0.461603 0.752885 -0.412434 -0.0960388 1.03351 0.759794
data/frame-000258.color.jpg -0.222326 -0.467155 0.750997 -0.410293 -0.11086 1.01583 0.774846
data/frame-000259.color.jpg -0.21138 -0.477178 0.750558 -0.405317 -0.169684 0.961128 0.812849
data/frame-000260.color.jpg -0.206098 -0.474114 0.756282 -0.400969 -0.181806 0.938529 0.825036
data/frame-000261.color.jpg -0.195005 -0.47239 0.763025 -0.395745 -0.203559 0.908968 0.841922
data/frame-000262.color.jpg -0.193114 -0.472401 0.76391 -0.394951 -0.208687 0.901927 0.84431
data/frame-000263.color.jpg -0.187218 -0.470074 0.768446 -0.391752 -0.216547 0.888842 0.851956
data/frame-000264.color.jpg -0.18117 -0.467094 0.774196 -0.386808 -0.227796 0.859156 0.852889
data/frame-000265.color.jpg -0.179875 -0.467778 0.775802 -0.383353 -0.226959 0.855348 0.865469
data/frame-000266.color.jpg -0.17912 -0.468587 0.777903 -0.378431 -0.227727 0.838567 0.867022
data/frame-000267.color.jpg -0.172007 -0.468019 0.778006 -0.382202 -0.243752 0.828147 0.855916
data/frame-000268.color.jpg -0.167227 -0.469076 0.779545 -0.379885 -0.253767 0.815135 0.859659
data/frame-000269.color.jpg -0.160365 -0.459857 0.786656 -0.379455 -0.255181 0.806792 0.845802
data/frame-000270.color.jpg -0.163098 -0.450141 0.79029 -0.382378 -0.245511 0.815905 0.829194
data/frame-000271.color.jpg -0.158717 -0.444042 0.793162 -0.385395 -0.248715 0.804027 0.816644
data/frame-000272.color.jpg -0.159626 -0.439531 0.792209 -0.392093 -0.252353 0.804211 0.797596
data/frame-000273.color.jpg -0.164027 -0.4218 0.795631 -0.40268 -0.243343 0.808107 0.77021
data/frame-000274.color.jpg -0.169164 -0.412934 0.796309 -0.408365 -0.236296 0.80911 0.758122
data/frame-000275.color.jpg -0.16837 -0.40999 0.79734 -0.409644 -0.23809 0.797375 0.757697
data/frame-000276.color.jpg -0.169581 -0.404259 0.800566 -0.408546 -0.235699 0.784816 0.76037
data/frame-000277.color.jpg -0.170866 -0.404208 0.801655 -0.405918 -0.238766 0.771986 0.763643
data/frame-000278.color.jpg -0.165883 -0.407533 0.800947 -0.406059 -0.248025 0.75435 0.768106
data/frame-000279.color.jpg -0.170531 -0.404512 0.79932 -0.410338 -0.239948 0.75165 0.753538
data/frame-000280.color.jpg -0.170921 -0.404244 0.800469 -0.408194 -0.237545 0.752419 0.768063
data/frame-000281.color.jpg -0.172637 -0.403596 0.800333 -0.40838 -0.235659 0.749333 0.765545
data/frame-000282.color.jpg -0.167982 -0.397908 0.807929 -0.400876 -0.199442 0.703424 0.778387
data/frame-000283.color.jpg -0.166294 -0.39665 0.809758 -0.399132 -0.195245 0.694425 0.78142
data/frame-000284.color.jpg -0.156037 -0.397823 0.81682 -0.387549 -0.192767 0.659564 0.796589
data/frame-000285.color.jpg -0.147337 -0.395925 0.824575 -0.376313 -0.186582 0.626489 0.804472
data/frame-000286.color.jpg -0.139065 -0.388108 0.833064 -0.368833 -0.182374 0.60307 0.807955
data/frame-000287.color.jpg -0.138637 -0.3816 0.836741 -0.367457 -0.176435 0.59613 0.807412
data/frame-000288.color.jpg -0.132766 -0.371917 0.844213 -0.362429 -0.172879 0.59019 0.809006
data/frame-000289.color.jpg -0.1326 -0.366823 0.8443 -0.367444 -0.171872 0.598541 0.803437
data/frame-000290.color.jpg -0.132644 -0.366555 0.844303 -0.36769 -0.173049 0.600934 0.803661
data/frame-000291.color.jpg -0.131609 -0.353224 0.841263 -0.387542 -0.183757 0.654666 0.779157
data/frame-000292.color.jpg -0.128829 -0.350761 0.840795 -0.391706 -0.191267 0.666726 0.774625
data/frame-000293.color.jpg -0.12834 -0.348667 0.840188 -0.395024 -0.197944 0.677974 0.771157
data/frame-000294.color.jpg -0.129616 -0.348123 0.836024 -0.403825 -0.208459 0.702778 0.762728
data/frame-000295.color.jpg -0.130464 -0.347101 0.835151 -0.406231 -0.218192 0.720445 0.760536
data/frame-000296.color.jpg -0.136652 -0.352361 0.834474 -0.401024 -0.222805 0.736905 0.775714
data/frame-000297.color.jpg -0.138989 -0.362637 0.830137 -0.400061 -0.235609 0.74091 0.779173
data/frame-000298.color.jpg -0.141005 -0.36555 0.828691 -0.399703 -0.239836 0.744626 0.780194
data/frame-000299.color.jpg -0.15532 -0.381958 0.817035 -0.403035 -0.264004 0.768835 0.783231
data/frame-000300.color.jpg -0.174963 -0.423145 0.793401 -0.401062 -0.309464 0.792139 0.800559
data/frame-000301.color.jpg -0.182259 -0.43197 0.787852 -0.399341 -0.317213 0.798748 0.809746
data/frame-000302.color.jpg -0.188333 -0.439842 0.782574 -0.398306 -0.331627 0.810803 0.815334
data/frame-000303.color.jpg -0.202452 -0.454488 0.76421 -0.410411 -0.379605 0.847269 0.799812
data/frame-000304.color.jpg -0.207067 -0.454522 0.760005 -0.415842 -0.386004 0.865224 0.790706
data/frame-000305.color.jpg -0.214254 -0.457177 0.753289 -0.421475 -0.405812 0.888284 0.785178
data/frame-000306.color.jpg -0.215918 -0.462143 0.74905 -0.422761 -0.42529 0.898225 0.784284
data/frame-000307.color.jpg -0.217477 -0.462567 0.746696 -0.425654 -0.429942 0.90302 0.777921
data/frame-000308.color.jpg -0.222105 -0.461935 0.743269 -0.429926 -0.434224 0.921716 0.767269
data/frame-000309.color.jpg -0.226571 -0.460638 0.74065 -0.433493 -0.436523 0.942252 0.761421
data/frame-000310.color.jpg -0.231778 -0.462299 0.738024 -0.43345 -0.445201 0.959015 0.763791
data/frame-000311.color.jpg -0.228841 -0.465121 0.737868 -0.432257 -0.453881 0.958091 0.764156
data/frame-000312.color.jpg -0.231261 -0.471793 0.731391 -0.434739 -0.463905 0.974306 0.756361
data/frame-000313.color.jpg -0.232632 -0.471438 0.731308 -0.434531 -0.461847 0.978419 0.756657
data/frame-000314.color.jpg -0.233719 -0.472152 0.731228 -0.433306 -0.455845 0.989007 0.753558
data/frame-000315.color.jpg -0.235075 -0.476375 0.728685 -0.432233 -0.450222 0.992785 0.741873
data/frame-000316.color.jpg -0.241612 -0.481028 0.72496 -0.42973 -0.436106 1.00554 0.735341
data/frame-000317.color.jpg -0.239266 -0.4971 0.716125 -0.42756 -0.445097 1.00248 0.725811
data/frame-000318.color.jpg -0.239161 -0.500682 0.712905 -0.428818 -0.445925 1.00417 0.717212
data/frame-000319.color.jpg -0.252295 -0.515564 0.698377 -0.427564 -0.431851 1.04453 0.669187
data/frame-000320.color.jpg -0.262264 -0.522467 0.686574 -0.432276 -0.425009 1.07354 0.624675
data/frame-000321.color.jpg -0.276218 -0.52335 0.678798 -0.434789 -0.405899 1.09869 0.584137
data/frame-000322.color.jpg -0.279814 -0.524606 0.676858 -0.433999 -0.401936 1.10547 0.578605
data/frame-000323.color.jpg -0.286171 -0.529834 0.669152 -0.43545 -0.406031 1.13751 0.527763
data/frame-000324.color.jpg -0.296212 -0.527265 0.66088 -0.444397 -0.406864 1.14733 0.473995
data/frame-000325.color.jpg -0.306395 -0.529245 0.652611 -0.447349 -0.408811 1.16411 0.445552
data/frame-000326.color.jpg -0.309984 -0.530933 0.649269 -0.447739 -0.413184 1.16635 0.439616
data/frame-000327.color.jpg -0.31934 -0.540031 0.63846 -0.445823 -0.432715 1.17879 0.42397
data/frame-000328.color.jpg -0.346334 -0.562444 0.609707 -0.438141 -0.461796 1.17817 0.419648
data/frame-000329.color.jpg -0.356611 -0.580567 0.591612 -0.431006 -0.490504 1.16873 0.432633
data/frame-000330.color.jpg -0.359834 -0.58595 0.586705 -0.427737 -0.499303 1.16764 0.443036
data/frame-000331.color.jpg 0.368549 0.598794 -0.57129 0.423373 -0.524502 1.15725 0.445794
data/frame-000332.color.jpg 0.399916 0.616559 -0.538919 0.411691 -0.542544 1.15943 0.454549
data/frame-000333.color.jpg 0.412814 0.62513 -0.5242 0.404983 -0.551516 1.15512 0.462156
data/frame-000334.color.jpg 0.417702 0.627368 -0.518434 0.403931 -0.556065 1.15171 0.459561
data/frame-000335.color.jpg 0.426019 0.636582 -0.502559 0.400881 -0.572431 1.13779 0.469053
data/frame-000336.color.jpg 0.429395 0.644994 -0.489651 0.399805 -0.597748 1.11973 0.475734
data/frame-000337.color.jpg 0.429866 0.643452 -0.489835 0.401556 -0.604772 1.12182 0.472237
data/frame-000338.color.jpg 0.429765 0.642786 -0.490905 0.401424 -0.605967 1.12545 0.472093
data/frame-000339.color.jpg 0.427557 0.635425 -0.496613 0.408418 -0.619194 1.13503 0.449237
data/frame-000340.color.jpg 0.419788 0.631018 -0.502273 0.416312 -0.627428 1.12975 0.432207
data/frame-000341.color.jpg 0.417725 0.629472 -0.504851 0.417608 -0.6292 1.13183 0.426136
data/frame-000342.color.jpg 0.409917 0.622925 -0.512502 0.425763 -0.633638 1.13295 0.403104
data/frame-000343.color.jpg 0.387411 0.605508 -0.53716 0.441284 -0.624038 1.14815 0.357641
data/frame-000344.color.jpg 0.383096 0.601813 -0.543058 0.442884 -0.617339 1.1547 0.354531
data/frame-000345.color.jpg 0.371287 0.585585 -0.559062 0.454627 -0.602914 1.16784 0.309786
data/frame-000346.color.jpg -0.355026 -0.574428 0.575454 -0.461347 -0.593743 1.18391 0.288317
data/frame-000347.color.jpg -0.33172 -0.55467 0.598386 -0.473537 -0.565505 1.19628 0.250341
data/frame-000348.color.jpg -0.329899 -0.552435 0.601512 -0.473462 -0.562027 1.19952 0.248063
data/frame-000349.color.jpg -0.318678 -0.545406 0.609504 -0.479043 -0.547591 1.19956 0.231769
data/frame-000350.color.jpg -0.294506 -0.536933 0.625206 -0.483826 -0.527772 1.19277 0.224
data/frame-000351.color.jpg -0.285554 -0.530762 0.633581 -0.485103 -0.514123 1.19258 0.218222
data/frame-000352.color.jpg -0.281908 -0.528271 0.635858 -0.486973 -0.509078 1.19075 0.21322
data/frame-000353.color.jpg -0.272479 -0.522173 0.643253 -0.4892 -0.496521 1.19348 0.206519
data/frame-000354.color.jpg -0.255256 -0.509376 0.65925 -0.490683 -0.460075 1.19319 0.197789
data/frame-000355.color.jpg -0.254689 -0.505422 0.663998 -0.488661 -0.444428 1.1969 0.196732
data/frame-000356.color.jpg -0.254866 -0.496281 0.66969 -0.490168 -0.415524 1.20483 0.184275
data/frame-000357.color.jpg -0.256347 -0.489669 0.673116 -0.49135 -0.393689 1.20923 0.174387
data/frame-000358.color.jpg -0.255452 -0.485282 0.676137 -0.492022 -0.38268 1.21293 0.167034
data/frame-000359.color.jpg -0.254234 -0.481893 0.678365 -0.492916 -0.374954 1.21496 0.164427
data/frame-000360.color.jpg -0.253402 -0.480877 0.679254 -0.493112 -0.374292 1.21439 0.16154
data/frame-000361.color.jpg -0.245167 -0.47132 0.686657 -0.496238 -0.373055 1.22356 0.152585
data/frame-000362.color.jpg -0.24196 -0.462439 0.692118 -0.498577 -0.367537 1.23121 0.142197
data/frame-000363.color.jpg -0.234371 -0.454043 0.696646 -0.503587 -0.365906 1.23758 0.133153
data/frame-000364.color.jpg -0.228975 -0.440722 0.702704 -0.509453 -0.363787 1.24613 0.113367
data/frame-000365.color.jpg -0.223007 -0.430816 0.707927 -0.513327 -0.361012 1.25228 0.104221
data/frame-000366.color.jpg -0.215831 -0.420355 0.710689 -0.521191 -0.356853 1.2514 0.0810908
data/frame-000367.color.jpg -0.206553 -0.40884 0.71666 -0.525913 -0.349392 1.25999 0.0690594
data/frame-000368.color.jpg -0.20392 -0.397675 0.7205 -0.530237 -0.338942 1.26751 0.0541839
data/frame-000369.color.jpg -0.201622 -0.395489 0.721553 -0.531318 -0.336759 1.27003 0.052066
data/frame-000370.color.jpg -0.198426 -0.388788 0.723784 -0.534423 -0.332755 1.27137 0.0417076
data/frame-000371.color.jpg -0.190677 -0.374086 0.727976 -0.54199 -0.326367 1.27212 0.0182032
data/frame-000372.color.jpg -0.180928 -0.358359 0.732968 -0.549182 -0.312786 1.2817 -0.00457097
data/frame-000373.color.jpg -0.183462 -0.3533 0.731861 -0.553083 -0.307217 1.27846 -0.0205034
data/frame-000374.color.jpg -0.181149 -0.350399 0.733767 -0.553165 -0.303099 1.28565 -0.0177736
data/frame-000375.color.jpg -0.176143 -0.339884 0.735993 -0.558361 -0.293145 1.29117 -0.0365264
data/frame-000376.color.jpg -0.159719 -0.318314 0.742748 -0.567002 -0.282096 1.30246 -0.0604718
data/frame-000377.color.jpg -0.150461 -0.299238 0.746083 -0.575482 -0.25629 1.30448 -0.0914686
data/frame-000378.color.jpg -0.150059 -0.295032 0.746416 -0.577323 -0.249813 1.30377 -0.100336
data/frame-000379.color.jpg -0.146395 -0.289871 0.750162 -0.576021 -0.240424 1.31528 -0.0923098
data/frame-000380.color.jpg -0.130996 -0.278753 0.753539 -0.580789 -0.219993 1.32028 -0.111113
data/frame-000381.color.jpg -0.129436 -0.276689 0.752784 -0.5831 -0.214651 1.31932 -0.118892
data/frame-000382.color.jpg -0.129615 -0.273554 0.751024 -0.586797 -0.207132 1.31488 -0.131707
data/frame-000383.color.jpg -0.127138 -0.265285 0.753417 -0.588066 -0.167768 1.32024 -0.140113
data/frame-000384.color.jpg -0.128569 -0.266094 0.752579 -0.588463 -0.169305 1.31884 -0.14037
data/frame-000385.color.jpg -0.124626 -0.268458 0.752806 -0.587947 -0.171375 1.31611 -0.136692
data/frame-000386.color.jpg -0.12343 -0.267307 0.753375 -0.587994 -0.159934 1.31383 -0.139403
data/frame-000387.color.jpg -0.127251 -0.268869 0.757776 -0.580768 -0.144774 1.30329 -0.11501
data/frame-000388.color.jpg -0.127088 -0.272007 0.759429 -0.577173 -0.149617 1.30438 -0.101873
data/frame-000389.color.jpg -0.123838 -0.275014 0.767814 -0.565237 -0.145336 1.30627 -0.0645912
data/frame-000390.color.jpg -0.126023 -0.273501 0.779119 -0.549808 -0.12484 1.31163 -0.0174381
data/frame-000391.color.jpg -0.126925 -0.273797 0.780687 -0.547223 -0.122974 1.31287 -0.00712378
data/frame-000392.color.jpg -0.131486 -0.273645 0.790063 -0.53257 -0.109011 1.31862 0.0376585
data/frame-000393.color.jpg -0.131781 -0.279949 0.807801 -0.501717 -0.125334 1.30274 0.140605
data/frame-000394.color.jpg -0.124342 -0.280168 0.815094 -0.491596 -0.121871 1.30644 0.173897
data/frame-000395.color.jpg -0.132734 -0.282598 0.817306 -0.484284 -0.126363 1.30847 0.194118
data/frame-000396.color.jpg -0.136716 -0.284944 0.820822 -0.475781 -0.133784 1.31322 0.222894
data/frame-000397.color.jpg -0.13561 -0.285292 0.821535 -0.474656 -0.138954 1.31459 0.225497
data/frame-000398.color.jpg -0.132717 -0.27315 0.827062 -0.473016 -0.151581 1.31684 0.242078
data/frame-000399.color.jpg -0.131855 -0.272267 0.831738 -0.465507 -0.168326 1.31562 0.274229
data/frame-000400.color.jpg -0.120554 -0.281774 0.837505 -0.452388 -0.252672 1.31046 0.33657
data/frame-000401.color.jpg -0.120778 -0.281208 0.837162 -0.453315 -0.263 1.3026 0.329473
data/frame-000402.color.jpg -0.11872 -0.280297 0.840844 -0.447572 -0.277833 1.29987 0.34866
data/frame-000403.color.jpg -0.108633 -0.282105 0.850463 -0.430498 -0.333835 1.2891 0.406091
data/frame-000404.color.jpg -0.108463 -0.283335 0.850344 -0.429969 -0.341548 1.2841 0.409056
data/frame-000405.color.jpg -0.10904 -0.28968 0.852299 -0.421642 -0.372453 1.26951 0.436207
data/frame-000406.color.jpg -0.107625 -0.294785 0.853354 -0.416299 -0.393966 1.25766 0.453648
data/frame-000407.color.jpg -0.104949 -0.306866 0.8551 -0.404504 -0.455337 1.23162 0.498701
data/frame-000408.color.jpg -0.10553 -0.30811 0.855342 -0.402891 -0.460842 1.22847 0.500987
data/frame-000409.color.jpg -0.103786 -0.312399 0.85487 -0.40104 -0.485198 1.2194 0.510558
data/frame-000410.color.jpg -0.106022 -0.319457 0.853482 -0.397839 -0.535285 1.19897 0.52739
data/frame-000411.color.jpg -0.105215 -0.319795 0.853916 -0.396848 -0.537852 1.19558 0.529062
data/frame-000412.color.jpg -0.105252 -0.328192 0.853354 -0.391152 -0.573086 1.17478 0.551197
data/frame-000413.color.jpg -0.105494 -0.330841 0.854244 -0.386889 -0.596238 1.16256 0.567262
data/frame-000414.color.jpg -0.105201 -0.32643 0.857031 -0.384543 -0.617869 1.16203 0.573393
data/frame-000415.color.jpg -0.104957 -0.325268 0.857827 -0.383819 -0.62167 1.1641 0.575963
data/frame-000416.color.jpg -0.099858 -0.32058 0.859203 -0.386039 -0.635155 1.169 0.564648
data/frame-000417.color.jpg -0.0925658 -0.306153 0.861236 -0.394935 -0.671378 1.20214 0.527043
data/frame-000418.color.jpg -0.0882858 -0.293827 0.863434 -0.400441 -0.679884 1.21798 0.491871
data/frame-000419.color.jpg -0.0916499 -0.29191 0.864643 -0.398473 -0.68218 1.22412 0.497353
data/frame-000420.color.jpg -0.0868988 -0.283618 0.865816 -0.402953 -0.682049 1.23741 0.470706
data/frame-000421.color.jpg -0.0932424 -0.266803 0.867528 -0.409288 -0.664974 1.27314 0.43546
data/frame-000422.color.jpg -0.0919392 -0.263267 0.869675 -0.407311 -0.688663 1.28548 0.430909
data/frame-000423.color.jpg -0.0879964 -0.262043 0.869943 -0.408398 -0.696738 1.28447 0.421882
data/frame-000424.color.jpg -0.0807198 -0.257678 0.872092 -0.408095 -0.706391 1.28575 0.408567
data/frame-000425.color.jpg -0.0695637 -0.241901 0.866871 -0.430325 -0.749463 1.32426 0.275263
data/frame-000426.color.jpg -0.0677683 -0.250588 0.865185 -0.429032 -0.802529 1.3236 0.257411
data/frame-000427.color.jpg -0.0641071 -0.253361 0.86298 -0.432393 -0.818377 1.31904 0.237902
data/frame-000428.color.jpg -0.0583661 -0.265269 0.856743 -0.438426 -0.877411 1.30194 0.208332
data/frame-000429.color.jpg -0.0708905 -0.2893 0.848348 -0.437704 -0.950102 1.29027 0.185862
data/frame-000430.color.jpg -0.084884 -0.300076 0.841549 -0.441071 -0.97852 1.29774 0.186825
data/frame-000431.color.jpg -0.0945365 -0.312239 0.835594 -0.441988 -1.0085 1.2893 0.190293
data/frame-000432.color.jpg -0.098009 -0.317954 0.832796 -0.442437 -1.02249 1.28734 0.196025
data/frame-000433.color.jpg -0.117209 -0.339709 0.818355 -0.448502 -1.07651 1.26709 0.20991
data/frame-000434.color.jpg -0.158424 -0.386948 0.785316 -0.456566 -1.1823 1.21695 0.273816
data/frame-000435.color.jpg -0.168662 -0.406959 0.772486 -0.457387 -1.23044 1.1826 0.306124
data/frame-000436.color.jpg -0.173455 -0.411009 0.769122 -0.457642 -1.23909 1.17522 0.315095
data/frame-000437.color.jpg -0.184754 -0.425574 0.759967 -0.455197 -1.26941 1.15085 0.350669
data/frame-000438.color.jpg -0.194066 -0.435458 0.752068 -0.455092 -1.29151 1.14449 0.374421
data/frame-000439.color.jpg -0.217149 -0.446787 0.736349 -0.459368 -1.30262 1.157 0.406503
data/frame-000440.color.jpg -0.217613 -0.448425 0.734321 -0.460794 -1.3065 1.15839 0.407706
data/frame-000441.color.jpg -0.226279 -0.448971 0.726575 -0.468307 -1.3102 1.1652 0.39632
data/frame-000442.color.jpg -0.238489 -0.456294 0.708733 -0.482303 -1.3353 1.16897 0.380247
data/frame-000443.color.jpg -0.238795 -0.45674 0.706675 -0.484743 -1.33758 1.1678 0.375215
data/frame-000444.color.jpg -0.240911 -0.459562 0.701723 -0.48821 -1.34597 1.16603 0.374804
data/frame-000445.color.jpg -0.249366 -0.460046 0.69637 -0.491165 -1.34632 1.18293 0.378514
data/frame-000446.color.jpg -0.24985 -0.456982 0.697266 -0.492507 -1.34128 1.19058 0.375003
data/frame-000447.color.jpg -0.254293 -0.455976 0.694535 -0.495017 -1.34896 1.19799 0.371723
data/frame-000448.color.jpg -0.258393 -0.449437 0.692986 -0.501008 -1.35825 1.2316 0.352862
data/frame-000449.color.jpg -0.257241 -0.447813 0.691969 -0.50445 -1.35875 1.22903 0.337014
data/frame-000450.color.jpg -0.255297 -0.44531 0.691419 -0.508392 -1.36252 1.23838 0.31857
data/frame-000451.color.jpg -0.252809 -0.428405 0.691718 -0.52353 -1.34712 1.26313 0.240979
data/frame-000452.color.jpg -0.253428 -0.428208 0.694288 -0.519977 -1.3472 1.28292 0.25429
data/frame-000453.color.jpg -0.253332 -0.42343 0.692994 -0.525632 -1.33539 1.27992 0.225741
data/frame-000454.color.jpg -0.255098 -0.413367 0.69126 -0.534988 -1.32232 1.31059 0.179848
data/frame-000455.color.jpg -0.249234 -0.407573 0.692963 -0.539971 -1.31537 1.30949 0.150986
data/frame-000456.color.jpg -0.245179 -0.407837 0.696478 -0.537098 -1.31807 1.31905 0.156616
data/frame-000457.color.jpg -0.226185 -0.398841 0.709472 -0.535178 -1.31063 1.31922 0.128984
data/frame-000458.color.jpg -0.213975 -0.39084 0.719318 -0.532955 -1.29811 1.32331 0.111516
data/frame-000459.color.jpg -0.20975 -0.389003 0.72251 -0.531659 -1.29521 1.32854 0.113981
data/frame-000460.color.jpg -0.202638 -0.384064 0.730458 -0.527128 -1.29147 1.33437 0.109043
data/frame-000461.color.jpg -0.200884 -0.379225 0.733081 -0.527661 -1.28085 1.33607 0.0981776
data/frame-000462.color.jpg -0.174128 -0.356327 0.756305 -0.520302 -1.23274 1.36429 0.0554583
data/frame-000463.color.jpg -0.159117 -0.350242 0.768202 -0.511741 -1.21639 1.3846 0.0582554
data/frame-000464.color.jpg -0.159544 -0.349717 0.768916 -0.510893 -1.22269 1.38331 0.0638329
data/frame-000465.color.jpg -0.139705 -0.332532 0.784643 -0.504223 -1.19332 1.41387 0.0414746
data/frame-000466.color.jpg -0.128551 -0.31599 0.793294 -0.504292 -1.15538 1.43529 0.00651043
data/frame-000467.color.jpg -0.118153 -0.29783 0.801708 -0.504581 -1.11478 1.45879 -0.0316333
data/frame-000468.color.jpg -0.116635 -0.296746 0.803155 -0.503269 -1.11363 1.46504 -0.0282481
data/frame-000469.color.jpg -0.096856 -0.271623 0.816715 -0.499816 -1.04966 1.4999 -0.0669573
data/frame-000470.color.jpg -0.0941272 -0.268627 0.817625 -0.500469 -1.04549 1.50112 -0.0754842
data/frame-000471.color.jpg -0.0866428 -0.253809 0.821763 -0.502772 -1.00518 1.51788 -0.107775
data/frame-000472.color.jpg -0.0763305 -0.229649 0.830891 -0.501053 -0.947142 1.55297 -0.134769
data/frame-000473.color.jpg -0.0753857 -0.225159 0.83196 -0.501462 -0.934616 1.55797 -0.138629
data/frame-000474.color.jpg -0.072545 -0.215191 0.837654 -0.496755 -0.909188 1.57692 -0.130449
data/frame-000475.color.jpg -0.0597931 -0.193046 0.848846 -0.488485 -0.843609 1.59921 -0.133061
data/frame-000476.color.jpg -0.055526 -0.186669 0.850477 -0.488631 -0.826641 1.60121 -0.140074
data/frame-000477.color.jpg -0.0484106 -0.175658 0.854582 -0.486302 -0.803123 1.60618 -0.141689
data/frame-000478.color.jpg -0.0386463 -0.159794 0.860966 -0.481363 -0.773898 1.61928 -0.135397
data/frame-000479.color.jpg -0.0371121 -0.155242 0.862828 -0.479636 -0.759095 1.62641 -0.132388
data/frame-000480.color.jpg -0.0304078 -0.147843 0.86597 -0.476774 -0.744073 1.62388 -0.130997
data/frame-000481.color.jpg -0.0243551 -0.137339 0.872134 -0.468964 -0.724331 1.63777 -0.109799
data/frame-000482.color.jpg -0.0249679 -0.132831 0.872159 -0.470182 -0.709564 1.63632 -0.117034
data/frame-000483.color.jpg -0.0210178 -0.130064 0.874479 -0.466828 -0.709612 1.63505 -0.105031
data/frame-000484.color.jpg -0.0167965 -0.128742 0.875797 -0.464889 -0.706854 1.63849 -0.101003
data/frame-000485.color.jpg -0.00541224 -0.122114 0.879184 -0.460538 -0.708112 1.63394 -0.0954387
data/frame-000486.color.jpg -0.00296323 -0.114221 0.882555 -0.456115 -0.704863 1.63069 -0.0801427
data/frame-000487.color.jpg -0.0030419 -0.11008 0.883802 -0.454717 -0.690703 1.64401 -0.0729983
data/frame-000488.color.jpg 0.000584933 -0.103816 0.884255 -0.455318 -0.68026 1.64375 -0.0763503
data/frame-000489.color.jpg 0.00745448 -0.088406 0.881893 -0.463027 -0.670483 1.63291 -0.0940557
data/frame-000490.color.jpg 0.00903976 -0.0866064 0.881199 -0.464658 -0.667104 1.62812 -0.0967935
data/frame-000491.color.jpg 0.0150547 -0.0661081 0.8839 -0.462734 -0.612191 1.63642 -0.0774775
data/frame-000492.color.jpg 0.011391 -0.0655466 0.884644 -0.461496 -0.620455 1.63439 -0.0774377
data/frame-000493.color.jpg 0.0151201 -0.056765 0.885261 -0.461369 -0.603155 1.63056 -0.0700841
data/frame-000494.color.jpg 0.026755 -0.045715 0.886923 -0.458871 -0.590221 1.63194 -0.0618186
data/frame-000495.color.jpg 0.0281519 -0.0434119 0.88636 -0.460097 -0.585841 1.62946 -0.0681762
data/frame-000496.color.jpg 0.035053 -0.0304058 0.885186 -0.462917 -0.560932 1.63853 -0.0718605
data/frame-000497.color.jpg 0.0364089 -0.0281573 0.885474 -0.462404 -0.557198 1.64246 -0.0703623
data/frame-000498.color.jpg 0.0384363 -0.0227692 0.884884 -0.463664 -0.543013 1.64369 -0.0740057
data/frame-000499.color.jpg 0.0426123 -0.00798778 0.887759 -0.458262 -0.508612 1.66234 -0.0566934
data/frame-000500.color.jpg 0.0427025 -0.0070538 0.886988 -0.45976 -0.510434 1.65714 -0.0637565
data/frame-000501.color.jpg 0.0574804 0.0173243 0.884997 -0.461711 -0.453906 1.67037 -0.0944776
data/frame-000502.color.jpg 0.0576395 0.0204465 0.883957 -0.46355 -0.448125 1.67452 -0.101727
data/frame-000503.color.jpg 0.0602658 0.0324368 0.883895 -0.46265 -0.40776 1.69349 -0.104151
data/frame-000504.color.jpg 0.061373 0.0365373 0.8836 -0.462763 -0.394294 1.69859 -0.107938
data/frame-000505.color.jpg 0.0654503 0.0651111 0.883051 -0.460106 -0.291858 1.72308 -0.11673
data/frame-000506.color.jpg 0.0815681 0.0936621 0.878436 -0.461438 -0.198625 1.74584 -0.154054
data/frame-000507.color.jpg 0.0836375 0.0958481 0.878067 -0.461321 -0.193666 1.74868 -0.155085
data/frame-000508.color.jpg 0.0881093 0.102165 0.876638 -0.461849 -0.176073 1.75054 -0.165181
data/frame-000509.color.jpg 0.090465 0.105441 0.87558 -0.462664 -0.166102 1.7514 -0.171749
data/frame-000510.color.jpg 0.104463 0.128315 0.87011 -0.464253 -0.103878 1.76644 -0.193857
data/frame-000511.color.jpg 0.117921 0.149545 0.866039 -0.462286 -0.0440271 1.78446 -0.206973
data/frame-000512.color.jpg 0.119985 0.152715 0.864595 -0.463419 -0.0353956 1.78297 -0.219621
data/frame-000513.color.jpg 0.125541 0.162823 0.861103 -0.465004 -0.00225607 1.78474 -0.231272
data/frame-000514.color.jpg 0.125913 0.165282 0.860182 -0.465742 0.00242257 1.78475 -0.235139
data/frame-000515.color.jpg 0.138184 0.185145 0.854762 -0.464767 0.0560852 1.79511 -0.244582
data/frame-000516.color.jpg 0.151526 0.206367 0.85107 -0.458402 0.116952 1.80939 -0.239868
data/frame-000517.color.jpg 0.152314 0.209106 0.850322 -0.458289 0.122682 1.80843 -0.2388
data/frame-000518.color.jpg 0.15466 0.214444 0.84917 -0.45717 0.138082 1.80962 -0.237343
data/frame-000519.color.jpg 0.165695 0.229568 0.846207 -0.451418 0.170908 1.81343 -0.228978
data/frame-000520.color.jpg 0.166492 0.231297 0.846688 -0.449334 0.173737 1.81506 -0.223882
data/frame-000521.color.jpg 0.170825 0.234345 0.846142 -0.447151 0.175495 1.81047 -0.223151
data/frame-000522.color.jpg 0.170986 0.235861 0.846891 -0.44487 0.176647 1.81653 -0.216769
data/frame-000523.color.jpg 0.178486 0.237401 0.848651 -0.437692 0.161007 1.82311 -0.210295
data/frame-000524.color.jpg 0.182005 0.240342 0.84503 -0.441627 0.173035 1.81651 -0.235292
data/frame-000525.color.jpg 0.179887 0.239433 0.845275 -0.442519 0.163937 1.81984 -0.238289
data/frame-000526.color.jpg 0.188776 0.240839 0.845219 -0.438139 0.147569 1.82599 -0.233868
data/frame-000527.color.jpg 0.196481 0.246009 0.843944 -0.43432 0.144373 1.82798 -0.230593
data/frame-000528.color.jpg 0.197836 0.247308 0.843406 -0.434012 0.145475 1.82657 -0.233258
data/frame-000529.color.jpg 0.198874 0.251815 0.842551 -0.432604 0.148334 1.83109 -0.229838
data/frame-000530.color.jpg 0.201127 0.255442 0.841153 -0.432157 0.163142 1.83229 -0.229485
data/frame-000531.color.jpg 0.199985 0.264819 0.837938 -0.433287 0.179442 1.82965 -0.237015
data/frame-000532.color.jpg 0.195933 0.275549 0.834758 -0.434582 0.21519 1.82601 -0.237381
data/frame-000533.color.jpg 0.194613 0.279079 0.834657 -0.433115 0.224888 1.82889 -0.230942
data/frame-000534.color.jpg 0.216742 0.339834 0.820043 -0.406282 0.396769 1.8203 -0.15593
data/frame-000535.color.jpg 0.218077 0.347156 0.817509 -0.40448 0.422063 1.82333 -0.146377
data/frame-000536.color.jpg 0.217171 0.366499 0.808594 -0.405821 0.507106 1.81259 -0.140278
data/frame-000537.color.jpg 0.217317 0.37146 0.805465 -0.407451 0.528632 1.8057 -0.144665
data/frame-000538.color.jpg 0.227659 0.398577 0.791858 -0.402826 0.628179 1.78761 -0.123877
data/frame-000539.color.jpg 0.233763 0.405291 0.786627 -0.40288 0.645592 1.77489 -0.125736
data/frame-000540.color.jpg 0.236766 0.413342 0.783343 -0.399329 0.670961 1.77714 -0.112651
data/frame-000541.color.jpg 0.244892 0.429807 0.772732 -0.397718 0.727541 1.76276 -0.105079
data/frame-000542.color.jpg 0.247406 0.433676 0.770652 -0.395993 0.740791 1.7607 -0.0962524
data/frame-000543.color.jpg 0.25679 0.452518 0.759929 -0.389607 0.797139 1.74566 -0.0655709
data/frame-000544.color.jpg 0.262426 0.463492 0.75105 -0.390169 0.827792 1.72485 -0.0656037
data/frame-000545.color.jpg 0.263607 0.468404 0.748714 -0.38799 0.84401 1.72209 -0.0522814
data/frame-000546.color.jpg 0.273607 0.48832 0.735741 -0.38127 0.899457 1.69887 -0.0101949
data/frame-000547.color.jpg 0.279449 0.499008 0.728891 -0.37632 0.923005 1.68697 0.0157319
data/frame-000548.color.jpg 0.28132 0.501515 0.72676 -0.375715 0.930324 1.68151 0.020622
data/frame-000549.color.jpg 0.287106 0.517067 0.716728 -0.369475 0.968791 1.65473 0.0593781
data/frame-000550.color.jpg 0.289914 0.527005 0.708947 -0.368252 1.00041 1.63195 0.077453
data/frame-000551.color.jpg 0.289957 0.529309 0.707904 -0.366918 1.00443 1.629 0.0856464
data/frame-000552.color.jpg 0.287369 0.545164 0.699103 -0.362588 1.04628 1.59064 0.122434
data/frame-000553.color.jpg 0.285376 0.554801 0.694224 -0.358901 1.06926 1.56907 0.152585
data/frame-000554.color.jpg 0.285782 0.556233 0.693396 -0.35796 1.07101 1.56412 0.158588
data/frame-000555.color.jpg 0.281463 0.561917 0.699728 -0.33972 1.041 1.55866 0.233285
data/frame-000556.color.jpg 0.281428 0.562466 0.700267 -0.337722 1.03636 1.55398 0.241306
data/frame-000557.color.jpg 0.279417 0.569417 0.699709 -0.328782 1.03902 1.54012 0.281194
data/frame-000558.color.jpg 0.275074 0.570447 0.700482 -0.329013 1.01832 1.52176 0.284884
data/frame-000559.color.jpg 0.275817 0.570961 0.699871 -0.3288 1.01805 1.51697 0.287997
data/frame-000560.color.jpg 0.269973 0.572294 0.705652 -0.318825 0.989161 1.50347 0.329946
data/frame-000561.color.jpg 0.271592 0.574504 0.704979 -0.314939 0.992379 1.50131 0.339751
data/frame-000562.color.jpg 0.273931 0.580567 0.70104 -0.310559 1.00145 1.48229 0.359959
data/frame-000563.color.jpg 0.286854 0.596246 0.694486 -0.282657 0.984435 1.4617 0.458615
data/frame-000564.color.jpg 0.290233 0.599578 0.691386 -0.279744 0.987459 1.45852 0.469831
data/frame-000565.color.jpg 0.292869 0.613043 0.677455 -0.281888 1.03335 1.42559 0.474328
data/frame-000566.color.jpg 0.293191 0.651613 0.639408 -0.283895 1.17164 1.31892 0.521981
data/frame-000567.color.jpg 0.294759 0.6559 0.633625 -0.285362 1.18979 1.30641 0.524698
data/frame-000568.color.jpg 0.313812 0.689229 0.590886 -0.278098 1.27425 1.21428 0.602518
data/frame-000569.color.jpg 0.314905 0.693121 0.587526 -0.274283 1.28071 1.20744 0.62124
data/frame-000570.color.jpg 0.31783 0.704298 0.576156 -0.266444 1.29541 1.17218 0.661689
data/frame-000571.color.jpg 0.326605 0.723408 0.550495 -0.258777 1.3298 1.10413 0.722234
data/frame-000572.color.jpg 0.326846 0.725979 0.548636 -0.255195 1.32774 1.09849 0.736867
data/frame-000573.color.jpg 0.330838 0.734319 0.536179 -0.252653 1.33869 1.06165 0.759881
data/frame-000574.color.jpg 0.347168 0.745093 0.514324 -0.244504 1.33549 1.0305 0.806257
data/frame-000575.color.jpg 0.349937 0.745647 0.511469 -0.244855 1.33642 1.02959 0.807314
data/frame-000576.color.jpg 0.360936 0.745946 0.50325 -0.245008 1.33747 1.03346 0.808847
data/frame-000577.color.jpg 0.367087 0.743665 0.500813 -0.247782 1.33705 1.04662 0.798812
data/frame-000578.color.jpg 0.381793 0.742082 0.485074 -0.261251 1.3555 1.0547 0.773207
data/frame-000579.color.jpg 0.390554 0.74082 0.477877 -0.265118 1.35457 1.06177 0.764139
data/frame-000580.color.jpg 0.391791 0.740467 0.477586 -0.264802 1.3513 1.06796 0.764211
data/frame-000581.color.jpg 0.39806 0.738711 0.473054 -0.268467 1.3503 1.07377 0.755159
data/frame-000582.color.jpg 0.406575 0.7374 0.462163 -0.278106 1.36249 1.0752 0.731452
data/frame-000583.color.jpg 0.407502 0.737011 0.462344 -0.277482 1.35909 1.07925 0.732668
data/frame-000584.color.jpg 0.412514 0.736129 0.461153 -0.27438 1.34835 1.09637 0.741795
data/frame-000585.color.jpg 0.426375 0.731421 0.45421 -0.277345 1.34138 1.12998 0.727517
data/frame-000586.color.jpg 0.428868 0.730176 0.452663 -0.279305 1.34056 1.13764 0.722493
data/frame-000587.color.jpg 0.437508 0.726264 0.44564 -0.287283 1.34612 1.14627 0.696943
data/frame-000588.color.jpg 0.44915 0.726848 0.434668 -0.28464 1.32709 1.16337 0.717537
data/frame-000589.color.jpg 0.447637 0.732008 0.431536 -0.2785 1.30311 1.15702 0.748897
data/frame-000590.color.jpg 0.447933 0.736298 0.427752 -0.272489 1.29629 1.14552 0.769168
data/frame-000591.color.jpg 0.448192 0.740554 0.422369 -0.268901 1.29018 1.12936 0.789162
data/frame-000592.color.jpg 0.446765 0.746318 0.419387 -0.259855 1.27715 1.12279 0.828825
data/frame-000593.color.jpg 0.445599 0.762469 0.404932 -0.236881 1.23187 1.085 0.915038
data/frame-000594.color.jpg 0.445199 0.766588 0.3999 -0.232854 1.22182 1.07223 0.930995
data/frame-000595.color.jpg 0.44657 0.769683 0.395548 -0.227389 1.20273 1.0591 0.949906
data/frame-000596.color.jpg 0.450357 0.783353 0.376199 -0.204966 1.1435 1.0361 1.01476
data/frame-000597.color.jpg 0.449262 0.787751 0.371642 -0.198734 1.12328 1.02982 1.03463
data/frame-000598.color.jpg 0.450976 0.786491 0.371077 -0.200884 1.11403 1.02566 1.02331
data/frame-000599.color.jpg 0.454473 0.791478 0.3622 -0.189287 1.07495 1.02154 1.04833
data/frame-000600.color.jpg 0.453476 0.791251 0.362854 -0.191358 1.06655 1.01923 1.04337
data/frame-000601.color.jpg 0.452444 0.797404 0.356749 -0.179366 1.01645 1.00818 1.06943
data/frame-000602.color.jpg 0.455781 0.798115 0.351803 -0.177512 0.999911 1.00344 1.06966
data/frame-000603.color.jpg 0.451887 0.801364 0.35034 -0.175714 0.996438 1.00037 1.08102
data/frame-000604.color.jpg 0.447808 0.819188 0.325084 -0.150731 0.905812 0.931004 1.15028
data/frame-000605.color.jpg 0.443912 0.831889 0.30398 -0.136011 0.836087 0.877249 1.18828
data/frame-000606.color.jpg 0.44148 0.833946 0.30316 -0.133133 0.827414 0.874216 1.19695
data/frame-000607.color.jpg 0.441397 0.837088 0.295817 -0.130173 0.813756 0.856857 1.20371
data/frame-000608.color.jpg 0.438698 0.839696 0.293108 -0.128617 0.803392 0.846795 1.21005
data/frame-000609.color.jpg 0.436664 0.842821 0.288383 -0.125748 0.791856 0.831065 1.21756
data/frame-000610.color.jpg 0.42923 0.848346 0.284558 -0.122872 0.775986 0.805887 1.23357
data/frame-000611.color.jpg 0.422443 0.853348 0.282089 -0.117326 0.763977 0.7701 1.24819
data/frame-000612.color.jpg 0.423058 0.854107 0.280878 -0.112389 0.754181 0.76203 1.25734
data/frame-000613.color.jpg 0.410041 0.86667 0.266282 -0.0992173 0.728125 0.693186 1.2884
data/frame-000614.color.jpg 0.402377 0.874378 0.255216 -0.0917611 0.72062 0.65312 1.30741
data/frame-000615.color.jpg 0.397774 0.880534 0.242847 -0.0863761 0.713127 0.62439 1.32735
data/frame-000616.color.jpg 0.395225 0.885688 0.228536 -0.0844144 0.710145 0.592752 1.3347
data/frame-000617.color.jpg 0.394545 0.888774 0.219742 -0.0782853 0.702988 0.574029 1.35289
data/frame-000618.color.jpg 0.396575 0.895734 0.192062 -0.0591724 0.65889 0.535572 1.39167
data/frame-000619.color.jpg 0.39648 0.898314 0.180415 -0.0573204 0.641989 0.525472 1.40433
data/frame-000620.color.jpg 0.399753 0.899725 0.168211 -0.0489627 0.620627 0.519406 1.42314
data/frame-000621.color.jpg 0.40074 0.901522 0.157315 -0.0437801 0.603919 0.507733 1.43928
data/frame-000622.color.jpg 0.416295 0.898474 0.134209 -0.0378217 0.580995 0.527473 1.46462
data/frame-000623.color.jpg 0.417279 0.898138 0.133556 -0.0372681 0.577602 0.534929 1.47069
data/frame-000624.color.jpg 0.426506 0.89469 0.127247 -0.0378089 0.575952 0.558081 1.46907
data/frame-000625.color.jpg 0.433666 0.891628 0.124904 -0.0365003 0.567272 0.582302 1.47767
data/frame-000626.color.jpg 0.439269 0.889168 0.122487 -0.0376877 0.572066 0.602741 1.47992
data/frame-000627.color.jpg 0.438277 0.889678 0.119256 -0.0465152 0.58877 0.600927 1.49008
data/frame-000628.color.jpg 0.439184 0.889311 0.11939 -0.0446101 0.590128 0.607791 1.49065
data/frame-000629.color.jpg 0.448644 0.884465 0.117094 -0.0522396 0.601849 0.638373 1.4896
data/frame-000630.color.jpg 0.453446 0.881762 0.118876 -0.0524585 0.601177 0.66931 1.49261
data/frame-000631.color.jpg 0.460868 0.877662 0.11974 -0.0545169 0.599361 0.700342 1.48613
data/frame-000632.color.jpg 0.461788 0.877015 0.121352 -0.0535765 0.598434 0.708145 1.48931
data/frame-000633.color.jpg 0.46432 0.87508 0.124205 -0.0567003 0.593837 0.722591 1.48742
data/frame-000634.color.jpg 0.470898 0.869789 0.132337 -0.0648827 0.600185 0.765967 1.45817
data/frame-000635.color.jpg 0.470447 0.868947 0.140232 -0.0628138 0.58349 0.789306 1.45245
data/frame-000636.color.jpg 0.477075 0.864482 0.144226 -0.0653359 0.577657 0.829396 1.42813
data/frame-000637.color.jpg 0.479439 0.862756 0.14574 -0.0674524 0.578777 0.841723 1.4206
data/frame-000638.color.jpg 0.489646 0.853105 0.16216 -0.0785076 0.562768 0.921782 1.37269
data/frame-000639.color.jpg 0.495124 0.848202 0.169001 -0.0827323 0.551345 0.963179 1.34756
data/frame-000640.color.jpg 0.497353 0.846886 0.169097 -0.0826468 0.548562 0.973907 1.33891
data/frame-000641.color.jpg 0.506169 0.840787 0.170537 -0.088252 0.540243 1.00757 1.308
data/frame-000642.color.jpg 0.511332 0.833054 0.183203 -0.104871 0.555373 1.0512 1.25945
data/frame-000643.color.jpg 0.513137 0.831346 0.184639 -0.107063 0.557762 1.05841 1.25001
data/frame-000644.color.jpg 0.516932 0.825982 0.192012 -0.116905 0.569612 1.0878 1.21647
data/frame-000645.color.jpg 0.517595 0.822525 0.200561 -0.123788 0.571373 1.11207 1.19486
data/frame-000646.color.jpg 0.520727 0.817074 0.214008 -0.124232 0.545029 1.1588 1.16399
data/frame-000647.color.jpg 0.520192 0.816789 0.216089 -0.124747 0.542041 1.16367 1.16181
data/frame-000648.color.jpg 0.518502 0.817844 0.218097 -0.121325 0.529178 1.17485 1.15808
data/frame-000649.color.jpg 0.512246 0.821782 0.214707 -0.1272 0.557448 1.17505 1.13922
data/frame-000650.color.jpg 0.511506 0.822338 0.213873 -0.127987 0.561659 1.17788 1.1345
data/frame-000651.color.jpg 0.511971 0.822329 0.210283 -0.132066 0.578319 1.18517 1.11549
data/frame-000652.color.jpg 0.52587 0.81327 0.20258 -0.144964 0.621299 1.28191 1.01183
data/frame-000653.color.jpg 0.524503 0.813697 0.203098 -0.146781 0.626312 1.2899 1.00394
data/frame-000654.color.jpg 0.521003 0.81659 0.199266 -0.148422 0.646607 1.29793 0.995734
data/frame-000655.color.jpg 0.523823 0.815488 0.194349 -0.151056 0.66435 1.33484 0.932738
data/frame-000656.color.jpg 0.523724 0.81537 0.194842 -0.151396 0.663085 1.34061 0.925481
data/frame-000657.color.jpg 0.526285 0.814064 0.193797 -0.150886 0.658594 1.35818 0.905051
data/frame-000658.color.jpg 0.52754 0.813645 0.192284 -0.150703 0.658893 1.36596 0.897144
data/frame-000659.color.jpg 0.53948 0.807102 0.18587 -0.151657 0.641684 1.41273 0.83878
data/frame-000660.color.jpg 0.541955 0.805476 0.185316 -0.152156 0.635878 1.4263 0.82073
data/frame-000661.color.jpg 0.543315 0.804745 0.18473 -0.151887 0.631995 1.43406 0.812418
data/frame-000662.color.jpg 0.553357 0.794785 0.193646 -0.156887 0.589816 1.48259 0.738794
data/frame-000663.color.jpg 0.564592 0.782552 0.207482 -0.160621 0.522394 1.53734 0.650353
data/frame-000664.color.jpg 0.564548 0.781578 0.209771 -0.162534 0.51322 1.54327 0.640572
data/frame-000665.color.jpg 0.566987 0.777604 0.215547 -0.165521 0.488047 1.55676 0.610428
data/frame-000666.color.jpg 0.569728 0.770762 0.22627 -0.173603 0.440016 1.57763 0.549647
data/frame-000667.color.jpg 0.570358 0.769331 0.22732 -0.176488 0.437573 1.57955 0.5392
data/frame-000668.color.jpg 0.57248 0.764815 0.232534 -0.182353 0.414524 1.593 0.508178
data/frame-000669.color.jpg 0.572176 0.76376 0.234126 -0.185662 0.410492 1.59442 0.50164
data/frame-000670.color.jpg 0.579595 0.750369 0.244926 -0.20255 0.380892 1.61747 0.423963
data/frame-000671.color.jpg 0.580436 0.747958 0.247363 -0.20607 0.374348 1.6229 0.413293
data/frame-000672.color.jpg 0.580304 0.747075 0.248534 -0.208224 0.372965 1.62337 0.408616
data/frame-000673.color.jpg 0.577044 0.749986 0.24943 -0.205733 0.338901 1.62807 0.407547
data/frame-000674.color.jpg 0.572532 0.752895 0.25131 -0.205425 0.329793 1.63414 0.403615
data/frame-000675.color.jpg 0.57369 0.750774 0.252145 -0.208904 0.329994 1.63819 0.391488
data/frame-000676.color.jpg 0.586971 0.732492 0.268256 -0.216701 0.256372 1.65332 0.29367
data/frame-000677.color.jpg 0.575508 0.732905 0.289666 -0.218481 0.189584 1.65305 0.290838
data/frame-000678.color.jpg 0.571197 0.733598 0.293612 -0.22217 0.186238 1.65306 0.294274
data/frame-000679.color.jpg 0.566289 0.733778 0.299216 -0.22662 0.181247 1.65672 0.298715
data/frame-000680.color.jpg 0.564221 0.732994 0.301197 -0.231635 0.181242 1.6585 0.295342
data/frame-000681.color.jpg 0.56754 0.726065 0.308485 -0.235721 0.135102 1.66247 0.269968
data/frame-000682.color.jpg 0.569287 0.721141 0.315633 -0.237158 0.0951451 1.66283 0.257474
data/frame-000683.color.jpg 0.568715 0.720913 0.317032 -0.237358 0.0831159 1.66153 0.257953
data/frame-000684.color.jpg 0.564101 0.714941 0.333335 -0.244003 0.0253009 1.65736 0.265524
data/frame-000685.color.jpg 0.559689 0.712301 0.341492 -0.250518 0.00268744 1.65231 0.276573
data/frame-000686.color.jpg 0.55743 0.712219 0.343764 -0.25267 -0.00201563 1.6517 0.28155
data/frame-000687.color.jpg 0.548896 0.709334 0.353892 -0.265177 -0.0361769 1.64007 0.304436
data/frame-000688.color.jpg 0.539765 0.700567 0.373714 -0.279639 -0.0973159 1.62021 0.331878
data/frame-000689.color.jpg 0.538117 0.699998 0.376585 -0.280386 -0.105184 1.61691 0.339245
data/frame-000690.color.jpg 0.532956 0.698922 0.382938 -0.284295 -0.122142 1.6094 0.359116
data/frame-000691.color.jpg 0.523901 0.695571 0.390197 -0.299091 -0.136723 1.60448 0.3802
data/frame-000692.color.jpg 0.522314 0.696245 0.389696 -0.300946 -0.137103 1.60375 0.380905
data/frame-000693.color.jpg 0.517425 0.700189 0.387427 -0.303164 -0.139354 1.59687 0.392847
data/frame-000694.color.jpg 0.514836 0.702027 0.387709 -0.302959 -0.141555 1.59504 0.400586
data/frame-000695.color.jpg 0.506922 0.70445 0.387454 -0.310901 -0.148824 1.59464 0.407518
data/frame-000696.color.jpg 0.506211 0.702691 0.389636 -0.313305 -0.160643 1.59271 0.402313
data/frame-000697.color.jpg 0.504332 0.701704 0.391529 -0.316173 -0.163736 1.5923 0.402442
data/frame-000698.color.jpg 0.501347 0.696393 0.409026 -0.310461 -0.247311 1.58666 0.421616
data/frame-000699.color.jpg 0.499626 0.690092 0.419491 -0.313328 -0.286896 1.57719 0.43092
data/frame-000700.color.jpg 0.496465 0.691283 0.422066 -0.312266 -0.292946 1.57594 0.446125
data/frame-000701.color.jpg 0.485951 0.697433 0.426691 -0.308826 -0.319683 1.55492 0.492078
data/frame-000702.color.jpg 0.479947 0.705566 0.425899 -0.300728 -0.347142 1.53906 0.528304
data/frame-000703.color.jpg 0.479105 0.706585 0.426844 -0.298328 -0.358511 1.53299 0.535235
data/frame-000704.color.jpg 0.46649 0.710933 0.435394 -0.295622 -0.420672 1.49778 0.6084
data/frame-000705.color.jpg 0.465946 0.711677 0.439443 -0.288617 -0.462935 1.48058 0.631868
data/frame-000706.color.jpg 0.463156 0.71128 0.44294 -0.288739 -0.478058 1.47388 0.649089
data/frame-000707.color.jpg 0.466761 0.714327 0.438089 -0.282752 -0.535929 1.44756 0.665024
data/frame-000708.color.jpg 0.463777 0.717933 0.438716 -0.277511 -0.570722 1.42692 0.688191
data/frame-000709.color.jpg 0.462389 0.719696 0.438867 -0.275009 -0.580164 1.41985 0.697265
data/frame-000710.color.jpg 0.457361 0.725298 0.437744 -0.270453 -0.633199 1.38074 0.732879
data/frame-000711.color.jpg 0.448721 0.730909 0.43708 -0.270893 -0.634562 1.36383 0.768191
data/frame-000712.color.jpg 0.434946 0.736516 0.444413 -0.266202 -0.660306 1.32841 0.825097
data/frame-000713.color.jpg 0.436092 0.735892 0.445854 -0.26363 -0.684152 1.30548 0.830543
data/frame-000714.color.jpg 0.434503 0.737212 0.446311 -0.261787 -0.688242 1.30567 0.83595
data/frame-000715.color.jpg 0.421523 0.745608 0.447112 -0.257835 -0.710211 1.279 0.885472
data/frame-000716.color.jpg 0.422551 0.749695 0.444119 -0.249331 -0.734458 1.24935 0.878875
data/frame-000717.color.jpg 0.424615 0.751229 0.439773 -0.248911 -0.73784 1.24868 0.873814
data/frame-000718.color.jpg 0.426712 0.760084 0.429086 -0.236801 -0.76267 1.2286 0.843698
data/frame-000719.color.jpg 0.430211 0.759289 0.426682 -0.237364 -0.763401 1.24578 0.834049
data/frame-000720.color.jpg 0.422563 0.767973 0.4235 -0.228705 -0.771423 1.23445 0.844994
data/frame-000721.color.jpg 0.421894 0.771272 0.418958 -0.227197 -0.766167 1.23087 0.836133
data/frame-000722.color.jpg 0.413093 0.792989 0.393137 -0.214399 -0.738173 1.22751 0.821083
data/frame-000723.color.jpg 0.408219 0.804962 0.380737 -0.201081 -0.730611 1.21065 0.806877
data/frame-000724.color.jpg 0.412986 0.807763 0.372707 -0.195066 -0.734512 1.20486 0.776807
data/frame-000725.color.jpg 0.413284 0.808189 0.368403 -0.200765 -0.725748 1.21105 0.772799
data/frame-000726.color.jpg 0.419401 0.804354 0.364451 -0.210456 -0.722123 1.19836 0.723094
data/frame-000727.color.jpg 0.42211 0.799837 0.369441 -0.213538 -0.740008 1.1959 0.722633
data/frame-000728.color.jpg 0.416906 0.796629 0.383361 -0.211201 -0.784347 1.16006 0.74052
data/frame-000729.color.jpg 0.410775 0.79974 0.396925 -0.184745 -0.877463 1.06502 0.751899
data/frame-000730.color.jpg 0.413994 0.798683 0.395831 -0.184477 -0.893485 1.04865 0.74098
data/frame-000731.color.jpg 0.412055 0.799341 0.396985 -0.183488 -0.915676 1.03427 0.746698
data/frame-000732.color.jpg 0.408894 0.801012 0.398136 -0.180757 -0.935238 1.0187 0.753469
data/frame-000733.color.jpg 0.409277 0.801431 0.399033 -0.175993 -0.961109 0.986899 0.748062
data/frame-000734.color.jpg 0.404455 0.803159 0.400862 -0.175105 -0.972336 0.975242 0.761772
data/frame-000735.color.jpg 0.395271 0.80826 0.405054 -0.162505 -1.00797 0.927094 0.775682
data/frame-000736.color.jpg 0.390607 0.812185 0.404565 -0.15527 -1.02025 0.901884 0.775426
data/frame-000737.color.jpg 0.388388 0.813502 0.404983 -0.152837 -1.02492 0.895771 0.777927
data/frame-000738.color.jpg 0.38527 0.819295 0.398928 -0.145533 -1.031 0.89109 0.765211
data/frame-000739.color.jpg 0.38756 0.822776 0.391509 -0.139853 -1.03541 0.896608 0.74561
data/frame-000740.color.jpg 0.388309 0.82684 0.383069 -0.137148 -1.04047 0.910729 0.729966
data/frame-000741.color.jpg 0.394244 0.833105 0.367223 -0.125118 -1.04033 0.930874 0.685036
data/frame-000742.color.jpg 0.398746 0.838213 0.351614 -0.121524 -1.04265 0.958369 0.650423
data/frame-000743.color.jpg 0.412818 0.83696 0.337367 -0.123543 -1.04288 0.99872 0.605996
data/frame-000744.color.jpg 0.421721 0.834928 0.331189 -0.123937 -1.05122 1.0296 0.581355
data/frame-000745.color.jpg 0.447522 0.827328 0.316984 -0.121543 -1.05362 1.06952 0.50091
data/frame-000746.color.jpg 0.460991 0.822845 0.308804 -0.12269 -1.04815 1.09903 0.462301
data/frame-000747.color.jpg 0.479141 0.811666 0.3065 -0.132967 -1.07037 1.15273 0.425826
data/frame-000748.color.jpg 0.502421 0.794397 0.306297 -0.150626 -1.06879 1.20039 0.391953
data/frame-000749.color.jpg 0.50551 0.791305 0.30654 -0.155978 -1.06344 1.20552 0.387276
data/frame-000750.color.jpg 0.511626 0.782609 0.309611 -0.172924 -1.05179 1.23411 0.397368
data/frame-000751.color.jpg 0.521252 0.770701 0.311941 -0.192376 -1.03068 1.2777 0.394534
data/frame-000752.color.jpg 0.527344 0.764897 0.312464 -0.198007 -1.02506 1.30022 0.391829
data/frame-000753.color.jpg 0.537424 0.753031 0.312651 -0.215335 -1.01536 1.34901 0.387671
data/frame-000754.color.jpg 0.538775 0.749236 0.316472 -0.219574 -1.01919 1.35482 0.397151
data/frame-000755.color.jpg 0.542119 0.745945 0.318353 -0.219826 -1.02133 1.36352 0.39406
data/frame-000756.color.jpg 0.549151 0.740447 0.317356 -0.222387 -1.021 1.37896 0.374509
data/frame-000757.color.jpg 0.5512 0.739405 0.315996 -0.222723 -1.01885 1.38389 0.366319
data/frame-000758.color.jpg 0.557316 0.734701 0.313278 -0.22687 -1.01545 1.40954 0.344958
data/frame-000759.color.jpg 0.560276 0.73139 0.314655 -0.22837 -1.02296 1.42404 0.342576
data/frame-000760.color.jpg 0.562448 0.728992 0.316755 -0.22779 -1.02993 1.42614 0.338352
data/frame-000761.color.jpg 0.562769 0.726141 0.320031 -0.231495 -1.0333 1.42997 0.347156
data/frame-000762.color.jpg 0.564375 0.723386 0.321289 -0.234451 -1.02787 1.43929 0.345863
data/frame-000763.color.jpg 0.569125 0.715502 0.323803 -0.243528 -1.02568 1.45486 0.339278
data/frame-000764.color.jpg 0.571919 0.710215 0.325701 -0.249845 -1.02571 1.46465 0.333839
data/frame-000765.color.jpg 0.576871 0.703938 0.325226 -0.256747 -1.0216 1.47637 0.319042
data/frame-000766.color.jpg 0.580683 0.69881 0.326145 -0.260963 -1.01724 1.49071 0.308772
data/frame-000767.color.jpg 0.581652 0.695766 0.326685 -0.266211 -1.00574 1.50384 0.308053
data/frame-000768.color.jpg 0.58336 0.693469 0.326506 -0.268673 -1.00357 1.50392 0.300199
data/frame-000769.color.jpg 0.586205 0.686246 0.328761 -0.278112 -0.986528 1.53209 0.293443
data/frame-000770.color.jpg 0.591059 0.680931 0.328999 -0.280608 -0.987627 1.53533 0.273881
data/frame-000771.color.jpg 0.595514 0.676669 0.328817 -0.281712 -0.987232 1.54258 0.257226
data/frame-000772.color.jpg 0.600013 0.66941 0.332929 -0.284663 -0.999486 1.54347 0.244122
data/frame-000773.color.jpg 0.606471 0.662326 0.33341 -0.286974 -1.00389 1.55002 0.218819
data/frame-000774.color.jpg 0.613434 0.652588 0.334186 -0.293507 -1.0042 1.55385 0.192024
data/frame-000775.color.jpg 0.618841 0.642257 0.332601 -0.306461 -0.99128 1.57606 0.164783
data/frame-000776.color.jpg 0.620132 0.640953 0.332063 -0.307166 -0.988921 1.58378 0.158197
data/frame-000777.color.jpg 0.626536 0.635389 0.327331 -0.310786 -0.979464 1.59903 0.125799
data/frame-000778.color.jpg 0.641904 0.621365 0.322722 -0.312595 -1.00544 1.60915 0.0619876
data/frame-000779.color.jpg 0.649969 0.615122 0.319698 -0.31138 -1.02117 1.60959 0.026191
data/frame-000780.color.jpg 0.658016 0.609385 0.315746 -0.309789 -1.03401 1.61447 -0.011638
data/frame-000781.color.jpg 0.659341 0.607903 0.316042 -0.309581 -1.0407 1.61372 -0.0161222
data/frame-000782.color.jpg 0.663865 0.604723 0.312472 -0.309766 -1.0437 1.61414 -0.0404143
data/frame-000783.color.jpg 0.675217 0.596935 0.304425 -0.308343 -1.04842 1.61908 -0.0960442
data/frame-000784.color.jpg 0.677076 0.594594 0.306338 -0.306892 -1.06815 1.62032 -0.100875
data/frame-000785.color.jpg 0.683281 0.590121 0.302564 -0.305514 -1.06952 1.61694 -0.134797
data/frame-000786.color.jpg 0.687032 0.586833 0.299993 -0.30597 -1.07642 1.61781 -0.156427
data/frame-000787.color.jpg 0.688211 0.585779 0.298571 -0.306733 -1.07231 1.61737 -0.164253
data/frame-000788.color.jpg 0.688974 0.58091 0.299855 -0.312962 -1.0833 1.61298 -0.167684
data/frame-000789.color.jpg 0.693536 0.581057 0.292182 -0.309854 -1.06367 1.62483 -0.208315
data/frame-000790.color.jpg 0.698177 0.573859 0.289722 -0.315114 -1.06409 1.63386 -0.232384
data/frame-000791.color.jpg 0.702678 0.568401 0.284407 -0.319806 -1.04617 1.64552 -0.262615
data/frame-000792.color.jpg 0.706762 0.563782 0.281069 -0.321928 -1.04321 1.64541 -0.286291
data/frame-000793.color.jpg 0.706971 0.56109 0.282763 -0.324676 -1.05337 1.64316 -0.285802
data/frame-000794.color.jpg 0.709573 0.559576 0.27809 -0.325647 -1.03831 1.65127 -0.307675
data/frame-000795.color.jpg 0.71553 0.5549 0.271249 -0.326384 -1.03763 1.65505 -0.349961
data/frame-000796.color.jpg 0.717319 0.551109 0.269702 -0.330142 -1.0424 1.66164 -0.364248
data/frame-000797.color.jpg 0.722467 0.54744 0.261575 -0.331557 -1.02567 1.66232 -0.406616
data/frame-000798.color.jpg 0.72131 0.546936 0.26378 -0.333156 -1.03646 1.66952 -0.398085
data/frame-000799.color.jpg 0.724625 0.545034 0.258821 -0.332969 -1.02455 1.67074 -0.424297
data/frame-000800.color.jpg 0.730207 0.53937 0.253421 -0.334149 -1.02629 1.67339 -0.464099
data/frame-000801.color.jpg 0.733131 0.536835 0.24413 -0.338715 -0.996297 1.68625 -0.499863
data/frame-000802.color.jpg 0.734887 0.533074 0.241209 -0.342916 -0.994783 1.68351 -0.517733
data/frame-000803.color.jpg 0.734245 0.53573 0.239154 -0.341589 -0.981988 1.69564 -0.517966
data/frame-000804.color.jpg 0.73689 0.528818 0.238835 -0.346847 -0.993359 1.67445 -0.531831
data/frame-000805.color.jpg 0.734606 0.53335 0.2408 -0.343376 -1.00041 1.687 -0.516091
data/frame-000806.color.jpg 0.737241 0.532924 0.237584 -0.34062 -0.991147 1.68171 -0.535688
