data/frame-000000.color.jpg 0.218637 0.634965 -0.638927 0.375220 -1.680308 -2.572712 4.731073 0.592217 0.013017
data/frame-000001.color.jpg 0.221047 0.635302 -0.637581 0.375527 -1.681000 -2.554548 4.747605 0.443249 0.010050
data/frame-000002.color.jpg 0.217834 0.630809 -0.644172 0.373726 -1.754912 -2.577036 4.704787 0.503587 0.011079
data/frame-000003.color.jpg 0.202895 0.633047 -0.655609 0.358137 -1.784054 -2.795986 4.556998 0.530300 0.012722
data/frame-000004.color.jpg 0.190370 0.638911 -0.659733 0.346848 -1.755913 -2.978248 4.444225 0.286498 0.006802
data/frame-000005.color.jpg 0.167164 0.646639 -0.670030 0.323998 -1.736212 -3.304588 4.210066 0.302791 0.006362
data/frame-000006.color.jpg 0.150883 0.657335 -0.673812 0.301865 -1.655635 -3.580337 4.024824 0.492976 0.009765
data/frame-000007.color.jpg 0.142327 0.663179 -0.679613 0.279398 -1.577817 -3.779066 3.861851 0.805036 0.015574
data/frame-000008.color.jpg 0.136511 0.667015 -0.682492 0.265820 -1.528673 -3.901165 3.758453 1.097514 0.021614
data/frame-000009.color.jpg 0.133844 0.667517 -0.681412 0.268673 -1.528954 -3.903788 3.750290 0.955812 0.019127
data/frame-000010.color.jpg 0.135945 0.662706 -0.682227 0.277319 -1.602984 -3.831137 3.795370 0.572300 0.010723
data/frame-000011.color.jpg 0.149417 0.658097 -0.673448 0.301747 -1.644570 -3.597874 4.001915 0.180709 0.005381
data/frame-000012.color.jpg 0.175588 0.654715 -0.665419 0.312625 -1.579272 -3.338691 4.248938 0.117977 0.003266
data/frame-000013.color.jpg 0.196760 0.648887 -0.656090 0.331326 -1.571242 -3.055897 4.470510 0.387009 0.007172
data/frame-000014.color.jpg 0.205042 0.645842 -0.651911 0.340378 -1.585151 -2.930128 4.557835 0.330003 0.004944
data/frame-000015.color.jpg 0.213595 0.645000 -0.645489 0.348850 -1.565259 -2.808685 4.647808 0.278401 0.002680
data/frame-000016.color.jpg 0.223426 0.645070 -0.637760 0.356690 -1.525464 -2.682826 4.743930 0.391564 0.004991
data/frame-000017.color.jpg 0.242837 0.645653 -0.627011 0.361966 -1.416635 -2.488712 4.893992 0.529524 0.006704
data/frame-000018.color.jpg 0.253229 0.642962 -0.618541 0.374008 -1.405530 -2.314541 4.986768 0.413437 0.004228
data/frame-000019.color.jpg 0.266834 0.639295 -0.610235 0.384337 -1.381060 -2.111218 5.089611 0.400311 0.003572
data/frame-000020.color.jpg 0.264968 0.642210 -0.600092 0.396546 -1.376678 -2.041152 5.122666 0.648852 0.016025
data/frame-000021.color.jpg 0.267679 0.650749 -0.585838 0.402079 -1.260312 -1.983091 5.180679 0.424499 0.010483
data/frame-000022.color.jpg 0.278331 0.662831 -0.565788 0.403821 -1.023733 -1.875564 5.273887 0.453029 0.010860
data/frame-000023.color.jpg 0.288025 0.679087 -0.548329 0.393977 -0.705416 -1.856615 5.327936 0.132135 0.000658
data/frame-000024.color.jpg 0.302075 0.697637 -0.530458 0.375057 -0.284680 -1.855869 5.365129 0.098768 0.001002
data/frame-000025.color.jpg 0.320792 0.716297 -0.506912 0.356442 0.184948 -1.789341 5.398223 0.200642 0.001062
data/frame-000026.color.jpg 0.329673 0.726145 -0.489750 0.352383 0.426041 -1.707181 5.416418 0.152091 0.002605
data/frame-000027.color.jpg 0.342866 0.734230 -0.476020 0.341693 0.695425 -1.628918 5.418394 0.325875 0.005779
data/frame-000028.color.jpg 0.350736 0.742328 -0.463490 0.333332 0.913817 -1.580697 5.402506 0.462823 0.008957
data/frame-000029.color.jpg 0.363504 0.757512 -0.440081 0.316810 1.312802 -1.498919 5.347200 0.476603 0.011757
data/frame-000030.color.jpg 0.371517 0.769829 -0.421189 0.303214 1.621275 -1.446373 5.279864 0.440794 0.007256
data/frame-000031.color.jpg 0.379800 0.779651 -0.404156 0.290782 1.898187 -1.384778 5.206142 0.241205 0.002756
data/frame-000032.color.jpg 0.385000 0.785267 -0.396269 0.279467 2.087281 -1.374671 5.136716 0.374173 0.006490
data/frame-000033.color.jpg 0.396459 0.781383 -0.401823 0.266081 2.214072 -1.384180 5.084311 0.387092 0.009895
data/frame-000034.color.jpg 0.405017 0.778177 -0.402104 0.262133 2.288635 -1.337948 5.070737 0.266921 0.003544
data/frame-000035.color.jpg 0.403606 0.774026 -0.410020 0.264329 2.244464 -1.378024 5.089694 0.397509 0.006546
data/frame-000036.color.jpg 0.408291 0.763756 -0.424573 0.264032 2.174181 -1.407890 5.127929 0.510937 0.012079
data/frame-000037.color.jpg 0.400657 0.759846 -0.434537 0.270714 2.055826 -1.480946 5.170985 0.278518 0.007303
data/frame-000038.color.jpg 0.395455 0.761169 -0.434299 0.274991 2.049196 -1.495145 5.183989 0.262741 0.006116
data/frame-000039.color.jpg 0.402628 0.766273 -0.423253 0.267533 2.216475 -1.442711 5.132139 0.278691 0.007036
data/frame-000040.color.jpg 0.408234 0.785350 -0.391848 0.251047 2.604033 -1.357605 4.965337 0.140354 0.003920
data/frame-000041.color.jpg 0.408180 0.796267 -0.377545 0.238344 2.799813 -1.353512 4.842097 0.524851 0.009132
data/frame-000042.color.jpg 0.410863 0.813889 -0.339811 0.230880 3.093392 -1.150473 4.679478 0.535007 0.008230
data/frame-000043.color.jpg 0.408633 0.822464 -0.328409 0.220724 3.216808 -1.156874 4.567325 0.676232 0.014134
data/frame-000044.color.jpg 0.415354 0.823480 -0.321646 0.214255 3.294381 -1.109885 4.504094 0.365889 0.006457
data/frame-000045.color.jpg 0.426608 0.827481 -0.301029 0.206545 3.468884 -0.940734 4.397948 0.245893 0.002958
data/frame-000046.color.jpg 0.434187 0.834643 -0.281046 0.189384 3.692200 -0.857641 4.217123 0.414908 0.008402
data/frame-000047.color.jpg 0.440608 0.839880 -0.263476 0.176200 3.873823 -0.771952 4.064951 0.403833 0.004250
data/frame-000048.color.jpg 0.443554 0.846149 -0.244952 0.165196 4.037013 -0.683694 3.916653 0.404625 0.008085
data/frame-000049.color.jpg 0.449325 0.848585 -0.231674 0.156006 4.153834 -0.599525 3.798666 0.476982 0.006388
data/frame-000050.color.jpg 0.454780 0.852396 -0.211700 0.147575 4.288996 -0.452090 3.656265 0.680850 0.008375
data/frame-000051.color.jpg 0.459669 0.852870 -0.201942 0.143306 4.337647 -0.371553 3.579758 0.695065 0.008910
data/frame-000052.color.jpg 0.457019 0.856001 -0.197253 0.139595 4.354536 -0.381898 3.518984 0.527238 0.008002
data/frame-000053.color.jpg 0.447306 0.855574 -0.209813 0.154562 4.187975 -0.448512 3.660474 0.086035 0.001497
data/frame-000054.color.jpg 0.440467 0.851225 -0.230076 0.168731 4.005936 -0.555197 3.823473 0.164537 0.003427
data/frame-000055.color.jpg 0.439166 0.843117 -0.249671 0.184259 3.819336 -0.610348 3.991212 0.139495 0.001063
data/frame-000056.color.jpg 0.430281 0.829672 -0.285187 0.212535 3.462595 -0.736386 4.270792 0.253063 0.003562
data/frame-000057.color.jpg 0.424895 0.824780 -0.297120 0.225659 3.312795 -0.767344 4.376310 0.356773 0.003671
data/frame-000058.color.jpg 0.421682 0.820307 -0.306019 0.235867 3.201464 -0.780644 4.453544 0.552060 0.005774
data/frame-000059.color.jpg 0.410907 0.817556 -0.317633 0.248731 3.051001 -0.855509 4.539900 0.529142 0.005587
data/frame-000060.color.jpg 0.395623 0.820122 -0.327628 0.252075 2.961783 -1.017643 4.556597 0.739921 0.009177
data/frame-000061.color.jpg 0.390247 0.832635 -0.315352 0.234476 3.151115 -1.129106 4.381612 0.789269 0.006261
data/frame-000062.color.jpg 0.403428 0.836822 -0.299235 0.217789 3.367383 -1.048791 4.243473 0.845005 0.006186
data/frame-000063.color.jpg 0.401227 0.843222 -0.293067 0.205197 3.477636 -1.101695 4.147621 0.620429 0.005219
data/frame-000064.color.jpg 0.401728 0.852272 -0.275167 0.191128 3.664084 -1.066568 4.011203 0.389937 0.002940
data/frame-000065.color.jpg 0.400151 0.859426 -0.260105 0.183336 3.789265 -1.020434 3.917688 0.318235 0.007116
data/frame-000066.color.jpg 0.389019 0.871534 -0.246305 0.168601 3.926892 -1.089371 3.777238 0.168405 0.005282
data/frame-000067.color.jpg 0.386307 0.875486 -0.239058 0.164751 3.980133 -1.079292 3.730222 0.275481 0.007502
data/frame-000068.color.jpg 0.372141 0.884764 -0.232983 0.156278 4.044907 -1.164629 3.640100 0.263783 0.006924
data/frame-000069.color.jpg 0.366034 0.888778 -0.235790 0.143163 4.085088 -1.309131 3.553100 0.370910 0.008041
data/frame-000070.color.jpg 0.357845 0.894566 -0.231397 0.134737 4.148905 -1.391114 3.488011 0.379473 0.008599
data/frame-000071.color.jpg 0.345151 0.901984 -0.225877 0.127576 4.219856 -1.459347 3.402428 0.321638 0.006261
data/frame-000072.color.jpg 0.336700 0.908571 -0.218017 0.116619 4.323443 -1.504619 3.278062 0.238021 0.002730
data/frame-000073.color.jpg 0.332629 0.910711 -0.215938 0.115473 4.347166 -1.521499 3.255880 0.304838 0.002231
data/frame-000074.color.jpg 0.323670 0.915550 -0.210160 0.113307 4.402107 -1.531558 3.203863 0.465748 0.006364
data/frame-000075.color.jpg 0.323451 0.914858 -0.212237 0.115627 4.401235 -1.545589 3.232944 0.349778 0.002678
data/frame-000076.color.jpg 0.329884 0.909988 -0.221161 0.119102 4.371004 -1.574996 3.307306 0.206638 0.003270
data/frame-000077.color.jpg 0.332708 0.908066 -0.224953 0.118815 4.373460 -1.590914 3.326532 0.331437 0.004374
data/frame-000078.color.jpg 0.331807 0.907037 -0.226131 0.126698 4.362077 -1.568348 3.404102 0.425164 0.008148
data/frame-000079.color.jpg 0.333077 0.901661 -0.238262 0.138917 4.253752 -1.607226 3.550814 0.333016 0.006250
data/frame-000080.color.jpg 0.333713 0.892134 -0.261090 0.156732 4.041123 -1.698153 3.771313 0.643433 0.010834
data/frame-000081.color.jpg 0.328031 0.884961 -0.282638 0.171335 3.839540 -1.824270 3.939064 0.518243 0.008408
data/frame-000082.color.jpg 0.328962 0.874725 -0.303542 0.185751 3.627464 -1.900252 4.114344 0.369527 0.003153
data/frame-000083.color.jpg 0.338706 0.864709 -0.317371 0.191917 3.523265 -1.899466 4.226480 0.649189 0.010144
data/frame-000084.color.jpg 0.347247 0.851259 -0.335757 0.205050 3.327248 -1.889794 4.405180 0.770347 0.012499
data/frame-000085.color.jpg 0.345910 0.844681 -0.346462 0.216390 3.186173 -1.905624 4.521221 0.421007 0.006613
data/frame-000086.color.jpg 0.343877 0.841252 -0.351894 0.224087 3.098433 -1.915506 4.590893 0.536516 0.007897
data/frame-000087.color.jpg 0.337999 0.842353 -0.350032 0.231680 3.065960 -1.905694 4.637008 0.409956 0.007459
data/frame-000088.color.jpg 0.331857 0.841193 -0.354856 0.237365 2.983037 -1.952949 4.677611 0.387222 0.008749
data/frame-000089.color.jpg 0.328175 0.837861 -0.366534 0.236523 2.890374 -2.057620 4.692159 0.690091 0.013288
data/frame-000090.color.jpg 0.338971 0.839308 -0.356359 0.231667 3.024307 -1.950505 4.662312 0.527873 0.009549
data/frame-000091.color.jpg 0.362546 0.850028 -0.322532 0.204903 3.484787 -1.696119 4.431852 0.623280 0.009442
data/frame-000092.color.jpg 0.387918 0.855729 -0.291142 0.180231 3.853445 -1.428061 4.189765 0.727475 0.012833
data/frame-000093.color.jpg 0.402465 0.860943 -0.263721 0.165078 4.099447 -1.202955 3.992296 0.796570 0.013611
data/frame-000094.color.jpg 0.411218 0.864068 -0.244761 0.156138 4.252705 -1.045043 3.859913 0.778020 0.014543
data/frame-000095.color.jpg 0.435202 0.869776 -0.200500 0.117851 4.657447 -0.741028 3.381950 0.702603 0.014358
data/frame-000096.color.jpg 0.444495 0.870964 -0.186712 0.094785 4.829518 -0.700797 3.130706 0.362256 0.007694
data/frame-000097.color.jpg 0.460082 0.871293 -0.155325 0.071039 5.054319 -0.478188 2.787673 0.487040 0.009083
data/frame-000098.color.jpg 0.470221 0.869557 -0.138508 0.059818 5.165658 -0.343162 2.612447 0.340930 0.004698
data/frame-000099.color.jpg 0.481269 0.866856 -0.124569 0.037725 5.294683 -0.290623 2.349817 0.467421 0.003886
data/frame-000100.color.jpg 0.487360 0.864807 -0.116365 0.032360 5.342872 -0.217944 2.261537 0.486167 0.010316
data/frame-000101.color.jpg 0.500286 0.860692 -0.092233 0.020413 5.457148 -0.011391 2.022856 0.403810 0.008267
data/frame-000102.color.jpg 0.505723 0.859397 -0.075206 0.005028 5.554149 0.078225 1.787728 0.423737 0.007219
data/frame-000103.color.jpg 0.511418 0.856241 -0.072735 -0.003612 5.593577 0.072477 1.690203 0.519671 0.009027
data/frame-000104.color.jpg 0.516263 0.853512 -0.070164 -0.008224 5.618783 0.087040 1.630235 0.543158 0.008331
data/frame-000105.color.jpg 0.525318 0.849451 -0.047014 -0.016251 5.683616 0.286336 1.418386 0.480894 0.007562
data/frame-000106.color.jpg 0.526864 0.848686 -0.039280 -0.024549 5.717442 0.312905 1.294658 0.616434 0.009368
data/frame-000107.color.jpg 0.526455 0.849117 -0.030358 -0.030403 5.741517 0.359026 1.187107 0.755341 0.010434
data/frame-000108.color.jpg 0.524429 0.850368 -0.025138 -0.034873 5.761310 0.372240 1.115979 0.566170 0.007877
data/frame-000109.color.jpg 0.518775 0.853513 -0.005968 -0.048504 5.812041 0.457187 0.879356 0.723983 0.012560
data/frame-000110.color.jpg 0.518591 0.853258 0.002245 -0.054860 5.833672 0.493725 0.769239 0.468010 0.007060
data/frame-000111.color.jpg 0.506932 0.857961 0.032779 -0.076473 5.880906 0.628025 0.392042 0.599348 0.011251
data/frame-000112.color.jpg 0.499277 0.860866 0.047850 -0.085685 5.890802 0.706528 0.224461 0.846064 0.014621
data/frame-000113.color.jpg 0.488556 0.864703 0.067344 -0.095220 5.916276 0.805474 0.030546 0.251538 0.004022
data/frame-000114.color.jpg 0.479646 0.867851 0.075096 -0.105523 5.922638 0.804632 -0.110250 0.261561 0.005463
data/frame-000115.color.jpg 0.473397 0.870817 0.076218 -0.108461 5.930652 0.786465 -0.142100 0.494088 0.012089
data/frame-000116.color.jpg 0.463431 0.875997 0.079141 -0.107694 5.926305 0.804080 -0.137505 0.426979 0.008460
data/frame-000117.color.jpg 0.437489 0.888702 0.087956 -0.105242 5.919100 0.845486 -0.131785 0.306588 0.007627
data/frame-000118.color.jpg 0.431430 0.891633 0.088401 -0.105085 5.919485 0.841052 -0.124067 0.255783 0.004718
data/frame-000119.color.jpg 0.424479 0.895291 0.089573 -0.101236 5.920282 0.855325 -0.080765 0.404838 0.007786
data/frame-000120.color.jpg 0.416524 0.899301 0.091686 -0.096740 5.920363 0.882707 -0.034108 0.422929 0.007733
data/frame-000121.color.jpg 0.408591 0.904405 0.084295 -0.089435 5.952491 0.816682 0.094439 0.334702 0.006270
data/frame-000122.color.jpg 0.399947 0.909394 0.074625 -0.086461 5.979066 0.703894 0.187737 0.440358 0.007419
data/frame-000123.color.jpg 0.388665 0.914949 0.061912 -0.089305 6.020038 0.521566 0.234314 0.502492 0.008504
data/frame-000124.color.jpg 0.383790 0.917200 0.061452 -0.087603 6.028669 0.514411 0.262536 0.175745 0.004091
data/frame-000125.color.jpg 0.380146 0.919224 0.059574 -0.083471 6.038187 0.504522 0.323204 0.069563 0.002210
data/frame-000126.color.jpg 0.370810 0.923794 0.051853 -0.080099 6.046040 0.405215 0.398437 0.409921 0.009133
data/frame-000127.color.jpg 0.355339 0.930064 0.052076 -0.077480 6.062299 0.375020 0.438485 0.675299 0.011754
data/frame-000128.color.jpg 0.350480 0.931530 0.056010 -0.079235 6.065058 0.399411 0.405921 0.900695 0.014550
data/frame-000129.color.jpg 0.348508 0.932101 0.054363 -0.082311 6.083087 0.359063 0.379859 0.752320 0.011591
data/frame-000130.color.jpg 0.335797 0.936398 0.062695 -0.080431 6.108650 0.424957 0.372485 0.350913 0.006186
data/frame-000131.color.jpg 0.327013 0.939970 0.056285 -0.079689 6.121874 0.330529 0.408764 0.293106 0.007532
data/frame-000132.color.jpg 0.323852 0.941130 0.053951 -0.080519 6.122239 0.289431 0.410250 0.365801 0.007440
data/frame-000133.color.jpg 0.317325 0.943500 0.050977 -0.080708 6.124688 0.237139 0.421602 0.406898 0.008561
data/frame-000134.color.jpg 0.310668 0.945299 0.052694 -0.084372 6.123065 0.224324 0.371105 0.660605 0.013762
data/frame-000135.color.jpg 0.303507 0.947693 0.047483 -0.086648 6.128429 0.142359 0.365187 0.447386 0.009069
data/frame-000136.color.jpg 0.303681 0.947960 0.046228 -0.083738 6.128688 0.136641 0.402948 0.311962 0.007273
data/frame-000137.color.jpg 0.312438 0.945075 0.043230 -0.085713 6.125697 0.119729 0.394898 0.520375 0.011990
data/frame-000138.color.jpg 0.330634 0.938736 0.044009 -0.086717 6.134635 0.173769 0.384275 0.341900 0.006128
data/frame-000139.color.jpg 0.349676 0.931570 0.046314 -0.088085 6.146512 0.259232 0.361658 0.294875 0.001438
data/frame-000140.color.jpg 0.361769 0.926621 0.045530 -0.091781 6.160542 0.272180 0.322373 0.401036 0.008104
data/frame-000141.color.jpg 0.377032 0.919830 0.054641 -0.093674 6.175872 0.407757 0.253468 0.159948 0.002487
data/frame-000142.color.jpg 0.381670 0.917210 0.062251 -0.095803 6.181752 0.498642 0.193266 0.199907 0.004303
data/frame-000143.color.jpg 0.397953 0.907078 0.084451 -0.108213 6.193054 0.735410 -0.050478 0.309109 0.003540
data/frame-000144.color.jpg 0.399737 0.905012 0.090927 -0.113556 6.188598 0.787808 -0.139959 0.095226 0.004108
data/frame-000145.color.jpg 0.403852 0.902524 0.096380 -0.114301 6.183822 0.856606 -0.172633 0.321879 0.004257
data/frame-000146.color.jpg 0.453653 0.877959 0.083896 -0.127860 6.178305 0.762872 -0.300834 0.411102 0.006052
data/frame-000147.color.jpg 0.462460 0.875768 0.075677 -0.115902 6.183279 0.757224 -0.138691 0.382168 0.005779
data/frame-000148.color.jpg 0.465111 0.875581 0.069479 -0.110467 6.182421 0.725366 -0.053121 0.284507 0.004691
data/frame-000149.color.jpg 0.471902 0.874680 0.061867 -0.091741 6.163130 0.769076 0.161544 0.545028 0.008757
data/frame-000150.color.jpg 0.481016 0.871686 0.049621 -0.079533 6.134717 0.761190 0.283276 0.943075 0.015952
data/frame-000151.color.jpg 0.485420 0.869679 0.047872 -0.075727 6.117777 0.775600 0.308607 0.667632 0.009459
data/frame-000152.color.jpg 0.488038 0.869029 0.042887 -0.069051 6.104942 0.775506 0.387108 0.769278 0.011702
data/frame-000153.color.jpg 0.491900 0.867652 0.036557 -0.062272 6.090029 0.763620 0.471784 0.798395 0.013761
data/frame-000154.color.jpg 0.493466 0.867319 0.026984 -0.059335 6.078448 0.687641 0.542688 0.772007 0.014480
data/frame-000155.color.jpg 0.491533 0.869221 0.020669 -0.049233 6.071738 0.680722 0.685020 0.535682 0.009979
data/frame-000156.color.jpg 0.485294 0.873742 -0.008298 -0.031556 6.074515 0.466587 1.041511 0.848916 0.015156
data/frame-000157.color.jpg 0.483546 0.874610 -0.025318 -0.024475 6.079670 0.328529 1.218698 0.732762 0.014593
data/frame-000158.color.jpg 0.478223 0.876830 -0.044758 -0.021671 6.111185 0.128877 1.369828 0.907498 0.017957
data/frame-000159.color.jpg 0.476483 0.877600 -0.047919 -0.022042 6.124672 0.093649 1.387265 0.483593 0.009274
data/frame-000160.color.jpg 0.482368 0.874210 -0.054666 -0.009497 6.150370 0.119157 1.557997 0.708545 0.010585
data/frame-000161.color.jpg 0.485837 0.872332 -0.054198 -0.007839 6.190186 0.152906 1.577395 0.571249 0.009017
data/frame-000162.color.jpg 0.490209 0.869939 -0.052452 -0.012244 6.219342 0.160660 1.519733 0.598376 0.009902
data/frame-000163.color.jpg 0.494761 0.867962 -0.034383 -0.025891 6.313718 0.284113 1.265555 0.367857 0.005697
data/frame-000164.color.jpg 0.495607 0.867631 -0.028353 -0.028040 6.335984 0.337889 1.206760 0.371450 0.006335
data/frame-000165.color.jpg 0.501207 0.864404 -0.014069 -0.037413 6.399467 0.451388 1.014548 0.254823 0.001098
data/frame-000166.color.jpg 0.503213 0.863059 -0.009339 -0.042643 6.423495 0.475172 0.925724 0.398958 0.005049
data/frame-000167.color.jpg 0.507257 0.859897 0.007118 -0.056714 6.472347 0.574450 0.659567 0.593554 0.011539
data/frame-000168.color.jpg 0.506255 0.860029 0.011865 -0.062570 6.488925 0.582252 0.561397 0.343127 0.007089
data/frame-000169.color.jpg 0.509046 0.857649 0.023717 -0.068906 6.501942 0.676824 0.403830 0.178070 0.002399
data/frame-000170.color.jpg 0.510219 0.856241 0.030201 -0.074940 6.506315 0.708813 0.289773 0.292554 0.006592
data/frame-000171.color.jpg 0.511805 0.854513 0.034900 -0.081521 6.510077 0.720329 0.182064 0.247210 0.001648
data/frame-000172.color.jpg 0.515968 0.850640 0.045657 -0.090022 6.510161 0.789845 0.005114 0.402051 0.004190
data/frame-000173.color.jpg 0.515843 0.850600 0.048538 -0.089613 6.509640 0.824458 -0.011249 0.408122 0.006162
data/frame-000174.color.jpg 0.528010 0.839319 0.070987 -0.108212 6.468274 0.967598 -0.410725 0.381121 0.006035
data/frame-000175.color.jpg 0.532100 0.835934 0.077185 -0.110117 6.453227 1.027005 -0.486371 0.385572 0.005193
data/frame-000176.color.jpg 0.532042 0.830178 0.108096 -0.126695 6.350030 1.248269 -0.905503 0.189432 0.003843
data/frame-000177.color.jpg 0.526964 0.829853 0.123230 -0.135893 6.276596 1.354464 -1.122148 0.393326 0.006781
data/frame-000178.color.jpg 0.522173 0.830208 0.131591 -0.144133 6.221086 1.390570 -1.282006 0.181511 0.002871
data/frame-000179.color.jpg 0.518683 0.832646 0.132009 -0.142279 6.220230 1.409537 -1.264539 0.256501 0.005406
data/frame-000180.color.jpg 0.513317 0.834150 0.138874 -0.146332 6.182732 1.457176 -1.356301 0.204624 0.004471
data/frame-000181.color.jpg 0.512131 0.832500 0.148638 -0.150239 6.135519 1.536820 -1.467413 0.268450 0.005594
data/frame-000182.color.jpg 0.509487 0.831130 0.160363 -0.154694 6.076946 1.633552 -1.595400 0.302392 0.006077
data/frame-000183.color.jpg 0.501561 0.826355 0.191420 -0.170094 5.900411 1.867609 -1.943872 0.356698 0.005604
data/frame-000184.color.jpg 0.499278 0.822862 0.203041 -0.179983 5.818337 1.925002 -2.113379 0.333952 0.006659
data/frame-000185.color.jpg 0.495578 0.817475 0.222128 -0.191822 5.687768 2.040462 -2.336093 0.332638 0.006057
data/frame-000186.color.jpg 0.488140 0.817863 0.231466 -0.198097 5.626508 2.102077 -2.432558 0.443042 0.007529
data/frame-000187.color.jpg 0.479876 0.814865 0.247752 -0.210556 5.509409 2.192013 -2.616508 0.360011 0.006250
data/frame-000188.color.jpg 0.477198 0.813692 0.251367 -0.216798 5.475756 2.191590 -2.688257 0.305431 0.005019
data/frame-000189.color.jpg 0.477120 0.809906 0.256876 -0.224552 5.420868 2.196062 -2.793880 0.400180 0.006587
data/frame-000190.color.jpg 0.474048 0.802603 0.272594 -0.238328 5.293570 2.260835 -2.994142 0.328473 0.007019
data/frame-000191.color.jpg 0.478182 0.797023 0.270254 -0.251116 5.307027 2.123108 -3.070775 0.164741 0.004649
data/frame-000192.color.jpg 0.478493 0.796374 0.270611 -0.252195 5.308443 2.118695 -3.073342 0.065594 0.002888
data/frame-000193.color.jpg 0.479102 0.792209 0.276611 -0.257590 5.269162 2.126227 -3.128241 0.125414 0.002800
data/frame-000194.color.jpg 0.479758 0.790074 0.280955 -0.258226 5.244769 2.153860 -3.146432 0.353101 0.004704
data/frame-000195.color.jpg 0.478292 0.790720 0.281467 -0.258409 5.245304 2.159823 -3.135936 0.290211 0.005405
data/frame-000196.color.jpg 0.477620 0.789410 0.286990 -0.257580 5.246290 2.178892 -3.077066 0.214811 0.004490
data/frame-000197.color.jpg 0.476316 0.789660 0.288578 -0.257456 5.247333 2.191107 -3.065554 0.195622 0.003378
data/frame-000198.color.jpg 0.473943 0.789865 0.289660 -0.259977 5.234509 2.187114 -3.084996 0.206227 0.003536
data/frame-000199.color.jpg 0.472590 0.788332 0.295924 -0.260040 5.194245 2.246002 -3.103018 0.130084 0.001909
data/frame-000200.color.jpg 0.468927 0.779658 0.310956 -0.274859 5.018317 2.289158 -3.318090 0.371142 0.005080
data/frame-000201.color.jpg 0.460351 0.772617 0.334936 -0.280994 4.793518 2.488911 -3.469086 0.052399 0.002358
data/frame-000202.color.jpg 0.457852 0.768151 0.344284 -0.285980 4.694515 2.545461 -3.549646 0.156533 0.005386
data/frame-000203.color.jpg 0.447546 0.765561 0.358138 -0.292157 4.545708 2.642361 -3.628139 0.121320 0.004176
data/frame-000204.color.jpg 0.438893 0.768205 0.362115 -0.293440 4.507365 2.687441 -3.623585 0.155647 0.001909
data/frame-000205.color.jpg 0.435455 0.769473 0.364303 -0.292530 4.497969 2.719522 -3.607618 0.354133 0.006521
data/frame-000206.color.jpg 0.426275 0.771821 0.371449 -0.290875 4.448641 2.810505 -3.584283 0.391067 0.006700
data/frame-000207.color.jpg 0.417695 0.771855 0.379284 -0.293113 4.364816 2.882333 -3.605721 0.294397 0.004955
data/frame-000208.color.jpg 0.404732 0.778256 0.379963 -0.293492 4.357583 2.905530 -3.562101 0.276647 0.006995
data/frame-000209.color.jpg 0.400241 0.781230 0.382149 -0.288875 4.359441 2.957769 -3.502826 0.264921 0.007921
data/frame-000210.color.jpg 0.390448 0.785311 0.386709 -0.285119 4.342329 3.039220 -3.440279 0.314621 0.005126
data/frame-000211.color.jpg 0.380282 0.788564 0.390828 -0.284263 4.315750 3.097397 -3.404218 0.260167 0.004296
data/frame-000212.color.jpg 0.365958 0.788089 0.405738 -0.283491 4.183631 3.253464 -3.387331 0.231792 0.003590
data/frame-000213.color.jpg 0.363000 0.786895 0.411178 -0.282771 4.134602 3.305328 -3.383839 0.280749 0.005267
data/frame-000214.color.jpg 0.358260 0.781928 0.420690 -0.288543 4.011135 3.343593 -3.445888 0.201835 0.004849
data/frame-000215.color.jpg 0.352402 0.783015 0.426427 -0.284359 3.981652 3.424516 -3.396295 0.148771 0.004407
data/frame-000216.color.jpg 0.345018 0.788471 0.425012 -0.280430 4.025854 3.447601 -3.319813 0.231714 0.002472
data/frame-000217.color.jpg 0.331598 0.795438 0.421224 -0.282650 4.098364 3.431639 -3.280048 0.171593 0.001769
data/frame-000218.color.jpg 0.321965 0.798784 0.424723 -0.279096 4.103202 3.494354 -3.218985 0.189116 0.001414
data/frame-000219.color.jpg 0.319072 0.800122 0.427182 -0.274795 4.106695 3.540704 -3.169621 0.212597 0.003448
data/frame-000220.color.jpg 0.317128 0.791225 0.444249 -0.275744 3.965779 3.689715 -3.228475 0.402115 0.004935
data/frame-000221.color.jpg 0.323587 0.770351 0.467276 -0.288971 3.680904 3.812055 -3.462694 0.341001 0.000541
data/frame-000222.color.jpg 0.328532 0.759666 0.471880 -0.303815 3.567777 3.761874 -3.655443 0.485160 0.006596
data/frame-000223.color.jpg 0.331527 0.751563 0.477641 -0.311611 3.467984 3.765317 -3.767274 0.306457 0.004772
data/frame-000224.color.jpg 0.340758 0.741755 0.480750 -0.320254 3.383859 3.721994 -3.908286 0.375920 0.006354
data/frame-000225.color.jpg 0.346369 0.732522 0.486459 -0.326799 3.274085 3.714122 -4.020061 0.392177 0.007795
data/frame-000226.color.jpg 0.352336 0.723355 0.491429 -0.333339 3.183816 3.707156 -4.133747 0.241244 0.005905
data/frame-000227.color.jpg 0.352363 0.706719 0.508078 -0.343868 2.915950 3.767913 -4.289793 0.414310 0.006587
data/frame-000228.color.jpg 0.350036 0.682599 0.533150 -0.356768 2.499374 3.865921 -4.471707 0.605444 0.011966
data/frame-000229.color.jpg 0.349562 0.653239 0.556828 -0.375537 2.003862 3.883430 -4.695072 1.007215 0.017588
data/frame-000230.color.jpg 0.349779 0.643343 0.563302 -0.382696 1.831517 3.869982 -4.770369 0.140910 0.004681
data/frame-000231.color.jpg 0.347823 0.626685 0.574163 -0.395755 1.533955 3.837332 -4.894240 0.225567 0.003567
data/frame-000232.color.jpg 0.347263 0.615734 0.585979 -0.396117 1.328296 3.886487 -4.910769 0.321704 0.007846
data/frame-000233.color.jpg 0.341923 0.592049 0.606089 -0.406476 0.880722 3.906700 -4.988142 0.115242 0.003912
data/frame-000234.color.jpg 0.332479 0.570887 0.624931 -0.415941 0.461797 3.929730 -5.022818 0.218214 0.002795
data/frame-000235.color.jpg 0.323058 0.546046 0.642006 -0.430460 0.019939 3.889245 -5.072238 0.210248 0.004032
data/frame-000236.color.jpg 0.309638 0.513684 0.663598 -0.447092 -0.541240 3.824461 -5.085044 0.280934 0.007346
data/frame-000237.color.jpg 0.287526 0.461533 0.695122 -0.470237 -1.398666 3.696221 -4.999918 0.086235 0.005214
data/frame-000238.color.jpg 0.280577 0.449388 0.702078 -0.475828 -1.598856 3.656827 -4.954708 0.141253 0.004984
data/frame-000239.color.jpg 0.271017 0.438513 0.708214 -0.482379 -1.789679 3.631020 -4.899169 0.271919 0.007017
data/frame-000240.color.jpg 0.265581 0.429615 0.714861 -0.483602 -1.928398 3.626921 -4.850348 0.497584 0.011485
data/frame-000241.color.jpg 0.270053 0.430403 0.718424 -0.475069 -1.905362 3.665543 -4.850738 0.365675 0.010192
data/frame-000242.color.jpg 0.269180 0.448547 0.713323 -0.466388 -1.677181 3.812382 -4.865736 0.448197 0.011858
data/frame-000243.color.jpg 0.259535 0.459086 0.711099 -0.464994 -1.583911 3.936893 -4.839616 0.442230 0.010469
data/frame-000244.color.jpg 0.251567 0.473952 0.715130 -0.447966 -1.438131 4.182209 -4.729252 0.411944 0.008525
data/frame-000245.color.jpg 0.237517 0.462731 0.732683 -0.438909 -1.698426 4.310382 -4.542225 0.464518 0.006913
data/frame-000246.color.jpg 0.226681 0.423943 0.759971 -0.437415 -2.305930 4.230046 -4.349088 0.071764 0.002488
data/frame-000247.color.jpg 0.218962 0.374265 0.780061 -0.451095 -2.977995 3.937268 -4.220060 0.144746 0.004216
data/frame-000248.color.jpg 0.210537 0.343986 0.787932 -0.465307 -3.375438 3.726124 -4.124856 0.265863 0.004097
data/frame-000249.color.jpg 0.204624 0.331870 0.788305 -0.475991 -3.536010 3.622350 -4.085814 0.314596 0.007784
data/frame-000250.color.jpg 0.202676 0.301245 0.792424 -0.490140 -3.875068 3.338292 -4.010482 0.549415 0.010477
data/frame-000251.color.jpg 0.206030 0.286396 0.788698 -0.503472 -4.008718 3.138949 -4.038194 0.428853 0.007766
data/frame-000252.color.jpg 0.209873 0.278186 0.781795 -0.517071 -4.065786 2.976208 -4.101442 0.626097 0.013170
data/frame-000253.color.jpg 0.221222 0.273246 0.770758 -0.531347 -4.054263 2.789079 -4.250685 0.177746 0.002321
data/frame-000254.color.jpg 0.226785 0.270655 0.765431 -0.537987 -4.048160 2.693441 -4.319533 0.221281 0.003953
data/frame-000255.color.jpg 0.242682 0.264594 0.756380 -0.546795 -4.022434 2.483213 -4.472486 0.158946 0.003074
data/frame-000256.color.jpg 0.262733 0.265738 0.742825 -0.555487 -3.899047 2.288601 -4.687973 0.198583 0.005568
data/frame-000257.color.jpg 0.276941 0.269612 0.731799 -0.561323 -3.773604 2.170148 -4.849541 0.105335 0.002255
data/frame-000258.color.jpg 0.284595 0.270800 0.725421 -0.565188 -3.708648 2.085832 -4.934017 0.411334 0.009319
data/frame-000259.color.jpg 0.291980 0.273731 0.720447 -0.566370 -3.632317 2.042158 -5.011979 0.355683 0.008294
data/frame-000260.color.jpg 0.304415 0.275476 0.708674 -0.573781 -3.521855 1.897616 -5.145902 0.603793 0.014665
data/frame-000261.color.jpg 0.306547 0.274541 0.704670 -0.578011 -3.511559 1.842167 -5.174294 0.534582 0.010652
data/frame-000262.color.jpg 0.308410 0.274395 0.700328 -0.582349 -3.494363 1.789862 -5.203998 0.542601 0.013177
data/frame-000263.color.jpg 0.311005 0.270313 0.692899 -0.591691 -3.505039 1.675557 -5.236770 0.702377 0.017132
data/frame-000264.color.jpg 0.314356 0.265838 0.685643 -0.600336 -3.516176 1.550909 -5.268890 0.430232 0.008681
data/frame-000265.color.jpg 0.316662 0.261684 0.682508 -0.604508 -3.534642 1.470995 -5.277436 0.412452 0.009079
data/frame-000266.color.jpg 0.315857 0.258675 0.679846 -0.609205 -3.561558 1.417674 -5.271460 0.510259 0.010459
data/frame-000267.color.jpg 0.316163 0.257708 0.679551 -0.609785 -3.567912 1.400835 -5.268579 0.609008 0.013858
data/frame-000268.color.jpg 0.310564 0.258729 0.690515 -0.599832 -3.613451 1.538043 -5.196137 0.641909 0.013369
data/frame-000269.color.jpg 0.306095 0.255507 0.695114 -0.598196 -3.676795 1.570147 -5.137677 0.499490 0.010208
data/frame-000270.color.jpg 0.302006 0.252215 0.697817 -0.598524 -3.735498 1.575007 -5.089796 0.469773 0.009766
data/frame-000271.color.jpg 0.285405 0.231242 0.712582 -0.597744 -4.032925 1.574054 -4.840464 0.170333 0.003554
data/frame-000272.color.jpg 0.280393 0.225097 0.716746 -0.597483 -4.116786 1.574453 -4.763329 0.204845 0.005701
data/frame-000273.color.jpg 0.259845 0.201713 0.725920 -0.604014 -4.413915 1.513693 -4.475014 0.191356 0.002933
data/frame-000274.color.jpg 0.255180 0.194639 0.730145 -0.603230 -4.494576 1.502153 -4.388555 0.397247 0.008495
data/frame-000275.color.jpg 0.223158 0.161524 0.752251 -0.598522 -4.896804 1.503772 -3.882634 0.523336 0.013381
data/frame-000276.color.jpg 0.210781 0.155691 0.762984 -0.590921 -4.991078 1.582006 -3.708158 0.420496 0.010440
data/frame-000277.color.jpg 0.201267 0.152173 0.765468 -0.591941 -5.049295 1.616608 -3.603055 0.369853 0.009787
data/frame-000278.color.jpg 0.197358 0.148285 0.769323 -0.589240 -5.089833 1.627322 -3.532550 0.423167 0.010691
data/frame-000279.color.jpg 0.191474 0.145047 0.776764 -0.582183 -5.137834 1.676841 -3.431931 0.524138 0.012440
data/frame-000280.color.jpg 0.179599 0.134979 0.789654 -0.570939 -5.247622 1.718248 -3.214238 0.299908 0.009665
data/frame-000281.color.jpg 0.175816 0.133019 0.795582 -0.564309 -5.271872 1.754274 -3.139993 0.141467 0.005980
data/frame-000282.color.jpg 0.173277 0.131596 0.800319 -0.558701 -5.290920 1.784015 -3.085572 0.187486 0.006715
data/frame-000283.color.jpg 0.170516 0.127992 0.809108 -0.547619 -5.328187 1.807723 -2.995042 0.298500 0.007496
data/frame-000284.color.jpg 0.164917 0.118444 0.834722 -0.511872 -5.417973 1.874065 -2.752337 0.385132 0.009697
data/frame-000285.color.jpg 0.163141 0.115968 0.838439 -0.506908 -5.442474 1.874943 -2.701138 0.224611 0.004397
data/frame-000286.color.jpg 0.156666 0.114714 0.843370 -0.501022 -5.472105 1.922032 -2.604809 0.308689 0.006965
data/frame-000287.color.jpg 0.154726 0.114493 0.846504 -0.496370 -5.479671 1.944701 -2.565565 0.257209 0.006340
data/frame-000288.color.jpg 0.149205 0.113700 0.852495 -0.487916 -5.502579 1.993694 -2.470461 0.470287 0.010495
data/frame-000289.color.jpg 0.137577 0.105182 0.868607 -0.464253 -5.575469 2.028757 -2.221357 0.307690 0.008181
data/frame-000290.color.jpg 0.130615 0.097854 0.881860 -0.442365 -5.613982 2.038467 -2.039588 0.598243 0.012548
data/frame-000291.color.jpg 0.124956 0.094800 0.887061 -0.434190 -5.615614 2.050524 -1.935610 0.423052 0.006876
data/frame-000292.color.jpg 0.102610 0.064029 0.902773 -0.412761 -5.745347 1.895161 -1.473724 0.354097 0.006754
data/frame-000293.color.jpg 0.099371 0.055635 0.903926 -0.412246 -5.776503 1.823359 -1.400278 0.665516 0.012802
data/frame-000294.color.jpg 0.094876 0.046394 0.904272 -0.413687 -5.804991 1.748509 -1.314786 0.552206 0.009763
data/frame-000295.color.jpg 0.092863 0.034274 0.904342 -0.415171 -5.835791 1.626515 -1.243281 0.575933 0.009277
data/frame-000296.color.jpg 0.089006 0.029124 0.905391 -0.414123 -5.849656 1.600002 -1.173600 0.521325 0.008284
data/frame-000297.color.jpg 0.078937 0.007954 0.901389 -0.425680 -5.900662 1.421181 -1.000324 0.228916 0.006166
data/frame-000298.color.jpg 0.076387 0.006130 0.901445 -0.426057 -5.903505 1.415314 -0.964077 0.432663 0.008202
data/frame-000299.color.jpg 0.076265 -0.004079 0.900826 -0.427410 -5.917916 1.303999 -0.914877 0.333649 0.004763
data/frame-000300.color.jpg 0.073103 -0.009362 0.900406 -0.428762 -5.928018 1.262415 -0.857250 0.476123 0.010724
data/frame-000301.color.jpg 0.060070 -0.048671 0.897375 -0.434443 -5.965818 0.898900 -0.527781 0.335830 0.006514
data/frame-000302.color.jpg 0.059636 -0.056532 0.897510 -0.433272 -5.970940 0.814224 -0.479424 0.324942 0.006209
data/frame-000303.color.jpg 0.059072 -0.060422 0.897142 -0.433585 -5.968522 0.772236 -0.455169 0.312480 0.004593
data/frame-000304.color.jpg 0.045406 -0.094037 0.896927 -0.429671 -5.971515 0.475671 -0.120719 0.344223 0.002505
data/frame-000305.color.jpg 0.035700 -0.117360 0.896154 -0.426452 -5.978485 0.259042 0.117644 0.443765 0.004642
data/frame-000306.color.jpg 0.034308 -0.134316 0.894013 -0.426056 -5.982811 0.073653 0.230832 0.480718 0.004618
data/frame-000307.color.jpg 0.026808 -0.144841 0.891383 -0.428648 -5.985776 -0.008472 0.374340 0.516561 0.005737
data/frame-000308.color.jpg 0.025130 -0.149197 0.891601 -0.426797 -5.981414 -0.051470 0.422744 0.659129 0.005570
data/frame-000309.color.jpg 0.022097 -0.153590 0.891784 -0.425022 -5.979106 -0.091045 0.485638 0.568398 0.005469
data/frame-000310.color.jpg 0.023907 -0.159691 0.892353 -0.421466 -5.974852 -0.182555 0.511864 0.217488 0.004243
data/frame-000311.color.jpg 0.013873 -0.189747 0.889291 -0.415890 -5.950589 -0.492516 0.802836 0.447726 0.011442
data/frame-000312.color.jpg 0.008447 -0.205802 0.887611 -0.411972 -5.921222 -0.655242 0.951995 0.460865 0.010701
data/frame-000313.color.jpg 0.008591 0.239718 -0.876083 0.418257 -5.815720 -0.927408 1.313505 0.301144 0.005295
data/frame-000314.color.jpg 0.024625 0.261400 -0.862906 0.431807 -5.721136 -1.026617 1.594848 0.241579 0.002320
data/frame-000315.color.jpg 0.026916 0.270569 -0.859907 0.432004 -5.682549 -1.095195 1.665984 0.301716 0.003591
data/frame-000316.color.jpg 0.034525 0.280660 -0.851446 0.441675 -5.613348 -1.117722 1.790180 0.373470 0.007706
data/frame-000317.color.jpg 0.051813 0.289474 -0.844247 0.448071 -5.492400 -1.066640 1.998032 0.756201 0.020746
data/frame-000318.color.jpg 0.053619 0.293576 -0.841723 0.449934 -5.453629 -1.088312 2.031427 0.755740 0.022293
data/frame-000319.color.jpg 0.052269 0.298361 -0.840483 0.449263 -5.422940 -1.135001 2.039063 0.966304 0.027603
data/frame-000320.color.jpg 0.055048 0.308202 -0.833471 0.455310 -5.348794 -1.186271 2.107368 0.348137 0.007770
data/frame-000321.color.jpg 0.053247 0.310277 -0.831289 0.458096 -5.335205 -1.202520 2.097617 0.296769 0.006536
data/frame-000322.color.jpg 0.060380 0.312129 -0.823319 0.470186 -5.287392 -1.129566 2.167053 0.241585 0.005547
data/frame-000323.color.jpg 0.058700 0.299498 -0.813550 0.494967 -5.318267 -0.934217 2.056733 0.111902 0.002271
data/frame-000324.color.jpg 0.058349 0.293232 -0.812424 0.500577 -5.341856 -0.861007 2.013443 0.189699 0.003737
data/frame-000325.color.jpg 0.063787 0.290403 -0.804735 0.513809 -5.334847 -0.762630 2.040117 0.330109 0.008726
data/frame-000326.color.jpg 0.061501 0.290159 -0.795578 0.528282 -5.334936 -0.735725 2.009672 0.260710 0.006958
data/frame-000327.color.jpg 0.061110 0.290282 -0.792137 0.533405 -5.333300 -0.724413 2.003793 0.136800 0.004079
data/frame-000328.color.jpg 0.059657 0.289336 -0.787168 0.541380 -5.336641 -0.707247 1.978435 0.267418 0.005983
data/frame-000329.color.jpg 0.060354 0.291934 -0.784276 0.544098 -5.323532 -0.716536 1.998824 0.508496 0.012247
data/frame-000330.color.jpg 0.073104 0.299293 -0.766483 0.563545 -5.270824 -0.637743 2.136762 0.457401 0.008451
data/frame-000331.color.jpg 0.074398 0.298179 -0.763863 0.567510 -5.273117 -0.604829 2.133447 0.396468 0.006278
data/frame-000332.color.jpg 0.088557 0.296915 -0.744542 0.591317 -5.252663 -0.409189 2.198842 0.310159 0.002869
data/frame-000333.color.jpg 0.095254 0.299250 -0.735056 0.600890 -5.236059 -0.347634 2.256134 0.192137 0.001373
data/frame-000334.color.jpg 0.094094 0.298726 -0.729464 0.608105 -5.246947 -0.328912 2.233003 0.203125 0.002657
data/frame-000335.color.jpg 0.090841 0.300445 -0.724479 0.613686 -5.251623 -0.350514 2.210473 0.091103 0.002511
data/frame-000336.color.jpg 0.091907 0.304311 -0.720389 0.616432 -5.228501 -0.360229 2.242547 0.302014 0.001348
data/frame-000337.color.jpg 0.098154 0.303411 -0.716403 0.620544 -5.217629 -0.288326 2.281387 0.251849 0.006039
data/frame-000338.color.jpg 0.102297 0.300617 -0.712773 0.625396 -5.225383 -0.216181 2.285452 0.535092 0.011219
data/frame-000339.color.jpg 0.106418 0.299921 -0.712691 0.625135 -5.219023 -0.168056 2.310632 0.536948 0.012843
data/frame-000340.color.jpg 0.113654 0.315036 -0.708527 0.621147 -5.148235 -0.234800 2.473804 0.859267 0.022290
data/frame-000341.color.jpg 0.124207 0.333012 -0.696889 0.622914 -5.059324 -0.286356 2.672446 0.703047 0.016599
data/frame-000342.color.jpg 0.131191 0.344491 -0.683281 0.630271 -5.001542 -0.297216 2.794178 0.660385 0.014742
data/frame-000343.color.jpg 0.135490 0.359247 -0.676221 0.628737 -4.921818 -0.377767 2.927502 0.716607 0.014463
data/frame-000344.color.jpg 0.143832 0.375056 -0.667441 0.627031 -4.813169 -0.427614 3.098391 0.696571 0.011532
data/frame-000345.color.jpg 0.153194 0.383470 -0.662261 0.625214 -4.728411 -0.412057 3.225065 0.564545 0.008534
data/frame-000346.color.jpg 0.180942 0.406703 -0.655835 0.609699 -4.442414 -0.383711 3.595929 0.467036 0.004209
data/frame-000347.color.jpg 0.192890 0.424234 -0.648123 0.602292 -4.252594 -0.434717 3.799203 0.322732 0.006346
data/frame-000348.color.jpg 0.208416 0.442674 -0.643804 0.588318 -4.017824 -0.473819 4.032973 0.206200 0.007124
data/frame-000349.color.jpg 0.213675 0.450201 -0.641177 0.583570 -3.919428 -0.495296 4.117531 0.238275 0.008075
data/frame-000350.color.jpg 0.217273 0.458117 -0.638233 0.579292 -3.826581 -0.533447 4.192393 0.732436 0.016864
data/frame-000351.color.jpg 0.223937 0.467619 -0.635487 0.572137 -3.698089 -0.567553 4.296794 0.504587 0.011297
data/frame-000352.color.jpg 0.234073 0.483299 -0.634220 0.556234 -3.483563 -0.649931 4.456555 0.544043 0.009601
data/frame-000353.color.jpg 0.241266 0.493417 -0.631849 0.546898 -3.329552 -0.697601 4.559364 0.199840 0.005741
data/frame-000354.color.jpg 0.247726 0.500449 -0.630409 0.539229 -3.209904 -0.721721 4.637055 0.283091 0.004971
data/frame-000355.color.jpg 0.256540 0.508965 -0.628249 0.529570 -3.058533 -0.746817 4.732956 0.419185 0.010045
data/frame-000356.color.jpg 0.255204 0.519470 -0.630933 0.516667 -2.938570 -0.892859 4.773996 0.369847 0.010069
data/frame-000357.color.jpg 0.253321 0.529565 -0.638353 0.497890 -2.816022 -1.081925 4.801982 0.555932 0.014348
data/frame-000358.color.jpg 0.244311 0.536825 -0.644648 0.486374 -2.778616 -1.275635 4.768503 0.245897 0.005912
data/frame-000359.color.jpg 0.237385 0.542213 -0.651542 0.474496 -2.746533 -1.441799 4.736058 0.345341 0.008181
data/frame-000360.color.jpg 0.231105 0.544907 -0.656028 0.468289 -2.746845 -1.550236 4.697960 0.642114 0.016978
data/frame-000361.color.jpg 0.219454 0.548760 -0.662607 0.460058 -2.763324 -1.719282 4.625420 0.338582 0.009273
data/frame-000362.color.jpg 0.205096 0.554454 -0.670855 0.447739 -2.770310 -1.939260 4.528717 0.450918 0.012582
data/frame-000363.color.jpg 0.199785 0.555487 -0.674758 0.442970 -2.777183 -2.020408 4.485028 0.298094 0.007968
data/frame-000364.color.jpg 0.192212 0.566057 -0.681609 0.421952 -2.680461 -2.264516 4.432208 0.387215 0.009183
data/frame-000365.color.jpg 0.187468 0.569922 -0.684185 0.414651 -2.653934 -2.365280 4.398026 0.313489 0.008631
data/frame-000366.color.jpg 0.180090 0.576158 -0.686097 0.406055 -2.613038 -2.511788 4.349959 0.223110 0.004150
data/frame-000367.color.jpg 0.176923 0.580979 -0.687606 0.397943 -2.562964 -2.612929 4.325727 0.177903 0.003140
data/frame-000368.color.jpg 0.169848 0.596366 -0.685502 0.381559 -2.397660 -2.841759 4.287777 0.190041 0.003367
data/frame-000369.color.jpg 0.172801 0.604050 -0.680926 0.376303 -2.285577 -2.889130 4.325081 0.260379 0.004247
data/frame-000370.color.jpg 0.178588 0.617790 -0.670067 0.370745 -2.083960 -2.939734 4.401804 0.170059 0.003797
data/frame-000371.color.jpg 0.180837 0.627119 -0.663336 0.366067 -1.949493 -2.986408 4.436354 0.207504 0.006409
data/frame-000372.color.jpg 0.187637 0.643934 -0.649878 0.357492 -1.687853 -3.046470 4.513200 0.318049 0.007672
data/frame-000373.color.jpg 0.206688 0.662517 -0.629682 0.349073 -1.317824 -3.003956 4.677515 0.259899 0.005940
data/frame-000374.color.jpg 0.215101 0.669170 -0.622386 0.344351 -1.159946 -2.983842 4.735916 0.405800 0.008552
data/frame-000375.color.jpg 0.221031 0.680629 -0.609510 0.341156 -0.948409 -2.979227 4.791662 0.271521 0.006387
data/frame-000376.color.jpg 0.227912 0.693749 -0.594077 0.337403 -0.694138 -2.962132 4.848722 0.305211 0.005847
data/frame-000377.color.jpg 0.230166 0.700332 -0.585534 0.337206 -0.569435 -2.943156 4.873167 0.532371 0.011975
data/frame-000378.color.jpg 0.245549 0.711719 -0.563653 0.339791 -0.219775 -2.736962 4.955770 0.400208 0.003900
data/frame-000379.color.jpg 0.247358 0.708070 -0.566406 0.341519 -0.274903 -2.710895 4.966641 0.334240 0.002096
data/frame-000380.color.jpg 0.256188 0.704607 -0.564533 0.345254 -0.274591 -2.604157 5.025816 0.317597 0.009194
data/frame-000381.color.jpg 0.265728 0.706862 -0.557881 0.344244 -0.172816 -2.518195 5.075366 0.389629 0.008332
data/frame-000382.color.jpg 0.280324 0.712053 -0.548085 0.337641 0.017584 -2.423269 5.126107 0.750415 0.018680
data/frame-000383.color.jpg 0.289844 0.715684 -0.539837 0.335206 0.151342 -2.345699 5.161774 0.630037 0.014936
data/frame-000384.color.jpg 0.302154 0.722190 -0.528010 0.329164 0.355250 -2.259653 5.192770 0.759013 0.017524
data/frame-000385.color.jpg 0.318826 0.731009 -0.510810 0.321014 0.644975 -2.127458 5.222364 0.968475 0.020479
