data/frame-000000.color.jpg 0.103271 0.0234246 0.937626 -0.331125 -4.07284 -4.57671 4.57211
data/frame-000001.color.jpg 0.107372 0.0264566 0.937459 -0.330065 -4.12549 -4.57444 4.52282
data/frame-000002.color.jpg 0.10688 0.0312289 0.937812 -0.328801 -4.18506 -4.54831 4.49141
data/frame-000003.color.jpg 0.106851 0.0326105 0.93633 -0.332874 -4.20495 -4.50349 4.52413
data/frame-000004.color.jpg 0.105795 0.0386378 0.938198 -0.327261 -4.26317 -4.50746 4.4574
data/frame-000005.color.jpg 0.107714 0.0357427 0.937834 -0.328007 -4.23859 -4.52513 4.45382
data/frame-000006.color.jpg 0.105353 0.0376947 0.93645 -0.332477 -4.25696 -4.46991 4.50823
data/frame-000007.color.jpg 0.106308 0.0353857 0.938082 -0.327794 -4.23113 -4.52825 4.46539
data/frame-000008.color.jpg 0.107513 0.0387341 0.937027 -0.330033 -4.27442 -4.48979 4.46427
data/frame-000009.color.jpg 0.110224 0.0413514 0.936427 -0.330522 -4.32159 -4.45883 4.43144
data/frame-000010.color.jpg 0.117325 0.0463737 0.93386 -0.334648 -4.40952 -4.38602 4.39886
data/frame-000011.color.jpg 0.115946 0.0496297 0.933147 -0.336645 -4.44197 -4.3306 4.41041
data/frame-000012.color.jpg 0.116611 0.0501731 0.932259 -0.338789 -4.45162 -4.3047 4.42463
data/frame-000013.color.jpg 0.118914 0.0541586 0.930454 -0.342319 -4.49723 -4.24184 4.42425
data/frame-000014.color.jpg 0.120031 0.0596393 0.931168 -0.339059 -4.53801 -4.21637 4.34918
data/frame-000015.color.jpg 0.119182 0.0624564 0.930784 -0.339905 -4.55602 -4.17992 4.35325
data/frame-000016.color.jpg 0.119016 0.0660182 0.930915 -0.338931 -4.5791 -4.15352 4.33262
data/frame-000017.color.jpg 0.119385 0.0687041 0.930631 -0.339048 -4.5893 -4.12118 4.31936
data/frame-000018.color.jpg 0.115542 0.0741096 0.930246 -0.340293 -4.60788 -4.05077 4.33939
data/frame-000019.color.jpg 0.11661 0.0733776 0.930173 -0.340288 -4.58289 -4.06019 4.33264
data/frame-000020.color.jpg 0.117827 0.0749607 0.930366 -0.338995 -4.57857 -4.05789 4.30675
data/frame-000021.color.jpg 0.120745 0.0761451 0.931042 -0.335832 -4.57765 -4.08172 4.24715
data/frame-000022.color.jpg 0.119335 0.0761177 0.930554 -0.337691 -4.56872 -4.06452 4.27829
data/frame-000023.color.jpg 0.120172 0.0767293 0.931004 -0.336011 -4.55707 -4.0774 4.25589
data/frame-000024.color.jpg 0.123094 0.0753216 0.931613 -0.333573 -4.53182 -4.11562 4.21271
data/frame-000025.color.jpg 0.114907 0.0783025 0.931349 -0.336532 -4.49328 -4.05047 4.29326
data/frame-000026.color.jpg 0.116194 0.0821076 0.932902 -0.330833 -4.51242 -4.07046 4.21626
data/frame-000027.color.jpg 0.111158 0.0768967 0.935568 -0.326256 -4.40659 -4.13524 4.23024
data/frame-000028.color.jpg 0.106127 0.0614213 0.936559 -0.328361 -4.20627 -4.21877 4.34474
data/frame-000029.color.jpg 0.085553 0.0122604 0.940389 -0.328936 -3.55 -4.50322 4.64562
data/frame-000030.color.jpg 0.0810177 -0.0061146 0.941429 -0.327278 -3.31237 -4.6156 4.71119
data/frame-000031.color.jpg 0.0817112 -0.0157755 0.942257 -0.324386 -3.19473 -4.69891 4.70664
data/frame-000032.color.jpg 0.0726056 -0.0319304 0.942586 -0.324408 -2.95099 -4.77684 4.80546
data/frame-000033.color.jpg 0.0678832 -0.0356466 0.94372 -0.321735 -2.86878 -4.81209 4.81926
data/frame-000034.color.jpg 0.0649508 -0.0461101 0.943178 -0.3226 -2.71229 -4.85312 4.87295
data/frame-000035.color.jpg 0.0638921 -0.0522392 0.943132 -0.322011 -2.61067 -4.88602 4.89794
data/frame-000036.color.jpg 0.0626189 -0.0576515 0.943549 -0.320109 -2.5167 -4.93224 4.90949
data/frame-000037.color.jpg 0.0649975 -0.0565868 0.94254 -0.322786 -2.52439 -4.92321 4.93102
data/frame-000038.color.jpg 0.0578408 -0.0559616 0.940717 -0.329507 -2.4834 -4.85469 5.05378
data/frame-000039.color.jpg 0.0600456 -0.0548411 0.940529 -0.329836 -2.4985 -4.85367 5.04601
data/frame-000040.color.jpg 0.0551708 -0.0562577 0.941991 -0.326258 -2.40228 -4.90251 5.05927
data/frame-000041.color.jpg 0.0477907 -0.0611235 0.942193 -0.325964 -2.26325 -4.92306 5.12114
data/frame-000042.color.jpg 0.0308815 -0.0713183 0.943022 -0.323527 -2.02095 -4.96249 5.21966
data/frame-000043.color.jpg 0.044909 -0.0769721 0.937719 -0.33577 -1.98529 -4.91851 5.28633
data/frame-000044.color.jpg 0.0379081 -0.0877671 0.938643 -0.331374 -1.78733 -4.98657 5.30211
data/frame-000045.color.jpg 0.0283031 -0.102977 0.938416 -0.328587 -1.51706 -5.04476 5.35562
data/frame-000046.color.jpg 0.0279251 -0.106933 0.93781 -0.329085 -1.45644 -5.05286 5.37227
data/frame-000047.color.jpg 0.0208131 -0.130445 0.936863 -0.323788 -1.05523 -5.15858 5.40002
data/frame-000048.color.jpg 0.0132885 -0.150996 0.934539 -0.321964 -0.712835 -5.21332 5.44414
data/frame-000049.color.jpg 0.00449728 -0.17697 0.938 -0.298021 -0.277669 -5.4331 5.25025
data/frame-000050.color.jpg 0.000642712 -0.185472 0.931474 -0.312979 -0.126469 -5.33048 5.44045
data/frame-000051.color.jpg 0.00769994 -0.199427 0.928685 -0.312593 0.0475664 -5.35355 5.44481
data/frame-000052.color.jpg -0.0024628 -0.208981 0.929608 -0.303561 0.266292 -5.4245 5.36309
data/frame-000053.color.jpg -0.0055694 -0.222038 0.926814 -0.302794 0.47596 -5.406 5.3731
data/frame-000054.color.jpg -0.00992717 -0.230053 0.926126 -0.298777 0.639029 -5.42024 5.35159
data/frame-000055.color.jpg -0.0131875 -0.240222 0.92029 -0.308521 0.803316 -5.30199 5.4605
data/frame-000056.color.jpg -0.0158501 -0.244061 0.921298 -0.302312 0.890422 -5.3304 5.38628
data/frame-000057.color.jpg -0.0156317 -0.252664 0.917291 -0.307398 1.01836 -5.22789 5.43478
data/frame-000058.color.jpg -0.030874 -0.261879 0.911837 -0.314675 1.21202 -5.08094 5.53368
data/frame-000059.color.jpg -0.0226691 -0.259834 0.908957 -0.325223 1.14741 -4.97597 5.6119
data/frame-000060.color.jpg -0.0332719 -0.256491 0.904326 -0.339559 1.13962 -4.76874 5.75144
data/frame-000061.color.jpg -0.0295665 -0.256986 0.905416 -0.336609 1.1061 -4.75797 5.72362
data/frame-000062.color.jpg -0.0206352 -0.251279 0.905202 -0.342115 0.957503 -4.69026 5.75868
data/frame-000063.color.jpg -0.0152267 -0.24727 0.902244 -0.352961 0.851686 -4.57262 5.8427
data/frame-000064.color.jpg -0.0105998 -0.242353 0.901229 -0.359081 0.742679 -4.49602 5.87727
data/frame-000065.color.jpg -0.00977552 -0.240815 0.90056 -0.361806 0.714567 -4.46458 5.894
data/frame-000066.color.jpg -0.00667895 -0.236641 0.897084 -0.373092 0.618414 -4.338 5.97498
data/frame-000067.color.jpg 0.00345485 -0.229547 0.898129 -0.375047 0.449294 -4.33184 5.96181
data/frame-000068.color.jpg 0.00717158 -0.22569 0.899599 -0.37381 0.373501 -4.34934 5.93784
data/frame-000069.color.jpg 0.0206946 -0.210067 0.897768 -0.386595 0.0720489 -4.24702 6.0254
data/frame-000070.color.jpg 0.0243681 -0.190076 0.903219 -0.384022 -0.206065 -4.27799 5.96335
data/frame-000071.color.jpg 0.0280084 -0.176977 0.904549 -0.386891 -0.399028 -4.2492 5.9675
data/frame-000072.color.jpg 0.0312288 -0.160398 0.901336 -0.401112 -0.646099 -4.08605 6.06615
data/frame-000073.color.jpg 0.0375855 -0.149742 0.904676 -0.397147 -0.813993 -4.12524 5.99823
data/frame-000074.color.jpg 0.0439191 -0.132016 0.908731 -0.393512 -1.06489 -4.14226 5.92547
data/frame-000075.color.jpg 0.0592282 -0.103819 0.899213 -0.420867 -1.52243 -3.82804 6.0565
data/frame-000076.color.jpg 0.0262965 -0.117705 0.900535 -0.41772 -1.19534 -3.80171 6.15236
data/frame-000077.color.jpg 0.0604429 -0.0910016 0.89851 -0.425141 -1.71154 -3.73927 6.05642
data/frame-000078.color.jpg 0.0614664 -0.0800118 0.903909 -0.415654 -1.84948 -3.80708 5.96052
data/frame-000079.color.jpg 0.0677971 -0.0744567 0.892356 -0.439955 -1.98207 -3.54106 6.11568
data/frame-000080.color.jpg 0.0355012 -0.08253 0.907732 -0.409818 -1.69148 -3.80916 6.01018
data/frame-000081.color.jpg 0.0780832 -0.0476982 0.896088 -0.434342 -2.35806 -3.5254 5.97155
data/frame-000082.color.jpg 0.1835 3.88457e-06 0.872617 -0.452622 -3.42713 -3.37012 5.50705
data/frame-000083.color.jpg 0.0515209 -0.0613 0.891273 -0.446341 -2.07976 -3.34375 6.19206
data/frame-000084.color.jpg 0.0816961 -0.0468715 0.884314 -0.457294 -2.41208 -3.23474 6.12933
data/frame-000085.color.jpg 0.0504368 -0.0651329 0.886143 -0.456031 -2.01842 -3.22112 6.28956
data/frame-000086.color.jpg 0.0774887 -0.0544777 0.881158 -0.463237 -2.27514 -3.15913 6.22668
data/frame-000087.color.jpg 0.071193 -0.0600354 0.880905 -0.464041 -2.16083 -3.14432 6.27507
data/frame-000088.color.jpg 0.0571453 -0.079777 0.881368 -0.462125 -1.79692 -3.17106 6.38436
data/frame-000089.color.jpg 0.029175 -0.111332 0.875643 -0.469045 -1.195 -3.06386 6.58682
data/frame-000090.color.jpg 0.0268935 -0.130655 0.871662 -0.471604 -0.893327 -3.04284 6.66685
data/frame-000091.color.jpg 0.0298557 -0.145368 0.85971 -0.488749 -0.719736 -2.85484 6.81265
data/frame-000092.color.jpg 0.00464337 -0.168256 0.871378 -0.460835 -0.228509 -3.14126 6.6823
data/frame-000093.color.jpg 0.00774794 -0.176053 0.862024 -0.475247 -0.14452 -2.97703 6.798
data/frame-000094.color.jpg -0.0127438 -0.201165 0.864604 -0.460251 0.339343 -3.08715 6.72535
data/frame-000095.color.jpg -0.0173276 -0.210856 0.86368 -0.45749 0.511475 -3.09918 6.72019
data/frame-000096.color.jpg -0.0276781 -0.23002 0.860836 -0.453085 0.851949 -3.09567 6.69383
data/frame-000097.color.jpg -0.0353423 -0.246236 0.857571 -0.450212 1.12529 -3.07558 6.6736
data/frame-000098.color.jpg -0.0425635 -0.25438 0.855511 -0.448977 1.288 -3.05498 6.66017
data/frame-000099.color.jpg -0.050674 -0.282159 0.849697 -0.442531 1.74857 -3.03837 6.60837
data/frame-000100.color.jpg -0.0559453 -0.291702 0.848851 -0.4373 1.91892 -3.06048 6.55286
data/frame-000101.color.jpg -0.0594963 -0.305088 0.847923 -0.429428 2.13257 -3.09522 6.4721
data/frame-000102.color.jpg -0.0621658 -0.314617 0.845509 -0.426927 2.28143 -3.07665 6.44029
data/frame-000103.color.jpg -0.0740647 -0.321159 0.844947 -0.421231 2.45789 -3.09672 6.36249
data/frame-000104.color.jpg -0.0773074 -0.336766 0.840644 -0.417049 2.70219 -3.07077 6.29268
data/frame-000105.color.jpg -0.0809892 -0.345466 0.840867 -0.408702 2.86196 -3.12524 6.20446
data/frame-000106.color.jpg -0.0930196 -0.371177 0.846195 -0.370848 3.35713 -3.45454 5.78036
data/frame-000107.color.jpg -0.0944404 -0.37758 0.849561 -0.356035 3.47978 -3.60428 5.62212
data/frame-000108.color.jpg -0.0876937 -0.384263 0.852378 -0.343661 3.54644 -3.72546 5.50194
data/frame-000109.color.jpg -0.0841343 -0.393589 0.852803 -0.33277 3.6596 -3.80087 5.37579
data/frame-000110.color.jpg -0.0837112 -0.397346 0.853545 -0.326451 3.7201 -3.84644 5.30325
data/frame-000111.color.jpg -0.0728391 -0.40123 0.85796 -0.312431 3.74012 -4.02721 5.16454
data/frame-000112.color.jpg -0.0735031 -0.403945 0.858719 -0.306639 3.79141 -4.06856 5.09023
data/frame-000113.color.jpg -0.068592 -0.408069 0.859853 -0.299044 3.83605 -4.13495 5.01335
data/frame-000114.color.jpg -0.0650124 -0.410376 0.861577 -0.291634 3.87072 -4.19984 4.93152
data/frame-000115.color.jpg -0.0627105 -0.410408 0.861469 -0.29241 3.86723 -4.19846 4.94509
data/frame-000116.color.jpg -0.0702582 -0.415372 0.861783 -0.282594 3.99821 -4.23283 4.79502
data/frame-000117.color.jpg -0.0755495 -0.421454 0.859792 -0.278256 4.12285 -4.19892 4.70795
data/frame-000118.color.jpg -0.0856097 -0.441002 0.846478 -0.285768 4.43489 -3.82626 4.66178
data/frame-000119.color.jpg -0.0892209 -0.437538 0.846748 -0.289168 4.42307 -3.76817 4.66374
data/frame-000120.color.jpg -0.097958 -0.437335 0.844912 -0.292005 4.48235 -3.698 4.6303
data/frame-000121.color.jpg -0.10422 -0.442395 0.843226 -0.287045 4.60084 -3.65447 4.51099
data/frame-000122.color.jpg -0.0971347 -0.448112 0.841595 -0.285444 4.65748 -3.5997 4.49363
data/frame-000123.color.jpg -0.102354 -0.459148 0.835029 -0.285366 4.80924 -3.44752 4.41457
data/frame-000124.color.jpg -0.0908069 -0.454377 0.838424 -0.28695 4.73179 -3.46676 4.47553
data/frame-000125.color.jpg -0.0921272 -0.434969 0.847214 -0.290762 4.5543 -3.59806 4.54356
data/frame-000126.color.jpg -0.0887709 -0.41 0.857437 -0.29803 4.28218 -3.74762 4.68463
data/frame-000127.color.jpg -0.0837412 -0.374455 0.871753 -0.304661 3.8898 -3.96955 4.84615
data/frame-000128.color.jpg -0.083243 -0.351108 0.8818 -0.303683 3.64769 -4.14486 4.88695
data/frame-000129.color.jpg -0.0780202 -0.325674 0.88894 -0.312467 3.33864 -4.23146 5.03831
data/frame-000130.color.jpg -0.0768553 -0.309192 0.893796 -0.315631 3.15727 -4.29349 5.09982
data/frame-000131.color.jpg -0.0748882 -0.301182 0.895222 -0.319778 3.06774 -4.29226 5.15984
data/frame-000132.color.jpg -0.0777514 -0.298893 0.895502 -0.320459 3.06015 -4.29277 5.16542
data/frame-000133.color.jpg -0.0676109 -0.282805 0.901037 -0.321843 2.8142 -4.36817 5.21012
data/frame-000134.color.jpg -0.0675059 -0.280175 0.901385 -0.323188 2.77626 -4.36792 5.21679
data/frame-000135.color.jpg -0.0583995 -0.267735 0.905732 -0.323353 2.56484 -4.42543 5.23528
data/frame-000136.color.jpg -0.0573467 -0.251528 0.909959 -0.324683 2.36087 -4.46603 5.26297
data/frame-000137.color.jpg -0.0498383 -0.23557 0.91549 -0.322337 2.12579 -4.54223 5.23268
data/frame-000138.color.jpg -0.0388694 -0.216943 0.920109 -0.323767 1.83266 -4.58663 5.25398
data/frame-000139.color.jpg -0.0295948 -0.195304 0.923385 -0.329152 1.51754 -4.5788 5.3104
data/frame-000140.color.jpg -0.0223816 -0.179822 0.92444 -0.33552 1.26484 -4.55626 5.35816
data/frame-000141.color.jpg -0.00645292 -0.152905 0.931093 -0.331126 0.835271 -4.65261 5.313
data/frame-000142.color.jpg 0.00829386 -0.130469 0.93116 -0.340368 0.451527 -4.6094 5.37819
data/frame-000143.color.jpg 0.0365949 -0.0819661 0.936621 -0.338648 -0.295164 -4.67253 5.30069
data/frame-000144.color.jpg 0.0396103 -0.0471274 0.939275 -0.337597 -0.717633 -4.65724 5.24742
data/frame-000145.color.jpg 0.0501574 0.0115145 0.936386 -0.347178 -1.46029 -4.45235 5.25447
data/frame-000146.color.jpg 0.0548704 0.0220548 0.935399 -0.348614 -1.6024 -4.40508 5.24706
data/frame-000147.color.jpg 0.0612004 0.0354307 0.930549 -0.359275 -1.79272 -4.25614 5.31152
data/frame-000148.color.jpg 0.0614437 0.0477965 0.925258 -0.371266 -1.93788 -4.08426 5.39717
data/frame-000149.color.jpg 0.0710514 0.0618227 0.921952 -0.375679 -2.14447 -3.99026 5.39035
data/frame-000150.color.jpg 0.0738147 0.072483 0.919475 -0.379292 -2.28414 -3.90937 5.39886
data/frame-000151.color.jpg 0.0766944 0.0864731 0.915535 -0.385274 -2.47154 -3.79125 5.41922
data/frame-000152.color.jpg 0.092964 0.0993274 0.910348 -0.390844 -2.72828 -3.68936 5.387
data/frame-000153.color.jpg 0.0964658 0.103902 0.909328 -0.39118 -2.80501 -3.67178 5.37466
data/frame-000154.color.jpg 0.0993737 0.101517 0.907102 -0.396213 -2.79827 -3.63507 5.40424
data/frame-000155.color.jpg 0.0968434 0.0974101 0.908349 -0.395013 -2.74228 -3.65984 5.43024
data/frame-000156.color.jpg 0.0949505 0.0817031 0.90779 -0.400282 -2.53966 -3.6635 5.54216
data/frame-000157.color.jpg 0.0826557 0.0639474 0.905732 -0.410764 -2.24858 -3.59298 5.72618
data/frame-000158.color.jpg 0.0766839 0.0471691 0.903736 -0.418516 -2.00888 -3.53207 5.85423
data/frame-000159.color.jpg 0.0707762 0.0377338 0.902001 -0.424218 -1.85834 -3.47493 5.94441
data/frame-000160.color.jpg 0.0638827 0.0281202 0.900611 -0.428985 -1.69856 -3.4286 6.01391
data/frame-000161.color.jpg 0.0602675 0.020098 0.896494 -0.438478 -1.58253 -3.32651 6.10893
data/frame-000162.color.jpg 0.0527037 0.00456607 0.894561 -0.443804 -1.34934 -3.28351 6.19209
data/frame-000163.color.jpg 0.0514625 -0.00779165 0.896363 -0.440255 -1.17556 -3.34354 6.19646
data/frame-000164.color.jpg 0.0365401 -0.026229 0.894656 -0.444486 -0.847406 -3.31452 6.26619
data/frame-000165.color.jpg 0.0310537 -0.0416444 0.8976 -0.437739 -0.598959 -3.40515 6.24833
data/frame-000166.color.jpg 0.0190781 -0.0643306 0.898381 -0.434062 -0.223285 -3.45336 6.25196
data/frame-000167.color.jpg 0.0106475 -0.0806925 0.900314 -0.427564 0.0599581 -3.52203 6.22042
data/frame-000168.color.jpg -0.00250013 -0.103259 0.901396 -0.420496 0.456842 -3.57894 6.17721
data/frame-000169.color.jpg -0.0136436 -0.122395 0.899891 -0.418365 0.77998 -3.57133 6.15135
data/frame-000170.color.jpg -0.0199957 -0.138761 0.898896 -0.415128 1.04296 -3.57269 6.11886
data/frame-000171.color.jpg -0.0292251 -0.157641 0.896118 -0.413846 1.35565 -3.53161 6.0882
data/frame-000172.color.jpg -0.0409469 -0.176582 0.89377 -0.410266 1.68087 -3.50527 6.02844
data/frame-000173.color.jpg -0.0472827 -0.189877 0.892977 -0.405344 1.9054 -3.51313 5.96867
data/frame-000174.color.jpg -0.0613245 -0.212382 0.889097 -0.400799 2.29506 -3.48118 5.86856
data/frame-000175.color.jpg -0.0635885 -0.222645 0.889985 -0.392826 2.45992 -3.53078 5.7882
data/frame-000176.color.jpg -0.0674932 -0.233332 0.88938 -0.387304 2.63437 -3.5491 5.71068
data/frame-000177.color.jpg -0.0791998 -0.263965 0.886475 -0.371768 3.08531 -3.57564 5.48083
data/frame-000178.color.jpg -0.0827911 -0.270737 0.886791 -0.365307 3.19197 -3.60986 5.39922
data/frame-000179.color.jpg -0.0836828 -0.279924 0.885438 -0.361442 3.32438 -3.61815 5.3366
data/frame-000180.color.jpg -0.0825775 -0.28968 0.886269 -0.351843 3.45586 -3.67343 5.23029
data/frame-000181.color.jpg -0.0840683 -0.301039 0.885771 -0.3431 3.61085 -3.70428 5.11556
data/frame-000182.color.jpg -0.0892996 -0.31126 0.885561 -0.333052 3.7797 -3.7438 4.97039
data/frame-000183.color.jpg -0.0895315 -0.317092 0.886467 -0.324981 3.86828 -3.79153 4.88431
data/frame-000184.color.jpg -0.0891233 -0.330204 0.888104 -0.307073 4.04145 -3.89981 4.65885
data/frame-000185.color.jpg -0.0898511 -0.330902 0.887596 -0.307576 4.0533 -3.89691 4.65608
data/frame-000186.color.jpg -0.0877333 -0.332119 0.889905 -0.300115 4.06394 -3.9777 4.58459
data/frame-000187.color.jpg -0.0810505 -0.334878 0.891996 -0.292627 4.06637 -4.04317 4.52719
data/frame-000188.color.jpg -0.0765114 -0.337183 0.892754 -0.288867 4.07124 -4.07686 4.49714
data/frame-000189.color.jpg -0.0741864 -0.337626 0.893975 -0.285156 4.07117 -4.11581 4.4668
data/frame-000190.color.jpg -0.072388 -0.338753 0.894984 -0.281086 4.08171 -4.15642 4.42703
data/frame-000191.color.jpg -0.0687349 -0.341077 0.895878 -0.276304 4.09658 -4.19242 4.38452
data/frame-000192.color.jpg -0.0641079 -0.341886 0.897229 -0.271998 4.08748 -4.23474 4.35168
data/frame-000193.color.jpg -0.064935 -0.341991 0.897448 -0.270947 4.09205 -4.24117 4.33065
data/frame-000194.color.jpg -0.063878 -0.338868 0.897519 -0.27486 4.05601 -4.22468 4.38171
data/frame-000195.color.jpg -0.0675508 -0.332838 0.899614 -0.274499 4.00848 -4.25089 4.37451
data/frame-000196.color.jpg -0.0727721 -0.326684 0.898184 -0.285039 3.96158 -4.18382 4.47721
data/frame-000197.color.jpg -0.0819312 -0.326477 0.893036 -0.298642 3.98879 -4.00388 4.56997
data/frame-000198.color.jpg -0.084381 -0.32333 0.89107 -0.307135 3.96438 -3.91628 4.65642
data/frame-000199.color.jpg -0.0892415 -0.323699 0.888733 -0.312103 3.98769 -3.83882 4.68053
data/frame-000200.color.jpg -0.0948544 -0.322434 0.885958 -0.319559 4.00213 -3.74149 4.71874
data/frame-000201.color.jpg -0.0983545 -0.323441 0.883346 -0.324674 4.02956 -3.64866 4.74315
data/frame-000202.color.jpg -0.103379 -0.324905 0.881925 -0.325511 4.07162 -3.6013 4.71565
data/frame-000203.color.jpg -0.107388 -0.326595 0.878578 -0.331518 4.11505 -3.48437 4.72835
data/frame-000204.color.jpg -0.112263 -0.331329 0.873609 -0.338267 4.18127 -3.34272 4.73676
data/frame-000205.color.jpg -0.114035 -0.330557 0.870519 -0.346301 4.17584 -3.22275 4.77862
data/frame-000206.color.jpg -0.116386 -0.330175 0.868757 -0.350286 4.17246 -3.15852 4.79466
data/frame-000207.color.jpg -0.119662 -0.328076 0.865808 -0.358361 4.1592 -3.04645 4.83518
data/frame-000208.color.jpg -0.118735 -0.328456 0.861628 -0.368261 4.15722 -2.91722 4.90128
data/frame-000209.color.jpg -0.121562 -0.334922 0.858187 -0.369547 4.24185 -2.83094 4.85736
data/frame-000210.color.jpg -0.115321 -0.338343 0.85956 -0.365216 4.25791 -2.83927 4.83555
data/frame-000211.color.jpg -0.121797 -0.347342 0.850842 -0.374948 4.39881 -2.63428 4.83747
data/frame-000212.color.jpg -0.119793 -0.342059 0.852612 -0.376428 4.36711 -2.65052 4.87855
data/frame-000213.color.jpg -0.132933 -0.314048 0.859914 -0.379803 4.25343 -2.81738 4.94975
data/frame-000214.color.jpg -0.133022 -0.307311 0.858893 -0.387514 4.21324 -2.78699 5.04279
data/frame-000215.color.jpg -0.136211 -0.305021 0.859478 -0.38692 4.2475 -2.79897 5.04034
data/frame-000216.color.jpg -0.134451 -0.30324 0.857679 -0.392881 4.25318 -2.74718 5.10334
data/frame-000217.color.jpg -0.135615 -0.302364 0.858475 -0.391415 4.2689 -2.76389 5.09039
data/frame-000218.color.jpg -0.138639 -0.298766 0.857271 -0.395733 4.26564 -2.74176 5.1209
data/frame-000219.color.jpg -0.136057 -0.296535 0.858885 -0.394806 4.2453 -2.76735 5.13943
data/frame-000220.color.jpg -0.138697 -0.29831 0.85629 -0.398173 4.32504 -2.7193 5.13772
data/frame-000221.color.jpg -0.143073 -0.313271 0.851471 -0.39546 4.53196 -2.63111 5.02275
data/frame-000222.color.jpg -0.150326 -0.331143 0.848978 -0.383384 4.78316 -2.60487 4.80151
data/frame-000223.color.jpg -0.159955 -0.346896 0.841107 -0.382906 5.00888 -2.45961 4.66259
data/frame-000224.color.jpg -0.164002 -0.357437 0.838204 -0.37783 5.13625 -2.41471 4.54383
data/frame-000225.color.jpg -0.175647 -0.385247 0.829518 -0.364188 5.47262 -2.27868 4.21736
data/frame-000226.color.jpg -0.182237 -0.404357 0.822781 -0.35541 5.69079 -2.16117 3.99678
data/frame-000227.color.jpg -0.193191 -0.428942 0.812499 -0.344283 5.96368 -1.98689 3.6836
data/frame-000228.color.jpg -0.197939 -0.445041 0.806735 -0.334571 6.12262 -1.88471 3.47302
data/frame-000229.color.jpg -0.201712 -0.461573 0.800037 -0.325889 6.27237 -1.76174 3.27365
data/frame-000230.color.jpg -0.194177 -0.477257 0.79772 -0.313311 6.36752 -1.6835 3.1337
data/frame-000231.color.jpg -0.196426 -0.490244 0.797137 -0.29266 6.45015 -1.71739 2.85743
data/frame-000232.color.jpg -0.188283 -0.498929 0.794427 -0.290698 6.48034 -1.62727 2.84921
data/frame-000233.color.jpg -0.17386 -0.505155 0.796951 -0.281887 6.47645 -1.62679 2.85663
data/frame-000234.color.jpg -0.167995 -0.504966 0.800587 -0.275404 6.44939 -1.68847 2.84074
data/frame-000235.color.jpg -0.154862 -0.491353 0.810308 -0.279268 6.31544 -1.83611 3.03502
data/frame-000236.color.jpg -0.138016 -0.471245 0.821632 -0.289485 6.13404 -2.00229 3.32908
data/frame-000237.color.jpg -0.143184 -0.431273 0.838222 -0.301472 5.8653 -2.38155 3.5692
data/frame-000238.color.jpg -0.140205 -0.404093 0.849949 -0.307634 5.6395 -2.63178 3.74066
data/frame-000239.color.jpg -0.136797 -0.37929 0.858394 -0.317151 5.42616 -2.80283 3.95704
data/frame-000240.color.jpg -0.133865 -0.365446 0.863008 -0.322097 5.29404 -2.88421 4.07815
data/frame-000241.color.jpg -0.128732 -0.349848 0.866662 -0.33156 5.13554 -2.94021 4.25854
data/frame-000242.color.jpg -0.124472 -0.334457 0.869065 -0.342594 4.9788 -2.96158 4.43551
data/frame-000243.color.jpg -0.121808 -0.319252 0.874504 -0.344216 4.83769 -3.08027 4.51568
data/frame-000244.color.jpg -0.117889 -0.312024 0.875986 -0.348412 4.76644 -3.09597 4.602
data/frame-000245.color.jpg -0.124733 -0.304424 0.876732 -0.350869 4.75886 -3.12697 4.60191
data/frame-000246.color.jpg -0.126604 -0.302242 0.876682 -0.352207 4.76588 -3.12546 4.61677
data/frame-000247.color.jpg -0.132777 -0.299736 0.873944 -0.358819 4.8009 -3.05603 4.64219
data/frame-000248.color.jpg -0.132023 -0.300488 0.873726 -0.359 4.81908 -3.03789 4.63664
data/frame-000249.color.jpg -0.132045 -0.299181 0.873445 -0.360762 4.81269 -3.01566 4.64916
data/frame-000250.color.jpg -0.132927 -0.299459 0.871393 -0.365143 4.83346 -2.9466 4.66813
data/frame-000251.color.jpg -0.136516 -0.297093 0.869833 -0.369446 4.83979 -2.89938 4.67167
data/frame-000252.color.jpg -0.135963 -0.296514 0.867451 -0.375663 4.83938 -2.81184 4.71261
data/frame-000253.color.jpg -0.133948 -0.288814 0.867469 -0.382284 4.756 -2.77498 4.77345
data/frame-000254.color.jpg -0.12945 -0.279168 0.869743 -0.385818 4.63653 -2.80635 4.84349
data/frame-000255.color.jpg -0.119338 -0.276771 0.873013 -0.383413 4.56779 -2.83801 4.88657
data/frame-000256.color.jpg -0.118102 -0.270489 0.874932 -0.383903 4.49705 -2.87988 4.90184
data/frame-000257.color.jpg -0.104221 -0.262123 0.877349 -0.388187 4.33671 -2.8927 5.03972
data/frame-000258.color.jpg -0.0960491 -0.259405 0.87839 -0.389762 4.26541 -2.88683 5.11442
data/frame-000259.color.jpg -0.0885944 -0.238117 0.884937 -0.390304 4.01952 -3.03445 5.2171
data/frame-000260.color.jpg -0.0875795 -0.221155 0.886092 -0.397821 3.84937 -3.06087 5.33215
data/frame-000261.color.jpg -0.0733094 -0.196512 0.892348 -0.399655 3.5196 -3.19414 5.48436
data/frame-000262.color.jpg -0.0715536 -0.162667 0.894813 -0.409548 3.18061 -3.2682 5.66171
data/frame-000263.color.jpg -0.0647352 -0.151465 0.896499 -0.411288 3.03456 -3.29456 5.73841
data/frame-000264.color.jpg -0.0573238 -0.143211 0.895481 -0.417515 2.91107 -3.25394 5.83919
data/frame-000265.color.jpg -0.054189 -0.135794 0.895134 -0.42114 2.82772 -3.23868 5.89701
data/frame-000266.color.jpg -0.0513858 -0.125195 0.893292 -0.428619 2.72556 -3.17974 5.99377
data/frame-000267.color.jpg -0.0486039 -0.117657 0.89203 -0.433679 2.64821 -3.14221 6.06107
data/frame-000268.color.jpg -0.0463554 -0.118088 0.891635 -0.434619 2.65122 -3.12377 6.07137
data/frame-000269.color.jpg -0.0499181 -0.119712 0.890937 -0.43521 2.70947 -3.10732 6.05806
data/frame-000270.color.jpg -0.0576054 -0.12143 0.889005 -0.437728 2.81004 -3.06806 6.04031
data/frame-000271.color.jpg -0.0632215 -0.123133 0.887509 -0.43951 2.88832 -3.02895 6.02213
data/frame-000272.color.jpg -0.0712146 -0.128837 0.884645 -0.442416 3.03068 -2.95536 5.98018
data/frame-000273.color.jpg -0.079804 -0.144091 0.882837 -0.439849 3.3208 -2.87137 5.86308
data/frame-000274.color.jpg -0.0902978 -0.156568 0.878537 -0.442159 3.55561 -2.73935 5.76049
data/frame-000275.color.jpg -0.0896856 -0.157511 0.871463 -0.455739 3.60928 -2.53534 5.81797
data/frame-000276.color.jpg -0.0880745 -0.163773 0.870475 -0.455735 3.67066 -2.4828 5.79335
data/frame-000277.color.jpg -0.086913 -0.164056 0.869878 -0.456995 3.67786 -2.45507 5.78096
data/frame-000278.color.jpg -0.0850077 -0.157334 0.870396 -0.458727 3.61074 -2.46717 5.80954
data/frame-000279.color.jpg -0.0822766 -0.146693 0.87161 -0.460443 3.50176 -2.49891 5.86728
data/frame-000280.color.jpg -0.0781668 -0.126123 0.873706 -0.463272 3.2946 -2.5694 5.96933
data/frame-000281.color.jpg -0.0739199 -0.120949 0.875812 -0.461368 3.23541 -2.6298 5.99655
data/frame-000282.color.jpg -0.0733466 -0.125495 0.875837 -0.460197 3.30434 -2.623 5.98869
data/frame-000283.color.jpg -0.0769854 -0.137022 0.874995 -0.45791 3.48439 -2.59772 5.9226
data/frame-000284.color.jpg -0.0872124 -0.15146 0.873811 -0.453772 3.72279 -2.57348 5.80009
data/frame-000285.color.jpg -0.0872849 -0.164219 0.870625 -0.455439 3.89271 -2.48022 5.75378
data/frame-000286.color.jpg -0.0942281 -0.181271 0.869334 -0.450023 4.12969 -2.44101 5.61141
data/frame-000287.color.jpg -0.103294 -0.19552 0.869007 -0.442639 4.34468 -2.43913 5.45245
data/frame-000288.color.jpg -0.112656 -0.212738 0.867414 -0.435482 4.59313 -2.40856 5.27818
data/frame-000289.color.jpg -0.122913 -0.228078 0.865407 -0.428886 4.82392 -2.37755 5.09705
data/frame-000290.color.jpg -0.131847 -0.242641 0.862039 -0.425006 5.03665 -2.31194 4.93062
data/frame-000291.color.jpg -0.139897 -0.254446 0.860247 -0.419119 5.21725 -2.28768 4.77204
data/frame-000292.color.jpg -0.14804 -0.270042 0.85737 -0.412405 5.42329 -2.22962 4.58821
data/frame-000293.color.jpg -0.156097 -0.286276 0.854768 -0.403795 5.6202 -2.17565 4.36878
data/frame-000294.color.jpg -0.163816 -0.294783 0.852849 -0.398642 5.74515 -2.15529 4.2221
data/frame-000295.color.jpg -0.168792 -0.30651 0.850301 -0.393128 5.86727 -2.09828 4.07521
data/frame-000296.color.jpg -0.178574 -0.318646 0.84702 -0.386179 6.02287 -2.05731 3.87006
data/frame-000297.color.jpg -0.178261 -0.322217 0.848755 -0.379494 6.05935 -2.0953 3.80713
data/frame-000298.color.jpg -0.186441 -0.335605 0.846758 -0.368251 6.20065 -2.08477 3.56678
data/frame-000299.color.jpg -0.191003 -0.352373 0.844785 -0.354526 6.33551 -2.03811 3.32812
data/frame-000300.color.jpg -0.195191 -0.371086 0.839787 -0.344898 6.46205 -1.9206 3.10354
data/frame-000301.color.jpg -0.18969 -0.383212 0.839678 -0.334825 6.51302 -1.8709 3.01037
data/frame-000302.color.jpg -0.188523 -0.395027 0.838479 -0.324601 6.56758 -1.82771 2.87249
data/frame-000303.color.jpg -0.182692 -0.407007 0.837094 -0.316612 6.60788 -1.75537 2.80192
data/frame-000304.color.jpg -0.180998 -0.417598 0.832024 -0.317155 6.65545 -1.61889 2.7687
data/frame-000305.color.jpg -0.180792 -0.421899 0.830575 -0.315375 6.67708 -1.57463 2.73465
data/frame-000306.color.jpg -0.185698 -0.43463 0.822236 -0.317082 6.76411 -1.39528 2.63797
data/frame-000307.color.jpg -0.192889 -0.452301 0.81376 -0.309859 6.87961 -1.21985 2.41329
data/frame-000308.color.jpg -0.198881 -0.467443 0.805567 -0.304969 6.97307 -1.04919 2.22836
data/frame-000309.color.jpg -0.207417 -0.484392 0.795709 -0.298646 7.08164 -0.859856 1.99561
data/frame-000310.color.jpg -0.217798 -0.495704 0.787024 -0.295695 7.15838 -0.729998 1.79927
data/frame-000311.color.jpg -0.229297 -0.514344 0.774927 -0.286986 7.24481 -0.521896 1.49936
data/frame-000312.color.jpg -0.235223 -0.528032 0.76507 -0.283762 7.30288 -0.337486 1.32077
data/frame-000313.color.jpg -0.243362 -0.540003 0.75528 -0.280579 7.34842 -0.184061 1.13576
data/frame-000314.color.jpg -0.249855 -0.554815 0.744328 -0.275189 7.3925 0.00970731 0.916219
data/frame-000315.color.jpg -0.256577 -0.57211 0.730541 -0.270498 7.40719 0.264891 0.684393
data/frame-000316.color.jpg -0.269325 -0.584509 0.715426 -0.271988 7.42608 0.50133 0.454084
data/frame-000317.color.jpg -0.27629 -0.584155 0.707267 -0.286705 7.4299 0.611179 0.458936
data/frame-000318.color.jpg -0.279229 -0.585674 0.704323 -0.288004 7.42191 0.661582 0.425594
data/frame-000319.color.jpg -0.294043 -0.580958 0.695584 -0.303627 7.42275 0.710503 0.368255
data/frame-000320.color.jpg -0.302815 -0.578037 0.688551 -0.316344 7.41494 0.760787 0.346094
data/frame-000321.color.jpg -0.305782 -0.572419 0.684476 -0.332154 7.41278 0.806192 0.44132
data/frame-000322.color.jpg -0.307123 -0.568524 0.681369 -0.34379 7.4051 0.849909 0.521264
data/frame-000323.color.jpg -0.306667 -0.563533 0.679305 -0.356274 7.39972 0.89689 0.63677
data/frame-000324.color.jpg -0.31302 -0.558745 0.676163 -0.364178 7.40095 0.88566 0.630015
data/frame-000325.color.jpg -0.317702 -0.556714 0.672965 -0.369126 7.40274 0.915407 0.617405
data/frame-000326.color.jpg -0.326886 -0.551372 0.668442 -0.377252 7.4026 0.898665 0.576842
data/frame-000327.color.jpg -0.331733 -0.54829 0.663892 -0.385459 7.40025 0.93283 0.581119
data/frame-000328.color.jpg -0.335725 -0.547136 0.660981 -0.388633 7.3991 0.954212 0.552252
data/frame-000329.color.jpg -0.345394 -0.546447 0.654424 -0.39221 7.40084 0.973097 0.445044
data/frame-000330.color.jpg -0.351742 -0.544516 0.65107 -0.394826 7.41248 0.973452 0.39077
data/frame-000331.color.jpg -0.355835 -0.548479 0.644659 -0.396191 7.40119 1.06151 0.306842
data/frame-000332.color.jpg -0.357962 -0.548512 0.64244 -0.39783 7.40164 1.08311 0.280704
data/frame-000333.color.jpg -0.370327 -0.549431 0.63462 -0.397795 7.38015 1.08697 0.105248
data/frame-000334.color.jpg -0.368509 -0.54222 0.635508 -0.407833 7.40389 1.07721 0.229715
data/frame-000335.color.jpg -0.370277 -0.539033 0.635899 -0.409843 7.39817 1.05571 0.242916
data/frame-000336.color.jpg -0.371627 -0.536867 0.637061 -0.40966 7.40288 1.0165 0.249885
data/frame-000337.color.jpg -0.370179 -0.537522 0.637825 -0.408921 7.39787 1.02593 0.253943
data/frame-000338.color.jpg -0.37148 -0.537412 0.637097 -0.409021 7.3904 1.02201 0.228126
data/frame-000339.color.jpg -0.360511 -0.543663 0.63906 -0.40751 7.37795 1.11913 0.308798
data/frame-000340.color.jpg -0.35426 -0.545367 0.642893 -0.404676 7.37135 1.12501 0.356065
data/frame-000341.color.jpg -0.347913 -0.549779 0.646448 -0.398503 7.3576 1.14528 0.36728
data/frame-000342.color.jpg -0.339772 -0.554775 0.651217 -0.390764 7.35366 1.15795 0.379731
data/frame-000343.color.jpg -0.335366 -0.563163 0.653516 -0.378542 7.35382 1.18751 0.284116
data/frame-000344.color.jpg -0.341559 -0.577151 0.64713 -0.362569 7.32955 1.29479 -0.0276477
data/frame-000345.color.jpg -0.350817 -0.584784 0.638788 -0.356237 7.33493 1.36489 -0.283245
data/frame-000346.color.jpg -0.357561 -0.600885 0.628458 -0.340774 7.29031 1.51679 -0.61363
data/frame-000347.color.jpg 0.367272 0.61813 -0.611411 0.330459 7.2043 1.72556 -0.980305
data/frame-000348.color.jpg 0.376908 0.6437 -0.588791 0.311314 7.04985 2.02774 -1.45346
data/frame-000349.color.jpg 0.385586 0.65974 -0.571059 0.299931 6.90591 2.23921 -1.78428
data/frame-000350.color.jpg 0.389322 0.662921 -0.565123 0.299334 6.86065 2.28137 -1.87825
data/frame-000351.color.jpg 0.388627 0.673497 -0.556975 0.291804 6.77822 2.43929 -1.995
data/frame-000352.color.jpg 0.39526 0.69988 -0.522493 0.284497 6.45377 2.86252 -2.38884
data/frame-000353.color.jpg 0.400653 0.712283 -0.505143 0.277419 6.26868 3.03548 -2.61537
data/frame-000354.color.jpg 0.401908 0.7142 -0.501046 0.278103 6.23554 3.06897 -2.65543
data/frame-000355.color.jpg 0.414263 0.727526 -0.476274 0.268804 5.96335 3.22813 -3.00599
data/frame-000356.color.jpg 0.415984 0.735955 -0.464755 0.263307 5.82797 3.35728 -3.12794
data/frame-000357.color.jpg 0.422053 0.745347 -0.447411 0.257199 5.62652 3.48554 -3.33999
data/frame-000358.color.jpg 0.424312 0.746768 -0.444326 0.254697 5.58246 3.49251 -3.39263
data/frame-000359.color.jpg 0.436579 0.755125 -0.422566 0.246218 5.33136 3.57051 -3.69424
data/frame-000360.color.jpg 0.440676 0.761806 -0.409629 0.240125 5.17194 3.66356 -3.8312
data/frame-000361.color.jpg 0.451185 0.764685 -0.395737 0.234695 4.99586 3.65537 -4.04026
data/frame-000362.color.jpg 0.450881 0.765974 -0.393886 0.234188 4.97641 3.68274 -4.04917
data/frame-000363.color.jpg 0.455598 0.770814 -0.380998 0.230471 4.81925 3.73809 -4.17795
data/frame-000364.color.jpg 0.464341 0.775881 -0.365285 0.221274 4.60269 3.76696 -4.38053
data/frame-000365.color.jpg 0.466018 0.779307 -0.355557 0.221557 4.50443 3.82101 -4.44272
data/frame-000366.color.jpg 0.466347 0.780674 -0.353658 0.219075 4.46861 3.8367 -4.46991
data/frame-000367.color.jpg 0.467443 0.790807 -0.335804 0.208224 4.20632 3.97874 -4.60433
data/frame-000368.color.jpg 0.468751 0.791264 -0.334265 0.206013 4.17533 3.97363 -4.63331
data/frame-000369.color.jpg 0.469439 0.793491 -0.329452 0.203618 4.10953 4.0022 -4.67607
data/frame-000370.color.jpg 0.474459 0.796579 -0.323901 0.188251 3.95833 3.99633 -4.79976
data/frame-000371.color.jpg 0.47266 0.80379 -0.313436 0.179644 3.79879 4.11732 -4.86545
data/frame-000372.color.jpg 0.472539 0.807808 -0.306671 0.173511 3.69381 4.18096 -4.92151
data/frame-000373.color.jpg 0.480733 0.808986 -0.296932 0.162078 3.54323 4.1638 -5.10129
data/frame-000374.color.jpg 0.479537 0.810863 -0.294008 0.161569 3.50263 4.20371 -5.10226
data/frame-000375.color.jpg 0.479874 0.81272 -0.290767 0.157043 3.43916 4.2264 -5.1353
data/frame-000376.color.jpg 0.476775 0.815268 -0.289595 0.15543 3.42522 4.28204 -5.11567
data/frame-000377.color.jpg 0.46873 0.82204 -0.285494 0.151777 3.34268 4.44215 -5.07411
data/frame-000378.color.jpg 0.473327 0.82281 -0.277672 0.147795 3.20032 4.44426 -5.17081
data/frame-000379.color.jpg 0.472047 0.825708 -0.271876 0.146497 3.10641 4.50471 -5.17861
data/frame-000380.color.jpg 0.474714 0.834777 -0.242332 0.138095 2.64378 4.63571 -5.31966
data/frame-000381.color.jpg 0.474025 0.842373 -0.217491 0.135666 2.27579 4.74745 -5.38941
data/frame-000382.color.jpg 0.465937 0.853191 -0.194402 0.131055 1.91162 4.94676 -5.35547
data/frame-000383.color.jpg 0.466591 0.861866 -0.160313 0.117388 1.33969 5.03694 -5.43521
data/frame-000384.color.jpg 0.469006 0.866058 -0.137186 0.105622 0.947878 5.05382 -5.49436
data/frame-000385.color.jpg 0.468029 0.872764 -0.107718 0.087343 0.432316 5.10871 -5.48286
data/frame-000386.color.jpg 0.468766 0.874888 -0.0925863 0.0791031 0.177421 5.10765 -5.49015
data/frame-000387.color.jpg 0.471589 0.876161 -0.0719056 0.0691025 -0.164316 5.06821 -5.50833
data/frame-000388.color.jpg 0.469066 0.878897 -0.0579886 0.06445 -0.381395 5.09473 -5.4637
data/frame-000389.color.jpg 0.471253 0.879377 -0.0400519 0.0548913 -0.684202 5.04426 -5.46217
data/frame-000390.color.jpg 0.471761 0.87992 -0.0277593 0.04911 -0.880893 5.01328 -5.44411
data/frame-000391.color.jpg 0.466486 0.88343 -0.0142017 0.0417089 -1.107 5.05495 -5.34744
data/frame-000392.color.jpg 0.461442 0.886495 -0.00406715 0.0343642 -1.28548 5.08852 -5.25696
data/frame-000393.color.jpg 0.459846 0.887505 0.00947317 0.0280459 -1.50373 5.06002 -5.20524
data/frame-000394.color.jpg 0.446946 0.894061 0.0161103 0.0251886 -1.59983 5.18735 -5.03773
data/frame-000395.color.jpg 0.437793 0.898513 0.0259128 0.0184472 -1.74637 5.24383 -4.89297
data/frame-000396.color.jpg 0.432236 0.901265 0.021844 0.0204249 -1.67262 5.32252 -4.83734
data/frame-000397.color.jpg 0.419948 0.907014 0.0243861 0.0193495 -1.68681 5.42879 -4.68185
data/frame-000398.color.jpg 0.411963 0.910682 0.0249791 0.0179047 -1.64316 5.50255 -4.5652
data/frame-000399.color.jpg 0.408674 0.912042 0.0317484 0.0125279 -1.72651 5.51801 -4.49532
data/frame-000400.color.jpg 0.417675 0.907796 0.0380187 0.00303627 -1.82533 5.42242 -4.56127
data/frame-000401.color.jpg 0.426576 0.90362 0.0387506 0.00134912 -1.81658 5.34002 -4.65284
data/frame-000402.color.jpg 0.43565 0.898958 0.0456373 0.000852422 -1.89862 5.21974 -4.74659
data/frame-000403.color.jpg 0.444474 0.894291 0.0518075 -0.0016537 -1.97937 5.10388 -4.82847
data/frame-000404.color.jpg 0.449136 0.89173 0.0555304 -0.00331613 -2.03242 5.04373 -4.8631
data/frame-000405.color.jpg 0.470744 0.879813 0.0654622 -0.00669178 -2.15451 4.7688 -5.06767
data/frame-000406.color.jpg 0.477096 0.876228 0.0674989 -0.00694756 -2.173 4.68928 -5.12668
data/frame-000407.color.jpg 0.483461 0.872239 0.0730412 -0.0113884 -2.26439 4.59474 -5.16032
data/frame-000408.color.jpg 0.488631 0.868845 0.0784729 -0.0137671 -2.34394 4.50595 -5.19123
data/frame-000409.color.jpg 0.500555 0.861356 0.0831335 -0.0244679 -2.4461 4.35517 -5.25997
data/frame-000410.color.jpg 0.509419 0.855478 0.0879749 -0.0301588 -2.52958 4.23504 -5.31285
data/frame-000411.color.jpg 0.512241 0.853698 0.088871 -0.0301687 -2.52419 4.20578 -5.33751
data/frame-000412.color.jpg 0.5165 0.850138 0.0970952 -0.0326535 -2.63351 4.12035 -5.33734
data/frame-000413.color.jpg 0.518113 0.848462 0.102536 -0.0340343 -2.69733 4.08119 -5.33356
data/frame-000414.color.jpg 0.517191 0.848382 0.107543 -0.0345917 -2.75666 4.0752 -5.30822
data/frame-000415.color.jpg 0.517218 0.847888 0.111085 -0.0350978 -2.79978 4.06232 -5.29946
data/frame-000416.color.jpg 0.518611 0.84666 0.113167 -0.037449 -2.83713 4.03895 -5.2968
data/frame-000417.color.jpg 0.516611 0.847269 0.117372 -0.0383637 -2.89216 4.0537 -5.27261
data/frame-000418.color.jpg 0.51758 0.845699 0.122465 -0.0436519 -2.97942 4.0246 -5.24523
data/frame-000419.color.jpg 0.511571 0.847113 0.135672 -0.0478295 -3.16549 4.04439 -5.14053
data/frame-000420.color.jpg 0.508395 0.847127 0.146275 -0.0501431 -3.3075 4.02955 -5.06912
data/frame-000421.color.jpg 0.506171 0.845332 0.16048 -0.0587473 -3.52107 3.99498 -4.97315
data/frame-000422.color.jpg 0.506048 0.842092 0.174845 -0.0650069 -3.72347 3.92227 -4.91562
data/frame-000423.color.jpg 0.5107 0.831343 0.199649 -0.0905229 -4.13092 3.7571 -4.7649
data/frame-000424.color.jpg 0.509714 0.831301 0.201779 -0.091733 -4.15948 3.75656 -4.74083
data/frame-000425.color.jpg 0.503845 0.833235 0.208095 -0.092504 -4.22859 3.79614 -4.66806
data/frame-000426.color.jpg 0.506702 0.830011 0.213598 -0.093333 -4.28145 3.72306 -4.66769
data/frame-000427.color.jpg 0.507754 0.827106 0.221089 -0.095921 -4.36754 3.66117 -4.63883
data/frame-000428.color.jpg 0.509962 0.823773 0.228361 -0.0958581 -4.43431 3.57398 -4.63246
data/frame-000429.color.jpg 0.505801 0.824577 0.2312 -0.103845 -4.46291 3.62197 -4.5393
data/frame-000430.color.jpg 0.50255 0.825072 0.234681 -0.107816 -4.49654 3.6441 -4.47775
data/frame-000431.color.jpg 0.502103 0.825748 0.233813 -0.106604 -4.45191 3.65797 -4.49894
data/frame-000432.color.jpg 0.498858 0.828623 0.230146 -0.107512 -4.37283 3.73509 -4.48806
data/frame-000433.color.jpg 0.496379 0.829281 0.232494 -0.108842 -4.3903 3.74958 -4.45721
data/frame-000434.color.jpg 0.491844 0.830921 0.23728 -0.106576 -4.3972 3.76003 -4.41765
data/frame-000435.color.jpg 0.490294 0.830912 0.243089 -0.100522 -4.40769 3.71905 -4.41692
data/frame-000436.color.jpg 0.48516 0.833109 0.246459 -0.0990301 -4.42195 3.7556 -4.37822
data/frame-000437.color.jpg 0.480502 0.83431 0.250757 -0.100819 -4.46107 3.78544 -4.32493
data/frame-000438.color.jpg 0.476957 0.834539 0.256563 -0.101147 -4.50988 3.78473 -4.27619
data/frame-000439.color.jpg 0.473734 0.832912 0.266641 -0.103616 -4.61307 3.74891 -4.22047
data/frame-000440.color.jpg 0.481527 0.825972 0.272081 -0.108969 -4.67893 3.62535 -4.26201
data/frame-000441.color.jpg 0.486056 0.821514 0.278015 -0.107572 -4.72175 3.53439 -4.32089
data/frame-000442.color.jpg 0.492618 0.817433 0.281551 -0.0992934 -4.70424 3.41292 -4.41634
data/frame-000443.color.jpg 0.490112 0.818894 0.28412 -0.0920793 -4.68636 3.42463 -4.4463
data/frame-000444.color.jpg 0.488941 0.821992 0.277187 -0.0918357 -4.58785 3.52519 -4.48771
data/frame-000445.color.jpg 0.48649 0.824985 0.272639 -0.0916283 -4.52236 3.60515 -4.50526
data/frame-000446.color.jpg 0.488086 0.830496 0.254485 -0.0853555 -4.26669 3.75338 -4.66175
data/frame-000447.color.jpg 0.491034 0.836324 0.231819 -0.0755485 -3.9326 3.90547 -4.84285
data/frame-000448.color.jpg 0.504235 0.841394 0.18608 -0.0563731 -3.24258 4.03361 -5.23744
data/frame-000449.color.jpg 0.495543 0.854844 0.149537 -0.036305 -2.63644 4.36273 -5.32011
data/frame-000450.color.jpg 0.493026 0.857369 0.143789 -0.0341946 -2.54243 4.42429 -5.31558
data/frame-000451.color.jpg 0.48972 0.862941 0.121606 -0.0268111 -2.17496 4.57768 -5.34384
data/frame-000452.color.jpg 0.493149 0.862975 0.108626 -0.0167093 -1.91677 4.5745 -5.41551
data/frame-000453.color.jpg 0.491812 0.864353 0.10469 -0.0073958 -1.80395 4.60527 -5.41923
data/frame-000454.color.jpg 0.490084 0.866842 0.0914786 0.00585557 -1.52003 4.66551 -5.42862
data/frame-000455.color.jpg 0.483681 0.870762 0.0884448 0.00191222 -1.47677 4.75768 -5.35084
data/frame-000456.color.jpg 0.47289 0.876356 0.0914847 -0.00231116 -1.52293 4.88805 -5.21219
data/frame-000457.color.jpg 0.461949 0.881642 0.0962591 -0.00665518 -1.59025 5.00803 -5.07269
data/frame-000458.color.jpg 0.46308 0.88058 0.0998741 -0.0126918 -1.65635 4.96967 -5.07639
data/frame-000459.color.jpg 0.457628 0.882891 0.103524 -0.0190247 -1.71646 5.02333 -4.9884
data/frame-000460.color.jpg 0.454102 0.882927 0.114767 -0.0325562 -1.84591 5.01236 -4.89481
data/frame-000461.color.jpg 0.453226 0.882683 0.118595 -0.0373209 -1.89777 5.00598 -4.86525
data/frame-000462.color.jpg 0.456639 0.880714 0.119616 -0.0389271 -1.91472 4.95506 -4.89668
data/frame-000463.color.jpg 0.463104 0.876088 0.127976 -0.0403325 -2.01757 4.84489 -4.94768
data/frame-000464.color.jpg 0.457198 0.875066 0.153406 -0.04118 -2.34023 4.80372 -4.832
data/frame-000465.color.jpg 0.457687 0.874276 0.155979 -0.042828 -2.375 4.78287 -4.82502
data/frame-000466.color.jpg 0.456339 0.870222 0.177027 -0.055947 -2.69794 4.6979 -4.73644
data/frame-000467.color.jpg 0.454074 0.867343 0.19398 -0.062488 -2.93691 4.63232 -4.65058
data/frame-000468.color.jpg 0.454207 0.86356 0.208212 -0.0678788 -3.1319 4.54844 -4.59546
data/frame-000469.color.jpg 0.452297 0.857173 0.233928 -0.0771951 -3.4741 4.4019 -4.46843
data/frame-000470.color.jpg 0.449493 0.852289 0.253893 -0.0842505 -3.74269 4.29205 -4.35724
data/frame-000471.color.jpg 0.446504 0.84984 0.265925 -0.0876931 -3.87844 4.23514 -4.274
data/frame-000472.color.jpg 0.447211 0.847189 0.273012 -0.0879636 -3.95492 4.17256 -4.25956
data/frame-000473.color.jpg 0.447093 0.846446 0.274901 -0.0898072 -3.98276 4.15813 -4.24588
data/frame-000474.color.jpg 0.444926 0.844607 0.283287 -0.0918111 -4.08299 4.12383 -4.19039
data/frame-000475.color.jpg 0.443652 0.844165 0.285753 -0.0943571 -4.1133 4.1232 -4.1593
data/frame-000476.color.jpg 0.440989 0.843232 0.292436 -0.0947097 -4.18587 4.10982 -4.1157
data/frame-000477.color.jpg 0.443767 0.839693 0.294807 -0.105239 -4.24791 4.06054 -4.0958
data/frame-000478.color.jpg 0.444187 0.838459 0.297486 -0.105764 -4.27438 4.05101 -4.08559
data/frame-000479.color.jpg 0.448494 0.829348 0.31151 -0.118307 -4.47727 3.90021 -4.06566
data/frame-000480.color.jpg 0.450427 0.825188 0.317893 -0.122981 -4.56553 3.82686 -4.03807
data/frame-000481.color.jpg 0.435871 0.815406 0.353128 -0.142933 -5.02871 3.67846 -3.66761
data/frame-000482.color.jpg 0.430379 0.812139 0.367555 -0.141804 -5.17106 3.61553 -3.5508
data/frame-000483.color.jpg 0.416301 0.797761 0.411036 -0.146012 -5.62056 3.30697 -3.20079
data/frame-000484.color.jpg 0.409872 0.794474 0.422624 -0.149011 -5.73249 3.24194 -3.06696
data/frame-000485.color.jpg 0.399809 0.792969 0.434673 -0.149708 -5.8258 3.21015 -2.90738
data/frame-000486.color.jpg 0.395144 0.794124 0.438588 -0.144459 -5.83505 3.20791 -2.89246
data/frame-000487.color.jpg 0.390315 0.801743 0.430038 -0.141171 -5.71787 3.37015 -2.91165
data/frame-000488.color.jpg 0.389323 0.805933 0.422959 -0.141442 -5.63689 3.47016 -2.94537
data/frame-000489.color.jpg 0.387522 0.81306 0.410962 -0.140962 -5.49588 3.64263 -2.98903
data/frame-000490.color.jpg 0.384086 0.81975 0.401729 -0.138208 -5.36724 3.78763 -3.02485
data/frame-000491.color.jpg 0.387654 0.822553 0.394375 -0.132664 -5.25043 3.83241 -3.13348
data/frame-000492.color.jpg 0.389883 0.824108 0.39019 -0.128801 -5.18673 3.85674 -3.20517
data/frame-000493.color.jpg 0.391271 0.827545 0.382069 -0.126881 -5.07921 3.93616 -3.26585
data/frame-000494.color.jpg 0.390965 0.832526 0.373313 -0.121175 -4.95076 4.02565 -3.33272
data/frame-000495.color.jpg 0.38933 0.836361 0.367142 -0.118863 -4.86629 4.10335 -3.35019
data/frame-000496.color.jpg 0.386329 0.83983 0.363638 -0.114901 -4.81063 4.1711 -3.3498
