frame-000010.color.jpg 0.313467 0.780375 -0.480776 0.248211 0.839295 1.534804 0.235031 1.352276 0.030746
frame-000011.color.jpg 0.313917 0.778899 -0.480848 0.252106 0.839938 1.545215 0.234765 1.184475 0.026231
frame-000012.color.jpg 0.321973 0.774564 -0.479858 0.257138 0.839253 1.556058 0.202327 1.106825 0.025622
frame-000013.color.jpg 0.326250 0.770624 -0.480383 0.262548 0.844503 1.560849 0.188909 1.426321 0.031268
frame-000014.color.jpg 0.332042 0.766894 -0.481307 0.264510 0.851767 1.564737 0.171001 1.224669 0.027640
frame-000015.color.jpg 0.339651 0.761450 -0.481909 0.269436 0.859764 1.564210 0.144089 1.147447 0.026828
frame-000016.color.jpg 0.343738 0.756884 -0.484609 0.272261 0.869240 1.570607 0.134178 1.118962 0.027427
frame-000017.color.jpg 0.350139 0.751984 -0.485187 0.276616 0.873107 1.569873 0.107255 1.242748 0.030635
frame-000018.color.jpg 0.358066 0.745496 -0.485269 0.283791 0.875837 1.577547 0.077229 1.514625 0.036511
frame-000019.color.jpg 0.365009 0.739199 -0.486778 0.288791 0.885302 1.581419 0.053817 1.413940 0.035128
frame-000020.color.jpg 0.367683 0.734624 -0.487756 0.295348 0.890277 1.597259 0.039891 1.604720 0.033154
frame-000021.color.jpg 0.375679 0.727421 -0.487317 0.303722 0.892168 1.599395 0.006942 0.838057 0.018291
frame-000022.color.jpg 0.386760 0.717592 -0.487695 0.312462 0.899178 1.596706 -0.035164 0.760784 0.017637
frame-000023.color.jpg 0.390965 0.711219 -0.489188 0.319389 0.907831 1.599673 -0.052552 0.652270 0.015999
frame-000024.color.jpg 0.399411 0.703486 -0.489722 0.325192 0.911609 1.605879 -0.086203 0.413956 0.012822
frame-000025.color.jpg 0.405154 0.694446 -0.491224 0.335102 0.923349 1.605978 -0.109655 0.662424 0.016384
frame-000026.color.jpg 0.409983 0.688148 -0.491085 0.342348 0.926235 1.599824 -0.132649 0.895076 0.021596
frame-000027.color.jpg 0.407853 0.682689 -0.493997 0.351508 0.932544 1.606107 -0.131377 0.922223 0.022948
frame-000028.color.jpg 0.412391 0.675129 -0.495785 0.358236 0.944799 1.603771 -0.154774 0.969577 0.024212
frame-000029.color.jpg 0.413991 0.671565 -0.495991 0.362774 0.942481 1.606138 -0.166142 1.093768 0.027082
frame-000030.color.jpg 0.417339 0.668253 -0.496405 0.364484 0.946835 1.615822 -0.184972 0.835635 0.022287
frame-000031.color.jpg 0.425935 0.661383 -0.494579 0.369519 0.945901 1.603676 -0.230844 0.917415 0.023557
frame-000032.color.jpg 0.432166 0.658886 -0.491201 0.371245 0.937463 1.598856 -0.265701 1.069687 0.026607
frame-000033.color.jpg 0.435845 0.660714 -0.484892 0.371989 0.909419 1.603053 -0.300947 1.371937 0.034238
frame-000034.color.jpg 0.445572 0.660768 -0.480240 0.366362 0.890179 1.602072 -0.350223 1.219590 0.030820
frame-000035.color.jpg 0.445569 0.662888 -0.478886 0.364302 0.873500 1.609817 -0.353453 0.885003 0.022099
frame-000036.color.jpg 0.449481 0.660781 -0.475353 0.367934 0.851474 1.602971 -0.393120 1.245308 0.030345
frame-000037.color.jpg 0.455618 0.659869 -0.472724 0.365401 0.831105 1.602016 -0.427151 1.135838 0.027994
frame-000038.color.jpg 0.473418 0.651355 -0.465852 0.366870 0.797926 1.565961 -0.523160 1.317668 0.032275
frame-000039.color.jpg 0.483545 0.649292 -0.458140 0.367032 0.767765 1.555248 -0.575315 1.252429 0.030889
frame-000040.color.jpg 0.483431 0.650409 -0.456144 0.367688 0.757867 1.559511 -0.580590 1.125132 0.027415
frame-000041.color.jpg 0.495153 0.651454 -0.445785 0.362914 0.714385 1.544698 -0.633131 0.709991 0.016557
frame-000042.color.jpg 0.501260 0.652482 -0.440207 0.359476 0.692411 1.530630 -0.659532 0.804697 0.018497
frame-000043.color.jpg 0.502360 0.656680 -0.437957 0.352985 0.671192 1.530271 -0.664179 0.716593 0.016818
frame-000044.color.jpg 0.502948 0.657119 -0.437542 0.351844 0.666782 1.526824 -0.670439 0.749000 0.016787
frame-000045.color.jpg 0.504314 0.658318 -0.435275 0.350457 0.654877 1.508810 -0.684270 1.085998 0.025172
frame-000046.color.jpg 0.506127 0.661863 -0.437341 0.338387 0.638790 1.492357 -0.689329 1.037717 0.023200
frame-000047.color.jpg 0.502467 0.665030 -0.441471 0.332213 0.638291 1.498765 -0.675662 0.833475 0.018602
frame-000048.color.jpg 0.502152 0.665564 -0.442778 0.329872 0.636856 1.486177 -0.676062 0.977085 0.021451
frame-000049.color.jpg 0.494540 0.670271 -0.446393 0.326954 0.632450 1.504497 -0.649417 0.767173 0.016024
frame-000050.color.jpg 0.493823 0.669037 -0.447544 0.328989 0.639832 1.495557 -0.649156 1.272265 0.026658
frame-000051.color.jpg 0.480422 0.675590 -0.455530 0.324448 0.634334 1.515628 -0.604335 0.695748 0.014345
frame-000052.color.jpg 0.475116 0.675884 -0.459578 0.325936 0.640022 1.514927 -0.589324 0.938091 0.020157
frame-000053.color.jpg 0.471744 0.676014 -0.462293 0.326723 0.636093 1.516106 -0.582701 0.793062 0.017046
frame-000054.color.jpg 0.467466 0.675519 -0.465211 0.329738 0.640960 1.521483 -0.574743 0.923074 0.020208
frame-000055.color.jpg 0.464872 0.673994 -0.466100 0.335226 0.643359 1.529945 -0.580173 0.849818 0.020674
frame-000056.color.jpg 0.465121 0.670848 -0.468176 0.338286 0.649486 1.535701 -0.586685 0.781869 0.017705
frame-000057.color.jpg 0.456188 0.663110 -0.478560 0.350938 0.689152 1.544334 -0.577073 0.804432 0.017738
frame-000058.color.jpg 0.448714 0.658520 -0.486273 0.358533 0.717536 1.547678 -0.568689 1.004452 0.020973
frame-000059.color.jpg 0.438810 0.648030 -0.502645 0.367221 0.792444 1.551936 -0.553442 1.037487 0.022050
frame-000060.color.jpg 0.438577 0.644326 -0.506888 0.368183 0.815992 1.548992 -0.555683 0.951755 0.019644
frame-000061.color.jpg 0.428443 0.624700 -0.533732 0.375921 0.961338 1.538989 -0.541103 0.752918 0.015413
frame-000062.color.jpg 0.425833 0.608869 -0.548265 0.383862 1.055494 1.522672 -0.553559 0.402364 0.009886
frame-000063.color.jpg 0.427293 0.601230 -0.552019 0.388867 1.090865 1.507991 -0.567888 0.477331 0.011073
frame-000064.color.jpg 0.425771 0.585253 -0.560073 0.403134 1.158094 1.483086 -0.578359 0.267751 0.005201
frame-000065.color.jpg 0.414034 0.575263 -0.570127 0.415456 1.204104 1.467861 -0.546746 0.323954 0.005815
frame-000066.color.jpg 0.410542 0.573186 -0.572766 0.418154 1.213153 1.464893 -0.536066 0.429033 0.007220
frame-000067.color.jpg 0.383679 0.549825 -0.592207 0.446961 1.297402 1.434849 -0.450329 0.687580 0.011655
frame-000068.color.jpg 0.373833 0.542175 -0.598199 0.456567 1.316681 1.425743 -0.415660 0.581669 0.009532
frame-000069.color.jpg 0.359351 0.534139 -0.605123 0.468389 1.348134 1.417818 -0.368616 1.043149 0.017827
frame-000070.color.jpg 0.355620 0.532760 -0.604421 0.473684 1.349936 1.412375 -0.363897 1.083930 0.018332
frame-000071.color.jpg 0.348522 0.536820 -0.601309 0.478314 1.327628 1.425128 -0.354832 0.826686 0.013971
frame-000072.color.jpg 0.339035 0.540341 -0.599458 0.483463 1.309543 1.446674 -0.332580 0.623420 0.011443
frame-000073.color.jpg 0.334848 0.540062 -0.600981 0.484800 1.307793 1.448784 -0.316027 0.602800 0.011465
frame-000074.color.jpg 0.332447 0.539318 -0.602994 0.484781 1.311856 1.450443 -0.305441 0.644947 0.012558
frame-000075.color.jpg 0.330511 0.530873 -0.613738 0.481937 1.338317 1.425244 -0.262404 0.612862 0.011950
frame-000076.color.jpg 0.330465 0.527220 -0.618705 0.479621 1.347613 1.404670 -0.242595 0.533038 0.010966
frame-000077.color.jpg 0.325437 0.524649 -0.633726 0.466074 1.359572 1.377061 -0.172171 0.324696 0.002395
frame-000078.color.jpg 0.319169 0.526135 -0.640461 0.459480 1.348595 1.360876 -0.115214 0.736165 0.010231
frame-000079.color.jpg 0.314853 0.529068 -0.642988 0.455545 1.338093 1.370522 -0.086515 0.605176 0.008968
frame-000080.color.jpg 0.321372 0.531576 -0.642422 0.448822 1.331578 1.352885 -0.074671 0.543341 0.010607
frame-000081.color.jpg 0.320169 0.534334 -0.643840 0.444352 1.326407 1.353094 -0.053712 0.459855 0.010470
frame-000082.color.jpg 0.320097 0.544263 -0.640990 0.436403 1.283907 1.358863 -0.039723 0.332976 0.006203
frame-000083.color.jpg 0.316176 0.551297 -0.639999 0.431864 1.255396 1.361377 0.007020 0.477085 0.012675
frame-000084.color.jpg 0.317485 0.558280 -0.635277 0.428894 1.225589 1.368346 0.025484 0.581551 0.013201
frame-000085.color.jpg 0.326397 0.569876 -0.625389 0.421420 1.185267 1.379227 0.020825 0.299452 0.008140
frame-000086.color.jpg 0.335935 0.576761 -0.616479 0.417669 1.148896 1.386428 0.008189 0.614354 0.010009
frame-000087.color.jpg 0.347415 0.584397 -0.607413 0.410891 1.124999 1.397380 0.023151 0.377382 0.009290
frame-000088.color.jpg 0.352205 0.591112 -0.601318 0.406146 1.106530 1.418244 0.034992 0.276693 0.006749
frame-000089.color.jpg 0.353319 0.596066 -0.596815 0.404577 1.095803 1.448015 0.053779 0.217420 0.007969
frame-000090.color.jpg 0.355437 0.600430 -0.591829 0.403592 1.077982 1.471613 0.056137 0.039329 0.003608
frame-000091.color.jpg 0.363246 0.598131 -0.589145 0.403981 1.094282 1.475890 0.041215 0.597658 0.015824
frame-000092.color.jpg 0.368173 0.604168 -0.583234 0.399083 1.081932 1.492659 0.034288 0.408552 0.010146
frame-000093.color.jpg 0.368408 0.605364 -0.582297 0.398422 1.078950 1.499863 0.030750 0.250249 0.009667
frame-000094.color.jpg 0.376845 0.608234 -0.575096 0.396616 1.060399 1.509815 0.000978 0.366304 0.009244
frame-000095.color.jpg 0.383410 0.605706 -0.573442 0.396587 1.080777 1.517472 -0.019257 0.126085 0.007116
frame-000096.color.jpg 0.390919 0.600000 -0.573461 0.397900 1.108806 1.511497 -0.040190 0.619199 0.017739
frame-000097.color.jpg 0.399104 0.600211 -0.569383 0.395304 1.097551 1.519773 -0.067199 0.218270 0.007698
frame-000098.color.jpg 0.402472 0.595548 -0.567358 0.401801 1.107733 1.521652 -0.086712 0.451088 0.013938
frame-000099.color.jpg 0.411121 0.588305 -0.561527 0.411782 1.100699 1.536954 -0.131322 0.279551 0.013056
frame-000100.color.jpg 0.413839 0.582555 -0.560555 0.418503 1.105976 1.535908 -0.145058 0.164594 0.009590
frame-000101.color.jpg 0.412225 0.578668 -0.561243 0.424523 1.098203 1.553160 -0.141635 0.457537 0.013309
frame-000102.color.jpg 0.412835 0.576979 -0.561304 0.426147 1.096013 1.551888 -0.145886 0.227723 0.009947
frame-000103.color.jpg 0.411888 0.569502 -0.563138 0.434616 1.103006 1.550840 -0.147610 0.150802 0.009630
frame-000104.color.jpg 0.410784 0.565030 -0.565775 0.438061 1.108804 1.553710 -0.140701 0.318305 0.008566
frame-000105.color.jpg 0.410090 0.560884 -0.566270 0.443366 1.106070 1.555632 -0.145795 0.197013 0.005606
frame-000106.color.jpg 0.412725 0.555789 -0.565541 0.448240 1.111038 1.547914 -0.158734 0.160894 0.007130
frame-000107.color.jpg 0.413071 0.548111 -0.566170 0.456506 1.104608 1.550742 -0.167379 0.149411 0.006358
frame-000108.color.jpg 0.417082 0.544250 -0.564859 0.459096 1.104727 1.547770 -0.183232 0.289346 0.005405
frame-000109.color.jpg 0.417112 0.543015 -0.564114 0.461441 1.105295 1.552798 -0.186065 0.177315 0.006644
frame-000110.color.jpg 0.421047 0.541220 -0.562790 0.461592 1.106081 1.545751 -0.199379 0.213439 0.004060
frame-000111.color.jpg 0.423231 0.538768 -0.561360 0.464198 1.114141 1.544183 -0.209988 0.200016 0.007752
frame-000112.color.jpg 0.427088 0.539323 -0.558569 0.463387 1.114858 1.548947 -0.222485 0.452509 0.010554
frame-000113.color.jpg 0.436001 0.542057 -0.552040 0.459706 1.103177 1.544020 -0.260763 0.360640 0.008286
frame-000114.color.jpg 0.446081 0.543505 -0.544811 0.456941 1.109420 1.532195 -0.296185 0.303979 0.004425
frame-000115.color.jpg 0.446171 0.546035 -0.543401 0.455514 1.118929 1.536608 -0.296305 0.505727 0.010631
frame-000116.color.jpg 0.454424 0.557383 -0.534685 0.443773 1.108125 1.536729 -0.323684 0.132761 0.001967
frame-000117.color.jpg 0.456001 0.561641 -0.532526 0.439361 1.102172 1.538987 -0.327637 0.348213 0.006140
frame-000118.color.jpg 0.456364 0.562921 -0.531219 0.438929 1.108638 1.534201 -0.331190 0.104861 0.001817
frame-000119.color.jpg 0.457963 0.569043 -0.527942 0.433287 1.100293 1.532850 -0.337831 0.422774 0.012732
frame-000120.color.jpg 0.460180 0.571794 -0.525417 0.430375 1.103152 1.528842 -0.346209 0.729605 0.019577
frame-000121.color.jpg 0.467173 0.571313 -0.519551 0.430602 1.103967 1.513111 -0.374056 0.693610 0.018877
frame-000122.color.jpg 0.470850 0.582505 -0.513910 0.418192 1.093848 1.516093 -0.383798 0.567521 0.016235
frame-000123.color.jpg 0.468861 0.587745 -0.513766 0.413243 1.092989 1.523659 -0.373219 0.591394 0.017506
frame-000124.color.jpg 0.469868 0.595050 -0.510779 0.405271 1.080256 1.523082 -0.370122 0.458735 0.013651
frame-000125.color.jpg 0.469926 0.598847 -0.508612 0.402325 1.071765 1.522060 -0.367995 0.530152 0.015059
frame-000126.color.jpg 0.468862 0.603597 -0.507857 0.397393 1.064268 1.527763 -0.361702 0.545289 0.015122
frame-000127.color.jpg 0.465720 0.610928 -0.507339 0.390486 1.056387 1.529535 -0.341199 0.530051 0.015381
frame-000128.color.jpg 0.456051 0.619089 -0.510862 0.384404 1.048803 1.528391 -0.292842 0.839001 0.022901
frame-000129.color.jpg 0.447636 0.625247 -0.516055 0.377328 1.041420 1.532032 -0.244607 1.050079 0.026751
frame-000130.color.jpg 0.441140 0.628207 -0.521258 0.372883 1.037641 1.527365 -0.207154 1.208661 0.028652
frame-000131.color.jpg 0.421018 0.623442 -0.543932 0.371755 1.074456 1.498118 -0.104519 0.989239 0.023709
frame-000132.color.jpg 0.411162 0.619267 -0.556242 0.371550 1.092696 1.479055 -0.056479 1.101053 0.026512
frame-000133.color.jpg 0.396133 0.613752 -0.572359 0.372549 1.114821 1.459836 0.015084 0.978871 0.022762
frame-000134.color.jpg 0.391028 0.612764 -0.576302 0.373489 1.118088 1.457054 0.036523 0.745360 0.017342
frame-000135.color.jpg 0.379962 0.608094 -0.589576 0.371822 1.137877 1.434858 0.093885 1.041809 0.024956
frame-000136.color.jpg 0.370315 0.596188 -0.607979 0.371198 1.186377 1.394479 0.158721 0.880268 0.020890
frame-000137.color.jpg 0.362999 0.590927 -0.620148 0.366680 1.195099 1.352716 0.204842 1.338664 0.033129
frame-000138.color.jpg 0.351344 0.586937 -0.630927 0.366051 1.207061 1.335679 0.264947 1.189779 0.027987
frame-000139.color.jpg 0.339888 0.579830 -0.643328 0.366610 1.217413 1.296792 0.327496 1.322204 0.031853
frame-000140.color.jpg 0.331691 0.574696 -0.651850 0.367147 1.219810 1.271169 0.372940 1.085767 0.025800
frame-000141.color.jpg 0.320306 0.564522 -0.664916 0.369601 1.233648 1.237402 0.439364 0.598112 0.014529
frame-000142.color.jpg 0.309948 0.541062 -0.686045 0.374869 1.251440 1.156281 0.512465 0.847309 0.019254
frame-000143.color.jpg 0.300724 0.533018 -0.697754 0.372286 1.262284 1.114389 0.561746 0.576594 0.013129
frame-000144.color.jpg 0.286562 0.524959 -0.712416 0.367102 1.271952 1.062858 0.630107 0.346368 0.008192
frame-000145.color.jpg 0.285300 0.522356 -0.715362 0.366066 1.274077 1.047033 0.636615 0.261587 0.006902
frame-000146.color.jpg 0.269207 0.515898 -0.729831 0.358781 1.270834 0.985156 0.707277 0.335049 0.010784
frame-000147.color.jpg 0.263436 0.515660 -0.732459 0.358051 1.262296 0.972678 0.726396 0.366456 0.011009
frame-000148.color.jpg 0.255703 0.514418 -0.737548 0.354984 1.254406 0.948061 0.749281 0.234498 0.006708
frame-000149.color.jpg 0.245916 0.512243 -0.742143 0.355466 1.243657 0.926532 0.772734 0.531583 0.007555
frame-000150.color.jpg 0.244923 0.508904 -0.746739 0.351299 1.240418 0.897285 0.773130 0.507801 0.004371
frame-000151.color.jpg 0.241387 0.510276 -0.748722 0.347514 1.236638 0.883798 0.783765 0.479840 0.005658
frame-000152.color.jpg 0.235916 0.512644 -0.751729 0.341238 1.230279 0.866537 0.795358 0.435402 0.005535
frame-000153.color.jpg 0.240530 0.525707 -0.745449 0.331787 1.191295 0.863451 0.748371 0.360185 0.004864
frame-000154.color.jpg 0.241941 0.528698 -0.742468 0.332693 1.180953 0.872647 0.740969 0.309609 0.003610
frame-000155.color.jpg 0.238047 0.534946 -0.740031 0.330938 1.153327 0.881523 0.741322 0.332649 0.004112
frame-000156.color.jpg 0.235933 0.535913 -0.739133 0.332890 1.139893 0.884344 0.740325 0.416772 0.007849
frame-000157.color.jpg 0.235199 0.535379 -0.739113 0.334310 1.113387 0.883768 0.739194 0.426996 0.006541
frame-000158.color.jpg 0.232215 0.533728 -0.740997 0.334865 1.103048 0.884129 0.741569 0.295213 0.010416
frame-000159.color.jpg 0.227661 0.532560 -0.742022 0.337570 1.080999 0.883325 0.751600 0.472279 0.011845
frame-000160.color.jpg 0.225699 0.531767 -0.742123 0.339909 1.052184 0.880598 0.754064 0.221264 0.012554
frame-000161.color.jpg 0.223289 0.529690 -0.744076 0.340471 1.038397 0.877819 0.757556 0.277469 0.012632
frame-000162.color.jpg 0.218878 0.526672 -0.746437 0.342841 1.009751 0.873003 0.767836 0.256095 0.011112
frame-000163.color.jpg 0.221808 0.522835 -0.747280 0.344989 0.994950 0.867685 0.760856 0.107754 0.010459
frame-000164.color.jpg 0.223116 0.517561 -0.748940 0.348480 0.987351 0.862954 0.761401 0.430101 0.010134
frame-000165.color.jpg 0.220964 0.510769 -0.753606 0.349811 0.967357 0.852530 0.772039 0.246553 0.009181
frame-000166.color.jpg 0.222696 0.510107 -0.754403 0.347957 0.959706 0.845993 0.773679 0.083420 0.004938
frame-000167.color.jpg 0.217774 0.506447 -0.758083 0.348420 0.952399 0.838043 0.785931 0.360468 0.010012
frame-000168.color.jpg 0.218418 0.501830 -0.760692 0.349010 0.948110 0.824325 0.789801 0.176125 0.006545
frame-000169.color.jpg 0.215837 0.498150 -0.764074 0.348499 0.944721 0.816362 0.797045 0.531019 0.013365
frame-000170.color.jpg 0.212753 0.492635 -0.768213 0.349136 0.937821 0.805977 0.805753 0.342996 0.009983
frame-000171.color.jpg 0.214907 0.489322 -0.769332 0.350012 0.922377 0.798383 0.804073 0.332684 0.005541
frame-000172.color.jpg 0.209963 0.484035 -0.772989 0.352297 0.910924 0.795998 0.811539 0.264512 0.010063
frame-000173.color.jpg 0.208549 0.477904 -0.775635 0.355676 0.902241 0.790458 0.816159 0.136478 0.006773
frame-000174.color.jpg 0.207364 0.474984 -0.776861 0.357599 0.893381 0.790590 0.818192 0.243199 0.006685
frame-000175.color.jpg 0.200371 0.468463 -0.781103 0.360933 0.863761 0.791989 0.827733 0.123870 0.004699
frame-000176.color.jpg 0.197123 0.468911 -0.780720 0.362961 0.843072 0.799929 0.826269 0.215179 0.008398
frame-000177.color.jpg 0.194974 0.467303 -0.779627 0.368503 0.824352 0.808045 0.823040 0.216307 0.005835
frame-000178.color.jpg 0.185529 0.467851 -0.778554 0.374897 0.793786 0.826499 0.828341 0.137925 0.006869
frame-000179.color.jpg 0.187108 0.468114 -0.777398 0.376182 0.766975 0.836423 0.821320 0.396238 0.007627
frame-000180.color.jpg 0.184101 0.459760 -0.782251 0.377904 0.755844 0.830543 0.821888 0.438921 0.007730
frame-000181.color.jpg 0.181440 0.452129 -0.787247 0.378022 0.749179 0.829927 0.824961 0.366623 0.003896
frame-000182.color.jpg 0.176910 0.445594 -0.790716 0.380680 0.729351 0.835181 0.822122 0.235166 0.004333
frame-000183.color.jpg 0.179308 0.443904 -0.790521 0.381935 0.726933 0.835942 0.812845 0.455794 0.006819
frame-000184.color.jpg 0.180973 0.428189 -0.795972 0.387726 0.709728 0.848653 0.782974 0.235689 0.004300
frame-000185.color.jpg 0.181275 0.425015 -0.796580 0.389822 0.696304 0.853909 0.756560 0.160840 0.002111
frame-000186.color.jpg 0.187892 0.422892 -0.792847 0.396552 0.684558 0.870912 0.711199 0.303537 0.006297
frame-000187.color.jpg 0.193192 0.424540 -0.788589 0.400713 0.677708 0.882631 0.680793 0.359309 0.006697
frame-000188.color.jpg 0.188930 0.430134 -0.782894 0.407882 0.650041 0.895072 0.659712 0.369811 0.009084
frame-000189.color.jpg 0.192733 0.432721 -0.777655 0.413351 0.630323 0.900362 0.624882 0.162011 0.005181
frame-000190.color.jpg 0.192504 0.434692 -0.777314 0.412029 0.624960 0.893517 0.624201 0.195822 0.008934
frame-000191.color.jpg 0.204024 0.436651 -0.772638 0.413208 0.624392 0.890891 0.589694 0.471883 0.010170
frame-000192.color.jpg 0.220848 0.438417 -0.768245 0.410873 0.625432 0.889474 0.564671 0.130129 0.003200
frame-000193.color.jpg 0.237467 0.445660 -0.760056 0.409038 0.621724 0.893583 0.538856 0.224912 0.006116
frame-000194.color.jpg 0.239624 0.447855 -0.759112 0.407130 0.620715 0.895128 0.541778 0.341531 0.009275
frame-000195.color.jpg 0.246969 0.484594 -0.736691 0.401823 0.552047 0.922380 0.530784 0.279918 0.008081
frame-000196.color.jpg 0.255436 0.502393 -0.718496 0.407575 0.511714 0.955547 0.509429 0.506832 0.012794
frame-000197.color.jpg 0.266664 0.506575 -0.705773 0.417322 0.486956 0.988367 0.483687 0.523044 0.012197
frame-000198.color.jpg 0.272388 0.505676 -0.700493 0.423564 0.471184 1.006483 0.469234 0.340442 0.007928
frame-000199.color.jpg 0.276072 0.501790 -0.697183 0.431191 0.451735 1.026750 0.463916 0.466100 0.010846
frame-000200.color.jpg 0.272308 0.501696 -0.695484 0.436408 0.426201 1.039330 0.469383 0.230194 0.005568
frame-000201.color.jpg 0.274865 0.497915 -0.693902 0.441623 0.419682 1.052504 0.465682 0.352097 0.008691
frame-000202.color.jpg 0.277064 0.496472 -0.692318 0.444350 0.413903 1.066072 0.464337 0.308007 0.008939
frame-000203.color.jpg 0.282502 0.492828 -0.690658 0.447555 0.414930 1.079045 0.452741 0.190114 0.004642
frame-000204.color.jpg 0.286997 0.489704 -0.690032 0.449086 0.421542 1.084365 0.448324 0.231748 0.006767
frame-000205.color.jpg 0.286367 0.490704 -0.690039 0.448386 0.417885 1.089390 0.452584 0.378915 0.009227
frame-000206.color.jpg 0.292036 0.487553 -0.686546 0.453500 0.419655 1.110325 0.440656 0.248312 0.006235
frame-000207.color.jpg 0.298640 0.485876 -0.682340 0.457330 0.417425 1.124947 0.423413 0.212134 0.003251
frame-000208.color.jpg 0.299120 0.485890 -0.680481 0.459764 0.414539 1.134989 0.424301 0.139963 0.004310
frame-000209.color.jpg 0.299177 0.483326 -0.679668 0.463617 0.425553 1.142233 0.423764 0.643193 0.015624
frame-000210.color.jpg 0.304225 0.485984 -0.678058 0.459896 0.421533 1.150775 0.419538 0.424796 0.008759
frame-000211.color.jpg 0.308777 0.485875 -0.675475 0.460777 0.423665 1.157149 0.413799 0.220635 0.004936
frame-000212.color.jpg 0.309701 0.484226 -0.675704 0.461558 0.427058 1.171273 0.416188 0.431100 0.009996
frame-000213.color.jpg 0.311687 0.484103 -0.674492 0.462121 0.423493 1.175382 0.411173 0.355119 0.008668
frame-000214.color.jpg 0.318930 0.479549 -0.673248 0.463739 0.429472 1.182152 0.397478 0.172452 0.005794
frame-000215.color.jpg 0.321026 0.477444 -0.676944 0.459061 0.430950 1.191215 0.410514 0.398988 0.010912
frame-000216.color.jpg 0.323304 0.475761 -0.675358 0.461538 0.426791 1.194296 0.403269 0.174090 0.008152
frame-000217.color.jpg 0.323142 0.474633 -0.674773 0.463664 0.420656 1.203860 0.403993 0.218611 0.007848
frame-000218.color.jpg 0.320157 0.475825 -0.674599 0.464766 0.405354 1.207784 0.409031 0.326828 0.010281
frame-000219.color.jpg 0.320691 0.474676 -0.673301 0.467446 0.399639 1.219288 0.406428 0.342219 0.009832
frame-000220.color.jpg 0.323178 0.472369 -0.672652 0.469002 0.398449 1.222747 0.400666 0.511034 0.015297
frame-000221.color.jpg 0.324752 0.467529 -0.673188 0.471986 0.405310 1.236951 0.396065 0.394308 0.010895
frame-000222.color.jpg 0.335811 0.461505 -0.666975 0.478944 0.413972 1.253132 0.366686 0.341143 0.010662
frame-000223.color.jpg 0.347714 0.457495 -0.660052 0.483865 0.428279 1.261038 0.335610 0.286274 0.009135
frame-000224.color.jpg 0.350363 0.456558 -0.656880 0.487143 0.434383 1.267612 0.325664 0.136536 0.003861
frame-000225.color.jpg 0.351738 0.456594 -0.655552 0.487908 0.432926 1.268595 0.323550 0.208251 0.007233
frame-000226.color.jpg 0.352632 0.456837 -0.653799 0.489386 0.431887 1.277243 0.322640 0.385425 0.009589
frame-000227.color.jpg 0.350908 0.457735 -0.652277 0.491810 0.431094 1.271283 0.330170 0.321383 0.010231
frame-000228.color.jpg 0.343790 0.462431 -0.655585 0.488031 0.421106 1.266967 0.357479 0.367108 0.010126
frame-000229.color.jpg 0.341425 0.464768 -0.658237 0.483884 0.416826 1.270113 0.370453 0.223817 0.008033
frame-000230.color.jpg 0.337923 0.466293 -0.659815 0.482724 0.411588 1.271492 0.382416 0.398065 0.011123
frame-000231.color.jpg 0.327129 0.465276 -0.667732 0.480249 0.400795 1.264892 0.419349 0.592287 0.015447
frame-000232.color.jpg 0.319103 0.463875 -0.672788 0.479947 0.388106 1.260337 0.439782 0.576998 0.014907
frame-000233.color.jpg 0.317445 0.464363 -0.674197 0.478597 0.381610 1.258462 0.445152 0.436025 0.011560
frame-000234.color.jpg 0.309256 0.464132 -0.679387 0.476838 0.366727 1.256374 0.466515 0.559546 0.015250
frame-000235.color.jpg 0.295082 0.459807 -0.692436 0.471207 0.341737 1.242389 0.508772 0.425293 0.010715
frame-000236.color.jpg 0.284661 0.458928 -0.698222 0.469936 0.320553 1.235680 0.535254 0.593071 0.016983
frame-000237.color.jpg 0.281459 0.457380 -0.700741 0.469624 0.319669 1.228776 0.540410 0.565394 0.016319
frame-000238.color.jpg 0.272256 0.453789 -0.709664 0.465113 0.302787 1.223184 0.570867 0.526595 0.013908
frame-000239.color.jpg 0.257144 0.439580 -0.727309 0.460075 0.282698 1.199772 0.612605 0.562431 0.014501
frame-000240.color.jpg 0.247293 0.431906 -0.737358 0.456735 0.276357 1.182857 0.635223 0.170345 0.005151
frame-000241.color.jpg 0.239486 0.421106 -0.747082 0.455176 0.262186 1.173606 0.648425 0.227387 0.007182
frame-000242.color.jpg 0.235994 0.410674 -0.755119 0.453266 0.243399 1.176943 0.648380 0.525511 0.012626
frame-000243.color.jpg 0.236785 0.404267 -0.758926 0.452252 0.243218 1.180000 0.638103 0.293566 0.007457
frame-000244.color.jpg 0.241491 0.407447 -0.757600 0.449122 0.215527 1.190162 0.612659 0.397385 0.009901
frame-000245.color.jpg 0.240045 0.407364 -0.758974 0.447651 0.205103 1.190035 0.616946 0.431187 0.009756
frame-000246.color.jpg 0.219925 0.413488 -0.773686 0.426697 0.141011 1.157626 0.653192 0.712182 0.014417
frame-000247.color.jpg 0.217890 0.412421 -0.774842 0.426678 0.114180 1.165189 0.642029 0.945950 0.019431
frame-000248.color.jpg 0.217037 0.408564 -0.775846 0.428991 0.093297 1.173578 0.632054 0.805120 0.015628
frame-000249.color.jpg 0.215820 0.402590 -0.779972 0.427770 0.085590 1.166540 0.632466 0.698767 0.012533
frame-000250.color.jpg 0.211219 0.400970 -0.782960 0.426126 0.062366 1.157788 0.642837 0.795492 0.017160
frame-000251.color.jpg 0.207937 0.398477 -0.784359 0.427503 0.051281 1.156280 0.652126 0.717770 0.014044
frame-000252.color.jpg 0.211643 0.403945 -0.783696 0.421730 0.036555 1.142365 0.668546 0.682596 0.013265
frame-000253.color.jpg 0.213622 0.414356 -0.777682 0.421765 0.006763 1.125703 0.681429 0.440047 0.009393
frame-000254.color.jpg 0.219978 0.423202 -0.774329 0.415841 0.000539 1.105283 0.701655 0.295596 0.006446
frame-000255.color.jpg 0.218251 0.443655 -0.766936 0.409080 -0.049286 1.067370 0.741719 0.398761 0.008295
frame-000256.color.jpg 0.221264 0.453614 -0.759267 0.410840 -0.074986 1.051647 0.754400 0.322002 0.007744
frame-000257.color.jpg 0.224187 0.462310 -0.752937 0.411211 -0.097058 1.033695 0.765377 0.157683 0.004406
frame-000258.color.jpg 0.225884 0.468140 -0.750914 0.407370 -0.112064 1.017146 0.779744 0.442891 0.007554
frame-000259.color.jpg 0.212443 0.476031 -0.751779 0.403845 -0.165573 0.963520 0.813538 0.278274 0.003914
frame-000260.color.jpg 0.205347 0.472921 -0.757569 0.400335 -0.178335 0.940010 0.827214 0.192862 0.002281
frame-000261.color.jpg 0.196615 0.470995 -0.763827 0.395064 -0.199601 0.910062 0.844558 0.281823 0.002559
frame-000262.color.jpg 0.191417 0.470341 -0.765191 0.395755 -0.204377 0.902558 0.844194 0.270032 0.004334
frame-000263.color.jpg 0.187707 0.469168 -0.768729 0.392050 -0.213109 0.888841 0.852511 0.300892 0.004085
frame-000264.color.jpg 0.180637 0.466906 -0.775198 0.385274 -0.223836 0.858784 0.863581 0.295047 0.004178
frame-000265.color.jpg 0.179560 0.467347 -0.775481 0.384674 -0.225751 0.854112 0.865431 0.192847 0.005203
frame-000266.color.jpg 0.178386 0.467532 -0.777853 0.380180 -0.224864 0.837216 0.867164 0.340302 0.003530
frame-000267.color.jpg 0.172966 0.467143 -0.777888 0.383080 -0.240803 0.827060 0.857811 0.308585 0.003330
frame-000268.color.jpg 0.166716 0.467447 -0.779376 0.382455 -0.249749 0.813641 0.857053 0.265506 0.005501
frame-000269.color.jpg 0.160923 0.459601 -0.786059 0.380765 -0.253485 0.805333 0.845158 0.348805 0.004929
frame-000270.color.jpg 0.162518 0.448593 -0.789765 0.385517 -0.241194 0.813710 0.828545 0.420599 0.006346
frame-000271.color.jpg 0.159203 0.441943 -0.792443 0.389069 -0.245438 0.802490 0.810571 0.365304 0.002651
frame-000272.color.jpg 0.159684 0.437603 -0.792100 0.394440 -0.248882 0.802759 0.794553 0.312992 0.002240
frame-000273.color.jpg 0.163705 0.420866 -0.795692 0.403667 -0.240544 0.806659 0.771905 0.281672 0.003804
frame-000274.color.jpg 0.168008 0.412759 -0.796339 0.408959 -0.235648 0.807522 0.760337 0.437520 0.007433
frame-000275.color.jpg 0.171078 0.409950 -0.796906 0.409407 -0.236705 0.796838 0.759451 0.509822 0.009029
frame-000276.color.jpg 0.169588 0.403110 -0.799900 0.410978 -0.234137 0.784150 0.754809 0.234259 0.003929
frame-000277.color.jpg 0.169103 0.403229 -0.802094 0.406762 -0.237523 0.772889 0.760603 0.221211 0.005294
frame-000278.color.jpg 0.164952 0.406051 -0.802068 0.405709 -0.245008 0.756443 0.766193 0.307983 0.007088
frame-000279.color.jpg 0.169226 0.406869 -0.800572 0.406085 -0.242751 0.753308 0.767086 0.213361 0.005464
frame-000280.color.jpg 0.170956 0.404662 -0.800026 0.408633 -0.237775 0.752473 0.767318 0.360677 0.007061
frame-000281.color.jpg 0.170565 0.404264 -0.800400 0.408459 -0.236748 0.749287 0.767057 0.422004 0.007673
frame-000282.color.jpg 0.166390 0.397177 -0.808138 0.401843 -0.199709 0.704046 0.776854 0.403145 0.009752
frame-000283.color.jpg 0.165165 0.397717 -0.809816 0.398420 -0.199105 0.695974 0.784398 0.491663 0.013887
frame-000284.color.jpg 0.154378 0.398242 -0.816121 0.389251 -0.196689 0.660837 0.794303 0.417447 0.011993
frame-000285.color.jpg 0.146236 0.394447 -0.824687 0.378045 -0.185022 0.626654 0.806403 0.450768 0.010998
frame-000286.color.jpg 0.136860 0.388092 -0.832188 0.371641 -0.185001 0.603037 0.804342 0.490276 0.007094
frame-000287.color.jpg 0.137161 0.379788 -0.837037 0.369210 -0.173957 0.597993 0.803826 0.394639 0.006312
frame-000288.color.jpg 0.132893 0.369577 -0.843558 0.366280 -0.170439 0.589616 0.805100 0.513399 0.006255
frame-000289.color.jpg 0.131906 0.366018 -0.844586 0.367841 -0.172108 0.599089 0.805125 0.552358 0.006086
frame-000290.color.jpg 0.131078 0.364558 -0.845110 0.368381 -0.171109 0.601105 0.802110 0.692049 0.007956
frame-000291.color.jpg 0.130484 0.351940 -0.842240 0.386969 -0.182431 0.655768 0.782289 0.486170 0.005247
frame-000292.color.jpg 0.127822 0.349615 -0.841540 0.391462 -0.190343 0.666964 0.776891 0.367057 0.004283
frame-000293.color.jpg 0.126306 0.348819 -0.840470 0.394946 -0.200301 0.678811 0.773555 0.301133 0.003725
frame-000294.color.jpg 0.128007 0.348797 -0.837154 0.401408 -0.210379 0.704447 0.768840 0.453726 0.005897
frame-000295.color.jpg 0.128136 0.346930 -0.836161 0.405038 -0.218577 0.722335 0.764876 0.521262 0.007407
frame-000296.color.jpg 0.134395 0.352628 -0.834202 0.402118 -0.224740 0.736352 0.776058 0.514108 0.007559
frame-000297.color.jpg 0.137160 0.362611 -0.830333 0.400310 -0.236194 0.741105 0.778034 0.603547 0.009081
frame-000298.color.jpg 0.140307 0.365130 -0.828343 0.401051 -0.238732 0.745009 0.777046 0.502765 0.009008
frame-000299.color.jpg 0.151913 0.380266 -0.818227 0.403515 -0.260464 0.770380 0.779952 0.656256 0.006677
frame-000300.color.jpg 0.173967 0.421628 -0.794213 0.401487 -0.306210 0.792488 0.800142 0.639337 0.010827
frame-000301.color.jpg 0.181798 0.429834 -0.788656 0.400267 -0.312503 0.799591 0.807585 0.392571 0.007586
frame-000302.color.jpg 0.186722 0.437879 -0.783289 0.399819 -0.327189 0.810514 0.814577 0.363806 0.006726
frame-000303.color.jpg 0.200309 0.453049 -0.765572 0.410515 -0.376041 0.847940 0.802643 0.217918 0.003532
frame-000304.color.jpg 0.207281 0.453688 -0.760010 0.416638 -0.383738 0.864644 0.788867 0.177548 0.003624
frame-000305.color.jpg 0.212385 0.456412 -0.753505 0.422861 -0.403523 0.887997 0.782257 0.164790 0.003525
frame-000306.color.jpg 0.214907 0.462205 -0.749224 0.422900 -0.424840 0.898375 0.786222 0.074194 0.003548
frame-000307.color.jpg 0.216132 0.462226 -0.747787 0.424792 -0.427538 0.904490 0.782988 0.060090 0.004397
frame-000308.color.jpg 0.220597 0.462485 -0.744545 0.427898 -0.433481 0.924218 0.776835 0.190640 0.006196
frame-000309.color.jpg 0.228178 0.461440 -0.740226 0.432521 -0.437815 0.942595 0.761752 0.409415 0.009313
frame-000310.color.jpg 0.230204 0.462208 -0.738641 0.433335 -0.444814 0.959748 0.762595 0.318304 0.008729
frame-000311.color.jpg 0.226952 0.465068 -0.738420 0.432366 -0.453265 0.958293 0.761971 0.125813 0.004832
frame-000312.color.jpg 0.231009 0.471262 -0.731995 0.434431 -0.462511 0.975611 0.757211 0.207005 0.004369
frame-000313.color.jpg 0.232192 0.471294 -0.731616 0.434404 -0.461100 0.979242 0.756739 0.255669 0.005817
frame-000314.color.jpg 0.234069 0.472297 -0.730107 0.434847 -0.456836 0.986766 0.747872 0.314580 0.005842
frame-000315.color.jpg 0.235093 0.476345 -0.729325 0.431175 -0.449228 0.994481 0.742104 0.425107 0.007265
frame-000316.color.jpg 0.240218 0.482417 -0.724491 0.429746 -0.438561 1.004918 0.738563 0.211599 0.006217
frame-000317.color.jpg 0.239259 0.498131 -0.715503 0.427406 -0.446685 1.001688 0.726524 0.341678 0.008458
frame-000318.color.jpg 0.239973 0.501212 -0.712874 0.427797 -0.445693 1.004977 0.717016 0.380810 0.008423
frame-000319.color.jpg 0.252442 0.515522 -0.698796 0.426842 -0.430638 1.045366 0.672620 0.428427 0.008725
frame-000320.color.jpg 0.263406 0.522106 -0.687108 0.431167 -0.423406 1.074363 0.627590 0.332036 0.008475
frame-000321.color.jpg 0.276019 0.523294 -0.679620 0.433697 -0.404580 1.099723 0.590489 0.168852 0.006341
frame-000322.color.jpg 0.280153 0.524056 -0.677255 0.433827 -0.400233 1.105065 0.582682 0.326205 0.007744
frame-000323.color.jpg 0.287521 0.528079 -0.668066 0.438352 -0.404331 1.132960 0.519944 0.137800 0.002841
frame-000324.color.jpg 0.295924 0.527327 -0.662264 0.442448 -0.403857 1.152575 0.481144 0.186641 0.004019
frame-000325.color.jpg 0.306529 0.530695 -0.653593 0.444093 -0.408927 1.168415 0.456120 0.185473 0.004420
frame-000326.color.jpg 0.310389 0.532685 -0.650539 0.443515 -0.414320 1.171640 0.450348 0.183875 0.004181
frame-000327.color.jpg 0.320393 0.539852 -0.638137 0.445745 -0.430380 1.178743 0.423339 0.165606 0.005928
frame-000328.color.jpg 0.346001 0.564543 -0.608877 0.436856 -0.466080 1.180120 0.423858 0.427961 0.008951
frame-000329.color.jpg 0.356944 0.581348 -0.591167 0.430288 -0.492810 1.170201 0.434074 0.471684 0.010455
frame-000330.color.jpg 0.359401 0.587325 -0.585774 0.427492 -0.502884 1.167467 0.443109 0.404545 0.007713
frame-000331.color.jpg 0.367531 0.599878 -0.570766 0.423430 -0.526425 1.157407 0.447935 0.265075 0.006044
frame-000332.color.jpg 0.399344 0.616344 -0.539521 0.411779 -0.540612 1.160626 0.455691 0.219183 0.003554
frame-000333.color.jpg 0.411999 0.625074 -0.524982 0.404887 -0.549588 1.157669 0.465380 0.496489 0.009098
frame-000334.color.jpg 0.415985 0.627620 -0.519602 0.403811 -0.553291 1.155029 0.467607 0.252395 0.005489
frame-000335.color.jpg 0.426404 0.636333 -0.501616 0.402046 -0.572963 1.135496 0.468180 0.322196 0.006361
frame-000336.color.jpg 0.430249 0.645788 -0.489719 0.397515 -0.599075 1.123140 0.485513 0.222380 0.004391
frame-000337.color.jpg 0.431041 0.644224 -0.489269 0.399744 -0.606569 1.122209 0.475613 0.443643 0.009131
frame-000338.color.jpg 0.427993 0.642603 -0.492015 0.402249 -0.602740 1.126570 0.472190 0.073494 0.002236
frame-000339.color.jpg 0.426802 0.634757 -0.496035 0.410942 -0.618213 1.131699 0.447049 0.305757 0.007135
frame-000340.color.jpg 0.419894 0.631905 -0.503536 0.413325 -0.627648 1.135833 0.443137 0.701906 0.015309
frame-000341.color.jpg 0.416550 0.630324 -0.506443 0.415564 -0.626812 1.138601 0.440926 0.578545 0.011939
frame-000342.color.jpg 0.409798 0.623128 -0.514046 0.423714 -0.632589 1.139795 0.416455 0.585123 0.013485
frame-000343.color.jpg 0.387930 0.605766 -0.539072 0.438131 -0.620498 1.156481 0.368684 0.485819 0.009340
frame-000344.color.jpg 0.383739 0.602274 -0.544034 0.440497 -0.616719 1.160915 0.361773 0.303711 0.007066
frame-000345.color.jpg 0.373317 0.586059 -0.560757 0.450246 -0.601954 1.176662 0.319750 0.713702 0.014594
frame-000346.color.jpg 0.356064 0.573748 -0.575692 0.461098 -0.591829 1.185243 0.288205 0.266214 0.004881
frame-000347.color.jpg 0.331738 0.554404 -0.598506 0.473684 -0.564287 1.196772 0.250790 0.216394 0.003638
frame-000348.color.jpg 0.330784 0.550645 -0.600337 0.476411 -0.558972 1.194541 0.239658 0.229833 0.005058
frame-000349.color.jpg 0.320573 0.544977 -0.609687 0.478032 -0.546943 1.201391 0.234735 0.114460 0.003356
frame-000350.color.jpg 0.296970 0.536853 -0.625452 0.482086 -0.526703 1.194527 0.228915 0.595051 0.009946
frame-000351.color.jpg 0.285562 0.531356 -0.634884 0.482739 -0.513147 1.196752 0.226259 0.445551 0.006954
frame-000352.color.jpg 0.282807 0.529190 -0.636793 0.484223 -0.509441 1.195173 0.221347 0.304699 0.004916
frame-000353.color.jpg 0.272717 0.522397 -0.643793 0.488116 -0.496018 1.194821 0.207565 0.087603 0.002114
frame-000354.color.jpg 0.255597 0.509760 -0.659624 0.489603 -0.459645 1.194251 0.199167 0.230260 0.005498
frame-000355.color.jpg 0.254603 0.504160 -0.663443 0.490758 -0.441686 1.193000 0.190260 0.365087 0.007590
frame-000356.color.jpg 0.256310 0.496370 -0.669072 0.490168 -0.416057 1.202835 0.182804 0.155726 0.002914
frame-000357.color.jpg 0.257525 0.489155 -0.673296 0.491000 -0.391848 1.209097 0.175413 0.247638 0.004460
frame-000358.color.jpg 0.256005 0.485426 -0.675612 0.492312 -0.383232 1.211194 0.169329 0.101018 0.001349
frame-000359.color.jpg 0.255766 0.480651 -0.677625 0.494351 -0.373247 1.211310 0.157176 0.272345 0.005077
frame-000360.color.jpg 0.253765 0.480465 -0.678370 0.494541 -0.373415 1.211130 0.158330 0.355361 0.006201
frame-000361.color.jpg 0.245087 0.470247 -0.686991 0.496834 -0.369467 1.222832 0.149956 0.518419 0.008099
frame-000362.color.jpg 0.241013 0.461092 -0.692808 0.499323 -0.363024 1.231735 0.141630 0.148231 0.001805
frame-000363.color.jpg 0.236761 0.452668 -0.696737 0.503581 -0.363409 1.236879 0.129119 0.381405 0.006661
frame-000364.color.jpg 0.227936 0.439972 -0.702690 0.510585 -0.361238 1.245386 0.112332 0.309982 0.005377
frame-000365.color.jpg 0.220675 0.428965 -0.707546 0.516402 -0.355314 1.249038 0.096081 0.135831 0.000996
frame-000366.color.jpg 0.214721 0.419729 -0.711683 0.520798 -0.353809 1.254206 0.084669 0.178769 0.002813
frame-000367.color.jpg 0.208760 0.408776 -0.716449 0.525378 -0.349655 1.260551 0.069322 0.403808 0.006776
frame-000368.color.jpg 0.202393 0.397225 -0.721165 0.530255 -0.336245 1.269148 0.054385 0.167212 0.002853
frame-000369.color.jpg 0.203970 0.395047 -0.720342 0.532392 -0.336829 1.266344 0.047411 0.320380 0.005469
frame-000370.color.jpg 0.198685 0.387741 -0.722829 0.536377 -0.330621 1.268042 0.034163 0.212610 0.004509
frame-000371.color.jpg 0.189345 0.373680 -0.727744 0.543048 -0.324787 1.271528 0.017589 0.083498 0.002140
frame-000372.color.jpg 0.179786 0.358892 -0.733732 0.548189 -0.314189 1.285067 -0.001416 0.404762 0.006273
frame-000373.color.jpg 0.180064 0.354083 -0.733882 0.551016 -0.307038 1.286168 -0.011695 0.183402 0.003573
frame-000374.color.jpg 0.179965 0.349956 -0.734153 0.553320 -0.302340 1.287190 -0.020524 0.221782 0.003554
frame-000375.color.jpg 0.177968 0.340404 -0.736038 0.557405 -0.296845 1.293470 -0.035008 0.124421 0.003746
frame-000376.color.jpg 0.160093 0.317288 -0.742923 0.567242 -0.280680 1.303564 -0.065194 0.366856 0.007682
frame-000377.color.jpg 0.150187 0.299507 -0.746865 0.574397 -0.257169 1.308563 -0.089854 0.203818 0.004823
frame-000378.color.jpg 0.149656 0.294320 -0.748100 0.575609 -0.247221 1.310986 -0.095808 0.122401 0.005244
frame-000379.color.jpg 0.147627 0.288402 -0.748850 0.578148 -0.237626 1.310020 -0.103884 0.147270 0.002989
frame-000380.color.jpg 0.132709 0.278368 -0.753041 0.581231 -0.220887 1.319424 -0.113282 0.310330 0.006463
frame-000381.color.jpg 0.131180 0.276374 -0.752408 0.583345 -0.214998 1.319312 -0.118957 0.157389 0.004510
frame-000382.color.jpg 0.128870 0.272984 -0.751812 0.586217 -0.205760 1.318190 -0.128177 0.152748 0.004087
frame-000383.color.jpg 0.129244 0.265385 -0.753040 0.588046 -0.171183 1.321053 -0.139117 0.182667 0.004311
frame-000384.color.jpg 0.129945 0.265544 -0.752596 0.588388 -0.169823 1.320235 -0.140449 0.327889 0.007571
frame-000385.color.jpg 0.125760 0.267113 -0.753042 0.588016 -0.168692 1.317521 -0.136320 0.263901 0.006222
frame-000386.color.jpg 0.127147 0.266482 -0.752904 0.588180 -0.160942 1.313522 -0.139982 0.523882 0.010278
frame-000387.color.jpg 0.125618 0.269103 -0.758054 0.580653 -0.145686 1.305206 -0.115736 0.423621 0.006126
frame-000388.color.jpg 0.127232 0.271811 -0.758932 0.577887 -0.151107 1.302469 -0.108331 0.466643 0.008284
frame-000389.color.jpg 0.124571 0.275026 -0.766679 0.566610 -0.146783 1.303344 -0.070118 0.391705 0.005465
frame-000390.color.jpg 0.126269 0.273071 -0.777550 0.552181 -0.125051 1.307567 -0.023822 0.442648 0.007816
frame-000391.color.jpg 0.128228 0.272588 -0.779261 0.549549 -0.121876 1.307834 -0.017281 0.496877 0.009109
frame-000392.color.jpg 0.132005 0.272067 -0.788389 0.535721 -0.106451 1.313416 0.028689 0.458955 0.006539
frame-000393.color.jpg 0.128976 0.278531 -0.808135 0.502697 -0.121388 1.302583 0.138867 0.253470 0.005303
frame-000394.color.jpg 0.126315 0.280164 -0.813740 0.493335 -0.124458 1.302943 0.166935 0.350698 0.007076
frame-000395.color.jpg 0.133096 0.282356 -0.816481 0.485715 -0.127480 1.306641 0.188206 0.404997 0.007450
frame-000396.color.jpg 0.136845 0.284486 -0.819573 0.478165 -0.134634 1.310090 0.214424 0.275188 0.005903
frame-000397.color.jpg 0.134963 0.284054 -0.820829 0.476801 -0.136707 1.313376 0.221049 0.153928 0.003010
frame-000398.color.jpg 0.131356 0.273119 -0.827829 0.472071 -0.151573 1.319754 0.250509 0.211826 0.004331
frame-000399.color.jpg 0.130966 0.271964 -0.831473 0.466408 -0.168357 1.315391 0.274596 0.205293 0.004295
frame-000400.color.jpg 0.120609 0.280989 -0.837022 0.453754 -0.252155 1.309397 0.328847 0.301257 0.007695
frame-000401.color.jpg 0.117920 0.282076 -0.838729 0.450623 -0.265293 1.308045 0.342347 0.644258 0.012840
frame-000402.color.jpg 0.115163 0.281482 -0.842778 0.444106 -0.279383 1.305182 0.365766 0.645223 0.012936
frame-000403.color.jpg 0.109626 0.282763 -0.849888 0.430949 -0.336040 1.288034 0.408242 0.463809 0.009781
frame-000404.color.jpg 0.110704 0.285125 -0.850677 0.427548 -0.346065 1.286637 0.420278 0.663161 0.014016
frame-000405.color.jpg 0.111008 0.292231 -0.852298 0.419365 -0.379524 1.270379 0.447454 0.598187 0.012327
frame-000406.color.jpg 0.108626 0.297394 -0.853548 0.413779 -0.401157 1.259241 0.465824 0.745584 0.015294
frame-000407.color.jpg 0.106185 0.306772 -0.855158 0.404130 -0.453894 1.232750 0.498177 0.560232 0.010349
frame-000408.color.jpg 0.106851 0.309001 -0.855554 0.401408 -0.462617 1.229574 0.508564 0.639892 0.013087
frame-000409.color.jpg 0.105685 0.312582 -0.854834 0.400477 -0.484765 1.219792 0.512150 0.508729 0.009331
frame-000410.color.jpg 0.105785 0.319481 -0.853812 0.397172 -0.534572 1.199839 0.528142 0.844663 0.014353
frame-000411.color.jpg 0.106850 0.321436 -0.853573 0.395822 -0.542674 1.195035 0.533620 0.696377 0.012842
frame-000412.color.jpg 0.106159 0.327940 -0.853819 0.390102 -0.571363 1.176520 0.554369 0.647305 0.012038
frame-000413.color.jpg 0.106537 0.329854 -0.854731 0.386369 -0.592361 1.165215 0.568489 0.746375 0.015057
frame-000414.color.jpg 0.105852 0.326093 -0.857722 0.383107 -0.615980 1.164288 0.577750 0.559253 0.011134
frame-000415.color.jpg 0.106317 0.326400 -0.857676 0.382820 -0.624646 1.164591 0.581073 0.894327 0.017690
frame-000416.color.jpg 0.101383 0.319802 -0.858882 0.387001 -0.632935 1.169140 0.560063 0.336925 0.007081
frame-000417.color.jpg 0.094207 0.300544 -0.860646 0.400108 -0.655382 1.201942 0.503812 0.617266 0.013549
frame-000418.color.jpg 0.089928 0.290832 -0.864256 0.400488 -0.670271 1.220835 0.492085 0.544940 0.011482
frame-000419.color.jpg 0.090445 0.287827 -0.865001 0.400936 -0.670285 1.225565 0.485259 0.525474 0.012028
frame-000420.color.jpg 0.091845 0.280049 -0.866753 0.402337 -0.670594 1.241760 0.471296 0.350069 0.008503
frame-000421.color.jpg 0.095268 0.264651 -0.867766 0.409714 -0.658553 1.275275 0.430236 0.409523 0.010426
frame-000422.color.jpg 0.090537 0.260703 -0.869807 0.408990 -0.680762 1.286180 0.416325 0.190616 0.006414
frame-000423.color.jpg 0.086592 0.258012 -0.870542 0.409985 -0.683775 1.286458 0.407439 0.433617 0.008616
frame-000424.color.jpg 0.080139 0.258194 -0.872534 0.406936 -0.707743 1.288164 0.401740 0.417165 0.011327
frame-000425.color.jpg 0.072200 0.240461 -0.867973 0.428472 -0.745702 1.329334 0.280642 0.183337 0.005052
frame-000426.color.jpg 0.068952 0.249409 -0.866454 0.426964 -0.798534 1.328177 0.262935 0.305640 0.006969
frame-000427.color.jpg 0.067736 0.251844 -0.863911 0.430865 -0.814469 1.324268 0.240443 0.224386 0.010040
frame-000428.color.jpg 0.061551 0.266480 -0.858395 0.434004 -0.881216 1.309287 0.225242 0.579816 0.010901
frame-000429.color.jpg 0.070255 0.288571 -0.850105 0.434871 -0.946571 1.297681 0.193928 0.411295 0.013320
frame-000430.color.jpg 0.086785 0.303260 -0.842694 0.436313 -0.990443 1.302426 0.209454 0.535328 0.010735
frame-000431.color.jpg 0.091752 0.313588 -0.836793 0.439343 -1.011533 1.293006 0.202839 0.455678 0.009611
frame-000432.color.jpg 0.091698 0.317827 -0.833142 0.443229 -1.021271 1.287060 0.190659 0.966338 0.018512
frame-000433.color.jpg 0.114919 0.341824 -0.818849 0.446582 -1.081053 1.268843 0.218680 0.357261 0.008959
frame-000434.color.jpg 0.154513 0.390025 -0.785843 0.454375 -1.189066 1.216067 0.280035 0.660152 0.012093
frame-000435.color.jpg 0.167717 0.410030 -0.772678 0.454659 -1.237617 1.182408 0.317369 0.493156 0.009352
frame-000436.color.jpg 0.170968 0.412855 -0.769920 0.455570 -1.241251 1.175151 0.320272 0.295321 0.006445
frame-000437.color.jpg 0.181304 0.428018 -0.760602 0.453227 -1.274239 1.150300 0.359770 0.242992 0.006076
frame-000438.color.jpg 0.190108 0.435997 -0.753136 0.454479 -1.290288 1.145132 0.374757 0.397330 0.008913
frame-000439.color.jpg 0.214994 0.449337 -0.737216 0.456493 -1.306427 1.158282 0.420236 0.752510 0.014398
frame-000440.color.jpg 0.218345 0.451120 -0.734731 0.457150 -1.311468 1.161683 0.424477 0.341795 0.007312
frame-000441.color.jpg 0.225181 0.452492 -0.727518 0.463964 -1.317282 1.168445 0.416466 0.311758 0.006881
frame-000442.color.jpg 0.233645 0.457589 -0.710452 0.480915 -1.335916 1.169871 0.384603 0.303132 0.006538
frame-000443.color.jpg 0.234762 0.458972 -0.708271 0.482269 -1.340038 1.169490 0.384663 0.101974 0.003464
frame-000444.color.jpg 0.240741 0.459680 -0.703204 0.486048 -1.344570 1.173106 0.386881 0.315014 0.008158
frame-000445.color.jpg 0.250753 0.458802 -0.697481 0.490044 -1.341495 1.188463 0.382572 0.283945 0.006952
frame-000446.color.jpg 0.248727 0.457694 -0.697992 0.491383 -1.340417 1.191353 0.377116 0.490692 0.011709
frame-000447.color.jpg 0.249185 0.453837 -0.696927 0.496217 -1.338221 1.200305 0.361733 0.650428 0.015657
frame-000448.color.jpg 0.255072 0.448922 -0.693572 0.502360 -1.354320 1.228429 0.340592 0.464965 0.008742
frame-000449.color.jpg 0.253737 0.448070 -0.693860 0.503397 -1.355031 1.231917 0.335728 0.204967 0.004398
frame-000450.color.jpg 0.252155 0.443664 -0.691931 0.510697 -1.355152 1.233972 0.302355 0.686133 0.016494
frame-000451.color.jpg 0.250897 0.433440 -0.694095 0.517120 -1.354873 1.272538 0.262410 0.102317 0.008156
frame-000452.color.jpg 0.250427 0.429368 -0.695624 0.518687 -1.346537 1.284176 0.255526 0.103707 0.002470
frame-000453.color.jpg 0.250931 0.428060 -0.694419 0.521135 -1.344471 1.284323 0.241233 0.316051 0.010065
frame-000454.color.jpg 0.251142 0.415703 -0.692962 0.532844 -1.322684 1.311502 0.180886 0.404358 0.013672
frame-000455.color.jpg 0.247999 0.412463 -0.695019 0.534153 -1.325921 1.318178 0.173104 0.123939 0.004598
frame-000456.color.jpg 0.247390 0.409238 -0.695630 0.536117 -1.322790 1.317922 0.161440 0.465793 0.011382
frame-000457.color.jpg 0.227061 0.398023 -0.709713 0.535097 -1.308031 1.320734 0.128606 0.284154 0.006061
frame-000458.color.jpg 0.215459 0.390591 -0.719788 0.531904 -1.296688 1.326185 0.115766 0.555997 0.012080
frame-000459.color.jpg 0.214812 0.387260 -0.721490 0.532295 -1.291193 1.327128 0.105360 0.801305 0.015565
frame-000460.color.jpg 0.203640 0.380040 -0.731086 0.528784 -1.277417 1.335589 0.094192 0.747431 0.016073
frame-000461.color.jpg 0.200521 0.380722 -0.734816 0.524297 -1.283300 1.343036 0.109403 0.391912 0.006832
frame-000462.color.jpg 0.173348 0.357401 -0.759363 0.515347 -1.233902 1.378144 0.079591 0.277019 0.004787
frame-000463.color.jpg 0.163901 0.348232 -0.767113 0.513234 -1.212678 1.383447 0.058928 0.440184 0.009203
frame-000464.color.jpg 0.162581 0.348155 -0.768981 0.510905 -1.217982 1.386204 0.066249 0.380008 0.006572
frame-000465.color.jpg 0.139594 0.329506 -0.784371 0.506657 -1.181185 1.410877 0.030977 0.200327 0.003844
frame-000466.color.jpg 0.127171 0.314035 -0.793870 0.504956 -1.147765 1.435737 0.004726 0.425032 0.008134
frame-000467.color.jpg 0.113568 0.294700 -0.801659 0.507540 -1.099748 1.453724 -0.043344 0.833294 0.019832
frame-000468.color.jpg 0.111874 0.291854 -0.803012 0.507422 -1.090963 1.458749 -0.049803 0.877147 0.020357
frame-000469.color.jpg 0.094592 0.269288 -0.814889 0.504473 -1.040396 1.488065 -0.083624 0.430634 0.009838
frame-000470.color.jpg 0.091262 0.266362 -0.815705 0.505319 -1.035667 1.489033 -0.091446 0.566040 0.013407
frame-000471.color.jpg 0.082895 0.253639 -0.820259 0.505936 -1.002478 1.507440 -0.117351 0.674776 0.015004
frame-000472.color.jpg 0.072181 0.226732 -0.828866 0.506324 -0.933504 1.540445 -0.154850 0.710559 0.015538
frame-000473.color.jpg 0.072318 0.224024 -0.830432 0.504942 -0.927941 1.549078 -0.152525 0.413519 0.008762
frame-000474.color.jpg 0.070283 0.211710 -0.835577 0.502046 -0.891909 1.563813 -0.154579 0.601137 0.014973
frame-000475.color.jpg 0.058905 0.190876 -0.846723 0.493109 -0.837658 1.587973 -0.144565 0.576600 0.012622
frame-000476.color.jpg 0.055727 0.186620 -0.849114 0.490992 -0.829853 1.594274 -0.140275 0.365311 0.009923
frame-000477.color.jpg 0.046557 0.175312 -0.854000 0.487629 -0.804217 1.603768 -0.140351 0.326199 0.009978
frame-000478.color.jpg 0.034180 0.157938 -0.859666 0.484626 -0.764538 1.612118 -0.145700 0.420452 0.010614
frame-000479.color.jpg 0.035457 0.155399 -0.860136 0.484520 -0.758664 1.611526 -0.149545 0.524983 0.012576
frame-000480.color.jpg 0.029552 0.146138 -0.864381 0.480225 -0.737509 1.615551 -0.142988 0.773126 0.018161
frame-000481.color.jpg 0.022490 0.133699 -0.870123 0.473820 -0.710355 1.627002 -0.128373 0.348421 0.008374
frame-000482.color.jpg 0.021093 0.129833 -0.870433 0.474389 -0.695375 1.625750 -0.132349 0.616988 0.013002
frame-000483.color.jpg 0.017292 0.128695 -0.872878 0.470343 -0.702572 1.625619 -0.116008 0.373934 0.007004
frame-000484.color.jpg 0.015039 0.128967 -0.873245 0.469664 -0.709376 1.622806 -0.113365 0.338171 0.004976
frame-000485.color.jpg 0.004675 0.123757 -0.876369 0.465446 -0.715727 1.616502 -0.107566 0.397661 0.005638
frame-000486.color.jpg 0.001606 0.112115 -0.881149 0.459353 -0.698779 1.622291 -0.086270 0.204101 0.004041
frame-000487.color.jpg 0.001918 0.109565 -0.880659 0.460903 -0.690543 1.621533 -0.093851 0.368489 0.010185
frame-000488.color.jpg 0.002622 -0.101988 0.880324 -0.463271 -0.672433 1.618864 -0.107617 0.642468 0.014704
frame-000489.color.jpg 0.011266 -0.086350 0.880370 -0.466225 -0.659290 1.622917 -0.107108 0.256812 0.007628
frame-000490.color.jpg 0.010445 -0.083434 0.880229 -0.467040 -0.654840 1.621465 -0.103029 0.231583 0.008295
frame-000491.color.jpg 0.013740 -0.066830 0.881823 -0.466619 -0.620143 1.621071 -0.093892 0.263057 0.008116
frame-000492.color.jpg 0.015827 -0.061452 0.882087 -0.466794 -0.599672 1.619816 -0.100026 0.617584 0.013094
frame-000493.color.jpg 0.017233 -0.055511 0.883903 -0.464044 -0.597611 1.621431 -0.082450 0.171286 0.005225
frame-000494.color.jpg 0.029637 -0.042874 0.885546 -0.461619 -0.575244 1.621122 -0.080647 0.271782 0.008232
frame-000495.color.jpg 0.028634 -0.042406 0.884815 -0.463125 -0.581627 1.617208 -0.082334 0.376257 0.012631
frame-000496.color.jpg 0.038788 -0.026607 0.883144 -0.466739 -0.541088 1.625384 -0.101329 0.394314 0.010911
frame-000497.color.jpg 0.040446 -0.024598 0.882792 -0.467373 -0.536495 1.624697 -0.098862 0.429140 0.009487
frame-000498.color.jpg 0.040252 -0.020253 0.882419 -0.468302 -0.531133 1.626006 -0.099774 0.394080 0.009083
frame-000499.color.jpg 0.042912 -0.006379 0.885192 -0.463200 -0.502374 1.644633 -0.079254 0.575282 0.015448
frame-000500.color.jpg 0.046884 -0.002166 0.883984 -0.465156 -0.485043 1.638480 -0.089110 0.599428 0.014188
frame-000501.color.jpg 0.060140 0.016236 0.885060 -0.461291 -0.453777 1.665674 -0.096290 0.040278 0.002966
frame-000502.color.jpg 0.061592 0.022661 0.883488 -0.463834 -0.435065 1.669191 -0.106749 0.080170 0.005293
frame-000503.color.jpg 0.063225 0.033688 0.881732 -0.466279 -0.398722 1.675366 -0.123743 0.303933 0.005328
frame-000504.color.jpg 0.063439 0.037045 0.883536 -0.462566 -0.390485 1.693621 -0.115597 0.418734 0.007268
frame-000505.color.jpg 0.067691 0.063063 0.882146 -0.461800 -0.296595 1.709672 -0.127885 0.220524 0.006814
frame-000506.color.jpg 0.083217 0.090758 0.877530 -0.463442 -0.208868 1.731827 -0.158506 0.134372 0.002913
frame-000507.color.jpg 0.085123 0.093635 0.877611 -0.462370 -0.201455 1.739487 -0.160192 0.206314 0.004584
frame-000508.color.jpg 0.087736 0.101830 0.877051 -0.461210 -0.178972 1.749409 -0.162170 0.219367 0.004912
frame-000509.color.jpg 0.090082 0.104732 0.875618 -0.462829 -0.170398 1.748727 -0.172444 0.210505 0.004268
frame-000510.color.jpg 0.107404 0.130854 0.869808 -0.463440 -0.092944 1.765171 -0.198568 0.433591 0.007001
frame-000511.color.jpg 0.121501 0.151594 0.864245 -0.464044 -0.032325 1.773794 -0.220472 0.490818 0.009011
frame-000512.color.jpg 0.123681 0.155327 0.862779 -0.464961 -0.019812 1.774029 -0.225317 0.683322 0.011808
frame-000513.color.jpg 0.126927 0.165459 0.860018 -0.465705 0.008682 1.779718 -0.233823 0.549454 0.007928
frame-000514.color.jpg 0.130767 0.168135 0.858994 -0.465574 0.018969 1.779502 -0.238674 0.533405 0.009673
frame-000515.color.jpg 0.143415 0.187671 0.855046 -0.461635 0.070710 1.799066 -0.245967 0.630576 0.012158
frame-000516.color.jpg 0.155155 0.206570 0.849008 -0.460913 0.121319 1.794476 -0.255251 0.420080 0.010144
frame-000517.color.jpg 0.157735 0.209301 0.848518 -0.459706 0.128404 1.796391 -0.252283 0.615061 0.012866
frame-000518.color.jpg 0.159077 0.213717 0.847819 -0.458500 0.138525 1.798090 -0.252769 0.487227 0.010473
frame-000519.color.jpg 0.167755 0.227185 0.845029 -0.454061 0.163206 1.799299 -0.241925 0.278279 0.006816
frame-000520.color.jpg 0.171179 0.229141 0.845082 -0.451695 0.169529 1.800157 -0.241977 0.641340 0.014071
frame-000521.color.jpg 0.169575 0.232371 0.848036 -0.445065 0.161426 1.815902 -0.221428 0.617657 0.010533
frame-000522.color.jpg 0.172687 0.233699 0.846465 -0.446163 0.166659 1.808701 -0.228153 0.342334 0.006539
frame-000523.color.jpg 0.182088 0.234491 0.848168 -0.438712 0.151805 1.814028 -0.223433 0.368711 0.005482
frame-000524.color.jpg 0.183589 0.236252 0.846528 -0.440307 0.155681 1.817211 -0.232078 0.585615 0.001886
frame-000525.color.jpg 0.184137 0.237767 0.845581 -0.441081 0.161303 1.817434 -0.239897 0.478666 0.006342
frame-000526.color.jpg 0.192480 0.239083 0.844763 -0.438367 0.143148 1.819377 -0.244365 0.396768 0.006717
frame-000527.color.jpg 0.201278 0.244941 0.844442 -0.431750 0.144094 1.829346 -0.225880 0.739002 0.012288
frame-000528.color.jpg 0.200564 0.244766 0.843356 -0.434297 0.138650 1.821483 -0.235314 0.567997 0.011216
frame-000529.color.jpg 0.200449 0.251187 0.843742 -0.429911 0.144597 1.835376 -0.227345 0.404807 0.007830
frame-000530.color.jpg 0.204238 0.251727 0.841660 -0.431889 0.149966 1.827196 -0.228819 0.563248 0.006302
frame-000531.color.jpg 0.203456 0.264204 0.838683 -0.430596 0.179414 1.832822 -0.231473 0.463600 0.003684
frame-000532.color.jpg 0.199793 0.275911 0.835613 -0.430937 0.217946 1.832371 -0.226172 0.655135 0.008662
frame-000533.color.jpg 0.199521 0.277806 0.833902 -0.433154 0.225980 1.822203 -0.229551 0.410279 0.006786
frame-000534.color.jpg 0.217172 0.337896 0.819844 -0.408066 0.390246 1.815147 -0.166249 0.585876 0.011792
frame-000535.color.jpg 0.217720 0.346036 0.816145 -0.408368 0.418851 1.814059 -0.161969 0.826021 0.016183
frame-000536.color.jpg 0.216620 0.363446 0.808621 -0.408798 0.494052 1.806185 -0.152379 0.601275 0.011615
frame-000537.color.jpg 0.217040 0.369936 0.805987 -0.407952 0.520912 1.805110 -0.144424 0.371315 0.008044
frame-000538.color.jpg 0.226513 0.398294 0.792244 -0.402994 0.626191 1.787478 -0.121714 0.162948 0.002432
frame-000539.color.jpg 0.232636 0.409330 0.787266 -0.398173 0.660602 1.785207 -0.105477 0.309530 0.005921
frame-000540.color.jpg 0.235765 0.415120 0.783467 -0.397831 0.677516 1.780348 -0.102720 0.668867 0.014060
frame-000541.color.jpg 0.244120 0.430407 0.773222 -0.396589 0.728714 1.765686 -0.096913 0.672077 0.013825
frame-000542.color.jpg 0.246592 0.433977 0.771800 -0.393931 0.739647 1.766286 -0.089341 0.437425 0.010302
frame-000543.color.jpg 0.256626 0.453148 0.759938 -0.388965 0.798984 1.746519 -0.060757 0.262453 0.006226
frame-000544.color.jpg 0.261337 0.467149 0.751869 -0.384926 0.838489 1.734472 -0.038665 0.368635 0.008614
frame-000545.color.jpg 0.264087 0.471592 0.749220 -0.382790 0.854641 1.731548 -0.027548 0.236313 0.004491
frame-000546.color.jpg 0.275419 0.490771 0.735748 -0.376779 0.908453 1.706573 0.007930 0.466398 0.007197
frame-000547.color.jpg 0.278856 0.500593 0.728351 -0.375701 0.928726 1.686537 0.015947 0.349203 0.010015
frame-000548.color.jpg 0.280424 0.503389 0.726893 -0.373615 0.936920 1.684894 0.028179 0.220128 0.005046
frame-000549.color.jpg 0.285029 0.521907 0.716218 -0.365245 0.985296 1.659216 0.076024 0.519961 0.011676
frame-000550.color.jpg 0.287290 0.529521 0.710060 -0.364537 1.005295 1.640532 0.091872 0.374905 0.009168
frame-000551.color.jpg 0.290452 0.536133 0.706619 -0.359010 1.028477 1.635371 0.122734 0.895872 0.015447
frame-000552.color.jpg 0.288168 0.548651 0.698494 -0.357837 1.058845 1.594759 0.144641 0.595921 0.011280
frame-000553.color.jpg 0.287419 0.560061 0.692388 -0.352592 1.089556 1.571920 0.182897 0.865260 0.016205
frame-000554.color.jpg 0.286530 0.563994 0.690866 -0.350021 1.098279 1.565547 0.192052 1.409757 0.024059
frame-000555.color.jpg 0.281413 0.565449 0.698206 -0.337019 1.054196 1.558563 0.239676 1.134745 0.021622
frame-000556.color.jpg 0.282502 0.564238 0.699524 -0.335403 1.043326 1.556714 0.252672 0.763715 0.016447
frame-000557.color.jpg 0.277392 0.570347 0.699484 -0.329365 1.041647 1.539537 0.277289 0.983177 0.018057
frame-000558.color.jpg 0.274075 0.575050 0.698038 -0.327022 1.037906 1.516043 0.298868 0.718368 0.011556
frame-000559.color.jpg 0.276120 0.575472 0.698027 -0.324573 1.035579 1.516183 0.307399 0.837104 0.015214
frame-000560.color.jpg 0.274190 0.575820 0.702853 -0.315037 1.005645 1.501423 0.343400 0.173828 0.006888
frame-000561.color.jpg 0.273375 0.578669 0.702548 -0.311182 1.009534 1.499132 0.359784 0.658988 0.013743
frame-000562.color.jpg 0.274662 0.581897 0.700815 -0.307919 1.007614 1.485636 0.367644 0.282712 0.006092
frame-000563.color.jpg 0.289612 0.596524 0.692608 -0.283864 0.991858 1.457886 0.450100 0.432549 0.007735
frame-000564.color.jpg 0.293854 0.599270 0.687791 -0.285427 0.995523 1.445214 0.453449 0.734691 0.014818
frame-000565.color.jpg 0.293494 0.612007 0.675430 -0.288276 1.036592 1.413892 0.457310 0.920404 0.016347
frame-000566.color.jpg 0.295551 0.648123 0.643768 -0.279552 1.154094 1.343098 0.531587 0.537981 0.005500
frame-000567.color.jpg 0.296560 0.655316 0.632589 -0.287130 1.193105 1.304527 0.517706 0.605383 0.008601
frame-000568.color.jpg 0.312163 0.687095 0.594370 -0.277813 1.266407 1.227201 0.595665 0.442171 0.007014
frame-000569.color.jpg 0.312203 0.690081 0.592284 -0.274803 1.270495 1.224309 0.603558 0.762131 0.013862
frame-000570.color.jpg 0.320282 0.702694 0.576257 -0.267522 1.291645 1.176258 0.657422 0.363642 0.007878
frame-000571.color.jpg 0.326640 0.722118 0.551316 -0.260580 1.328034 1.107099 0.712296 0.576488 0.009437
frame-000572.color.jpg 0.327148 0.724253 0.548847 -0.259227 1.327473 1.099079 0.718637 0.735690 0.012676
frame-000573.color.jpg 0.335240 0.734272 0.533494 -0.252672 1.340950 1.059749 0.763246 0.546373 0.008865
frame-000574.color.jpg 0.348716 0.741916 0.515923 -0.248559 1.326476 1.038189 0.796233 0.781662 0.015435
frame-000575.color.jpg 0.348665 0.744370 0.512297 -0.248793 1.336538 1.030662 0.788617 0.720732 0.013783
frame-000576.color.jpg 0.356215 0.741890 0.507643 -0.254966 1.329435 1.037756 0.774448 1.410621 0.024688
frame-000577.color.jpg 0.369154 0.740683 0.499775 -0.255612 1.335989 1.044968 0.782093 1.086293 0.014163
frame-000578.color.jpg 0.379287 0.742985 0.485094 -0.262295 1.351685 1.053127 0.786911 0.350399 0.014140
frame-000579.color.jpg 0.383966 0.739310 0.483706 -0.268364 1.347409 1.072042 0.749727 1.137782 0.020329
frame-000580.color.jpg 0.387173 0.737548 0.486564 -0.263393 1.333084 1.096193 0.759631 1.365688 0.025314
frame-000581.color.jpg 0.393147 0.739505 0.477441 -0.265741 1.343574 1.087073 0.764971 0.671415 0.015474
frame-000582.color.jpg 0.395170 0.739000 0.472036 -0.273684 1.344288 1.104423 0.759387 1.632655 0.037173
frame-000583.color.jpg 0.408281 0.737734 0.464059 -0.271486 1.358145 1.095312 0.735076 0.377976 0.021060
frame-000584.color.jpg 0.409625 0.734752 0.465424 -0.275188 1.339836 1.109625 0.735139 0.560068 0.013089
frame-000585.color.jpg 0.410715 0.731836 0.465790 -0.280660 1.321063 1.151282 0.725779 2.168591 0.046871
frame-000586.color.jpg 0.404495 0.734111 0.471857 -0.273525 1.303799 1.186301 0.767162 3.629093 0.079781
frame-000587.color.jpg 0.418506 0.726708 0.462837 -0.287282 1.307931 1.188189 0.716977 2.738579 0.065414
frame-000588.color.jpg 0.437784 0.728049 0.444296 -0.284412 1.313940 1.187697 0.721045 1.538156 0.032616
frame-000589.color.jpg 0.429227 0.735536 0.442593 -0.280824 1.282751 1.174255 0.765358 2.779461 0.067389
frame-000590.color.jpg 0.448512 0.736949 0.425692 -0.273002 1.303659 1.138430 0.769651 0.351169 0.009486
frame-000591.color.jpg 0.456412 0.739610 0.417908 -0.264610 1.303786 1.125040 0.789314 1.358176 0.035637
frame-000592.color.jpg 0.426529 0.743711 0.435424 -0.274542 1.237621 1.141750 0.797461 3.579491 0.093492
frame-000593.color.jpg 0.440640 0.760897 0.411803 -0.239356 1.217554 1.097880 0.911154 1.081799 0.027749
frame-000594.color.jpg 0.443212 0.767867 0.403209 -0.226642 1.216347 1.085736 0.949406 0.818052 0.018118
frame-000595.color.jpg 0.448384 0.774235 0.392013 -0.214096 1.215662 1.066883 0.998780 1.422387 0.041282
frame-000596.color.jpg 0.451047 0.781462 0.377671 -0.207937 1.139246 1.038268 0.995962 0.479207 0.011020
frame-000597.color.jpg 0.456496 0.789697 0.365079 -0.186300 1.133294 1.034322 1.067659 2.022284 0.051946
frame-000598.color.jpg 0.454186 0.788704 0.367465 -0.191392 1.121624 1.030926 1.046167 1.115570 0.029376
frame-000599.color.jpg 0.453926 0.789550 0.365982 -0.191364 1.066244 1.028216 1.042101 0.532284 0.012768
frame-000600.color.jpg 0.464396 0.790843 0.355435 -0.180468 1.075220 1.020077 1.066824 2.176846 0.052058
frame-000601.color.jpg 0.460039 0.796209 0.352160 -0.174354 1.022257 1.007304 1.075231 1.362159 0.032680
frame-000602.color.jpg 0.464641 0.796293 0.346051 -0.173994 1.007478 0.998531 1.069318 1.854539 0.042217
frame-000603.color.jpg 0.460992 0.799572 0.343660 -0.173402 1.006521 0.993902 1.074622 1.424795 0.031696
frame-000604.color.jpg 0.441680 0.820537 0.327901 -0.155304 0.907301 0.932237 1.143542 0.733418 0.015185
frame-000605.color.jpg 0.440046 0.833469 0.305514 -0.135461 0.836843 0.880558 1.191704 0.444834 0.006472
frame-000606.color.jpg 0.439223 0.834555 0.304171 -0.134463 0.829587 0.875479 1.194281 0.316190 0.004893
frame-000607.color.jpg 0.440153 0.837539 0.296740 -0.129384 0.813817 0.859442 1.208445 0.209606 0.006900
frame-000608.color.jpg 0.437412 0.840263 0.293765 -0.127795 0.804436 0.849675 1.213218 0.199367 0.006331
frame-000609.color.jpg 0.435606 0.843121 0.289330 -0.125226 0.791911 0.834310 1.220793 0.132867 0.007131
frame-000610.color.jpg 0.431139 0.847539 0.283663 -0.123821 0.777561 0.805749 1.230560 0.225046 0.009397
frame-000611.color.jpg 0.422539 0.853231 0.282261 -0.117413 0.764552 0.772819 1.249266 0.272979 0.009108
frame-000612.color.jpg 0.420204 0.855045 0.281657 -0.114000 0.756750 0.763777 1.254805 0.314526 0.007050
frame-000613.color.jpg 0.408033 0.867740 0.266489 -0.097567 0.727615 0.695362 1.289417 0.044693 0.003425
frame-000614.color.jpg 0.401062 0.875296 0.254250 -0.091455 0.721901 0.652325 1.308500 0.188237 0.005746
frame-000615.color.jpg 0.399980 0.879894 0.241584 -0.086253 0.714299 0.625008 1.321185 0.238668 0.005792
frame-000616.color.jpg 0.396519 0.886657 0.223628 -0.081250 0.714273 0.587735 1.337744 0.387915 0.006714
frame-000617.color.jpg 0.395490 0.889258 0.216568 -0.076853 0.706345 0.571469 1.349198 0.531343 0.009687
frame-000618.color.jpg 0.394669 0.896766 0.191573 -0.057847 0.661431 0.534568 1.391995 0.310494 0.007823
frame-000619.color.jpg 0.397652 0.898506 0.178018 -0.053573 0.643196 0.526404 1.405202 0.516896 0.009545
frame-000620.color.jpg 0.401744 0.899722 0.163923 -0.047241 0.626044 0.516159 1.420759 0.688987 0.014443
frame-000621.color.jpg 0.403038 0.901107 0.153797 -0.043746 0.608136 0.505543 1.433909 0.861683 0.016063
frame-000622.color.jpg 0.415761 0.898842 0.133120 -0.038801 0.582504 0.526212 1.466446 0.780132 0.015947
frame-000623.color.jpg 0.416536 0.898536 0.132686 -0.039044 0.579947 0.533654 1.468566 0.499420 0.010394
frame-000624.color.jpg 0.426573 0.894662 0.126782 -0.039250 0.577680 0.558259 1.467977 0.689437 0.013702
frame-000625.color.jpg 0.434223 0.891682 0.122375 -0.037117 0.571215 0.580027 1.474921 0.799601 0.016395
frame-000626.color.jpg 0.439295 0.889246 0.121469 -0.038815 0.574081 0.602507 1.478545 0.648599 0.012308
frame-000627.color.jpg 0.438227 0.889740 0.119363 -0.045516 0.587535 0.603571 1.490165 0.478796 0.010206
frame-000628.color.jpg 0.440892 0.888680 0.117533 -0.045258 0.592232 0.606343 1.487422 0.883900 0.018221
frame-000629.color.jpg 0.447230 0.884977 0.119022 -0.051325 0.599424 0.642804 1.492976 0.510894 0.011965
frame-000630.color.jpg 0.455150 0.881036 0.117640 -0.052681 0.602250 0.670025 1.488820 0.779720 0.018541
frame-000631.color.jpg 0.461088 0.877640 0.119588 -0.053339 0.598761 0.702668 1.486811 0.496869 0.011726
frame-000632.color.jpg 0.462783 0.876521 0.120402 -0.055197 0.598338 0.708245 1.483954 0.591113 0.014020
frame-000633.color.jpg 0.465382 0.874845 0.122178 -0.056029 0.595426 0.723589 1.481218 0.867471 0.019838
frame-000634.color.jpg 0.469622 0.870394 0.133784 -0.063021 0.596424 0.770808 1.463666 0.405607 0.012035
frame-000635.color.jpg 0.472313 0.868122 0.139440 -0.061985 0.583761 0.789830 1.451859 0.630331 0.016212
frame-000636.color.jpg 0.478754 0.863514 0.144439 -0.065391 0.575826 0.831588 1.427799 0.604771 0.015609
frame-000637.color.jpg 0.480537 0.862095 0.145556 -0.068490 0.579297 0.841996 1.420109 0.617586 0.016006
frame-000638.color.jpg 0.491527 0.852369 0.161036 -0.077039 0.561643 0.923447 1.373026 0.732009 0.019765
frame-000639.color.jpg 0.496861 0.847880 0.166731 -0.080183 0.554149 0.963498 1.348547 0.721050 0.021551
frame-000640.color.jpg 0.499765 0.845976 0.166964 -0.081747 0.552248 0.971645 1.337736 0.558763 0.016731
frame-000641.color.jpg 0.507583 0.840406 0.168688 -0.087306 0.542990 1.006932 1.308647 0.462395 0.013231
frame-000642.color.jpg 0.515043 0.831391 0.180628 -0.104367 0.557755 1.049737 1.257465 0.618680 0.017349
frame-000643.color.jpg 0.514227 0.831038 0.183709 -0.105821 0.559093 1.058877 1.253068 0.403069 0.013945
frame-000644.color.jpg 0.518334 0.825320 0.191492 -0.116223 0.569265 1.088165 1.216036 0.334702 0.011820
frame-000645.color.jpg 0.519498 0.821543 0.199111 -0.124677 0.574266 1.109440 1.193867 0.223294 0.010482
frame-000646.color.jpg 0.522348 0.816345 0.212827 -0.124252 0.546629 1.156789 1.163681 0.296392 0.010228
frame-000647.color.jpg 0.522310 0.815924 0.214319 -0.124608 0.544234 1.162086 1.160515 0.239346 0.011608
frame-000648.color.jpg 0.520329 0.817267 0.215945 -0.121242 0.534166 1.172366 1.155825 0.260486 0.013120
frame-000649.color.jpg 0.513336 0.821558 0.213565 -0.126170 0.558129 1.174881 1.138924 0.362798 0.014409
frame-000650.color.jpg 0.512678 0.821859 0.212846 -0.128085 0.562673 1.176814 1.133889 0.124805 0.007628
frame-000651.color.jpg 0.513761 0.821282 0.209583 -0.132743 0.580007 1.183150 1.115485 0.222462 0.007501
frame-000652.color.jpg 0.528203 0.812407 0.200489 -0.144225 0.625165 1.280718 1.010227 0.257541 0.006413
frame-000653.color.jpg 0.527476 0.812429 0.200450 -0.146795 0.631558 1.287694 0.999150 0.145581 0.003035
frame-000654.color.jpg 0.523430 0.815356 0.197720 -0.148735 0.650380 1.296270 0.990147 0.077856 0.002827
frame-000655.color.jpg 0.524842 0.815168 0.193223 -0.150688 0.666661 1.335039 0.931011 0.457391 0.010633
frame-000656.color.jpg 0.524722 0.815435 0.192433 -0.150672 0.668879 1.340289 0.926842 0.308259 0.007432
frame-000657.color.jpg 0.529671 0.812429 0.191160 -0.151210 0.664561 1.356688 0.899795 0.508366 0.010603
frame-000658.color.jpg 0.529492 0.812678 0.191115 -0.150559 0.661690 1.366882 0.892197 0.398782 0.010034
frame-000659.color.jpg 0.542765 0.805427 0.183931 -0.151207 0.644421 1.412203 0.829566 0.354369 0.007587
frame-000660.color.jpg 0.544336 0.804288 0.184357 -0.151102 0.636471 1.426710 0.814031 0.424190 0.009794
frame-000661.color.jpg 0.546984 0.801874 0.184697 -0.153929 0.632239 1.433417 0.795715 0.581480 0.010377
frame-000662.color.jpg 0.554449 0.793529 0.194384 -0.158471 0.588455 1.483247 0.731180 0.144040 0.005204
frame-000663.color.jpg 0.563677 0.781945 0.209618 -0.163984 0.520716 1.537451 0.642456 0.132594 0.003194
frame-000664.color.jpg 0.566033 0.780105 0.210032 -0.164100 0.513089 1.542752 0.632040 0.325363 0.004421
frame-000665.color.jpg 0.566432 0.777201 0.216373 -0.168213 0.489404 1.556856 0.603182 0.203167 0.002441
frame-000666.color.jpg 0.569382 0.771018 0.225642 -0.174412 0.444086 1.577399 0.550817 0.308830 0.003870
frame-000667.color.jpg 0.569406 0.770055 0.227488 -0.176184 0.437784 1.580901 0.543229 0.261626 0.003689
frame-000668.color.jpg 0.574617 0.762996 0.231512 -0.184540 0.418200 1.589955 0.497635 0.447873 0.005380
frame-000669.color.jpg 0.575341 0.761528 0.232457 -0.187137 0.414523 1.590833 0.486938 0.523479 0.005781
frame-000670.color.jpg 0.579575 0.750153 0.245393 -0.202845 0.380101 1.617368 0.424114 0.428596 0.007232
frame-000671.color.jpg 0.581022 0.747360 0.247076 -0.206932 0.375779 1.622229 0.409560 0.175623 0.001595
frame-000672.color.jpg 0.580872 0.746781 0.247927 -0.208418 0.374791 1.622528 0.404483 0.224189 0.002955
frame-000673.color.jpg 0.578959 0.749104 0.247237 -0.206210 0.344862 1.625275 0.397407 0.317818 0.002348
frame-000674.color.jpg 0.572533 0.751312 0.252358 -0.209885 0.330388 1.631989 0.395532 0.315157 0.005234
frame-000675.color.jpg 0.575081 0.748605 0.252450 -0.212466 0.330471 1.635439 0.375198 0.341729 0.007368
frame-000676.color.jpg 0.585953 0.732774 0.268321 -0.218413 0.258936 1.654062 0.296470 0.526346 0.007123
frame-000677.color.jpg 0.576164 0.732937 0.289330 -0.217087 0.188847 1.653181 0.291449 0.214954 0.002281
frame-000678.color.jpg 0.574102 0.732254 0.292046 -0.221180 0.187024 1.650822 0.286475 0.138106 0.001447
frame-000679.color.jpg 0.568760 0.733075 0.298155 -0.224091 0.179892 1.656003 0.294371 0.462901 0.006659
frame-000680.color.jpg 0.566656 0.732372 0.300375 -0.228709 0.178627 1.658964 0.293502 0.123336 0.001436
frame-000681.color.jpg 0.568405 0.725865 0.308568 -0.234142 0.132427 1.663546 0.271791 0.395460 0.006420
frame-000682.color.jpg 0.569001 0.723443 0.315236 -0.231287 0.091539 1.667301 0.271748 0.509988 0.007737
frame-000683.color.jpg 0.570529 0.722124 0.314774 -0.232273 0.084059 1.662860 0.260694 0.115321 0.003242
frame-000684.color.jpg 0.565889 0.714418 0.332769 -0.242159 0.022692 1.657115 0.263831 0.129302 0.003166
frame-000685.color.jpg 0.562107 0.711721 0.340732 -0.247769 -0.000621 1.651612 0.273616 0.136267 0.003380
frame-000686.color.jpg 0.559712 0.711958 0.342479 -0.250092 -0.002995 1.651448 0.281106 0.073128 0.002408
frame-000687.color.jpg 0.551033 0.710332 0.351753 -0.260884 -0.034332 1.640670 0.304763 0.342272 0.004514
frame-000688.color.jpg 0.542426 0.701304 0.371995 -0.274893 -0.098258 1.620456 0.329560 0.142318 0.001669
frame-000689.color.jpg 0.542291 0.698732 0.373928 -0.279053 -0.104282 1.613592 0.325755 0.574749 0.008982
frame-000690.color.jpg 0.535909 0.699573 0.379960 -0.281122 -0.119001 1.608133 0.352580 0.490483 0.005369
frame-000691.color.jpg 0.526295 0.696514 0.387533 -0.296142 -0.133735 1.603955 0.374512 0.365887 0.003854
frame-000692.color.jpg 0.522820 0.696625 0.388738 -0.300426 -0.136228 1.603066 0.379816 0.369374 0.007788
frame-000693.color.jpg 0.518830 0.702915 0.385745 -0.296524 -0.139610 1.598248 0.400348 0.334894 0.004361
frame-000694.color.jpg 0.518585 0.703134 0.383829 -0.298911 -0.137278 1.594064 0.394005 0.139581 0.002313
frame-000695.color.jpg 0.508537 0.706500 0.385957 -0.305426 -0.149345 1.595017 0.412528 0.790174 0.009467
frame-000696.color.jpg 0.507901 0.703795 0.387745 -0.310425 -0.158998 1.592330 0.399883 0.678699 0.007231
frame-000697.color.jpg 0.507055 0.702150 0.389815 -0.312929 -0.165097 1.590747 0.397486 0.504456 0.004386
frame-000698.color.jpg 0.503097 0.697128 0.406907 -0.308760 -0.244916 1.585550 0.417157 0.516655 0.003976
frame-000699.color.jpg 0.499236 0.692653 0.418662 -0.309382 -0.285942 1.578886 0.437289 0.532039 0.005366
frame-000700.color.jpg 0.500027 0.691476 0.420540 -0.308188 -0.296473 1.574003 0.438794 1.034875 0.012479
frame-000701.color.jpg 0.484514 0.698876 0.426532 -0.308041 -0.318624 1.555903 0.497742 0.314294 0.002604
frame-000702.color.jpg 0.478443 0.706963 0.426226 -0.299377 -0.347593 1.539714 0.532574 0.351029 0.002689
frame-000703.color.jpg 0.478909 0.707737 0.426282 -0.296713 -0.358706 1.533613 0.536028 0.383169 0.003730
frame-000704.color.jpg 0.467745 0.711468 0.433759 -0.294755 -0.418692 1.498708 0.603212 0.451740 0.006038
frame-000705.color.jpg 0.468281 0.708226 0.440032 -0.292403 -0.467868 1.478312 0.621047 0.626917 0.009430
frame-000706.color.jpg 0.466604 0.707989 0.442426 -0.292048 -0.481320 1.471960 0.632646 0.411585 0.005723
frame-000707.color.jpg 0.462491 0.714910 0.442564 -0.281324 -0.543697 1.449103 0.680611 0.561756 0.009640
frame-000708.color.jpg 0.458198 0.718763 0.444714 -0.275071 -0.581777 1.427758 0.708590 0.599859 0.010358
frame-000709.color.jpg 0.457921 0.721287 0.443491 -0.270869 -0.589375 1.420853 0.716140 0.735585 0.012566
frame-000710.color.jpg 0.456150 0.726356 0.439205 -0.267269 -0.638141 1.381228 0.736304 0.334639 0.004692
frame-000711.color.jpg 0.444746 0.730174 0.443390 -0.269168 -0.648791 1.362713 0.784867 0.409282 0.005896
frame-000712.color.jpg 0.433703 0.735269 0.447051 -0.267258 -0.667593 1.327402 0.832338 0.614027 0.008776
frame-000713.color.jpg 0.434208 0.735301 0.448674 -0.263604 -0.691828 1.304680 0.837686 0.509205 0.006932
frame-000714.color.jpg 0.434618 0.735682 0.447942 -0.263113 -0.694804 1.302985 0.837075 0.572332 0.007440
frame-000715.color.jpg 0.422810 0.742821 0.449004 -0.260470 -0.718062 1.273323 0.883592 1.002684 0.017461
frame-000716.color.jpg 0.423818 0.748526 0.443936 -0.251014 -0.737010 1.248019 0.877523 0.351785 0.008563
frame-000717.color.jpg 0.424918 0.749559 0.442339 -0.248882 -0.745996 1.243475 0.873490 0.202419 0.004677
frame-000718.color.jpg 0.426305 0.758046 0.431753 -0.239207 -0.769678 1.223901 0.843189 0.462233 0.005762
frame-000719.color.jpg 0.429520 0.757485 0.429278 -0.239687 -0.771651 1.240454 0.832770 0.684060 0.012533
frame-000720.color.jpg 0.421815 0.766734 0.424725 -0.231945 -0.772939 1.232127 0.844815 1.098397 0.016407
frame-000721.color.jpg 0.420662 0.770010 0.421905 -0.228307 -0.772606 1.228002 0.839477 1.133382 0.019241
frame-000722.color.jpg 0.414377 0.791414 0.395013 -0.214289 -0.744686 1.221477 0.811667 1.024817 0.014796
frame-000723.color.jpg 0.407935 0.803497 0.384320 -0.200699 -0.741676 1.204252 0.805776 0.716113 0.009285
frame-000724.color.jpg 0.411652 0.807116 0.376676 -0.192928 -0.745721 1.199119 0.778780 0.813661 0.012923
frame-000725.color.jpg 0.411768 0.807291 0.371936 -0.200978 -0.735429 1.206646 0.773716 0.604887 0.006999
frame-000726.color.jpg 0.418058 0.804296 0.366340 -0.210072 -0.724877 1.196196 0.732838 0.279567 0.004098
frame-000727.color.jpg 0.422874 0.798149 0.371831 -0.214192 -0.748352 1.189454 0.725679 0.405215 0.009014
frame-000728.color.jpg 0.414073 0.796972 0.386311 -0.210100 -0.789415 1.160267 0.760309 0.830879 0.018033
frame-000729.color.jpg 0.411995 0.797336 0.398309 -0.189381 -0.884083 1.060965 0.758936 0.237093 0.011013
frame-000730.color.jpg 0.413926 0.797731 0.396663 -0.186948 -0.896621 1.047166 0.745892 0.090979 0.004061
frame-000731.color.jpg 0.414140 0.797946 0.396399 -0.186114 -0.916317 1.031008 0.744430 0.108903 0.006170
frame-000732.color.jpg 0.410872 0.799553 0.398147 -0.182698 -0.937025 1.014912 0.751625 0.461612 0.012439
frame-000733.color.jpg 0.410070 0.801923 0.398192 -0.173796 -0.959064 0.987394 0.745551 0.666800 0.017192
frame-000734.color.jpg 0.408668 0.802368 0.397976 -0.175532 -0.967393 0.973033 0.751749 0.449153 0.014315
frame-000735.color.jpg 0.398706 0.806988 0.403525 -0.164231 -1.006741 0.925284 0.769537 0.526043 0.015550
frame-000736.color.jpg 0.388520 0.813953 0.404172 -0.152242 -1.017667 0.907437 0.780158 1.478600 0.035565
frame-000737.color.jpg 0.385182 0.817237 0.402031 -0.148763 -1.013861 0.907648 0.784460 1.859396 0.043762
frame-000738.color.jpg 0.387326 0.820959 0.394441 -0.142905 -1.018424 0.896862 0.762506 1.515412 0.036930
frame-000739.color.jpg 0.389758 0.823161 0.388336 -0.140322 -1.027920 0.898899 0.743645 1.152590 0.027762
frame-000740.color.jpg 0.392094 0.829456 0.374631 -0.133854 -1.017277 0.918600 0.718584 1.675146 0.040452
frame-000741.color.jpg 0.396227 0.837025 0.357538 -0.120664 -1.011791 0.942540 0.676338 2.247236 0.052753
frame-000742.color.jpg 0.403523 0.837760 0.346945 -0.122301 -1.030785 0.956043 0.643460 1.134768 0.030238
frame-000743.color.jpg 0.410118 0.840377 0.333393 -0.120084 -1.028027 1.010712 0.610103 0.865833 0.022759
frame-000744.color.jpg 0.420525 0.837463 0.326744 -0.122688 -1.035250 1.040581 0.581245 0.458001 0.012190
frame-000745.color.jpg 0.440703 0.828971 0.319419 -0.128686 -1.059754 1.082088 0.529390 0.622418 0.011024
frame-000746.color.jpg 0.451109 0.826001 0.313448 -0.126386 -1.058733 1.115116 0.493604 0.390216 0.006015
frame-000747.color.jpg 0.473013 0.815408 0.306582 -0.131817 -1.066381 1.168366 0.439029 0.789214 0.017351
frame-000748.color.jpg 0.500164 0.795122 0.307347 -0.152164 -1.070624 1.203336 0.397445 0.681545 0.015400
frame-000749.color.jpg 0.499578 0.795244 0.307024 -0.154092 -1.060389 1.219102 0.400834 0.720833 0.015082
frame-000750.color.jpg 0.509215 0.783508 0.309979 -0.175294 -1.051420 1.238433 0.402969 0.705086 0.015954
frame-000751.color.jpg 0.519934 0.771001 0.312857 -0.193250 -1.033584 1.279536 0.398961 0.199488 0.006159
frame-000752.color.jpg 0.525959 0.764724 0.314671 -0.198863 -1.032087 1.300650 0.397236 0.283874 0.005585
frame-000753.color.jpg 0.536927 0.752930 0.313631 -0.215502 -1.017691 1.349434 0.388289 0.056805 0.001071
frame-000754.color.jpg 0.537824 0.749138 0.318459 -0.219367 -1.024506 1.354724 0.403855 0.316836 0.008039
frame-000755.color.jpg 0.541072 0.745697 0.320244 -0.220500 -1.026624 1.364365 0.399707 0.271349 0.005552
frame-000756.color.jpg 0.547646 0.739677 0.321479 -0.222739 -1.033740 1.377473 0.385931 0.299940 0.003395
frame-000757.color.jpg 0.548240 0.739302 0.320901 -0.223358 -1.032362 1.385307 0.384100 0.169355 0.001881
frame-000758.color.jpg 0.555607 0.733502 0.318359 -0.227868 -1.031252 1.407269 0.359392 0.417061 0.007817
frame-000759.color.jpg 0.558764 0.730285 0.319373 -0.229059 -1.038624 1.422216 0.356445 0.564058 0.012012
frame-000760.color.jpg 0.562305 0.726816 0.321352 -0.228661 -1.046066 1.420229 0.345248 0.415931 0.006321
frame-000761.color.jpg 0.562739 0.724420 0.323479 -0.232169 -1.046260 1.425666 0.353126 0.771895 0.016417
frame-000762.color.jpg 0.563151 0.721095 0.325886 -0.238080 -1.043298 1.435471 0.355997 0.719181 0.015507
frame-000763.color.jpg 0.571271 0.711743 0.326087 -0.246451 -1.035699 1.444518 0.336257 0.822836 0.017264
frame-000764.color.jpg 0.571636 0.708234 0.329069 -0.251697 -1.036482 1.461148 0.341493 0.808665 0.016227
frame-000765.color.jpg 0.579417 0.700407 0.327215 -0.258140 -1.030843 1.465438 0.314359 1.225414 0.024794
frame-000766.color.jpg 0.582769 0.693164 0.330446 -0.265915 -1.036172 1.478214 0.310376 1.329450 0.026981
frame-000767.color.jpg 0.583242 0.690733 0.331626 -0.269705 -1.026113 1.492600 0.311804 1.118742 0.021919
frame-000768.color.jpg 0.580205 0.690661 0.333893 -0.273615 -1.027603 1.502843 0.325444 1.332123 0.028732
frame-000769.color.jpg 0.588965 0.678204 0.333365 -0.286404 -1.008458 1.516291 0.292866 1.581284 0.032072
frame-000770.color.jpg 0.590194 0.674736 0.335745 -0.289271 -1.013113 1.527648 0.290193 1.179116 0.024460
frame-000771.color.jpg 0.594201 0.668639 0.337784 -0.292830 -1.021453 1.532766 0.278937 1.362259 0.029192
frame-000772.color.jpg 0.603183 0.659375 0.338860 -0.294226 -1.028559 1.523290 0.246842 1.349234 0.026858
frame-000773.color.jpg 0.607916 0.655883 0.337743 -0.293574 -1.023152 1.537626 0.220742 0.683358 0.012642
frame-000774.color.jpg 0.617946 0.644032 0.335613 -0.301213 -1.017529 1.533537 0.179519 1.241760 0.024508
frame-000775.color.jpg 0.616057 0.638204 0.338485 -0.314003 -1.012309 1.575647 0.189522 1.040266 0.023151
frame-000776.color.jpg 0.615180 0.634734 0.341494 -0.319450 -1.022698 1.585591 0.194265 1.551574 0.035989
frame-000777.color.jpg 0.624884 0.626707 0.334908 -0.323410 -1.013058 1.591400 0.150284 1.109460 0.025405
frame-000778.color.jpg 0.648159 0.606616 0.325831 -0.325177 -1.036513 1.571889 0.044225 2.225069 0.045774
frame-000779.color.jpg 0.653584 0.601566 0.325549 -0.323981 -1.060407 1.578927 0.022606 2.138594 0.045258
frame-000780.color.jpg 0.658141 0.596919 0.324445 -0.324459 -1.079307 1.594010 0.000173 1.910007 0.041782
frame-000781.color.jpg 0.658461 0.598539 0.323623 -0.321635 -1.077304 1.601244 -0.000471 1.356768 0.029584
frame-000782.color.jpg 0.663750 0.595232 0.318585 -0.321929 -1.076205 1.599854 -0.032383 1.605438 0.034610
frame-000783.color.jpg 0.669360 0.587803 0.318930 -0.323618 -1.108583 1.617096 -0.047498 2.168353 0.048549
frame-000784.color.jpg 0.676179 0.585547 0.315763 -0.316560 -1.113042 1.605217 -0.083482 1.473326 0.031843
frame-000785.color.jpg 0.671901 0.582018 0.319572 -0.328143 -1.134936 1.635006 -0.066526 3.047144 0.069751
frame-000786.color.jpg 0.687888 0.575578 0.308081 -0.317185 -1.120684 1.593731 -0.148352 1.487982 0.031134
frame-000787.color.jpg 0.678363 0.580926 0.313240 -0.322845 -1.126157 1.637983 -0.100356 2.463159 0.056211
frame-000788.color.jpg 0.685558 0.575330 0.310715 -0.320099 -1.128049 1.610421 -0.134796 1.993455 0.041164
frame-000789.color.jpg 0.692161 0.575243 0.300404 -0.315857 -1.098756 1.616478 -0.187191 0.822215 0.014587
frame-000790.color.jpg 0.690219 0.563811 0.306110 -0.334681 -1.135287 1.637541 -0.179641 3.097882 0.069363
frame-000791.color.jpg 0.695218 0.566229 0.296421 -0.328924 -1.089433 1.662559 -0.214053 1.317778 0.030116
frame-000792.color.jpg 0.695908 0.565650 0.292446 -0.332004 -1.076244 1.684321 -0.227483 1.659858 0.037906
frame-000793.color.jpg 0.710280 0.551909 0.284806 -0.331338 -1.073492 1.616728 -0.292274 1.349425 0.025732
frame-000794.color.jpg 0.705075 0.557565 0.285244 -0.332605 -1.060603 1.663089 -0.274751 0.757558 0.012851
frame-000795.color.jpg 0.711178 0.541646 0.282477 -0.347925 -1.096740 1.643232 -0.321393 2.725124 0.057896
frame-000796.color.jpg 0.731327 0.535894 0.259974 -0.332252 -1.031115 1.586590 -0.429034 2.903275 0.061697
frame-000797.color.jpg 0.715718 0.543514 0.270061 -0.345553 -1.059527 1.675924 -0.374138 1.629373 0.034001
frame-000798.color.jpg 0.721073 0.531550 0.278282 -0.346507 -1.119936 1.635278 -0.372560 2.750771 0.060810
frame-000799.color.jpg 0.704101 0.537165 0.290718 -0.362186 -1.149034 1.718301 -0.279778 5.093038 0.113148
frame-000800.color.jpg 0.721175 0.524161 0.273401 -0.361129 -1.130475 1.669996 -0.414160 3.699696 0.087161
frame-000801.color.jpg 0.739941 0.524128 0.250118 -0.339438 -1.043326 1.632830 -0.512300 1.806030 0.032718
frame-000802.color.jpg 0.738575 0.510046 0.260661 -0.355550 -1.117643 1.618370 -0.489420 3.511734 0.071073
frame-000803.color.jpg 0.730294 0.462723 0.290730 -0.409920 -1.319965 1.533368 -0.455826 12.167890 0.273661
frame-000804.color.jpg 0.742151 0.516524 0.247537 -0.348052 -1.054969 1.625052 -0.549539 2.313033 0.048049
frame-000805.color.jpg 0.723237 0.532315 0.265159 -0.351085 -1.097557 1.718174 -0.432022 2.588463 0.055635
frame-000806.color.jpg 0.745372 0.494370 0.256064 -0.366674 -1.139702 1.556892 -0.560172 5.777763 0.129300
