data/frame-000000.color.jpg 0.40604654119444933 0.7254423429430954 -0.5193420538556376 0.19784702309174515 3.5576591570704585 1.0455771870965138 0.3692980051333573
data/frame-000001.color.jpg 0.4039000375121812 0.7256261575563833 -0.5216178771405615 0.19556643222954032 3.565065279195543 1.0281974298691625 0.3756516410484973
data/frame-000002.color.jpg 0.40515796922478803 0.7235413212389574 -0.5234835086993411 0.1957038388822673 3.5491936897981033 1.0046525242035116 0.39235665253509877
data/frame-000003.color.jpg 0.4111243897007131 0.7240784188264164 -0.5170310070380356 0.1984089648788282 3.5288160681448497 1.0371230754010419 0.3595538858897257
data/frame-000004.color.jpg 0.41085567412290613 0.7321357419422648 -0.5044793958765436 0.20168145563660209 3.4683498986414545 1.132976006752984 0.3504248587335497
data/frame-000005.color.jpg 0.41068316277702466 0.7324536149186791 -0.5035377503481845 0.20322592299780323 3.461351484676736 1.1426791686711122 0.3542849319854305
data/frame-000006.color.jpg 0.4115714606099849 0.7332167361526953 -0.5013551612421551 0.20407144075740977 3.449419892654186 1.1559394669744556 0.34910428955948475
data/frame-000007.color.jpg 0.41556813602921283 0.7355519151879663 -0.4965152388432014 0.1993467380646073 3.4412381249436805 1.1655301941641112 0.2998432358621786
data/frame-000008.color.jpg 0.41745875882722105 0.7388283632685312 -0.49157626348796335 0.19548302095985767 3.4286694292263022 1.1840155855167458 0.2612741725379654
data/frame-000009.color.jpg 0.42046695803212863 0.7415553487318671 -0.48636204780695164 0.1917163540843495 3.417867452148783 1.2029071702506595 0.21302856648946616
data/frame-000010.color.jpg 0.42541995892463125 0.7438311818745825 -0.4803958792750891 0.18695676129827635 3.407310782011541 1.2223051753235374 0.152629002574933
data/frame-000011.color.jpg 0.4293069073790917 0.7450425808046605 -0.4754218822454665 0.18596011923718683 3.39978289377904 1.2479728156340326 0.11580295772359199
data/frame-000012.color.jpg 0.43528359693882224 0.7469134914198796 -0.467080985393423 0.185698087375384 3.381829158580347 1.294892079497115 0.05280143602112392
data/frame-000013.color.jpg 0.437056334059966 0.7473239913002254 -0.465019320376785 0.18505578770056672 3.3772514732000682 1.3057015607080205 0.03751454862785864
data/frame-000014.color.jpg 0.4408519717667876 0.7478038070459739 -0.45924132531908657 0.1885110348919986 3.3547329423427064 1.3483310281431773 0.014650122197460163
data/frame-000015.color.jpg 0.44498163198338997 0.7458026584288483 -0.4578174690450534 0.19019176353103062 3.3467822779433627 1.3555604014382698 -0.0009872084695989824
data/frame-000016.color.jpg 0.4470063348717414 0.7427671237346396 -0.4587228761241067 0.19507859801611077 3.33602831302345 1.3618504323811176 0.01163978211753233
data/frame-000017.color.jpg 0.4498526146657986 0.7380335543079082 -0.4623982360311335 0.19780538190169922 3.339810979925387 1.3434037043085603 0.018789558544485607
data/frame-000018.color.jpg 0.446099962511117 0.7389431549151548 -0.463666584420025 0.1999278263371201 3.3300311114819294 1.3596999888628662 0.044869663549010584
data/frame-000019.color.jpg 0.44754355398357665 0.7384467629185 -0.46292467461411474 0.20025456613109607 3.3305273715040076 1.3749849694223555 0.020252621375487827
data/frame-000020.color.jpg 0.44603279360354037 0.7407434771923507 -0.4602458430229592 0.2013147088697033 3.31156472888028 1.411799126659301 0.019828655420791173
data/frame-000021.color.jpg 0.4440170475198458 0.741518178548108 -0.4604715567088543 0.2023995994476764 3.307945506917867 1.4221515959301845 0.029630875493884417
data/frame-000022.color.jpg 0.44176623418507577 0.7423429408929841 -0.4612517072675465 0.20252509716838873 3.3120368594666436 1.4410214145241278 0.021533158614904915
data/frame-000023.color.jpg 0.4393209532706071 0.7422581854943116 -0.46644029034959766 0.196171714634604 3.316993597148056 1.4437065513510583 -0.009713834054367432
data/frame-000024.color.jpg 0.43375112555861856 0.7406381994967304 -0.4745117471959729 0.19532951721615902 3.329848172979147 1.4345729196969232 0.012071964669255654
data/frame-000025.color.jpg 0.43325784700717107 0.7399742329469869 -0.4763866901354243 0.19437462293994184 3.33739918132365 1.432126685388728 0.0077378421814375585
data/frame-000026.color.jpg 0.4367838092450082 0.7368800562880301 -0.4790270209500509 0.19173106119272618 3.350002086655156 1.4217643877870323 -0.035231198832767624
data/frame-000027.color.jpg 0.44649877007942007 0.7341441648453517 -0.4709671383158584 0.19965256864778028 3.3331264185066867 1.534654007241714 -0.16173258277508226
data/frame-000028.color.jpg 0.4492596535167064 0.7344805015322833 -0.4678660959568121 0.19951308940785167 3.324560570552971 1.5566662643168057 -0.203250320581863
data/frame-000029.color.jpg 0.4502781397238559 0.7349265887173572 -0.4683212497833784 0.19444205585322094 3.323965511438169 1.5704070766096465 -0.2621757052726025
data/frame-000030.color.jpg 0.4523967157676315 0.7356695602701724 -0.46905488198498074 0.18470253745037904 3.327601991215397 1.5593156148028722 -0.33043578986546857
data/frame-000031.color.jpg 0.45339768708689787 0.7355911536251969 -0.4691901613696558 0.18219984776755588 3.3278289015880698 1.5605601655036987 -0.35375116884053215
data/frame-000032.color.jpg 0.46360789139675157 0.7301780371424227 -0.46952885909493974 0.17734262766323727 3.3225365192545735 1.5410086634321247 -0.4640966888463318
data/frame-000033.color.jpg 0.47968676126996446 0.7426651300733816 -0.43075615675045076 0.18110286871554507 3.0876998335494306 1.8181270699440055 -0.7589233405935554
data/frame-000034.color.jpg 0.4830564796307649 0.7444186887552183 -0.4214075299914549 0.18685006552098074 3.0268967801452686 1.8873750724227638 -0.8201070506102688
data/frame-000035.color.jpg 0.48782891079316737 0.7471284177837343 -0.41238845420297976 0.18373307806272424 2.97023659719867 1.9286131627890126 -0.901684689524653
data/frame-000036.color.jpg 0.48911363255795576 0.7512437537818079 -0.402138707467858 0.18623946092560673 2.9003978039646086 2.007631851966728 -0.9654203940764615
data/frame-000037.color.jpg 0.49202251453052437 0.7511825977789198 -0.40081703444146544 0.1816156790883501 2.879978205486861 2.0177535358822993 -1.021854041971693
data/frame-000038.color.jpg 0.4883830454217779 0.750624690453291 -0.40723785906404486 0.17944888177802693 2.8905112315926393 2.0328191704143515 -1.0248222807789376
data/frame-000039.color.jpg 0.4841154523792159 0.7455096266360337 -0.4192945853262862 0.18449844464581433 2.940253974716823 2.0269669021656234 -0.982941648017042
data/frame-000040.color.jpg 0.4869443620586644 0.7377460580987901 -0.4264647450901912 0.19168662763514624 2.9763004383478564 1.989411376405546 -0.9802571300174049
data/frame-000041.color.jpg 0.48533402961431127 0.7330899990545813 -0.43471798278465495 0.1950646262860837 3.0234400141370084 1.9822892866779624 -0.9631264609483224
data/frame-000042.color.jpg 0.4877311742945484 0.7311787661346819 -0.4344692875278225 0.19680536519640798 3.0231822434182 1.9731067995876739 -0.9803956752189767
data/frame-000043.color.jpg 0.48143575239560077 0.7289493934441805 -0.44155243952560846 0.20465542079707286 3.0510509556258096 2.0096041561604765 -0.9361743713510045
data/frame-000044.color.jpg 0.483760545419833 0.7214455169800911 -0.4504926735181551 0.20627276075841822 3.121176161523617 1.9813241953331275 -0.9727255964639413
data/frame-000045.color.jpg 0.49040115568994896 0.717317359220778 -0.4508392423996002 0.20422166920052104 3.121936495327814 1.9678538869248154 -1.040704267510812
data/frame-000046.color.jpg 0.4959710171415178 0.7123950555963898 -0.4516477203438686 0.20620468381104126 3.1352674439737784 1.9502021438809745 -1.0792034150253351
data/frame-000047.color.jpg 0.5013255963271628 0.7085582566343778 -0.44996084601692776 0.2101263440746936 3.1312408535125384 1.9384489302945302 -1.109429990437891
data/frame-000048.color.jpg 0.5023374143887475 0.7062776471424649 -0.4503870734276471 0.2144306212773991 3.1334711626434055 1.9384403341005714 -1.105638023989128
data/frame-000049.color.jpg 0.5039804212287221 0.703187372021045 -0.4515351005045664 0.2182826329797842 3.141185767542548 1.9281071044651268 -1.1013685922902914
data/frame-000050.color.jpg 0.5048426491931192 0.7023272593459021 -0.45180268490417547 0.2185055016440669 3.140959001281093 1.9219428616506486 -1.1053682625440022
data/frame-000051.color.jpg 0.5066690417123365 0.698293726476078 -0.4551767127125639 0.220196534801616 3.1511039181384732 1.8949478693154922 -1.0974702511960805
data/frame-000052.color.jpg 0.5078123297349645 0.6915452379497194 -0.4613074672588908 0.22602487095317733 3.1780609238118864 1.8417611813179364 -1.0625270825306692
data/frame-000053.color.jpg 0.4974976851444441 0.6855009243715771 -0.4795980447454777 0.22928203470387287 3.217427801703076 1.7736924008070631 -0.9196402280057735
data/frame-000054.color.jpg 0.49210091929932337 0.6839241288803629 -0.48677235431947363 0.23051495879936823 3.218149384674236 1.753047264594966 -0.8486604292592066
data/frame-000055.color.jpg 0.4856063094858141 0.6861318271591225 -0.4898094567931751 0.23129272358382902 3.194177727516045 1.759150223351573 -0.7882945650095418
data/frame-000056.color.jpg 0.48473472773268605 0.6863985825271073 -0.4904055259854025 0.2310663318566276 3.187389860796843 1.755966403010633 -0.7790427976529172
data/frame-000057.color.jpg 0.47882882893685236 0.6887442620361917 -0.49299308179689044 0.23089416491455317 3.1548649429835303 1.7533114762034343 -0.7255573627721772
data/frame-000058.color.jpg 0.45394963739194616 0.6953017623480143 -0.506871102948423 0.23144517921813434 3.0920693747184953 1.7403501116092535 -0.5097593963819629
data/frame-000059.color.jpg 0.44811524732884345 0.693922444344063 -0.5127395759848398 0.23401387472937935 3.0757924897767634 1.7185728261270763 -0.4403471761152372
data/frame-000060.color.jpg 0.4451439314829963 0.6937245473681044 -0.5151169917973581 0.23504811721096913 3.0694254721630445 1.7112425450156556 -0.40977413752426445
data/frame-000061.color.jpg 0.44026227778116717 0.6938941494951381 -0.5194260485067985 0.23425758513220035 3.055326269798931 1.6911567289638156 -0.3631623321825206
data/frame-000062.color.jpg 0.4323382129381967 0.6919760470466518 -0.5286659793684172 0.2340194483489113 3.050185350353309 1.6371225850622548 -0.2794292281541123
data/frame-000063.color.jpg 0.42556953190590774 0.6900597960029847 -0.5345674354982685 0.238632999307536 3.046860251059392 1.6162713411185563 -0.2066619632281922
data/frame-000064.color.jpg 0.41541755350747406 0.6931057705962996 -0.538169924149132 0.23959503280596756 3.03680879105059 1.6217662589512691 -0.13463040946467783
data/frame-000065.color.jpg 0.4049662058069758 0.6936432168661278 -0.5451697275642808 0.24010711775663815 3.038664755968016 1.5934928479938664 -0.04732615328662126
data/frame-000066.color.jpg 0.4024610484282469 0.6933298892470956 -0.549191387024508 0.2360245529446976 3.0497670585562604 1.5555894069917657 -0.023269826054448776
data/frame-000067.color.jpg 0.39649756107674694 0.6907446682180304 -0.5569800948283729 0.23544566539550277 3.0674040147901027 1.4966328722845466 0.05294635629534113
data/frame-000068.color.jpg 0.3953989763250942 0.6908613749431487 -0.557694848489014 0.23525872162694822 3.0688165969785555 1.4902959440828323 0.06505425236818052
data/frame-000069.color.jpg 0.39073841330831716 0.6832151157994341 -0.5722129491807292 0.2304624453101991 3.104607235831516 1.337225813746765 0.18192919596296098
data/frame-000070.color.jpg 0.3844246679593906 0.6833341938693828 -0.5762665225255011 0.2306272949361364 3.097925641448088 1.3072290586829869 0.24664146726103328
data/frame-000071.color.jpg 0.3690075869621421 0.6823014397719106 -0.5860437640274069 0.23420258899965984 3.0926016090055684 1.2465171831638036 0.3900952906881376
data/frame-000072.color.jpg 0.36823766783655076 0.682398227042515 -0.586518663417714 0.23394344867558856 3.0891338798197094 1.2389326909138965 0.39709916984041
data/frame-000073.color.jpg 0.3637475651766098 0.6808984663330818 -0.5911951438149396 0.2335664558599504 3.087960505900177 1.204714797848169 0.4408911347575962
data/frame-000074.color.jpg 0.36131348919889994 0.6821205863046355 -0.5930819254787784 0.22894955324857408 3.092821393943468 1.179613581074616 0.44813476960900195
data/frame-000075.color.jpg 0.36194645535159015 0.6821190428826127 -0.5932764046816497 0.22744555929571997 3.0922286002929895 1.1685301509061456 0.4432103292594589
data/frame-000076.color.jpg 0.3565979439858481 0.6840940165831509 -0.5950774810455871 0.22524669669639188 3.0765250231848005 1.151284874230719 0.4772185297524843
data/frame-000077.color.jpg 0.35625066347644085 0.6844400510201087 -0.5959373679363681 0.2224543432465652 3.066478773769475 1.1222750110679072 0.48605221908799323
data/frame-000078.color.jpg 0.3598965454530012 0.6883674347193164 -0.5911054463508852 0.21729956899005648 3.0387172282847357 1.1066665172325902 0.4665866000261479
data/frame-000079.color.jpg 0.3590941937700581 0.6902190531374424 -0.5897296031528826 0.2164902165268159 3.029181354854702 1.1096969429108001 0.4686985424875757
data/frame-000080.color.jpg 0.357387887757866 0.69566021173869 -0.5855500589922379 0.2132179539856791 2.9961996733741545 1.1072542781855552 0.47947648072775967
data/frame-000081.color.jpg 0.3538645235041736 0.6990583208046751 -0.5832703349769228 0.21422670107813754 2.958610549517307 1.0837128766869981 0.5248740706551874
data/frame-000082.color.jpg 0.3530025503012746 0.7002050478411707 -0.5826437202860422 0.21360801873942112 2.9522344851992943 1.0811550058799062 0.5289709212832668
data/frame-000083.color.jpg 0.3481703445937479 0.70306914546276 -0.5833280605265231 0.210236917895265 2.938653264120554 1.051277460330536 0.5569793027883464
data/frame-000084.color.jpg 0.3431022159764482 0.7044239914660007 -0.5878094282356934 0.20136480754190017 2.9341844400238783 0.9739842079214835 0.5852766429481289
data/frame-000085.color.jpg 0.3412385009518297 0.7052728872126558 -0.5893377905270553 0.1970467170179752 2.932667699992647 0.9319956544524752 0.5960569997482172
data/frame-000086.color.jpg 0.338164634350258 0.7068606297465572 -0.5896674814843897 0.19566550914485156 2.9277233840477375 0.9224441443110118 0.6110584393916678
data/frame-000087.color.jpg 0.33178230329403174 0.7079624760383432 -0.5921866723404785 0.19499892524031195 2.9201088134520665 0.8994982191083069 0.651008769737911
data/frame-000088.color.jpg 0.32436804348312614 0.6991585944900143 -0.6065981745018746 0.1949391874628341 2.930055221513811 0.7822104800048234 0.7361772109683427
data/frame-000089.color.jpg 0.317460200511466 0.695262074876127 -0.6142086310943193 0.1964113688649543 2.9289414458313416 0.7201643638135844 0.8008015963244668
data/frame-000090.color.jpg 0.312338793199455 0.6857898803240766 -0.628575710255994 0.19242997371503606 2.9461734666505794 0.6016018684239102 0.8593450681018815
data/frame-000091.color.jpg 0.3117732753942946 0.6813697422117587 -0.6342611401154723 0.19038252358768723 2.9543379644890506 0.5469254145950864 0.8753621139307669
data/frame-000092.color.jpg 0.3064958845755158 0.6755594765156921 -0.6428914714086272 0.19070978584793835 2.953776152277101 0.4721428499404804 0.9295854817390448
data/frame-000093.color.jpg 0.30216581469271164 0.6653253293056008 -0.6555616040583375 0.1904652459110153 2.9527237967659246 0.3635765864734523 0.9916903896121843
data/frame-000094.color.jpg -0.2857123625569712 -0.6383764548313957 0.6839308298255746 -0.20756340672939844 2.8862811112357187 0.17473068620122995 1.2202503296262461
data/frame-000095.color.jpg -0.27426535839069194 -0.6161275708315741 0.7052119195669738 -0.21872694883958121 2.8117237606274887 0.03679934258213694 1.3776668824465303
data/frame-000096.color.jpg -0.2729428728081727 -0.5950950124184503 0.7214029943435653 -0.22570297767208328 2.75757534356386 -0.07657338144630432 1.463868285185913
data/frame-000097.color.jpg -0.2733381354594185 -0.5813845284169278 0.7313616009565863 -0.22888534786485246 2.7203666513994693 -0.14611401546728978 1.5070919089059247
data/frame-000098.color.jpg -0.2739212609750279 -0.567151611885666 0.7397422884394632 -0.23682807818265014 2.6725826092937535 -0.18825294849945423 1.5637283995060132
data/frame-000099.color.jpg -0.26728611185664924 -0.5530990412565775 0.7493023019110895 -0.24735732315893003 2.6010699611618 -0.2259065277999188 1.6528568682583578
data/frame-000100.color.jpg -0.2662435788600912 -0.5459564921665812 0.7532773560890013 -0.25222825016341255 2.568892903710074 -0.2441781300543825 1.6860237449576683
data/frame-000101.color.jpg -0.2595879093812285 -0.5330811503181089 0.7622816770896407 -0.2595481636459965 2.506725171368669 -0.28084986146973046 1.7598149703392245
data/frame-000102.color.jpg -0.25349053586421155 -0.5199490254084799 0.7712904500417194 -0.26553079082940617 2.4383518571811758 -0.3236149128027889 1.8244386429226112
data/frame-000103.color.jpg -0.24933381358799542 -0.5101883802570663 0.7780453862979597 -0.26867423194790585 2.3965028927440573 -0.3583805679825512 1.8654244963054072
data/frame-000104.color.jpg -0.2442912329113385 -0.4994957491337255 0.7852024194709848 -0.2725489874809815 2.3424642315050788 -0.38997579545158695 1.908434041942806
data/frame-000105.color.jpg -0.23474440497258905 -0.48643127567094885 0.7929261715768928 -0.2820421330432931 2.2626451876343765 -0.39239548584779405 1.974679780175178
data/frame-000106.color.jpg -0.23409856130366458 -0.4813608051867457 0.7951268407533056 -0.2850665640498543 2.2369896878568865 -0.38926858430334177 1.9853406676266805
data/frame-000107.color.jpg -0.22860873619269714 -0.467288192121995 0.8010167735062109 -0.29622950528506586 2.1511063718201586 -0.3651370913879208 2.033152877516298
data/frame-000108.color.jpg -0.2281711744365557 -0.4562025434660421 0.8059009297495986 -0.30056753969796796 2.097251099691479 -0.3610931544448932 2.0419009861558366
data/frame-000109.color.jpg -0.22701857797655764 -0.45323341449508536 0.8070351238513204 -0.30288008536203187 2.0715181532627454 -0.3489646620895254 2.0432854371385933
data/frame-000110.color.jpg -0.22695180533655138 -0.45218100105973974 0.8062809038304872 -0.3064903333767384 2.0466463244071846 -0.31614929831114 2.032362438372916
data/frame-000111.color.jpg -0.22921859958829482 -0.4492009329167895 0.8058355559193191 -0.31033274446256665 2.030600431717218 -0.29029014570456 2.020740152064038
data/frame-000112.color.jpg -0.2335683147581528 -0.447396163389317 0.8061876227337155 -0.3087782898400029 2.0282809055136317 -0.29058135430629894 1.9926611863088919
data/frame-000113.color.jpg -0.233513977150882 -0.4517237042044533 0.8052697563365373 -0.30488938496556395 2.033391798334738 -0.2803285643334152 1.9627229534973625
data/frame-000114.color.jpg -0.23547460285009972 -0.45373629109411384 0.8042960971447933 -0.3029568907854695 2.0359277140068435 -0.2624753416528267 1.9303548246962936
data/frame-000115.color.jpg -0.24339455444579838 -0.4526757700716675 0.8038822234322466 -0.29936116799909296 2.050216430807764 -0.23553136263484503 1.8742213219001915
data/frame-000116.color.jpg -0.251834102149995 -0.45455119166950914 0.7996219045834554 -0.30094452787260056 2.0723176200205953 -0.1893465032958763 1.8316110313918308
data/frame-000117.color.jpg -0.26504608630462567 -0.46553564836557826 0.788590880048733 -0.3019131599308089 2.1190833882189986 -0.10596152200197134 1.7456952742712664
data/frame-000118.color.jpg -0.273798012668237 -0.4762898828864739 0.7793525116853917 -0.3013175372403412 2.1429869282277973 -0.0356448145858863 1.673278266994844
data/frame-000119.color.jpg -0.2812814497570931 -0.49576181617926524 0.7653388298412255 -0.2989271536318637 2.166830237641138 0.06069169324119429 1.589770452609962
data/frame-000120.color.jpg -0.2805790521480102 -0.5134423993986704 0.7554217790071571 -0.2949410683460716 2.1735085334980657 0.13142395913870328 1.5379339352837431
data/frame-000121.color.jpg -0.2823568422048739 -0.5361956340877974 0.7430244789471463 -0.284048374983204 2.1828775754166334 0.21436746228798417 1.4437630457724997
data/frame-000122.color.jpg -0.2861104303782112 -0.5514033931230736 0.7312746812702401 -0.28166018571013124 2.186121265608745 0.3069846460321299 1.3792304673363267
data/frame-000123.color.jpg -0.31277256288211874 -0.5819763908222173 0.6957372998751111 -0.28182692205711485 2.2186031549108605 0.5291060194925833 1.187626630474019
data/frame-000124.color.jpg -0.3279976837460712 -0.5937471702488957 0.6780509099614167 -0.28307027533659507 2.224455710161839 0.6219922848643112 1.0932726215076318
data/frame-000125.color.jpg -0.3372725090093029 -0.6031532591185351 0.6648303410143427 -0.2836441755933162 2.2164540270308084 0.6947987656544432 1.0271649010154054
data/frame-000126.color.jpg -0.34513511891309884 -0.6150202544501407 0.6471395088119922 -0.28955533571927 2.1972303437649665 0.7957776066848276 0.9637219977666457
data/frame-000127.color.jpg 0.3584199364087819 0.6305303977286458 -0.6265244021127758 0.285365976041485 2.1771403751588316 0.896897699893732 0.8557279173337489
data/frame-000128.color.jpg 0.3612724229616769 0.6334677134183224 -0.6223198353803415 0.284462501845403 2.162314149932601 0.9246776151710164 0.8314383973070303
data/frame-000129.color.jpg 0.36690846195549404 0.6334926966341704 -0.6192437672925247 0.28390551337721914 2.154443558608172 0.9426402282570092 0.8014435756903593
data/frame-000130.color.jpg 0.37572148869979066 0.6285099238142565 -0.61854897979414 0.28496631062607836 2.1408146019215937 0.9467765309109338 0.7717083102648954
data/frame-000131.color.jpg -0.3758092336800224 -0.6204618444161332 0.622309279436649 -0.2941524778607237 2.109803952503215 0.9463739182990302 0.7936233820034743
data/frame-000132.color.jpg -0.370474786067566 -0.6194728371553586 0.625185593714534 -0.2968919169103256 2.092668977055293 0.9440148765314651 0.8186566904482627
data/frame-000133.color.jpg -0.3651866120698791 -0.6168641926133266 0.6311168323231423 -0.29632558140470144 2.067434146973337 0.9381305803919342 0.8427804890927181
data/frame-000134.color.jpg -0.3556824822119535 -0.6121212230656844 0.6392804077363593 -0.30019683610016246 2.043214297937474 0.9321865074986339 0.8909473428331258
data/frame-000135.color.jpg -0.3421867714400836 -0.5964046684717539 0.6563756300792165 -0.3104524393761792 1.9927435503213573 0.92608423473363 0.942388526670325
data/frame-000136.color.jpg -0.33384805630150105 -0.5777331370357587 0.6668754105763977 -0.33173345391005027 1.9481746152557624 0.9744293597183563 0.9730087004135207
data/frame-000137.color.jpg -0.3329983314155278 -0.5741575702939848 0.6695027505274699 -0.33349851991385915 1.9488667387318361 0.9857901046491341 0.9668181131768425
data/frame-000138.color.jpg -0.33372287714066684 -0.5724285278574578 0.6701118795546718 -0.3345215847260149 1.9456903650235529 0.9977193344976394 0.9560570930302981
data/frame-000139.color.jpg -0.33075535119768984 -0.5691393352644544 0.673437373439706 -0.3363977092125602 1.9390172822278715 1.005507126848329 0.9598074414441203
data/frame-000140.color.jpg -0.3279064795085507 -0.561048748176523 0.6811448540789083 -0.3372585516005303 1.9406721725181857 0.992061391381146 0.9701175236608315
data/frame-000141.color.jpg -0.32733054188820965 -0.5543584682032088 0.6860196693101233 -0.33899619230633316 1.9381548680787404 0.9809825047923157 0.97536284364995
data/frame-000142.color.jpg -0.32423107303959653 -0.5504094415083887 0.6898869381724918 -0.34055788129626546 1.9266133122917817 0.9792665682101916 0.9837837056675706
data/frame-000143.color.jpg -0.31524915448211727 -0.5465693427617621 0.6963020513250537 -0.3421160292529527 1.907266874923479 0.9768557369672212 1.0188720940627665
data/frame-000144.color.jpg -0.30836672546583316 -0.5438229855399838 0.7014315725152244 -0.3422868272409536 1.8875549898226551 0.9752473036413729 1.0408499513805807
data/frame-000145.color.jpg -0.29643089746261164 -0.5387113974456713 0.7091965676953785 -0.34490430797648347 1.8584089999280857 0.9715833040752063 1.0880116262775943
data/frame-000146.color.jpg -0.28051971580261165 -0.5299631542039053 0.7204006120664804 -0.34852647297803585 1.8190502608007542 0.9550116120445106 1.157350989309003
data/frame-000147.color.jpg -0.27346159004047255 -0.5175536642348456 0.7299272418254273 -0.3529351003382146 1.7924133883397346 0.9388967705246813 1.1952962164522551
data/frame-000148.color.jpg -0.2630116275222216 -0.4959896335407147 0.7438437310807512 -0.3626508940291297 1.7539762314775875 0.9158284577213206 1.2665142888712817
data/frame-000149.color.jpg -0.2578080500569353 -0.48385850778573747 0.7505168839028107 -0.36897203247131843 1.7213596118398002 0.898835029707451 1.3021555544509689
data/frame-000150.color.jpg -0.2424060816414254 -0.46289610151823035 0.7638944817297103 -0.37872379323904626 1.6743970368742473 0.8758448072386678 1.377724690994049
data/frame-000151.color.jpg -0.2386134519152879 -0.4517029892110659 0.7694891948418031 -0.3832941548270362 1.6464166056773102 0.8552064790668299 1.3996556327306577
data/frame-000152.color.jpg -0.23066796023166797 -0.4335641601768139 0.7795029223056668 -0.38883107546807705 1.5939639165225727 0.8181792031355165 1.4495755081498574
data/frame-000153.color.jpg -0.22627766154387724 -0.42399329741245056 0.7848167150597145 -0.39126822947746537 1.5668191698270852 0.7983607999136897 1.4741330389168148
data/frame-000154.color.jpg -0.22253854200249248 -0.4127464984549135 0.7899841644499584 -0.39502144910740516 1.5342841776021827 0.779129460335556 1.5004600441015958
data/frame-000155.color.jpg -0.21918652523882814 -0.40186789681751023 0.7942844977032313 -0.39946413777650347 1.5024224457025352 0.7638553997631005 1.5263395850019896
data/frame-000156.color.jpg -0.21733289878665574 -0.39501979437258683 0.7973409393137545 -0.401214655331891 1.4837091382919794 0.7493998063274818 1.5437492156660377
data/frame-000157.color.jpg -0.21701271986262194 -0.3887490608359408 0.8000119560634973 -0.402194626110863 1.4652483213266536 0.7295263455991381 1.558849653203958
data/frame-000158.color.jpg -0.21472048691121706 -0.3841328189128846 0.8035193217597019 -0.4008662987748898 1.4440675870787447 0.6989900332096641 1.5820240760323372
data/frame-000159.color.jpg -0.2196233654865775 -0.38254590615466255 0.8055782098219851 -0.3955603049810016 1.454079356098838 0.6690490171869641 1.5803379262285773
data/frame-000160.color.jpg -0.22387760078208513 -0.3851346065731039 0.8055499336849556 -0.3906910019798272 1.4541920592629483 0.6419319270126952 1.5825558086916895
data/frame-000161.color.jpg -0.2254033349240479 -0.3944987048089688 0.8020630297400881 -0.38763256420650916 1.4392594064229114 0.6337100491535592 1.5921601717103506
data/frame-000162.color.jpg -0.2227757653037685 -0.40448784843890945 0.7974361937387486 -0.3884019255539806 1.420036347712898 0.6431981087657116 1.6107296448140436
data/frame-000163.color.jpg -0.225031614908261 -0.41131734132509923 0.7931718517413081 -0.38866081693720556 1.4149324320577725 0.6475871448450089 1.6126842218738873
data/frame-000164.color.jpg -0.2339073351414994 -0.42236174417729927 0.7855423606330644 -0.3870673265383485 1.4206782687045962 0.6400764503543824 1.6198574579157625
data/frame-000165.color.jpg -0.2365957506109303 -0.42322713435871057 0.7849106855443257 -0.3857673641635614 1.4157674706304713 0.6168612779184192 1.636479288311124
data/frame-000166.color.jpg -0.23491102009258258 -0.4201368829363821 0.7880778362567729 -0.383712309206267 1.403501762683961 0.5816541064392476 1.6660430328936808
data/frame-000167.color.jpg -0.2350314558018298 -0.4150457547237185 0.790730863886973 -0.3837211711204544 1.3921285705884154 0.5481121118943217 1.6985101164547842
data/frame-000168.color.jpg -0.23338829510890313 -0.40800103236016894 0.7942392188615781 -0.3850313292724971 1.3773094354912314 0.5139710725075063 1.7399823462458461
data/frame-000169.color.jpg -0.23300277946950335 -0.39897666871077836 0.7979351220983278 -0.3870747518320752 1.3670470976318854 0.4750263562837734 1.7909059307646766
data/frame-000170.color.jpg -0.23332422235268235 -0.39133067925559417 0.7998925120794731 -0.3906303570590261 1.3580458767786565 0.45272527906100735 1.830854006406793
data/frame-000171.color.jpg -0.2316213508323205 -0.3891716881101018 0.8005640598080082 -0.39242086228418616 1.3512938558457055 0.4359451041358074 1.862259317636884
data/frame-000172.color.jpg -0.22995596953311204 -0.3871022150828007 0.8018930280782739 -0.39273362304943105 1.3450980352467683 0.41526357388198215 1.8860701489619351
data/frame-000173.color.jpg -0.22336822494776573 -0.3840093304678366 0.8043824205127404 -0.3944773653422881 1.3186877516313278 0.377134815634131 1.941701841152874
data/frame-000174.color.jpg -0.22048127629757508 -0.3826528336566125 0.8057483094186384 -0.394632078733803 1.3065719546317351 0.3514343513006279 1.973690707675777
data/frame-000175.color.jpg -0.21127358553112782 -0.37817312095023525 0.8097702965147403 -0.3957532432337224 1.2649487654910478 0.30714683521168257 2.0375083159292724
data/frame-000176.color.jpg -0.20716804826701637 -0.3725438646792433 0.8139353559703019 -0.3947172468598086 1.238178514852991 0.26532575467140546 2.0783314597745597
data/frame-000177.color.jpg -0.20785334735956085 -0.36065325683292426 0.8201282602378254 -0.39257591760894933 1.214834299895532 0.204836800101613 2.118974045922873
data/frame-000178.color.jpg -0.2075581456563615 -0.3567073438650493 0.821688884915159 -0.3930736106778435 1.2001323534790433 0.18288324122465127 2.1449354148244972
data/frame-000179.color.jpg -0.20803521627844457 -0.3525087588508112 0.8214301054969914 -0.39712907914762885 1.184643437746792 0.1839380500630188 2.17362441368651
data/frame-000180.color.jpg -0.20936411524399 -0.35335486140958944 0.8175996212193795 -0.40353174416424625 1.1773716283635434 0.20419368854773365 2.196836493317683
data/frame-000181.color.jpg -0.2112890321365954 -0.3557487955333092 0.8149237355587287 -0.40583130066369755 1.172938176212022 0.1982405732521807 2.224290457103604
data/frame-000182.color.jpg -0.2117474860241746 -0.35782170918747175 0.8150041616349348 -0.4036023328901053 1.1698988315226606 0.16454669313639345 2.243550373227544
data/frame-000183.color.jpg -0.21103349705409377 -0.37005188149925167 0.8168240023619574 -0.38900516357161236 1.180706911329045 0.07680939289252797 2.2547831024096587
data/frame-000184.color.jpg -0.20813264090815323 -0.37885376262680637 0.8131765255511765 -0.3897365374514259 1.163744269789615 0.06590196184009606 2.2793030876158347
data/frame-000185.color.jpg -0.20332267112283184 -0.3844643064436578 0.8113841774648385 -0.3905160752619293 1.144252212716211 0.05437258221491738 2.3024224603723646
data/frame-000186.color.jpg -0.2069705094469045 -0.3864252928239619 0.8102550535009007 -0.3890057191886224 1.1480657577732154 0.026871345857790743 2.3172703415684053
data/frame-000187.color.jpg -0.21059440458496753 -0.3884548190566815 0.8096761721958392 -0.38623483334292513 1.1582054528264771 -0.0067238388319212795 2.3278918899961516
data/frame-000188.color.jpg -0.21173814280451417 -0.3904035556205959 0.8086586527842727 -0.3857761085365674 1.1655063632622138 -0.011541125424183674 2.3298350324904837
data/frame-000189.color.jpg -0.2103381244585329 -0.3956085414043762 0.8087312483751352 -0.3810584250069329 1.1744411509738093 -0.05518355775296627 2.336297540208506
data/frame-000190.color.jpg -0.2111537358592335 -0.39967629585494396 0.8119410049571284 -0.36935722929647424 1.199488224945002 -0.1622661517267758 2.3520265245367598
data/frame-000191.color.jpg -0.20985326138507218 -0.3972833628389677 0.8137870143205764 -0.36861664859391846 1.1896366904064826 -0.17877604749026735 2.3591964009741546
data/frame-000192.color.jpg -0.20717207472267338 -0.38827003847495606 0.8182998098069917 -0.3697452230220159 1.1472161038818134 -0.22135660177349445 2.3886164302497703
data/frame-000193.color.jpg -0.1956802760935294 -0.36860713037143156 0.8314666722472688 -0.3667440332566458 1.038230925036111 -0.3290075330527659 2.432040856390279
data/frame-000194.color.jpg -0.19319254170613553 -0.36118655151503937 0.8383209767285986 -0.3597761204007367 1.0113626210482858 -0.4023838137884888 2.432910648366861
data/frame-000195.color.jpg -0.18748396832452824 -0.35351581673500204 0.8456671907642486 -0.35316190536972697 0.9688668284152013 -0.48377241543804067 2.4393976043373407
data/frame-000196.color.jpg -0.18415512822510657 -0.34724039690086184 0.850381542031123 -0.34980312817540044 0.9349617950251785 -0.5347745769778075 2.4491050661753437
data/frame-000197.color.jpg -0.167222160979676 -0.3420851298260561 0.8565458891318946 -0.34834415832683313 0.8449920478288068 -0.6105321694054525 2.472996025915343
data/frame-000198.color.jpg -0.16220814591364424 -0.34141769140850364 0.8575058620401089 -0.3490074124705592 0.8186016568883091 -0.6205847986914556 2.4761490214851922
data/frame-000199.color.jpg -0.15029204946159347 -0.3267434075670508 0.8654406089893052 -0.3488030931518903 0.6870038311586751 -0.6854956122097179 2.4947576695900406
data/frame-000200.color.jpg -0.14372493230194064 -0.3235197363136502 0.8660337865311473 -0.35307733520699464 0.6156347597448296 -0.6821942876592985 2.503642889063727
data/frame-000201.color.jpg -0.14440325916058588 -0.32719765855181554 0.8664804985504403 -0.348282839964575 0.6104236384492395 -0.7073899289210022 2.484549974463674
data/frame-000202.color.jpg -0.12895491910504367 -0.3371933859075895 0.8653390604045554 -0.34764861552571846 0.5088710790831343 -0.725936914385822 2.4448383991458758
data/frame-000203.color.jpg -0.1273801733706186 -0.32710770209960555 0.866314983229591 -0.3553493949496768 0.40077231404842134 -0.6730251500498706 2.434175126823082
data/frame-000204.color.jpg -0.12583250295548604 -0.3256781186051175 0.8664953452369022 -0.3567713006178764 0.3834127007595722 -0.6657918839682002 2.4321558010929167
data/frame-000205.color.jpg -0.1226347000025862 -0.3204308361672084 0.8679931589019344 -0.3589884199913708 0.3397078405643025 -0.6537523168259333 2.426090359136097
data/frame-000206.color.jpg -0.12204246844533145 -0.31333273741456896 0.8695780615887415 -0.36161060045804894 0.29291383207563926 -0.6311113061636185 2.416274715782256
data/frame-000207.color.jpg -0.12505401176976652 -0.30461064317668474 0.8722511694357548 -0.3615961111817044 0.2527383664375587 -0.6046164380476582 2.3914920049522763
data/frame-000208.color.jpg -0.12368847878595432 -0.3022166124161908 0.8719057649531657 -0.3648926094575401 0.22846835110557331 -0.5767151731104768 2.383062026659198
data/frame-000209.color.jpg -0.1217067103861562 -0.2984432636680092 0.8719871947754583 -0.3684527475345981 0.19821443086702914 -0.5527233793429084 2.3744286210224708
data/frame-000210.color.jpg -0.11950848362406521 -0.30008456713502607 0.8668425021147346 -0.37980396448263526 0.1480056753886007 -0.4290927052801364 2.3282035672012955
data/frame-000211.color.jpg -0.11804691338563625 -0.3058525433766318 0.8648939477827285 -0.3801021008084237 0.1480105867810562 -0.402858357265289 2.30430446357414
data/frame-000212.color.jpg -0.12221493979035845 -0.3089789757591105 0.861305290697317 -0.38438092726838097 0.15350754483151266 -0.3343700827761948 2.2645614090687385
data/frame-000213.color.jpg -0.1257186598345213 -0.3094793395342253 0.8623329297051224 -0.38052499959536407 0.16150008444676794 -0.3172045833283254 2.235733512786759
data/frame-000214.color.jpg -0.1338179366938656 -0.31555187072311547 0.8618989445883387 -0.37369772011566627 0.20041197155902885 -0.30570051184756897 2.202111576973781
data/frame-000215.color.jpg -0.13669361592982815 -0.31851118643612947 0.8609426576427601 -0.3723482506070079 0.2091287239500882 -0.2870793772391654 2.180171442163933
data/frame-000216.color.jpg -0.15143336808105423 -0.3244016425225397 0.8578655262089268 -0.36864379596378244 0.2652066583360991 -0.2551235264897343 2.147682295613732
data/frame-000217.color.jpg -0.16013555021737969 -0.33134757885943317 0.8545110098298864 -0.3665737601357699 0.29950840303613574 -0.2288508643607323 2.124010345414878
data/frame-000218.color.jpg -0.16915509930847647 -0.3482018633870608 0.8472325436808203 -0.36378432022263574 0.3440402569190474 -0.19355605287297029 2.087294125071718
data/frame-000219.color.jpg -0.17321181450543746 -0.3587789512752484 0.8421136339287039 -0.3634830931267092 0.36400873452107213 -0.16477648110350496 2.0656169987982076
data/frame-000220.color.jpg -0.17971793018242813 -0.3741223492047384 0.8354329491117028 -0.36025785339808314 0.3978243001850747 -0.14132418489537776 2.031797809108552
data/frame-000221.color.jpg -0.18646525075752024 -0.396843856687918 0.8234162077901743 -0.3601824710024657 0.4403701115902329 -0.09177649743680133 1.9956976336743764
data/frame-000222.color.jpg -0.2086732900662569 -0.4186188169876846 0.8023870115583452 -0.37065998942322365 0.5135641232806729 0.05627183740323217 1.943330159946916
data/frame-000223.color.jpg -0.20987566679721503 -0.41943695178822255 0.80113034117336 -0.3717728129012195 0.5133994036582089 0.07044824548818387 1.9399406295411528
data/frame-000224.color.jpg -0.2166636932268591 -0.42408398090883476 0.7938652864733594 -0.37813691714296227 0.5182728360801336 0.15007854603128792 1.9139007884047907
data/frame-000225.color.jpg -0.21748907811435114 -0.42144746464129135 0.7940380178301734 -0.3802422408001594 0.5053184097226946 0.18259070853507303 1.8996937209874618
data/frame-000226.color.jpg -0.21957313432447842 -0.42314927744636277 0.7928514672258633 -0.37962992321119937 0.507331994621671 0.2106327488397755 1.8794609392148494
data/frame-000227.color.jpg -0.215958746340307 -0.43051156562920667 0.7905161349230454 -0.37829334142295135 0.5063783060035142 0.23440253718248488 1.850894076788428
data/frame-000228.color.jpg -0.21203786395932017 -0.4382090241051395 0.7839967729894622 -0.38517769325663104 0.4865550442759527 0.29162732588604323 1.8247746955672415
data/frame-000229.color.jpg -0.2101177264646826 -0.4436826025785538 0.7805360962079887 -0.38698797359973264 0.47942211351126995 0.33455784181474396 1.792438721945747
data/frame-000230.color.jpg -0.21193472293234267 -0.44061518540592015 0.7785567288033636 -0.3934353207838654 0.45550251171302225 0.38718210464105735 1.7631002507170792
data/frame-000231.color.jpg -0.22303679094987008 -0.43838619128972317 0.7808718641476662 -0.38511202130266353 0.48818287714604774 0.40234256043784183 1.716543377229313
data/frame-000232.color.jpg -0.2290626309197062 -0.4412010332934675 0.7804332400888793 -0.3792043210477597 0.5069189357945406 0.41576373235201697 1.6815585646416114
data/frame-000233.color.jpg -0.23804121615641993 -0.4502509149817507 0.7750132452430571 -0.37411891514155493 0.5388548671615891 0.4504904142039955 1.6394277977616993
data/frame-000234.color.jpg -0.24422250834039883 -0.45850849039989006 0.7673775541126442 -0.3758417487390588 0.55015779551074 0.4931250052985677 1.6063793705013425
data/frame-000235.color.jpg -0.251143066295586 -0.4743699881889944 0.7561420035956948 -0.374365523192924 0.5636768472708995 0.5421909893540585 1.56126242516922
data/frame-000236.color.jpg -0.25769903410219064 -0.48479095943474976 0.7460393298869308 -0.37682124639541126 0.5577390850012379 0.5871673193587112 1.5211058859125746
data/frame-000237.color.jpg -0.26435565721615834 -0.4983772857433814 0.7355035111024388 -0.3751942866154251 0.5596746059660792 0.6264746669481944 1.4826534196366974
data/frame-000238.color.jpg -0.2644664908130733 -0.5076035526189819 0.7293404833078073 -0.3747780249880457 0.5479997950877173 0.6426801481214802 1.4618955879927158
data/frame-000239.color.jpg -0.26541447481753805 -0.5110132452290713 0.7270093803190785 -0.3740026479663646 0.551219168954642 0.6494841339485546 1.4538893520799496
data/frame-000240.color.jpg -0.2743956379641268 -0.5251737777464557 0.7150922376853103 -0.3708674003414042 0.5595965983208093 0.6800453595454918 1.4164881037482913
data/frame-000241.color.jpg -0.2759471491372755 -0.5328568245765282 0.7098155960220597 -0.36888832324848375 0.5567530403044423 0.6929332840170602 1.4007721765890526
data/frame-000242.color.jpg -0.28236550244842856 -0.5387677972392114 0.7057733986272249 -0.3631568441806252 0.5703921794131491 0.703535893868769 1.377974384105463
data/frame-000243.color.jpg -0.28201745654789334 -0.5438789260591168 0.7042278155252418 -0.3587827362507648 0.5680823640843221 0.7051206652150676 1.3662734868971225
data/frame-000244.color.jpg -0.2860201389865385 -0.5418186541489224 0.7054638624342476 -0.3562944918318616 0.572061551998755 0.7144722974210834 1.349541720945954
data/frame-000245.color.jpg -0.28460595002179095 -0.5394877834916619 0.706513294905051 -0.3588751158799617 0.5556368721105448 0.729723706919284 1.3362539337057737
data/frame-000246.color.jpg -0.2836100920299589 -0.5361334950750584 0.7081339562543166 -0.3614865020397996 0.5435930428653198 0.7437036693949782 1.323780132504804
data/frame-000247.color.jpg -0.28422757908132723 -0.5308714201174962 0.7107826073020416 -0.3635633421412448 0.5357826768659201 0.7695138333161747 1.2976015523288107
data/frame-000248.color.jpg -0.27442793526603676 -0.5298897205642502 0.7130851193452694 -0.36798886525858776 0.5075120782845498 0.7882092042567361 1.2832467262280254
data/frame-000249.color.jpg -0.27184270532329674 -0.5246060375178192 0.7167357709687507 -0.3703780279338862 0.4951019088732026 0.8060309622706944 1.2659684562645899
data/frame-000250.color.jpg -0.2699298140118793 -0.5198050444076489 0.7195517235063114 -0.37307630387760027 0.4900526412849594 0.8247125997083137 1.2464356737302857
data/frame-000251.color.jpg -0.26622868133157995 -0.5187039973885258 0.7212729213012454 -0.3739436124968311 0.4822792251889308 0.835225921628971 1.2353421078269302
data/frame-000252.color.jpg -0.26408917842080626 -0.515677046967986 0.72315030558583 -0.3760155909035185 0.47540537725845766 0.8474314801920556 1.222037912449921
data/frame-000253.color.jpg -0.263678168688846 -0.5146466503390347 0.7236338762096881 -0.37678463590418515 0.4738947659883896 0.8518323463552506 1.2169030307822497
data/frame-000254.color.jpg -0.26400989789324003 -0.5111811642554461 0.7247062951552734 -0.3792009716326766 0.47404393428495056 0.872427699594996 1.1949696243394523
data/frame-000255.color.jpg -0.25900683067991753 -0.5102816753203727 0.7253604884504673 -0.3825967005716032 0.45855604941342387 0.8932621606019108 1.1704072102232808
data/frame-000256.color.jpg -0.2608997926641254 -0.5071011876402078 0.7276444616958748 -0.3811997128081652 0.4616974171116236 0.9027336970670815 1.1531579841888981
data/frame-000257.color.jpg -0.26194597773499484 -0.5055381625577674 0.7282919786287352 -0.3813217339874781 0.4630788121278724 0.9051865766933151 1.1477261950032853
data/frame-000258.color.jpg -0.26468797802550653 -0.5049204412754684 0.7290695912261487 -0.3787521002189846 0.46678678372298976 0.9086275440712342 1.1352094488173774
data/frame-000259.color.jpg -0.2743009509162359 -0.5129794983830823 0.7225587245325349 -0.3735236433841998 0.4522497425732809 0.9366502858845331 1.0887614252596711
data/frame-000260.color.jpg -0.27117063336141056 -0.523415365154142 0.7177907852199094 -0.3705121209573494 0.4299078455679642 0.9470797335419661 1.0828099001164109
data/frame-000261.color.jpg -0.27367260065904747 -0.533736845128035 0.709519509845968 -0.3698788354978201 0.41913649187736074 0.963178931899171 1.0598084352434702
data/frame-000262.color.jpg -0.26770550289392 -0.5528957349948501 0.6987496143528185 -0.3665911160770346 0.3813453708347939 0.9743389893337102 1.0515652495939203
data/frame-000263.color.jpg -0.26980774906832916 -0.5616452851530775 0.6937064351099025 -0.36128898972306195 0.38300493323198886 0.9805660894270317 1.0310322081651648
data/frame-000264.color.jpg -0.27207632883408117 -0.5690142977709652 0.6903158774386582 -0.3544872206109545 0.3783370378418375 0.9883059395605202 1.0140353525266996
data/frame-000265.color.jpg -0.2761020184875837 -0.5722319289128923 0.6887091988785593 -0.3492820268776594 0.38217471460657365 1.0039474903164973 0.9886373129579659
data/frame-000266.color.jpg -0.2736363252734806 -0.5724696658710496 0.6886280808433927 -0.35098861722605823 0.3697549858509211 1.0215646246381127 0.971602118956026
data/frame-000267.color.jpg -0.2748596766368813 -0.5718892671309338 0.6894393991243937 -0.3493825113461017 0.3669296800773893 1.061496175264321 0.9372756421730128
data/frame-000268.color.jpg -0.2746355790783933 -0.5655660823851815 0.6901951899109608 -0.3582469887989652 0.34863826509546786 1.1122608343178932 0.8944253936584748
data/frame-000269.color.jpg -0.27104542045149765 -0.5557184987354863 0.696527332102546 -0.364089282799642 0.33483314158294925 1.150542778505122 0.8559177672959939
data/frame-000270.color.jpg -0.2683834768928272 -0.5417279015250553 0.7028325441215494 -0.3748701174591113 0.3157798236900282 1.2240191812123409 0.7888138232969746
data/frame-000271.color.jpg -0.26808275056086506 -0.5401495470868093 0.700928768985644 -0.3808792019025258 0.30318169487447466 1.2561989580746342 0.7572318689605528
data/frame-000272.color.jpg -0.2709764743575688 -0.5380711120362209 0.698795409920807 -0.38566332961594635 0.29400935987165766 1.2902517477530964 0.7152327591449356
data/frame-000273.color.jpg -0.2742536110172116 -0.5343035912456452 0.7022409842604838 -0.3823116912296723 0.29975458361684926 1.3037877767016517 0.6886526455879364
data/frame-000274.color.jpg -0.2789885019044039 -0.5360056596038856 0.705637089715309 -0.3700535721971199 0.29856329902069034 1.3040041402176537 0.6724177738731087
data/frame-000275.color.jpg -0.2775177555112738 -0.5401722799126573 0.7057088204164252 -0.36492857407498774 0.2760595213488637 1.309256506342363 0.6697591032047607
data/frame-000276.color.jpg -0.2886008214390638 -0.549566397949264 0.6961808298530172 -0.3605809094432662 0.23102641179412262 1.3324526453150072 0.6337654626386634
data/frame-000277.color.jpg -0.2839093252396695 -0.5602762877443248 0.6886905024934552 -0.36220349005594404 0.15932327712110117 1.3417539425719058 0.628928339001253
data/frame-000278.color.jpg -0.2879641191846026 -0.5727552681427577 0.6793261655797312 -0.3571330699272931 0.09797324894572461 1.3612349316387555 0.6247045264936083
data/frame-000279.color.jpg -0.2774508161799721 -0.578200538589949 0.6795323671124055 -0.3562877261736242 0.05640246798192006 1.3621538800863382 0.6389992467766238
data/frame-000280.color.jpg -0.28155234321620093 -0.5766202664055298 0.6848120071565476 -0.34535468905764555 0.057662825541700664 1.3964021229532568 0.6404265964480472
data/frame-000281.color.jpg -0.28252707418673234 -0.5745902188900629 0.6874411587391741 -0.34270860213699805 0.0690866389097399 1.4259274105711188 0.6379195236016667
data/frame-000282.color.jpg -0.28713689971392903 -0.5739004937969658 0.6866374244359084 -0.34164260771498406 0.07191868109102519 1.4400726347513726 0.6277836096142481
data/frame-000283.color.jpg -0.2934388958626317 -0.5648173263550076 0.6861485374653812 -0.3522430791062038 0.06689207397234516 1.469800013388228 0.5794345924808466
data/frame-000284.color.jpg -0.2916053053465214 -0.5637535437084888 0.6864273754518702 -0.3549165339627613 0.06273262875199745 1.4876911716869108 0.5626352663505227
data/frame-000285.color.jpg -0.28289099073324037 -0.5608661501102608 0.6912629034224148 -0.3571518547823499 0.051120160543307695 1.5003150358471948 0.55757162801369
data/frame-000286.color.jpg -0.28169289409071174 -0.5579981597923767 0.6928534949237667 -0.35950132358454817 0.04619349356059977 1.5156139220027567 0.5370634758937246
data/frame-000287.color.jpg -0.27230244803854387 -0.5580097175761719 0.6950792710333525 -0.36241045633717545 0.030847648807849327 1.5225973943310207 0.5363377286321143
data/frame-000288.color.jpg -0.262910913004648 -0.5595120132455236 0.6970589920750747 -0.36322571553275895 0.010380355405791757 1.5219934503423187 0.5394014700275169
data/frame-000289.color.jpg -0.2578581292769313 -0.5629935655146928 0.7004717623790534 -0.3548052148213693 0.005979395386438801 1.5171876940286966 0.5599500915366051
data/frame-000290.color.jpg -0.2616209100704221 -0.5668523410047506 0.7002672824674706 -0.34620608893689714 -2.7328374190422957e-05 1.5181193575448628 0.5651536550897434
data/frame-000291.color.jpg -0.2628962687756408 -0.5666502154268291 0.7006007646632118 -0.3448936847405264 -0.0007505809045724413 1.5175130033905544 0.5651258046776931
data/frame-000292.color.jpg -0.2695834310783948 -0.5775509630796363 0.6914620847886639 -0.34005858911884596 -0.1009006098218437 1.4918851769576873 0.5830714720848634
data/frame-000293.color.jpg -0.26876205296512934 -0.58015060708139 0.6906444577075403 -0.3379385521465729 -0.1471299866103652 1.4762035800236732 0.6029880522591966
data/frame-000294.color.jpg -0.27296159637733525 -0.5911898142182438 0.6801243140085197 -0.3367751296669258 -0.2508057567825454 1.4393659597279378 0.6255479097117204
data/frame-000295.color.jpg -0.28365570728542133 -0.595353254119223 0.6761103996381238 -0.3285858640222307 -0.2621397606309115 1.4288978972716297 0.6372804787682914
data/frame-000296.color.jpg -0.29646241343967583 -0.5946239156421341 0.6755819111270075 -0.3195645751986895 -0.25649901049714147 1.4344174413424327 0.644308490008223
data/frame-000297.color.jpg -0.31303927113138214 -0.5898224540883392 0.6719037600254999 -0.3204079035328834 -0.2718453161018791 1.4567232608779028 0.6163919974789273
data/frame-000298.color.jpg -0.3215504782837765 -0.5884821222460179 0.6681371809240523 -0.3223147362116074 -0.28733329114188255 1.467976730994761 0.5924021035462097
data/frame-000299.color.jpg -0.32612578917408 -0.5991403810705993 0.6551762308702471 -0.3246796573683324 -0.3469096273696794 1.4541160812197336 0.584292134527103
data/frame-000300.color.jpg -0.34068781271393 -0.6065001095736785 0.6400871615008585 -0.3261561850357727 -0.388215035538395 1.45061680821092 0.5679151286985727
data/frame-000301.color.jpg -0.3378316186329927 -0.6096629323699794 0.6375710024580213 -0.32815259129027885 -0.40652301656353085 1.4418560204238495 0.5696440560145335
data/frame-000302.color.jpg 0.3519178012017855 0.62714697774699 -0.6262834770827868 0.3010141787909861 -0.43648705569144836 1.3839568726416114 0.6522086392557987
data/frame-000303.color.jpg 0.35414092597296964 0.6387500992618861 -0.6187253649248218 0.2894156838227401 -0.4573151619187096 1.3492055533410994 0.6997195719395515
data/frame-000304.color.jpg 0.35475908852280086 0.6471768755173605 -0.6126674950024067 0.28274833593415755 -0.47469505268562684 1.3243718632733021 0.7279857852606396
data/frame-000305.color.jpg 0.3553281119564553 0.6642359491583348 -0.5989066690547891 0.2717413079766927 -0.5287740355925187 1.2889580470267137 0.7902765421859236
data/frame-000306.color.jpg 0.3539012754082002 0.6676506877023334 -0.5945274350431302 0.27483372328753086 -0.570616398679746 1.2755092384345519 0.8030415577365937
data/frame-000307.color.jpg 0.3573388021315252 0.6655541865125302 -0.59236253899206 0.2800950333471326 -0.6269995129973062 1.2735579997214312 0.8076497897263623
data/frame-000308.color.jpg 0.35112854757578504 0.6610679051573106 -0.5968595847026301 0.28888856674650276 -0.6834191206407255 1.26694736723602 0.799592143731275
data/frame-000309.color.jpg 0.35068927458333565 0.6554473560212026 -0.6017120300855885 0.2921445344813223 -0.7080473681401885 1.2724933737188115 0.7941577120663639
data/frame-000310.color.jpg 0.34684599423159806 0.6486131792661782 -0.6076353273442748 0.2996299533273167 -0.7582667662959586 1.281123775215667 0.7844918435138941
data/frame-000311.color.jpg 0.34284324474480427 0.6409175745906476 -0.6146126054503799 0.306487385279054 -0.7845691016778694 1.2904244897405632 0.7693124125716482
data/frame-000312.color.jpg 0.3330823367196469 0.6291769188809014 -0.627459046995022 0.31541671810006233 -0.8257251484890622 1.296712397174375 0.7490313005588987
data/frame-000313.color.jpg -0.32480580959947447 -0.6198465644083914 0.6391695126830745 -0.31898864666007337 -0.8369674717174421 1.308258125559453 0.7376525068223195
data/frame-000314.color.jpg -0.3128159411663893 -0.6049678947397872 0.6553087087835376 -0.3266963873059335 -0.8642148778308216 1.333013371388369 0.7061084198437628
data/frame-000315.color.jpg -0.3086275781497977 -0.598555547470198 0.659083484592456 -0.3347973042536473 -0.892375894589624 1.3431636962046916 0.6784444428989161
data/frame-000316.color.jpg -0.30300389622442914 -0.5917396001201637 0.6646764073730781 -0.340937176036969 -0.9021843091013139 1.355279884210951 0.6493747172139067
data/frame-000317.color.jpg -0.3014802432299719 -0.583668729517767 0.6709347087107586 -0.3439289080207173 -0.9143607960998501 1.3773376234123706 0.6228096909254165
data/frame-000318.color.jpg -0.29687025511456666 -0.5787985367108412 0.6753949075838094 -0.34742196870586506 -0.9305482229448442 1.388639475219821 0.5953218727036275
data/frame-000319.color.jpg -0.2939424181027686 -0.5777581095703439 0.6769206044342633 -0.34867164633498815 -0.9542618038487217 1.3951334264934931 0.5722684139834477
data/frame-000320.color.jpg -0.2923182125423404 -0.5772179128951589 0.6771996966693385 -0.3503856653460064 -0.9704594585612087 1.402103847093922 0.5420622856097477
data/frame-000321.color.jpg -0.293143243372165 -0.5811883417101084 0.6748297145082894 -0.34769527857329763 -1.001166512740768 1.4065576764977294 0.533354258962199
data/frame-000322.color.jpg -0.2927906201166947 -0.5844520887867103 0.6728055734056625 -0.3464420140208317 -1.0354253913802296 1.415907486741416 0.5132839782251605
data/frame-000323.color.jpg -0.2960806515752676 -0.5797376762082014 0.6735098625119438 -0.350178439722697 -1.061503194621421 1.437261315571024 0.47732365403734744
data/frame-000324.color.jpg -0.2940426873639645 -0.5804545982419077 0.6751568805855724 -0.34752632128453603 -1.0775918831730822 1.4337525684728751 0.46023691518287285
data/frame-000325.color.jpg -0.29983447721480067 -0.5833394237779775 0.6748728852674217 -0.3381730203173061 -1.0916239826316871 1.4534566337404562 0.4792068792520665
data/frame-000326.color.jpg -0.30122114086244284 -0.5868478389025626 0.6706652005870741 -0.3392397780249548 -1.1154967685488695 1.4577358246169376 0.46538662983916235
data/frame-000327.color.jpg -0.31095775214859916 -0.5943801456307888 0.6611622646217961 -0.33597913432055676 -1.1524932494132247 1.4442818214469364 0.47956915282602375
data/frame-000328.color.jpg -0.31167325550832387 -0.5961730322961453 0.6580925461913303 -0.3381592790551136 -1.20157280575309 1.441082460110732 0.4677238326832583
data/frame-000329.color.jpg -0.30696520308186964 -0.589269164761565 0.665194012429144 -0.3406627971859127 -1.2280973973681255 1.4523037102999727 0.44003395489882474
data/frame-000330.color.jpg -0.3031290855174738 -0.5807238782808369 0.6736914587334367 -0.3420706844168588 -1.2337389808202472 1.473475749461293 0.41379898045543745
data/frame-000331.color.jpg -0.29503949132015345 -0.5741925381858637 0.6813155027024883 -0.3450562467634462 -1.2464902810762353 1.47734822942128 0.3889088382693152
data/frame-000332.color.jpg -0.2884370393357977 -0.5668090774491282 0.6914379621138189 -0.34270262416321823 -1.2427898870772742 1.4930766587135786 0.3800387626385714
data/frame-000333.color.jpg -0.27508399904719716 -0.558319550966518 0.7067249654103701 -0.336374635997512 -1.2398964692469403 1.4946375913090195 0.38186853642397345
data/frame-000334.color.jpg -0.26399188078993324 -0.5556962096041804 0.7167545897253669 -0.3282877817040432 -1.2383641718345482 1.4902855275402556 0.3977934380986117
data/frame-000335.color.jpg -0.2505531335065194 -0.5598956785119366 0.7221669962935311 -0.31971047204948083 -1.2512479352797186 1.462581335207415 0.42687289420190816
data/frame-000336.color.jpg -0.23964204326977032 -0.5652724562811928 0.7274637664471723 -0.30632533322239375 -1.2646532664706207 1.4293695496998502 0.4728604122875056
data/frame-000337.color.jpg -0.23327491537167167 -0.5675208903769208 0.730034529955301 -0.30091932127576865 -1.2732197204010014 1.4115052115586684 0.4909264977241498
data/frame-000338.color.jpg -0.2246638341471109 -0.5696359273274414 0.7339215861096215 -0.29393907084030735 -1.286445270350274 1.3863858304706609 0.5140182634047498
data/frame-000339.color.jpg -0.2187750966196982 -0.5733708934932205 0.735436658840648 -0.2872563253039543 -1.3004041507540527 1.3579616379645132 0.539082726411966
data/frame-000340.color.jpg -0.21547743233058225 -0.5752260404382666 0.7374493394682652 -0.2808076748875531 -1.308985873540969 1.344055177869814 0.5602943668471001
data/frame-000341.color.jpg -0.21390980414831443 -0.5739059813666245 0.7385162564902564 -0.28190115136419625 -1.3303791085114745 1.3247582212041662 0.5589141510073288
data/frame-000342.color.jpg -0.20792688388271147 -0.5723425343688561 0.7418569286287187 -0.2807823565622041 -1.351094571821203 1.3106231855186306 0.5599480220886898
data/frame-000343.color.jpg -0.19902763634932538 -0.5666037846333054 0.7478568987535655 -0.2829455958220852 -1.3829215301407645 1.3013138366610666 0.5456106138220829
data/frame-000344.color.jpg -0.1956827118568325 -0.5561426737833841 0.755353215354234 -0.28610334274776533 -1.3946399230227808 1.3187914456955803 0.5234994990655396
data/frame-000345.color.jpg -0.18440024393808846 -0.5277296222079442 0.775354038239498 -0.2938096514165874 -1.3841632600243179 1.3912445163036986 0.4595822655673079
data/frame-000346.color.jpg -0.17571989859421022 -0.5004270015606754 0.7906759247411242 -0.3058217052169446 -1.3727864780485484 1.4616545207674727 0.37950988245571116
data/frame-000347.color.jpg -0.16709256401847544 -0.47368157503990754 0.8055254148261738 -0.31437978081703016 -1.3478009061939846 1.540247953311381 0.315964355923767
data/frame-000348.color.jpg -0.15923357906565952 -0.44975037272433166 0.8178560019554342 -0.32168436330934513 -1.3266245876657914 1.601286768290221 0.25461532632714245
data/frame-000349.color.jpg -0.15346480907456603 -0.4394711711631949 0.8237896507633081 -0.3235494604962649 -1.324877299806489 1.6294462361017747 0.23023591429419357
data/frame-000350.color.jpg -0.1389145919067119 -0.4255994872087041 0.8319241245104676 -0.3278262706077292 -1.3398345086201509 1.6674627372987647 0.1753701304512592
data/frame-000351.color.jpg -0.13217136609596145 -0.4268165830008458 0.8317553547479681 -0.32945616447092085 -1.3765139730860705 1.6659815567969067 0.15844569414765727
data/frame-000352.color.jpg -0.13070169808995427 -0.4298519924350171 0.8300640941701208 -0.33036030373757835 -1.4035495678164338 1.6633902979104134 0.1458389813309743
data/frame-000353.color.jpg -0.13028225332225035 -0.4372033867609183 0.8260718774748781 -0.33088515578549293 -1.4587450249021443 1.6527158960122883 0.14764483347330165
data/frame-000354.color.jpg -0.12549849045840575 -0.43741885148105 0.824179631768825 -0.3371094953261682 -1.4819050436126313 1.648747354527355 0.11080148870568615
data/frame-000355.color.jpg -0.12860139760181533 -0.43762098398370247 0.8223768313658689 -0.3400674964542024 -1.5072016308633278 1.6622534920825662 0.10156495253473137
data/frame-000356.color.jpg -0.12903839795166566 -0.441102650221938 0.8199774836062728 -0.3411956479792412 -1.5393734419064682 1.6579292938642687 0.093738125896421
data/frame-000357.color.jpg -0.13184220817033285 -0.43701833897740056 0.8203846676048973 -0.34438583115599763 -1.5498249609646197 1.6810369961858642 0.07179390685080822
data/frame-000358.color.jpg -0.13554024425626934 -0.4356820500224152 0.8199698261855636 -0.3456291041281582 -1.564589537319694 1.7000245729634267 0.0661581437876101
data/frame-000359.color.jpg -0.14785597828097455 -0.4387368470292339 0.810678347823607 -0.3583981098100402 -1.6037034852354672 1.7095210527694862 0.030455187177639488
data/frame-000360.color.jpg -0.15977643689782053 -0.4416937866134691 0.8029180882352704 -0.3670158479737757 -1.6269556532859812 1.7109813968420449 0.011521387830760694
data/frame-000361.color.jpg -0.16647491015555702 -0.4460492542956174 0.794257583111636 -0.3774666325659611 -1.671398902881784 1.7075691454111717 -0.018686327357832194
data/frame-000362.color.jpg -0.1683063401565853 -0.4475464969724554 0.7899168991982638 -0.38393541289099675 -1.6976997201116335 1.707245439545877 -0.03956823787369644
data/frame-000363.color.jpg -0.17300536768285424 -0.4469938215054301 0.7863012728582809 -0.3898666112792174 -1.7076783988876334 1.7137217186580462 -0.05778431204672928
data/frame-000364.color.jpg -0.17622689093740643 -0.4480527154894747 0.7826982841950957 -0.3944315440873056 -1.7201685101827038 1.7122102344376555 -0.07111124588458592
data/frame-000365.color.jpg -0.17918381774117967 -0.44907713151873657 0.7804513731231016 -0.3963818154215245 -1.7247089273968055 1.7133651682837483 -0.07378271994044425
data/frame-000366.color.jpg -0.1830390346747313 -0.45066313752266945 0.777854541683358 -0.3979218016723125 -1.7278258972961973 1.7136009479106753 -0.07354341943625504
data/frame-000367.color.jpg -0.18763838822473167 -0.4532729752000687 0.7739845837632456 -0.40035398001585776 -1.7378885696487802 1.7106495175612433 -0.07530504904659102
data/frame-000368.color.jpg -0.1903317685942695 -0.45150896454221207 0.7724941574382127 -0.4039384229379799 -1.7376298952503142 1.7187892943477565 -0.09206527883469906
data/frame-000369.color.jpg -0.19176350128065717 -0.4485392705558176 0.7711923231809228 -0.4090252840750193 -1.73664996195987 1.728086474344145 -0.11887363806918598
data/frame-000370.color.jpg -0.1909664993932973 -0.446756552867796 0.771154158471905 -0.41141419816365316 -1.7381137255351362 1.7352121349035765 -0.13765024637624163
data/frame-000371.color.jpg -0.1835305987249831 -0.4432730710452698 0.7734364331344041 -0.41427235934596823 -1.740278558202038 1.7485100384251862 -0.17372018524172925
data/frame-000372.color.jpg -0.17620278558492475 -0.43323775449428725 0.7778371175946394 -0.4197940506068716 -1.7243724569922556 1.7840560546383961 -0.2415108935261209
data/frame-000373.color.jpg -0.16943607334563465 -0.42159542715662895 0.7821871589383095 -0.4263003181348204 -1.699144278601707 1.8258005664813781 -0.32242805590687457
data/frame-000374.color.jpg -0.16134319847165365 -0.41226942889067336 0.7850827298520672 -0.43318286854066623 -1.6832983385645526 1.8632157094684718 -0.41390543845453986
data/frame-000375.color.jpg -0.16032426991215257 -0.41045238402145984 0.7872726382978409 -0.4313081982942039 -1.6836093663696945 1.891880040473515 -0.439268600383775
data/frame-000376.color.jpg -0.1634215375004631 -0.4104556757541805 0.7887490608436177 -0.42742772294327624 -1.6981696207349823 1.9235154906834724 -0.45407226455272337
data/frame-000377.color.jpg -0.16983287498048188 -0.41699334356899936 0.7868152126012015 -0.4221316941599342 -1.7451388122699674 1.9378326774734773 -0.4463613294266453
data/frame-000378.color.jpg -0.17617925539492515 -0.42947435203507583 0.7801785615617769 -0.4193257242191787 -1.826934257574334 1.9264481978658132 -0.4360546933550482
data/frame-000379.color.jpg -0.1916225506024759 -0.4529022046215813 0.7662465212986673 -0.4135536963287877 -1.958843264785785 1.889034305727914 -0.38906847647328846
data/frame-000380.color.jpg -0.1964755913276517 -0.4721823624728874 0.7560372156369967 -0.4084714031040969 -2.0864252338897473 1.8546855321979636 -0.35146685446876663
data/frame-000381.color.jpg -0.20353603565493053 -0.4741759703990235 0.755707673342042 -0.40328171758459 -2.1239774468205406 1.88484785123674 -0.34005130340924816
data/frame-000382.color.jpg -0.20646922639778612 -0.4747019984585799 0.7590062183355777 -0.39488989824766996 -2.1609595815983726 1.9346258424639182 -0.33271437607307563
data/frame-000383.color.jpg -0.20817031202467823 -0.4718645115734721 0.7610494881467517 -0.3934624257799517 -2.17450149909112 1.9708134689158392 -0.35978267074818004
data/frame-000384.color.jpg -0.20250545186638533 -0.46698199503506316 0.7614631232873291 -0.4013642611780081 -2.205580997549602 2.0006473117512193 -0.46365448582411006
data/frame-000385.color.jpg -0.19488194598600184 -0.46619149194298565 0.7619171487915356 -0.40517746524955994 -2.2462377691671986 2.0158044930301537 -0.5314705924962211
data/frame-000386.color.jpg -0.19274040593666636 -0.46371453415902086 0.762017412006684 -0.4088391254854251 -2.2735296006519277 2.036050204855151 -0.5910373560221894
data/frame-000387.color.jpg -0.18634448637387838 -0.4483586762427151 0.7731752783734461 -0.4079831108613189 -2.255751719200954 2.15554505286123 -0.685331184894934
data/frame-000388.color.jpg -0.17388155152494722 -0.439858517101875 0.7806131029804902 -0.4085741969671933 -2.2603505091835183 2.220253346248877 -0.7700090244523842
data/frame-000389.color.jpg -0.17404080917330883 -0.4375306815202054 0.7835055770644033 -0.4054574085890411 -2.2736389424261896 2.26814002769737 -0.7788843544082087
data/frame-000390.color.jpg -0.17967488879019536 -0.44210464612390227 0.7807019050513927 -0.40344138565969767 -2.336818461126229 2.2789712827167694 -0.7837763798898444
data/frame-000391.color.jpg -0.19003037836998243 -0.4504905417679494 0.7739590260398751 -0.40241042864914534 -2.4460921143843333 2.281443968745911 -0.7885137442017726
data/frame-000392.color.jpg -0.18937976052943223 -0.468739191046383 0.7653272895307652 -0.39836292118932154 -2.5835161940433866 2.22800822677122 -0.7420078920542399
data/frame-000393.color.jpg -0.2003819819504963 -0.48773763021874494 0.75315343724201 -0.3933433174069936 -2.713895948203057 2.163857565684394 -0.6643995859276054
data/frame-000394.color.jpg -0.20729511729880046 -0.495107604817363 0.7493859279462595 -0.38770855676940447 -2.7755766072240955 2.1706540277490753 -0.6184774375035301
data/frame-000395.color.jpg -0.2082085541865542 -0.500223267198168 0.7475449562772852 -0.38419060277618294 -2.8232214518844554 2.176020813818126 -0.6050838475165984
data/frame-000396.color.jpg -0.21352236029419278 -0.4996530398385412 0.7473017816023844 -0.3824854097196456 -2.846446292135507 2.203782295326311 -0.6069067973999813
data/frame-000397.color.jpg -0.2124471835152914 -0.4948823503740005 0.7500095446760706 -0.3839835105828344 -2.8613112576931083 2.2583774666369814 -0.6712455213364752
data/frame-000398.color.jpg -0.20985311403183302 -0.4946956715868542 0.74820994385101 -0.389126898282351 -2.897786851078163 2.2578233570970023 -0.7436867519931498
data/frame-000399.color.jpg -0.20421948877011425 -0.51372105101458 0.7415932349919964 -0.38003230910681096 -3.02753994333706 2.193311256090685 -0.6886174181634926
data/frame-000400.color.jpg -0.1999959403493985 -0.5211163085505761 0.7390838453514867 -0.37708684191687153 -3.0994490298794415 2.174610523100991 -0.6953864068999891
data/frame-000401.color.jpg -0.20169141144224978 -0.5245612367675783 0.7435724349264844 -0.36229286143781575 -3.127112449139298 2.2260052161579327 -0.6081412782463388
data/frame-000402.color.jpg -0.20470034779761243 -0.5229561321243447 0.7463796657930356 -0.35711629194949757 -3.148350945662903 2.273916248099977 -0.6018771976893901
data/frame-000403.color.jpg -0.21418060963120683 -0.5244214348461543 0.745225651606269 -0.351777704409926 -3.1807818519891353 2.3028317145222115 -0.5608846662044291
data/frame-000404.color.jpg -0.21929666009374812 -0.530733679708694 0.7386930636863609 -0.3529352543403038 -3.245064661789708 2.2583950612725467 -0.5479568762792485
data/frame-000405.color.jpg -0.2192752700279824 -0.5411369404430278 0.727893977525004 -0.3595268072410506 -3.3615390978979725 2.1619290784327228 -0.5707015240069662
data/frame-000406.color.jpg -0.21393784662369336 -0.5465859226842273 0.7237391378748247 -0.36287199838738554 -3.4207741352516323 2.1088056334242893 -0.5925578229565194
data/frame-000407.color.jpg -0.21385744753198463 -0.5530404479916207 0.719161775135822 -0.36223969440665327 -3.4928399098526057 2.063469963885637 -0.5760060420006942
data/frame-000408.color.jpg -0.21141494374463443 -0.5532824129111868 0.7180857308104931 -0.36542465205701286 -3.5255790135044065 2.0459688475680498 -0.6094513678446261
data/frame-000409.color.jpg -0.2143194601657451 -0.55418962612823 0.7195397723410776 -0.35944894394818666 -3.548857907362325 2.0700463314202495 -0.5645724962559617
data/frame-000410.color.jpg -0.2131661283081209 -0.5541498526154085 0.7197288271385105 -0.3598173953191698 -3.551719532221785 2.0682611911565996 -0.570464799894948
data/frame-000411.color.jpg -0.21427548585876025 -0.5529837362921103 0.7207489300993588 -0.3589094360936192 -3.562818626142997 2.08316577204786 -0.5688588381063246
data/frame-000412.color.jpg -0.2098290837001365 -0.5494212006069664 0.7244376666789845 -0.35958054320815075 -3.557078276291471 2.1061777671968924 -0.6053184505559749
data/frame-000413.color.jpg -0.20775365587598255 -0.5476885934802453 0.7261635236903259 -0.3599474404735275 -3.5547295772009635 2.117763862728907 -0.6228988996533052
data/frame-000414.color.jpg -0.20628830000092754 -0.5462588537092202 0.7275185661402048 -0.3602265092248449 -3.545640548705339 2.127237452525364 -0.6322851835121166
