data/frame-000037.color.jpg 0.0635488 -0.0575196 0.94211 -0.324163 -2.50952 -4.91392 4.95553
data/frame-000182.color.jpg -0.0893879 -0.312479 0.885739 -0.33141 3.79072 -3.74907 4.95112
data/frame-000171.color.jpg -0.0279683 -0.15666 0.896976 -0.412444 1.33876 -3.55062 6.08402
data/frame-000065.color.jpg -0.0103306 -0.241633 0.899301 -0.364368 0.72304 -4.43606 5.91741
data/frame-000076.color.jpg 0.0401184 -0.110905 0.897927 -0.42405 -1.3568 -3.75191 6.15024
data/frame-000250.color.jpg -0.133141 -0.300649 0.871384 -0.364107 4.84418 -2.94588 4.65687
data/frame-000395.color.jpg 0.435357 0.899745 0.020787 0.0221574 -1.65099 5.29034 -4.88392
data/frame-000384.color.jpg 0.467657 0.866393 -0.138528 0.107098 0.976739 5.06913 -5.47193
data/frame-000133.color.jpg -0.0681527 -0.282291 0.900704 -0.323109 2.81066 -4.35869 5.22286
data/frame-000144.color.jpg 0.0357433 -0.0496725 0.938841 -0.338869 -0.672046 -4.64493 5.26513
data/frame-000201.color.jpg -0.0993904 -0.324726 0.883594 -0.32239 4.04576 -3.65731 4.71485
data/frame-000084.color.jpg 0.0832117 -0.0480705 0.887735 -0.450214 -2.39974 -3.32225 6.08657
data/frame-000095.color.jpg -0.0173638 -0.21085 0.86487 -0.455237 0.513491 -3.12482 6.70166
data/frame-000106.color.jpg -0.0920585 -0.371259 0.846731 -0.369782 3.35384 -3.46541 5.77728
data/frame-000337.color.jpg -0.368847 -0.53832 0.637948 -0.408884 7.39757 1.0418 0.262816
data/frame-000482.color.jpg 0.430941 0.811884 0.367895 -0.14067 -5.16957 3.60427 -3.55803
data/frame-000231.color.jpg -0.190448 -0.491766 0.794841 -0.300206 6.44074 -1.63392 2.95449
data/frame-000414.color.jpg 0.513098 0.851252 0.106096 -0.0290598 -2.70218 4.14008 -5.29776
data/frame-000163.color.jpg 0.0490984 -0.00907402 0.896586 -0.440046 -1.14615 -3.34517 6.19844
data/frame-000299.color.jpg -0.187591 -0.354095 0.843865 -0.356816 6.33781 -1.99375 3.37194
data/frame-000310.color.jpg -0.219539 -0.499393 0.785071 -0.293383 7.16259 -0.690666 1.74164
data/frame-000444.color.jpg 0.488788 0.821287 0.278715 -0.0942964 -4.62268 3.5148 -4.47366
data/frame-000193.color.jpg -0.0652068 -0.340601 0.897856 -0.271281 4.07892 -4.2518 4.33597
data/frame-000422.color.jpg 0.504814 0.842896 0.174617 -0.0647886 -3.71936 3.94249 -4.90861
data/frame-000125.color.jpg -0.0927946 -0.434985 0.84616 -0.293582 4.55441 -3.57454 4.57369
data/frame-000367.color.jpg 0.469337 0.789518 -0.337827 0.205565 4.21748 3.93499 -4.61183
data/frame-000378.color.jpg 0.469851 0.823286 -0.278611 0.154327 3.25748 4.4819 -5.11357
data/frame-000261.color.jpg -0.0753222 -0.195003 0.892574 -0.399516 3.51436 -3.20813 5.47773
data/frame-000406.color.jpg 0.475487 0.876995 0.0690074 -0.00557837 -2.18807 4.70294 -5.11164
data/frame-000010.color.jpg 0.116412 0.0451911 0.933288 -0.336718 -4.39583 -4.37618 4.42932
data/frame-000318.color.jpg -0.279046 -0.586414 0.704876 -0.285309 7.41992 0.658009 0.41054
data/frame-000329.color.jpg -0.339874 -0.548974 0.657799 -0.387832 7.40187 0.995505 0.486043
data/frame-000340.color.jpg -0.35302 -0.548446 0.641945 -0.403101 7.36179 1.16573 0.337429
data/frame-000463.color.jpg 0.457699 0.878567 0.128906 -0.0448894 -2.0564 4.91541 -4.88393
data/frame-000067.color.jpg 0.00380917 -0.229255 0.897079 -0.377725 0.439453 -4.30743 5.98772
data/frame-000078.color.jpg 0.0544449 -0.0866364 0.897735 -0.428488 -1.75337 -3.66974 6.09927
data/frame-000474.color.jpg 0.442709 0.846433 0.281095 -0.0924388 -4.05799 4.17131 -4.17457
data/frame-000212.color.jpg -0.121792 -0.341941 0.849853 -0.382091 4.36648 -2.59533 4.90057
data/frame-000223.color.jpg -0.160922 -0.347139 0.841781 -0.380792 5.0143 -2.47939 4.64111
data/frame-000397.color.jpg 0.417353 0.90821 0.0206802 0.0233015 -1.61048 5.46966 -4.66532
data/frame-000280.color.jpg -0.0791121 -0.126287 0.873168 -0.46408 3.30134 -2.56092 5.96788
data/frame-000291.color.jpg -0.138084 -0.256728 0.86014 -0.418547 5.22763 -2.26904 4.77927
data/frame-000425.color.jpg 0.505702 0.832032 0.208528 -0.092222 -4.23333 3.76403 -4.68243
data/frame-000029.color.jpg 0.0848447 0.0127556 0.939609 -0.331321 -3.55705 -4.47991 4.66619
data/frame-000040.color.jpg 0.0528851 -0.0560038 0.941113 -0.329199 -2.39953 -4.87211 5.10049
data/frame-000436.color.jpg 0.483474 0.834317 0.245727 -0.0989267 -4.41203 3.78494 -4.36667
data/frame-000174.color.jpg -0.0594159 -0.210997 0.890139 -0.399503 2.27236 -3.5015 5.86817
data/frame-000185.color.jpg -0.0898475 -0.331169 0.887241 -0.308314 4.05386 -3.88836 4.66176
data/frame-000359.color.jpg 0.439612 0.754056 -0.422461 0.244268 5.31742 3.52122 -3.71763
data/frame-000493.color.jpg 0.390173 0.828712 0.380865 -0.126268 -5.06152 3.96201 -3.25606
data/frame-000108.color.jpg -0.0888453 -0.384596 0.851212 -0.345877 3.55245 -3.69902 5.51843
data/frame-000242.color.jpg -0.124757 -0.33218 0.869832 -0.342761 4.96038 -2.98304 4.44007
data/frame-000253.color.jpg -0.134393 -0.288388 0.868582 -0.379916 4.75376 -2.8028 4.75727
data/frame-000387.color.jpg 0.470414 0.876544 -0.072944 0.0711361 -0.136647 5.0829 -5.49709
data/frame-000002.color.jpg 0.108169 0.0319739 0.937145 -0.330207 -4.19981 -4.53518 4.49643
data/frame-000398.color.jpg 0.410455 0.911359 0.0242819 0.0190266 -1.63144 5.52291 -4.55741
data/frame-000136.color.jpg -0.0548664 -0.250679 0.910247 -0.324963 2.33788 -4.46879 5.26466
data/frame-000147.color.jpg 0.056908 0.0332333 0.930431 -0.360493 -1.74872 -4.24721 5.33115
data/frame-000455.color.jpg 0.479387 0.872996 0.0897401 0.0035277 -1.48809 4.81447 -5.30572
data/frame-000059.color.jpg -0.031392 -0.259245 0.910408 -0.32088 1.18631 -5.00164 5.5768
data/frame-000070.color.jpg 0.0246997 -0.192638 0.901109 -0.387665 -0.183597 -4.24068 5.99738
data/frame-000466.color.jpg 0.454203 0.871184 0.176991 -0.0584153 -2.71134 4.7262 -4.70738
data/frame-000204.color.jpg -0.113393 -0.333206 0.87396 -0.335125 4.20255 -3.35443 4.69923
data/frame-000215.color.jpg -0.137851 -0.307042 0.857409 -0.389323 4.27125 -2.7588 5.03818
data/frame-000349.color.jpg 0.38871 0.658818 -0.567487 0.304667 6.89665 2.23877 -1.8078
data/frame-000360.color.jpg 0.446557 0.758972 -0.409033 0.239252 5.15951 3.57292 -3.88677
data/frame-000098.color.jpg -0.041139 -0.252259 0.857766 -0.445995 1.26107 -3.10005 6.64444
data/frame-000272.color.jpg -0.067624 -0.129186 0.885212 -0.441744 3.01523 -2.95786 5.99046
data/frame-000417.color.jpg 0.513359 0.849966 0.113534 -0.033605 -2.80989 4.11798 -5.26705
data/frame-000021.color.jpg 0.119384 0.075486 0.930522 -0.337902 -4.56842 -4.06752 4.28229
data/frame-000428.color.jpg 0.509784 0.82359 0.229105 -0.0965956 -4.44824 3.57107 -4.62431
data/frame-000177.color.jpg -0.0788682 -0.260718 0.886853 -0.373226 3.05255 -3.58056 5.4987
data/frame-000166.color.jpg 0.0190653 -0.0644888 0.899689 -0.43132 -0.217664 -3.48287 6.23121
data/frame-000155.color.jpg 0.0991357 0.0971136 0.90778 -0.395823 -2.74879 -3.65455 5.42524
data/frame-000060.color.jpg -0.0303145 -0.257823 0.90637 -0.333319 1.1468 -4.82922 5.70027
data/frame-000302.color.jpg -0.182945 -0.394805 0.8383 -0.3285 6.55646 -1.79325 2.96319
data/frame-000485.color.jpg 0.401045 0.791979 0.434853 -0.151115 -5.83344 3.19149 -2.9162
data/frame-000234.color.jpg -0.17025 -0.502639 0.80009 -0.279687 6.44121 -1.69072 2.85512
data/frame-000379.color.jpg 0.470229 0.825143 -0.273334 0.152683 3.17151 4.51369 -5.14517
data/frame-000390.color.jpg 0.471069 0.88017 -0.029321 0.0503488 -0.85094 5.02441 -5.43741
data/frame-000117.color.jpg -0.0756859 -0.420712 0.859942 -0.278879 4.11371 -4.2 4.71551
data/frame-000128.color.jpg -0.081689 -0.352103 0.880751 -0.305986 3.65068 -4.12055 4.91726
data/frame-000139.color.jpg -0.0344922 -0.196734 0.922225 -0.331068 1.5519 -4.5528 5.31542
data/frame-000264.color.jpg -0.0568753 -0.141998 0.8959 -0.417091 2.89777 -3.26581 5.84119
data/frame-000447.color.jpg 0.489354 0.837573 0.231341 -0.0740581 -3.91857 3.93055 -4.83647
data/frame-000196.color.jpg -0.0732787 -0.327264 0.897619 -0.286022 3.96901 -4.1701 4.48144
data/frame-000079.color.jpg 0.0440101 -0.0949451 0.894961 -0.433698 -1.61616 -3.60257 6.18403
data/frame-000090.color.jpg 0.0213218 -0.134941 0.87223 -0.469629 -0.811836 -3.05589 6.66366
data/frame-000101.color.jpg -0.0626105 -0.305131 0.848836 -0.427144 2.15467 -3.11716 6.45371
data/frame-000321.color.jpg -0.300967 -0.574489 0.687255 -0.327204 7.41362 0.820201 0.468763
data/frame-000332.color.jpg -0.356874 -0.549485 0.642442 -0.397461 7.40047 1.09863 0.287385
data/frame-000477.color.jpg 0.442808 0.840853 0.293811 -0.102772 -4.22064 4.0832 -4.10137
data/frame-000409.color.jpg 0.494266 0.865515 0.0796456 -0.0155548 -2.34232 4.45445 -5.24147
data/frame-000158.color.jpg 0.0746169 0.0458749 0.903557 -0.419419 -1.98368 -3.5247 5.86619
data/frame-000283.color.jpg -0.0756965 -0.137384 0.875859 -0.456362 3.48058 -2.6116 5.9211
data/frame-000294.color.jpg -0.161536 -0.297845 0.852206 -0.398672 5.75941 -2.11969 4.23237
data/frame-000032.color.jpg 0.0738732 -0.0309012 0.941926 -0.326134 -2.97053 -4.76058 4.81208
data/frame-000109.color.jpg -0.0840998 -0.393015 0.851992 -0.335524 3.65013 -3.77986 5.40366
data/frame-000120.color.jpg -0.0953537 -0.43681 0.845379 -0.292298 4.46612 -3.70299 4.64661
data/frame-000351.color.jpg 0.393889 0.673019 -0.550796 0.297525 6.7471 2.44316 -2.0557
data/frame-000362.color.jpg 0.453597 0.764019 -0.394181 0.234833 4.98647 3.6285 -4.05788
data/frame-000496.color.jpg 0.385976 0.839988 0.363771 -0.114515 -4.81079 4.17373 -3.3466
data/frame-000245.color.jpg -0.123417 -0.305693 0.876149 -0.351685 4.7618 -3.10725 4.62151
data/frame-000256.color.jpg -0.113724 -0.270369 0.875078 -0.384976 4.47431 -2.86413 4.94627
data/frame-000005.color.jpg 0.107117 0.0356791 0.937289 -0.329761 -4.23893 -4.51072 4.48402
data/frame-000313.color.jpg -0.240793 -0.544148 0.754417 -0.277085 7.34571 -0.129131 1.11333
data/frame-000324.color.jpg -0.307825 -0.563693 0.678382 -0.356781 7.39415 0.92812 0.62872
data/frame-000458.color.jpg 0.462637 0.880678 0.101386 -0.00968458 -1.66134 4.96738 -5.07119
data/frame-000062.color.jpg -0.0194598 -0.252523 0.902144 -0.349271 0.957682 -4.61813 5.82008
data/frame-000073.color.jpg 0.0394289 -0.148414 0.90216 -0.403145 -0.84423 -4.06451 6.04108
data/frame-000469.color.jpg 0.450112 0.857902 0.234619 -0.0797307 -3.4973 4.42674 -4.43821
data/frame-000207.color.jpg -0.120488 -0.329247 0.863982 -0.361406 4.16985 -3.0087 4.84888
data/frame-000218.color.jpg -0.137378 -0.299132 0.856971 -0.396546 4.26328 -2.73116 5.13302
data/frame-000275.color.jpg -0.097464 -0.158113 0.871474 -0.45391 3.65661 -2.56364 5.76447
data/frame-000286.color.jpg -0.0964231 -0.183538 0.868973 -0.449336 4.16463 -2.43581 5.59149
data/frame-000420.color.jpg 0.50477 0.850339 0.141697 -0.0453085 -3.21532 4.10799 -5.07367
data/frame-000013.color.jpg 0.116983 0.0524991 0.931055 -0.341606 -4.47124 -4.25701 4.43687
data/frame-000024.color.jpg 0.121455 0.0759284 0.931566 -0.334167 -4.53298 -4.10358 4.23089
data/frame-000035.color.jpg 0.0638456 -0.0537409 0.941949 -0.325219 -2.597 -4.86695 4.93368
data/frame-000169.color.jpg -0.0124646 -0.122392 0.900592 -0.416891 0.774601 -3.58776 6.13974
data/frame-000431.color.jpg 0.502524 0.825319 0.234477 -0.106481 -4.45979 3.64569 -4.50047
data/frame-000343.color.jpg -0.334567 -0.563534 0.654132 -0.377631 7.35428 1.1887 0.288946
data/frame-000488.color.jpg 0.389868 0.805774 0.422776 -0.141392 -5.63456 3.46481 -2.95155
data/frame-000092.color.jpg 0.0053076 -0.167285 0.870408 -0.463009 -0.246046 -3.11704 6.69898
data/frame-000226.color.jpg -0.182722 -0.402389 0.823843 -0.354935 5.67731 -2.19012 4.00195
data/frame-000237.color.jpg -0.148152 -0.431443 0.837363 -0.301217 5.87734 -2.38454 3.50821
data/frame-000248.color.jpg -0.132272 -0.302237 0.873279 -0.358526 4.83495 -3.02601 4.62799
data/frame-000382.color.jpg 0.466414 0.852436 -0.196067 0.13179 1.94261 4.93355 -5.35871
data/frame-000131.color.jpg -0.0748937 -0.30183 0.894469 -0.321272 3.07533 -4.27551 5.17844
data/frame-000305.color.jpg -0.180773 -0.423984 0.8287 -0.317513 6.68508 -1.53064 2.74141
data/frame-000439.color.jpg 0.471589 0.834638 0.265048 -0.1036 -4.59461 3.792 -4.2071
data/frame-000054.color.jpg -0.0170892 -0.234466 0.924769 -0.299225 0.732143 -5.39894 5.35527
data/frame-000450.color.jpg 0.489738 0.859579 0.142763 -0.0299777 -2.50172 4.47522 -5.2958
data/frame-000461.color.jpg 0.452338 0.88283 0.119691 -0.0409449 -1.93302 5.01228 -4.85105
data/frame-000188.color.jpg -0.0763304 -0.337174 0.892626 -0.289321 4.06963 -4.07281 4.50174
data/frame-000199.color.jpg -0.0881898 -0.324364 0.888538 -0.312268 3.9882 -3.83268 4.68339
data/frame-000210.color.jpg -0.119514 -0.33975 0.855785 -0.371375 4.28123 -2.76708 4.8481
data/frame-000344.color.jpg -0.340013 -0.571901 0.648737 -0.369407 7.35306 1.26084 0.0721827
data/frame-000093.color.jpg -0.000454231 -0.17942 0.87003 -0.45919 -0.0381736 -3.14939 6.69239
data/frame-000267.color.jpg -0.0488507 -0.117571 0.891323 -0.435126 2.6475 -3.1274 6.07097
data/frame-000401.color.jpg 0.428001 0.902816 0.0415906 0.00301408 -1.85117 5.30842 -4.67627
data/frame-000016.color.jpg 0.120176 0.0656494 0.930781 -0.33896 -4.57835 -4.15976 4.32477
data/frame-000412.color.jpg 0.511533 0.853669 0.0942331 -0.0265083 -2.55408 4.20512 -5.32614
data/frame-000423.color.jpg 0.510116 0.831557 0.200273 -0.0904749 -4.13756 3.76149 -4.76285
data/frame-000150.color.jpg 0.0694583 0.0701923 0.918623 -0.382596 -2.23908 -3.88225 5.44082
data/frame-000161.color.jpg 0.0590114 0.019453 0.897797 -0.436004 -1.56668 -3.3545 6.09666
data/frame-000172.color.jpg -0.0374369 -0.174108 0.894021 -0.411109 1.63466 -3.50696 6.04833
data/frame-000055.color.jpg -0.0200711 -0.241662 0.922203 -0.301227 0.863544 -5.35238 5.38266
data/frame-000480.color.jpg 0.447616 0.82675 0.318281 -0.121743 -4.5651 3.86275 -4.00696
data/frame-000229.color.jpg -0.201479 -0.460344 0.800568 -0.326467 6.26234 -1.77536 3.28382
data/frame-000374.color.jpg 0.476211 0.810512 -0.296656 0.168192 3.5875 4.22678 -5.03899
data/frame-000385.color.jpg 0.468038 0.872626 -0.108094 0.0882042 0.443898 5.10748 -5.48718
data/frame-000112.color.jpg -0.0719192 -0.403142 0.858996 -0.307293 3.77517 -4.07214 5.10538
data/frame-000123.color.jpg -0.0998998 -0.458306 0.834881 -0.288008 4.79066 -3.43766 4.45962
data/frame-000442.color.jpg 0.490414 0.818614 0.280977 -0.10206 -4.71409 3.45116 -4.38734
data/frame-000180.color.jpg -0.0833532 -0.290911 0.886569 -0.349884 3.47119 -3.68193 5.20401
data/frame-000191.color.jpg -0.0688764 -0.340864 0.895929 -0.276367 4.094 -4.19384 4.3825
data/frame-000074.color.jpg 0.0444723 -0.13307 0.899526 -0.413723 -1.08198 -3.93305 6.09645
data/frame-000085.color.jpg 0.076511 -0.0558175 0.884195 -0.457416 -2.27649 -3.2372 6.18298
data/frame-000316.color.jpg -0.266275 -0.586117 0.716411 -0.268923 7.4247 0.517593 0.468698
data/frame-000327.color.jpg -0.327505 -0.552318 0.6661 -0.379468 7.39544 0.963583 0.580733
data/frame-000404.color.jpg 0.448834 0.891832 0.0564138 -0.000560555 -2.02947 5.03972 -4.87075
data/frame-000142.color.jpg 0.00764084 -0.130321 0.931953 -0.338262 0.457008 -4.62616 5.35788
data/frame-000153.color.jpg 0.0970894 0.102751 0.908298 -0.393713 -2.79708 -3.6525 5.39026
data/frame-000278.color.jpg -0.0827979 -0.157142 0.870981 -0.458087 3.59341 -2.47453 5.82071
data/frame-000289.color.jpg -0.120646 -0.227248 0.865232 -0.430322 4.80606 -2.36708 5.12262
data/frame-000027.color.jpg 0.108891 0.0724983 0.93492 -0.329867 -4.36022 -4.13905 4.29247
data/frame-000104.color.jpg -0.0778142 -0.33668 0.843312 -0.411603 2.71115 -3.13221 6.25626
data/frame-000115.color.jpg -0.064612 -0.410492 0.861345 -0.292244 3.87503 -4.19596 4.93678
data/frame-000346.color.jpg -0.359402 -0.598726 0.626593 -0.346033 7.29598 1.5092 -0.592486
data/frame-000357.color.jpg 0.429054 0.742997 -0.44633 0.254278 5.59728 3.39277 -3.41803
data/frame-000491.color.jpg 0.386649 0.823558 0.392975 -0.133516 -5.23821 3.85941 -3.12178
data/frame-000240.color.jpg -0.135111 -0.364068 0.862927 -0.323351 5.28578 -2.88848 4.06978
data/frame-000297.color.jpg -0.176823 -0.32522 0.847926 -0.379456 6.0753 -2.0605 3.80618
data/frame-000308.color.jpg -0.201778 -0.468435 0.803596 -0.306738 6.97728 -1.02577 2.20883
data/frame-000319.color.jpg -0.290983 -0.582002 0.696649 -0.302131 7.42311 0.726553 0.394336
data/frame-000453.color.jpg 0.488509 0.866363 0.103664 -0.00531904 -1.77671 4.65468 -5.39557
data/frame-000046.color.jpg 0.0266188 -0.11047 0.938063 -0.3273 -1.40163 -5.07468 5.36268
data/frame-000057.color.jpg -0.0267138 -0.255133 0.915474 -0.310003 1.10053 -5.18589 5.47832
data/frame-000068.color.jpg 0.00738627 -0.22556 0.897455 -0.379001 0.363644 -4.29896 5.98585
data/frame-000202.color.jpg -0.103167 -0.326594 0.881651 -0.324629 4.08591 -3.59521 4.70371
data/frame-000376.color.jpg 0.472895 0.81598 -0.290819 0.161159 3.48278 4.32595 -5.05666
data/frame-000270.color.jpg -0.0573547 -0.120043 0.889127 -0.437897 2.7956 -3.07482 6.04722
data/frame-000259.color.jpg -0.0890592 -0.238683 0.884594 -0.39063 4.02713 -3.02776 5.21378
data/frame-000281.color.jpg -0.0732422 -0.121442 0.876093 -0.460814 3.23587 -2.63231 5.99466
data/frame-000415.color.jpg 0.513311 0.850753 0.108628 -0.0305297 -2.73707 4.13067 -5.28979
data/frame-000008.color.jpg 0.107755 0.0360348 0.937891 -0.327798 -4.24431 -4.52901 4.4563
data/frame-000019.color.jpg 0.118208 0.0728889 0.930177 -0.339831 -4.58265 -4.07245 4.31914
data/frame-000030.color.jpg 0.0826362 -0.00813793 0.940065 -0.33073 -3.30154 -4.6035 4.73561
data/frame-000164.color.jpg 0.0376864 -0.0260412 0.897749 -0.438119 -0.848481 -3.38607 6.22571
data/frame-000338.color.jpg -0.367744 -0.538385 0.638495 -0.408938 7.39364 1.04776 0.27282
data/frame-000472.color.jpg 0.442987 0.849223 0.272716 -0.0906031 -3.96776 4.23151 -4.20784
data/frame-000087.color.jpg 0.0718819 -0.0638229 0.881217 -0.462834 -2.12448 -3.17098 6.27402
data/frame-000483.color.jpg 0.418941 0.795894 0.411647 -0.14693 -5.63025 3.26476 -3.22392
data/frame-000494.color.jpg 0.388684 0.834712 0.371036 -0.120471 -4.92039 4.07674 -3.31475
data/frame-000221.color.jpg -0.143376 -0.314829 0.852051 -0.392856 4.54684 -2.64458 4.99524
data/frame-000232.color.jpg -0.185136 -0.497727 0.795484 -0.291887 6.46386 -1.63551 2.88814
data/frame-000243.color.jpg -0.12203 -0.320281 0.873003 -0.34698 4.8463 -3.04584 4.53782
data/frame-000366.color.jpg 0.466839 0.780054 -0.355626 0.217042 4.48204 3.81338 -4.45935
data/frame-000377.color.jpg 0.466298 0.822529 -0.28625 0.155156 3.37705 4.4694 -5.03463
data/frame-000126.color.jpg -0.0880885 -0.410797 0.856559 -0.299655 4.28448 -3.72827 4.7042
data/frame-000300.color.jpg -0.188739 -0.369994 0.84053 -0.347839 6.44317 -1.90226 3.20125
data/frame-000434.color.jpg 0.491496 0.830894 0.238091 -0.10658 -4.40739 3.75771 -4.41159
data/frame-000038.color.jpg 0.0606541 -0.0526238 0.941449 -0.327453 -2.53509 -4.86443 5.00507
data/frame-000049.color.jpg 0.00327864 -0.172152 0.932467 -0.317581 -0.348234 -5.27148 5.46197
data/frame-000445.color.jpg 0.484776 0.825481 0.273285 -0.094281 -4.54772 3.6248 -4.47754
data/frame-000183.color.jpg -0.0904749 -0.319459 0.885383 -0.325357 3.89038 -3.76786 4.86828
data/frame-000194.color.jpg -0.0662991 -0.337764 0.898398 -0.272766 4.05408 -4.25097 4.34902
data/frame-000328.color.jpg -0.331947 -0.550076 0.663351 -0.383657 7.39794 0.97254 0.563044
data/frame-000339.color.jpg -0.359968 -0.545562 0.639027 -0.4055 7.37245 1.13455 0.29036
data/frame-000077.color.jpg 0.0476522 -0.100052 0.898486 -0.424784 -1.5402 -3.73469 6.1168
data/frame-000251.color.jpg -0.135124 -0.298793 0.869925 -0.368368 4.84899 -2.89246 4.66771
data/frame-000262.color.jpg -0.0709091 -0.162246 0.895606 -0.40809 3.17302 -3.28592 5.65722
data/frame-000396.color.jpg 0.433283 0.900734 0.020867 0.0225454 -1.64708 5.31041 -4.85982
data/frame-000000.color.jpg 0.104145 0.0229962 0.937458 -0.331358 -4.07177 -4.58016 4.57415
data/frame-000011.color.jpg 0.118474 0.048127 0.931753 -0.339829 -4.43832 -4.32175 4.42764
data/frame-000407.color.jpg 0.480762 0.873768 0.0731479 -0.00684397 -2.23974 4.62824 -5.15031
data/frame-000145.color.jpg 0.0495092 0.0102554 0.936156 -0.347931 -1.4441 -4.44772 5.25883
data/frame-000156.color.jpg 0.0936815 0.0805753 0.907635 -0.401161 -2.52142 -3.65754 5.55057
data/frame-000039.color.jpg 0.060925 -0.0515694 0.941304 -0.327988 -2.54116 -4.85749 5.01169
data/frame-000464.color.jpg 0.455192 0.875759 0.154171 -0.0455839 -2.37551 4.82681 -4.80485
data/frame-000475.color.jpg 0.44309 0.844489 0.285475 -0.0949386 -4.11231 4.13315 -4.15786
data/frame-000213.color.jpg -0.133788 -0.31688 0.855895 -0.386176 4.27277 -2.73288 4.96935
data/frame-000224.color.jpg -0.162736 -0.357929 0.838573 -0.377093 5.13314 -2.41684 4.54777
data/frame-000358.color.jpg 0.429895 0.744505 -0.443642 0.25315 5.56561 3.41248 -3.44773
data/frame-000369.color.jpg 0.469258 0.793362 -0.331399 0.201368 4.12226 3.99198 -4.65706
data/frame-000096.color.jpg -0.0276286 -0.230728 0.861566 -0.451337 0.860415 -3.11322 6.68312
data/frame-000107.color.jpg -0.0934385 -0.377744 0.849595 -0.356043 3.47638 -3.60381 5.6247
data/frame-000118.color.jpg -0.0838242 -0.440962 0.846226 -0.287102 4.4264 -3.81677 4.68385
data/frame-000426.color.jpg 0.507576 0.828474 0.216894 -0.0946283 -4.33097 3.68663 -4.66089
data/frame-000175.color.jpg -0.0662781 -0.222881 0.889368 -0.393644 2.47527 -3.51909 5.78357
data/frame-000069.color.jpg 0.0168475 -0.212499 0.897592 -0.385861 0.121605 -4.24165 6.01893
data/frame-000080.color.jpg 0.0475849 -0.0843727 0.895307 -0.434791 -1.77063 -3.5669 6.15806
data/frame-000311.color.jpg -0.228112 -0.517129 0.773753 -0.286092 7.2459 -0.479545 1.49051
data/frame-000456.color.jpg 0.47402 0.875514 0.0937006 -0.000636868 -1.54323 4.86207 -5.23133
data/frame-000137.color.jpg -0.0492251 -0.234957 0.915926 -0.32164 2.11632 -4.55151 5.22624
data/frame-000368.color.jpg 0.469658 0.790239 -0.336255 0.204638 4.19465 3.94442 -4.62599
data/frame-000273.color.jpg -0.0813327 -0.143556 0.880606 -0.444195 3.32542 -2.82931 5.87859
data/frame-000022.color.jpg 0.119714 0.0757258 0.930707 -0.337222 -4.56528 -4.073 4.27252
data/frame-000205.color.jpg -0.117227 -0.334596 0.869805 -0.343136 4.22541 -3.21829 4.72788
data/frame-000099.color.jpg -0.0558979 -0.283443 0.852195 -0.436232 1.80147 -3.09875 6.54997
data/frame-000330.color.jpg -0.347845 -0.548181 0.652213 -0.391305 7.40704 1.01453 0.401873
data/frame-000341.color.jpg -0.346503 -0.550336 0.646415 -0.399015 7.35674 1.1624 0.382234
data/frame-000352.color.jpg 0.3982 0.699801 -0.51834 0.288165 6.42941 2.86725 -2.42238
data/frame-000486.color.jpg 0.396783 0.793809 0.437845 -0.143951 -5.82372 3.19682 -2.9155
data/frame-000235.color.jpg -0.156909 -0.490235 0.808386 -0.285588 6.30781 -1.80449 3.05969
data/frame-000292.color.jpg -0.147523 -0.271856 0.857417 -0.411299 5.43604 -2.22207 4.57542
data/frame-000303.color.jpg -0.181968 -0.407938 0.835439 -0.320181 6.61236 -1.71569 2.83489
data/frame-000314.color.jpg -0.248013 -0.558789 0.743614 -0.270708 7.38776 0.0570198 0.889453
data/frame-000437.color.jpg 0.4796 0.835463 0.24927 -0.0992504 -4.43332 3.80901 -4.33079
data/frame-000041.color.jpg 0.0466728 -0.0612835 0.94074 -0.330264 -2.26322 -4.88549 5.16842
data/frame-000052.color.jpg -0.00733272 -0.214115 0.929431 -0.300431 0.358254 -5.43793 5.34288
data/frame-000448.color.jpg 0.496729 0.846604 0.183527 -0.0532895 -3.19219 4.15824 -5.18211
data/frame-000186.color.jpg -0.0874655 -0.332588 0.889503 -0.300865 4.06563 -3.96671 4.58918
data/frame-000197.color.jpg -0.0797886 -0.325043 0.893685 -0.298843 3.96736 -4.01546 4.58826
data/frame-000371.color.jpg 0.469879 0.803566 -0.315309 0.184598 3.8604 4.13699 -4.80888
data/frame-000254.color.jpg -0.126587 -0.279647 0.870609 -0.384466 4.62718 -2.81142 4.85624
data/frame-000265.color.jpg -0.0527478 -0.134985 0.895602 -0.420587 2.81427 -3.24733 5.90193
data/frame-000399.color.jpg 0.408551 0.912125 0.0304411 0.0136927 -1.70299 5.52384 -4.50534
data/frame-000003.color.jpg 0.107874 0.0327864 0.936921 -0.330857 -4.20849 -4.52251 4.50153
data/frame-000014.color.jpg 0.120738 0.0597342 0.930693 -0.340096 -4.54286 -4.20903 4.3591
data/frame-000410.color.jpg 0.502738 0.860154 0.0832985 -0.0212245 -2.40646 4.34737 -5.29413
data/frame-000148.color.jpg 0.0600634 0.0467026 0.925622 -0.370722 -1.91836 -4.09182 5.39769
data/frame-000322.color.jpg -0.301843 -0.571748 0.68416 -0.337521 7.40209 0.874314 0.537088
data/frame-000333.color.jpg -0.363774 -0.547137 0.638483 -0.40081 7.40051 1.09527 0.225384
data/frame-000467.color.jpg 0.453214 0.867679 0.193967 -0.064092 -2.94462 4.64377 -4.63758
data/frame-000071.color.jpg 0.0296609 -0.17742 0.902668 -0.390939 -0.407702 -4.21091 5.99695
data/frame-000478.color.jpg 0.446216 0.837388 0.297761 -0.104932 -4.27115 4.02179 -4.11888
data/frame-000082.color.jpg 0.0811309 -0.0482436 0.89094 -0.444203 -2.38656 -3.40778 6.03137
data/frame-000216.color.jpg -0.135804 -0.305426 0.857304 -0.391537 4.27787 -2.74444 5.07624
data/frame-000227.color.jpg -0.191223 -0.427642 0.813815 -0.343891 5.94741 -2.00671 3.70678
data/frame-000361.color.jpg 0.452037 0.763054 -0.397241 0.23582 5.02336 3.61943 -4.02131
data/frame-000110.color.jpg -0.0844174 -0.396958 0.852079 -0.330543 3.71409 -3.8116 5.33987
data/frame-000284.color.jpg -0.0826328 -0.150355 0.873913 -0.454798 3.68743 -2.56239 5.83363
data/frame-000295.color.jpg -0.163748 -0.307506 0.850268 -0.394552 5.85806 -2.06641 4.13119
data/frame-000418.color.jpg 0.512694 0.849276 0.120358 -0.0372602 -2.91088 4.1034 -5.233
data/frame-000033.color.jpg 0.0699501 -0.0367801 0.942353 -0.325155 -2.8679 -4.7946 4.8433
data/frame-000044.color.jpg 0.0238977 -0.108016 0.935032 -0.336862 -1.46935 -4.97648 5.48333
data/frame-000429.color.jpg 0.505408 0.823872 0.234339 -0.104326 -4.50616 3.6028 -4.52499
data/frame-000167.color.jpg 0.00882575 -0.0824707 0.900289 -0.427318 0.0912766 -3.5214 6.21621
data/frame-000178.color.jpg -0.0797317 -0.26675 0.88661 -0.369336 3.13762 -3.59623 5.44874
data/frame-000189.color.jpg -0.0744827 -0.337373 0.893867 -0.285715 4.06881 -4.11298 4.4706
data/frame-000323.color.jpg -0.304289 -0.566918 0.680498 -0.35062 7.39355 0.918581 0.614331
data/frame-000440.color.jpg 0.478755 0.828059 0.270677 -0.108842 -4.66091 3.67666 -4.24522
data/frame-000072.color.jpg 0.0338176 -0.159874 0.902085 -0.399424 -0.663258 -4.10952 6.04293
data/frame-000246.color.jpg -0.126422 -0.304359 0.875557 -0.353247 4.78335 -3.09691 4.6189
data/frame-000380.color.jpg 0.473105 0.834765 -0.24347 0.141637 2.68662 4.64936 -5.29659
data/frame-000391.color.jpg 0.468443 0.882321 -0.0156195 0.0427518 -1.07974 5.02847 -5.37529
data/frame-000402.color.jpg 0.435542 0.898971 0.0463788 0.0017983 -1.90463 5.21642 -4.74736
data/frame-000129.color.jpg -0.0765424 -0.326154 0.888968 -0.312251 3.3402 -4.23299 5.04673
data/frame-000140.color.jpg -0.023831 -0.180387 0.924418 -0.335178 1.27735 -4.5561 5.35094
data/frame-000151.color.jpg 0.0769948 0.0843413 0.914843 -0.387326 -2.44831 -3.77896 5.43386
data/frame-000459.color.jpg 0.459836 0.881628 0.104641 -0.0182194 -1.72591 4.98683 -5.01618
data/frame-000063.color.jpg -0.0150499 -0.248355 0.900506 -0.356625 0.859105 -4.53363 5.87441
data/frame-000208.color.jpg -0.121821 -0.330013 0.860275 -0.369023 4.18203 -2.89646 4.88445
data/frame-000353.color.jpg 0.402897 0.71193 -0.503328 0.278372 6.25495 3.02516 -2.64192
data/frame-000364.color.jpg 0.464263 0.774801 -0.366745 0.222805 4.63513 3.74902 -4.35567
data/frame-000091.color.jpg 0.0131325 -0.152612 0.87207 -0.464791 -0.508949 -3.10906 6.67637
data/frame-000102.color.jpg -0.0662805 -0.313604 0.847231 -0.423625 2.29968 -3.11455 6.41075
data/frame-000421.color.jpg 0.503305 0.847874 0.157087 -0.0558363 -3.45683 4.05775 -4.97543
data/frame-000025.color.jpg 0.119896 0.0797449 0.932115 -0.332307 -4.52118 -4.08539 4.20986
data/frame-000159.color.jpg 0.068327 0.0368799 0.900676 -0.427498 -1.8379 -3.44065 5.96838
data/frame-000170.color.jpg -0.0194635 -0.137668 0.89955 -0.414099 1.02924 -3.58691 6.11317
data/frame-000064.color.jpg -0.0105931 -0.243317 0.899047 -0.363866 0.748821 -4.44479 5.91778
data/frame-000306.color.jpg -0.188679 -0.438767 0.819638 -0.316349 6.78526 -1.34614 2.57608
data/frame-000121.color.jpg -0.103151 -0.441861 0.842969 -0.289003 4.58966 -3.6448 4.53801
data/frame-000132.color.jpg -0.0755709 -0.298274 0.895395 -0.321853 3.0429 -4.28591 5.18668
data/frame-000363.color.jpg 0.457711 0.768426 -0.383391 0.230287 4.85148 3.67962 -4.17594
data/frame-000257.color.jpg -0.102229 -0.262471 0.878357 -0.386195 4.33064 -2.90558 5.03991
data/frame-000268.color.jpg -0.0469524 -0.117401 0.890722 -0.436607 2.64665 -3.10705 6.08686
data/frame-000006.color.jpg 0.107284 0.0354067 0.937489 -0.329167 -4.23608 -4.51895 4.47723
data/frame-000094.color.jpg -0.0126658 -0.199461 0.86674 -0.456964 0.324158 -3.13063 6.70495
data/frame-000325.color.jpg -0.316535 -0.558968 0.674024 -0.364763 7.39884 0.923781 0.595189
data/frame-000336.color.jpg -0.369147 -0.538104 0.636893 -0.410539 7.4012 1.05198 0.267503
data/frame-000470.color.jpg 0.446497 0.854413 0.251867 -0.0847446 -3.71781 4.3469 -4.32845
data/frame-000481.color.jpg 0.432538 0.818208 0.352679 -0.138071 -4.99901 3.72926 -3.6479
data/frame-000219.color.jpg -0.134917 -0.296537 0.857673 -0.397819 4.23857 -2.73753 5.16561
data/frame-000393.color.jpg 0.457586 0.888615 0.006009 0.0306949 -1.43729 5.0981 -5.18871
data/frame-000276.color.jpg -0.0841835 -0.160889 0.871328 -0.455868 3.62196 -2.49772 5.8113
data/frame-000287.color.jpg -0.104724 -0.196875 0.867882 -0.443908 4.36498 -2.41738 5.44864
data/frame-000298.color.jpg -0.184407 -0.338274 0.84678 -0.36678 6.2124 -2.06532 3.56658
data/frame-000432.color.jpg 0.499609 0.827562 0.232348 -0.107456 -4.40055 3.706 -4.4905
data/frame-000036.color.jpg 0.0625002 -0.0587997 0.941804 -0.325025 -2.50896 -4.89673 4.96144
data/frame-000047.color.jpg 0.0166236 -0.13475 0.936741 -0.322617 -0.979028 -5.16881 5.40574
data/frame-000181.color.jpg -0.0851513 -0.301517 0.886293 -0.341061 3.61986 -3.71631 5.08787
data/frame-000355.color.jpg 0.415882 0.727936 -0.477083 0.26371 5.94218 3.2053 -3.0398
data/frame-000489.color.jpg 0.38968 0.811288 0.412396 -0.141031 -5.51185 3.59874 -3.00691
data/frame-000238.color.jpg -0.142131 -0.404468 0.849576 -0.307287 5.64778 -2.6309 3.71552
data/frame-000249.color.jpg -0.130436 -0.302197 0.872311 -0.361574 4.83163 -2.97784 4.65844
data/frame-000260.color.jpg -0.0885613 -0.220666 0.8867 -0.396519 3.84983 -3.07895 5.31753
data/frame-000394.color.jpg 0.447248 0.893917 0.0145589 0.0258956 -1.57383 5.1875 -5.04664
data/frame-000143.color.jpg 0.0337456 -0.0830884 0.936927 -0.337825 -0.267771 -4.67658 5.29148
data/frame-000317.color.jpg -0.275126 -0.586676 0.708506 -0.27953 7.42285 0.614708 0.421604
data/frame-000451.color.jpg 0.48642 0.864744 0.122625 -0.0240087 -2.17298 4.61943 -5.31433
data/frame-000066.color.jpg -0.00648836 -0.23676 0.896996 -0.373231 0.61855 -4.33675 5.97596
data/frame-000462.color.jpg 0.452728 0.882562 0.120035 -0.0413925 -1.93259 5.00567 -4.85277
data/frame-000473.color.jpg 0.443023 0.848182 0.275746 -0.0910107 -4.00111 4.20777 -4.20001
data/frame-000200.color.jpg -0.0942031 -0.323868 0.886266 -0.317439 4.01292 -3.74896 4.70077
data/frame-000211.color.jpg -0.119612 -0.346179 0.849974 -0.378679 4.37313 -2.60722 4.8716
data/frame-000222.color.jpg -0.150346 -0.331795 0.848862 -0.383068 4.78717 -2.60327 4.79869
data/frame-000356.color.jpg 0.421564 0.734963 -0.463601 0.259203 5.78962 3.2942 -3.20967
data/frame-000134.color.jpg -0.0663163 -0.279714 0.901973 -0.32219 2.76867 -4.38138 5.21664
data/frame-000279.color.jpg -0.0785999 -0.143497 0.872123 -0.46112 3.45032 -2.50755 5.89705
data/frame-000413.color.jpg 0.513374 0.851748 0.100795 -0.0285126 -2.63933 4.15721 -5.31833
data/frame-000017.color.jpg 0.120519 0.0700323 0.929996 -0.340115 -4.60712 -4.10593 4.31447
data/frame-000028.color.jpg 0.101794 0.0592813 0.935949 -0.331847 -4.17524 -4.20051 4.40828
data/frame-000424.color.jpg 0.508874 0.831646 0.202355 -0.092005 -4.16723 3.76493 -4.73429
data/frame-000162.color.jpg 0.0543906 0.00360514 0.89626 -0.440166 -1.34381 -3.32725 6.16726
data/frame-000173.color.jpg -0.0459162 -0.188568 0.892248 -0.40771 1.88222 -3.4938 5.99183
data/frame-000435.color.jpg 0.487996 0.832289 0.242251 -0.102319 -4.40726 3.75992 -4.39051
data/frame-000492.color.jpg 0.388269 0.826261 0.387484 -0.128052 -5.15117 3.90553 -3.19547
data/frame-000230.color.jpg -0.198462 -0.475657 0.796786 -0.315429 6.36325 -1.69193 3.12001
data/frame-000241.color.jpg -0.13112 -0.350388 0.866017 -0.331738 5.14926 -2.93267 4.22775
data/frame-000375.color.jpg 0.475356 0.812533 -0.293756 0.165934 3.54591 4.26264 -5.05382
data/frame-000386.color.jpg 0.469222 0.874486 -0.092799 0.0805836 0.189994 5.09892 -5.49808
data/frame-000124.color.jpg -0.0938231 -0.456594 0.835413 -0.291213 4.75832 -3.40646 4.50015
data/frame-000135.color.jpg -0.057084 -0.267453 0.906 -0.323071 2.55807 -4.43148 5.24233
data/frame-000443.color.jpg 0.488237 0.819711 0.284555 -0.0934228 -4.70251 3.44885 -4.42523
data/frame-000454.color.jpg 0.485673 0.869483 0.0896306 0.00931871 -1.47307 4.7334 -5.39027
data/frame-000192.color.jpg -0.0661066 -0.34079 0.897761 -0.271142 4.08421 -4.2518 4.33321
data/frame-000203.color.jpg -0.109205 -0.329947 0.877755 -0.329781 4.15219 -3.47206 4.69531
data/frame-000348.color.jpg 0.378708 0.643024 -0.587006 0.313885 7.04695 2.02475 -1.46326
data/frame-000086.color.jpg 0.0745268 -0.0571658 0.883174 -0.459546 -2.22473 -3.20285 6.22088
data/frame-000097.color.jpg -0.0353253 -0.245404 0.858984 -0.447968 1.11901 -3.10579 6.6599
data/frame-000405.color.jpg 0.469022 0.880674 0.0664326 -0.00427474 -2.15584 4.78474 -5.05424
data/frame-000009.color.jpg 0.112366 0.0406249 0.935996 -0.331112 -4.32203 -4.4646 4.42712
data/frame-000416.color.jpg 0.51434 0.849877 0.11021 -0.0318872 -2.7614 4.1148 -5.29054
data/frame-000154.color.jpg 0.0979288 0.101273 0.908513 -0.393394 -2.78678 -3.66257 5.39174
data/frame-000165.color.jpg 0.0293346 -0.0427526 0.898601 -0.435693 -0.573958 -3.42651 6.23647
data/frame-000048.color.jpg 0.00980171 -0.153696 0.935139 -0.319055 -0.65812 -5.23312 5.42762
data/frame-000290.color.jpg -0.128901 -0.241903 0.86215 -0.426105 5.01558 -2.30265 4.97036
data/frame-000105.color.jpg -0.0815825 -0.345741 0.84281 -0.404325 2.87294 -3.17108 6.16991
data/frame-000116.color.jpg -0.0698076 -0.414827 0.861657 -0.283888 3.98892 -4.22668 4.8106
data/frame-000127.color.jpg -0.0844395 -0.374249 0.871865 -0.304398 3.89268 -3.97316 4.84715
data/frame-000347.color.jpg 0.367084 0.616047 -0.611831 0.333765 7.21999 1.71063 -0.939087
data/frame-000252.color.jpg -0.137523 -0.296064 0.868612 -0.372756 4.84269 -2.84572 4.68175
data/frame-000001.color.jpg 0.105736 0.0250944 0.937408 -0.330843 -4.1053 -4.57407 4.54972
data/frame-000184.color.jpg -0.0895334 -0.330741 0.886964 -0.309661 4.04555 -3.87434 4.67823
data/frame-000089.color.jpg 0.028603 -0.114644 0.873835 -0.471647 -1.16037 -3.0324 6.60291
data/frame-000309.color.jpg -0.211861 -0.485621 0.793903 -0.298337 7.08522 -0.851699 1.94112
data/frame-000320.color.jpg -0.297306 -0.579587 0.691688 -0.311858 7.41882 0.771165 0.388939
data/frame-000331.color.jpg -0.353625 -0.54942 0.645605 -0.395324 7.40194 1.07711 0.324047
data/frame-000465.color.jpg 0.454539 0.875248 0.158173 -0.0481265 -2.43626 4.81568 -4.78264
data/frame-000058.color.jpg -0.025384 -0.259114 0.911695 -0.317848 1.1485 -5.07134 5.55258
data/frame-000214.color.jpg -0.137339 -0.310525 0.85808 -0.385242 4.26031 -2.78281 4.98686
data/frame-000146.color.jpg 0.0517496 0.0189307 0.934334 -0.352114 -1.55563 -4.37836 5.28396
data/frame-000388.color.jpg 0.471122 0.877705 -0.0589782 0.0648113 -0.364288 5.0647 -5.48948
data/frame-000271.color.jpg -0.0618272 -0.121588 0.887601 -0.439952 2.86529 -3.03258 6.03428
data/frame-000282.color.jpg -0.072377 -0.124828 0.876425 -0.459412 3.29502 -2.63409 5.98826
data/frame-000293.color.jpg -0.154943 -0.28769 0.854654 -0.403478 5.62788 -2.16304 4.37558
data/frame-000427.color.jpg 0.508514 0.825831 0.223723 -0.0967674 -4.40535 3.62955 -4.63418
data/frame-000020.color.jpg 0.119163 0.0744103 0.930192 -0.339126 -4.57744 -4.06598 4.29804
data/frame-000031.color.jpg 0.0808697 -0.0180497 0.940461 -0.329647 -3.17221 -4.66647 4.76691
data/frame-000350.color.jpg 0.390894 0.662721 -0.562153 0.303294 6.85256 2.29548 -1.88807
data/frame-000484.color.jpg 0.409934 0.79405 0.423245 -0.149341 -5.74048 3.23301 -3.06503
data/frame-000088.color.jpg 0.0483 -0.0887154 0.882186 -0.45994 -1.64889 -3.1969 6.4151
data/frame-000495.color.jpg 0.386794 0.838052 0.366251 -0.117981 -4.85219 4.14277 -3.3277
data/frame-000233.color.jpg -0.179067 -0.503836 0.796349 -0.282688 6.47912 -1.64328 2.81582
data/frame-000244.color.jpg -0.117246 -0.312357 0.875805 -0.348787 4.76519 -3.08984 4.6098
data/frame-000301.color.jpg -0.185722 -0.382657 0.839353 -0.338479 6.50155 -1.84315 3.08433
data/frame-000312.color.jpg -0.234963 -0.530388 0.764325 -0.281583 7.30085 -0.31119 1.29874
data/frame-000446.color.jpg 0.485462 0.831802 0.255753 -0.0837975 -4.27566 3.77831 -4.63859
data/frame-000050.color.jpg 0.000398451 -0.187319 0.931082 -0.313047 -0.100146 -5.32937 5.4399
data/frame-000061.color.jpg -0.027891 -0.256302 0.904815 -0.338883 1.08864 -4.74035 5.74426
data/frame-000457.color.jpg 0.465745 0.879366 0.0988316 -0.00543647 -1.61642 4.94282 -5.11737
data/frame-000195.color.jpg -0.0684133 -0.332892 0.898397 -0.278183 4.01101 -4.22464 4.40726
data/frame-000206.color.jpg -0.117609 -0.332096 0.868361 -0.349041 4.19458 -3.15426 4.77162
data/frame-000263.color.jpg -0.0644864 -0.1509 0.896217 -0.412147 3.02722 -3.28918 5.74873
data/frame-000274.color.jpg -0.0878527 -0.151649 0.878078 -0.445268 3.49828 -2.7351 5.79746
data/frame-000408.color.jpg 0.483127 0.872177 0.0764638 -0.00697572 -2.27558 4.58684 -5.16612
data/frame-000012.color.jpg 0.118857 0.0492238 0.93109 -0.341353 -4.45194 -4.29606 4.43481
data/frame-000023.color.jpg 0.120384 0.0757491 0.931346 -0.335209 -4.54696 -4.09332 4.2491
data/frame-000419.color.jpg 0.50843 0.849878 0.132022 -0.0421535 -3.07978 4.10759 -5.14488
data/frame-000157.color.jpg 0.0820703 0.0632297 0.906158 -0.410055 -2.23643 -3.60178 5.71992
data/frame-000168.color.jpg -0.00450564 -0.105657 0.900647 -0.421487 0.493454 -3.56342 6.17768
data/frame-000051.color.jpg -0.00298601 -0.19941 0.930524 -0.307168 0.102275 -5.38608 5.39632
data/frame-000476.color.jpg 0.443238 0.842876 0.289959 -0.0949927 -4.15345 4.09875 -4.14944
data/frame-000487.color.jpg 0.391508 0.800834 0.430374 -0.142002 -5.72456 3.35039 -2.91943
data/frame-000225.color.jpg -0.174297 -0.383429 0.830667 -0.364135 5.4526 -2.30041 4.2374
data/frame-000236.color.jpg -0.148923 -0.469091 0.819915 -0.29243 6.14 -2.01397 3.26773
data/frame-000370.color.jpg 0.470724 0.796334 -0.325479 0.195792 4.03097 4.02959 -4.72191
data/frame-000381.color.jpg 0.470012 0.844219 -0.218502 0.136528 2.29593 4.80428 -5.33897
data/frame-000119.color.jpg -0.0890855 -0.438187 0.844875 -0.29367 4.42376 -3.72547 4.70958
data/frame-000438.color.jpg 0.476154 0.835276 0.255953 -0.100393 -4.49811 3.80055 -4.27818
data/frame-000042.color.jpg 0.0362994 -0.0712052 0.939036 -0.334401 -2.05679 -4.87817 5.29992
data/frame-000449.color.jpg 0.4915 0.857436 0.148773 -0.0331359 -2.60578 4.42379 -5.29187
data/frame-000176.color.jpg -0.071721 -0.23513 0.888654 -0.387123 2.67294 -3.54033 5.69282
data/frame-000187.color.jpg -0.0813999 -0.335345 0.891263 -0.294223 4.07005 -4.02669 4.53753
data/frame-000198.color.jpg -0.0834157 -0.324952 0.8902 -0.308207 3.97394 -3.89536 4.66446
data/frame-000081.color.jpg 0.0746222 -0.0512512 0.897615 -0.431383 -2.29725 -3.56158 5.97522
data/frame-000255.color.jpg -0.120782 -0.276292 0.873204 -0.382871 4.56976 -2.84896 4.87596
data/frame-000389.color.jpg 0.471698 0.87886 -0.0423966 0.0575237 -0.632645 5.03783 -5.47363
data/frame-000004.color.jpg 0.107492 0.0359003 0.937471 -0.329095 -4.2416 -4.5163 4.47441
data/frame-000400.color.jpg 0.417959 0.907685 0.0372278 0.0057375 -1.79927 5.41924 -4.57829
data/frame-000138.color.jpg -0.0392246 -0.21766 0.920084 -0.323312 1.84249 -4.58874 5.24613
data/frame-000149.color.jpg 0.0648077 0.0584107 0.922032 -0.377154 -2.07895 -3.98303 5.42497
data/frame-000160.color.jpg 0.0628759 0.026044 0.899763 -0.43104 -1.67211 -3.41165 6.03509
data/frame-000043.color.jpg 0.0289436 -0.0928567 0.936663 -0.336455 -1.71334 -4.93704 5.41684
data/frame-000285.color.jpg -0.0884127 -0.167081 0.870823 -0.453801 3.9271 -2.48082 5.73183
data/frame-000468.color.jpg 0.453556 0.863746 0.208399 -0.0692786 -3.14036 4.55592 -4.58584
data/frame-000217.color.jpg -0.137207 -0.301786 0.857235 -0.394015 4.2704 -2.74282 5.10365
data/frame-000100.color.jpg -0.0589406 -0.292506 0.850951 -0.43226 1.95185 -3.11067 6.51023
data/frame-000111.color.jpg -0.0721219 -0.401212 0.858005 -0.312497 3.73608 -4.02745 5.16622
data/frame-000342.color.jpg -0.338763 -0.555433 0.651458 -0.390304 7.35236 1.1671 0.385392
data/frame-000430.color.jpg 0.503322 0.824154 0.236527 -0.107201 -4.51703 3.61643 -4.48346
data/frame-000179.color.jpg -0.0813097 -0.279106 0.88648 -0.360057 3.30593 -3.63585 5.3333
data/frame-000304.color.jpg -0.180288 -0.421483 0.829896 -0.317995 6.67076 -1.56024 2.76375
data/frame-000315.color.jpg -0.252572 -0.57335 0.732085 -0.267448 7.40648 0.277544 0.714079
data/frame-000053.color.jpg -0.0121138 -0.223047 0.927548 -0.299597 0.523966 -5.4234 5.34956
data/frame-000130.color.jpg -0.074031 -0.310882 0.892904 -0.317165 3.16383 -4.27427 5.12703
data/frame-000372.color.jpg 0.46953 0.807257 -0.309321 0.179438 3.77332 4.19863 -4.8591
data/frame-000383.color.jpg 0.465982 0.861519 -0.161606 0.120536 1.38041 5.03833 -5.42489
data/frame-000266.color.jpg -0.0529411 -0.124671 0.893312 -0.428542 2.73043 -3.18579 5.98842
data/frame-000277.color.jpg -0.0899895 -0.164991 0.870526 -0.454824 3.70169 -2.47909 5.74918
data/frame-000411.color.jpg 0.507963 0.856643 0.0867907 -0.0245566 -2.46045 4.27478 -5.3228
data/frame-000015.color.jpg 0.120839 0.0624234 0.930589 -0.339861 -4.56048 -4.18512 4.34326
data/frame-000026.color.jpg 0.118528 0.0810608 0.932678 -0.330895 -4.51034 -4.08402 4.20207
data/frame-000334.color.jpg -0.367764 -0.544111 0.636468 -0.404477 7.40121 1.08269 0.210695
data/frame-000345.color.jpg -0.350973 -0.583765 0.638594 -0.358098 7.33983 1.36079 -0.263792
data/frame-000479.color.jpg 0.445602 0.830831 0.313021 -0.114784 -4.47873 3.92824 -4.03483
data/frame-000083.color.jpg 0.0844641 -0.0463948 0.888307 -0.449025 -2.42928 -3.34354 6.05522
data/frame-000490.color.jpg 0.385936 0.819934 0.399698 -0.137852 -5.34194 3.78834 -3.05437
data/frame-000228.color.jpg -0.197038 -0.444077 0.806795 -0.336235 6.11305 -1.88273 3.50002
data/frame-000239.color.jpg -0.138361 -0.380541 0.858163 -0.315595 5.4397 -2.80199 3.91408
data/frame-000373.color.jpg 0.476139 0.809919 -0.298125 0.168658 3.60701 4.21742 -5.02728
data/frame-000122.color.jpg -0.0992001 -0.450121 0.840109 -0.285952 4.68199 -3.57218 4.48277
data/frame-000296.color.jpg -0.173243 -0.320273 0.847021 -0.387257 6.01718 -2.02105 3.92316
data/frame-000307.color.jpg -0.195917 -0.455986 0.810745 -0.31046 6.89476 -1.16595 2.36351
data/frame-000441.color.jpg 0.48292 0.823768 0.276104 -0.109369 -4.71012 3.59696 -4.28702
data/frame-000034.color.jpg 0.0657238 -0.0475594 0.942329 -0.324707 -2.70077 -4.84515 4.89486
data/frame-000045.color.jpg 0.0287746 -0.106544 0.938364 -0.327556 -1.4702 -5.06452 5.34549
data/frame-000056.color.jpg -0.02385 -0.248298 0.919195 -0.30473 0.983808 -5.28642 5.41935
data/frame-000190.color.jpg -0.0724414 -0.338716 0.894984 -0.281117 4.0808 -4.15627 4.42608
data/frame-000452.color.jpg 0.488014 0.866026 0.108146 -0.0120881 -1.88165 4.64959 -5.37314
data/frame-000335.color.jpg -0.368909 -0.540053 0.636208 -0.409253 7.39795 1.07088 0.248144
data/frame-000113.color.jpg -0.0681727 -0.407454 0.859885 -0.299887 3.82662 -4.13256 5.02379
data/frame-000247.color.jpg -0.133029 -0.301435 0.873183 -0.359154 4.81612 -3.03779 4.63607
data/frame-000258.color.jpg -0.0983899 -0.259125 0.879275 -0.387363 4.27516 -2.91554 5.08008
data/frame-000269.color.jpg -0.0500038 -0.117709 0.889966 -0.437726 2.68959 -3.09182 6.08321
data/frame-000392.color.jpg 0.462831 0.885687 -0.00476696 0.0363731 -1.26285 5.06821 -5.27972
data/frame-000007.color.jpg 0.107468 0.0354144 0.937627 -0.328714 -4.23698 -4.52398 4.4703
data/frame-000018.color.jpg 0.119085 0.0730177 0.929287 -0.341925 -4.60984 -4.05586 4.32938
data/frame-000403.color.jpg 0.443247 0.894831 0.0530045 0.000589125 -1.98639 5.11139 -4.8183
data/frame-000141.color.jpg -0.00612756 -0.155538 0.929242 -0.335081 0.860544 -4.6127 5.34385
data/frame-000152.color.jpg 0.0929385 0.0990064 0.909786 -0.392238 -2.72376 -3.67619 5.39488
data/frame-000326.color.jpg -0.321354 -0.555756 0.670273 -0.372293 7.39667 0.947287 0.597291
data/frame-000460.color.jpg 0.453506 0.88302 0.115414 -0.0358724 -1.87214 5.01544 -4.88323
data/frame-000075.color.jpg 0.0439951 -0.115002 0.900627 -0.416785 -1.30658 -3.85638 6.09241
data/frame-000471.color.jpg 0.443398 0.850836 0.267316 -0.0895502 -3.90913 4.26675 -4.23069
data/frame-000209.color.jpg -0.122746 -0.335855 0.856931 -0.37122 4.25179 -2.8076 4.85649
data/frame-000220.color.jpg -0.138093 -0.299178 0.856699 -0.396849 4.32919 -2.72627 5.12732
data/frame-000354.color.jpg 0.404637 0.713913 -0.50021 0.276382 6.21902 3.04615 -2.6926
data/frame-000365.color.jpg 0.466507 0.778999 -0.357524 0.218423 4.51027 3.80042 -4.44134
data/frame-000103.color.jpg -0.0704984 -0.32155 0.845606 -0.42022 2.44162 -3.11121 6.36589
data/frame-000114.color.jpg -0.0657911 -0.410386 0.861243 -0.292429 3.87253 -4.19128 4.93647
data/frame-000288.color.jpg -0.11324 -0.211554 0.866936 -0.436856 4.58529 -2.40555 5.28693
data/frame-000433.color.jpg 0.497448 0.828535 0.233114 -0.108323 -4.39559 3.72817 -4.4665
