frame-000000.color.jpg 0.099385 0.022702 0.940040 -0.325472 -4.049905 -4.618108 4.562763 2.299045 0.052989
frame-000001.color.jpg 0.096160 0.021727 0.940238 -0.325935 -4.035100 -4.615196 4.583266 2.876383 0.066331
frame-000002.color.jpg 0.106897 0.032591 0.940048 -0.322212 -4.193730 -4.589646 4.430647 1.739098 0.037740
frame-000003.color.jpg 0.107583 0.033828 0.939276 -0.324103 -4.211829 -4.567184 4.436548 1.621516 0.035723
frame-000004.color.jpg 0.104722 0.035994 0.940435 -0.321435 -4.228704 -4.567516 4.426261 1.917687 0.044997
frame-000005.color.jpg 0.103130 0.034232 0.940039 -0.323295 -4.205756 -4.562745 4.458545 2.075571 0.047276
frame-000006.color.jpg 0.101979 0.033220 0.939555 -0.325165 -4.194057 -4.553535 4.491210 2.281286 0.052064
frame-000007.color.jpg 0.106657 0.035610 0.940007 -0.322091 -4.229916 -4.569457 4.422343 1.706585 0.037577
frame-000008.color.jpg 0.102780 0.034721 0.940476 -0.322081 -4.210941 -4.570573 4.451359 2.201284 0.050223
frame-000009.color.jpg 0.103433 0.039675 0.939284 -0.324766 -4.278005 -4.499922 4.449442 2.736254 0.059059
frame-000010.color.jpg 0.109740 0.044827 0.935642 -0.332449 -4.366053 -4.399550 4.446799 2.473558 0.052893
frame-000011.color.jpg 0.108070 0.045712 0.936109 -0.331557 -4.373751 -4.382451 4.446274 2.893656 0.064343
frame-000012.color.jpg 0.113945 0.049219 0.934702 -0.333056 -4.429338 -4.350695 4.404181 2.174771 0.048256
frame-000013.color.jpg 0.118420 0.053030 0.932107 -0.338144 -4.478278 -4.283644 4.392299 1.564267 0.034042
frame-000014.color.jpg 0.114812 0.058595 0.934528 -0.331726 -4.506230 -4.268599 4.334865 2.543707 0.057050
frame-000015.color.jpg 0.117379 0.064050 0.933898 -0.331595 -4.560601 -4.226838 4.284217 2.246152 0.052526
frame-000016.color.jpg 0.116492 0.065156 0.932725 -0.334975 -4.562755 -4.184607 4.318207 2.425829 0.054294
frame-000017.color.jpg 0.119651 0.070211 0.931880 -0.335193 -4.603306 -4.138398 4.281367 2.135795 0.045812
frame-000018.color.jpg 0.117716 0.074863 0.931581 -0.335702 -4.621649 -4.084040 4.271623 2.224032 0.050363
frame-000019.color.jpg 0.116652 0.073049 0.931799 -0.335868 -4.578390 -4.096340 4.297135 2.253614 0.050290
frame-000020.color.jpg 0.121678 0.078127 0.932008 -0.332343 -4.616234 -4.092669 4.194233 1.865584 0.043036
frame-000021.color.jpg 0.118376 0.076351 0.932622 -0.332226 -4.571222 -4.100095 4.234427 0.557505 0.010914
frame-000022.color.jpg 0.118940 0.077310 0.932331 -0.332619 -4.575363 -4.092131 4.229789 0.525147 0.009418
frame-000023.color.jpg 0.122667 0.078323 0.933327 -0.328206 -4.574785 -4.129565 4.150468 0.889778 0.015911
frame-000024.color.jpg 0.122200 0.078046 0.932900 -0.329656 -4.555360 -4.120794 4.166068 0.577873 0.008224
frame-000025.color.jpg 0.124013 0.084021 0.933500 -0.325790 -4.569328 -4.107113 4.098763 1.056953 0.021110
frame-000026.color.jpg 0.121783 0.082352 0.933206 -0.327891 -4.531492 -4.103593 4.137330 0.581345 0.011177
frame-000027.color.jpg 0.104456 0.072808 0.937627 -0.323487 -4.345895 -4.174514 4.262843 0.749365 0.014616
frame-000028.color.jpg 0.099389 0.061978 0.938529 -0.324721 -4.189184 -4.229279 4.348470 0.750808 0.012401
frame-000029.color.jpg 0.085403 0.014230 0.941237 -0.326461 -3.572555 -4.511026 4.605421 0.268829 0.005374
frame-000030.color.jpg 0.079709 -0.007798 0.942614 -0.324138 -3.289677 -4.648254 4.694171 0.508038 0.008756
frame-000031.color.jpg 0.085608 -0.017997 0.941949 -0.324158 -3.186153 -4.721396 4.677642 0.445062 0.011358
frame-000032.color.jpg 0.078736 -0.031478 0.942570 -0.323066 -2.979258 -4.799614 4.752049 0.474186 0.011104
frame-000033.color.jpg 0.073913 -0.037925 0.943322 -0.321313 -2.866615 -4.839632 4.781736 0.312516 0.006249
frame-000034.color.jpg 0.068594 -0.046994 0.944321 -0.318348 -2.712426 -4.899333 4.805526 0.254386 0.007628
frame-000035.color.jpg 0.065807 -0.055051 0.943832 -0.319094 -2.582850 -4.926514 4.861353 0.229966 0.004206
frame-000036.color.jpg 0.067643 -0.058486 0.942605 -0.321712 -2.528532 -4.933684 4.898760 0.310811 0.006159
frame-000037.color.jpg 0.066294 -0.057412 0.942400 -0.322786 -2.520234 -4.931158 4.923121 0.263727 0.008576
frame-000038.color.jpg 0.068254 -0.049160 0.942984 -0.322034 -2.595859 -4.906703 4.899573 0.739499 0.015133
frame-000039.color.jpg 0.068961 -0.048594 0.942465 -0.323486 -2.601264 -4.898524 4.908093 0.806775 0.014283
frame-000040.color.jpg 0.064677 -0.052854 0.941969 -0.325143 -2.477904 -4.915941 4.982158 0.458797 0.009061
frame-000041.color.jpg 0.054408 -0.057947 0.941929 -0.326270 -2.330613 -4.919559 5.066866 0.271830 0.007050
frame-000042.color.jpg 0.043915 -0.068604 0.943074 -0.322455 -2.115697 -4.982744 5.121382 0.997640 0.021510
frame-000043.color.jpg 0.037333 -0.080304 0.942215 -0.323093 -1.903166 -5.023871 5.191363 0.793432 0.020116
frame-000044.color.jpg 0.034922 -0.088407 0.941333 -0.323815 -1.761039 -5.045831 5.233274 0.563991 0.015483
frame-000045.color.jpg 0.029235 -0.103339 0.939249 -0.326003 -1.514525 -5.069952 5.323319 0.507845 0.014980
frame-000046.color.jpg 0.026978 -0.107658 0.939429 -0.324277 -1.440260 -5.092687 5.321251 0.753712 0.019776
frame-000047.color.jpg 0.021634 -0.129106 0.936470 -0.325405 -1.075761 -5.142112 5.406990 0.550316 0.010085
frame-000048.color.jpg 0.017191 -0.148123 0.933781 -0.325296 -0.767871 -5.184916 5.458347 0.610507 0.011032
frame-000049.color.jpg 0.011976 -0.167408 0.932505 -0.319791 -0.447907 -5.263362 5.456044 0.789582 0.017613
frame-000050.color.jpg 0.005390 -0.182947 0.930574 -0.317070 -0.181314 -5.301070 5.465045 0.611209 0.012836
frame-000051.color.jpg 0.001218 -0.196035 0.930571 -0.309202 0.038953 -5.374174 5.402141 0.750346 0.016523
frame-000052.color.jpg 0.004058 0.209593 -0.929636 0.303036 0.284197 -5.425149 5.357595 0.827548 0.018916
frame-000053.color.jpg 0.008982 0.216858 -0.926383 0.307745 0.422578 -5.367910 5.421800 0.445332 0.008129
frame-000054.color.jpg 0.011725 0.227024 -0.924425 0.306204 0.606852 -5.358630 5.412018 0.768739 0.014244
frame-000055.color.jpg 0.014689 0.234733 -0.921808 0.308147 0.743911 -5.314083 5.439968 0.723921 0.013265
frame-000056.color.jpg 0.020188 0.243165 -0.919488 0.308229 0.897400 -5.271620 5.441820 0.454576 0.009199
frame-000057.color.jpg 0.019958 0.250754 -0.916986 0.309614 1.016205 -5.211542 5.459777 1.051059 0.022034
frame-000058.color.jpg 0.019468 0.256318 -0.912820 0.317302 1.086467 -5.094141 5.535732 0.776418 0.016250
frame-000059.color.jpg 0.028174 0.258519 -0.909934 0.323101 1.158300 -4.988786 5.588443 0.409376 0.011614
frame-000060.color.jpg 0.027465 0.254575 -0.905972 0.337124 1.089236 -4.807342 5.727128 0.344942 0.007352
frame-000061.color.jpg 0.022648 0.254215 -0.900574 0.351893 1.021638 -4.627906 5.857839 0.365702 0.008964
frame-000062.color.jpg 0.014740 0.250957 -0.897234 0.363007 0.897784 -4.494137 5.939996 0.527566 0.015547
frame-000063.color.jpg 0.011473 0.245905 -0.897651 0.365543 0.799490 -4.455726 5.950151 0.236095 0.009674
frame-000064.color.jpg 0.009653 0.243604 -0.895271 0.372900 0.734085 -4.353929 5.996865 0.617448 0.018517
frame-000065.color.jpg 0.006803 0.240061 -0.895038 0.375807 0.670093 -4.329016 6.017185 0.406948 0.013496
frame-000066.color.jpg 0.006516 0.238526 -0.892317 0.383187 0.623173 -4.230399 6.064616 1.017287 0.026786
frame-000067.color.jpg 0.001389 -0.230873 0.896017 -0.379275 0.466829 -4.283494 6.006104 0.967173 0.025116
frame-000068.color.jpg 0.003973 -0.226616 0.896796 -0.379981 0.390050 -4.279585 5.998282 1.040047 0.027745
frame-000069.color.jpg 0.014089 -0.212615 0.897168 -0.386892 0.133792 -4.225630 6.031749 0.759577 0.021392
frame-000070.color.jpg 0.026937 -0.191820 0.900892 -0.388424 -0.207718 -4.237387 6.000056 0.256503 0.009634
frame-000071.color.jpg 0.028460 -0.178234 0.901456 -0.393446 -0.397726 -4.182202 6.023474 0.450759 0.014964
frame-000072.color.jpg 0.034667 -0.160244 0.900428 -0.402926 -0.668808 -4.074008 6.070757 0.695490 0.015966
frame-000073.color.jpg 0.036648 -0.150353 0.902443 -0.402055 -0.807297 -4.072026 6.044949 0.736851 0.018848
frame-000074.color.jpg 0.039912 -0.131385 0.901538 -0.410335 -1.070928 -3.958673 6.079819 0.889676 0.021392
frame-000075.color.jpg 0.043399 -0.114159 0.903090 -0.411718 -1.307774 -3.909390 6.056678 1.059485 0.023867
frame-000076.color.jpg 0.057582 -0.098977 0.900056 -0.420461 -1.580414 -3.808563 6.060110 0.582820 0.010597
frame-000077.color.jpg 0.057627 -0.092405 0.899653 -0.422806 -1.677052 -3.764632 6.064579 0.764833 0.014927
frame-000078.color.jpg 0.073407 -0.074956 0.901546 -0.419772 -1.973002 -3.775196 5.953622 1.044353 0.022855
frame-000079.color.jpg 0.070832 -0.072358 0.897188 -0.429885 -2.005512 -3.653289 6.029868 0.747577 0.013651
frame-000080.color.jpg 0.079119 -0.059906 0.898138 -0.428369 -2.202688 -3.643684 5.965779 0.788070 0.019835
frame-000081.color.jpg 0.074494 -0.051012 0.896543 -0.433657 -2.300630 -3.535358 5.987437 0.781313 0.016826
frame-000082.color.jpg 0.080536 -0.045505 0.896353 -0.433583 -2.398534 -3.514690 5.957332 0.857467 0.018978
frame-000083.color.jpg 0.080198 -0.043566 0.891660 -0.443411 -2.427242 -3.387234 6.036809 0.306485 0.009219
frame-000084.color.jpg 0.097014 -0.043181 0.887866 -0.447681 -2.519323 -3.363317 6.006830 1.760320 0.039222
frame-000085.color.jpg 0.075376 -0.054229 0.885220 -0.455811 -2.278804 -3.250420 6.179822 0.866931 0.017591
frame-000086.color.jpg 0.078678 -0.055488 0.885412 -0.454726 -2.255763 -3.262825 6.178744 0.658698 0.013907
frame-000087.color.jpg 0.077809 -0.062636 0.884508 -0.455706 -2.157006 -3.263205 6.212099 0.974559 0.018656
frame-000088.color.jpg 0.066610 -0.082955 0.884064 -0.455096 -1.806349 -3.279662 6.313757 1.400075 0.028871
frame-000089.color.jpg 0.042843 -0.107490 0.882094 -0.456641 -1.300613 -3.233168 6.463392 1.509851 0.033784
frame-000090.color.jpg 0.022979 -0.133661 0.873716 -0.467147 -0.829471 -3.089930 6.653048 0.334471 0.012926
frame-000091.color.jpg 0.014921 -0.153257 0.875674 -0.457695 -0.499517 -3.197364 6.629452 0.433086 0.010468
frame-000092.color.jpg 0.005535 -0.168009 0.873668 -0.456560 -0.227630 -3.194159 6.653465 0.178861 0.005865
frame-000093.color.jpg 0.001109 -0.179490 0.872762 -0.453948 -0.036144 -3.214404 6.656398 0.215517 0.008175
frame-000094.color.jpg 0.012248 0.199527 -0.870531 0.449683 0.334511 -3.217836 6.654038 0.325960 0.007545
frame-000095.color.jpg 0.019071 0.211134 -0.867610 0.449791 0.536814 -3.187432 6.663085 0.329982 0.006612
frame-000096.color.jpg 0.024812 0.230213 -0.863837 0.447407 0.844917 -3.166592 6.666169 0.218456 0.010813
frame-000097.color.jpg 0.035462 0.244771 -0.861517 0.443416 1.121025 -3.162898 6.625719 0.118861 0.004418
frame-000098.color.jpg 0.039320 0.252023 -0.858858 0.444186 1.252234 -3.126976 6.638167 0.304639 0.010282
frame-000099.color.jpg 0.056396 0.283099 -0.852592 0.435615 1.803885 -3.108450 6.539088 0.427277 0.013478
frame-000100.color.jpg 0.060696 0.293454 -0.850091 0.433067 1.972948 -3.095255 6.504002 0.603099 0.017073
frame-000101.color.jpg 0.064119 0.306237 -0.849593 0.424617 2.181266 -3.138198 6.424000 0.231428 0.004016
frame-000102.color.jpg 0.067986 0.314547 -0.846538 0.424041 2.321870 -3.102593 6.403907 0.429414 0.011560
frame-000103.color.jpg 0.073387 0.322479 -0.845648 0.418928 2.472239 -3.116108 6.343097 0.446967 0.008524
frame-000104.color.jpg 0.081241 0.338013 -0.842030 0.412472 2.745629 -3.108610 6.245271 0.580178 0.012760
frame-000105.color.jpg 0.083644 0.346326 -0.842746 0.403534 2.894072 -3.171759 6.153558 0.325987 0.005572
frame-000106.color.jpg 0.094576 0.371232 -0.846413 0.369900 3.366988 -3.461862 5.765941 0.495953 0.010548
frame-000107.color.jpg 0.095335 0.377763 -0.849268 0.356302 3.486978 -3.599683 5.617390 0.513128 0.010991
frame-000108.color.jpg 0.091224 0.385531 -0.850201 0.346701 3.573130 -3.681593 5.510853 0.724005 0.017732
frame-000109.color.jpg 0.085059 0.393463 -0.851437 0.336166 3.659780 -3.768744 5.402520 0.572817 0.013011
frame-000110.color.jpg 0.085595 0.397204 -0.851878 0.330465 3.722989 -3.808548 5.334551 0.707388 0.017297
frame-000111.color.jpg 0.072012 0.401048 -0.857523 0.314054 3.732358 -4.015015 5.181776 0.605381 0.014423
frame-000112.color.jpg 0.071688 0.402892 -0.858791 0.308249 3.770802 -4.065632 5.117343 0.743683 0.018875
frame-000113.color.jpg 0.068165 0.406851 -0.860123 0.300023 3.820358 -4.137130 5.027392 0.879533 0.021040
frame-000114.color.jpg 0.063685 0.410041 -0.860852 0.294525 3.857421 -4.180533 4.969505 0.723377 0.017181
frame-000115.color.jpg 0.063878 0.409961 -0.861345 0.293150 3.865570 -4.194187 4.950442 0.816818 0.019400
frame-000116.color.jpg 0.068290 0.414595 -0.861512 0.285034 3.979757 -4.221621 4.829249 0.847451 0.019627
frame-000117.color.jpg 0.073117 0.419964 -0.860074 0.280280 4.094741 -4.197735 4.742463 0.777619 0.018100
frame-000118.color.jpg 0.083070 0.440571 -0.847262 0.284856 4.422984 -3.837390 4.664268 0.694108 0.014735
frame-000119.color.jpg 0.088013 0.438078 -0.846180 0.290381 4.420364 -3.753543 4.679992 0.567336 0.010732
frame-000120.color.jpg 0.094062 0.436645 -0.845835 0.291646 4.460248 -3.710229 4.641007 0.470564 0.009178
frame-000121.color.jpg 0.101573 0.441514 -0.844561 0.285420 4.582274 -3.678874 4.512783 0.580793 0.009217
frame-000122.color.jpg 0.098353 0.448839 -0.840797 0.286236 4.665680 -3.582294 4.491736 0.416055 0.004462
frame-000123.color.jpg 0.098437 0.457840 -0.835215 0.288284 4.779201 -3.441231 4.469849 0.340283 0.005038
frame-000124.color.jpg 0.091576 0.454828 -0.836947 0.290286 4.733447 -3.434044 4.505151 0.376054 0.007624
frame-000125.color.jpg 0.092192 0.433964 -0.847075 0.292642 4.543043 -3.593772 4.570764 0.330268 0.005518
frame-000126.color.jpg 0.087521 0.408835 -0.857671 0.299323 4.262967 -3.750198 4.708994 0.301781 0.009402
frame-000127.color.jpg 0.085264 0.371956 -0.872399 0.305449 3.871876 -3.983242 4.864161 0.283835 0.008693
frame-000128.color.jpg 0.082174 0.350800 -0.880816 0.307164 3.637300 -4.120137 4.933666 0.219278 0.007688
frame-000129.color.jpg 0.078099 0.326046 -0.888047 0.314591 3.343010 -4.211913 5.069737 0.314146 0.008560
frame-000130.color.jpg 0.078006 0.311637 -0.891733 0.318763 3.186535 -4.252917 5.135300 0.340827 0.008967
frame-000131.color.jpg 0.078485 0.303351 -0.892860 0.323449 3.106063 -4.244699 5.194128 0.452455 0.009937
frame-000132.color.jpg 0.079271 0.299426 -0.894082 0.323539 3.069134 -4.262807 5.199639 0.403328 0.008235
frame-000133.color.jpg 0.072823 0.283309 -0.899281 0.325157 2.838179 -4.332363 5.232040 0.596512 0.013240
frame-000134.color.jpg 0.070321 0.281062 -0.900133 0.325301 2.796368 -4.343423 5.237506 0.557056 0.013141
frame-000135.color.jpg 0.060018 0.268775 -0.904398 0.325916 2.581386 -4.397448 5.264455 0.442300 0.011184
frame-000136.color.jpg 0.058096 0.252834 -0.908100 0.328715 2.371915 -4.423105 5.294126 0.587673 0.013735
frame-000137.color.jpg 0.050751 0.236772 -0.914917 0.322941 2.140569 -4.530901 5.237673 0.572832 0.012057
frame-000138.color.jpg 0.040685 0.219139 -0.919033 0.325116 1.863347 -4.565783 5.262346 0.499070 0.010860
frame-000139.color.jpg 0.037769 0.198455 -0.921567 0.331517 1.583166 -4.540953 5.318191 0.856791 0.018962
frame-000140.color.jpg 0.021776 0.181026 -0.922953 0.338987 1.270041 -4.524213 5.395926 0.620239 0.014365
frame-000141.color.jpg 0.006832 0.156442 -0.927871 0.338431 0.868850 -4.581840 5.377489 0.770945 0.018819
frame-000142.color.jpg 0.013982 -0.128590 0.930875 -0.341673 0.400296 -4.603720 5.389952 0.524000 0.013067
frame-000143.color.jpg 0.038627 -0.079888 0.937621 -0.336144 -0.327515 -4.696116 5.275022 0.242105 0.005424
frame-000144.color.jpg 0.041067 -0.045125 0.940628 -0.333912 -0.746297 -4.689016 5.213553 0.354678 0.005830
frame-000145.color.jpg 0.057798 0.014308 0.935917 -0.347150 -1.528754 -4.451271 5.233931 0.542409 0.008056
frame-000146.color.jpg 0.057849 0.022541 0.933855 -0.352223 -1.626661 -4.373532 5.273319 0.466101 0.009560
frame-000147.color.jpg 0.062401 0.037030 0.930148 -0.359945 -1.818449 -4.244945 5.311191 0.441801 0.008895
frame-000148.color.jpg 0.065775 0.050841 0.925704 -0.369001 -1.991514 -4.098251 5.366801 0.469530 0.008127
frame-000149.color.jpg 0.069432 0.062359 0.922371 -0.374863 -2.145230 -3.994144 5.394658 0.519439 0.012427
frame-000150.color.jpg 0.075799 0.074664 0.918885 -0.379909 -2.317942 -3.895823 5.396211 0.572197 0.010214
frame-000151.color.jpg 0.081677 0.088594 0.914904 -0.385266 -2.516897 -3.784426 5.398825 0.674283 0.015153
frame-000152.color.jpg 0.094393 0.101706 0.910344 -0.389897 -2.759937 -3.688338 5.372583 0.677730 0.018379
frame-000153.color.jpg 0.100761 0.106546 0.908647 -0.390967 -2.853418 -3.665075 5.351231 0.463519 0.010384
frame-000154.color.jpg 0.096371 0.104246 0.909203 -0.391402 -2.810167 -3.667003 5.381802 0.751781 0.020451
frame-000155.color.jpg 0.102259 0.099968 0.907860 -0.394131 -2.794322 -3.660645 5.395015 0.318289 0.010278
frame-000156.color.jpg 0.092479 0.082517 0.906387 -0.403857 -2.538135 -3.621529 5.572455 0.769828 0.018535
frame-000157.color.jpg 0.081150 0.064329 0.905174 -0.412234 -2.246357 -3.574371 5.738189 0.523724 0.014648
frame-000158.color.jpg 0.078570 0.048413 0.901133 -0.423607 -2.036104 -3.474917 5.873395 0.430550 0.009307
frame-000159.color.jpg 0.075791 0.039157 0.899438 -0.428642 -1.905656 -3.427968 5.947988 0.601239 0.008364
frame-000160.color.jpg 0.068329 0.027818 0.899057 -0.431571 -1.724463 -3.405597 6.018589 0.278967 0.004987
frame-000161.color.jpg 0.064586 0.021498 0.897220 -0.436307 -1.622057 -3.349930 6.080762 0.224240 0.004496
frame-000162.color.jpg 0.060650 0.004958 0.895919 -0.440029 -1.395409 -3.330675 6.148985 0.264509 0.004074
frame-000163.color.jpg 0.053522 -0.008653 0.896709 -0.439288 -1.176681 -3.356344 6.184540 0.154611 0.001430
frame-000164.color.jpg 0.041326 -0.025469 0.897589 -0.438152 -0.877111 -3.388472 6.221044 0.358710 0.008806
frame-000165.color.jpg 0.033624 -0.041376 0.901188 -0.430136 -0.610509 -3.489739 6.193899 0.401127 0.010815
frame-000166.color.jpg 0.019105 -0.063344 0.902368 -0.425857 -0.227560 -3.543068 6.194821 0.581111 0.014577
frame-000167.color.jpg 0.008804 -0.081775 0.903672 -0.420252 0.087799 -3.598540 6.166999 0.794508 0.020110
frame-000168.color.jpg 0.004624 0.104432 -0.902213 0.418431 0.481497 -3.598646 6.159891 0.479264 0.013929
frame-000169.color.jpg 0.012276 0.121488 -0.902432 0.413166 0.765201 -3.629135 6.113828 0.596233 0.014979
frame-000170.color.jpg 0.019236 0.137384 -0.901268 0.410453 1.027522 -3.625134 6.083646 0.545508 0.013479
frame-000171.color.jpg 0.027711 0.156670 -0.899253 0.407468 1.340815 -3.601502 6.043592 0.710266 0.017116
frame-000172.color.jpg 0.037537 0.174351 -0.896051 0.406554 1.640309 -3.552471 6.010888 0.535817 0.013291
frame-000173.color.jpg 0.048028 0.190020 -0.893142 0.404825 1.910367 -3.516591 5.957777 0.364860 0.009468
frame-000174.color.jpg 0.061320 0.212379 -0.890045 0.398692 2.296799 -3.502564 5.853141 0.302324 0.007131
frame-000175.color.jpg 0.067442 0.224658 -0.889971 0.391065 2.500914 -3.536027 5.756550 0.459257 0.012061
frame-000176.color.jpg 0.073644 0.237089 -0.887976 0.387123 2.703182 -3.529958 5.680909 0.371292 0.008248
frame-000177.color.jpg 0.078819 0.262700 -0.886562 0.372537 3.073139 -3.576282 5.491689 0.185753 0.006040
frame-000178.color.jpg 0.081734 0.268857 -0.885231 0.370676 3.168001 -3.571518 5.450521 0.298352 0.005254
frame-000179.color.jpg 0.083970 0.280399 -0.884929 0.362252 3.330779 -3.608377 5.344232 0.391119 0.007569
frame-000180.color.jpg 0.084136 0.291025 -0.886011 0.351013 3.476400 -3.672307 5.214283 0.238673 0.005844
frame-000181.color.jpg 0.085838 0.301518 -0.884715 0.344961 3.622527 -3.682911 5.124101 0.189781 0.003858
frame-000182.color.jpg 0.091002 0.313005 -0.884737 0.333146 3.804498 -3.730125 4.962233 0.346297 0.007880
frame-000183.color.jpg 0.092858 0.320597 -0.883360 0.329043 3.911281 -3.727278 4.889289 0.398460 0.007843
frame-000184.color.jpg 0.089117 0.331320 -0.887164 0.308585 4.051288 -3.879884 4.672670 0.385137 0.008474
frame-000185.color.jpg 0.089221 0.332051 -0.887609 0.306483 4.061764 -3.898190 4.648567 0.454635 0.009695
frame-000186.color.jpg 0.086595 0.334219 -0.889771 0.298508 4.080667 -3.975024 4.570777 0.562053 0.010908
frame-000187.color.jpg 0.081446 0.337266 -0.891290 0.291924 4.092009 -4.029948 4.513430 0.617010 0.013399
frame-000188.color.jpg 0.076224 0.338291 -0.892495 0.288446 4.082265 -4.071562 4.493919 0.466070 0.010194
frame-000189.color.jpg 0.074212 0.338428 -0.894086 0.283847 4.080272 -4.120276 4.452120 0.502909 0.010802
frame-000190.color.jpg 0.072526 0.340555 -0.895099 0.278497 4.102506 -4.162108 4.395859 0.629681 0.012638
frame-000191.color.jpg 0.068947 0.341901 -0.896386 0.273574 4.107171 -4.207464 4.354242 0.551022 0.012238
frame-000192.color.jpg 0.066882 0.342123 -0.897604 0.269787 4.102930 -4.252229 4.316181 0.571062 0.013229
frame-000193.color.jpg 0.065638 0.342056 -0.897746 0.269705 4.097439 -4.252998 4.318047 0.542079 0.012840
frame-000194.color.jpg 0.065008 0.338775 -0.897997 0.273143 4.060928 -4.240288 4.357787 0.347732 0.008356
frame-000195.color.jpg 0.068425 0.334171 -0.898399 0.276635 4.026464 -4.225886 4.390585 0.492334 0.011517
frame-000196.color.jpg 0.073653 0.328437 -0.896824 0.287072 3.982207 -4.153208 4.488076 0.348476 0.010544
frame-000197.color.jpg 0.082294 0.327269 -0.892264 0.299980 3.998496 -3.985948 4.580628 0.409594 0.011446
frame-000198.color.jpg 0.084942 0.327187 -0.889160 0.308429 4.003335 -3.872535 4.652918 0.341704 0.007659
frame-000199.color.jpg 0.091335 0.325508 -0.886328 0.316426 4.011865 -3.785866 4.705366 0.350293 0.006835
frame-000200.color.jpg 0.096465 0.325954 -0.884108 0.320627 4.041937 -3.703407 4.715312 0.251386 0.004110
frame-000201.color.jpg 0.101577 0.325533 -0.881289 0.327169 4.061898 -3.608885 4.747256 0.249789 0.003862
frame-000202.color.jpg 0.106201 0.328284 -0.878018 0.331716 4.112825 -3.519715 4.750803 0.475138 0.011611
frame-000203.color.jpg 0.110988 0.329719 -0.876434 0.332911 4.157333 -3.445479 4.716223 0.266742 0.003900
frame-000204.color.jpg 0.114135 0.333443 -0.872411 0.338656 4.206725 -3.321043 4.729143 0.181930 0.002116
frame-000205.color.jpg 0.117476 0.334259 -0.868883 0.345707 4.222875 -3.197122 4.748902 0.301709 0.007330
frame-000206.color.jpg 0.118788 0.332446 -0.866953 0.351799 4.202625 -3.125736 4.788946 0.332340 0.006635
frame-000207.color.jpg 0.123107 0.329474 -0.863545 0.361360 4.184358 -3.007482 4.838578 0.540638 0.009481
frame-000208.color.jpg 0.123672 0.330655 -0.860004 0.368464 4.198054 -2.897860 4.876553 0.411858 0.006766
frame-000209.color.jpg 0.125550 0.335707 -0.857694 0.368645 4.266362 -2.834450 4.831077 0.600877 0.010067
frame-000210.color.jpg 0.121877 0.340666 -0.856384 0.368374 4.304270 -2.789391 4.823616 0.517527 0.009180
frame-000211.color.jpg 0.121439 0.346314 -0.852143 0.373057 4.390440 -2.661947 4.833937 0.497543 0.006911
frame-000212.color.jpg 0.124022 0.342131 -0.852278 0.375749 4.386415 -2.657017 4.855960 0.422267 0.005347
frame-000213.color.jpg 0.136920 0.317998 -0.857241 0.381141 4.302341 -2.774821 4.930622 0.510283 0.009056
frame-000214.color.jpg 0.136677 0.310055 -0.859110 0.383555 4.252987 -2.804238 4.983766 0.414270 0.005520
frame-000215.color.jpg 0.136800 0.306129 -0.858829 0.387278 4.257917 -2.786835 5.038221 0.384551 0.007171
frame-000216.color.jpg 0.134877 0.305273 -0.857925 0.390617 4.271029 -2.754978 5.081451 0.311509 0.005836
frame-000217.color.jpg 0.136534 0.301238 -0.858693 0.391484 4.261930 -2.772606 5.097387 0.416346 0.008261
frame-000218.color.jpg 0.136965 0.298472 -0.858019 0.394915 4.254878 -2.752621 5.132378 0.385741 0.006684
frame-000219.color.jpg 0.132890 0.295843 -0.858858 0.396460 4.222683 -2.755976 5.176285 0.187683 0.004786
frame-000220.color.jpg 0.138661 0.297466 -0.858064 0.394987 4.316250 -2.757850 5.120917 0.319717 0.007662
frame-000221.color.jpg 0.144016 0.312994 -0.853280 0.391417 4.533024 -2.674520 4.990374 0.293152 0.006615
frame-000222.color.jpg 0.152883 0.329268 -0.850027 0.381660 4.776680 -2.640349 4.787837 0.303356 0.005932
frame-000223.color.jpg 0.163253 0.344839 -0.843773 0.377467 5.004351 -2.534559 4.611848 0.290965 0.006108
frame-000224.color.jpg 0.164487 0.356114 -0.839446 0.376109 5.125654 -2.445450 4.536958 0.113473 0.001807
frame-000225.color.jpg 0.173855 0.384054 -0.830664 0.363695 5.457644 -2.294919 4.230485 0.101815 0.006615
frame-000226.color.jpg 0.183268 0.401636 -0.824822 0.353229 5.674805 -2.212008 3.985800 0.197809 0.007064
frame-000227.color.jpg 0.192963 0.426939 -0.814058 0.343218 5.949603 -2.020691 3.686051 0.072075 0.004249
frame-000228.color.jpg 0.197361 0.443933 -0.807128 0.335436 6.114776 -1.890678 3.485411 0.195554 0.007025
frame-000229.color.jpg 0.201864 0.459985 -0.801353 0.324804 6.264032 -1.793575 3.266347 0.251215 0.007681
frame-000230.color.jpg 0.200542 0.476190 -0.796982 0.312803 6.375162 -1.707627 3.081441 0.491859 0.014049
frame-000231.color.jpg 0.190438 0.491727 -0.795887 0.297492 6.443706 -1.655863 2.932485 0.588468 0.013461
frame-000232.color.jpg 0.186976 0.498925 -0.794827 0.290456 6.476883 -1.629913 2.852429 0.521493 0.012934
frame-000233.color.jpg 0.176329 0.503929 -0.796580 0.283589 6.476102 -1.634265 2.844494 0.453110 0.010447
frame-000234.color.jpg 0.169372 0.502374 -0.800680 0.279007 6.441151 -1.700760 2.861987 0.368463 0.008967
frame-000235.color.jpg 0.156006 0.490210 -0.809115 0.284059 6.307903 -1.817109 3.061391 0.412455 0.009984
frame-000236.color.jpg 0.148457 0.470008 -0.819549 0.292219 6.146175 -2.006289 3.277136 0.197913 0.011561
frame-000237.color.jpg 0.147412 0.432941 -0.837032 0.300348 5.886860 -2.375455 3.510530 0.286030 0.011292
frame-000238.color.jpg 0.142646 0.407472 -0.848172 0.306958 5.671253 -2.601295 3.706103 0.425193 0.014635
frame-000239.color.jpg 0.138940 0.382718 -0.857672 0.314041 5.457885 -2.793558 3.894854 0.323486 0.012502
frame-000240.color.jpg 0.135069 0.366405 -0.862421 0.322077 5.303487 -2.876100 4.058267 0.233107 0.010670
frame-000241.color.jpg 0.133091 0.351840 -0.866031 0.329372 5.168024 -2.941257 4.193508 0.358132 0.011799
frame-000242.color.jpg 0.125269 0.333505 -0.869405 0.342369 4.973448 -2.975024 4.428844 0.253471 0.009280
frame-000243.color.jpg 0.121518 0.321052 -0.872706 0.347193 4.851226 -3.036323 4.540963 0.302368 0.010498
frame-000244.color.jpg 0.119108 0.311767 -0.875960 0.348293 4.767982 -3.098994 4.594140 0.385444 0.009288
frame-000245.color.jpg 0.124910 0.306119 -0.876053 0.351026 4.771562 -3.108434 4.600081 0.345288 0.009272
frame-000246.color.jpg 0.126743 0.303674 -0.875330 0.354283 4.779907 -3.092205 4.627120 0.366495 0.008335
frame-000247.color.jpg 0.132807 0.301287 -0.871969 0.362297 4.814021 -3.009508 4.662606 0.494754 0.011470
frame-000248.color.jpg 0.132000 0.300677 -0.873613 0.359124 4.820803 -3.033278 4.639069 0.202710 0.004166
frame-000249.color.jpg 0.129240 0.301528 -0.871921 0.363499 4.821186 -2.964593 4.684779 0.307265 0.006831
frame-000250.color.jpg 0.131005 0.299706 -0.871790 0.364686 4.827610 -2.946197 4.681790 0.177168 0.004764
frame-000251.color.jpg 0.134778 0.298230 -0.870477 0.367646 4.842594 -2.903137 4.667058 0.085102 0.003986
frame-000252.color.jpg 0.135562 0.295619 -0.868508 0.374065 4.831259 -2.836389 4.705041 0.197380 0.005950
frame-000253.color.jpg 0.133503 0.287192 -0.870090 0.377679 4.739238 -2.835366 4.750200 0.392800 0.009500
frame-000254.color.jpg 0.122465 0.279094 -0.871018 0.385275 4.605701 -2.805843 4.892949 0.329989 0.009836
frame-000255.color.jpg 0.119305 0.275977 -0.873573 0.382717 4.560963 -2.852698 4.885975 0.219862 0.004266
frame-000256.color.jpg 0.112812 0.269932 -0.875290 0.385069 4.467030 -2.867206 4.955537 0.150176 0.002052
frame-000257.color.jpg 0.100195 0.262597 -0.878104 0.387217 4.322870 -2.893352 5.060438 0.049284 0.002756
frame-000258.color.jpg 0.097192 0.258288 -0.879720 0.387213 4.263465 -2.923477 5.089860 0.151018 0.004398
frame-000259.color.jpg 0.090157 0.238534 -0.884805 0.389992 4.031049 -3.036380 5.205426 0.186954 0.005359
frame-000260.color.jpg 0.087555 0.219972 -0.887571 0.395176 3.839771 -3.097188 5.317430 0.062584 0.004521
frame-000261.color.jpg 0.074554 0.193030 -0.893580 0.398367 3.492300 -3.232296 5.482813 0.183677 0.005917
frame-000262.color.jpg 0.071413 0.161008 -0.896399 0.406750 3.162880 -3.306641 5.649427 0.144929 0.004737
frame-000263.color.jpg 0.064188 0.149440 -0.897265 0.410442 3.011309 -3.315606 5.740803 0.158754 0.004510
frame-000264.color.jpg 0.057105 0.140485 -0.896671 0.415914 2.882950 -3.286060 5.836502 0.181034 0.006489
frame-000265.color.jpg 0.051319 0.133869 -0.895514 0.421308 2.794373 -3.242615 5.916470 0.220876 0.002768
frame-000266.color.jpg 0.052740 0.123882 -0.893728 0.427927 2.719964 -3.195583 5.986063 0.104781 0.006133
frame-000267.color.jpg 0.048612 0.117478 -0.892150 0.433480 2.644803 -3.144897 6.059423 0.208269 0.008738
frame-000268.color.jpg 0.047471 0.117823 -0.891662 0.434515 2.652589 -3.127841 6.069668 0.380897 0.012506
frame-000269.color.jpg 0.047522 0.118168 -0.891720 0.434296 2.680116 -3.123295 6.067333 0.159734 0.007158
frame-000270.color.jpg 0.054587 0.119809 -0.891071 0.434348 2.777394 -3.109764 6.032015 0.079014 0.005819
frame-000271.color.jpg 0.059781 0.121112 -0.888664 0.438217 2.848210 -3.050706 6.030784 0.168505 0.002312
frame-000272.color.jpg 0.064076 0.127939 -0.886824 0.439395 2.981408 -2.985688 5.990074 0.130809 0.006060
frame-000273.color.jpg 0.077666 0.143972 -0.882733 0.440480 3.307389 -2.861961 5.870084 0.575211 0.015328
frame-000274.color.jpg 0.082145 0.149237 -0.880265 0.442849 3.443406 -2.767034 5.816202 1.297448 0.029839
frame-000275.color.jpg 0.092576 0.157656 -0.873398 0.451386 3.623742 -2.586617 5.769775 0.997063 0.023301
frame-000276.color.jpg 0.088315 0.164088 -0.872722 0.451256 3.671910 -2.532159 5.756675 0.959653 0.021967
frame-000277.color.jpg 0.084152 0.164117 -0.872530 0.452410 3.659513 -2.502904 5.764332 0.805051 0.017930
frame-000278.color.jpg 0.080044 0.156969 -0.873428 0.453958 3.574799 -2.517681 5.811243 0.778221 0.016664
frame-000279.color.jpg 0.078666 0.145514 -0.874903 0.455173 3.467039 -2.561226 5.857895 0.694202 0.015742
frame-000280.color.jpg 0.074407 0.126130 -0.876891 0.457839 3.270510 -2.626132 5.960117 0.757741 0.017533
frame-000281.color.jpg 0.069234 0.120655 -0.879583 0.454954 3.201841 -2.697819 5.985353 0.579814 0.013642
frame-000282.color.jpg 0.069148 0.124547 -0.878240 0.456509 3.270976 -2.661918 5.992300 0.324063 0.010998
frame-000283.color.jpg 0.073889 0.137337 -0.877077 0.454329 3.466029 -2.628744 5.919112 0.237917 0.011100
frame-000284.color.jpg 0.077658 0.149231 -0.875637 0.452723 3.645843 -2.582560 5.849308 0.400086 0.011792
frame-000285.color.jpg 0.086613 0.167040 -0.872781 0.450388 3.915852 -2.514531 5.725781 0.217153 0.008088
frame-000286.color.jpg 0.094161 0.184791 -0.871493 0.444393 4.165938 -2.476270 5.575750 0.520478 0.014741
frame-000287.color.jpg 0.100078 0.196595 -0.869614 0.441708 4.340972 -2.435839 5.476583 0.473401 0.012307
frame-000288.color.jpg 0.111676 0.214061 -0.867786 0.434343 4.602763 -2.409781 5.273890 0.913788 0.018501
frame-000289.color.jpg 0.119121 0.227766 -0.865719 0.429492 4.805787 -2.368336 5.134707 1.114804 0.021281
frame-000290.color.jpg 0.126329 0.242365 -0.863084 0.424719 5.010659 -2.308158 4.979906 1.003275 0.020752
frame-000291.color.jpg 0.135313 0.256475 -0.862168 0.415423 5.216776 -2.298195 4.781791 1.187940 0.029934
frame-000292.color.jpg 0.143581 0.270582 -0.857724 0.412892 5.410901 -2.210438 4.631591 0.607943 0.020489
frame-000293.color.jpg 0.152181 0.284969 -0.856346 0.402871 5.599102 -2.192044 4.414344 0.885147 0.022554
frame-000294.color.jpg 0.158084 0.295960 -0.854826 0.395841 5.733597 -2.161202 4.257601 1.097127 0.028278
frame-000295.color.jpg 0.161550 0.305813 -0.852685 0.391546 5.839772 -2.109536 4.140631 1.220464 0.029650
frame-000296.color.jpg 0.171263 0.319428 -0.849368 0.383678 6.005902 -2.060270 3.923354 1.199133 0.030395
frame-000297.color.jpg 0.175118 0.325178 -0.850128 0.375333 6.068799 -2.095012 3.799312 1.386449 0.035994
frame-000298.color.jpg 0.182049 0.336976 -0.848406 0.365393 6.199134 -2.088424 3.588185 0.885247 0.021452
frame-000299.color.jpg 0.185894 0.354128 -0.844865 0.355303 6.334599 -2.002885 3.380702 0.800417 0.020723
frame-000300.color.jpg 0.188159 0.370478 -0.841747 0.344680 6.444939 -1.921036 3.183108 0.868736 0.020808
frame-000301.color.jpg 0.184606 0.382860 -0.840262 0.336600 6.499290 -1.853283 3.080953 0.660578 0.017652
frame-000302.color.jpg 0.181343 0.395856 -0.838960 0.326433 6.557706 -1.793140 2.957441 0.311185 0.009649
frame-000303.color.jpg 0.184545 0.408585 -0.835131 0.318680 6.617565 -1.720679 2.801026 0.822048 0.019806
frame-000304.color.jpg 0.187500 0.421547 -0.827429 0.320160 6.681481 -1.554298 2.715986 1.430904 0.033024
frame-000305.color.jpg 0.187957 0.424676 -0.825731 0.320141 6.697062 -1.512592 2.697344 1.393377 0.034655
frame-000306.color.jpg 0.196267 0.436025 -0.814086 0.329583 6.783096 -1.299004 2.627958 2.257410 0.051527
frame-000307.color.jpg 0.206846 0.455941 -0.803754 0.321422 6.905887 -1.105799 2.337367 2.411265 0.054236
frame-000308.color.jpg 0.208291 0.468421 -0.801396 0.308158 6.982057 -1.028877 2.157921 1.312584 0.032650
frame-000309.color.jpg 0.214625 0.485874 -0.792576 0.299476 7.085807 -0.846381 1.924106 1.070480 0.025681
frame-000310.color.jpg 0.220870 0.495368 -0.782313 0.306290 7.156347 -0.671722 1.857285 1.355441 0.034679
frame-000311.color.jpg 0.233345 0.514219 -0.774280 0.285690 7.244459 -0.542495 1.447527 1.180926 0.027426
frame-000312.color.jpg 0.234487 0.526096 -0.766156 0.285034 7.300948 -0.363488 1.363096 0.336372 0.016287
frame-000313.color.jpg 0.242436 0.540274 -0.757540 0.274703 7.346417 -0.214443 1.104326 1.033263 0.022040
frame-000314.color.jpg 0.251067 0.551040 -0.747753 0.272370 7.395385 -0.076825 0.922428 0.932279 0.019704
frame-000315.color.jpg 0.256988 0.571997 -0.731228 0.268482 7.404030 0.248167 0.669353 0.984148 0.024244
frame-000316.color.jpg 0.270654 0.582419 -0.716687 0.271835 7.429695 0.458095 0.447067 0.890405 0.014897
frame-000317.color.jpg 0.279750 0.582495 -0.707547 0.286037 7.428729 0.569478 0.427282 0.889019 0.015995
frame-000318.color.jpg 0.280026 0.585559 -0.704659 0.286638 7.421201 0.648226 0.401499 0.842810 0.019881
frame-000319.color.jpg 0.295862 0.581009 -0.694970 0.303168 7.418558 0.705210 0.338274 0.860830 0.021001
frame-000320.color.jpg 0.301578 0.576313 -0.689992 0.317529 7.423135 0.741698 0.388498 0.691612 0.014054
frame-000321.color.jpg 0.304070 0.571733 -0.684706 0.334424 7.416952 0.813708 0.492550 0.797337 0.020424
frame-000322.color.jpg 0.302931 0.568176 -0.683270 0.344313 7.411337 0.857182 0.590302 0.511735 0.013816
frame-000323.color.jpg 0.303901 0.563621 -0.681202 0.354880 7.404726 0.893056 0.673847 0.350915 0.010867
frame-000324.color.jpg 0.310672 0.561384 -0.676532 0.361435 7.397776 0.914933 0.635366 0.625185 0.016675
frame-000325.color.jpg 0.318205 0.556752 -0.673632 0.367414 7.403966 0.900333 0.609335 0.597475 0.016961
frame-000326.color.jpg 0.323121 0.552769 -0.670214 0.375302 7.404008 0.913947 0.612988 0.651566 0.015448
frame-000327.color.jpg 0.329129 0.549977 -0.665585 0.382356 7.401180 0.940372 0.596454 0.719010 0.019514
frame-000328.color.jpg 0.333658 0.547334 -0.662724 0.387164 7.405836 0.948030 0.580577 0.672538 0.016303
frame-000329.color.jpg 0.340998 0.546817 -0.657331 0.390676 7.409152 0.976828 0.500949 0.658463 0.015217
frame-000330.color.jpg 0.352178 0.545759 -0.650369 0.393875 7.409929 0.978549 0.374399 1.035086 0.025134
frame-000331.color.jpg 0.356083 0.548118 -0.643841 0.397795 7.403881 1.065037 0.311250 0.906938 0.021829
frame-000332.color.jpg 0.358996 0.547101 -0.640819 0.401439 7.405062 1.081458 0.294214 0.855540 0.021341
frame-000333.color.jpg 0.367441 0.546744 -0.635972 0.401993 7.397257 1.082484 0.179440 1.079359 0.024670
frame-000334.color.jpg 0.368992 0.542745 -0.635180 0.407208 7.405807 1.074932 0.215447 0.745726 0.016201
frame-000335.color.jpg 0.368799 0.538656 -0.636428 0.410849 7.405345 1.057924 0.267758 0.510510 0.010491
frame-000336.color.jpg 0.370485 0.538171 -0.636211 0.410304 7.401367 1.043378 0.248412 0.701297 0.014897
frame-000337.color.jpg 0.369628 0.537835 -0.638440 0.408048 7.400494 1.021413 0.255895 0.619450 0.013760
frame-000338.color.jpg 0.369590 0.536750 -0.638018 0.410165 7.398042 1.021633 0.268891 0.662147 0.015671
frame-000339.color.jpg 0.359100 0.544416 -0.640720 0.405137 7.380679 1.112901 0.312825 0.402442 0.009891
frame-000340.color.jpg 0.354362 0.546971 -0.641731 0.404265 7.365903 1.143838 0.335935 0.587998 0.012841
frame-000341.color.jpg 0.346483 0.549805 -0.646668 0.399355 7.360249 1.154429 0.388322 0.454043 0.010146
frame-000342.color.jpg 0.338357 0.554373 -0.652159 0.390990 7.357593 1.154919 0.400332 0.544024 0.012565
frame-000343.color.jpg 0.333047 0.563451 -0.654548 0.378377 7.358152 1.196950 0.307815 0.544743 0.010816
frame-000344.color.jpg 0.340021 0.571737 -0.649159 0.368911 7.355587 1.253963 0.065230 0.771937 0.012270
frame-000345.color.jpg 0.352793 0.584334 -0.638810 0.354983 7.334373 1.343148 -0.315657 0.814298 0.017329
frame-000346.color.jpg 0.361297 0.599515 -0.626795 0.342308 7.285860 1.491794 -0.653782 0.595942 0.015806
frame-000347.color.jpg 0.369055 0.616237 -0.612255 0.330446 7.212113 1.687811 -0.988927 0.603506 0.014666
frame-000348.color.jpg 0.380670 0.642163 -0.587814 0.311757 7.044459 1.991218 -1.497446 0.658999 0.016985
frame-000349.color.jpg 0.392661 0.657820 -0.566577 0.303448 6.881925 2.200951 -1.867591 0.496021 0.014021
frame-000350.color.jpg 0.394919 0.661388 -0.561802 0.301634 6.840545 2.247737 -1.949764 0.434817 0.013637
frame-000351.color.jpg 0.400905 0.671953 -0.547305 0.297004 6.710296 2.395448 -2.163369 0.270383 0.011109
frame-000352.color.jpg 0.404673 0.698267 -0.515915 0.287218 6.397636 2.809686 -2.521577 0.260759 0.013876
frame-000353.color.jpg 0.408181 0.709417 -0.501177 0.280959 6.244543 2.970076 -2.703806 0.424968 0.014371
frame-000354.color.jpg 0.409786 0.711444 -0.497437 0.280141 6.208346 2.996797 -2.750632 0.389608 0.012522
frame-000355.color.jpg 0.416686 0.725971 -0.475158 0.271227 5.962584 3.200279 -3.022141 0.604624 0.016409
frame-000356.color.jpg 0.420906 0.733904 -0.462309 0.265506 5.810880 3.306077 -3.185540 0.591106 0.017817
frame-000357.color.jpg 0.426867 0.743403 -0.444398 0.260090 5.608721 3.437027 -3.383747 0.484673 0.013027
frame-000358.color.jpg 0.428457 0.744446 -0.441689 0.259105 5.576869 3.445657 -3.421060 0.385733 0.010041
frame-000359.color.jpg 0.439136 0.754477 -0.419464 0.248945 5.308496 3.550766 -3.714293 0.128767 0.003680
frame-000360.color.jpg 0.446524 0.758706 -0.406921 0.243713 5.159484 3.586455 -3.883718 0.128551 0.003125
frame-000361.color.jpg 0.451998 0.762857 -0.395801 0.238932 5.023978 3.627309 -4.018151 0.097544 0.000755
frame-000362.color.jpg 0.453940 0.763260 -0.392570 0.239293 4.993611 3.629533 -4.056125 0.209307 0.003511
frame-000363.color.jpg 0.456847 0.768438 -0.382433 0.233534 4.859090 3.695182 -4.161839 0.183419 0.003061
frame-000364.color.jpg 0.464242 0.775060 -0.366163 0.222903 4.626422 3.753666 -4.359201 0.302750 0.009520
frame-000365.color.jpg 0.466058 0.779208 -0.356707 0.219964 4.508236 3.810843 -4.437228 0.234020 0.007011
frame-000366.color.jpg 0.466705 0.780187 -0.354916 0.218012 4.477404 3.819432 -4.460847 0.194214 0.006458
frame-000367.color.jpg 0.469249 0.790011 -0.337762 0.203973 4.205005 3.939072 -4.618461 0.390497 0.010597
frame-000368.color.jpg 0.469775 0.790358 -0.335795 0.204665 4.187510 3.945010 -4.632559 0.238837 0.008160
frame-000369.color.jpg 0.468937 0.794029 -0.330682 0.200663 4.105726 4.003217 -4.662231 0.376320 0.012443
frame-000370.color.jpg 0.470624 0.797022 -0.324557 0.194761 4.010394 4.039419 -4.732649 0.427555 0.012645
frame-000371.color.jpg 0.470285 0.803666 -0.314645 0.184263 3.848593 4.136276 -4.822482 0.435448 0.011407
frame-000372.color.jpg 0.471857 0.806644 -0.308962 0.176690 3.751273 4.168779 -4.896190 0.249389 0.008847
frame-000373.color.jpg 0.477484 0.809261 -0.298276 0.167742 3.602942 4.197417 -5.046818 0.372134 0.011374
frame-000374.color.jpg 0.476297 0.811022 -0.295913 0.166794 3.566900 4.233328 -5.045471 0.545878 0.015373
frame-000375.color.jpg 0.476855 0.811790 -0.293769 0.165247 3.542266 4.240949 -5.076793 0.339160 0.007175
frame-000376.color.jpg 0.472921 0.816556 -0.289984 0.159657 3.460065 4.334228 -5.064110 0.608056 0.015911
frame-000377.color.jpg 0.467213 0.821870 -0.285877 0.156576 3.381000 4.455907 -5.046919 0.344155 0.006191
frame-000378.color.jpg 0.471412 0.822342 -0.278773 0.154305 3.260674 4.457007 -5.134949 0.206098 0.004333
frame-000379.color.jpg 0.472466 0.823729 -0.273767 0.152634 3.179533 4.476824 -5.174533 0.099594 0.000452
frame-000380.color.jpg 0.473073 0.835139 -0.243156 0.140074 2.670687 4.655252 -5.297699 0.404595 0.011129
frame-000381.color.jpg 0.469371 0.844840 -0.217676 0.136212 2.281261 4.817659 -5.331942 0.407936 0.008797
frame-000382.color.jpg 0.464927 0.853670 -0.194183 0.131845 1.913088 4.962325 -5.343868 0.331190 0.005656
frame-000383.color.jpg 0.465068 0.862580 -0.159547 0.119215 1.339397 5.058572 -5.413436 0.326253 0.006088
frame-000384.color.jpg 0.466762 0.867255 -0.137462 0.105389 0.947829 5.087004 -5.458748 0.274145 0.006425
frame-000385.color.jpg 0.467621 0.873182 -0.107123 0.086070 0.414220 5.117773 -5.479351 0.416451 0.008701
frame-000386.color.jpg 0.468597 0.875220 -0.091301 0.077917 0.148758 5.112306 -5.487122 0.520113 0.009432
frame-000387.color.jpg 0.469562 0.877163 -0.072358 0.069718 -0.154654 5.097374 -5.483310 0.416910 0.005923
frame-000388.color.jpg 0.469628 0.878585 -0.058805 0.063869 -0.372834 5.087899 -5.468249 0.430542 0.007577
frame-000389.color.jpg 0.470681 0.879511 -0.041896 0.056253 -0.647695 5.053967 -5.457461 0.511824 0.008217
frame-000390.color.jpg 0.469975 0.880881 -0.029256 0.048123 -0.865843 5.043498 -5.419098 0.635121 0.009512
frame-000391.color.jpg 0.468142 0.882542 -0.015926 0.041344 -1.083122 5.035745 -5.367864 0.515391 0.008056
frame-000392.color.jpg 0.462693 0.885817 -0.004442 0.034983 -1.275337 5.070908 -5.274596 0.550471 0.008050
frame-000393.color.jpg 0.457069 0.888925 0.006020 0.029408 -1.444567 5.106523 -5.178995 0.518166 0.008084
frame-000394.color.jpg 0.445726 0.894706 0.014008 0.025165 -1.569410 5.209877 -5.024646 0.345415 0.007284
frame-000395.color.jpg 0.434300 0.900290 0.020629 0.020888 -1.654966 5.304923 -4.865344 0.297726 0.006789
frame-000396.color.jpg 0.431620 0.901556 0.020570 0.021859 -1.645723 5.332775 -4.836140 0.338974 0.007600
frame-000397.color.jpg 0.416108 0.908780 0.018686 0.024977 -1.571206 5.489042 -4.656050 0.333391 0.008895
frame-000398.color.jpg 0.410637 0.911300 0.023229 0.019211 -1.613873 5.524055 -4.563442 0.254219 0.002666
frame-000399.color.jpg 0.408741 0.912058 0.028547 0.016314 -1.659347 5.526072 -4.516734 0.200335 0.003721
frame-000400.color.jpg 0.419277 0.907099 0.036350 0.007570 -1.776713 5.405364 -4.603652 0.511825 0.009904
frame-000401.color.jpg 0.428261 0.902748 0.040190 0.004832 -1.820265 5.309524 -4.687898 0.250287 0.005696
frame-000402.color.jpg 0.436492 0.898551 0.045425 0.004263 -1.875329 5.205779 -4.768126 0.211975 0.006080
frame-000403.color.jpg 0.443937 0.894483 0.053055 0.002447 -1.976730 5.100860 -4.832476 0.327706 0.008381
frame-000404.color.jpg 0.449965 0.891306 0.055721 0.000039 -2.015556 5.027186 -4.886430 0.472938 0.010392
frame-000405.color.jpg 0.469521 0.880446 0.065908 -0.004614 -2.150233 4.780098 -5.058520 0.416603 0.009498
frame-000406.color.jpg 0.476921 0.876190 0.069273 -0.006181 -2.195341 4.681430 -5.122808 0.489494 0.011435
frame-000407.color.jpg 0.482294 0.872918 0.073133 -0.007659 -2.243790 4.606503 -5.161496 0.485194 0.011607
frame-000408.color.jpg 0.484825 0.871213 0.076552 -0.008511 -2.284837 4.562976 -5.176484 0.533388 0.011519
frame-000409.color.jpg 0.495863 0.864500 0.080431 -0.017073 -2.360750 4.429295 -5.251142 0.430756 0.008855
frame-000410.color.jpg 0.504261 0.859034 0.084847 -0.024149 -2.444824 4.320429 -5.293653 0.473386 0.010527
frame-000411.color.jpg 0.509537 0.855426 0.088453 -0.028205 -2.504656 4.247213 -5.321453 0.495435 0.010440
frame-000412.color.jpg 0.512598 0.852731 0.095776 -0.030345 -2.598162 4.184988 -5.320030 0.416768 0.009198
frame-000413.color.jpg 0.514457 0.850740 0.102571 -0.032468 -2.687237 4.135190 -5.310270 0.457938 0.010199
frame-000414.color.jpg 0.514203 0.850120 0.108401 -0.033771 -2.762715 4.116115 -5.287636 0.544357 0.011789
frame-000415.color.jpg 0.514477 0.849533 0.111150 -0.035383 -2.800735 4.104201 -5.280159 0.537308 0.012349
frame-000416.color.jpg 0.515391 0.848549 0.113796 -0.037237 -2.843642 4.084962 -5.275073 0.697000 0.015087
frame-000417.color.jpg 0.514581 0.848749 0.115621 -0.038259 -2.866631 4.092386 -5.260278 0.591087 0.013070
frame-000418.color.jpg 0.514604 0.847391 0.123644 -0.042691 -2.988772 4.061388 -5.224085 0.833160 0.017731
frame-000419.color.jpg 0.509582 0.848321 0.135780 -0.047352 -3.161300 4.073722 -5.132390 0.837806 0.017337
frame-000420.color.jpg 0.505926 0.848802 0.145281 -0.049680 -3.288979 4.073347 -5.065256 0.831933 0.016881
frame-000421.color.jpg 0.504151 0.846535 0.160298 -0.059283 -3.519982 4.027953 -4.969862 0.894002 0.017281
frame-000422.color.jpg 0.503671 0.843412 0.175151 -0.065523 -3.729299 3.957655 -4.905030 0.811418 0.018837
frame-000423.color.jpg 0.508926 0.831801 0.201826 -0.091476 -4.162309 3.769911 -4.750825 0.745220 0.015842
frame-000424.color.jpg 0.507251 0.832103 0.204271 -0.092598 -4.193503 3.777015 -4.719312 0.712508 0.013859
frame-000425.color.jpg 0.503694 0.833008 0.208995 -0.093337 -4.245493 3.792967 -4.665952 0.582574 0.012994
frame-000426.color.jpg 0.506168 0.829217 0.217333 -0.094651 -4.335258 3.706326 -4.656183 0.569605 0.013409
frame-000427.color.jpg 0.506728 0.826823 0.224146 -0.096688 -4.408958 3.654548 -4.625331 0.481090 0.012035
frame-000428.color.jpg 0.508077 0.824550 0.229659 -0.096089 -4.450624 3.593065 -4.616999 0.403069 0.010122
frame-000429.color.jpg 0.504679 0.824547 0.234074 -0.103103 -4.494020 3.615960 -4.531355 0.347989 0.008729
frame-000430.color.jpg 0.502102 0.825013 0.236216 -0.106999 -4.511393 3.638101 -4.476747 0.344977 0.008179
frame-000431.color.jpg 0.501299 0.825877 0.235216 -0.106305 -4.467439 3.658540 -4.490182 0.344237 0.008041
frame-000432.color.jpg 0.499079 0.827765 0.232945 -0.107058 -4.405276 3.709182 -4.484900 0.373096 0.010060
frame-000433.color.jpg 0.496926 0.828791 0.233123 -0.108733 -4.398383 3.736437 -4.458264 0.422134 0.010971
frame-000434.color.jpg 0.492040 0.830649 0.238151 -0.105846 -4.402800 3.749140 -4.420322 0.447414 0.010339
frame-000435.color.jpg 0.488748 0.831888 0.242356 -0.101739 -4.404089 3.747531 -4.398324 0.501117 0.013278
frame-000436.color.jpg 0.484735 0.833340 0.246444 -0.099204 -4.421218 3.760329 -4.373328 0.626168 0.014007
frame-000437.color.jpg 0.480900 0.834473 0.249908 -0.099681 -4.442507 3.784796 -4.337869 0.690129 0.014964
frame-000438.color.jpg 0.478427 0.833848 0.256418 -0.100275 -4.501073 3.763875 -4.297624 0.711510 0.014820
frame-000439.color.jpg 0.474221 0.832994 0.265597 -0.103415 -4.599836 3.749318 -4.227140 0.709283 0.015253
frame-000440.color.jpg 0.480581 0.827713 0.269364 -0.106661 -4.629628 3.660777 -4.278846 0.489640 0.008989
frame-000441.color.jpg 0.486299 0.822386 0.275380 -0.106591 -4.683022 3.551605 -4.339255 0.420878 0.009915
frame-000442.color.jpg 0.491663 0.818785 0.279303 -0.099241 -4.675142 3.444875 -4.421362 0.625412 0.013721
frame-000443.color.jpg 0.489386 0.819276 0.283990 -0.092938 -4.691003 3.434991 -4.444903 0.583896 0.010966
frame-000444.color.jpg 0.489389 0.821534 0.277463 -0.092708 -4.595957 3.515378 -4.496717 0.311737 0.005363
frame-000445.color.jpg 0.486888 0.824824 0.272134 -0.092456 -4.519630 3.601672 -4.512437 0.406921 0.007394
frame-000446.color.jpg 0.488280 0.830861 0.254107 -0.081745 -4.239283 3.749426 -4.687470 0.254364 0.005778
frame-000447.color.jpg 0.493139 0.835321 0.231464 -0.074015 -3.916521 3.872994 -4.878939 0.328095 0.006853
frame-000448.color.jpg 0.500806 0.843403 0.186524 -0.055436 -3.242165 4.078004 -5.213893 1.115451 0.017527
frame-000449.color.jpg 0.492511 0.856664 0.149423 -0.035092 -2.626240 4.406498 -5.293668 0.605009 0.009410
frame-000450.color.jpg 0.491241 0.858227 0.144763 -0.034250 -2.555703 4.445136 -5.294631 0.986552 0.014828
frame-000451.color.jpg 0.490155 0.862337 0.124265 -0.026098 -2.207169 4.558279 -5.348103 0.911598 0.013810
frame-000452.color.jpg 0.487129 0.866494 0.108328 -0.012563 -1.887011 4.663583 -5.361055 0.587357 0.007658
frame-000453.color.jpg 0.486364 0.867564 0.103691 -0.005489 -1.779358 4.688394 -5.368467 0.580785 0.008714
frame-000454.color.jpg 0.486215 0.869119 0.090344 0.008004 -1.490871 4.725803 -5.393866 0.692371 0.012266
frame-000455.color.jpg 0.480620 0.872127 0.091644 0.000726 -1.532163 4.792604 -5.319166 0.821877 0.012998
frame-000456.color.jpg 0.474893 0.874871 0.095256 -0.002103 -1.573665 4.847169 -5.241353 0.795315 0.012323
frame-000457.color.jpg 0.466501 0.879143 0.097390 -0.000622 -1.563576 4.937889 -5.138688 0.415233 0.013596
frame-000458.color.jpg 0.461612 0.881282 0.101125 -0.005443 -1.631282 4.984696 -5.070047 0.220142 0.009068
frame-000459.color.jpg 0.458878 0.882286 0.104081 -0.013047 -1.685868 5.004070 -5.020079 0.300791 0.008664
frame-000460.color.jpg 0.452584 0.884103 0.112393 -0.029949 -1.793019 5.039864 -4.887522 0.613258 0.015563
frame-000461.color.jpg 0.453404 0.882670 0.118240 -0.036588 -1.885709 5.004229 -4.875440 0.392380 0.008965
frame-000462.color.jpg 0.452702 0.882839 0.119324 -0.037650 -1.901325 5.009810 -4.860946 0.289655 0.007146
frame-000463.color.jpg 0.457841 0.878828 0.128443 -0.039312 -2.016886 4.916096 -4.898263 0.289005 0.006492
frame-000464.color.jpg 0.452196 0.877776 0.152560 -0.041876 -2.332256 4.876573 -4.782538 0.260448 0.009444
frame-000465.color.jpg 0.451101 0.877640 0.155968 -0.043934 -2.381072 4.874625 -4.757154 0.308842 0.011457
frame-000466.color.jpg 0.449640 0.873898 0.175578 -0.057434 -2.687850 4.797141 -4.660984 0.156420 0.004259
frame-000467.color.jpg 0.448669 0.870235 0.193057 -0.064162 -2.934698 4.711979 -4.587887 0.241179 0.002217
frame-000468.color.jpg 0.449134 0.865692 0.209023 -0.071875 -3.167602 4.613256 -4.527028 0.467432 0.006175
frame-000469.color.jpg 0.447026 0.859755 0.233946 -0.079112 -3.486720 4.473822 -4.405228 0.127880 0.000731
frame-000470.color.jpg 0.444626 0.854948 0.252625 -0.086909 -3.742637 4.366353 -4.294125 0.454325 0.009216
frame-000471.color.jpg 0.441262 0.851748 0.267062 -0.092147 -3.922865 4.296289 -4.192019 0.478343 0.012128
frame-000472.color.jpg 0.441844 0.849510 0.272824 -0.093131 -3.986403 4.244235 -4.178810 0.487878 0.012828
frame-000473.color.jpg 0.442433 0.848061 0.276081 -0.093941 -4.024823 4.211314 -4.175010 0.594060 0.013551
frame-000474.color.jpg 0.441984 0.846582 0.280902 -0.095090 -4.072392 4.181301 -4.152864 0.444000 0.009521
frame-000475.color.jpg 0.441769 0.845779 0.283921 -0.094269 -4.090452 4.163015 -4.143935 0.249754 0.005682
frame-000476.color.jpg 0.442558 0.843499 0.288842 -0.096032 -4.146007 4.116573 -4.138673 0.338192 0.003340
frame-000477.color.jpg 0.442167 0.841857 0.291688 -0.103357 -4.198245 4.109655 -4.097232 0.388291 0.007005
frame-000478.color.jpg 0.445176 0.838876 0.295475 -0.103924 -4.236706 4.056587 -4.119549 0.448594 0.009919
frame-000479.color.jpg 0.443652 0.832816 0.310739 -0.114156 -4.447223 3.976355 -4.023679 0.387057 0.011643
frame-000480.color.jpg 0.443204 0.830586 0.315312 -0.119482 -4.516713 3.951683 -3.977387 0.495707 0.015267
frame-000481.color.jpg 0.428865 0.820746 0.352052 -0.136049 -4.980757 3.786819 -3.620712 0.263258 0.006153
frame-000482.color.jpg 0.427482 0.813927 0.367452 -0.140573 -5.164791 3.657227 -3.525774 0.362558 0.008650
frame-000483.color.jpg 0.415140 0.798294 0.411109 -0.146200 -5.622550 3.322050 -3.191710 0.419497 0.008952
frame-000484.color.jpg 0.406738 0.795946 0.422739 -0.149418 -5.736954 3.280953 -3.036284 0.510035 0.010056
frame-000485.color.jpg 0.398994 0.793538 0.434160 -0.150352 -5.823537 3.226797 -2.902951 0.487323 0.008608
frame-000486.color.jpg 0.395131 0.794337 0.438378 -0.143957 -5.830177 3.210853 -2.896123 0.452870 0.009672
frame-000487.color.jpg 0.389838 0.801871 0.430292 -0.140992 -5.719579 3.372795 -2.905923 0.408220 0.008788
frame-000488.color.jpg 0.390044 0.805625 0.422982 -0.141141 -5.635810 3.460663 -2.954960 0.328763 0.008421
frame-000489.color.jpg 0.389498 0.811471 0.412591 -0.139908 -5.508504 3.600006 -3.011564 0.220541 0.005314
frame-000490.color.jpg 0.383915 0.820924 0.399648 -0.137750 -5.340728 3.814112 -3.031629 0.564016 0.011564
frame-000491.color.jpg 0.386874 0.823326 0.393548 -0.132603 -5.240759 3.851453 -3.128444 0.333006 0.008272
frame-000492.color.jpg 0.388503 0.826228 0.387403 -0.127795 -5.148955 3.904309 -3.201041 0.407115 0.009727
frame-000493.color.jpg 0.389507 0.829769 0.379888 -0.124310 -5.040728 3.982392 -3.263487 0.417390 0.008510
frame-000494.color.jpg 0.389040 0.834674 0.370867 -0.120105 -4.916477 4.075311 -3.322954 0.407983 0.010374
frame-000495.color.jpg 0.386992 0.838323 0.365890 -0.116519 -4.840163 4.145888 -3.340004 0.300619 0.007716
frame-000496.color.jpg 0.387427 0.839315 0.363811 -0.114421 -4.810111 4.157182 -3.365334 0.439311 0.011068
