data/frame-000235.color.jpg 0.310909 0.692557 -0.585575 0.284257 0.314175 1.32617 0.684336
data/frame-000061.color.jpg 0.480188 0.875495 -0.0530837 -0.0105371 1.40999 1.26369 0.690874
data/frame-000050.color.jpg 0.489966 0.862209 0.0790147 -0.101421 1.55845 1.50311 0.170665
data/frame-000292.color.jpg -0.0239629 -0.0912935 0.882872 -0.46003 -0.241187 1.23662 0.749224
data/frame-000303.color.jpg 0.0300583 0.000468546 0.864326 -0.502033 0.0696594 1.2827 0.703229
data/frame-000186.color.jpg 0.445076 0.89464 0.0366357 -0.0135482 -0.318566 1.70775 0.104617
data/frame-000197.color.jpg 0.489318 0.871297 -0.0298802 0.0227259 -0.274224 1.69305 0.0596774
data/frame-000254.color.jpg 0.307554 0.723482 -0.558289 0.265136 0.0983827 0.927343 1.17452
data/frame-000265.color.jpg -0.23947 -0.590793 0.686014 -0.350718 -0.285547 0.920145 1.17146
data/frame-000003.color.jpg 0.397402 0.891742 0.183347 -0.11512 1.24136 1.24993 0.619193
data/frame-000148.color.jpg 0.495662 0.867452 0.0325784 -0.0279974 -0.194718 1.5615 0.184247
data/frame-000322.color.jpg 0.13665 0.139009 0.805219 -0.560023 -0.0832071 1.44699 0.512362
data/frame-000216.color.jpg 0.367355 0.761645 -0.454702 0.27963 0.362156 1.60713 0.301703
data/frame-000227.color.jpg 0.334366 0.711156 -0.548607 0.285459 0.306271 1.44639 0.527789
data/frame-000110.color.jpg 0.323425 0.924181 -0.189511 0.0732848 0.513988 0.510993 1.29374
data/frame-000295.color.jpg -0.0140806 -0.0984542 0.87482 -0.474129 -0.26957 1.27147 0.730881
data/frame-000284.color.jpg -0.102779 -0.285658 0.870367 -0.387682 -0.408064 1.06321 0.936388
data/frame-000033.color.jpg 0.469357 0.870734 0.114616 -0.0915929 1.19529 1.352 0.521225
data/frame-000167.color.jpg 0.358306 0.846022 0.345219 -0.19154 -0.635943 1.46333 0.533757
data/frame-000178.color.jpg 0.41292 0.85446 0.276191 -0.152031 -0.646136 1.55324 0.323557
data/frame-000189.color.jpg 0.460207 0.887749 0.0104008 -0.00141992 -0.307323 1.71307 0.0808152
data/frame-000323.color.jpg 0.139046 0.145314 0.803748 -0.559947 -0.0811851 1.44781 0.508712
data/frame-000072.color.jpg 0.463888 0.876913 -0.118601 0.0420113 1.23336 1.13516 0.947041
data/frame-000246.color.jpg 0.351907 0.761882 -0.483111 0.249602 0.144296 1.11293 0.979491
data/frame-000129.color.jpg 0.394577 0.9175 0.0499272 -0.00313361 -0.0482814 0.948819 0.959367
data/frame-000140.color.jpg 0.459302 0.876132 0.121039 -0.0823596 -0.201638 1.31076 0.532969
data/frame-000151.color.jpg 0.493687 0.869422 0.0079427 -0.0177524 -0.128581 1.60775 0.135286
data/frame-000285.color.jpg -0.0907937 -0.241053 0.886956 -0.383352 -0.349132 1.08733 0.927321
data/frame-000063.color.jpg 0.479804 0.874703 -0.0684313 -0.000586872 1.37323 1.24157 0.74213
data/frame-000208.color.jpg 0.432767 0.847658 -0.265855 0.153329 0.175644 1.70358 0.146374
data/frame-000091.color.jpg 0.350759 0.905222 -0.232741 0.058078 1.05143 0.486355 1.28582
data/frame-000102.color.jpg 0.277461 0.914004 -0.282707 0.08768 0.737375 0.262429 1.36284
data/frame-000025.color.jpg 0.418682 0.891368 0.154235 -0.07988 1.12859 1.25831 0.677658
data/frame-000159.color.jpg 0.413832 0.866281 0.230972 -0.157961 -0.51898 1.53487 0.404499
data/frame-000170.color.jpg 0.345023 0.824289 0.396728 -0.210034 -0.674025 1.41112 0.593757
data/frame-000304.color.jpg 0.051929 0.019233 0.855247 -0.515254 0.0293721 1.31363 0.668659
data/frame-000315.color.jpg 0.125925 0.129967 0.819087 -0.544378 -0.043561 1.41334 0.56303
data/frame-000053.color.jpg 0.490353 0.867462 0.0330805 -0.077255 1.56083 1.41967 0.323623
data/frame-000064.color.jpg 0.476314 0.875674 -0.0793939 0.00394787 1.36187 1.21638 0.776353
data/frame-000132.color.jpg 0.409019 0.905141 0.107072 -0.0442488 -0.061514 1.01576 0.903193
data/frame-000121.color.jpg 0.353601 0.926177 -0.114196 0.0641961 0.120371 0.785542 1.11251
data/frame-000015.color.jpg 0.400651 0.879458 0.226893 -0.120628 1.16583 1.31791 0.571918
data/frame-000026.color.jpg 0.428586 0.888634 0.142489 -0.0796353 1.13096 1.26808 0.658743
data/frame-000257.color.jpg 0.267348 0.657601 -0.632211 0.310476 -0.009298 0.893941 1.20201
data/frame-000083.color.jpg 0.410923 0.884963 -0.207666 0.0696907 1.08363 0.772362 1.20567
data/frame-000094.color.jpg 0.318566 0.911684 -0.253478 0.0556504 1.01617 0.356811 1.31618
data/frame-000219.color.jpg 0.354326 0.748564 -0.485918 0.279266 0.318039 1.56721 0.377683
data/frame-000034.color.jpg 0.462792 0.873505 0.119519 -0.0923495 1.20091 1.3614 0.527152
data/frame-000045.color.jpg 0.487561 0.857997 0.110107 -0.118333 1.46348 1.55147 0.136717
data/frame-000056.color.jpg 0.48572 0.872795 -0.0137501 -0.0460021 1.50689 1.32231 0.518449
data/frame-000276.color.jpg -0.142014 -0.395386 0.818004 -0.3929 -0.395623 1.06938 0.947327
data/frame-000287.color.jpg -0.0679054 -0.180009 0.899376 -0.392567 -0.295454 1.11942 0.889184
data/frame-000181.color.jpg 0.424013 0.885187 0.168754 -0.0904383 -0.506335 1.63469 0.213314
data/frame-000113.color.jpg 0.336562 0.93164 -0.126931 0.0515854 0.441334 0.569096 1.27952
data/frame-000238.color.jpg 0.33546 0.730378 -0.539583 0.25073 0.25395 1.24885 0.774921
data/frame-000249.color.jpg 0.360102 0.764589 -0.479049 0.237152 0.162068 1.04217 1.07096
data/frame-000260.color.jpg -0.248415 -0.619032 0.666753 -0.332462 -0.142045 0.888884 1.20948
data/frame-000143.color.jpg 0.464061 0.874654 0.108328 -0.088836 -0.237963 1.38368 0.467623
data/frame-000075.color.jpg 0.449958 0.879923 -0.142805 0.0536586 1.17955 1.05464 1.03
data/frame-000317.color.jpg 0.123862 0.118877 0.819553 -0.54668 -0.0639629 1.42939 0.555968
data/frame-000200.color.jpg 0.494401 0.86679 -0.0541512 0.036198 -0.228283 1.69458 0.0498275
data/frame-000211.color.jpg 0.423902 0.825886 -0.314289 0.198599 0.222734 1.70074 0.130801
data/frame-000222.color.jpg 0.34708 0.740771 -0.504063 0.276975 0.258814 1.51559 0.451463
data/frame-000279.color.jpg -0.112121 -0.317985 0.860522 -0.381859 -0.345318 1.0711 0.937078
data/frame-000017.color.jpg 0.398903 0.879893 0.225224 -0.126248 1.17259 1.30917 0.562703
data/frame-000028.color.jpg 0.446833 0.882506 0.122122 -0.0812978 1.14298 1.29015 0.621466
data/frame-000162.color.jpg 0.384919 0.858145 0.283613 -0.187052 -0.572457 1.48897 0.489825
data/frame-000173.color.jpg 0.344543 0.810004 0.421307 -0.218367 -0.717137 1.36687 0.616005
data/frame-000230.color.jpg 0.298656 0.677532 -0.602391 0.298127 0.353784 1.39844 0.592211
data/frame-000241.color.jpg 0.335308 0.733176 -0.5359 0.250664 0.264189 1.19603 0.849413
data/frame-000124.color.jpg 0.360458 0.926249 -0.0963018 0.0534577 0.101878 0.835317 1.0819
data/frame-000135.color.jpg 0.397538 0.909961 0.113259 -0.0332787 -0.171168 1.09897 0.805935
data/frame-000192.color.jpg 0.472043 0.881552 -0.00501535 0.00397253 -0.293438 1.69855 0.0752655
data/frame-000203.color.jpg 0.476658 0.867858 -0.120131 0.0720279 -0.113574 1.70617 0.0911517
data/frame-000097.color.jpg 0.2954 0.914467 -0.269125 0.0637218 0.922208 0.281378 1.33597
data/frame-000086.color.jpg 0.399092 0.884923 -0.225931 0.0811913 1.03913 0.690862 1.27574
data/frame-000009.color.jpg 0.396801 0.882234 0.221442 -0.123192 1.16996 1.30516 0.572208
data/frame-000154.color.jpg 0.437605 0.890773 0.0767397 -0.0955848 -0.14492 1.61089 0.272402
data/frame-000165.color.jpg 0.366977 0.853127 0.319767 -0.187755 -0.613512 1.49031 0.51169
data/frame-000299.color.jpg -0.036154 -0.0590108 0.880728 -0.468538 0.0465964 1.26274 0.735548
data/frame-000310.color.jpg 0.120574 0.110375 0.827773 -0.536723 -0.0488758 1.39585 0.588798
data/frame-000048.color.jpg 0.484608 0.86131 0.0960255 -0.118657 1.54319 1.52489 0.119788
data/frame-000105.color.jpg 0.281956 0.931575 -0.216765 0.0753818 0.690853 0.386962 1.29441
data/frame-000116.color.jpg 0.34014 0.929707 -0.127263 0.0612645 0.299419 0.616331 1.25538
data/frame-000127.color.jpg 0.385964 0.921761 -0.028837 0.0236107 0.0451454 0.92915 1.004
data/frame-000010.color.jpg 0.397539 0.881786 0.223254 -0.120718 1.16793 1.31215 0.576357
data/frame-000252.color.jpg 0.332298 0.749565 -0.513405 0.25327 0.107114 0.974009 1.13094
data/frame-000184.color.jpg 0.437668 0.895868 0.0669948 -0.0371487 -0.336993 1.70339 0.119682
data/frame-000067.color.jpg 0.467394 0.877948 -0.101006 0.0234176 1.31133 1.17569 0.870784
data/frame-000078.color.jpg 0.433026 0.884739 -0.164786 0.0507165 1.16734 0.944548 1.08456
data/frame-000089.color.jpg 0.37671 0.895708 -0.224259 0.0741886 1.03663 0.595977 1.28586
data/frame-000214.color.jpg 0.395809 0.787779 -0.405138 0.242081 0.362078 1.64358 0.22503
data/frame-000146.color.jpg 0.469753 0.877692 0.0746409 -0.058458 -0.250332 1.48518 0.344682
data/frame-000029.color.jpg 0.456651 0.877839 0.11691 -0.0848503 1.15731 1.30823 0.586784
data/frame-000040.color.jpg 0.452351 0.876462 0.126251 -0.106087 1.34893 1.47359 0.432118
data/frame-000271.color.jpg -0.228176 -0.551393 0.706621 -0.380248 -0.409514 0.984808 1.08298
data/frame-000282.color.jpg -0.116505 -0.305705 0.864677 -0.381189 -0.383344 1.04611 0.950132
data/frame-000108.color.jpg 0.307106 0.915894 -0.244447 0.0840764 0.567147 0.44439 1.30854
data/frame-000233.color.jpg 0.286955 0.661427 -0.624275 0.30075 0.380368 1.34758 0.651763
data/frame-000244.color.jpg 0.333932 0.747622 -0.515241 0.253133 0.180431 1.13117 0.93413
data/frame-000070.color.jpg 0.471301 0.875096 -0.105473 0.0309581 1.26494 1.16746 0.889079
data/frame-000301.color.jpg -0.0149327 -0.0255144 0.880744 -0.472669 0.121769 1.24435 0.763079
data/frame-000312.color.jpg 0.132827 0.130816 0.824953 -0.533569 -0.0575625 1.40073 0.588687
data/frame-000195.color.jpg 0.483775 0.874778 -0.0221897 0.0152894 -0.279694 1.69677 0.0674683
data/frame-000206.color.jpg 0.440283 0.860501 -0.220638 0.130415 0.0901987 1.70917 0.141681
data/frame-000263.color.jpg -0.242897 -0.600925 0.679086 -0.344576 -0.231122 0.910693 1.18811
data/frame-000274.color.jpg -0.172055 -0.448391 0.78635 -0.388581 -0.394816 1.04806 0.996543
data/frame-000012.color.jpg 0.3968 0.881456 0.224662 -0.122926 1.17111 1.31039 0.572714
data/frame-000023.color.jpg 0.412908 0.88729 0.183411 -0.0926484 1.13729 1.28516 0.645856
data/frame-000157.color.jpg 0.422198 0.87818 0.182519 -0.131285 -0.418514 1.56057 0.357873
data/frame-000168.color.jpg 0.35127 0.838587 0.364397 -0.201485 -0.646588 1.44849 0.560292
data/frame-000302.color.jpg 0.00506885 -0.0183947 0.875066 -0.483627 0.108623 1.25252 0.744428
data/frame-000051.color.jpg 0.489744 0.864431 0.0647799 -0.0933453 1.57709 1.48248 0.218901
data/frame-000225.color.jpg 0.344085 0.729064 -0.520745 0.280884 0.251575 1.46842 0.501366
data/frame-000236.color.jpg 0.321267 0.708201 -0.566391 0.272838 0.285045 1.30359 0.706705
data/frame-000119.color.jpg 0.341527 0.929421 -0.121773 0.068612 0.155827 0.716514 1.16961
data/frame-000264.color.jpg -0.241997 -0.594456 0.683321 -0.34804 -0.258617 0.918679 1.17703
data/frame-000042.color.jpg 0.475558 0.858392 0.14717 -0.123891 1.31824 1.57993 0.197968
data/frame-000176.color.jpg 0.396852 0.834649 0.338285 -0.177295 -0.709167 1.48327 0.416387
data/frame-000187.color.jpg 0.44515 0.894816 0.0324886 -0.00948085 -0.328651 1.70681 0.112583
data/frame-000198.color.jpg 0.492547 0.869317 -0.0320922 0.0255824 -0.270665 1.69236 0.0523558
data/frame-000321.color.jpg 0.134554 0.13206 0.808844 -0.55698 -0.0879107 1.44194 0.523353
data/frame-000081.color.jpg 0.42126 0.883801 -0.196435 0.0533883 1.14177 0.82584 1.15055
data/frame-000255.color.jpg 0.294005 0.703154 -0.584528 0.27832 0.0721175 0.911632 1.18766
data/frame-000004.color.jpg 0.40345 0.887094 0.19286 -0.114445 1.20884 1.27656 0.608444
data/frame-000138.color.jpg 0.409317 0.905456 0.105197 -0.0392728 -0.186995 1.21248 0.693129
data/frame-000149.color.jpg 0.501661 0.864586 0.021405 -0.0192203 -0.184422 1.58547 0.141405
data/frame-000160.color.jpg 0.408287 0.860769 0.250228 -0.172523 -0.540096 1.52143 0.430038
data/frame-000294.color.jpg -0.0252314 -0.074293 0.866576 -0.492838 -0.223227 1.29925 0.67323
data/frame-000283.color.jpg -0.109852 -0.309524 0.863424 -0.382918 -0.416544 1.03407 0.9601
data/frame-000032.color.jpg 0.467795 0.870989 0.116645 -0.0945545 1.17718 1.33832 0.520713
data/frame-000043.color.jpg 0.480333 0.857014 0.141549 -0.12154 1.33409 1.56817 0.15843
data/frame-000217.color.jpg 0.364749 0.757499 -0.461648 0.282904 0.348718 1.59917 0.313169
data/frame-000100.color.jpg 0.273971 0.90973 -0.302958 0.0744788 0.82659 0.184506 1.37755
data/frame-000111.color.jpg 0.32727 0.929273 -0.15908 0.0635528 0.488679 0.532669 1.28222
data/frame-000005.color.jpg 0.403787 0.88362 0.206575 -0.116184 1.17407 1.29587 0.593886
data/frame-000179.color.jpg 0.416133 0.868794 0.236862 -0.126197 -0.605077 1.57904 0.284231
data/frame-000324.color.jpg 0.142447 0.150181 0.804332 -0.556959 -0.0846775 1.44998 0.5136
data/frame-000062.color.jpg 0.479495 0.875505 -0.0594305 -0.00652825 1.39663 1.25607 0.71378
data/frame-000073.color.jpg 0.458562 0.878022 -0.128494 0.047838 1.20734 1.10384 0.982846
data/frame-000130.color.jpg 0.399676 0.912819 0.0799734 -0.0250017 -0.048388 0.966526 0.947078
data/frame-000024.color.jpg 0.413985 0.890258 0.169673 -0.085254 1.13054 1.2692 0.667328
data/frame-000035.color.jpg 0.463922 0.872931 0.119349 -0.0923247 1.23424 1.38243 0.512819
data/frame-000266.color.jpg -0.2326 -0.585925 0.69055 -0.354583 -0.32907 0.911144 1.16399
data/frame-000277.color.jpg -0.131708 -0.371417 0.829774 -0.395193 -0.386072 1.08242 0.933496
data/frame-000092.color.jpg 0.33822 0.908912 -0.237619 0.054995 1.04858 0.440442 1.29202
data/frame-000228.color.jpg 0.326886 0.700055 -0.562823 0.293768 0.329815 1.44471 0.531466
data/frame-000239.color.jpg 0.343216 0.739497 -0.523207 0.248197 0.235104 1.24251 0.798523
data/frame-000122.color.jpg 0.356144 0.926775 -0.0998724 0.0653834 0.103131 0.815567 1.09656
data/frame-000296.color.jpg -0.0157553 -0.126479 0.876768 -0.463717 -0.293771 1.23629 0.761972
data/frame-000307.color.jpg 0.0947006 0.0733531 0.838876 -0.530978 -0.0276365 1.36064 0.610507
data/frame-000190.color.jpg 0.465651 0.884961 0.00335811 0.000963566 -0.299426 1.71145 0.0718539
data/frame-000247.color.jpg 0.357838 0.763837 -0.480173 0.240703 0.16365 1.09197 1.009
data/frame-000258.color.jpg -0.256865 -0.643476 0.647785 -0.316756 -0.0425264 0.878635 1.21045
data/frame-000269.color.jpg -0.236314 -0.574569 0.692527 -0.366651 -0.37898 0.940038 1.13534
data/frame-000007.color.jpg 0.405213 0.880888 0.213995 -0.118509 1.15957 1.30644 0.577624
data/frame-000018.color.jpg 0.39991 0.879972 0.222514 -0.127318 1.1817 1.30669 0.559505
data/frame-000141.color.jpg 0.465249 0.872821 0.122728 -0.0816357 -0.241712 1.33079 0.50081
data/frame-000152.color.jpg 0.466207 0.883913 0.00809876 -0.0358105 -0.0571271 1.6078 0.204068
data/frame-000326.color.jpg 0.154819 0.165017 0.799806 -0.555978 -0.0917038 1.44632 0.499062
data/frame-000209.color.jpg 0.42695 0.843736 -0.283482 0.159564 0.208977 1.70378 0.14722
data/frame-000220.color.jpg 0.356607 0.743633 -0.489878 0.282595 0.296248 1.55969 0.381249
data/frame-000103.color.jpg 0.276179 0.922417 -0.256323 0.0846821 0.722579 0.305897 1.34006
data/frame-000114.color.jpg 0.335022 0.931605 -0.128812 0.0572608 0.373055 0.568001 1.28393
data/frame-000288.color.jpg -0.056785 -0.153592 0.898978 -0.406231 -0.276606 1.14827 0.855366
data/frame-000037.color.jpg 0.470721 0.86835 0.119461 -0.100594 1.3214 1.41702 0.448324
data/frame-000171.color.jpg 0.347359 0.816027 0.409966 -0.213002 -0.699407 1.38696 0.595578
data/frame-000182.color.jpg 0.425762 0.890903 0.13706 -0.0789477 -0.448932 1.66276 0.191151
data/frame-000316.color.jpg 0.123858 0.120277 0.820156 -0.54547 -0.0575106 1.4174 0.561808
data/frame-000065.color.jpg 0.471923 0.876962 -0.089914 0.0119133 1.33986 1.19716 0.817347
data/frame-000076.color.jpg 0.445864 0.88049 -0.151607 0.0543821 1.16795 1.01966 1.05139
data/frame-000250.color.jpg 0.354367 0.761131 -0.487297 0.240093 0.146629 1.01707 1.09328
data/frame-000133.color.jpg 0.408821 0.906441 0.100637 -0.0331921 -0.121838 1.05222 0.864063
data/frame-000144.color.jpg 0.461163 0.878126 0.098481 -0.0807811 -0.245408 1.40737 0.44638
data/frame-000278.color.jpg -0.121272 -0.339348 0.848153 -0.388294 -0.354448 1.08009 0.93544
data/frame-000289.color.jpg -0.0442721 -0.129902 0.89692 -0.420358 -0.259292 1.17884 0.823376
data/frame-000027.color.jpg 0.437497 0.885633 0.132929 -0.0811212 1.13529 1.27787 0.638258
data/frame-000201.color.jpg 0.489301 0.868036 -0.0702148 0.0465596 -0.203707 1.70014 0.0694438
data/frame-000084.color.jpg 0.406834 0.884794 -0.215105 0.0731777 1.06892 0.739897 1.22966
data/frame-000095.color.jpg 0.30723 0.913892 -0.258478 0.0600011 0.973201 0.323936 1.33307
data/frame-000106.color.jpg 0.29156 0.924761 -0.230537 0.0816196 0.644005 0.403124 1.29819
data/frame-000231.color.jpg 0.290596 0.660814 -0.620722 0.305912 0.367399 1.38454 0.608899
data/frame-000163.color.jpg 0.375312 0.856966 0.300531 -0.185556 -0.594031 1.48052 0.509329
data/frame-000319.color.jpg 0.132179 0.129089 0.809957 -0.556628 -0.0815959 1.44098 0.528185
data/frame-000046.color.jpg 0.486134 0.858975 0.103762 -0.122757 1.50387 1.53374 0.122808
data/frame-000057.color.jpg 0.483915 0.874066 -0.022258 -0.036602 1.48421 1.30566 0.563984
data/frame-000068.color.jpg 0.462562 0.880201 -0.103127 0.0254293 1.30142 1.16458 0.890947
data/frame-000193.color.jpg 0.477239 0.878699 -0.00813366 0.00806948 -0.296672 1.69734 0.0691406
data/frame-000125.color.jpg 0.366762 0.925933 -0.0791443 0.0432347 0.100669 0.859246 1.05875
data/frame-000019.color.jpg 0.400451 0.879765 0.222973 -0.126236 1.18267 1.30991 0.558168
data/frame-000030.color.jpg 0.464574 0.872984 0.117076 -0.091455 1.16905 1.32527 0.547067
data/frame-000261.color.jpg -0.246496 -0.609757 0.67389 -0.336612 -0.175946 0.893654 1.2058
data/frame-000087.color.jpg 0.397444 0.885281 -0.221674 0.0957905 0.996153 0.699753 1.30085
data/frame-000318.color.jpg 0.126253 0.12689 0.812742 -0.554446 -0.0647488 1.43471 0.533126
data/frame-000212.color.jpg 0.408639 0.816722 -0.347456 0.212731 0.269095 1.67935 0.177787
data/frame-000223.color.jpg 0.345153 0.736497 -0.50955 0.280713 0.244701 1.49874 0.469524
data/frame-000049.color.jpg 0.486996 0.862365 0.0867905 -0.107836 1.55302 1.51407 0.150502
data/frame-000280.color.jpg -0.10494 -0.304297 0.867002 -0.380393 -0.354812 1.06508 0.93303
data/frame-000291.color.jpg -0.0396315 -0.108258 0.887135 -0.446878 -0.235502 1.21978 0.773053
data/frame-000174.color.jpg 0.348269 0.817056 0.409632 -0.208159 -0.71562 1.3873 0.606048
data/frame-000185.color.jpg 0.443168 0.894897 0.0480038 -0.0213707 -0.317861 1.7106 0.10145
data/frame-000242.color.jpg 0.335663 0.73223 -0.538984 0.246305 0.280077 1.1773 0.859547
data/frame-000253.color.jpg 0.31086 0.728585 -0.551592 0.261296 0.106539 0.931184 1.17062
data/frame-000002.color.jpg 0.398665 0.892548 0.179894 -0.109826 1.25771 1.24396 0.623747
data/frame-000136.color.jpg 0.389159 0.913308 0.114852 -0.0350978 -0.171803 1.10999 0.794857
data/frame-000147.color.jpg 0.479994 0.875049 0.0496946 -0.03775 -0.218785 1.52683 0.263985
data/frame-000059.color.jpg 0.479367 0.876405 -0.0404062 -0.0220931 1.44493 1.28007 0.644186
data/frame-000204.color.jpg 0.460376 0.870215 -0.153406 0.0851293 -0.0422451 1.70424 0.120359
data/frame-000215.color.jpg 0.379835 0.774448 -0.432131 0.263095 0.377151 1.62101 0.269447
data/frame-000098.color.jpg 0.294029 0.913345 -0.274614 0.062735 0.904237 0.260627 1.3426
data/frame-000272.color.jpg -0.218796 -0.518572 0.732015 -0.383882 -0.392353 1.02568 1.05083
data/frame-000021.color.jpg 0.407366 0.88154 0.211328 -0.110816 1.15469 1.31487 0.594834
data/frame-000155.color.jpg 0.435951 0.884773 0.12461 -0.107686 -0.271974 1.58553 0.293487
data/frame-000166.color.jpg 0.364128 0.849811 0.330425 -0.189874 -0.621828 1.48242 0.518116
data/frame-000177.color.jpg 0.405346 0.842567 0.311737 -0.169102 -0.685601 1.51667 0.373342
data/frame-000311.color.jpg 0.126853 0.122409 0.82544 -0.536259 -0.0518656 1.40155 0.585739
data/frame-000060.color.jpg 0.480773 0.875405 -0.0480392 -0.014693 1.42205 1.27104 0.671277
data/frame-000234.color.jpg 0.295768 0.674954 -0.609436 0.292483 0.360604 1.34167 0.661625
data/frame-000117.color.jpg 0.343545 0.925728 -0.143417 0.0666039 0.243883 0.648358 1.22892
data/frame-000128.color.jpg 0.385674 0.92236 0.0121334 0.0190085 -0.0319976 0.93039 0.986623
data/frame-000139.color.jpg 0.436 0.890167 0.112341 -0.0699047 -0.161147 1.28093 0.610605
data/frame-000273.color.jpg -0.198413 -0.479865 0.762161 -0.386617 -0.385436 1.04583 1.02216
data/frame-000022.color.jpg 0.411478 0.883379 0.199592 -0.10242 1.14368 1.30622 0.615693
data/frame-000196.color.jpg 0.486199 0.873204 -0.0273258 0.019434 -0.276643 1.69625 0.0680693
data/frame-000079.color.jpg 0.428011 0.885617 -0.172901 0.0509389 1.16448 0.91059 1.10346
data/frame-000090.color.jpg 0.36945 0.898172 -0.228663 0.0671377 1.04453 0.553564 1.28178
data/frame-000101.color.jpg 0.281357 0.909448 -0.29504 0.08182 0.780631 0.239824 1.3686
data/frame-000158.color.jpg 0.418755 0.872007 0.207393 -0.145729 -0.472174 1.54528 0.377512
data/frame-000314.color.jpg 0.130917 0.13263 0.819641 -0.541719 -0.0512574 1.40847 0.566509
data/frame-000041.color.jpg 0.463071 0.865302 0.140898 -0.130254 1.34546 1.54166 0.258347
data/frame-000052.color.jpg 0.492744 0.864736 0.048249 -0.0843018 1.57366 1.44211 0.264665
data/frame-000109.color.jpg 0.31752 0.918573 -0.220504 0.0823539 0.527065 0.489819 1.30518
data/frame-000120.color.jpg 0.352213 0.926805 -0.110581 0.0689214 0.127036 0.76732 1.13121
data/frame-000014.color.jpg 0.398767 0.880195 0.226078 -0.123005 1.16946 1.31336 0.568975
data/frame-000245.color.jpg 0.341278 0.757067 -0.496288 0.253133 0.151642 1.12672 0.954173
data/frame-000256.color.jpg 0.281506 0.68422 -0.604222 0.295826 0.0297622 0.908536 1.19074
data/frame-000071.color.jpg 0.467652 0.875931 -0.112319 0.0378274 1.24777 1.15287 0.920291
data/frame-000082.color.jpg 0.413971 0.885231 -0.203501 0.0598403 1.11525 0.787957 1.18323
data/frame-000313.color.jpg 0.133861 0.137325 0.820429 -0.538627 -0.0505461 1.40201 0.572619
data/frame-000207.color.jpg 0.436275 0.854129 -0.244438 0.142752 0.1407 1.70855 0.14409
data/frame-000218.color.jpg 0.356992 0.753464 -0.477988 0.276363 0.345076 1.57311 0.357808
data/frame-000044.color.jpg 0.4839 0.858287 0.126471 -0.114841 1.38896 1.57767 0.162947
data/frame-000275.color.jpg -0.153762 -0.420861 0.804188 -0.39053 -0.399455 1.0552 0.9714
data/frame-000286.color.jpg -0.0757634 -0.197835 0.897146 -0.387621 -0.309446 1.1076 0.904165
data/frame-000013.color.jpg 0.397448 0.881168 0.224044 -0.124025 1.17922 1.30853 0.568741
data/frame-000169.color.jpg 0.345608 0.830902 0.383182 -0.208155 -0.656712 1.42839 0.586722
data/frame-000226.color.jpg 0.338353 0.724561 -0.532512 0.277417 0.274856 1.45405 0.527889
data/frame-000237.color.jpg 0.330902 0.720495 -0.549702 0.263093 0.255955 1.28336 0.737076
data/frame-000248.color.jpg 0.359461 0.76514 -0.478568 0.237318 0.166077 1.06386 1.04568
data/frame-000131.color.jpg 0.403251 0.908715 0.100708 -0.0385206 -0.0504938 0.983912 0.93527
data/frame-000305.color.jpg 0.0653952 0.043737 0.853624 -0.514914 0.0147052 1.32769 0.664792
data/frame-000054.color.jpg 0.488103 0.869873 0.0201655 -0.0683351 1.53375 1.38208 0.38323
data/frame-000188.color.jpg 0.451745 0.891881 0.0207464 -0.0066765 -0.315246 1.7116 0.0990898
data/frame-000199.color.jpg 0.495616 0.867234 -0.0389333 0.0274807 -0.255821 1.69845 0.0464727
data/frame-000210.color.jpg 0.430396 0.831574 -0.299061 0.183866 0.212184 1.70922 0.118585
data/frame-000093.color.jpg 0.32711 0.911217 -0.24447 0.0540085 1.03431 0.396321 1.30416
data/frame-000267.color.jpg -0.231882 -0.582489 0.692679 -0.356557 -0.34683 0.91236 1.15926
data/frame-000016.color.jpg 0.399456 0.87995 0.224729 -0.124981 1.17318 1.3089 0.565204
data/frame-000150.color.jpg 0.501372 0.86506 0.0127865 -0.0115749 -0.169751 1.60043 0.123582
data/frame-000161.color.jpg 0.397138 0.85902 0.267001 -0.181871 -0.553931 1.4993 0.46422
data/frame-000172.color.jpg 0.347792 0.810981 0.417418 -0.217056 -0.71453 1.37634 0.596648
data/frame-000306.color.jpg 0.076241 0.0592247 0.848895 -0.51967 -0.00384472 1.337 0.649285
data/frame-000055.color.jpg 0.485562 0.872336 0.00180621 -0.0570596 1.52556 1.35027 0.457487
data/frame-000229.color.jpg 0.319422 0.689538 -0.57756 0.298215 0.343458 1.42934 0.544777
data/frame-000123.color.jpg 0.362661 0.924916 -0.0959347 0.061673 0.101026 0.835685 1.08925
data/frame-000112.color.jpg 0.332231 0.931799 -0.135927 0.0538327 0.47312 0.550271 1.27355
data/frame-000268.color.jpg -0.234231 -0.578419 0.692599 -0.361765 -0.3695 0.92404 1.14852
data/frame-000006.color.jpg 0.402584 0.883507 0.208681 -0.11745 1.17445 1.29595 0.589463
data/frame-000180.color.jpg 0.41992 0.87639 0.207867 -0.111351 -0.567105 1.60588 0.253039
data/frame-000191.color.jpg 0.46451 0.885563 0.000118749 0.00305207 -0.299727 1.70491 0.086098
data/frame-000325.color.jpg 0.151053 0.158978 0.802343 -0.555117 -0.091927 1.44639 0.507384
data/frame-000074.color.jpg 0.454741 0.878783 -0.135235 0.0516016 1.18529 1.07918 1.00638
data/frame-000085.color.jpg 0.402917 0.88358 -0.225711 0.0774524 1.05032 0.702276 1.26014
data/frame-000142.color.jpg 0.470855 0.8704 0.118401 -0.0817319 -0.257122 1.35532 0.470972
data/frame-000153.color.jpg 0.444137 0.891539 0.039295 -0.0797271 -0.0677951 1.61361 0.254577
data/frame-000298.color.jpg -0.0436865 -0.0942805 0.87876 -0.465815 -0.058618 1.26651 0.735652
data/frame-000047.color.jpg 0.485694 0.859187 0.100886 -0.125382 1.52759 1.52466 0.10081
data/frame-000036.color.jpg 0.470821 0.868066 0.121746 -0.0998374 1.27799 1.40525 0.462213
data/frame-000104.color.jpg 0.27265 0.93082 -0.229 0.0824353 0.696979 0.343888 1.322
data/frame-000115.color.jpg 0.341501 0.929577 -0.125829 0.0585755 0.344853 0.598972 1.27094
data/frame-000240.color.jpg 0.344863 0.738493 -0.525492 0.244041 0.255026 1.22541 0.824983
data/frame-000099.color.jpg 0.281666 0.910198 -0.295463 0.0700415 0.85679 0.205833 1.36841
data/frame-000066.color.jpg 0.469271 0.877657 -0.0958967 0.0175017 1.32312 1.18423 0.844849
data/frame-000308.color.jpg 0.103297 0.083084 0.832997 -0.537162 -0.0346654 1.37534 0.590672
data/frame-000297.color.jpg -0.036317 -0.129153 0.872001 -0.47076 -0.221052 1.25711 0.737112
data/frame-000202.color.jpg 0.484458 0.867122 -0.0983865 0.060988 -0.149179 1.70052 0.0774242
data/frame-000134.color.jpg 0.405539 0.906983 0.107617 -0.0365858 -0.143498 1.07026 0.839372
data/frame-000259.color.jpg -0.251145 -0.631034 0.658075 -0.325054 -0.0830478 0.879139 1.21024
data/frame-000270.color.jpg -0.23783 -0.56481 0.696829 -0.372634 -0.386759 0.965373 1.11387
data/frame-000281.color.jpg -0.114758 -0.303236 0.868077 -0.375927 -0.358791 1.05253 0.94951
data/frame-000008.color.jpg 0.398883 0.883045 0.214957 -0.122137 1.17521 1.29703 0.577561
data/frame-000164.color.jpg 0.36568 0.855942 0.313631 -0.187821 -0.602072 1.49229 0.521054
data/frame-000232.color.jpg 0.284691 0.650002 -0.631393 0.312715 0.381478 1.36556 0.630431
data/frame-000243.color.jpg 0.333968 0.727699 -0.542233 0.254758 0.250456 1.15804 0.891544
data/frame-000221.color.jpg 0.349939 0.743839 -0.496603 0.278625 0.273358 1.53484 0.421381
data/frame-000126.color.jpg 0.374186 0.925087 -0.0536491 0.0363374 0.0744373 0.896395 1.02974
data/frame-000300.color.jpg -0.0258639 -0.0344017 0.88102 -0.471118 0.119253 1.25076 0.748913
data/frame-000038.color.jpg 0.462981 0.872622 0.117449 -0.101906 1.34243 1.41681 0.456893
data/frame-000183.color.jpg 0.43079 0.895269 0.0969715 -0.0592498 -0.371454 1.68714 0.152135
data/frame-000194.color.jpg 0.481306 0.876329 -0.0149208 0.0129979 -0.292075 1.69536 0.0680727
data/frame-000077.color.jpg 0.438557 0.883106 -0.158316 0.0522285 1.16564 0.978426 1.06885
data/frame-000251.color.jpg 0.343591 0.752718 -0.503097 0.249509 0.11924 0.995811 1.11388
data/frame-000262.color.jpg -0.244531 -0.605068 0.676532 -0.341177 -0.206553 0.903326 1.1975
data/frame-000011.color.jpg 0.398488 0.88136 0.222847 -0.121457 1.17238 1.31111 0.573296
data/frame-000000.color.jpg 0.39585 0.902928 0.152847 -0.0682723 1.25781 1.19976 0.752786
data/frame-000145.color.jpg 0.4665 0.877223 0.0896664 -0.0694001 -0.260138 1.44136 0.393886
data/frame-000156.color.jpg 0.430458 0.878065 0.170278 -0.121298 -0.395543 1.55467 0.326278
data/frame-000290.color.jpg -0.044526 -0.113895 0.892795 -0.433546 -0.234877 1.20312 0.798501
data/frame-000039.color.jpg 0.455203 0.876899 0.119394 -0.0978983 1.33614 1.43846 0.462096
data/frame-000213.color.jpg 0.401481 0.802691 -0.376905 0.229004 0.310853 1.66256 0.201964
data/frame-000224.color.jpg 0.344564 0.730623 -0.51835 0.280676 0.255499 1.47915 0.48886
data/frame-000096.color.jpg 0.297743 0.915669 -0.263562 0.0585945 0.94283 0.280478 1.33418
data/frame-000107.color.jpg 0.297434 0.920061 -0.239647 0.0871252 0.599981 0.419509 1.30769
data/frame-000118.color.jpg 0.338998 0.928406 -0.136188 0.0677871 0.196104 0.670604 1.2033
data/frame-000001.color.jpg 0.398186 0.89677 0.166981 -0.096791 1.26568 1.22584 0.665124
data/frame-000175.color.jpg 0.363139 0.820459 0.393468 -0.200399 -0.741898 1.40124 0.549698
data/frame-000309.color.jpg 0.111676 0.0994966 0.829133 -0.538671 -0.0366914 1.3889 0.58708
data/frame-000320.color.jpg 0.13336 0.130807 0.808929 -0.557439 -0.0860426 1.43824 0.525122
data/frame-000058.color.jpg 0.481137 0.875475 -0.0316883 -0.0323681 1.472 1.28608 0.596843
data/frame-000069.color.jpg 0.473898 0.875191 -0.0946651 0.0223729 1.28901 1.19296 0.846347
data/frame-000080.color.jpg 0.425037 0.884854 -0.184304 0.0490789 1.15935 0.866946 1.12006
data/frame-000137.color.jpg 0.394206 0.911719 0.10965 -0.0366934 -0.17619 1.15326 0.753683
data/frame-000293.color.jpg -0.0154153 -0.0749391 0.876719 -0.474879 -0.240033 1.26126 0.71221
data/frame-000020.color.jpg 0.401941 0.88065 0.220304 -0.119851 1.17045 1.31453 0.573967
data/frame-000031.color.jpg 0.467138 0.871076 0.118185 -0.0950849 1.1756 1.33605 0.525384
data/frame-000205.color.jpg 0.453573 0.867001 -0.18171 0.0977828 0.0209058 1.70648 0.126826
data/frame-000088.color.jpg 0.389221 0.889499 -0.222656 0.087881 1.01063 0.654998 1.29971
