data/frame-000010.color.jpg 0.424433 0.744136 -0.479228 0.190940 3.400512 1.240292 0.140645 0.341609 0.053602
data/frame-000011.color.jpg 0.428225 0.746267 -0.473237 0.189091 3.389023 1.272075 0.103791 0.327475 0.043175
data/frame-000012.color.jpg 0.437322 0.746245 -0.465152 0.188418 3.371798 1.298899 0.016893 0.646140 0.055674
data/frame-000013.color.jpg 0.437240 0.748112 -0.462397 0.187985 3.361413 1.324910 0.013544 0.446990 0.051344
data/frame-000014.color.jpg 0.441747 0.747109 -0.457905 0.192383 3.348597 1.354763 -0.010724 0.338964 0.051619
data/frame-000015.color.jpg 0.445399 0.745111 -0.457098 0.193626 3.344845 1.359829 -0.018315 0.376657 0.043387
data/frame-000016.color.jpg 0.447913 0.742550 -0.456890 0.198103 3.327492 1.371500 -0.018600 0.560369 0.049852
data/frame-000017.color.jpg 0.449882 0.739121 -0.459804 0.199715 3.323657 1.361829 -0.006633 0.542788 0.042480
data/frame-000018.color.jpg 0.448329 0.739706 -0.459938 0.200735 3.305939 1.371099 0.003018 0.762125 0.045380
data/frame-000019.color.jpg 0.448869 0.738843 -0.460358 0.201738 3.317066 1.385491 -0.009309 0.563444 0.044382
data/frame-000020.color.jpg 0.446918 0.740481 -0.458493 0.204294 3.302353 1.420214 -0.004503 0.470801 0.039128
data/frame-000021.color.jpg 0.444917 0.741394 -0.458655 0.204985 3.298891 1.429682 0.009463 0.494839 0.036052
data/frame-000022.color.jpg 0.443179 0.743344 -0.457753 0.203699 3.290319 1.455849 -0.009041 0.689502 0.042523
data/frame-000023.color.jpg 0.441795 0.742188 -0.463834 0.197058 3.301759 1.447124 -0.046402 0.722986 0.021743
data/frame-000024.color.jpg 0.436262 0.740579 -0.472130 0.195732 3.316483 1.436254 -0.021606 0.735258 0.022385
data/frame-000025.color.jpg 0.433868 0.740778 -0.474074 0.195603 3.324196 1.445678 -0.009790 0.828047 0.023407
data/frame-000026.color.jpg 0.438124 0.736732 -0.477939 0.191956 3.342420 1.421458 -0.056783 0.762127 0.023244
data/frame-000027.color.jpg 0.447156 0.734340 -0.470269 0.199108 3.326553 1.534845 -0.174065 0.651153 0.016859
data/frame-000028.color.jpg 0.448901 0.735353 -0.466991 0.199155 3.317659 1.564702 -0.205198 0.676626 0.014623
data/frame-000029.color.jpg 0.450631 0.735906 -0.466797 0.193584 3.313468 1.578502 -0.277460 0.554864 0.012274
data/frame-000030.color.jpg 0.452346 0.736038 -0.468514 0.184731 3.323308 1.563689 -0.336546 0.512579 0.014574
data/frame-000031.color.jpg 0.453372 0.736080 -0.468847 0.181172 3.323443 1.562606 -0.355772 0.468266 0.015850
data/frame-000032.color.jpg 0.463261 0.730875 -0.469323 0.175916 3.316963 1.544426 -0.464997 0.468569 0.013806
data/frame-000033.color.jpg 0.479012 0.742565 -0.432016 0.180295 3.091642 1.814364 -0.756348 0.463310 0.010756
data/frame-000034.color.jpg 0.482654 0.744790 -0.422441 0.184056 3.024354 1.883352 -0.816425 0.402880 0.009496
data/frame-000035.color.jpg 0.487914 0.747784 -0.411895 0.181937 2.960600 1.929432 -0.903881 0.437227 0.010018
data/frame-000036.color.jpg 0.488214 0.752800 -0.402047 0.182473 2.889194 2.014510 -0.959588 0.292454 0.010642
data/frame-000037.color.jpg 0.490386 0.753753 -0.401087 0.174662 2.861906 2.030495 -1.017634 0.476795 0.015981
data/frame-000038.color.jpg 0.485188 0.752963 -0.408316 0.175834 2.885972 2.052425 -1.001533 0.643379 0.017915
data/frame-000039.color.jpg 0.480636 0.746361 -0.422369 0.183137 2.955496 2.035110 -0.944090 0.610720 0.015908
data/frame-000040.color.jpg 0.484041 0.738655 -0.428865 0.190178 2.986722 1.997785 -0.950819 0.449954 0.011504
data/frame-000041.color.jpg 0.484634 0.733758 -0.435049 0.193551 3.019832 1.984971 -0.953713 0.130831 0.001225
data/frame-000042.color.jpg 0.485404 0.731486 -0.436703 0.196473 3.034458 1.976566 -0.953613 0.380118 0.008457
data/frame-000043.color.jpg 0.481600 0.727511 -0.443185 0.205854 3.061736 1.996543 -0.924452 0.140511 0.001063
data/frame-000044.color.jpg 0.485693 0.720070 -0.449568 0.208545 3.119432 1.970467 -0.979597 0.395629 0.004999
data/frame-000045.color.jpg 0.492540 0.716745 -0.449716 0.203562 3.111170 1.958991 -1.055872 0.310982 0.007809
data/frame-000046.color.jpg 0.496362 0.713114 -0.450825 0.204573 3.123464 1.955537 -1.086697 0.382092 0.010830
data/frame-000047.color.jpg 0.504135 0.707268 -0.448857 0.210113 3.122061 1.923120 -1.128448 0.445395 0.009885
data/frame-000048.color.jpg 0.505818 0.704323 -0.449025 0.215530 3.126273 1.917866 -1.127348 0.557437 0.013740
data/frame-000049.color.jpg 0.504632 0.703336 -0.451457 0.216452 3.133164 1.926070 -1.110240 0.305105 0.010132
data/frame-000050.color.jpg 0.507781 0.701266 -0.450366 0.218070 3.128298 1.908341 -1.126912 0.393562 0.006945
data/frame-000051.color.jpg 0.508635 0.698381 -0.454494 0.216772 3.135074 1.886649 -1.121157 0.352642 0.012799
data/frame-000052.color.jpg 0.507273 0.691414 -0.462682 0.224826 3.180363 1.840216 -1.055961 0.428230 0.009041
data/frame-000053.color.jpg 0.495886 0.686164 -0.481049 0.227746 3.218759 1.780655 -0.913713 0.507639 0.015547
data/frame-000054.color.jpg 0.494852 0.681910 -0.486527 0.231110 3.215882 1.731529 -0.866194 0.788127 0.018184
data/frame-000055.color.jpg 0.485809 0.685251 -0.490653 0.231690 3.197132 1.751740 -0.787921 0.639553 0.014824
data/frame-000056.color.jpg 0.484347 0.686068 -0.490239 0.233203 3.188353 1.759417 -0.774331 1.065615 0.024841
data/frame-000057.color.jpg 0.475591 0.687699 -0.495611 0.235058 3.176030 1.758147 -0.684716 0.901735 0.020688
data/frame-000058.color.jpg 0.450643 0.696078 -0.509196 0.230470 3.098840 1.749372 -0.484972 0.398656 0.004784
data/frame-000059.color.jpg 0.445055 0.696044 -0.514720 0.229154 3.073511 1.729372 -0.431594 0.565539 0.010627
data/frame-000060.color.jpg 0.445618 0.693342 -0.515592 0.234235 3.066981 1.704171 -0.417304 0.564902 0.011522
data/frame-000061.color.jpg 0.438984 0.693636 -0.520444 0.235159 3.059668 1.691988 -0.352753 0.594126 0.012585
data/frame-000062.color.jpg 0.431899 0.693358 -0.528579 0.230915 3.040965 1.642969 -0.287937 0.492231 0.012212
data/frame-000063.color.jpg 0.426268 0.690830 -0.534329 0.235673 3.038661 1.615089 -0.226875 0.469458 0.014118
data/frame-000064.color.jpg 0.416131 0.692522 -0.538674 0.238911 3.038816 1.613003 -0.146323 0.244647 0.010702
data/frame-000065.color.jpg 0.403892 0.693618 -0.545687 0.240814 3.042024 1.596027 -0.043196 0.490100 0.013173
data/frame-000066.color.jpg 0.397741 0.695524 -0.550829 0.233741 3.052794 1.573677 -0.000116 0.740158 0.018435
data/frame-000067.color.jpg 0.394414 0.690609 -0.557313 0.238536 3.074559 1.504303 0.065855 0.556047 0.017924
data/frame-000068.color.jpg 0.392464 0.691798 -0.558839 0.234705 3.073303 1.498628 0.075951 0.459977 0.014089
data/frame-000069.color.jpg 0.388265 0.684535 -0.572895 0.229027 3.105150 1.346457 0.188876 0.217817 0.005975
data/frame-000070.color.jpg 0.382221 0.685265 -0.576252 0.228588 3.093834 1.319599 0.251893 0.972796 0.023862
data/frame-000071.color.jpg 0.368212 0.682947 -0.586039 0.233584 3.093313 1.250500 0.385197 0.510777 0.014157
data/frame-000072.color.jpg 0.370068 0.682178 -0.585899 0.233249 3.087690 1.233482 0.376561 0.358720 0.009876
data/frame-000073.color.jpg 0.364710 0.682138 -0.590258 0.230802 3.081669 1.207617 0.421212 0.780378 0.019769
data/frame-000074.color.jpg 0.363105 0.680272 -0.592925 0.232002 3.099564 1.170646 0.439222 0.370047 0.014634
data/frame-000075.color.jpg 0.362697 0.682778 -0.592680 0.225822 3.089036 1.169578 0.429374 0.361442 0.008858
data/frame-000076.color.jpg 0.359330 0.684854 -0.593037 0.223974 3.068980 1.153745 0.447735 0.354237 0.009489
data/frame-000077.color.jpg 0.357516 0.686012 -0.594760 0.218700 3.059150 1.126793 0.465253 0.675795 0.017781
data/frame-000078.color.jpg 0.363488 0.687777 -0.589448 0.217694 3.034628 1.100359 0.439592 0.150261 0.003422
data/frame-000079.color.jpg 0.360662 0.690962 -0.588917 0.213708 3.024622 1.109025 0.446961 0.526492 0.013267
data/frame-000080.color.jpg 0.359061 0.694740 -0.585749 0.212860 2.999339 1.098330 0.465164 0.248403 0.006259
data/frame-000081.color.jpg 0.356245 0.698954 -0.581909 0.214323 2.954170 1.081570 0.504327 0.399989 0.012136
data/frame-000082.color.jpg 0.355550 0.700254 -0.581075 0.213496 2.947602 1.079143 0.508816 0.510911 0.014500
data/frame-000083.color.jpg 0.350554 0.704341 -0.581132 0.208088 2.929111 1.055928 0.530134 0.579824 0.015754
data/frame-000084.color.jpg 0.343978 0.705697 -0.586840 0.198218 2.929023 0.978801 0.565041 0.277264 0.007224
data/frame-000085.color.jpg 0.335881 0.705561 -0.591946 0.197400 2.945049 0.936746 0.628457 0.715181 0.021720
data/frame-000086.color.jpg 0.338302 0.707659 -0.589211 0.193909 2.924375 0.924913 0.604053 0.285175 0.006993
data/frame-000087.color.jpg 0.331235 0.707602 -0.592671 0.195766 2.923823 0.897958 0.656530 0.329450 0.009841
data/frame-000088.color.jpg 0.324100 0.699181 -0.606684 0.195037 2.930682 0.782543 0.736976 0.241755 0.007052
data/frame-000089.color.jpg 0.313992 0.695590 -0.615764 0.195953 2.933581 0.721440 0.820254 0.471901 0.013612
data/frame-000090.color.jpg 0.310561 0.685858 -0.628873 0.194088 2.949393 0.605776 0.871749 0.393102 0.008687
data/frame-000091.color.jpg 0.310448 0.682324 -0.633807 0.190644 2.954083 0.554827 0.876025 0.355738 0.007673
data/frame-000092.color.jpg 0.307715 0.675630 -0.642349 0.190323 2.952404 0.470814 0.918465 0.291119 0.007134
data/frame-000093.color.jpg 0.303830 0.665937 -0.654339 0.189884 2.951429 0.366320 0.973785 0.299659 0.007968
data/frame-000094.color.jpg 0.286113 0.638737 -0.683781 0.206391 2.887041 0.173008 1.213828 0.375980 0.008007
data/frame-000095.color.jpg 0.272514 0.617570 -0.705201 0.216875 2.812986 0.043008 1.374521 0.554861 0.013755
data/frame-000096.color.jpg 0.274895 0.596625 -0.719995 0.223783 2.759371 -0.069928 1.443452 0.224593 0.004927
data/frame-000097.color.jpg 0.273144 0.582580 -0.730559 0.228639 2.722658 -0.138855 1.502171 0.433532 0.011333
data/frame-000098.color.jpg 0.276385 0.567921 -0.737961 0.237676 2.673080 -0.182020 1.548733 0.372038 0.008900
data/frame-000099.color.jpg 0.268365 0.553258 -0.748464 0.248370 2.602466 -0.222555 1.648718 0.455380 0.012340
data/frame-000100.color.jpg 0.266139 0.548200 -0.752308 0.250360 2.572695 -0.236117 1.676741 0.212441 0.006497
data/frame-000101.color.jpg 0.260606 0.535029 -0.760996 0.258291 2.510777 -0.272575 1.746373 0.281767 0.006309
data/frame-000102.color.jpg 0.253852 0.521225 -0.770157 0.265973 2.441929 -0.315422 1.823809 0.297990 0.003386
data/frame-000103.color.jpg 0.248113 0.511042 -0.777141 0.270791 2.399010 -0.349573 1.878696 0.515570 0.012697
data/frame-000104.color.jpg 0.243570 0.499744 -0.784770 0.273982 2.344322 -0.385360 1.917401 0.549039 0.015497
data/frame-000105.color.jpg 0.235703 0.487859 -0.791400 0.283061 2.266699 -0.383418 1.974084 0.691502 0.017215
data/frame-000106.color.jpg 0.234887 0.481927 -0.794000 0.286598 2.239440 -0.383138 1.987170 0.632361 0.016604
data/frame-000107.color.jpg 0.229158 0.466867 -0.800385 0.298171 2.151855 -0.361874 2.032606 0.949950 0.025311
data/frame-000108.color.jpg 0.230058 0.457169 -0.804716 0.300837 2.102153 -0.355957 2.031476 0.735182 0.018037
data/frame-000109.color.jpg 0.227445 0.454323 -0.806856 0.301401 2.074909 -0.347641 2.036064 0.414185 0.008720
data/frame-000110.color.jpg 0.228105 0.453173 -0.805588 0.305990 2.049938 -0.312612 2.024693 0.724175 0.017604
data/frame-000111.color.jpg 0.229233 0.450424 -0.805573 0.309230 2.034931 -0.286804 2.015110 0.311664 0.004042
data/frame-000112.color.jpg 0.235322 0.449130 -0.805939 0.305563 2.033663 -0.290638 1.972333 0.567007 0.013292
data/frame-000113.color.jpg 0.234006 0.451858 -0.805475 0.303769 2.035382 -0.280646 1.953587 0.385235 0.007332
data/frame-000114.color.jpg 0.236280 0.454375 -0.803836 0.302593 2.039525 -0.260547 1.923226 0.611950 0.014651
data/frame-000115.color.jpg 0.245221 0.452300 -0.803667 0.299018 2.052626 -0.237440 1.866970 0.458569 0.009875
data/frame-000116.color.jpg 0.253913 0.453856 -0.799315 0.301063 2.073917 -0.191513 1.822981 0.451018 0.009767
data/frame-000117.color.jpg 0.264707 0.466469 -0.788870 0.300036 2.121236 -0.103345 1.738229 0.332687 0.009591
data/frame-000118.color.jpg 0.275786 0.477891 -0.778594 0.298921 2.146789 -0.033186 1.657412 0.286087 0.006909
data/frame-000119.color.jpg 0.279136 0.495549 -0.766746 0.297681 2.168495 0.058956 1.595772 0.517719 0.015630
data/frame-000120.color.jpg 0.279739 0.514072 -0.755737 0.293834 2.175234 0.133000 1.539271 0.149583 0.002962
data/frame-000121.color.jpg 0.281961 0.536486 -0.743455 0.282764 2.184507 0.213668 1.445069 0.244442 0.004381
data/frame-000122.color.jpg 0.285284 0.551669 -0.731497 0.281400 2.188482 0.310648 1.380253 0.204166 0.005042
data/frame-000123.color.jpg 0.311630 0.582479 -0.696006 0.281392 2.221165 0.535225 1.187775 0.354753 0.012741
data/frame-000124.color.jpg 0.325327 0.594473 -0.679563 0.280995 2.227799 0.626536 1.096628 0.420658 0.015209
data/frame-000125.color.jpg 0.334827 0.604179 -0.665738 0.282225 2.218014 0.701465 1.034472 0.196004 0.007646
data/frame-000126.color.jpg 0.343003 0.615589 -0.648473 0.287892 2.200571 0.797737 0.973009 0.191179 0.008107
data/frame-000127.color.jpg 0.358712 0.629981 -0.626565 0.286124 2.180132 0.894515 0.856079 0.294240 0.009316
data/frame-000128.color.jpg 0.361080 0.633287 -0.622526 0.284658 2.164152 0.924384 0.832630 0.074738 0.002732
data/frame-000129.color.jpg 0.365668 0.633410 -0.619977 0.284089 2.159064 0.944160 0.809222 0.287540 0.011289
data/frame-000130.color.jpg 0.373468 0.629506 -0.619361 0.283965 2.143490 0.953341 0.784973 0.340809 0.014874
data/frame-000131.color.jpg 0.374524 0.621642 -0.622996 0.291837 2.108578 0.949721 0.805895 0.375337 0.016705
data/frame-000132.color.jpg 0.367624 0.620557 -0.626578 0.295233 2.096141 0.948957 0.838695 0.465669 0.018227
data/frame-000133.color.jpg 0.363032 0.617058 -0.632071 0.296537 2.070229 0.939926 0.860369 0.329876 0.012531
data/frame-000134.color.jpg 0.356084 0.611939 -0.639840 0.298898 2.045074 0.927485 0.893565 0.303149 0.009082
data/frame-000135.color.jpg 0.336365 0.595983 -0.658918 0.312235 2.002287 0.932368 0.968992 0.584079 0.019734
data/frame-000136.color.jpg 0.329213 0.577526 -0.668848 0.332754 1.954961 0.980531 0.998077 0.364914 0.014245
data/frame-000137.color.jpg 0.330261 0.574504 -0.670423 0.333776 1.953121 0.990768 0.981108 0.306059 0.013942
data/frame-000138.color.jpg 0.330527 0.572331 -0.671574 0.334931 1.951854 1.000788 0.971934 0.285489 0.011672
data/frame-000139.color.jpg 0.326070 0.568985 -0.675560 0.336977 1.946000 1.010405 0.983282 0.679128 0.021369
data/frame-000140.color.jpg 0.323794 0.561409 -0.682541 0.337809 1.946782 0.999646 0.984712 0.523313 0.021895
data/frame-000141.color.jpg 0.324417 0.554973 -0.686926 0.338955 1.942400 0.986505 0.988714 0.547216 0.021961
data/frame-000142.color.jpg 0.318129 0.551532 -0.691318 0.341594 1.932727 0.992613 1.009161 0.731506 0.026246
data/frame-000143.color.jpg 0.309303 0.546778 -0.698043 0.343660 1.915063 0.985916 1.040483 0.850138 0.027928
data/frame-000144.color.jpg 0.305836 0.544397 -0.701538 0.343424 1.890929 0.981945 1.047095 0.348135 0.014054
data/frame-000145.color.jpg 0.294620 0.537981 -0.709662 0.346634 1.863327 0.972048 1.091050 0.783020 0.023222
data/frame-000146.color.jpg 0.280487 0.529419 -0.720801 0.348553 1.823477 0.952182 1.157983 0.772806 0.023037
data/frame-000147.color.jpg 0.273049 0.516430 -0.730632 0.353443 1.798533 0.935969 1.195404 0.822641 0.023988
data/frame-000148.color.jpg 0.259652 0.494438 -0.745040 0.364728 1.757102 0.916672 1.278617 0.943313 0.028077
data/frame-000149.color.jpg 0.254724 0.483272 -0.751053 0.370786 1.722768 0.902957 1.309728 0.751605 0.022322
data/frame-000150.color.jpg 0.244599 0.463000 -0.762366 0.380262 1.671828 0.874216 1.367978 0.464116 0.014101
data/frame-000151.color.jpg 0.239088 0.452790 -0.769033 0.382630 1.643870 0.857806 1.402578 0.220716 0.004419
data/frame-000152.color.jpg 0.230821 0.434071 -0.779043 0.389097 1.592092 0.820608 1.448279 0.357620 0.008875
data/frame-000153.color.jpg 0.227594 0.424339 -0.784494 0.390777 1.565898 0.798472 1.472044 0.162541 0.004283
data/frame-000154.color.jpg 0.223143 0.413258 -0.789619 0.394875 1.533900 0.780705 1.500623 0.116483 0.003590
data/frame-000155.color.jpg 0.218682 0.402007 -0.794160 0.399848 1.501844 0.765764 1.529445 0.267077 0.007345
data/frame-000156.color.jpg 0.217287 0.395658 -0.796990 0.401308 1.483026 0.750943 1.547086 0.142735 0.005037
data/frame-000157.color.jpg 0.218232 0.389270 -0.799740 0.401571 1.466022 0.729823 1.557596 0.102351 0.003090
data/frame-000158.color.jpg 0.214522 0.384714 -0.803230 0.400995 1.443844 0.700908 1.581891 0.184935 0.006596
data/frame-000159.color.jpg 0.218998 0.382810 -0.805795 0.395209 1.454062 0.669330 1.585704 0.092867 0.004822
data/frame-000160.color.jpg 0.222459 0.386326 -0.805523 0.390381 1.453148 0.646264 1.591491 0.189853 0.007705
data/frame-000161.color.jpg 0.224342 0.395694 -0.802008 0.387143 1.436760 0.636721 1.598956 0.158328 0.005981
data/frame-000162.color.jpg 0.221443 0.404893 -0.797541 0.388526 1.419138 0.644793 1.618477 0.169991 0.008896
data/frame-000163.color.jpg 0.224309 0.412220 -0.793212 0.388041 1.413355 0.649550 1.619209 0.194226 0.007320
data/frame-000164.color.jpg 0.232742 0.423476 -0.786054 0.385511 1.418223 0.642525 1.628207 0.113688 0.008177
data/frame-000165.color.jpg 0.236218 0.424590 -0.784559 0.385217 1.411333 0.620286 1.639019 0.182693 0.003322
data/frame-000166.color.jpg 0.232830 0.420975 -0.788305 0.383596 1.398584 0.584783 1.672199 0.219299 0.003951
data/frame-000167.color.jpg 0.232458 0.415747 -0.791313 0.383329 1.386782 0.550867 1.705750 0.317147 0.005773
data/frame-000168.color.jpg 0.231315 0.408692 -0.794323 0.385378 1.372819 0.518003 1.743297 0.164241 0.002344
data/frame-000169.color.jpg 0.230311 0.399984 -0.797686 0.388158 1.361089 0.481689 1.793314 0.151259 0.001362
data/frame-000170.color.jpg 0.230639 0.392762 -0.799667 0.391250 1.352033 0.459449 1.832041 0.234268 0.002702
data/frame-000171.color.jpg 0.229120 0.389931 -0.800577 0.393108 1.347373 0.440705 1.864353 0.248423 0.005978
data/frame-000172.color.jpg 0.226692 0.388112 -0.801913 0.393593 1.341372 0.421854 1.890310 0.294630 0.006006
data/frame-000173.color.jpg 0.221262 0.384568 -0.804217 0.395456 1.316808 0.381338 1.939762 0.169043 0.004121
data/frame-000174.color.jpg 0.218364 0.382553 -0.805927 0.395540 1.303668 0.352773 1.978155 0.269467 0.006328
data/frame-000175.color.jpg 0.209197 0.378293 -0.810138 0.395990 1.262996 0.308026 2.040920 0.143297 0.004377
data/frame-000176.color.jpg 0.205176 0.373562 -0.813921 0.394826 1.236068 0.267989 2.081139 0.141626 0.006639
data/frame-000177.color.jpg 0.204928 0.361859 -0.820358 0.392524 1.211818 0.208299 2.124633 0.069546 0.005903
data/frame-000178.color.jpg 0.205398 0.357800 -0.821992 0.392582 1.197927 0.184431 2.150872 0.205027 0.008420
data/frame-000179.color.jpg 0.205066 0.354116 -0.821342 0.397425 1.181252 0.189256 2.180410 0.158406 0.004970
data/frame-000180.color.jpg 0.207423 0.354132 -0.817620 0.403811 1.174640 0.206063 2.198284 0.326029 0.009543
data/frame-000181.color.jpg 0.208474 0.356332 -0.815568 0.405481 1.170723 0.199242 2.229596 0.135733 0.009546
data/frame-000182.color.jpg 0.210044 0.357919 -0.815800 0.402798 1.170053 0.162559 2.244465 0.170153 0.012140
data/frame-000183.color.jpg 0.208888 0.369969 -0.817392 0.389048 1.178143 0.076689 2.256207 0.323697 0.010561
data/frame-000184.color.jpg 0.206373 0.379292 -0.813630 0.389300 1.163584 0.066224 2.281301 0.219481 0.009572
data/frame-000185.color.jpg 0.201840 0.385028 -0.811620 0.390240 1.144365 0.055017 2.297404 0.284924 0.007593
data/frame-000186.color.jpg 0.205155 0.386316 -0.811096 0.388322 1.148240 0.024917 2.316706 0.226518 0.010470
data/frame-000187.color.jpg 0.207600 0.388952 -0.810608 0.385401 1.157187 -0.008868 2.332050 0.138782 0.010117
data/frame-000188.color.jpg 0.208444 0.390871 -0.809878 0.384537 1.164633 -0.014054 2.334074 0.082286 0.008838
data/frame-000189.color.jpg 0.205973 0.395401 -0.810204 0.380530 1.172600 -0.057414 2.349480 0.207725 0.016920
data/frame-000190.color.jpg 0.210104 0.399384 -0.812997 0.367945 1.200431 -0.165757 2.357081 0.220010 0.014210
data/frame-000191.color.jpg 0.208837 0.397796 -0.814631 0.366773 1.191247 -0.181782 2.360286 0.083693 0.009432
data/frame-000192.color.jpg 0.208653 0.388923 -0.818445 0.367899 1.150499 -0.224011 2.380683 0.089098 0.006767
data/frame-000193.color.jpg 0.197057 0.368370 -0.831217 0.366812 1.040953 -0.329768 2.425800 0.324469 0.011571
data/frame-000194.color.jpg 0.194942 0.361230 -0.838448 0.358492 1.013460 -0.404345 2.423589 0.356113 0.010948
data/frame-000195.color.jpg 0.189304 0.353281 -0.845425 0.353006 0.970731 -0.483902 2.433215 0.117287 0.004385
data/frame-000196.color.jpg 0.186154 0.345804 -0.850512 0.349851 0.934426 -0.536903 2.443026 0.368537 0.011537
data/frame-000197.color.jpg 0.169034 0.341165 -0.857313 0.346480 0.844425 -0.613443 2.463525 0.561340 0.018671
data/frame-000198.color.jpg 0.163651 0.338982 -0.858264 0.348845 0.816671 -0.621965 2.472319 0.559432 0.014048
data/frame-000199.color.jpg 0.153977 0.325829 -0.866118 0.346362 0.690625 -0.689097 2.481837 0.870105 0.023098
data/frame-000200.color.jpg 0.146052 0.321460 -0.866296 0.353360 0.615826 -0.682010 2.497171 0.636695 0.015014
data/frame-000201.color.jpg 0.145334 0.323653 -0.866628 0.350831 0.604426 -0.708155 2.491274 0.418131 0.014621
data/frame-000202.color.jpg 0.141957 0.336753 -0.861547 0.352396 0.521764 -0.714119 2.451952 1.867263 0.050836
data/frame-000203.color.jpg 0.132451 0.326388 -0.864321 0.358994 0.404848 -0.666914 2.437611 0.903480 0.025602
data/frame-000204.color.jpg 0.130030 0.324891 -0.863676 0.362769 0.388288 -0.656849 2.442341 0.968731 0.028661
data/frame-000205.color.jpg 0.127224 0.318954 -0.866461 0.362393 0.341092 -0.647640 2.434859 0.768814 0.020011
data/frame-000206.color.jpg 0.127638 0.315787 -0.867941 0.361476 0.302392 -0.627834 2.410182 1.110866 0.032202
data/frame-000207.color.jpg 0.124210 0.298351 -0.870354 0.371540 0.241709 -0.594081 2.404615 1.511861 0.043618
data/frame-000208.color.jpg 0.127633 0.301672 -0.870341 0.367709 0.232131 -0.571838 2.384439 0.963694 0.028535
data/frame-000209.color.jpg 0.121568 0.296392 -0.870983 0.372507 0.193657 -0.548950 2.377535 0.927076 0.028014
data/frame-000210.color.jpg 0.120800 0.304861 -0.864980 0.379838 0.155182 -0.424005 2.326263 1.381913 0.038301
data/frame-000211.color.jpg 0.119584 0.307846 -0.862604 0.383203 0.152531 -0.395320 2.302954 1.009300 0.025646
data/frame-000212.color.jpg 0.122856 0.309990 -0.860959 0.384139 0.156231 -0.331261 2.259694 1.112501 0.029068
data/frame-000213.color.jpg 0.126972 0.310171 -0.861784 0.380790 0.163608 -0.313779 2.237943 0.959490 0.026018
data/frame-000214.color.jpg 0.135434 0.316726 -0.861567 0.372887 0.202910 -0.303223 2.198897 1.062588 0.028017
data/frame-000215.color.jpg 0.135767 0.318778 -0.861252 0.371744 0.208502 -0.286336 2.180851 0.698795 0.017717
data/frame-000216.color.jpg 0.150176 0.324904 -0.857980 0.368450 0.265024 -0.253184 2.148532 0.593159 0.013501
data/frame-000217.color.jpg 0.157759 0.329615 -0.854932 0.368182 0.296362 -0.226581 2.124608 0.350175 0.008676
data/frame-000218.color.jpg 0.166453 0.346167 -0.847926 0.365353 0.337860 -0.192477 2.090812 0.339797 0.009860
data/frame-000219.color.jpg 0.172670 0.355902 -0.841438 0.368105 0.359079 -0.159841 2.069448 0.785121 0.021166
data/frame-000220.color.jpg 0.177784 0.372717 -0.836210 0.360871 0.393813 -0.141931 2.032950 0.625441 0.018760
data/frame-000221.color.jpg 0.183880 0.396707 -0.824203 0.359862 0.437063 -0.091876 1.997626 0.535090 0.014897
data/frame-000222.color.jpg 0.207958 0.419299 -0.802532 0.369978 0.514923 0.055535 1.942722 0.526623 0.011962
data/frame-000223.color.jpg 0.209315 0.419573 -0.800606 0.373062 0.515439 0.072597 1.939283 0.586139 0.012844
data/frame-000224.color.jpg 0.216547 0.423304 -0.795042 0.376603 0.521411 0.146292 1.913945 0.528627 0.011125
data/frame-000225.color.jpg 0.217145 0.421896 -0.795105 0.377704 0.508248 0.179134 1.902076 0.333624 0.007953
data/frame-000226.color.jpg 0.220663 0.422376 -0.793926 0.377609 0.513004 0.205644 1.875783 0.491320 0.009548
data/frame-000227.color.jpg 0.215681 0.431753 -0.791262 0.375466 0.510243 0.232041 1.848213 0.386581 0.007699
data/frame-000228.color.jpg 0.211541 0.438460 -0.784892 0.383338 0.490384 0.289422 1.823660 0.292138 0.004642
data/frame-000229.color.jpg 0.212631 0.445042 -0.779839 0.385456 0.485054 0.333531 1.788611 0.600067 0.012793
data/frame-000230.color.jpg 0.213588 0.441901 -0.778389 0.391425 0.461046 0.385695 1.760078 0.952796 0.024435
data/frame-000231.color.jpg 0.224329 0.440484 -0.780701 0.382304 0.493256 0.401257 1.715162 0.860141 0.020296
data/frame-000232.color.jpg 0.230802 0.443205 -0.779755 0.377202 0.512303 0.415359 1.677863 0.758939 0.016225
data/frame-000233.color.jpg 0.239554 0.452050 -0.774490 0.372063 0.541252 0.451120 1.637592 0.567132 0.012257
data/frame-000234.color.jpg 0.245215 0.460333 -0.766795 0.374152 0.552685 0.493632 1.607776 0.624776 0.012453
data/frame-000235.color.jpg 0.253875 0.475452 -0.755340 0.372765 0.566925 0.541390 1.556915 0.478266 0.007771
data/frame-000236.color.jpg 0.258257 0.484894 -0.745006 0.378348 0.559041 0.586342 1.515396 0.467212 0.012335
data/frame-000237.color.jpg 0.265249 0.499321 -0.734876 0.374538 0.560272 0.625840 1.478929 0.335603 0.006663
data/frame-000238.color.jpg 0.266235 0.508000 -0.728568 0.374490 0.548070 0.642420 1.451125 0.200857 0.007576
data/frame-000239.color.jpg 0.267359 0.511951 -0.726418 0.372480 0.553271 0.649387 1.447531 0.236147 0.004534
data/frame-000240.color.jpg 0.275458 0.525773 -0.714923 0.369556 0.559864 0.679157 1.415957 0.234054 0.006001
data/frame-000241.color.jpg 0.276477 0.532775 -0.709765 0.368707 0.556843 0.691936 1.396176 0.232201 0.007955
data/frame-000242.color.jpg 0.283083 0.539041 -0.705275 0.363160 0.569270 0.702518 1.373085 0.275833 0.009161
data/frame-000243.color.jpg 0.282725 0.544068 -0.703751 0.358875 0.567565 0.703346 1.362917 0.222274 0.007192
data/frame-000244.color.jpg 0.286518 0.541700 -0.705739 0.355529 0.572391 0.712350 1.350126 0.207694 0.006256
data/frame-000245.color.jpg 0.285109 0.539181 -0.706924 0.358127 0.556381 0.728491 1.333152 0.261636 0.008949
data/frame-000246.color.jpg 0.283987 0.536000 -0.708542 0.360589 0.543880 0.742480 1.321181 0.192465 0.006528
data/frame-000247.color.jpg 0.284690 0.530913 -0.710690 0.363322 0.535363 0.768918 1.295294 0.139879 0.004872
data/frame-000248.color.jpg 0.275862 0.529782 -0.713207 0.366833 0.509354 0.786875 1.282809 0.312535 0.006146
data/frame-000249.color.jpg 0.273060 0.524461 -0.717023 0.369129 0.496662 0.805321 1.264579 0.297897 0.006462
data/frame-000250.color.jpg 0.270965 0.519610 -0.719678 0.372355 0.492058 0.823534 1.246596 0.130736 0.002239
data/frame-000251.color.jpg 0.267665 0.518800 -0.721182 0.372959 0.483282 0.833496 1.233922 0.197168 0.005415
data/frame-000252.color.jpg 0.265754 0.515047 -0.723447 0.375135 0.479049 0.846274 1.220746 0.238415 0.003147
data/frame-000253.color.jpg 0.266055 0.514175 -0.723800 0.375435 0.476986 0.849796 1.214901 0.369738 0.007476
data/frame-000254.color.jpg 0.266169 0.510131 -0.724832 0.378865 0.477408 0.870550 1.191102 0.261699 0.003689
data/frame-000255.color.jpg 0.260325 0.510144 -0.725173 0.382241 0.460407 0.891271 1.169482 0.148814 0.005168
data/frame-000256.color.jpg 0.262440 0.506998 -0.727267 0.380999 0.463641 0.900931 1.150886 0.157568 0.004429
data/frame-000257.color.jpg 0.262762 0.504919 -0.728025 0.382090 0.464817 0.902839 1.144440 0.170181 0.007535
data/frame-000258.color.jpg 0.265331 0.504367 -0.728980 0.379211 0.469171 0.907223 1.133376 0.158045 0.007353
data/frame-000259.color.jpg 0.275180 0.513164 -0.721753 0.374181 0.452248 0.935178 1.085078 0.285668 0.010553
data/frame-000260.color.jpg 0.273028 0.523695 -0.717102 0.370087 0.430491 0.946055 1.078401 0.182417 0.003840
data/frame-000261.color.jpg 0.274836 0.534454 -0.708582 0.369778 0.418507 0.962184 1.059901 0.215396 0.003443
data/frame-000262.color.jpg 0.268388 0.553115 -0.698506 0.366226 0.381854 0.973927 1.052012 0.146538 0.003315
data/frame-000263.color.jpg 0.271321 0.562016 -0.693419 0.360130 0.384249 0.980137 1.032518 0.060664 0.002683
data/frame-000264.color.jpg 0.273299 0.568919 -0.689824 0.354657 0.379317 0.986704 1.013653 0.075979 0.004019
data/frame-000265.color.jpg 0.276884 0.571853 -0.688785 0.349134 0.385164 1.003213 0.990806 0.129368 0.005090
data/frame-000266.color.jpg 0.274584 0.572450 -0.688928 0.349690 0.373220 1.020814 0.978554 0.108436 0.005363
data/frame-000267.color.jpg 0.278085 0.570850 -0.689738 0.347938 0.373387 1.059214 0.938832 0.181353 0.002037
data/frame-000268.color.jpg 0.277156 0.565290 -0.689843 0.357419 0.351327 1.111593 0.892029 0.174640 0.002553
data/frame-000269.color.jpg 0.273864 0.555761 -0.695594 0.363699 0.334609 1.147856 0.852691 0.228674 0.005937
data/frame-000270.color.jpg 0.269687 0.541105 -0.703058 0.374410 0.320093 1.223002 0.785907 0.122902 0.007291
data/frame-000271.color.jpg 0.269451 0.539497 -0.701309 0.380137 0.307787 1.255175 0.756714 0.297298 0.013240
data/frame-000272.color.jpg 0.272968 0.537774 -0.699254 0.383839 0.296079 1.290298 0.717291 0.191693 0.003526
data/frame-000273.color.jpg 0.276286 0.534031 -0.702558 0.380642 0.300978 1.303334 0.687548 0.254783 0.005165
data/frame-000274.color.jpg 0.280918 0.535364 -0.705742 0.369321 0.299421 1.302229 0.669579 0.207491 0.005536
data/frame-000275.color.jpg 0.278959 0.539145 -0.706151 0.364493 0.279664 1.307595 0.663030 0.392574 0.011763
data/frame-000276.color.jpg 0.288620 0.548043 -0.696981 0.361338 0.237567 1.330535 0.628323 0.189796 0.007413
data/frame-000277.color.jpg 0.284600 0.558686 -0.689130 0.363282 0.165623 1.338522 0.617385 0.483413 0.015549
data/frame-000278.color.jpg 0.286563 0.572257 -0.679960 0.357853 0.104533 1.361675 0.624819 0.486970 0.012205
data/frame-000279.color.jpg 0.277305 0.576356 -0.680348 0.357830 0.065756 1.359436 0.631991 0.502145 0.015843
data/frame-000280.color.jpg 0.278662 0.575708 -0.686367 0.346134 0.065806 1.399491 0.645622 0.616468 0.017133
data/frame-000281.color.jpg 0.281553 0.573457 -0.688299 0.343685 0.077423 1.424109 0.638898 0.343749 0.010678
data/frame-000282.color.jpg 0.286197 0.571488 -0.687450 0.344827 0.083903 1.435261 0.623747 0.382752 0.012925
data/frame-000283.color.jpg 0.294462 0.565285 -0.686159 0.350616 0.068166 1.471207 0.586394 0.605855 0.016621
data/frame-000284.color.jpg 0.289864 0.563183 -0.687736 0.354715 0.070833 1.490553 0.572642 0.217139 0.006097
data/frame-000285.color.jpg 0.283031 0.559901 -0.691791 0.357532 0.056149 1.499659 0.561871 0.122497 0.003474
data/frame-000286.color.jpg 0.284783 0.556851 -0.692898 0.358759 0.048688 1.512120 0.538306 0.397875 0.011043
data/frame-000287.color.jpg 0.274781 0.557063 -0.695335 0.361504 0.033812 1.520283 0.537147 0.317409 0.009356
data/frame-000288.color.jpg 0.264664 0.558148 -0.698084 0.362081 0.016203 1.521972 0.546308 0.594876 0.015297
data/frame-000289.color.jpg 0.258242 0.562371 -0.701572 0.353336 0.010059 1.519082 0.567331 0.337743 0.009137
data/frame-000290.color.jpg 0.260919 0.566664 -0.701633 0.344274 0.003045 1.522061 0.578016 0.381236 0.004848
data/frame-000291.color.jpg 0.262834 0.567708 -0.702008 0.340310 -0.002459 1.524499 0.585790 0.675971 0.015435
data/frame-000292.color.jpg 0.270559 0.578678 -0.691689 0.336891 -0.105778 1.495844 0.596771 0.851181 0.023041
data/frame-000293.color.jpg 0.269907 0.581043 -0.690586 0.335603 -0.150830 1.478873 0.610386 0.904684 0.025089
data/frame-000294.color.jpg 0.273371 0.591983 -0.680005 0.335287 -0.255183 1.440458 0.632667 0.597943 0.017548
data/frame-000295.color.jpg 0.284692 0.595555 -0.675914 0.327727 -0.264681 1.428373 0.640997 1.115960 0.031463
data/frame-000296.color.jpg 0.297336 0.594609 -0.675967 0.317963 -0.256986 1.436002 0.650080 0.520820 0.013864
data/frame-000297.color.jpg 0.314407 0.590173 -0.671337 0.319611 -0.275228 1.456116 0.618726 0.627927 0.017418
data/frame-000298.color.jpg 0.325333 0.587331 -0.667431 0.322080 -0.288315 1.464167 0.585656 0.518220 0.012075
data/frame-000299.color.jpg 0.328412 0.597029 -0.654832 0.326951 -0.342468 1.447994 0.572244 1.324694 0.036225
data/frame-000300.color.jpg 0.342362 0.604599 -0.639950 0.328196 -0.384573 1.445642 0.559155 0.900737 0.025019
data/frame-000301.color.jpg 0.338357 0.608049 -0.638615 0.328574 -0.400777 1.441395 0.568902 0.587086 0.016650
data/frame-000302.color.jpg 0.351641 0.627212 -0.626752 0.300225 -0.434013 1.385152 0.656089 0.146350 0.004623
data/frame-000303.color.jpg 0.354022 0.639125 -0.618780 0.288615 -0.456674 1.350057 0.705287 0.530834 0.014140
data/frame-000304.color.jpg 0.354902 0.647987 -0.613073 0.279819 -0.473603 1.328243 0.739000 0.576430 0.015631
data/frame-000305.color.jpg 0.354810 0.664993 -0.599004 0.270350 -0.528993 1.290332 0.797266 0.376031 0.010675
data/frame-000306.color.jpg 0.353342 0.668310 -0.594592 0.273810 -0.570706 1.277076 0.808466 0.447711 0.014920
data/frame-000307.color.jpg 0.355072 0.666525 -0.592691 0.279973 -0.626949 1.275422 0.812675 0.342346 0.013268
data/frame-000308.color.jpg 0.349638 0.663220 -0.596566 0.286358 -0.687277 1.271184 0.817374 0.697536 0.024553
data/frame-000309.color.jpg 0.349152 0.657896 -0.601227 0.289468 -0.712977 1.276254 0.811664 1.080127 0.033064
data/frame-000310.color.jpg 0.344943 0.651264 -0.607134 0.297082 -0.764323 1.285217 0.801926 0.679629 0.021713
data/frame-000311.color.jpg 0.340400 0.643224 -0.614640 0.304315 -0.789541 1.294361 0.786798 0.521969 0.019974
data/frame-000312.color.jpg 0.329789 0.630655 -0.628286 0.314278 -0.826338 1.301799 0.760656 0.496908 0.019247
data/frame-000313.color.jpg 0.325407 0.622114 -0.637929 0.316433 -0.847222 1.309595 0.749422 0.623051 0.023066
data/frame-000314.color.jpg 0.314532 0.607234 -0.653938 0.323576 -0.875769 1.334695 0.720007 0.623844 0.023313
data/frame-000315.color.jpg 0.308131 0.599528 -0.658328 0.335002 -0.895314 1.342706 0.676335 0.628060 0.021720
data/frame-000316.color.jpg 0.305977 0.593274 -0.663167 0.338546 -0.912897 1.355225 0.657781 0.764714 0.027817
data/frame-000317.color.jpg 0.303381 0.585731 -0.669935 0.340685 -0.925214 1.381049 0.635816 0.673116 0.023878
data/frame-000318.color.jpg 0.299568 0.579665 -0.674234 0.345915 -0.937612 1.388076 0.596316 0.608599 0.018844
data/frame-000319.color.jpg 0.297422 0.578766 -0.675390 0.347012 -0.963871 1.393556 0.576208 0.673953 0.021887
data/frame-000320.color.jpg 0.294350 0.578611 -0.676628 0.347480 -0.978560 1.405454 0.548279 0.457309 0.014718
data/frame-000321.color.jpg 0.295453 0.581061 -0.674785 0.346035 -1.004563 1.409561 0.537271 0.198009 0.005832
data/frame-000322.color.jpg 0.295146 0.583484 -0.672363 0.346934 -1.036637 1.414138 0.512187 0.171185 0.005721
data/frame-000323.color.jpg 0.298101 0.579082 -0.672601 0.351294 -1.063679 1.433076 0.467538 0.140834 0.006705
data/frame-000324.color.jpg 0.294479 0.578861 -0.675936 0.348300 -1.073833 1.434604 0.460904 0.350148 0.008628
data/frame-000325.color.jpg 0.301440 0.582090 -0.674744 0.339152 -1.090831 1.451559 0.473733 0.241298 0.005995
data/frame-000326.color.jpg 0.301651 0.585813 -0.670923 0.340135 -1.112608 1.458138 0.463710 0.472355 0.011705
data/frame-000327.color.jpg 0.313083 0.594054 -0.660680 0.335531 -1.155170 1.443831 0.477869 0.168293 0.004842
data/frame-000328.color.jpg 0.311727 0.595606 -0.658141 0.339013 -1.200925 1.440338 0.462680 0.451119 0.010496
data/frame-000329.color.jpg 0.306964 0.588956 -0.664802 0.341967 -1.227732 1.449253 0.436282 0.259543 0.007156
data/frame-000330.color.jpg 0.302798 0.580249 -0.674587 0.341403 -1.231515 1.478770 0.422745 0.344924 0.010721
data/frame-000331.color.jpg 0.293456 0.573032 -0.682043 0.346893 -1.241105 1.477112 0.383216 0.212583 0.001473
data/frame-000332.color.jpg 0.288140 0.565324 -0.691519 0.345234 -1.238630 1.489586 0.370866 0.345040 0.008545
data/frame-000333.color.jpg 0.275567 0.558066 -0.706124 0.337661 -1.240876 1.490725 0.375730 0.433109 0.012245
data/frame-000334.color.jpg 0.262847 0.554674 -0.716721 0.330998 -1.234220 1.485806 0.386101 0.088799 0.003639
data/frame-000335.color.jpg 0.251217 0.557973 -0.722052 0.322796 -1.246369 1.458041 0.414809 0.525672 0.013342
data/frame-000336.color.jpg 0.240911 0.564757 -0.726267 0.309109 -1.265893 1.422779 0.461867 0.452904 0.011801
data/frame-000337.color.jpg 0.232429 0.567865 -0.729803 0.301487 -1.275675 1.410725 0.489022 0.267984 0.007895
data/frame-000338.color.jpg 0.224204 0.569798 -0.733213 0.295740 -1.289000 1.382518 0.507924 0.498236 0.014493
data/frame-000339.color.jpg 0.216093 0.573041 -0.735296 0.290290 -1.297852 1.355150 0.527058 0.215035 0.004348
data/frame-000340.color.jpg 0.214829 0.574190 -0.737687 0.282792 -1.304716 1.344641 0.549995 0.216724 0.009064
data/frame-000341.color.jpg 0.215660 0.573108 -0.737427 0.285025 -1.331410 1.320536 0.541263 0.355776 0.012205
data/frame-000342.color.jpg 0.208620 0.570466 -0.741382 0.285305 -1.347245 1.306999 0.534244 0.526599 0.014789
data/frame-000343.color.jpg 0.197425 0.565245 -0.747729 0.287095 -1.378143 1.298772 0.526684 0.492101 0.009426
data/frame-000344.color.jpg 0.195070 0.558055 -0.754609 0.284760 -1.400926 1.317230 0.531302 0.062596 0.003677
data/frame-000345.color.jpg 0.183507 0.528871 -0.773319 0.297656 -1.385940 1.379199 0.443140 0.754190 0.016925
data/frame-000346.color.jpg 0.175539 0.506363 -0.790093 0.297549 -1.393220 1.469102 0.423796 0.952927 0.025183
data/frame-000347.color.jpg 0.165074 0.476285 -0.805202 0.312335 -1.354082 1.542302 0.328672 0.282777 0.009937
data/frame-000348.color.jpg 0.156566 0.451998 -0.818255 0.318816 -1.332018 1.607854 0.273262 0.482757 0.010327
data/frame-000349.color.jpg 0.152594 0.441203 -0.823611 0.322057 -1.330380 1.631948 0.242987 0.338975 0.006058
data/frame-000350.color.jpg 0.139391 0.427882 -0.831790 0.324980 -1.349405 1.673251 0.188512 0.678030 0.014256
data/frame-000351.color.jpg 0.131986 0.427508 -0.832496 0.326753 -1.378057 1.674056 0.172914 0.696445 0.016528
data/frame-000352.color.jpg 0.131606 0.430881 -0.830090 0.328592 -1.408689 1.667540 0.157476 0.581523 0.011726
data/frame-000353.color.jpg 0.129963 0.438275 -0.826205 0.329255 -1.462510 1.657561 0.156725 0.490498 0.008650
data/frame-000354.color.jpg 0.126892 0.438255 -0.823803 0.336422 -1.488036 1.649359 0.116445 0.461507 0.010203
data/frame-000355.color.jpg 0.128379 0.437331 -0.822043 0.341330 -1.505587 1.660920 0.098820 0.206462 0.005340
data/frame-000356.color.jpg 0.130582 0.440780 -0.819508 0.342153 -1.538487 1.657057 0.087076 0.330079 0.006975
data/frame-000357.color.jpg 0.131436 0.437529 -0.819935 0.344963 -1.551950 1.679724 0.068950 0.454063 0.009514
data/frame-000358.color.jpg 0.135710 0.436759 -0.819199 0.346031 -1.569787 1.697354 0.065514 0.395259 0.007228
data/frame-000359.color.jpg 0.146853 0.439313 -0.810341 0.358865 -1.603308 1.707700 0.023805 0.271953 0.007610
data/frame-000360.color.jpg 0.160820 0.443249 -0.801924 0.366857 -1.636754 1.707760 0.006229 0.450668 0.014953
data/frame-000361.color.jpg 0.165857 0.447200 -0.794195 0.376508 -1.676394 1.711216 -0.015938 0.232801 0.006781
data/frame-000362.color.jpg 0.167773 0.447903 -0.789822 0.383948 -1.697778 1.708544 -0.039908 0.278588 0.011136
data/frame-000363.color.jpg 0.173102 0.447218 -0.786407 0.389353 -1.709576 1.716890 -0.054717 0.241659 0.008277
data/frame-000364.color.jpg 0.174299 0.448037 -0.783372 0.393967 -1.715620 1.715213 -0.068240 0.283837 0.013846
data/frame-000365.color.jpg 0.178610 0.448788 -0.780351 0.397165 -1.722054 1.711466 -0.076820 0.402025 0.014688
data/frame-000366.color.jpg 0.184875 0.450417 -0.777785 0.397487 -1.729854 1.715708 -0.067130 0.198262 0.009741
data/frame-000367.color.jpg 0.189494 0.453131 -0.773627 0.400332 -1.739361 1.710255 -0.069810 0.434386 0.017833
data/frame-000368.color.jpg 0.191231 0.451849 -0.772266 0.403570 -1.741003 1.719168 -0.083111 0.350414 0.016347
data/frame-000369.color.jpg 0.192628 0.448023 -0.771168 0.409230 -1.735870 1.727604 -0.118060 0.496727 0.020282
data/frame-000370.color.jpg 0.191596 0.446738 -0.771139 0.411171 -1.738883 1.734998 -0.130942 0.421551 0.022843
data/frame-000371.color.jpg 0.182742 0.443921 -0.773884 0.413090 -1.742072 1.751537 -0.164172 0.323418 0.018618
data/frame-000372.color.jpg 0.176148 0.432507 -0.778071 0.420137 -1.719490 1.785721 -0.243151 0.596966 0.022038
data/frame-000373.color.jpg 0.169699 0.420604 -0.782681 0.426270 -1.692198 1.829602 -0.325185 0.581546 0.023508
data/frame-000374.color.jpg 0.161355 0.411414 -0.785630 0.433000 -1.675877 1.870189 -0.414283 0.348927 0.013925
data/frame-000375.color.jpg 0.160417 0.409324 -0.788270 0.430524 -1.674408 1.902801 -0.433943 0.366511 0.016091
data/frame-000376.color.jpg 0.160098 0.411314 -0.789984 0.425575 -1.695116 1.936554 -0.443333 0.519010 0.017122
data/frame-000377.color.jpg 0.168086 0.416146 -0.787722 0.421976 -1.733545 1.946203 -0.453835 0.469767 0.021808
data/frame-000378.color.jpg 0.175236 0.428583 -0.780539 0.419962 -1.818998 1.931248 -0.453849 0.392059 0.020130
data/frame-000379.color.jpg 0.192006 0.451183 -0.766699 0.414415 -1.945207 1.894360 -0.400547 0.482371 0.022708
data/frame-000380.color.jpg 0.198932 0.468648 -0.757145 0.409299 -2.069456 1.868311 -0.373581 0.779496 0.033107
data/frame-000381.color.jpg 0.205074 0.472086 -0.756887 0.402743 -2.116214 1.899447 -0.346468 0.189020 0.007197
data/frame-000382.color.jpg 0.206595 0.473050 -0.760665 0.393614 -2.148502 1.951565 -0.328456 0.795097 0.031005
data/frame-000383.color.jpg 0.204832 0.472958 -0.762116 0.391834 -2.174397 1.980253 -0.356715 0.541519 0.020606
data/frame-000384.color.jpg 0.201597 0.469098 -0.762918 0.396563 -2.214938 2.023668 -0.430921 0.888090 0.030911
data/frame-000385.color.jpg 0.196136 0.466977 -0.763375 0.400901 -2.257633 2.039672 -0.511312 0.289277 0.008109
data/frame-000386.color.jpg 0.190441 0.462348 -0.764668 0.406510 -2.257118 2.062020 -0.580665 0.299254 0.010466
data/frame-000387.color.jpg 0.181261 0.446259 -0.776735 0.405809 -2.221062 2.186023 -0.669743 0.594158 0.028158
data/frame-000388.color.jpg 0.176481 0.441384 -0.779850 0.407271 -2.279535 2.215862 -0.751388 1.079458 0.035835
data/frame-000389.color.jpg 0.171942 0.437206 -0.786401 0.401075 -2.263864 2.303006 -0.755620 0.665422 0.018772
data/frame-000390.color.jpg 0.179348 0.441874 -0.780444 0.404338 -2.335299 2.271288 -0.787379 0.401873 0.014047
data/frame-000391.color.jpg 0.189958 0.450129 -0.774517 0.401774 -2.444390 2.286252 -0.777867 0.158838 0.007836
data/frame-000392.color.jpg 0.191304 0.469953 -0.765946 0.394808 -2.595631 2.244677 -0.712843 0.841039 0.027141
data/frame-000393.color.jpg 0.197298 0.486551 -0.753644 0.395428 -2.696593 2.157022 -0.679802 1.146492 0.037962
data/frame-000394.color.jpg 0.206291 0.495724 -0.750342 0.385601 -2.777540 2.181365 -0.602309 0.705953 0.020868
data/frame-000395.color.jpg 0.207493 0.498507 -0.747348 0.387180 -2.809012 2.164189 -0.624971 1.070860 0.033375
data/frame-000396.color.jpg 0.210061 0.498252 -0.749179 0.382558 -2.828141 2.214889 -0.618521 0.890704 0.025270
data/frame-000397.color.jpg 0.208888 0.494713 -0.752153 0.381957 -2.851901 2.276124 -0.668208 1.029500 0.027747
data/frame-000398.color.jpg 0.208196 0.494906 -0.747326 0.391441 -2.895777 2.238756 -0.757515 0.599653 0.013780
data/frame-000399.color.jpg 0.198821 0.512879 -0.742689 0.381888 -3.008706 2.189879 -0.712379 0.699428 0.016919
data/frame-000400.color.jpg 0.196712 0.519888 -0.738191 0.382223 -3.083857 2.147748 -0.738119 0.754877 0.020266
data/frame-000401.color.jpg 0.201339 0.520765 -0.742547 0.369986 -3.100184 2.200487 -0.671409 0.552207 0.014792
data/frame-000402.color.jpg 0.201843 0.521314 -0.746012 0.361881 -3.131095 2.254286 -0.640830 0.493408 0.012814
data/frame-000403.color.jpg 0.211443 0.520920 -0.747203 0.354430 -3.152002 2.313054 -0.591094 0.475553 0.008447
data/frame-000404.color.jpg 0.220296 0.527690 -0.741554 0.350872 -3.230617 2.293987 -0.542054 0.504653 0.016734
data/frame-000405.color.jpg 0.219717 0.540989 -0.729249 0.356723 -3.365464 2.179818 -0.542037 0.419065 0.017032
data/frame-000406.color.jpg 0.208299 0.541038 -0.727964 0.366003 -3.372720 2.136095 -0.643152 0.847986 0.016689
data/frame-000407.color.jpg 0.210511 0.552597 -0.722975 0.357252 -3.482375 2.103326 -0.550211 0.583760 0.014002
data/frame-000408.color.jpg 0.202115 0.549618 -0.724739 0.363074 -3.481232 2.099854 -0.629215 0.936762 0.018295
data/frame-000409.color.jpg 0.202985 0.553959 -0.726076 0.353185 -3.517343 2.123841 -0.576328 1.508158 0.040827
data/frame-000410.color.jpg 0.206243 0.555173 -0.725317 0.350944 -3.543200 2.125660 -0.538380 0.904175 0.022989
data/frame-000411.color.jpg 0.214315 0.549561 -0.725000 0.355565 -3.547644 2.132445 -0.538636 0.572791 0.028928
data/frame-000412.color.jpg 0.202439 0.544487 -0.734575 0.350646 -3.511595 2.213547 -0.588414 1.250634 0.028143
data/frame-000413.color.jpg 0.214037 0.546739 -0.727178 0.355634 -3.570307 2.148510 -0.559603 1.487034 0.047075
data/frame-000414.color.jpg 0.208449 0.547366 -0.730258 0.351658 -3.561117 2.173024 -0.558818 1.224984 0.034918
