data/frame-000000.color.jpg 0.4551290143446595 0.5184638174586477 0.591367535808988 -0.4175371694580859 0.33200373052528 2.503349975238535 -1.540907280162737
data/frame-000001.color.jpg 0.4524189344829136 0.5158722297801583 0.5928404863628398 -0.4215840461782976 0.31436118080105796 2.5011043163174893 -1.5518763597831278
data/frame-000002.color.jpg 0.4548353448430859 0.5142163243960519 0.5892283797688367 -0.4260472946529269 0.32783784467985094 2.4829939164740598 -1.577730848173171
data/frame-000003.color.jpg 0.44745428502221657 0.5095324305448578 0.5955022807093964 -0.43074168443304217 0.2815134203124949 2.4887271976427763 -1.5797709045242023
data/frame-000004.color.jpg 0.44798112485760705 0.5100082583876523 0.594629602192015 -0.43083654016885925 0.28605522689490354 2.4881858434267046 -1.5837657454905831
data/frame-000005.color.jpg 0.4492429523798602 0.5111370302869915 0.5924609634085264 -0.43117248618558934 0.29876046984001314 2.4870447686925954 -1.5893453085997893
data/frame-000006.color.jpg 0.4513125165419665 0.5111696640865845 0.5903073447740396 -0.4319257177293208 0.3060099782432549 2.481178317375659 -1.6018040508901477
data/frame-000007.color.jpg 0.4501660503092196 0.513369809794541 0.5921262109172053 -0.42800527553448164 0.30795578086484876 2.5001234583476863 -1.5827033731091968
data/frame-000008.color.jpg 0.4496296931186228 0.5133618611469336 0.592453028344703 -0.4281263222356228 0.3068995867020567 2.5020017194259867 -1.5830164642579527
data/frame-000009.color.jpg 0.44922169661743383 0.513715663025835 0.5927391104310272 -0.4277340666997601 0.30770720418500097 2.505483257757796 -1.580253836954229
data/frame-000010.color.jpg 0.4493446508120175 0.5127778157230611 0.5929325949863521 -0.4284614735208562 0.3068543674901598 2.504875151496059 -1.5860369988323157
data/frame-000011.color.jpg 0.44936864426009343 0.5127743823358981 0.593206244931726 -0.4280614504365991 0.30794389889501156 2.5072518384006792 -1.5850495879093414
data/frame-000012.color.jpg 0.45170661553419095 0.512727868081936 0.5934699665725353 -0.42528186600323453 0.3154477903724 2.510533426020636 -1.5808573545605673
data/frame-000013.color.jpg 0.45242854089606965 0.5152802100814837 0.5947680780827852 -0.4195779471978308 0.3295131468812022 2.5221582305014874 -1.557559515794714
data/frame-000014.color.jpg 0.4521864507845498 0.5168091122099268 0.5963800375771415 -0.41565202518831407 0.3411868313335857 2.532702061211751 -1.5399268136765272
data/frame-000015.color.jpg 0.4503166680029892 0.5145318998934608 0.6016599120230507 -0.4128888140590957 0.3188232215056774 2.539993487064106 -1.5261706079826118
data/frame-000016.color.jpg 0.44919187199261024 0.5147958085377206 0.6052269730015463 -0.4085489552050712 0.31121091108124244 2.552733536080069 -1.5046613108945475
data/frame-000017.color.jpg 0.44342613848695805 0.5124223516215635 0.611762584120353 -0.4080969663395692 0.28054127260417966 2.5623607167264284 -1.4860014485319728
data/frame-000018.color.jpg 0.4405180082025659 0.5106492056081199 0.6179684761518107 -0.4040992894619454 0.24905101211617423 2.572046926690843 -1.4602826502079147
data/frame-000019.color.jpg 0.43813770393077706 0.5076581903973127 0.6239103531686487 -0.4013158174377935 0.21148816844212634 2.575679059173779 -1.4399920020696892
data/frame-000020.color.jpg 0.43718679768106555 0.504947065152286 0.6294524168579513 -0.3970967391444447 0.17672390262470392 2.580209596738028 -1.4142564864156653
data/frame-000021.color.jpg 0.4328807566044411 0.5025357279158837 0.6357394682648179 -0.39485113805076694 0.1397082233908697 2.582282645843166 -1.384918501164466
data/frame-000022.color.jpg 0.4258855841058208 0.5027148858512028 0.6405574420632854 -0.3944431216434086 0.12169255456170017 2.589106927251577 -1.3520982514677005
data/frame-000023.color.jpg 0.418349828052129 0.49999823974040497 0.6477000283445861 -0.39429665850432244 0.08111966922120606 2.5901167217883483 -1.3193586710728729
data/frame-000024.color.jpg 0.41077681791000925 0.49845009586789674 0.6530788985841871 -0.39534524155613143 0.055491152434314295 2.5953353400656916 -1.2929709875544977
data/frame-000025.color.jpg 0.40700010697109174 0.4941341681328444 0.6544067060860265 -0.40241048674061475 0.03389480081664242 2.5773850026129903 -1.3089426936228927
data/frame-000026.color.jpg 0.41534139138313897 0.49063301743888477 0.6538439316764293 -0.39907252951392364 0.015621870315384354 2.545671059315982 -1.3194327477005328
data/frame-000027.color.jpg 0.4163349800168147 0.49316123600183576 0.6517453108123047 -0.3983531467852527 0.03486881695580746 2.5448532177190253 -1.3187789700547905
data/frame-000028.color.jpg 0.42310332839145476 0.5002719853438276 0.6428601083558219 -0.3967901148831194 0.10579963792905599 2.528529275461624 -1.3290823658316302
data/frame-000029.color.jpg 0.428826947926434 0.5134801537339563 0.6315549528552165 -0.39189784635475733 0.21172680108849362 2.524426567975362 -1.3179119849271914
data/frame-000030.color.jpg 0.43020758396884945 0.5223283141090652 0.6232921267659222 -0.3919202618993838 0.29052506940255846 2.5189128713231 -1.3145833807149057
data/frame-000031.color.jpg 0.42978150322091857 0.5395835027919739 0.6058438092335091 -0.396346794887184 0.4722404601296117 2.494102690364256 -1.3101763510718694
data/frame-000032.color.jpg 0.4295130813193575 0.5423210090540431 0.6034005596395333 -0.3966285425191354 0.49895413295865304 2.4914464948874167 -1.3077330259326667
data/frame-000033.color.jpg 0.43069619269358544 0.5510032383522784 0.5890742646253592 -0.4048304974685628 0.6241390696405997 2.4534058716169205 -1.3345615655961067
data/frame-000034.color.jpg 0.43770744738337714 0.5643976218777899 0.5699559933069386 -0.40622368298429457 0.7932502301629759 2.412410538216964 -1.3336025250936705
data/frame-000035.color.jpg 0.4395835822410308 0.5702249138411853 0.5635074249564783 -0.40505456901246534 0.8606643772904201 2.3997674966889813 -1.3197581203872766
data/frame-000036.color.jpg 0.43582208421425367 0.5777758842577666 0.561282367010689 -0.4014925191883135 0.9238048238161266 2.4034247943744145 -1.2815888257559507
data/frame-000037.color.jpg 0.43135642039788546 0.5804795793026171 0.5631971230199987 -0.39973003041574867 0.9501348960184268 2.4084620507880254 -1.2589711446727194
data/frame-000038.color.jpg 0.42456182180344904 0.5845962152679771 0.5635547122989716 -0.40050045044533666 0.9945908371922502 2.407259536071594 -1.2421472481888585
data/frame-000039.color.jpg 0.41834100609237995 0.5857171105369756 0.5605387303320252 -0.4095394985146039 1.0451877652349018 2.3802703653096513 -1.2676022538798142
data/frame-000040.color.jpg 0.4164777969054329 0.5868549772814776 0.5584359090392315 -0.4126703476387428 1.0751107537377529 2.3664904226873693 -1.276800918568583
data/frame-000041.color.jpg 0.41907169756274393 0.5857587543282073 0.5528398042656012 -0.4190867987056131 1.1145312833392733 2.331412601107963 -1.3159650708857473
data/frame-000042.color.jpg 0.4212674820080779 0.5879660605738318 0.5484328525385652 -0.4195843496512658 1.1585693776529749 2.3124704962549965 -1.3249829576386434
data/frame-000043.color.jpg 0.43267639675357367 0.5881890402281771 0.5518126318663668 -0.40289900466557854 1.1522204871002164 2.350704056631885 -1.3042476652885269
data/frame-000044.color.jpg 0.44528772772609515 0.5800169951357194 0.5497052651018935 -0.4038851896387376 1.1294726633905252 2.3329866448155565 -1.3683813118097174
data/frame-000045.color.jpg 0.4569359102139841 0.5743045696306316 0.5500417971217595 -0.3985446733772254 1.1089154642950971 2.336005177867159 -1.393565400452143
data/frame-000046.color.jpg 0.4627388830941278 0.5755901703248026 0.5509637024246169 -0.3885970670357952 1.1217626591436662 2.3576731695979496 -1.3740957130746578
data/frame-000047.color.jpg 0.4674002233308952 0.5802467003759401 0.5449463215123076 -0.3845572839035405 1.1747068539672996 2.348980267949917 -1.364317053633041
data/frame-000048.color.jpg 0.46989610026142714 0.5825122848719527 0.5413760411528716 -0.3831306239365422 1.1999733831216164 2.342613206143597 -1.3597307971385357
data/frame-000049.color.jpg 0.4760169507582483 0.5958456813124576 0.5301454965768282 -0.37056920961059453 1.3024579249063046 2.3430367136377512 -1.28886395755861
data/frame-000050.color.jpg 0.4803303400957262 0.6237435214512889 0.5057939851262786 -0.352702747992056 1.5151971410210705 2.3102259201373765 -1.1445015336726954
data/frame-000051.color.jpg 0.48254056417765423 0.6376826956365913 0.4914309480222932 -0.34497971959909723 1.6289028200114062 2.277087822245195 -1.0691303147409636
data/frame-000052.color.jpg 0.4856264849378265 0.6520014802391012 0.47571440339180426 -0.33579278327345363 1.7443695363810792 2.2352322087077083 -0.9772262143020233
data/frame-000053.color.jpg 0.48980394476316247 0.6646939044342189 0.4624274542076103 -0.3231639811264669 1.8332487448682868 2.2063917017546575 -0.8725815093508621
data/frame-000054.color.jpg 0.4905391970046478 0.6768094381561585 0.45288840394720836 -0.3101489548506187 1.896099825947423 2.188274342591535 -0.7658283298667747
data/frame-000055.color.jpg 0.48518790808378504 0.6895857730189245 0.44911751518827253 -0.2955632132899581 1.9406951042271228 2.1776349909320682 -0.6410198783720865
data/frame-000056.color.jpg 0.4799463776119849 0.6906381018420844 0.45374011886739846 -0.29460208999817994 1.9370027328857782 2.1773374185601013 -0.6225687729306955
data/frame-000057.color.jpg 0.4758962231804367 0.6883957806317524 0.458719493916821 -0.2986812010684497 1.9291314778414421 2.1712206427979495 -0.6355598453197323
data/frame-000058.color.jpg 0.47064934794884244 0.6887089703795458 0.4651918499619532 -0.29625274365489185 1.912720015038367 2.1836736798391443 -0.6135056630819363
data/frame-000059.color.jpg 0.4700509920630729 0.6878085027717769 0.46730625226356715 -0.2959668815437746 1.905693472973375 2.18426324668261 -0.6118105218083867
data/frame-000060.color.jpg 0.46720398458978296 0.6842540616080722 0.4752752193534518 -0.29602412372104925 1.8778616837475233 2.1916600949465113 -0.609843376710909
data/frame-000061.color.jpg 0.46629910745530345 0.6841547421657078 0.47713151004553145 -0.29469128470355693 1.8706812349386441 2.1951086255951404 -0.6043136062428017
data/frame-000062.color.jpg 0.46370091489573134 0.6846617445399229 0.4823740743917754 -0.2890242367745127 1.847907835019734 2.2116581849173955 -0.5794769908447052
data/frame-000063.color.jpg 0.458934592804386 0.6852179822908001 0.4868131098246559 -0.2878686373602462 1.8328049925988308 2.2158091674777287 -0.569771696227526
data/frame-000064.color.jpg 0.44606691113781033 0.686875421364203 0.49529751935482474 -0.2896667630824748 1.8127965885799104 2.2197997553705155 -0.5672714561105353
data/frame-000065.color.jpg 0.44852397966567376 0.6832525353431315 0.4994006575571979 -0.28738684006663856 1.7761115365039617 2.2296452029947544 -0.5799462424170111
data/frame-000066.color.jpg 0.4479594677800667 0.6825387302254845 0.5015339610817137 -0.28624619272589324 1.7612298417993348 2.234624686244367 -0.5763626370527654
data/frame-000067.color.jpg 0.44483876097249014 0.6789370435597449 0.5045490303931371 -0.29426729948833497 1.7495964263777652 2.2220805988636836 -0.6204096791459139
data/frame-000068.color.jpg 0.44047899376434263 0.6758661623838502 0.5153798521147493 -0.28907921860807945 1.7048645554657025 2.250534139042932 -0.6039613277427355
data/frame-000069.color.jpg 0.44148422946861104 0.6792597872155511 0.5112283083142947 -0.28695545539420686 1.7403866059466337 2.2357278870107993 -0.5858028299907054
data/frame-000070.color.jpg 0.4438066173375617 0.682020872685213 0.5073217129015077 -0.28373913238707904 1.7793600836655334 2.2237157318572556 -0.561664427954555
data/frame-000071.color.jpg 0.4371164785154989 0.695036220376052 0.5022482720318793 -0.27129413892779364 1.8783312552609732 2.2088039161632103 -0.4521976381845788
data/frame-000072.color.jpg 0.43832235765179506 0.6984664879745912 0.49797637849744947 -0.2683982161221967 1.9240171957848575 2.19378770065646 -0.42546749473395573
data/frame-000073.color.jpg 0.442309212784973 0.7015537814798192 0.4917539488066551 -0.2652600720236007 1.99291221429896 2.1699736823672287 -0.3898044716469408
data/frame-000074.color.jpg 0.4429305174646472 0.7031447960338837 0.48999180161967304 -0.2632641009603758 2.040627006024828 2.1608853480020196 -0.3649319439765226
data/frame-000075.color.jpg 0.4442839722701986 0.7027275624909639 0.49078352939935294 -0.26060938618867285 2.061351721356079 2.163388730361759 -0.346875552006402
data/frame-000076.color.jpg 0.4456173084115375 0.7018799281639513 0.4907857779437081 -0.26061293339512687 2.0847661488108518 2.1563305873616083 -0.3423537937935768
data/frame-000077.color.jpg 0.44656825623669616 0.7015911136500064 0.49089913200319973 -0.259547190251725 2.100583993051432 2.1529416594107285 -0.33191714882745565
data/frame-000078.color.jpg 0.44626716631677854 0.7005860461719919 0.4926017718695841 -0.2595540454850104 2.1169914030917054 2.1525705189025914 -0.32619131226273657
data/frame-000079.color.jpg 0.44643927990206356 0.6957566437452497 0.49601829995126645 -0.265669923322773 2.1379986770293953 2.152706132924191 -0.36567140511502005
data/frame-000080.color.jpg 0.4424541414692754 0.686567940358991 0.5136815150319771 -0.2626596601732986 2.0942922104962935 2.2386367110579637 -0.39867961202622715
data/frame-000081.color.jpg 0.44075989608608107 0.6856123415730072 0.5157824664186909 -0.26388421404096324 2.095201169108406 2.2533019036854958 -0.4128051357729247
data/frame-000082.color.jpg 0.44203151724182027 0.6817629107527898 0.5160252937259988 -0.2711556149552776 2.0995179322823048 2.254090267344376 -0.47485126743485545
data/frame-000083.color.jpg 0.45018357906837914 0.6753369941709626 0.5141238589615922 -0.2773650069633067 2.0976612811768107 2.2664092450594606 -0.5583301414864117
data/frame-000084.color.jpg 0.4618964083547106 0.670833581216388 0.5099201094694689 -0.27679504370573405 2.1059226045581876 2.2821539659904038 -0.6040358575329826
data/frame-000085.color.jpg 0.4700377672075023 0.6633361017013565 0.5097951282393021 -0.2813514542377685 2.099972885109304 2.3028609317847324 -0.6759524809371746
data/frame-000086.color.jpg 0.48108984848724423 0.6595521670142439 0.503581206258033 -0.2827533649190392 2.11663038113623 2.297392825596165 -0.7097507370656698
data/frame-000087.color.jpg 0.48902084433850146 0.6549590905023779 0.5041453097824707 -0.27879151743748104 2.1022407985610045 2.3260066115242974 -0.7209457626511802
data/frame-000088.color.jpg 0.4993207028104124 0.6572903175003991 0.5013354091799809 -0.25944379307950566 2.1074576271000387 2.38045759746685 -0.6290550799339713
data/frame-000089.color.jpg 0.5040522087354774 0.6616331023919255 0.4940825703325452 -0.2530917272091454 2.1570300959538713 2.380434304832681 -0.5805652010316044
data/frame-000090.color.jpg 0.5064318351045732 0.6647986159523643 0.48931972301532284 -0.24927054637209536 2.1914365132448523 2.3813235473268515 -0.5491552968223856
data/frame-000091.color.jpg 0.5135083521398883 0.6671347153565383 0.48014534220030647 -0.24637551463584706 2.243858766946378 2.365788458783513 -0.5200597956188298
data/frame-000092.color.jpg 0.5184454336641985 0.6689285239367967 0.4743534060552264 -0.24235884209222858 2.2821302752570465 2.3642782490764533 -0.48864675391122087
data/frame-000093.color.jpg 0.5240818470216024 0.6714462086195889 0.46620719784847175 -0.23905868573862835 2.33612451961276 2.3501774974142946 -0.4549650318874765
data/frame-000094.color.jpg 0.5245018756516969 0.6756102513191289 0.46304244065260075 -0.23246562951291913 2.3699105846695847 2.3524422372908824 -0.39788045415441325
data/frame-000095.color.jpg 0.5173374750011678 0.6821594041015465 0.46578665273052394 -0.2237482480229339 2.3893693180123345 2.370005326249309 -0.3212546430489107
data/frame-000096.color.jpg 0.5135299129205912 0.6846860023345336 0.4685519094197076 -0.21897765849983827 2.393446830284272 2.3839096462385467 -0.28246120812433856
data/frame-000097.color.jpg 0.5042320500874556 0.6863890276828 0.4765240510793376 -0.2180480935119567 2.4066294744514987 2.403381346658285 -0.26397342368097854
data/frame-000098.color.jpg 0.5010786449879198 0.6835219234653491 0.48220913426693457 -0.22179342305134667 2.4082681362927576 2.4124479338656446 -0.2899641954642302
data/frame-000099.color.jpg 0.4939020947099465 0.6820222377232442 0.4901072975151442 -0.2251693252077384 2.402829584434566 2.4222344103077336 -0.30911012324444753
data/frame-000100.color.jpg 0.48840530630580226 0.678411531305432 0.49817811986882743 -0.23029679078987458 2.3954961296878547 2.4353003882175353 -0.34665985919748826
data/frame-000101.color.jpg 0.4809023500700932 0.6693261344149232 0.5104262783293038 -0.24535784046395198 2.3759532565895327 2.444390580965659 -0.45380913426004393
data/frame-000102.color.jpg 0.4777274013319606 0.6631632333513251 0.5157403652914463 -0.2569103570443852 2.3691140622604907 2.4382728257683577 -0.5281890083969727
data/frame-000103.color.jpg 0.4731579000622352 0.6591790727518152 0.5222493022249415 -0.2624123053142032 2.353617787252066 2.4469743111378612 -0.5638899112515996
data/frame-000104.color.jpg 0.47146608040362964 0.65216451566557 0.527850869928585 -0.2716148719256133 2.3355891633252512 2.4550811482849237 -0.628833185031696
data/frame-000105.color.jpg 0.4708853450985668 0.6416243157881082 0.5338668073577819 -0.2856071798160091 2.306406724574146 2.4545878989226995 -0.7330744898494924
data/frame-000106.color.jpg 0.4727745328141847 0.6342550264159353 0.5373038041840607 -0.29241994562236634 2.284865329663532 2.4604870975939437 -0.7916236831957657
data/frame-000107.color.jpg 0.474729239061518 0.6238017854169752 0.5431696528130133 -0.30078266298717643 2.2434300187517757 2.4701598002890544 -0.8696683040546535
data/frame-000108.color.jpg 0.47629241442572484 0.6140608878428793 0.549620015512118 -0.3065821268935743 2.2020066055176373 2.4879004127455473 -0.9315346581100087
data/frame-000109.color.jpg 0.47639206774726167 0.6081819221003639 0.5543883058617726 -0.30954636767616633 2.172269289173437 2.5006020128817985 -0.9654249688819769
data/frame-000110.color.jpg 0.4774309281747688 0.603805373185193 0.5573870221539717 -0.31112455330493766 2.1528071569501246 2.512550311201251 -0.9878281145496873
data/frame-000111.color.jpg 0.4778319917796246 0.6011621123501845 0.5601797299307135 -0.3106112883997202 2.134008926904947 2.5276949853427086 -0.9942517781732019
data/frame-000112.color.jpg 0.47816465425408816 0.5978498735538023 0.5630082250237559 -0.31137731238703265 2.1171570807638864 2.534098286413095 -1.0088719572976628
data/frame-000113.color.jpg 0.4758423283653747 0.59735070250985 0.5666587717903606 -0.30926372742345243 2.1046478200781924 2.552300232687806 -0.9978515016763647
data/frame-000114.color.jpg 0.47107214445279544 0.5949279481022454 0.5733629479439086 -0.30887975202749557 2.0766877605505956 2.5707931339250534 -1.003234510356219
data/frame-000115.color.jpg 0.4653347799140049 0.5948590416790603 0.5797014829324485 -0.3058634561711722 2.0550429159313373 2.5952026410426328 -0.9844242581771588
data/frame-000116.color.jpg 0.45858257124942997 0.5965537451334034 0.5872884954701342 -0.2981910085867743 2.0304924700241656 2.6347678889238924 -0.9347413663294756
data/frame-000117.color.jpg 0.45562989250986796 0.5967362311690722 0.5897131400223771 -0.29756626815975906 2.0260114531294913 2.6395356472741924 -0.9274224838015702
data/frame-000118.color.jpg 0.45141807610298235 0.5974263626750401 0.5928693458444054 -0.2963265099622041 2.0111556389462737 2.642106701453952 -0.9133150582961148
data/frame-000119.color.jpg 0.4500159072126988 0.6002216927300243 0.5938389539053589 -0.2908176398646141 2.010054701770997 2.6519876835388234 -0.8722449883175147
data/frame-000120.color.jpg 0.4474516489734036 0.6028117837688608 0.5954194753951246 -0.2861479049383058 2.002330612750897 2.6595196683959337 -0.8356420689606856
data/frame-000121.color.jpg 0.44401253195232204 0.6070173713224686 0.5965531960806578 -0.2801911251770843 1.9935117665424291 2.663197102660341 -0.785035315355508
data/frame-000122.color.jpg 0.4406698399459655 0.6145401100261091 0.594953191080827 -0.2723623427602214 2.0004731664222435 2.658138474343573 -0.7111207695437979
data/frame-000123.color.jpg 0.43314752268861884 0.6189388343776911 0.5969805517995858 -0.27002252435854157 1.989342250397372 2.6393355962777245 -0.6730989992449393
data/frame-000124.color.jpg 0.42408768866196017 0.6252934161344452 0.6003846646492018 -0.2620992760736629 1.9748996704334147 2.643262082357788 -0.6005550314756647
data/frame-000125.color.jpg 0.4185667765763542 0.6325776127960218 0.602496508764626 -0.24828486514929557 1.9612148811360266 2.649624434896298 -0.49234469024486793
data/frame-000126.color.jpg 0.4141468417249371 0.6371778737894754 0.6022625399926406 -0.24447205068063774 1.969600468165561 2.6358035749766677 -0.4476339500931735
data/frame-000127.color.jpg 0.40437888369767716 0.6404755872783744 0.6043236839808547 -0.2471065063887433 1.967429948698383 2.601407045323621 -0.43092064656993734
data/frame-000128.color.jpg 0.39735752145293624 0.6423696372731137 0.6085427024670617 -0.243195453346628 1.9538730460324818 2.598039800871974 -0.38998680864989343
data/frame-000129.color.jpg 0.39176644496602614 0.6399563766142865 0.6139617136689546 -0.24500184239730988 1.9324160822276466 2.5983429431617515 -0.39681835950164857
data/frame-000130.color.jpg 0.38058547110222335 0.6366620460107981 0.6251021106056163 -0.24302981231043874 1.8835467822532208 2.6116643334260483 -0.3836461317228752
data/frame-000131.color.jpg 0.37203990693725875 0.6352680701470814 0.6320344596789381 -0.24197774376184242 1.8558529401154722 2.618771802700916 -0.3750502995508232
data/frame-000132.color.jpg 0.36369015067734234 0.6345061563036547 0.6375749240475103 -0.2421355573617102 1.8414366146563288 2.6161239643481737 -0.372308207441321
data/frame-000133.color.jpg 0.3487600209451188 0.6369753902589962 0.6443490798853019 -0.23967282542191728 1.8323145990595946 2.6171413023738483 -0.34001415822029546
data/frame-000134.color.jpg 0.3434720372881992 0.636784740935541 0.647358651005806 -0.2397059245840484 1.8233715361528136 2.6174494687684535 -0.3393139526848696
data/frame-000135.color.jpg 0.3393478135739639 0.6320427096099936 0.6498210334619838 -0.25119255387416806 1.8285366963249008 2.605222891019058 -0.417684359276101
data/frame-000136.color.jpg 0.3259005218581529 0.6271323938700688 0.6586700943757792 -0.2581618042747291 1.8475420327619716 2.619708447738526 -0.4685490014363452
data/frame-000137.color.jpg 0.3202470720029646 0.6268004937876559 0.6615043665205509 -0.2587951447290383 1.8756151054328272 2.624495956918481 -0.4735880593436955
data/frame-000138.color.jpg 0.32336337282226324 0.6254787675600404 0.6630672471752193 -0.2540753159440314 1.8976011619571755 2.646838692181585 -0.4545251098474612
data/frame-000139.color.jpg 0.32828072431822514 0.6242463122692309 0.6594129872009499 -0.26023608506525003 1.9427396177226879 2.637030660361841 -0.4966667079945178
data/frame-000140.color.jpg 0.33927658426749024 0.6199419489546693 0.6557838418023224 -0.2655389465314987 2.004022084961205 2.6337383096739093 -0.5458152522471574
data/frame-000141.color.jpg 0.34025504930846845 0.6166305565190106 0.6581116714692948 -0.2662372739926504 2.0185843826761105 2.647703656844067 -0.5601187308669576
data/frame-000142.color.jpg 0.34071370477193846 0.6158688437828211 0.6584586417076341 -0.26655572737933825 2.0208863584457553 2.6500487231271905 -0.5637677286102555
data/frame-000143.color.jpg 0.34405417743371247 0.6131784676592787 0.6585681784314875 -0.2681918047720008 2.0488960613584473 2.6582337544259085 -0.5844276394054297
data/frame-000144.color.jpg 0.3446988423131917 0.611950452800266 0.6586509010133795 -0.2699598896498481 2.0658166313265194 2.6572064028031535 -0.6001827240017211
data/frame-000145.color.jpg 0.34496874171423736 0.6103408678084756 0.6597223765155654 -0.2706417895439423 2.0768352277447595 2.662760726108293 -0.6101362331584387
data/frame-000146.color.jpg 0.34243430573976724 0.6072381303192992 0.6626799660963366 -0.27359799318234107 2.083397415009852 2.669633451863918 -0.635925055300315
data/frame-000147.color.jpg 0.33908318537918936 0.604619171412372 0.6664593235070054 -0.27439063589033724 2.0807751777046497 2.685037239462828 -0.6472255011751461
data/frame-000148.color.jpg 0.33746923121319994 0.6016687827077801 0.6694766474671899 -0.27551807997915917 2.07108384617339 2.6980264894493033 -0.6616012800264702
data/frame-000149.color.jpg 0.3376282882498695 0.5949252778700521 0.6744855204876706 -0.2777414901975938 2.040639550935757 2.7259420734477278 -0.6938953827306181
data/frame-000150.color.jpg 0.3431636293132574 0.5915727738809662 0.6731112451907781 -0.2814278385608867 2.043439508190938 2.7409832967142225 -0.7289697255380775
data/frame-000151.color.jpg 0.34952123705906724 0.5822180803445907 0.6727516197424098 -0.29370439203138204 2.0097161698718113 2.7390291464980163 -0.8377828655890813
data/frame-000152.color.jpg 0.35654735104062035 0.567104467140363 0.6745365124969368 -0.31026924295494024 1.9367258158983525 2.775323844855057 -1.0114825329861745
data/frame-000153.color.jpg 0.362767207772929 0.5599023665389515 0.6741516379517599 -0.3169051308446642 1.904570341034792 2.786878793384046 -1.091338726667244
data/frame-000154.color.jpg 0.3651193445104915 0.5570820734325855 0.6739049869310496 -0.3196865594824767 1.892076149077963 2.782865541556591 -1.1220334007076855
data/frame-000155.color.jpg 0.3686705869769117 0.550096697568791 0.6751758956608849 -0.3249817403186396 1.851339228704247 2.8002609432263132 -1.1946383792580362
data/frame-000156.color.jpg 0.36805891862593837 0.5462738290949043 0.6768151513056158 -0.32869254179103696 1.8200466704085183 2.8106270737402164 -1.244764159813348
data/frame-000157.color.jpg 0.3767058014533612 0.5481455031106156 0.6731145326313837 -0.32333585098381046 1.8373591343939886 2.8289748695387975 -1.235888879352754
data/frame-000158.color.jpg 0.3851691227897039 0.5592515848695638 0.6617638494546673 -0.3177279012382006 1.9349358336288456 2.8189695157250543 -1.191136261182634
data/frame-000159.color.jpg 0.39589447716120874 0.5705516434517128 0.6485518255302486 -0.31163907763498666 2.0434769139191418 2.7856888527515906 -1.1354454515587538
data/frame-000160.color.jpg 0.405475917936319 0.5909061564118939 0.6266417477353465 -0.3061687676485182 2.233914022330122 2.7059611879513112 -1.0478116034710592
data/frame-000161.color.jpg 0.41129579382847126 0.6149757422475356 0.6024739641840764 -0.2994423632461258 2.443336732150299 2.609997185832084 -0.9266943502630104
data/frame-000162.color.jpg 0.41670108754171936 0.6283938448231903 0.5876338779950412 -0.29354353146064316 2.5562158007129834 2.548351514126705 -0.8407854850620072
data/frame-000163.color.jpg 0.4228577866247371 0.644495217291157 0.5720489094228689 -0.2803163434546036 2.674673957958889 2.498116816583623 -0.6983514207574206
data/frame-000164.color.jpg 0.42706882013538283 0.6570361700409831 0.5579789698463309 -0.2730845351448449 2.776069463020279 2.438964180579146 -0.6001665024687195
data/frame-000165.color.jpg 0.4276155940356413 0.6671033015805049 0.5480455122314007 -0.26788841946033753 2.8532302923013284 2.388203411621403 -0.526204383462927
data/frame-000166.color.jpg 0.4287433254535404 0.6764860061539754 0.5408427939528537 -0.256972598901429 2.9095941843182325 2.3699504506740876 -0.42365577736034876
data/frame-000167.color.jpg 0.42549373754186065 0.6894532117222649 0.5309948705070929 -0.24830182370185733 2.9989157410403955 2.3151180074042617 -0.32572282925200075
data/frame-000168.color.jpg 0.4225055154046011 0.6963954764646701 0.5262814841640748 -0.24402915653318133 3.048087723367507 2.2874573916096574 -0.27881957790034356
data/frame-000169.color.jpg 0.41911938785744624 0.6989865418731042 0.526036779687698 -0.24298571854756204 3.067822842296029 2.2796634478935123 -0.27187153076507264
data/frame-000170.color.jpg 0.4196788898374846 0.7007222661670485 0.5241203471766845 -0.24115513015045795 3.0879178603672273 2.2792118185021226 -0.2599231049630573
data/frame-000171.color.jpg 0.42105054054524194 0.6944928660315447 0.5243697197554603 -0.25579776844497737 3.1075646831644193 2.260706748245638 -0.3805283549195944
data/frame-000172.color.jpg 0.4198549887671076 0.6934212097104838 0.526158653391977 -0.25699394115769075 3.1033092425814837 2.268074304261424 -0.39446069577671694
data/frame-000173.color.jpg 0.41770508988245375 0.6878577183815328 0.5325042902815212 -0.26232307939069555 3.086407010880756 2.295279841820008 -0.45918799399145077
data/frame-000174.color.jpg 0.41519330010753003 0.6776711974748415 0.5431660026324802 -0.2708264485663935 3.05000661508251 2.342725137591347 -0.5623847338713179
data/frame-000175.color.jpg 0.41008785779574813 0.6647376148118566 0.5585569198824953 -0.27922395956314006 2.9885078194588917 2.410053991037973 -0.6760912518438451
data/frame-000176.color.jpg 0.40633005259377075 0.654827334724659 0.5695063883501158 -0.28593622310744476 2.9378863289785913 2.457070158966014 -0.7616284685081012
data/frame-000177.color.jpg 0.4050620437782016 0.6524385668344403 0.5722595718445637 -0.2876936558729181 2.9230164527377887 2.468882990162838 -0.7831474037783646
data/frame-000178.color.jpg 0.3985824015369675 0.6372475479768125 0.5912685409392754 -0.2923168559595974 2.8184049632517145 2.5601173550635345 -0.8745705213778819
data/frame-000179.color.jpg 0.397252429521921 0.6356112829467587 0.5931850708328473 -0.2938031245081228 2.8068595375432226 2.565486219372466 -0.8901526028475256
data/frame-000180.color.jpg 0.3930798723476158 0.6295625920774345 0.6015715104914009 -0.29538258983396154 2.7584621191715795 2.6014138642547615 -0.9227431996377035
data/frame-000181.color.jpg 0.38949569055400823 0.6263553988448662 0.6080558494845336 -0.29366665674772646 2.722067913757886 2.6352486036283644 -0.9233124805862658
data/frame-000182.color.jpg 0.3857484258468904 0.6234621329236922 0.6128804286618013 -0.2947383601267636 2.6942959665497574 2.6520971429546796 -0.9391105375535631
data/frame-000183.color.jpg 0.3798707870482527 0.6194586329501561 0.6220385887854969 -0.2916113531270901 2.637761527320905 2.695308052260485 -0.9306540348226361
data/frame-000184.color.jpg 0.3762489945618796 0.6173101826952925 0.6275479141450784 -0.28904748378776873 2.6012585280946854 2.7208227853479716 -0.9188137327202768
data/frame-000185.color.jpg 0.37574397241792046 0.6172729813062388 0.6284015925821727 -0.28792702579142926 2.595779426405984 2.72626859702807 -0.9109716075641069
data/frame-000186.color.jpg 0.3729885896337207 0.6169821082772183 0.6310489983366402 -0.2863385265156768 2.577785454867935 2.733184448077637 -0.8975795418963056
data/frame-000187.color.jpg 0.3703496666478005 0.6168069234443648 0.6327106280126533 -0.2864744400549446 2.5667792769692603 2.7336941900676757 -0.8954937848458053
data/frame-000188.color.jpg 0.3675140589880724 0.6154623271770917 0.6357663299480797 -0.28625288466008575 2.543207811379053 2.7387226284793997 -0.8932173620399609
data/frame-000189.color.jpg 0.36379076307238223 0.6162742773708378 0.6399397295040319 -0.2798918333152503 2.521370910736549 2.7588972538604577 -0.8435819864587313
data/frame-000190.color.jpg 0.36009185281231765 0.6161811559842911 0.6422022276663788 -0.27969794301781076 2.508794358122829 2.760744285472963 -0.8354498862802765
data/frame-000191.color.jpg 0.3583939418100974 0.6150086551642536 0.6439113057854837 -0.2805287272785272 2.4958609963849243 2.7593192236591118 -0.8370947199145307
data/frame-000192.color.jpg 0.3559637252001254 0.6137192260337945 0.6464008640256638 -0.28072132253358645 2.4786722190067825 2.759574187950393 -0.8336457817255671
data/frame-000193.color.jpg 0.3517925161127028 0.6124777179818989 0.6508629209809683 -0.2783712066196868 2.4538331064564143 2.773045758576892 -0.8145537492532532
data/frame-000194.color.jpg 0.3521668010552415 0.6106671923323255 0.6523751693055169 -0.2783357018369566 2.4350205499508055 2.774640516827813 -0.8069523982505784
data/frame-000195.color.jpg 0.3497333436975934 0.6032662446141053 0.6599544630079003 -0.2796721887697251 2.3628287667326022 2.7985787901038464 -0.8261756923888147
data/frame-000196.color.jpg 0.34550942884555735 0.5987851951247907 0.6691832136449791 -0.27253137664122373 2.289531785935889 2.8458501694974676 -0.7845609802278563
data/frame-000197.color.jpg 0.34077346454445556 0.5919820073001861 0.6792129517047305 -0.26851539086569925 2.2015014284867784 2.887058979674616 -0.7719055257631398
data/frame-000198.color.jpg 0.33954363285270917 0.5889253871860449 0.6853373902378672 -0.2611315209983303 2.13893914999894 2.9239752837188586 -0.7312996725253355
data/frame-000199.color.jpg 0.3438751529468113 0.5817107477505894 0.688063821273369 -0.2644440640134427 2.0811450275460115 2.9293680626577925 -0.770473399104524
data/frame-000200.color.jpg 0.34089613846297484 0.5787806073461137 0.6945617606089365 -0.25765634484892913 2.019226202939436 2.961110379293479 -0.7275417619739479
data/frame-000201.color.jpg 0.33775758801033184 0.5737091980380747 0.6996862215871754 -0.25926195083161346 1.9672759181861352 2.972375679463389 -0.7409440168353093
data/frame-000202.color.jpg 0.33172633879194197 0.5645329458447246 0.7093196943598762 -0.2610091193824141 1.8804862796003334 2.996749872296906 -0.7622159374811524
data/frame-000203.color.jpg 0.32535572011674424 0.5576822077782365 0.7173276276178615 -0.261868831996167 1.8136944457930075 3.0176135537005977 -0.773399903010695
data/frame-000204.color.jpg 0.31900662588855416 0.5495742489686447 0.7260840215578663 -0.2626878587755919 1.7388810658226104 3.043089122330651 -0.7882784678759581
data/frame-000205.color.jpg 0.3142215008457895 0.5402613246575374 0.7353099438316517 -0.26211035078339967 1.657761772913121 3.0759396024937833 -0.7957183464489421
data/frame-000206.color.jpg 0.30357933093392686 0.5234041980655619 0.7505074276458606 -0.2657559713824842 1.5259701293863424 3.117206939119935 -0.8382215217319695
data/frame-000207.color.jpg 0.29700270356878156 0.5099296428031538 0.7621204167694137 -0.26633367005825404 1.4207560183303503 3.1527944044268814 -0.8547985979707268
data/frame-000208.color.jpg 0.2912681728906725 0.49198567989367586 0.7758110490510398 -0.2668897870110667 1.2832514463501907 3.1910352413985117 -0.8779379339544625
data/frame-000209.color.jpg 0.28715648811212374 0.4797211144061708 0.7848866266819311 -0.2671362704386512 1.1940397323923166 3.215381198719645 -0.8893249526076994
data/frame-000210.color.jpg 0.2797473503833672 0.4645126455884115 0.7943241993044065 -0.2738950317938495 1.0927063106952932 3.232214352120467 -0.9376784403528924
data/frame-000211.color.jpg 0.2765827026894652 0.45594386090575284 0.7983719309323856 -0.2796774287900986 1.046876711386132 3.238049492417762 -0.9758037537369578
data/frame-000212.color.jpg 0.2713203957831284 0.4262847845521668 0.8097539307974344 -0.2982701742539853 0.8697976672952998 3.2417955006824086 -1.1217894823976702
data/frame-000213.color.jpg 0.27094155857674557 0.41584146259533433 0.8138414845643308 -0.30220620083761257 0.8031228079439677 3.2477344584490053 -1.1613701779744445
data/frame-000214.color.jpg 0.2683746307180708 0.4061350236138284 0.8182394891579664 -0.3057998341458736 0.74154816721554 3.2560459640435906 -1.1975710235659038
data/frame-000215.color.jpg 0.26857710850145833 0.4015738885744446 0.8204898716676167 -0.3056159670158825 0.7098641863958881 3.2681533865616057 -1.2076153479461051
data/frame-000216.color.jpg 0.2727276214593456 0.39531418418454717 0.8213894644165594 -0.30767789654297817 0.6807344938468871 3.2914606463014793 -1.2589534633190513
data/frame-000217.color.jpg 0.27354286014365287 0.39501565885057394 0.8196847039981806 -0.31185560594398837 0.6888769113538629 3.289542483848757 -1.3027208257599894
data/frame-000218.color.jpg 0.27904624461181476 0.39936580546859235 0.8151353714157871 -0.31335997360434065 0.740268784993734 3.29636197758824 -1.3321590051704735
data/frame-000219.color.jpg 0.2835446143695217 0.4030919352413734 0.8089340687109092 -0.3205386339963055 0.7956106994705973 3.2740757452056104 -1.403181737771521
data/frame-000220.color.jpg 0.2901749966879214 0.4134799722670913 0.8022494056477475 -0.3181645407159737 0.8985796440155883 3.286425952759675 -1.4116219419230276
data/frame-000221.color.jpg 0.29353422844565374 0.42765102706986297 0.7947172963282672 -0.31524066154859326 1.0428477598612869 3.313236154897592 -1.4194392568177552
data/frame-000222.color.jpg 0.2980341067438027 0.42877036928033163 0.792087594309632 -0.3161153026751662 1.0822671618883628 3.3260854280756456 -1.4487384403872572
data/frame-000223.color.jpg 0.2981975915668169 0.4290859112865621 0.7893618251229371 -0.32229084094605615 1.122863584186453 3.3228300412556475 -1.5069386305081691
data/frame-000224.color.jpg 0.2981263604003125 0.4268574844509469 0.7899562053551265 -0.32385576237516905 1.1232958359117817 3.3342001702102393 -1.5399521041043787
data/frame-000225.color.jpg 0.30006874293279673 0.42716584839957333 0.7897399600634135 -0.32217834029438114 1.139079716156948 3.3479201476186478 -1.5456826821642764
data/frame-000226.color.jpg 0.2930607992091934 0.426894465385409 0.7912784192985547 -0.32519985630771153 1.139108284967265 3.3596478975526076 -1.5663841428652003
data/frame-000227.color.jpg 0.28827646788070643 0.42620219639391776 0.7917325411270709 -0.3292536243926492 1.1425316135155574 3.368949121727805 -1.6033765723887732
data/frame-000228.color.jpg 0.2726431837775636 0.41371905884648696 0.7963496222419656 -0.34688544772286034 1.046590956667028 3.3605711866972405 -1.7330187153759389
data/frame-000229.color.jpg 0.26359777086087566 0.3955128342538757 0.8065032865904218 -0.35162232843846974 0.8844986383159164 3.4050546046819985 -1.7928460464021085
data/frame-000230.color.jpg 0.25195890235331964 0.3713513665556168 0.8155408605743588 -0.3653874365872767 0.6781909417543877 3.4134496608829905 -1.9092548039466273
data/frame-000231.color.jpg 0.2460635433013552 0.35375180893491265 0.8220193404293596 -0.37228563535723497 0.5266119952028044 3.419786603467624 -1.973290763562395
data/frame-000232.color.jpg 0.2398779969476313 0.3377828300160023 0.8269432176812067 -0.3801660440620992 0.3905749137539899 3.411088921762413 -2.0326755408690875
data/frame-000233.color.jpg 0.23047753220819603 0.3222738638131084 0.8322173099185411 -0.387858238177478 0.25616598699838816 3.401643264229242 -2.0757871076913803
data/frame-000234.color.jpg 0.22133833664532676 0.30505639441891425 0.8376485724670881 -0.39534137906252764 0.10866126986865923 3.385722580842519 -2.1121824861062284
data/frame-000235.color.jpg 0.20860101463320008 0.2867410039597109 0.8422788331316845 -0.405994557353303 -0.041862582528334566 3.353325883074697 -2.1535956961957856
data/frame-000236.color.jpg 0.20170854175729833 0.2785073458407998 0.8444259830155663 -0.41072141617287433 -0.11004036539441374 3.3413726384752716 -2.164221629727247
data/frame-000237.color.jpg 0.19352274797975966 0.2697241841072078 0.8455490462421269 -0.4181442585054741 -0.17585132561186848 3.3155888015157218 -2.1843039465989422
data/frame-000238.color.jpg 0.1872558450368089 0.25991380215841153 0.8476676996997401 -0.42289423598916526 -0.24277156990597865 3.2943192292567245 -2.187751412986796
data/frame-000239.color.jpg 0.18365812097635373 0.2537372936504174 0.8486846827992617 -0.42617061089699093 -0.2778856193522858 3.276940094463474 -2.1895505968660873
data/frame-000240.color.jpg 0.17890337035686638 0.2446823705703155 0.8508396531700629 -0.42918062188371475 -0.3349131746775595 3.2558153306360045 -2.1817988272350366
data/frame-000241.color.jpg 0.17797957246328835 0.23880245678321638 0.8517144216343399 -0.431137103947419 -0.3658275159157044 3.2378737177396975 -2.178855041137333
data/frame-000242.color.jpg 0.1786035180053976 0.23320908144179228 0.8541086578060939 -0.42920007962469425 -0.393030322935202 3.2271946929951665 -2.1493754904703497
data/frame-000243.color.jpg 0.17771181471230318 0.23348317705438437 0.8556758106279838 -0.4262898357343212 -0.37945607766101014 3.2293003038146137 -2.1091197741727785
data/frame-000244.color.jpg 0.17832897199948505 0.23513174161829373 0.8561230311818995 -0.42422305136457594 -0.3573697711011434 3.2264960088389136 -2.0810001363003945
data/frame-000245.color.jpg 0.17887026310913487 0.2385300424075601 0.8566841309602414 -0.4209526667040042 -0.3210415289436333 3.228839339084214 -2.038281033937652
data/frame-000246.color.jpg 0.1751170762430774 0.24267955497418076 0.8559341595228968 -0.4216839548375559 -0.2857814201966512 3.22255270510232 -2.015118429984227
data/frame-000247.color.jpg 0.17159810727144337 0.24374564650987968 0.8577846790648419 -0.4187452611671735 -0.2799222813640192 3.222948806704488 -1.9713035357451412
data/frame-000248.color.jpg 0.16615217005923785 0.24067239532402998 0.8639297613796781 -0.4099946608384699 -0.31827589502875187 3.2540361524096033 -1.8911809041038905
data/frame-000249.color.jpg 0.16491242566625255 0.24037559078585805 0.8664415914113415 -0.40534236873019486 -0.3254638181546769 3.2703107053786815 -1.8546152208521254
data/frame-000250.color.jpg 0.15775918820299034 0.23633467717795206 0.8747247090809529 -0.39257437795145006 -0.38064667614444536 3.31453943822185 -1.7476946912591287
data/frame-000251.color.jpg 0.14053905285766996 0.21730358229517371 0.8941943415216621 -0.36530043434712045 -0.5577859461620935 3.406465885465628 -1.5181193601009477
data/frame-000252.color.jpg 0.13557909818631803 0.20885372661501733 0.9015230455288324 -0.35391330491297385 -0.6277190593328801 3.439534681971218 -1.4282306196974897
data/frame-000253.color.jpg 0.1344590849204477 0.20711709053253458 0.9025588788958215 -0.3527190601853156 -0.6410290243531531 3.4431962622320964 -1.416899079701654
data/frame-000254.color.jpg 0.1238104678793818 0.20064766709841453 0.9103281190874818 -0.34016789579573836 -0.6932743543294888 3.4943335937115414 -1.303543751245252
data/frame-000255.color.jpg 0.11500135908938554 0.19793053626947787 0.9132795347924533 -0.3369253352731903 -0.7119565609857054 3.5219274635528848 -1.2586647281942422
data/frame-000256.color.jpg 0.11374738051417 0.19754940775115434 0.9151157637153547 -0.3325641350521658 -0.7175071789259551 3.537328103153232 -1.2270211291879871
data/frame-000257.color.jpg 0.1103026592634027 0.19235325495989575 0.9184786190569473 -0.32746079918212834 -0.7574341135185363 3.559667080686011 -1.1901614638324802
data/frame-000258.color.jpg 0.1009957091556143 0.17169788171159714 0.9273576246788605 -0.31674522900572083 -0.911627986062109 3.6061290570915983 -1.1112211327336845
data/frame-000259.color.jpg 0.09325618375026246 0.15065905384843892 0.9310656179007674 -0.31893878542581344 -1.0687279076756084 3.6028555096857433 -1.1116776605889584
data/frame-000260.color.jpg 0.09316658039419881 0.13851459712326225 0.9336726705350659 -0.3168422935426233 -1.1633811334921986 3.604290953552346 -1.1072060398827277
data/frame-000261.color.jpg 0.0948301715849293 0.13268201627537685 0.9345724111134763 -0.316191602513124 -1.2070231521796688 3.615851749379006 -1.1226589954050723
data/frame-000262.color.jpg 0.09402739936679744 0.12760694535247025 0.9378737394081798 -0.30865541400507857 -1.2513619101174682 3.64085199070331 -1.0809432426883119
data/frame-000263.color.jpg 0.09498724551320807 0.11822515236673561 0.9395558320819274 -0.30697731990900007 -1.3224597306302694 3.6426710984442416 -1.0879623654648116
data/frame-000264.color.jpg 0.09677576365876475 0.11143305925081615 0.9411529239248656 -0.30405311815855895 -1.3784451451824586 3.644827802111244 -1.0821290418271423
data/frame-000265.color.jpg 0.09905981200820424 0.10812260228350332 0.9422701202971266 -0.3010376669381782 -1.4097950073312586 3.6514847978724743 -1.0774910969408467
data/frame-000266.color.jpg 0.10051413910554508 0.10374100850951355 0.9428030883388342 -0.3004281072270979 -1.4529551647268797 3.652391905784712 -1.0857756863001713
data/frame-000267.color.jpg 0.10158650787484987 0.10234883802756539 0.9416561924197302 -0.3041192398546584 -1.470233111042536 3.646167730794205 -1.1141712317525327
data/frame-000268.color.jpg 0.10665899416065551 0.10706819420849306 0.9424255470654943 -0.2983192065420415 -1.4410828956732764 3.6653429176240535 -1.0922055279939151
data/frame-000269.color.jpg 0.11106545330683239 0.11703364085346031 0.9433576177263224 -0.28990342714091805 -1.3739293797453105 3.69877502321176 -1.049210813288055
data/frame-000270.color.jpg 0.12125329861219779 0.14188237115974056 0.941496455484664 -0.2806268957879228 -1.1807826997937283 3.763753529373614 -1.0194022049775027
data/frame-000271.color.jpg 0.12359687673918024 0.15736357860112657 0.9386470808356052 -0.2808953075951329 -1.0514695886986094 3.7936865000366775 -1.0259702939673985
data/frame-000272.color.jpg 0.1332651867315278 0.19230849412842324 0.931127845907349 -0.2797476857230637 -0.7573822341286606 3.844483801380768 -1.0349728462822783
data/frame-000273.color.jpg 0.13848761916273336 0.22637553405628952 0.9229690651215503 -0.2787532990800624 -0.46305765130728166 3.8719237451043833 -1.019991374812152
data/frame-000274.color.jpg 0.13015432933899782 0.24456637616257804 0.9186989348646758 -0.28149494717228885 -0.2945719873935188 3.8768795168667887 -0.9996057773321925
data/frame-000275.color.jpg 0.1278687650971356 0.2529209607632037 0.9160112783801658 -0.2839082675786073 -0.22083171285232345 3.8642040576483354 -1.0016134247480009
data/frame-000276.color.jpg 0.134686929450715 0.26923536965335626 0.9137592910704843 -0.27279242061524567 -0.09456453981000133 3.8677092559627675 -0.9224523648757765
data/frame-000277.color.jpg 0.14012118220234848 0.27947435615424304 0.9115061489555087 -0.2672389922273432 -0.02012302706887329 3.8548756837888316 -0.8759598497513688
data/frame-000278.color.jpg 0.14709159870716076 0.2889201222056836 0.9055339820565349 -0.27367395183915416 0.0634394059571756 3.819113471346469 -0.9217671710626127
data/frame-000279.color.jpg 0.1432092139730125 0.29091924217469783 0.9021076203602341 -0.28470854720876804 0.08255263383884329 3.7840014791992216 -0.9784772210567558
data/frame-000280.color.jpg 0.14183201289527828 0.28912213235624146 0.899093455034006 -0.29651818125515894 0.07220347780008304 3.742614412382365 -1.0507445239688917
data/frame-000281.color.jpg 0.1362825048110245 0.2846577855376526 0.898025638813609 -0.30650770960718465 0.03348381522283212 3.7057975425417995 -1.0980126438557694
data/frame-000282.color.jpg 0.14028964804565558 0.27513784170892364 0.9052784100318777 -0.2917001594808214 -0.09083963692296379 3.6976497576440095 -0.9902236366349207
data/frame-000283.color.jpg 0.13884355655635852 0.26775277980959533 0.9055406570096766 -0.29837398380136787 -0.15440919235911502 3.6654214206426934 -1.0263814983276045
data/frame-000284.color.jpg 0.11995497036443363 0.2474303011228337 0.909084029629764 -0.31297807949318335 -0.32237394504767364 3.5915461363520924 -1.0566746834962941
data/frame-000285.color.jpg 0.11690275502577413 0.24450476928859066 0.9088225931209735 -0.31716345611590613 -0.34366316244823014 3.576656381848743 -1.0751804498743387
data/frame-000286.color.jpg 0.10865638345945414 0.23505733216507727 0.9090140383787431 -0.326550637664846 -0.4173254225455221 3.53310655061282 -1.1060920347684122
data/frame-000287.color.jpg 0.10798248788288187 0.2284005243656929 0.9109104176245844 -0.3262134176319319 -0.4655591803576399 3.509567888549619 -1.0920529415668074
data/frame-000288.color.jpg 0.10113020211939534 0.2180334411205461 0.9109962383960457 -0.3351416930205469 -0.5285287853357916 3.466496379722076 -1.1198181788894022
data/frame-000289.color.jpg 0.09413247980473631 0.20030324710120467 0.9141645672501288 -0.3395892068822417 -0.6428439423976515 3.4201324121987784 -1.1110322775913277
data/frame-000290.color.jpg 0.08609286733297941 0.18872132074136 0.9163339738146323 -0.3424971966675165 -0.7096440715078031 3.3943058949859966 -1.0964451359332823
data/frame-000291.color.jpg 0.07834153757240754 0.17519585453598802 0.9190402880708353 -0.3442876195085615 -0.7764046332435993 3.3585879434588755 -1.066677815082164
data/frame-000292.color.jpg 0.07336914398189578 0.17023111975267097 0.9204692492016183 -0.3440562393756661 -0.789213837063976 3.34456728688056 -1.0421124355642042
data/frame-000293.color.jpg 0.07141983179330053 0.16629791518486917 0.9213425796199434 -0.3440524117210209 -0.792535838167393 3.3329579831122795 -1.029718916574173
data/frame-000294.color.jpg 0.0713788710025218 0.16398151795615137 0.9220507580957876 -0.34327469763759877 -0.790388138888136 3.324917669107735 -1.019459042864808
data/frame-000295.color.jpg 0.07207764312809713 0.1577035111547143 0.9217255289867119 -0.346924293102601 -0.7967076944229412 3.2964116356875373 -1.034566369784057
data/frame-000296.color.jpg 0.07468249760509897 0.15662351784847495 0.9206807175475957 -0.3496263928027708 -0.7878502967169458 3.2816700560735765 -1.054623658636691
data/frame-000297.color.jpg 0.07811036606620973 0.1570298763619173 0.9192048974680402 -0.35256594434734245 -0.7651390703699507 3.2686345561359316 -1.0776994711827512
data/frame-000298.color.jpg 0.07994437350837603 0.15745319483595288 0.9182802469223179 -0.35437095915522127 -0.7530547885679572 3.2610323616613455 -1.0921807965963652
data/frame-000299.color.jpg 0.08636741367117437 0.1597814164492548 0.9163179788844961 -0.3568920430413864 -0.7135556364250217 3.244631510376232 -1.1193050705741068
data/frame-000300.color.jpg 0.09102528738918161 0.16455296754607046 0.9183652236799554 -0.3481982680352735 -0.6751142570262811 3.2601543288923924 -1.071798054109391
data/frame-000301.color.jpg 0.0926426421110601 0.16882546111884184 0.9192893875265546 -0.3432525695777729 -0.6382041539625792 3.267104821009188 -1.0451802075975751
data/frame-000302.color.jpg 0.091947123206001 0.17541676906096584 0.9194149580283603 -0.3397805447933426 -0.5846005023000658 3.2759473217819997 -1.0204773275316539
data/frame-000303.color.jpg 0.09439727578747935 0.19372604886541564 0.9269692732729069 -0.3070624345679483 -0.45753883118616806 3.322203827501954 -0.8257629337896628
data/frame-000304.color.jpg 0.09587370927535935 0.19560327263292687 0.9277933860788707 -0.3028977126908972 -0.44641690678511453 3.3266762739747207 -0.8041958759871476
data/frame-000305.color.jpg 0.10055021047141824 0.20236088527353963 0.9287184654789702 -0.29397574587684805 -0.40511687046337125 3.3357400574488856 -0.7620625728988513
data/frame-000306.color.jpg 0.09801087757338778 0.20619228967356298 0.9287767291585699 -0.29198012762853504 -0.3756417301108908 3.340576915890407 -0.7440032302038965
data/frame-000307.color.jpg 0.09919322922259376 0.2079269246682167 0.930758104160579 -0.2839303590914792 -0.3622806684421149 3.34645468665747 -0.6968010968599053
data/frame-000308.color.jpg 0.09381902293212846 0.20605312981443002 0.9324100292539321 -0.2816942242510833 -0.36729273528606027 3.3454131813819785 -0.6710968406035128
data/frame-000309.color.jpg 0.08939181471393402 0.19531730180416565 0.9350518084729991 -0.28202547854664406 -0.424607823874916 3.329585122232165 -0.6620377546571001
data/frame-000310.color.jpg 0.08591158178493051 0.18358991004592842 0.9366588863084383 -0.28562926275851985 -0.48476494711054474 3.3095706114622603 -0.6737942431477527
data/frame-000311.color.jpg 0.07596935696762996 0.1649257881513568 0.9388806201533809 -0.2924573854512494 -0.5798566544136556 3.2819285984051416 -0.6884812319240213
data/frame-000312.color.jpg 0.06692403378725353 0.14535191199911415 0.9414062214962436 -0.29689783008302656 -0.6789501327506425 3.2497694786210594 -0.6861716746107883
data/frame-000313.color.jpg 0.05972766657559118 0.12656186075207 0.9427791234346822 -0.3026255535544571 -0.7704408582846869 3.211568833343926 -0.6950997483395684
data/frame-000314.color.jpg 0.05029296522393225 0.105931765883932 0.9444064802967732 -0.3071570910774443 -0.8801666687766853 3.1762769161568203 -0.690416810186029
data/frame-000315.color.jpg 0.04398139995838323 0.08356917190567452 0.9478259173310927 -0.3044796551498542 -1.0064281366099224 3.143735611407083 -0.6474825606370423
data/frame-000316.color.jpg 0.03613167309740392 0.06905692523533564 0.950297602471875 -0.30143010800586834 -1.0919441422402085 3.1271024605104096 -0.6058425223077044
data/frame-000317.color.jpg 0.030721208514299925 0.05576434295733727 0.949913815451806 -0.30595798504982696 -1.1646614179193295 3.102131052259279 -0.6128317092602485
data/frame-000318.color.jpg 0.01995059058646867 0.03476335817854352 0.9480573160763605 -0.31556426967812673 -1.293576704133881 3.0640305628687305 -0.6357095004123084
data/frame-000319.color.jpg 0.01013776994325366 0.013578978595187911 0.9453031329362447 -0.32575270347582663 -1.4163847129101286 3.0198517723642944 -0.657083576516012
data/frame-000320.color.jpg 0.006611890633312294 0.0010098065508266985 0.9428853947394058 -0.3330501397388962 -1.4919844828682949 2.989060313245822 -0.6846862616443851
data/frame-000321.color.jpg 0.007059258511565021 -0.014111186271516954 0.940581005032441 -0.3392026153546587 -1.5880123738886454 2.94739072623953 -0.7154429348340607
data/frame-000322.color.jpg 0.0009749714511084213 -0.027283241425774336 0.9372063329040764 -0.34770528286533825 -1.6710851672120948 2.907653560254536 -0.7414584949155777
data/frame-000323.color.jpg -0.0007089418613283176 -0.03400020480995246 0.9347789347141419 -0.35359839746386557 -1.7126231332667314 2.8813116719629632 -0.7660465526711812
data/frame-000324.color.jpg -0.00550702356849351 -0.05053986313807267 0.9282710390614863 -0.368413182398662 -1.8146492782986208 2.8174008757265065 -0.824038917378274
data/frame-000325.color.jpg -0.013855198088748053 -0.08274350007541975 0.9197293956937335 -0.38348322698395887 -2.0012412784402045 2.6880367029123073 -0.8382504861788078
data/frame-000326.color.jpg -0.015211053031868385 -0.09343836703899674 0.9174114502121377 -0.386515363796071 -2.06119050423089 2.64077634953229 -0.8326278989428498
data/frame-000327.color.jpg -0.018307124388769795 -0.10761203195010134 0.9132136328664544 -0.39258802901137696 -2.136574206997201 2.574176873796127 -0.8287120074749947
data/frame-000328.color.jpg -0.024288376123099507 -0.11830206517675437 0.9084646711253326 -0.4001332746440368 -2.187673249253042 2.522640901296534 -0.8270616477200939
data/frame-000329.color.jpg -0.02669051011929905 -0.1282001324728735 0.9062649254148645 -0.40191569721310916 -2.230945989881984 2.479536973207944 -0.8038775791265145
data/frame-000330.color.jpg -0.030721124117646537 -0.1356651784974913 0.9071579232924118 -0.3971343275064382 -2.253350850883812 2.4596608318082662 -0.7446945445687345
data/frame-000331.color.jpg -0.032790272121446716 -0.1412265310702584 0.9074880640740581 -0.39426549245296805 -2.2687119626353245 2.4412037533646807 -0.7089758223613468
data/frame-000332.color.jpg -0.02892853625696692 -0.15590701941843102 0.9101365164980583 -0.3827631936627007 -2.324104043667004 2.384552719155122 -0.6334585325768554
data/frame-000333.color.jpg -0.035394636730796826 -0.1633302777477932 0.9111216173244405 -0.3767331130994727 -2.3476252213015436 2.367993292511666 -0.565425684849859
data/frame-000334.color.jpg -0.03735219251540062 -0.17371222432803504 0.9135388208609617 -0.3658902835731803 -2.3822199104311377 2.335178977034413 -0.48507662834542503
data/frame-000335.color.jpg -0.038359620541460915 -0.18198709446049371 0.9158418755921632 -0.3558692117528163 -2.4090010502759003 2.3103130962911367 -0.41708429789738793
data/frame-000336.color.jpg -0.04044422588664573 -0.1898685273988181 0.9178270777537514 -0.3462768577855638 -2.4339831643193865 2.28311787771072 -0.35159979438645794
data/frame-000337.color.jpg -0.04933995896520948 -0.2038448737285123 0.9219087790982983 -0.32572540417567003 -2.4586248920166724 2.2514188069817282 -0.20753180636257754
data/frame-000338.color.jpg -0.05192527040882402 -0.2044477342371126 0.9227372461867698 -0.3225846629304281 -2.4547854018078357 2.256187504331524 -0.18552708374739485
data/frame-000339.color.jpg -0.052267339997220476 -0.20928131240371584 0.9268536450250715 -0.3072649966265802 -2.4524075625025166 2.2473625669691377 -0.10982946073136944
data/frame-000340.color.jpg -0.05613326384517709 -0.21315411091944803 0.9276249045096419 -0.30154007730599525 -2.4502542647207823 2.236649218062904 -0.07978342535309262
data/frame-000341.color.jpg -0.06064601458130501 -0.21091592877020293 0.9287783278657644 -0.2986759943371436 -2.404319530357069 2.267438835015037 -0.06854876793024708
data/frame-000342.color.jpg -0.0629829448207202 -0.18119397865507786 0.937058639059683 -0.2917584578456439 -2.1899663464219836 2.438873363260688 -0.10627830278307317
data/frame-000343.color.jpg -0.06496470965280778 -0.17323308484297684 0.9388733600638397 -0.29032171564998027 -2.1311706496612652 2.481052721228411 -0.1107582095286713
data/frame-000344.color.jpg -0.06412860401908092 -0.16116780497482466 0.9417987993985316 -0.28797132190141017 -2.0402367065257434 2.5402957561559245 -0.12895142997986953
data/frame-000345.color.jpg -0.06152605904031687 -0.1557777388738383 0.9434817262923473 -0.2859896366701664 -1.9799695617280264 2.567091260377425 -0.1421608597009732
data/frame-000346.color.jpg -0.06482469238856714 -0.15302143325333645 0.9440224693647048 -0.2849627652104534 -1.9341342000128718 2.5901867048086373 -0.13939624645955828
data/frame-000347.color.jpg -0.06428315443232781 -0.14978152498574884 0.944545088288674 -0.285074984905576 -1.8797116481196392 2.6090429090358365 -0.1559316420591362
data/frame-000348.color.jpg -0.06015422052712122 -0.15207325194685684 0.9421406465134394 -0.2926195447715687 -1.8732771263996006 2.5868230035732216 -0.22146073238204617
data/frame-000349.color.jpg -0.04681758385629044 -0.15488573855544002 0.943647976327155 -0.2886988372121725 -1.863893207016418 2.5856849368570685 -0.24337407899984623
data/frame-000350.color.jpg -0.045322249773396904 -0.16645799103768796 0.9417806708276434 -0.28859452342449193 -1.9104906283014194 2.5529828689014646 -0.2500176700267787
data/frame-000351.color.jpg -0.06308082114761157 -0.21081712274843228 0.9281885389652872 -0.3000716362685766 -2.103615992053018 2.421700960774206 -0.22992583253995777
data/frame-000352.color.jpg -0.06886883970103097 -0.2312769608675526 0.9216923054323061 -0.30372906412950346 -2.1942488949002574 2.346356728259622 -0.2110426876886859
data/frame-000353.color.jpg -0.07119717054270647 -0.24323055860771564 0.9184465509862753 -0.3036869955192474 -2.2302349690092726 2.3172994426439644 -0.18890567038006673
data/frame-000354.color.jpg -0.06718686288833865 -0.24760824952717955 0.9158598127961677 -0.30883148078892303 -2.239840892397155 2.3060060667567845 -0.23204810612056118
data/frame-000355.color.jpg -0.07409566246357936 -0.24121728352481603 0.9179954331648451 -0.30595496338755485 -2.187221367262348 2.3622332408733464 -0.21383040270467935
data/frame-000356.color.jpg -0.07757890126936444 -0.22432258314451906 0.920740137649873 -0.3096748160404742 -2.0710894409437923 2.461038547848072 -0.2537168989495636
