data/frame-000036.color.jpg 0.434549 0.578511 0.561831 -0.401047 0.923619 2.40978 -1.27604
data/frame-000047.color.jpg 0.46623 0.580151 0.545742 -0.384994 1.16718 2.35188 -1.36544
data/frame-000181.color.jpg 0.389998 0.626698 0.608051 -0.292276 2.72496 2.64019 -0.910378
data/frame-000355.color.jpg -0.0752065 -0.242218 0.917476 -0.306451 -2.19442 2.35333 -0.20877
data/frame-000249.color.jpg 0.165071 0.240308 0.866339 -0.405536 -0.325754 3.26881 -1.85511
data/frame-000260.color.jpg 0.0940841 0.139706 0.933886 -0.315416 -1.15247 3.61131 -1.10053
data/frame-000238.color.jpg 0.187869 0.260143 0.847986 -0.421843 -0.238965 3.29956 -2.18115
data/frame-000143.color.jpg 0.344399 0.61319 0.658515 -0.267853 2.04923 2.65946 -0.582258
data/frame-000317.color.jpg 0.0311008 0.0552008 0.950041 -0.305626 -1.16796 3.10269 -0.611511
data/frame-000066.color.jpg 0.446393 0.682153 0.503407 -0.286326 1.74893 2.24449 -0.575507
data/frame-000222.color.jpg 0.298685 0.42882 0.792302 -0.314894 1.08353 3.33312 -1.43993
data/frame-000200.color.jpg 0.341504 0.578664 0.694153 -0.258215 2.02189 2.95865 -0.730621
data/frame-000211.color.jpg 0.278412 0.458906 0.79654 -0.278238 1.07745 3.23645 -0.955746
data/frame-000356.color.jpg -0.080756 -0.226441 0.918347 -0.314392 -2.08922 2.43189 -0.264432
data/frame-000134.color.jpg 0.343547 0.636818 0.64715 -0.240073 1.82625 2.61649 -0.33919
data/frame-000279.color.jpg 0.143184 0.291157 0.901948 -0.284985 0.0848733 3.78295 -0.981431
data/frame-000017.color.jpg 0.444315 0.512292 0.611365 -0.40789 0.282652 2.56005 -1.4885
data/frame-000028.color.jpg 0.419641 0.499387 0.64512 -0.397913 0.0903162 2.5359 -1.32379
data/frame-000162.color.jpg 0.416431 0.627521 0.588242 -0.294575 2.54898 2.54811 -0.85068
data/frame-000173.color.jpg 0.415497 0.689167 0.533579 -0.260201 3.08437 2.30759 -0.439446
data/frame-000241.color.jpg 0.178457 0.239034 0.851704 -0.430831 -0.362596 3.23917 -2.17811
data/frame-000230.color.jpg 0.252403 0.370368 0.815689 -0.36575 0.671496 3.41092 -1.91137
data/frame-000135.color.jpg 0.339178 0.631943 0.650025 -0.251144 1.82894 2.60689 -0.4149
data/frame-000124.color.jpg 0.423926 0.625292 0.600403 -0.262321 1.97491 2.64201 -0.597588
data/frame-000192.color.jpg 0.356954 0.61393 0.646024 -0.27987 2.48148 2.76013 -0.825703
data/frame-000203.color.jpg 0.322284 0.558303 0.717992 -0.262523 1.80911 3.02013 -0.765703
data/frame-000348.color.jpg -0.0582422 -0.151275 0.942653 -0.291769 -1.8653 2.59106 -0.218218
data/frame-000086.color.jpg 0.480044 0.660898 0.50352 -0.281495 2.12093 2.30293 -0.695243
data/frame-000097.color.jpg 0.504652 0.686091 0.476193 -0.218737 2.40637 2.39881 -0.26873
data/frame-000009.color.jpg 0.450096 0.512622 0.592826 -0.428007 0.303771 2.50062 -1.58579
data/frame-000154.color.jpg 0.363832 0.557378 0.674551 -0.319277 1.88868 2.78839 -1.11547
data/frame-000165.color.jpg 0.426975 0.666665 0.548702 -0.268656 2.84765 2.38954 -0.533657
data/frame-000048.color.jpg 0.469089 0.581645 0.542524 -0.383814 1.18808 2.34437 -1.36427
data/frame-000290.color.jpg 0.0866556 0.188766 0.916539 -0.341781 -0.708668 3.39736 -1.09361
data/frame-000105.color.jpg 0.471454 0.640979 0.533799 -0.286245 2.30304 2.45036 -0.740178
data/frame-000116.color.jpg 0.459469 0.595373 0.587269 -0.299222 2.02505 2.62772 -0.943845
data/frame-000127.color.jpg 0.404659 0.640604 0.604315 -0.246335 1.96845 2.60355 -0.424814
data/frame-000347.color.jpg -0.0637617 -0.149605 0.944536 -0.285316 -1.87702 2.60848 -0.155952
data/frame-000252.color.jpg 0.134734 0.208977 0.901757 -0.353568 -0.629118 3.44299 -1.42237
data/frame-000001.color.jpg 0.452003 0.515199 0.593072 -0.422526 0.310765 2.49806 -1.55561
data/frame-000184.color.jpg 0.375364 0.617494 0.628288 -0.288195 2.59698 2.72751 -0.908802
data/frame-000089.color.jpg 0.503431 0.662609 0.493864 -0.252198 2.16007 2.38341 -0.570385
data/frame-000331.color.jpg -0.0323749 -0.142184 0.906594 -0.39601 -2.27225 2.4291 -0.714431
data/frame-000320.color.jpg 0.0075921 0.000679742 0.942933 -0.332896 -1.4925 2.98777 -0.685293
data/frame-000309.color.jpg 0.0889557 0.195021 0.935444 -0.281066 -0.4271 3.33536 -0.654986
data/frame-000058.color.jpg 0.468807 0.688806 0.466838 -0.296358 1.90096 2.19309 -0.61392
data/frame-000214.color.jpg 0.269489 0.40604 0.818732 -0.303621 0.742998 3.26813 -1.1861
data/frame-000146.color.jpg 0.342005 0.607228 0.662796 -0.273877 2.0812 2.67006 -0.636844
data/frame-000282.color.jpg 0.14065 0.276047 0.905175 -0.290989 -0.0823436 3.69948 -0.98335
data/frame-000293.color.jpg 0.070502 0.166304 0.921905 -0.342729 -0.793016 3.34094 -1.01463
data/frame-000271.color.jpg 0.124979 0.157031 0.938157 -0.282106 -1.05045 3.78543 -1.04029
data/frame-000020.color.jpg 0.436971 0.504889 0.629531 -0.397284 0.17617 2.58009 -1.41466
data/frame-000031.color.jpg 0.428582 0.540382 0.606818 -0.395065 0.471675 2.50428 -1.29989
data/frame-000350.color.jpg -0.0449859 -0.167182 0.941515 -0.289095 -1.91348 2.54739 -0.250441
data/frame-000088.color.jpg 0.498506 0.658548 0.501131 -0.258214 2.1116 2.38502 -0.615499
data/frame-000233.color.jpg 0.231181 0.321745 0.832307 -0.387686 0.254319 3.40072 -2.07487
data/frame-000244.color.jpg 0.178439 0.235603 0.856254 -0.423651 -0.353441 3.23049 -2.07645
data/frame-000301.color.jpg 0.0930751 0.169076 0.919545 -0.342326 -0.63563 3.27301 -1.0393
data/frame-000312.color.jpg 0.066526 0.14487 0.941485 -0.296974 -0.683151 3.25028 -0.686971
data/frame-000050.color.jpg 0.479312 0.623068 0.507097 -0.35341 1.50254 2.31337 -1.14973
data/frame-000061.color.jpg 0.464058 0.682889 0.480081 -0.296371 1.84937 2.20487 -0.615106
data/frame-000195.color.jpg 0.350177 0.603615 0.659706 -0.27895 2.36583 2.79984 -0.818344
data/frame-000206.color.jpg 0.301523 0.522994 0.751022 -0.267446 1.51529 3.1141 -0.83961
data/frame-000298.color.jpg 0.0805455 0.157513 0.918636 -0.353284 -0.75071 3.26731 -1.08478
data/frame-000274.color.jpg 0.129756 0.243467 0.918589 -0.282985 -0.304634 3.87034 -1.01203
data/frame-000263.color.jpg 0.0962598 0.118726 0.939341 -0.307046 -1.31529 3.64103 -1.0935
data/frame-000012.color.jpg 0.451641 0.512161 0.593802 -0.42557 0.312013 2.50899 -1.583
data/frame-000023.color.jpg 0.417451 0.501237 0.647854 -0.393424 0.0865495 2.5972 -1.31047
data/frame-000157.color.jpg 0.376506 0.548261 0.67335 -0.322881 1.83665 2.83201 -1.23146
data/frame-000168.color.jpg 0.421211 0.696693 0.526989 -0.243891 3.04441 2.29152 -0.277668
data/frame-000302.color.jpg 0.0923995 0.175507 0.919693 -0.338857 -0.582622 3.28163 -1.0141
data/frame-000051.color.jpg 0.481371 0.637 0.492972 -0.345675 1.61508 2.28179 -1.07405
data/frame-000236.color.jpg 0.202629 0.278605 0.84465 -0.409741 -0.106231 3.34533 -2.15847
data/frame-000225.color.jpg 0.299886 0.426497 0.790422 -0.321562 1.13103 3.35387 -1.54162
data/frame-000119.color.jpg 0.450135 0.599381 0.594188 -0.291653 2.00359 2.64857 -0.878073
data/frame-000042.color.jpg 0.420365 0.587976 0.549042 -0.419678 1.15361 2.31574 -1.32586
data/frame-000176.color.jpg 0.403133 0.656841 0.570624 -0.283606 2.93894 2.471 -0.737836
data/frame-000187.color.jpg 0.369582 0.616907 0.633502 -0.2855 2.56207 2.74096 -0.88498
data/frame-000198.color.jpg 0.340045 0.589653 0.684885 -0.260021 2.1454 2.92581 -0.720451
data/frame-000081.color.jpg 0.438979 0.686499 0.515744 -0.264622 2.09724 2.25227 -0.410239
data/frame-000255.color.jpg 0.11394 0.197637 0.913446 -0.337007 -0.716335 3.52308 -1.25563
data/frame-000004.color.jpg 0.447838 0.509321 0.595058 -0.431207 0.281731 2.48683 -1.58523
data/frame-000138.color.jpg 0.325056 0.62542 0.662018 -0.254794 1.90457 2.6406 -0.460892
data/frame-000149.color.jpg 0.337649 0.594713 0.674673 -0.277715 2.03717 2.72748 -0.692966
data/frame-000160.color.jpg 0.405146 0.590423 0.627276 -0.306239 2.22819 2.70914 -1.04959
data/frame-000043.color.jpg 0.431876 0.58811 0.552524 -0.402898 1.14651 2.35425 -1.30508
data/frame-000285.color.jpg 0.116881 0.24471 0.908832 -0.316987 -0.341721 3.57702 -1.07267
data/frame-000217.color.jpg 0.277429 0.394902 0.818772 -0.310963 0.700824 3.28994 -1.30961
data/frame-000100.color.jpg 0.488795 0.678048 0.497896 -0.231149 2.39468 2.43025 -0.353468
data/frame-000111.color.jpg 0.479421 0.600058 0.559796 -0.310988 2.13174 2.5209 -1.00027
data/frame-000342.color.jpg -0.0625695 -0.181395 0.936607 -0.29317 -2.18729 2.43379 -0.112069
data/frame-000179.color.jpg 0.394887 0.636565 0.594233 -0.292809 2.80519 2.57534 -0.878199
data/frame-000304.color.jpg 0.095863 0.195634 0.928157 -0.301764 -0.446293 3.33294 -0.795456
data/frame-000315.color.jpg 0.0440458 0.0831992 0.947674 -0.305043 -1.00922 3.14204 -0.649488
data/frame-000130.color.jpg 0.379747 0.637327 0.625166 -0.242432 1.88617 2.61424 -0.375134
data/frame-000266.color.jpg 0.101699 0.104047 0.942232 -0.301712 -1.44649 3.64495 -1.09966
data/frame-000277.color.jpg 0.139468 0.27948 0.911109 -0.268925 -0.019395 3.84967 -0.887787
data/frame-000015.color.jpg 0.451108 0.514143 0.601738 -0.412394 0.317915 2.53941 -1.52657
data/frame-000026.color.jpg 0.413321 0.490556 0.655052 -0.399284 0.0100147 2.552 -1.31382
data/frame-000334.color.jpg -0.0371596 -0.173922 0.91293 -0.367327 -2.38162 2.32907 -0.489003
data/frame-000345.color.jpg -0.0607441 -0.15576 0.94331 -0.286732 -1.97669 2.56439 -0.145158
data/frame-000083.color.jpg 0.44909 0.676295 0.51391 -0.277201 2.10064 2.26739 -0.549173
data/frame-000228.color.jpg 0.271341 0.412611 0.797416 -0.346777 1.0324 3.36594 -1.72932
data/frame-000239.color.jpg 0.182871 0.253752 0.849156 -0.42556 -0.280141 3.28257 -2.18257
data/frame-000122.color.jpg 0.440398 0.613935 0.595272 -0.273469 1.99564 2.65452 -0.716691
data/frame-000296.color.jpg 0.0752289 0.156689 0.92085 -0.349033 -0.785352 3.28553 -1.05066
data/frame-000307.color.jpg 0.0987938 0.207239 0.931203 -0.283111 -0.367042 3.35124 -0.690687
data/frame-000056.color.jpg 0.479155 0.690216 0.454887 -0.29511 1.92625 2.18279 -0.628701
data/frame-000045.color.jpg 0.455458 0.574194 0.551036 -0.399021 1.10069 2.33967 -1.39569
data/frame-000034.color.jpg 0.436549 0.564886 0.570511 -0.406012 0.792323 2.4176 -1.3301
data/frame-000190.color.jpg 0.360437 0.61583 0.642401 -0.27957 2.50564 2.7622 -0.832988
data/frame-000335.color.jpg -0.0383991 -0.182583 0.915213 -0.357174 -2.41111 2.303 -0.419315
data/frame-000113.color.jpg 0.476913 0.596186 0.566485 -0.310179 2.10026 2.54461 -1.00657
data/frame-000247.color.jpg 0.172767 0.244278 0.85767 -0.418188 -0.272454 3.22401 -1.96882
data/frame-000258.color.jpg 0.100766 0.173057 0.927437 -0.315844 -0.900979 3.61287 -1.10299
data/frame-000269.color.jpg 0.112075 0.11838 0.943091 -0.289834 -1.36038 3.6997 -1.0515
data/frame-000018.color.jpg 0.441562 0.510422 0.617323 -0.404232 0.251872 2.56784 -1.46466
data/frame-000007.color.jpg 0.45021 0.512161 0.592352 -0.429094 0.301881 2.4944 -1.58976
data/frame-000141.color.jpg 0.340405 0.616618 0.658321 -0.265557 2.01765 2.651 -0.555176
data/frame-000152.color.jpg 0.355762 0.567138 0.674776 -0.310588 1.93422 2.77608 -1.01227
data/frame-000326.color.jpg -0.015146 -0.0949381 0.916993 -0.387144 -2.06993 2.63138 -0.831433
data/frame-000075.color.jpg 0.443654 0.703117 0.490676 -0.260835 2.0623 2.16317 -0.345494
data/frame-000209.color.jpg 0.290802 0.484987 0.781557 -0.263419 1.2479 3.21621 -0.856684
data/frame-000220.color.jpg 0.290869 0.412332 0.80261 -0.318111 0.89142 3.28915 -1.41437
data/frame-000354.color.jpg -0.0682709 -0.249259 0.914554 -0.311126 -2.24991 2.28806 -0.234772
data/frame-000103.color.jpg 0.473482 0.658723 0.522105 -0.26326 2.35118 2.4421 -0.570459
data/frame-000114.color.jpg 0.47194 0.593936 0.573459 -0.309286 2.07161 2.56679 -1.00807
data/frame-000288.color.jpg 0.102475 0.218647 0.910606 -0.335393 -0.521022 3.46465 -1.12678
data/frame-000037.color.jpg 0.430276 0.581067 0.563758 -0.399251 0.949635 2.4144 -1.25332
data/frame-000171.color.jpg 0.420814 0.695481 0.5239 -0.254462 3.11211 2.26253 -0.368546
data/frame-000182.color.jpg 0.385701 0.624808 0.612916 -0.291862 2.70111 2.66236 -0.912685
data/frame-000065.color.jpg 0.447501 0.682409 0.501273 -0.287726 1.76309 2.23806 -0.58156
data/frame-000076.color.jpg 0.444345 0.702436 0.490771 -0.261313 2.08576 2.1551 -0.343111
data/frame-000250.color.jpg 0.159382 0.236661 0.874502 -0.392218 -0.373749 3.31355 -1.74755
data/frame-000133.color.jpg 0.348188 0.637193 0.644396 -0.2398 1.83409 2.6175 -0.33632
data/frame-000144.color.jpg 0.344597 0.612116 0.658785 -0.269388 2.06545 2.66 -0.594921
data/frame-000201.color.jpg 0.338257 0.574938 0.698929 -0.257928 1.9777 2.97394 -0.726437
data/frame-000084.color.jpg 0.460628 0.672051 0.509939 -0.275921 2.10918 2.28698 -0.591371
data/frame-000095.color.jpg 0.517589 0.682184 0.465362 -0.223975 2.39102 2.3665 -0.32112
data/frame-000106.color.jpg 0.472977 0.633871 0.537338 -0.292862 2.28169 2.45755 -0.7964
data/frame-000337.color.jpg -0.0499393 -0.204302 0.921188 -0.327382 -2.45996 2.24501 -0.209822
data/frame-000231.color.jpg 0.246974 0.352754 0.822048 -0.372565 0.52145 3.41624 -1.97672
data/frame-000163.color.jpg 0.422478 0.643689 0.572652 -0.281507 2.66773 2.49744 -0.709187
data/frame-000287.color.jpg 0.109387 0.228843 0.910597 -0.326312 -0.459332 3.50742 -1.09635
data/frame-000299.color.jpg 0.0867663 0.159751 0.916753 -0.35569 -0.713131 3.25176 -1.11138
data/frame-000310.color.jpg 0.0846924 0.18253 0.93719 -0.28493 -0.493645 3.31418 -0.667384
data/frame-000193.color.jpg 0.353081 0.612635 0.650492 -0.277259 2.45659 2.7749 -0.80544
data/frame-000125.color.jpg 0.418469 0.632477 0.602579 -0.248503 1.96049 2.6486 -0.491019
data/frame-000261.color.jpg 0.0958834 0.133711 0.93429 -0.316275 -1.19606 3.61639 -1.12741
data/frame-000010.color.jpg 0.449145 0.512141 0.593485 -0.428667 0.302086 2.50435 -1.58684
data/frame-000318.color.jpg 0.0198802 0.0344609 0.948138 -0.315358 -1.29669 3.0634 -0.635092
data/frame-000329.color.jpg -0.0267531 -0.129558 0.905677 -0.4028 -2.23815 2.46952 -0.803416
data/frame-000340.color.jpg -0.0576009 -0.213695 0.927262 -0.301995 -2.45316 2.23512 -0.0747135
data/frame-000067.color.jpg 0.443088 0.678777 0.506376 -0.294139 1.73865 2.23261 -0.616905
data/frame-000078.color.jpg 0.444804 0.701295 0.492429 -0.260477 2.11915 2.15038 -0.32776
data/frame-000212.color.jpg 0.272753 0.427553 0.809328 -0.296299 0.884411 3.24923 -1.10734
data/frame-000223.color.jpg 0.297871 0.42814 0.789921 -0.322481 1.11362 3.32566 -1.50863
data/frame-000280.color.jpg 0.143084 0.29042 0.898616 -0.296096 0.0859798 3.74252 -1.05094
data/frame-000291.color.jpg 0.0787305 0.175605 0.919306 -0.343279 -0.772259 3.36363 -1.05978
data/frame-000029.color.jpg 0.426098 0.51306 0.633665 -0.39202 0.199661 2.53375 -1.31039
data/frame-000040.color.jpg 0.415627 0.58724 0.558784 -0.412509 1.07407 2.37008 -1.2758
data/frame-000174.color.jpg 0.413732 0.679064 0.543615 -0.268664 3.05176 2.35216 -0.542518
data/frame-000185.color.jpg 0.375052 0.61781 0.628863 -0.286668 2.59495 2.73269 -0.897017
data/frame-000108.color.jpg 0.476983 0.613144 0.549282 -0.307947 2.19862 2.47869 -0.942142
data/frame-000242.color.jpg 0.17893 0.233055 0.854054 -0.429256 -0.393619 3.22644 -2.15113
data/frame-000253.color.jpg 0.133712 0.207004 0.902854 -0.352313 -0.644212 3.44619 -1.4105
data/frame-000002.color.jpg 0.455026 0.51308 0.588955 -0.427588 0.324249 2.47455 -1.58726
data/frame-000136.color.jpg 0.325997 0.626886 0.658648 -0.258694 1.84804 2.61887 -0.470496
data/frame-000147.color.jpg 0.338891 0.604463 0.666681 -0.274432 2.07739 2.68646 -0.646355
data/frame-000059.color.jpg 0.468967 0.687531 0.468706 -0.296117 1.89398 2.19225 -0.61435
data/frame-000070.color.jpg 0.443637 0.68169 0.508078 -0.283447 1.77437 2.22859 -0.558875
data/frame-000204.color.jpg 0.316804 0.550523 0.72653 -0.262132 1.73674 3.04645 -0.769855
data/frame-000215.color.jpg 0.271403 0.401405 0.820118 -0.304337 0.716926 3.27218 -1.20671
data/frame-000349.color.jpg -0.0469138 -0.155377 0.943307 -0.289533 -1.8667 2.58045 -0.2444
data/frame-000098.color.jpg 0.501108 0.683234 0.482194 -0.222645 2.40641 2.40867 -0.295965
data/frame-000272.color.jpg 0.134397 0.192699 0.930456 -0.281169 -0.750799 3.83744 -1.04959
data/frame-000021.color.jpg 0.432053 0.502942 0.636179 -0.394533 0.139491 2.58654 -1.37974
data/frame-000155.color.jpg 0.368082 0.550292 0.675607 -0.324423 1.84945 2.80497 -1.18929
data/frame-000177.color.jpg 0.402268 0.654522 0.573191 -0.285015 2.92562 2.48308 -0.756125
data/frame-000166.color.jpg 0.427614 0.676137 0.541894 -0.257558 2.90232 2.37383 -0.429778
data/frame-000060.color.jpg 0.465699 0.682986 0.477724 -0.297379 1.85851 2.19988 -0.620613
data/frame-000234.color.jpg 0.222131 0.304555 0.837735 -0.395101 0.10785 3.38494 -2.11136
data/frame-000117.color.jpg 0.456225 0.595415 0.589867 -0.298992 2.01853 2.6318 -0.93937
data/frame-000128.color.jpg 0.396866 0.642795 0.60863 -0.242654 1.95522 2.6003 -0.383333
data/frame-000139.color.jpg 0.33034 0.624219 0.658359 -0.260364 1.95034 2.63215 -0.501199
data/frame-000264.color.jpg 0.0979087 0.111931 0.940676 -0.304983 -1.37102 3.64006 -1.09301
data/frame-000196.color.jpg 0.346126 0.599428 0.668617 -0.271723 2.2954 2.84588 -0.776353
data/frame-000079.color.jpg 0.444179 0.69664 0.496055 -0.267072 2.13897 2.1502 -0.368132
data/frame-000090.color.jpg 0.506325 0.665618 0.488949 -0.248025 2.195 2.38431 -0.537992
data/frame-000101.color.jpg 0.481284 0.669831 0.509712 -0.244716 2.37911 2.44237 -0.448331
data/frame-000321.color.jpg 0.00829239 -0.0145326 0.940656 -0.338948 -1.58853 2.94578 -0.715789
data/frame-000332.color.jpg -0.0287516 -0.157223 0.909104 -0.384686 -2.33001 2.37068 -0.638548
data/frame-000158.color.jpg 0.385462 0.558786 0.661703 -0.318318 1.9329 2.81614 -1.19609
data/frame-000283.color.jpg 0.138303 0.268206 0.905427 -0.298563 -0.151162 3.6656 -1.02553
data/frame-000294.color.jpg 0.0708543 0.163651 0.922689 -0.341823 -0.793433 3.33228 -1.00442
data/frame-000032.color.jpg 0.428371 0.542878 0.60415 -0.395961 0.498284 2.49887 -1.3011
data/frame-000109.color.jpg 0.47695 0.607538 0.5545 -0.309751 2.16837 2.49811 -0.968491
data/frame-000120.color.jpg 0.447395 0.601875 0.595732 -0.287553 1.9954 2.65387 -0.844399
data/frame-000351.color.jpg -0.062297 -0.211216 0.927658 -0.30159 -2.10448 2.41263 -0.235912
data/frame-000245.color.jpg 0.178589 0.238813 0.856959 -0.420351 -0.320308 3.2338 -2.03311
data/frame-000256.color.jpg 0.113481 0.197606 0.915139 -0.332557 -0.71747 3.53828 -1.22532
data/frame-000005.color.jpg 0.449207 0.510282 0.592746 -0.43183 0.294154 2.48366 -1.59339
data/frame-000313.color.jpg 0.0593338 0.126245 0.942827 -0.302686 -0.773775 3.21239 -0.694737
data/frame-000324.color.jpg -0.00481244 -0.0514823 0.928143 -0.368615 -1.81893 2.81211 -0.824325
data/frame-000062.color.jpg 0.461467 0.683945 0.484794 -0.290246 1.83069 2.22081 -0.586301
data/frame-000073.color.jpg 0.442279 0.70185 0.491513 -0.264974 1.99468 2.17041 -0.385671
data/frame-000207.color.jpg 0.295315 0.509945 0.762179 -0.268008 1.41525 3.14868 -0.857972
data/frame-000218.color.jpg 0.283997 0.399562 0.815127 -0.30865 0.752067 3.31303 -1.31496
data/frame-000275.color.jpg 0.127643 0.253109 0.9161 -0.283557 -0.220315 3.86527 -0.999737
data/frame-000286.color.jpg 0.109688 0.235539 0.90888 -0.326233 -0.411285 3.5326 -1.10579
data/frame-000013.color.jpg 0.453732 0.514235 0.594704 -0.419544 0.326651 2.51737 -1.5624
data/frame-000024.color.jpg 0.409257 0.498916 0.653779 -0.395176 0.0545407 2.60133 -1.28608
data/frame-000035.color.jpg 0.438383 0.570755 0.56428 -0.404533 0.859038 2.40663 -1.31455
data/frame-000169.color.jpg 0.418053 0.699566 0.526505 -0.24214 3.06601 2.28467 -0.264679
data/frame-000343.color.jpg -0.0649068 -0.173332 0.938502 -0.291474 -2.12827 2.47722 -0.11351
data/frame-000092.color.jpg 0.518587 0.669564 0.473835 -0.241312 2.28547 2.36553 -0.479227
data/frame-000226.color.jpg 0.292951 0.42646 0.791779 -0.32465 1.13349 3.36456 -1.56189
data/frame-000237.color.jpg 0.194017 0.27006 0.846105 -0.41657 -0.171725 3.32448 -2.17289
data/frame-000248.color.jpg 0.167246 0.24091 0.863863 -0.40955 -0.313649 3.25455 -1.88942
data/frame-000131.color.jpg 0.371559 0.635786 0.631995 -0.241458 1.85869 2.62044 -0.367288
data/frame-000305.color.jpg 0.100151 0.201636 0.929156 -0.293225 -0.41014 3.34061 -0.755921
data/frame-000054.color.jpg 0.488603 0.677131 0.455199 -0.309118 1.88193 2.20242 -0.761896
data/frame-000188.color.jpg 0.367636 0.615919 0.636104 -0.284358 2.5432 2.74661 -0.876738
data/frame-000199.color.jpg 0.344618 0.581931 0.687655 -0.264055 2.08478 2.93001 -0.767594
data/frame-000210.color.jpg 0.280573 0.469442 0.792994 -0.268445 1.13302 3.24599 -0.883541
data/frame-000344.color.jpg -0.0628338 -0.160658 0.941672 -0.288956 -2.03274 2.53849 -0.134939
data/frame-000093.color.jpg 0.524193 0.671541 0.466097 -0.238763 2.33604 2.35033 -0.452447
data/frame-000267.color.jpg 0.103696 0.102813 0.941185 -0.304708 -1.46132 3.64045 -1.12657
data/frame-000016.color.jpg 0.450528 0.514195 0.604743 -0.408551 0.311905 2.54784 -1.51001
data/frame-000150.color.jpg 0.342328 0.591285 0.673571 -0.281948 2.03764 2.7428 -0.731736
data/frame-000161.color.jpg 0.41057 0.614312 0.603271 -0.300194 2.43541 2.61165 -0.933662
data/frame-000172.color.jpg 0.41885 0.693927 0.526439 -0.256694 3.10236 2.27053 -0.390955
data/frame-000055.color.jpg 0.481301 0.688898 0.452407 -0.298491 1.91985 2.18582 -0.652677
data/frame-000229.color.jpg 0.262349 0.394641 0.807332 -0.351635 0.873593 3.409 -1.79031
data/frame-000112.color.jpg 0.479156 0.596838 0.563156 -0.311526 2.11222 2.53103 -1.01281
data/frame-000123.color.jpg 0.432387 0.618948 0.597464 -0.270151 1.98629 2.64087 -0.670429
data/frame-000180.color.jpg 0.392098 0.630428 0.602202 -0.293551 2.76011 2.61162 -0.904817
data/frame-000191.color.jpg 0.358495 0.61485 0.644105 -0.280302 2.49361 2.7612 -0.833962
data/frame-000074.color.jpg 0.442841 0.703152 0.489861 -0.263639 2.04123 2.15972 -0.366363
data/frame-000085.color.jpg 0.469643 0.66421 0.509638 -0.280231 2.10345 2.30715 -0.663217
data/frame-000316.color.jpg 0.0367872 0.0685989 0.950158 -0.301895 -1.09387 3.12517 -0.609402
data/frame-000327.color.jpg -0.0180655 -0.108996 0.912718 -0.393369 -2.14394 2.56406 -0.829443
data/frame-000142.color.jpg 0.341175 0.615764 0.658474 -0.266168 2.02063 2.65164 -0.561692
data/frame-000153.color.jpg 0.360746 0.56048 0.674768 -0.31688 1.90181 2.79136 -1.08622
data/frame-000278.color.jpg 0.146878 0.289056 0.905735 -0.27298 0.0635323 3.82179 -0.916565
data/frame-000289.color.jpg 0.0944149 0.200588 0.914191 -0.33927 -0.640039 3.42208 -1.11073
data/frame-000027.color.jpg 0.41387 0.492558 0.653555 -0.398703 0.0237768 2.55188 -1.3126
data/frame-000104.color.jpg 0.471907 0.651937 0.527322 -0.272421 2.33576 2.44826 -0.635808
data/frame-000115.color.jpg 0.465942 0.593681 0.579968 -0.306721 2.04794 2.58983 -0.99316
data/frame-000346.color.jpg -0.0633115 -0.152817 0.943875 -0.285899 -1.92955 2.5868 -0.145543
data/frame-000240.color.jpg 0.178143 0.244447 0.851269 -0.42878 -0.33959 3.26003 -2.17687
data/frame-000297.color.jpg 0.07909 0.157117 0.919399 -0.351803 -0.761632 3.27326 -1.07371
data/frame-000308.color.jpg 0.0934224 0.204725 0.932725 -0.281751 -0.376635 3.34665 -0.670253
data/frame-000319.color.jpg 0.0112874 0.0132201 0.945374 -0.325523 -1.41699 3.01889 -0.657452
data/frame-000068.color.jpg 0.439292 0.67563 0.516744 -0.289001 1.696 2.25859 -0.599204
data/frame-000046.color.jpg 0.461345 0.575436 0.551895 -0.389161 1.11324 2.36063 -1.37588
data/frame-000057.color.jpg 0.474047 0.688267 0.460532 -0.29913 1.91633 2.18011 -0.63872
data/frame-000202.color.jpg 0.328973 0.565147 0.710104 -0.261033 1.87597 3.00118 -0.749538
data/frame-000270.color.jpg 0.12217 0.141698 0.941133 -0.281541 -1.17934 3.75707 -1.02996
data/frame-000281.color.jpg 0.136788 0.285058 0.897856 -0.306407 0.0385335 3.70473 -1.09795
data/frame-000259.color.jpg 0.0929898 0.151995 0.931149 -0.318138 -1.05824 3.6093 -1.10393
data/frame-000008.color.jpg 0.45021 0.512276 0.592618 -0.428589 0.302419 2.49732 -1.5884
data/frame-000019.color.jpg 0.438234 0.507936 0.623826 -0.40099 0.213585 2.57686 -1.43828
data/frame-000030.color.jpg 0.428942 0.522746 0.624228 -0.391261 0.288423 2.52678 -1.30679
data/frame-000164.color.jpg 0.426351 0.656581 0.558654 -0.273921 2.77015 2.43985 -0.607781
data/frame-000338.color.jpg -0.0530975 -0.20557 0.921889 -0.324102 -2.46075 2.24791 -0.183564
data/frame-000087.color.jpg 0.488175 0.656382 0.503682 -0.277764 2.10858 2.3289 -0.707677
data/frame-000243.color.jpg 0.178244 0.233598 0.85569 -0.425977 -0.377376 3.23056 -2.1084
data/frame-000221.color.jpg 0.294033 0.427193 0.794721 -0.315388 1.04153 3.3143 -1.42181
data/frame-000232.color.jpg 0.240911 0.336487 0.827061 -0.380407 0.383471 3.40732 -2.03585
data/frame-000126.color.jpg 0.414183 0.637037 0.602145 -0.245068 1.96991 2.63284 -0.449555
data/frame-000300.color.jpg 0.0918278 0.164099 0.918672 -0.347391 -0.677479 3.26351 -1.06776
data/frame-000038.color.jpg 0.422768 0.585248 0.564212 -0.40052 0.993499 2.41293 -1.23936
data/frame-000049.color.jpg 0.475166 0.595271 0.531171 -0.371117 1.29186 2.34523 -1.29199
data/frame-000183.color.jpg 0.379613 0.619713 0.622421 -0.290589 2.63652 2.70086 -0.919399
data/frame-000194.color.jpg 0.352711 0.610896 0.652189 -0.277579 2.43683 2.77613 -0.799806
data/frame-000328.color.jpg -0.0243535 -0.119642 0.907998 -0.400789 -2.19529 2.51345 -0.825075
data/frame-000339.color.jpg -0.0523631 -0.208888 0.92634 -0.30906 -2.44835 2.24467 -0.114067
data/frame-000077.color.jpg 0.445243 0.702173 0.490881 -0.260283 2.10144 2.15185 -0.332721
data/frame-000251.color.jpg 0.140025 0.217277 0.894502 -0.36476 -0.559765 3.40975 -1.51114
data/frame-000262.color.jpg 0.0963247 0.129075 0.937208 -0.309359 -1.23442 3.63851 -1.09546
data/frame-000011.color.jpg 0.449676 0.51208 0.593582 -0.428049 0.304184 2.50578 -1.58682
data/frame-000000.color.jpg 0.456458 0.517672 0.590592 -0.418165 0.333676 2.49494 -1.54994
data/frame-000145.color.jpg 0.345031 0.610431 0.659707 -0.270397 2.07668 2.66395 -0.607709
data/frame-000156.color.jpg 0.367727 0.546112 0.677122 -0.3287 1.81683 2.81239 -1.24436
data/frame-000039.color.jpg 0.416995 0.586168 0.561094 -0.409506 1.04308 2.38486 -1.26649
data/frame-000213.color.jpg 0.271411 0.41634 0.814651 -0.298898 0.806146 3.26592 -1.13961
data/frame-000224.color.jpg 0.29818 0.426137 0.790751 -0.322814 1.11491 3.34231 -1.53339
data/frame-000096.color.jpg 0.513814 0.684501 0.468221 -0.219597 2.39408 2.37948 -0.285466
data/frame-000107.color.jpg 0.47526 0.623162 0.543117 -0.301367 2.23998 2.46583 -0.875339
data/frame-000118.color.jpg 0.451541 0.59637 0.593265 -0.297473 2.00321 2.63728 -0.921734
data/frame-000175.color.jpg 0.407655 0.665886 0.55957 -0.278019 2.98626 2.41953 -0.66269
data/frame-000069.color.jpg 0.440092 0.679288 0.512614 -0.286554 1.73334 2.24483 -0.581077
data/frame-000080.color.jpg 0.440782 0.687609 0.513359 -0.263379 2.09785 2.23632 -0.396189
data/frame-000311.color.jpg 0.0755487 0.164257 0.939053 -0.29239 -0.585297 3.28301 -0.688121
data/frame-000137.color.jpg 0.319998 0.626873 0.661551 -0.258809 1.87666 2.62541 -0.470919
data/frame-000273.color.jpg 0.137507 0.225613 0.92301 -0.279721 -0.470882 3.86776 -1.02571
data/frame-000022.color.jpg 0.425751 0.503485 0.640668 -0.393425 0.125336 2.59396 -1.34577
data/frame-000205.color.jpg 0.312382 0.540032 0.736064 -0.262665 1.64814 3.0771 -0.789751
data/frame-000099.color.jpg 0.49446 0.681783 0.489838 -0.225256 2.40219 2.41982 -0.311683
data/frame-000330.color.jpg -0.0305443 -0.136637 0.90653 -0.398247 -2.25669 2.45061 -0.746266
data/frame-000341.color.jpg -0.0605061 -0.210817 0.928362 -0.300066 -2.40088 2.26501 -0.0734928
data/frame-000352.color.jpg -0.0662969 -0.231411 0.921756 -0.304007 -2.19019 2.34093 -0.217317
data/frame-000235.color.jpg 0.208886 0.286622 0.842714 -0.405029 -0.0419788 3.35849 -2.14667
data/frame-000292.color.jpg 0.0720951 0.16935 0.921188 -0.342833 -0.798065 3.35109 -1.02651
data/frame-000303.color.jpg 0.0944136 0.193633 0.927395 -0.305829 -0.458225 3.32879 -0.817542
data/frame-000314.color.jpg 0.0499305 0.105463 0.944425 -0.307319 -0.884666 3.17639 -0.690209
data/frame-000041.color.jpg 0.417997 0.585922 0.553308 -0.419314 1.11101 2.33414 -1.31758
data/frame-000052.color.jpg 0.485127 0.65093 0.47719 -0.336499 1.72944 2.23917 -0.985263
data/frame-000186.color.jpg 0.372415 0.617254 0.631498 -0.285509 2.57574 2.73805 -0.887816
data/frame-000197.color.jpg 0.341267 0.591963 0.679058 -0.268322 2.20245 2.8881 -0.769421
data/frame-000254.color.jpg 0.12281 0.200549 0.910659 -0.339703 -0.696623 3.49849 -1.29644
data/frame-000265.color.jpg 0.09915 0.107736 0.941945 -0.302163 -1.41084 3.64448 -1.08483
data/frame-000003.color.jpg 0.447688 0.508396 0.595623 -0.431673 0.276428 2.48319 -1.58621
data/frame-000014.color.jpg 0.452309 0.516132 0.596618 -0.416018 0.337473 2.53051 -1.54229
data/frame-000148.color.jpg 0.337545 0.601336 0.669874 -0.275185 2.06629 2.70162 -0.658796
data/frame-000322.color.jpg 0.00152707 -0.0284496 0.937541 -0.346706 -1.67716 2.90698 -0.737358
data/frame-000333.color.jpg -0.0350558 -0.164685 0.91009 -0.378664 -2.35317 2.3543 -0.571116
data/frame-000071.color.jpg 0.438392 0.694541 0.502139 -0.270706 1.87798 2.21 -0.448985
data/frame-000082.color.jpg 0.439494 0.683314 0.516211 -0.271023 2.10265 2.25715 -0.464276
data/frame-000216.color.jpg 0.275304 0.394539 0.820838 -0.307851 0.683941 3.28961 -1.26979
data/frame-000227.color.jpg 0.287788 0.425746 0.792201 -0.329143 1.13742 3.37247 -1.60134
data/frame-000110.color.jpg 0.478582 0.602435 0.55727 -0.31222 2.14737 2.50438 -0.99877
data/frame-000284.color.jpg 0.120355 0.247383 0.908919 -0.31334 -0.321581 3.5892 -1.05988
data/frame-000295.color.jpg 0.0723706 0.157759 0.922075 -0.345908 -0.79513 3.30192 -1.02588
data/frame-000033.color.jpg 0.429492 0.551843 0.589342 -0.404575 0.626543 2.4588 -1.33038
data/frame-000044.color.jpg 0.44439 0.579674 0.550517 -0.40426 1.12176 2.33554 -1.3712
data/frame-000167.color.jpg 0.424485 0.688811 0.531932 -0.2498 2.99158 2.31567 -0.339357
data/frame-000178.color.jpg 0.397323 0.640036 0.591117 -0.288216 2.83217 2.57388 -0.835904
data/frame-000189.color.jpg 0.363908 0.616491 0.640079 -0.27894 2.52102 2.7625 -0.833688
data/frame-000323.color.jpg 8.81337e-06 -0.034843 0.934942 -0.353084 -1.71642 2.87953 -0.76322
data/frame-000072.color.jpg 0.438259 0.698729 0.497847 -0.268061 1.92569 2.19482 -0.421017
data/frame-000246.color.jpg 0.17567 0.243077 0.855967 -0.421158 -0.281291 3.22488 -2.01155
data/frame-000129.color.jpg 0.391383 0.64027 0.61399 -0.244724 1.93395 2.5997 -0.392757
data/frame-000140.color.jpg 0.339503 0.619958 0.655848 -0.265052 2.00421 2.63576 -0.5421
data/frame-000151.color.jpg 0.348945 0.581802 0.673205 -0.294174 2.00345 2.74051 -0.840342
data/frame-000063.color.jpg 0.456837 0.684941 0.488908 -0.288312 1.81851 2.22602 -0.571852
data/frame-000208.color.jpg 0.29036 0.49432 0.774948 -0.266073 1.29896 3.19136 -0.859006
data/frame-000353.color.jpg -0.071373 -0.244542 0.917756 -0.304678 -2.2368 2.30579 -0.18887
data/frame-000091.color.jpg 0.512973 0.668015 0.479769 -0.245836 2.24724 2.36618 -0.513138
data/frame-000102.color.jpg 0.478326 0.662957 0.515411 -0.256989 2.36864 2.43545 -0.530771
data/frame-000025.color.jpg 0.405814 0.494814 0.655057 -0.401714 0.0350747 2.5845 -1.3011
data/frame-000159.color.jpg 0.395751 0.570035 0.649076 -0.311677 2.03822 2.78822 -1.13723
data/frame-000170.color.jpg 0.418382 0.701169 0.524896 -0.240421 3.08432 2.28537 -0.253751
data/frame-000053.color.jpg 0.488772 0.663999 0.463748 -0.32426 1.82041 2.20951 -0.88023
data/frame-000064.color.jpg 0.444117 0.686049 0.497716 -0.290473 1.7959 2.23028 -0.57176
data/frame-000306.color.jpg 0.0976579 0.205687 0.929277 -0.290862 -0.379034 3.34685 -0.735608
data/frame-000121.color.jpg 0.443894 0.606214 0.597097 -0.280961 1.98657 2.6615 -0.789848
data/frame-000132.color.jpg 0.362767 0.63479 0.637798 -0.24219 1.84217 2.61767 -0.368183
data/frame-000257.color.jpg 0.108185 0.191574 0.918991 -0.327185 -0.768216 3.56316 -1.18052
data/frame-000268.color.jpg 0.107726 0.107451 0.941653 -0.300232 -1.43329 3.65615 -1.10878
data/frame-000006.color.jpg 0.451684 0.50998 0.590433 -0.432772 0.30101 2.4753 -1.6086
data/frame-000094.color.jpg 0.524293 0.675894 0.462565 -0.233062 2.37235 2.34743 -0.398066
data/frame-000325.color.jpg -0.0135135 -0.0840957 0.919553 -0.383624 -2.00868 2.68112 -0.836218
data/frame-000336.color.jpg -0.04113 -0.190641 0.917126 -0.347626 -2.43772 2.276 -0.352563
data/frame-000219.color.jpg 0.284595 0.401906 0.809345 -0.320059 0.788418 3.27857 -1.40541
data/frame-000276.color.jpg 0.13376 0.269061 0.91391 -0.272916 -0.0979099 3.86789 -0.921503
