data/frame-000000.color.jpg 0.45637 0.521638 0.590008 -0.41414 0.354315 2.51355 -1.5265
data/frame-000001.color.jpg 0.451504 0.517252 0.592636 -0.421163 0.321204 2.50596 -1.54706
data/frame-000002.color.jpg 0.455248 0.516212 0.589874 -0.422283 0.335357 2.49942 -1.55842
data/frame-000003.color.jpg 0.446805 0.510593 0.595584 -0.430046 0.285539 2.49471 -1.57291
data/frame-000004.color.jpg 0.447927 0.511197 0.594429 -0.42976 0.292728 2.49359 -1.57679
data/frame-000005.color.jpg 0.448017 0.512384 0.592892 -0.430375 0.301842 2.49547 -1.58002
data/frame-000006.color.jpg 0.452493 0.51147 0.589684 -0.431186 0.311269 2.48018 -1.60203
data/frame-000007.color.jpg 0.44935 0.514318 0.592141 -0.427704 0.311802 2.50428 -1.5788
data/frame-000008.color.jpg 0.449484 0.513987 0.592947 -0.426843 0.30804 2.50884 -1.57557
data/frame-000009.color.jpg 0.449822 0.514429 0.592005 -0.427262 0.314923 2.50559 -1.57895
data/frame-000010.color.jpg 0.449004 0.513433 0.592491 -0.428645 0.311271 2.50573 -1.58413
data/frame-000011.color.jpg 0.449122 0.513774 0.592867 -0.427592 0.314025 2.51034 -1.58081
data/frame-000012.color.jpg 0.450815 0.513783 0.593374 -0.425088 0.320086 2.51526 -1.57443
data/frame-000013.color.jpg 0.451085 0.515796 0.594764 -0.420396 0.330682 2.52311 -1.5562
data/frame-000014.color.jpg 0.451224 0.517573 0.596184 -0.416028 0.344859 2.53436 -1.53717
data/frame-000015.color.jpg 0.449022 0.515626 0.602082 -0.412317 0.321245 2.54755 -1.5168
data/frame-000016.color.jpg 0.450712 0.515082 0.604514 -0.407569 0.316934 2.55192 -1.50436
data/frame-000017.color.jpg 0.443921 0.513282 0.611455 -0.406938 0.286354 2.56604 -1.48036
data/frame-000018.color.jpg 0.441558 0.511059 0.617679 -0.402885 0.253245 2.57368 -1.45794
data/frame-000019.color.jpg 0.438642 0.507966 0.6237 -0.4007 0.214239 2.57684 -1.43797
data/frame-000020.color.jpg 0.438452 0.504757 0.628962 -0.39672 0.178902 2.57721 -1.41794
data/frame-000021.color.jpg 0.432191 0.502169 0.636192 -0.395344 0.13512 2.58196 -1.38566
data/frame-000022.color.jpg 0.425585 0.501623 0.641167 -0.395166 0.113673 2.58667 -1.35642
data/frame-000023.color.jpg 0.417738 0.500278 0.648103 -0.393929 0.0800298 2.59334 -1.31634
data/frame-000024.color.jpg 0.411385 0.497863 0.652787 -0.395935 0.0544695 2.59132 -1.29663
data/frame-000025.color.jpg 0.406662 0.493549 0.654519 -0.403287 0.0302881 2.57467 -1.31299
data/frame-000026.color.jpg 0.417341 0.491994 0.652149 -0.398084 0.0308075 2.54387 -1.32054
data/frame-000027.color.jpg 0.416762 0.491573 0.651529 -0.400219 0.0282263 2.53549 -1.33073
data/frame-000028.color.jpg 0.422867 0.499281 0.643453 -0.39733 0.0983692 2.52663 -1.33287
data/frame-000029.color.jpg 0.42841 0.513917 0.631739 -0.391484 0.212664 2.52728 -1.31514
data/frame-000030.color.jpg 0.430792 0.522188 0.622666 -0.392459 0.292998 2.51464 -1.31875
data/frame-000031.color.jpg 0.429118 0.536992 0.605968 -0.400375 0.458311 2.4805 -1.32886
data/frame-000032.color.jpg 0.429177 0.541066 0.603184 -0.399029 0.493188 2.483 -1.31867
data/frame-000033.color.jpg 0.431482 0.550578 0.588295 -0.405705 0.625889 2.44703 -1.34181
data/frame-000034.color.jpg 0.43559 0.564887 0.571208 -0.40606 0.788451 2.42037 -1.3275
data/frame-000035.color.jpg 0.439756 0.570571 0.563428 -0.40449 0.862783 2.40102 -1.31834
data/frame-000036.color.jpg 0.436267 0.577848 0.5609 -0.401438 0.926075 2.40147 -1.2832
data/frame-000037.color.jpg 0.432598 0.580055 0.562579 -0.399875 0.951937 2.40386 -1.26239
data/frame-000038.color.jpg 0.423371 0.585168 0.563997 -0.400304 0.994479 2.41136 -1.23904
data/frame-000039.color.jpg 0.419311 0.585225 0.560211 -0.4097 1.04498 2.37715 -1.27146
data/frame-000040.color.jpg 0.416967 0.586862 0.558463 -0.412129 1.07581 2.36759 -1.27472
data/frame-000041.color.jpg 0.420088 0.58422 0.552664 -0.420448 1.10869 2.32397 -1.32621
data/frame-000042.color.jpg 0.421589 0.587379 0.548594 -0.419873 1.15525 2.31087 -1.32832
data/frame-000043.color.jpg 0.432693 0.58827 0.551566 -0.403101 1.15335 2.3494 -1.30549
data/frame-000044.color.jpg 0.446178 0.579844 0.549105 -0.403968 1.13182 2.32956 -1.3706
data/frame-000045.color.jpg 0.457514 0.574379 0.549569 -0.398426 1.11147 2.33449 -1.39384
data/frame-000046.color.jpg 0.463476 0.575373 0.550357 -0.388899 1.12384 2.3536 -1.37753
data/frame-000047.color.jpg 0.46655 0.580869 0.544971 -0.384616 1.17635 2.35104 -1.36059
data/frame-000048.color.jpg 0.470485 0.582832 0.540677 -0.382909 1.20466 2.341 -1.35832
data/frame-000049.color.jpg 0.476851 0.596028 0.529731 -0.369797 1.30562 2.34303 -1.28749
data/frame-000050.color.jpg 0.480985 0.623964 0.50521 -0.352257 1.51882 2.3091 -1.1435
data/frame-000051.color.jpg 0.48321 0.637263 0.491306 -0.344996 1.62816 2.27571 -1.07088
data/frame-000052.color.jpg 0.486362 0.651629 0.475714 -0.335451 1.74294 2.23569 -0.97762
data/frame-000053.color.jpg 0.490012 0.664818 0.461924 -0.323313 1.83588 2.20379 -0.87243
data/frame-000054.color.jpg 0.492507 0.676248 0.451609 -0.310121 1.90011 2.18244 -0.768235
data/frame-000055.color.jpg 0.485887 0.690053 0.448035 -0.294966 1.94668 2.17492 -0.637473
data/frame-000056.color.jpg 0.480301 0.691485 0.452767 -0.293532 1.94367 2.17646 -0.615541
data/frame-000057.color.jpg 0.475832 0.689024 0.45814 -0.298223 1.93367 2.17024 -0.631183
data/frame-000058.color.jpg 0.47128 0.68854 0.464582 -0.296601 1.91515 2.17982 -0.616228
data/frame-000059.color.jpg 0.469884 0.688213 0.467021 -0.295742 1.90815 2.18395 -0.608401
data/frame-000060.color.jpg 0.46885 0.683471 0.47445 -0.296556 1.87961 2.1856 -0.616428
data/frame-000061.color.jpg 0.46653 0.683821 0.477176 -0.295028 1.86933 2.1941 -0.607547
data/frame-000062.color.jpg 0.463721 0.684345 0.482401 -0.289696 1.84709 2.20963 -0.582598
data/frame-000063.color.jpg 0.458879 0.68567 0.486223 -0.287879 1.83686 2.21371 -0.568358
data/frame-000064.color.jpg 0.445418 0.687444 0.495182 -0.289516 1.81499 2.2201 -0.564685
data/frame-000065.color.jpg 0.448185 0.683541 0.499419 -0.287199 1.7768 2.23053 -0.577255
data/frame-000066.color.jpg 0.447339 0.683155 0.501561 -0.285698 1.7629 2.23661 -0.569833
data/frame-000067.color.jpg 0.444546 0.679771 0.504324 -0.293167 1.75283 2.22473 -0.610571
data/frame-000068.color.jpg 0.440693 0.675526 0.515643 -0.289079 1.70275 2.25137 -0.604724
data/frame-000069.color.jpg 0.441148 0.680334 0.511066 -0.285212 1.74422 2.24024 -0.572087
data/frame-000070.color.jpg 0.444528 0.681952 0.506856 -0.283609 1.78146 2.22174 -0.560202
data/frame-000071.color.jpg 0.436098 0.696619 0.501356 -0.270522 1.88725 2.2075 -0.440417
data/frame-000072.color.jpg 0.438493 0.698434 0.497604 -0.268895 1.92568 2.19093 -0.428244
data/frame-000073.color.jpg 0.442962 0.702069 0.49113 -0.263959 1.99714 2.17049 -0.380718
data/frame-000074.color.jpg 0.444075 0.703139 0.48931 -0.26262 2.04403 2.15934 -0.362361
data/frame-000075.color.jpg 0.446287 0.701713 0.490423 -0.260599 2.0604 2.16164 -0.35157
data/frame-000076.color.jpg 0.446999 0.702484 0.489525 -0.258983 2.0927 2.15506 -0.330303
data/frame-000077.color.jpg 0.449073 0.700772 0.4902 -0.258759 2.10184 2.15143 -0.331006
data/frame-000078.color.jpg 0.447318 0.700675 0.492222 -0.258224 2.11944 2.15434 -0.318284
data/frame-000079.color.jpg 0.447598 0.695283 0.495941 -0.265104 2.13692 2.15345 -0.364795
data/frame-000080.color.jpg 0.442544 0.686791 0.513747 -0.261795 2.0947 2.24193 -0.393783
data/frame-000081.color.jpg 0.440241 0.686033 0.516017 -0.263197 2.09508 2.25651 -0.40826
data/frame-000082.color.jpg 0.440967 0.681936 0.516526 -0.271501 2.09721 2.25619 -0.476004
data/frame-000083.color.jpg 0.449941 0.67484 0.51441 -0.278435 2.09401 2.26451 -0.566343
data/frame-000084.color.jpg 0.459476 0.671265 0.510861 -0.278039 2.10152 2.28325 -0.609151
data/frame-000085.color.jpg 0.470321 0.663007 0.509634 -0.281946 2.09946 2.29968 -0.681243
data/frame-000086.color.jpg 0.47776 0.660754 0.505352 -0.282434 2.10984 2.30838 -0.702551
data/frame-000087.color.jpg 0.489223 0.654306 0.504617 -0.279115 2.09762 2.32659 -0.72502
data/frame-000088.color.jpg 0.500658 0.656328 0.501617 -0.258757 2.10359 2.38385 -0.628115
data/frame-000089.color.jpg 0.504389 0.66107 0.494461 -0.253152 2.15311 2.38185 -0.583632
data/frame-000090.color.jpg 0.508689 0.663536 0.488901 -0.24886 2.19006 2.37994 -0.550928
data/frame-000091.color.jpg 0.515897 0.665597 0.480094 -0.245645 2.23961 2.36721 -0.522359
data/frame-000092.color.jpg 0.519702 0.668655 0.473704 -0.241693 2.28425 2.36343 -0.484804
data/frame-000093.color.jpg 0.524859 0.671281 0.466134 -0.237956 2.3359 2.35372 -0.448917
data/frame-000094.color.jpg 0.525262 0.675642 0.462181 -0.232373 2.37406 2.34901 -0.395139
data/frame-000095.color.jpg 0.517558 0.682767 0.465102 -0.222807 2.3941 2.37035 -0.312008
data/frame-000096.color.jpg 0.514402 0.685451 0.467337 -0.217127 2.40031 2.38531 -0.266005
data/frame-000097.color.jpg 0.504122 0.686465 0.476432 -0.218265 2.40752 2.40266 -0.264841
data/frame-000098.color.jpg 0.501117 0.683806 0.481666 -0.222013 2.41154 2.4095 -0.288906
data/frame-000099.color.jpg 0.494046 0.682173 0.489587 -0.22553 2.40578 2.41977 -0.309997
data/frame-000100.color.jpg 0.487791 0.678424 0.498213 -0.231484 2.39546 2.43201 -0.355302
data/frame-000101.color.jpg 0.481464 0.67022 0.508892 -0.245002 2.38545 2.43869 -0.450426
data/frame-000102.color.jpg 0.477275 0.663453 0.516523 -0.255426 2.36589 2.44705 -0.518178
data/frame-000103.color.jpg 0.472773 0.659994 0.522343 -0.260868 2.35548 2.45324 -0.552479
data/frame-000104.color.jpg 0.473166 0.653076 0.525953 -0.270148 2.34906 2.45016 -0.618217
data/frame-000105.color.jpg 0.471242 0.642126 0.533555 -0.284473 2.3102 2.45716 -0.723525
data/frame-000106.color.jpg 0.474698 0.635203 0.537123 -0.287538 2.2919 2.47742 -0.7631
data/frame-000107.color.jpg 0.475907 0.624146 0.542791 -0.298885 2.24856 2.47539 -0.857234
data/frame-000108.color.jpg 0.476299 0.614208 0.549611 -0.306295 2.20265 2.48902 -0.928297
data/frame-000109.color.jpg 0.477456 0.609666 0.553916 -0.30581 2.18325 2.51297 -0.941701
data/frame-000110.color.jpg 0.481014 0.604851 0.555978 -0.306054 2.17073 2.52443 -0.961968
data/frame-000111.color.jpg 0.480478 0.601278 0.559133 -0.308182 2.1439 2.53077 -0.983154
data/frame-000112.color.jpg 0.481019 0.599987 0.562027 -0.304568 2.13711 2.55621 -0.967595
data/frame-000113.color.jpg 0.478154 0.597261 0.565938 -0.307183 2.11117 2.55563 -0.988657
data/frame-000114.color.jpg 0.469933 0.596501 0.573762 -0.306834 2.08085 2.58252 -0.984948
data/frame-000115.color.jpg 0.465361 0.596379 0.579874 -0.302517 2.06198 2.60937 -0.962367
data/frame-000116.color.jpg 0.459929 0.597858 0.586441 -0.295158 2.04279 2.64228 -0.915447
data/frame-000117.color.jpg 0.456601 0.596617 0.589496 -0.296745 2.02784 2.64066 -0.923538
data/frame-000118.color.jpg 0.450841 0.597981 0.592871 -0.296083 2.01298 2.64383 -0.909366
data/frame-000119.color.jpg 0.451131 0.602565 0.593175 -0.285552 2.0261 2.66872 -0.835199
data/frame-000120.color.jpg 0.448912 0.602543 0.594403 -0.286539 2.00788 2.65249 -0.840111
data/frame-000121.color.jpg 0.44496 0.607241 0.596547 -0.278209 1.9958 2.66974 -0.773915
data/frame-000122.color.jpg 0.441482 0.613432 0.594653 -0.274193 1.99841 2.64904 -0.72518
data/frame-000123.color.jpg 0.434296 0.618615 0.596808 -0.2693 1.98977 2.64043 -0.674168
data/frame-000124.color.jpg 0.424113 0.625601 0.600721 -0.26055 1.97499 2.65024 -0.591549
data/frame-000125.color.jpg 0.418354 0.632526 0.602972 -0.247618 1.95826 2.65341 -0.486841
data/frame-000126.color.jpg 0.413764 0.636445 0.602235 -0.247082 1.96741 2.62745 -0.466218
data/frame-000127.color.jpg 0.404477 0.639891 0.604708 -0.24752 1.96347 2.60172 -0.434135
data/frame-000128.color.jpg 0.397499 0.642545 0.6085 -0.242605 1.955 2.59961 -0.385272
data/frame-000129.color.jpg 0.391912 0.639771 0.613994 -0.245173 1.93117 2.59765 -0.398072
data/frame-000130.color.jpg 0.381059 0.637006 0.625055 -0.241501 1.88503 2.61553 -0.373093
data/frame-000131.color.jpg 0.372691 0.636081 0.631546 -0.240108 1.86125 2.62159 -0.360738
data/frame-000132.color.jpg 0.362001 0.63538 0.638163 -0.240824 1.84071 2.62167 -0.357247
data/frame-000133.color.jpg 0.349151 0.637787 0.644123 -0.237541 1.83687 2.62154 -0.325605
data/frame-000134.color.jpg 0.345378 0.636752 0.64679 -0.238585 1.82609 2.6173 -0.336612
data/frame-000135.color.jpg 0.33915 0.632004 0.649817 -0.251567 1.82792 2.6046 -0.421016
data/frame-000136.color.jpg 0.324041 0.626448 0.659715 -0.259492 1.83847 2.62109 -0.474729
data/frame-000137.color.jpg 0.320136 0.627807 0.661063 -0.257618 1.88306 2.62558 -0.463443
data/frame-000138.color.jpg 0.325798 0.626227 0.661224 -0.253927 1.91133 2.63858 -0.455453
data/frame-000139.color.jpg 0.329942 0.623733 0.659131 -0.26008 1.94294 2.63646 -0.499983
data/frame-000140.color.jpg 0.339718 0.619896 0.655459 -0.265884 2.00601 2.6309 -0.548361
data/frame-000141.color.jpg 0.340239 0.616296 0.65815 -0.266938 2.01681 2.64487 -0.562972
data/frame-000142.color.jpg 0.340914 0.615549 0.658394 -0.267198 2.01948 2.6475 -0.567637
data/frame-000143.color.jpg 0.344618 0.613023 0.658297 -0.26849 2.04999 2.6563 -0.587616
data/frame-000144.color.jpg 0.344847 0.61208 0.658401 -0.270087 2.06759 2.65536 -0.599369
data/frame-000145.color.jpg 0.344626 0.610562 0.659801 -0.270389 2.07732 2.66371 -0.605619
data/frame-000146.color.jpg 0.342396 0.606844 0.662879 -0.274039 2.08037 2.6696 -0.638895
data/frame-000147.color.jpg 0.338927 0.604737 0.666605 -0.27397 2.08052 2.68711 -0.642935
data/frame-000148.color.jpg 0.336026 0.601373 0.670838 -0.274615 2.06274 2.7076 -0.652083
data/frame-000149.color.jpg 0.33648 0.595338 0.674802 -0.277482 2.04087 2.72785 -0.68736
data/frame-000150.color.jpg 0.343343 0.592615 0.672334 -0.280874 2.05238 2.73893 -0.722667
data/frame-000151.color.jpg 0.349405 0.583123 0.67235 -0.292967 2.01627 2.73958 -0.829402
data/frame-000152.color.jpg 0.354678 0.567267 0.674913 -0.311292 1.93369 2.77419 -1.01304
data/frame-000153.color.jpg 0.360756 0.559754 0.675395 -0.316814 1.89586 2.79408 -1.08665
data/frame-000154.color.jpg 0.365142 0.557415 0.673593 -0.319737 1.89539 2.78127 -1.12001
data/frame-000155.color.jpg 0.368144 0.54973 0.675309 -0.325921 1.84801 2.79757 -1.20055
data/frame-000156.color.jpg 0.368921 0.546211 0.676067 -0.329368 1.8241 2.80442 -1.25059
data/frame-000157.color.jpg 0.377573 0.547792 0.672618 -0.323954 1.83923 2.82373 -1.24144
data/frame-000158.color.jpg 0.384812 0.55962 0.661922 -0.317183 1.93661 2.82212 -1.18431
data/frame-000159.color.jpg 0.392988 0.571492 0.650385 -0.309768 2.03726 2.8036 -1.11462
data/frame-000160.color.jpg 0.405049 0.590869 0.626844 -0.306392 2.23291 2.70659 -1.04774
data/frame-000161.color.jpg 0.41143 0.614831 0.602684 -0.299132 2.44234 2.61184 -0.92485
data/frame-000162.color.jpg 0.416508 0.628233 0.587897 -0.293635 2.5546 2.54943 -0.841093
data/frame-000163.color.jpg 0.423415 0.64407 0.571983 -0.280585 2.67392 2.49732 -0.70173
data/frame-000164.color.jpg 0.428633 0.657118 0.556897 -0.272646 2.78213 2.43485 -0.597822
data/frame-000165.color.jpg 0.428116 0.666785 0.547861 -0.268258 2.85355 2.38651 -0.531344
data/frame-000166.color.jpg 0.429847 0.676399 0.540082 -0.256958 2.91316 2.3663 -0.424309
data/frame-000167.color.jpg 0.425272 0.689206 0.53118 -0.24897 2.99757 2.31419 -0.331638
data/frame-000168.color.jpg 0.422507 0.696464 0.526081 -0.244265 3.04923 2.28559 -0.280085
data/frame-000169.color.jpg 0.418592 0.699255 0.52604 -0.243115 3.06844 2.27887 -0.27273
data/frame-000170.color.jpg 0.419644 0.701214 0.524205 -0.239598 3.08836 2.28468 -0.248147
data/frame-000171.color.jpg 0.420816 0.694965 0.52382 -0.256026 3.11114 2.25611 -0.379326
data/frame-000172.color.jpg 0.418883 0.694182 0.526755 -0.255298 3.10267 2.27653 -0.381092
data/frame-000173.color.jpg 0.416771 0.688932 0.532857 -0.260267 3.08813 2.30325 -0.440997
data/frame-000174.color.jpg 0.414103 0.678379 0.543871 -0.269305 3.04932 2.35136 -0.549453
data/frame-000175.color.jpg 0.409562 0.665527 0.558561 -0.278103 2.99166 2.41353 -0.665491
data/frame-000176.color.jpg 0.405895 0.654895 0.569825 -0.285766 2.93651 2.45961 -0.760197
data/frame-000177.color.jpg 0.405122 0.652724 0.571713 -0.288048 2.92694 2.46408 -0.783793
data/frame-000178.color.jpg 0.398343 0.6368 0.591669 -0.292808 2.81457 2.56095 -0.880766
data/frame-000179.color.jpg 0.397495 0.635886 0.592807 -0.293644 2.80995 2.56404 -0.888984
data/frame-000180.color.jpg 0.392681 0.629827 0.602006 -0.294463 2.75761 2.60741 -0.914872
data/frame-000181.color.jpg 0.389383 0.626492 0.608201 -0.293224 2.72196 2.63754 -0.919961
data/frame-000182.color.jpg 0.384007 0.62513 0.613376 -0.292437 2.69865 2.66267 -0.916798
data/frame-000183.color.jpg 0.379761 0.619615 0.622149 -0.291186 2.63798 2.69741 -0.926429
data/frame-000184.color.jpg 0.375885 0.617815 0.62757 -0.288394 2.6033 2.72322 -0.910759
data/frame-000185.color.jpg 0.375169 0.616628 0.628657 -0.289498 2.59113 2.7225 -0.922601
data/frame-000186.color.jpg 0.372288 0.617374 0.63118 -0.286116 2.57871 2.73481 -0.89442
data/frame-000187.color.jpg 0.369834 0.617144 0.632919 -0.285955 2.56713 2.73632 -0.890295
data/frame-000188.color.jpg 0.366642 0.615459 0.63619 -0.286439 2.54076 2.7401 -0.893591
data/frame-000189.color.jpg 0.363194 0.616709 0.640295 -0.278894 2.52129 2.76382 -0.833772
data/frame-000190.color.jpg 0.358786 0.615837 0.642789 -0.280785 2.50367 2.76033 -0.843324
data/frame-000191.color.jpg 0.358107 0.615121 0.644148 -0.280106 2.49522 2.76186 -0.832405
data/frame-000192.color.jpg 0.355538 0.613656 0.646866 -0.280329 2.47593 2.76336 -0.831136
data/frame-000193.color.jpg 0.352496 0.612315 0.650754 -0.278096 2.45411 2.77349 -0.81304
data/frame-000194.color.jpg 0.351169 0.610816 0.652837 -0.278188 2.43289 2.77737 -0.804955
data/frame-000195.color.jpg 0.349153 0.604116 0.660197 -0.277984 2.36537 2.80469 -0.81133
data/frame-000196.color.jpg 0.344564 0.598971 0.669412 -0.272758 2.28878 2.8464 -0.78379
data/frame-000197.color.jpg 0.340327 0.590747 0.67988 -0.270108 2.19172 2.88558 -0.784491
data/frame-000198.color.jpg 0.33941 0.589544 0.685526 -0.259409 2.14118 2.93006 -0.716954
data/frame-000199.color.jpg 0.341855 0.583205 0.688732 -0.26202 2.0841 2.93969 -0.743051
data/frame-000200.color.jpg 0.340608 0.578826 0.694895 -0.257036 2.01746 2.96398 -0.719588
data/frame-000201.color.jpg 0.337214 0.574398 0.699957 -0.257708 1.9693 2.97817 -0.725595
data/frame-000202.color.jpg 0.330657 0.564925 0.709584 -0.2608 1.88034 2.99869 -0.757476
data/frame-000203.color.jpg 0.324623 0.557145 0.717775 -0.262696 1.80795 3.01726 -0.778733
data/frame-000204.color.jpg 0.317243 0.548959 0.727183 -0.26307 1.72869 3.04712 -0.787123
data/frame-000205.color.jpg 0.313567 0.539509 0.735741 -0.263232 1.65134 3.07337 -0.800635
data/frame-000206.color.jpg 0.304101 0.523037 0.750376 -0.266254 1.52458 3.11433 -0.841142
data/frame-000207.color.jpg 0.297453 0.509733 0.76263 -0.264742 1.41719 3.15854 -0.842499
data/frame-000208.color.jpg 0.291767 0.493063 0.776608 -0.261991 1.28616 3.2074 -0.839172
data/frame-000209.color.jpg 0.288498 0.480231 0.78445 -0.266054 1.20075 3.21626 -0.88144
data/frame-000210.color.jpg 0.283003 0.466208 0.793297 -0.270627 1.11255 3.23601 -0.915702
data/frame-000211.color.jpg 0.279298 0.457795 0.797104 -0.277563 1.06831 3.23897 -0.963582
data/frame-000212.color.jpg 0.271385 0.428443 0.809452 -0.295931 0.886814 3.2497 -1.101
data/frame-000213.color.jpg 0.271043 0.417322 0.813783 -0.300224 0.814074 3.25516 -1.14518
data/frame-000214.color.jpg 0.268733 0.407405 0.817992 -0.304454 0.752688 3.2605 -1.18751
data/frame-000215.color.jpg 0.269613 0.402615 0.820312 -0.303807 0.719722 3.27417 -1.19731
data/frame-000216.color.jpg 0.272364 0.39659 0.821166 -0.306953 0.690527 3.29525 -1.25506
data/frame-000217.color.jpg 0.274886 0.3965 0.819248 -0.309932 0.703511 3.29543 -1.29276
data/frame-000218.color.jpg 0.279995 0.401078 0.814025 -0.313213 0.758872 3.29465 -1.33577
data/frame-000219.color.jpg 0.282047 0.404514 0.8097 -0.318126 0.799738 3.28841 -1.38332
data/frame-000220.color.jpg 0.290825 0.413679 0.801691 -0.318719 0.903203 3.28237 -1.41732
data/frame-000221.color.jpg 0.294205 0.428379 0.79421 -0.314905 1.05168 3.31302 -1.41925
data/frame-000222.color.jpg 0.299573 0.429506 0.790592 -0.317402 1.09611 3.31504 -1.46074
data/frame-000223.color.jpg 0.29913 0.429596 0.788391 -0.323123 1.13212 3.31533 -1.51496
data/frame-000224.color.jpg 0.300028 0.42723 0.788991 -0.323963 1.1332 3.32853 -1.54335
data/frame-000225.color.jpg 0.300456 0.427122 0.789648 -0.322102 1.13991 3.34735 -1.54589
data/frame-000226.color.jpg 0.293747 0.426873 0.790314 -0.32695 1.14392 3.3483 -1.5795
data/frame-000227.color.jpg 0.289491 0.42631 0.791304 -0.329079 1.14708 3.36674 -1.60637
data/frame-000228.color.jpg 0.271403 0.413402 0.796159 -0.34867 1.04246 3.35346 -1.74383
data/frame-000229.color.jpg 0.262921 0.395598 0.806538 -0.351954 0.883788 3.40468 -1.79665
data/frame-000230.color.jpg 0.252935 0.371033 0.815032 -0.366172 0.679438 3.4069 -1.9176
data/frame-000231.color.jpg 0.246013 0.353343 0.821564 -0.373711 0.524628 3.41148 -1.98516
data/frame-000232.color.jpg 0.238603 0.336799 0.827273 -0.381122 0.378477 3.40905 -2.0377
data/frame-000233.color.jpg 0.230023 0.320747 0.831787 -0.390309 0.244357 3.38783 -2.09379
data/frame-000234.color.jpg 0.221346 0.304569 0.837863 -0.395259 0.104701 3.386 -2.1121
data/frame-000235.color.jpg 0.208829 0.287413 0.841937 -0.406111 -0.0344962 3.35231 -2.15501
data/frame-000236.color.jpg 0.201883 0.278279 0.843945 -0.411778 -0.109891 3.33434 -2.17311
data/frame-000237.color.jpg 0.192477 0.269858 0.846164 -0.417296 -0.178503 3.32365 -2.17601
data/frame-000238.color.jpg 0.188162 0.259848 0.8471 -0.42367 -0.239732 3.28691 -2.19603
data/frame-000239.color.jpg 0.182963 0.253973 0.84885 -0.425999 -0.277909 3.28001 -2.18572
data/frame-000240.color.jpg 0.17673 0.245401 0.851814 -0.427736 -0.336838 3.2708 -2.16561
data/frame-000241.color.jpg 0.17867 0.239942 0.852012 -0.429629 -0.35529 3.24718 -2.17038
data/frame-000242.color.jpg 0.179202 0.233075 0.853871 -0.429496 -0.392327 3.22391 -2.15235
data/frame-000243.color.jpg 0.179186 0.23336 0.855024 -0.427047 -0.375444 3.22106 -2.11813
data/frame-000244.color.jpg 0.178232 0.235765 0.856323 -0.423508 -0.35285 3.23212 -2.07554
data/frame-000245.color.jpg 0.178556 0.238411 0.856698 -0.421124 -0.322943 3.22846 -2.04011
data/frame-000246.color.jpg 0.176239 0.242959 0.855824 -0.421278 -0.280676 3.22297 -2.01478
data/frame-000247.color.jpg 0.171823 0.244157 0.856858 -0.420308 -0.274209 3.21338 -1.98228
data/frame-000248.color.jpg 0.16704 0.241335 0.863883 -0.409343 -0.310586 3.25665 -1.88748
data/frame-000249.color.jpg 0.164722 0.240689 0.866432 -0.405253 -0.323326 3.27165 -1.85275
data/frame-000250.color.jpg 0.157084 0.236188 0.875003 -0.392313 -0.384176 3.31696 -1.74279
data/frame-000251.color.jpg 0.141992 0.217791 0.893452 -0.366262 -0.548837 3.39962 -1.52964
data/frame-000252.color.jpg 0.134852 0.209083 0.90149 -0.354141 -0.627076 3.43957 -1.42704
data/frame-000253.color.jpg 0.133762 0.2072 0.902243 -0.353743 -0.640652 3.43931 -1.42087
data/frame-000254.color.jpg 0.123559 0.201127 0.910197 -0.340328 -0.689193 3.49487 -1.3048
data/frame-000255.color.jpg 0.115613 0.198114 0.912677 -0.338237 -0.708351 3.51576 -1.2716
data/frame-000256.color.jpg 0.114578 0.198182 0.914404 -0.333858 -0.709564 3.53184 -1.24014
data/frame-000257.color.jpg 0.1101 0.192253 0.918516 -0.327482 -0.758902 3.5599 -1.18964
data/frame-000258.color.jpg 0.100519 0.17171 0.927168 -0.317446 -0.912226 3.604 -1.11446
data/frame-000259.color.jpg 0.092598 0.151492 0.93108 -0.318694 -1.06318 3.60633 -1.10864
data/frame-000260.color.jpg 0.0920054 0.137812 0.934052 -0.31637 -1.17109 3.60555 -1.0992
data/frame-000261.color.jpg 0.0937013 0.132309 0.934278 -0.317551 -1.21085 3.61064 -1.12576
data/frame-000262.color.jpg 0.0958405 0.127547 0.937652 -0.308797 -1.24901 3.63775 -1.08672
data/frame-000263.color.jpg 0.0955197 0.119211 0.939356 -0.307041 -1.31314 3.6442 -1.08992
data/frame-000264.color.jpg 0.0946989 0.111662 0.941443 -0.303724 -1.3794 3.6496 -1.07058
data/frame-000265.color.jpg 0.0959633 0.107126 0.942524 -0.3016 -1.42216 3.65054 -1.0687
data/frame-000266.color.jpg 0.100543 0.103153 0.942471 -0.301662 -1.45698 3.64607 -1.09497
data/frame-000267.color.jpg 0.101011 0.101766 0.941787 -0.304103 -1.47564 3.64549 -1.11054
data/frame-000268.color.jpg 0.106882 0.106746 0.942276 -0.298826 -1.44257 3.66281 -1.09561
data/frame-000269.color.jpg 0.113293 0.118702 0.941517 -0.294312 -1.3533 3.68567 -1.09012
data/frame-000270.color.jpg 0.121546 0.142453 0.941045 -0.281723 -1.17446 3.76107 -1.02958
data/frame-000271.color.jpg 0.123505 0.157141 0.938481 -0.281616 -1.05298 3.79117 -1.03236
data/frame-000272.color.jpg 0.13442 0.192785 0.929612 -0.283878 -0.747298 3.82971 -1.07171
data/frame-000273.color.jpg 0.138998 0.227189 0.921963 -0.281156 -0.452703 3.86366 -1.04046
data/frame-000274.color.jpg 0.130324 0.244491 0.918757 -0.281293 -0.295408 3.87733 -0.998852
data/frame-000275.color.jpg 0.128557 0.253098 0.915756 -0.284261 -0.218005 3.86237 -1.00655
data/frame-000276.color.jpg 0.134507 0.269339 0.913579 -0.273381 -0.0932722 3.86618 -0.927128
data/frame-000277.color.jpg 0.140525 0.279421 0.910045 -0.27202 -0.0152392 3.83749 -0.913589
data/frame-000278.color.jpg 0.147084 0.288815 0.905548 -0.273744 0.0624837 3.81913 -0.922424
data/frame-000279.color.jpg 0.143925 0.29082 0.901497 -0.28638 0.0844172 3.77716 -0.993956
data/frame-000280.color.jpg 0.14225 0.288938 0.898961 -0.2969 0.0714343 3.74076 -1.05468
data/frame-000281.color.jpg 0.13587 0.283778 0.897543 -0.308911 0.0268178 3.69577 -1.11587
data/frame-000282.color.jpg 0.14078 0.275144 0.904922 -0.292564 -0.0894288 3.69373 -0.996515
data/frame-000283.color.jpg 0.140728 0.269044 0.905225 -0.297286 -0.140424 3.6682 -1.02334
data/frame-000284.color.jpg 0.121102 0.247769 0.908475 -0.314034 -0.316834 3.58642 -1.07001
data/frame-000285.color.jpg 0.117397 0.244834 0.908185 -0.31855 -0.338628 3.571 -1.08829
data/frame-000286.color.jpg 0.109066 0.235414 0.908534 -0.32749 -0.41263 3.52891 -1.1157
data/frame-000287.color.jpg 0.11015 0.228961 0.910073 -0.327431 -0.45584 3.50244 -1.10879
data/frame-000288.color.jpg 0.10029 0.217028 0.911075 -0.335833 -0.538571 3.46416 -1.12397
data/frame-000289.color.jpg 0.0927755 0.200437 0.913788 -0.340895 -0.642251 3.41698 -1.11535
data/frame-000290.color.jpg 0.085088 0.188573 0.916628 -0.342042 -0.711937 3.39748 -1.08916
data/frame-000291.color.jpg 0.0783629 0.175183 0.9189 -0.344664 -0.775624 3.35677 -1.06871
data/frame-000292.color.jpg 0.072658 0.169852 0.920684 -0.343821 -0.792974 3.34582 -1.03755
data/frame-000293.color.jpg 0.0713538 0.166574 0.92101 -0.344822 -0.790143 3.33035 -1.03629
data/frame-000294.color.jpg 0.0706672 0.164074 0.92178 -0.344105 -0.790366 3.32245 -1.0238
data/frame-000295.color.jpg 0.0715977 0.157245 0.921617 -0.347521 -0.801478 3.29387 -1.03793
data/frame-000296.color.jpg 0.0747955 0.15681 0.920533 -0.349909 -0.786401 3.28078 -1.05749
data/frame-000297.color.jpg 0.077944 0.157364 0.919253 -0.352327 -0.76296 3.27103 -1.07674
data/frame-000298.color.jpg 0.0798334 0.157617 0.918547 -0.35363 -0.752751 3.26506 -1.08733
data/frame-000299.color.jpg 0.0859134 0.160005 0.916352 -0.356814 -0.712764 3.24611 -1.11751
data/frame-000300.color.jpg 0.0896962 0.164604 0.918083 -0.349262 -0.67675 3.25679 -1.0749
data/frame-000301.color.jpg 0.0921834 0.168844 0.918926 -0.344338 -0.638488 3.26316 -1.05244
data/frame-000302.color.jpg 0.091413 0.175611 0.919496 -0.339605 -0.583789 3.27785 -1.01676
data/frame-000303.color.jpg 0.0947064 0.193687 0.926876 -0.307274 -0.457182 3.32088 -0.828732
data/frame-000304.color.jpg 0.09606 0.195159 0.927772 -0.30319 -0.449542 3.32516 -0.806135
data/frame-000305.color.jpg 0.100801 0.20353 0.928288 -0.294443 -0.395841 3.33452 -0.765791
data/frame-000306.color.jpg 0.0983248 0.207256 0.928422 -0.29225 -0.367046 3.34013 -0.747594
data/frame-000307.color.jpg 0.098367 0.20853 0.930614 -0.284246 -0.358413 3.3464 -0.698698
data/frame-000308.color.jpg 0.0936912 0.205728 0.93215 -0.282831 -0.369373 3.34149 -0.677243
data/frame-000309.color.jpg 0.0882562 0.196728 0.935408 -0.280215 -0.416127 3.33704 -0.651924
data/frame-000310.color.jpg 0.0849727 0.183377 0.937067 -0.284707 -0.487478 3.31298 -0.66855
data/frame-000311.color.jpg 0.0759317 0.165392 0.938979 -0.291887 -0.57641 3.28403 -0.686718
data/frame-000312.color.jpg 0.0651307 0.145207 0.94197 -0.295575 -0.68233 3.25524 -0.675975
data/frame-000313.color.jpg 0.0595352 0.127405 0.942753 -0.30239 -0.764727 3.21396 -0.695596
data/frame-000314.color.jpg 0.049956 0.106379 0.944583 -0.306513 -0.877744 3.17908 -0.687092
data/frame-000315.color.jpg 0.0441845 0.0841222 0.947775 -0.304457 -1.00212 3.14474 -0.648446
data/frame-000316.color.jpg 0.0355468 0.0690927 0.950431 -0.301069 -1.09202 3.1287 -0.602833
data/frame-000317.color.jpg 0.0309438 0.0569901 0.95007 -0.305223 -1.15565 3.10672 -0.608893
data/frame-000318.color.jpg 0.0195391 0.0360193 0.948386 -0.314458 -1.28578 3.07016 -0.628473
data/frame-000319.color.jpg 0.0106916 0.0146164 0.945298 -0.325705 -1.40833 3.02186 -0.65791
data/frame-000320.color.jpg 0.00573348 0.0010309 0.942597 -0.33388 -1.49308 2.98692 -0.686837
data/frame-000321.color.jpg 0.00712784 -0.0143742 0.941182 -0.337518 -1.58964 2.95246 -0.704109
data/frame-000322.color.jpg 0.000832856 -0.0279519 0.937415 -0.347088 -1.67584 2.90809 -0.736057
data/frame-000323.color.jpg -0.0013308 -0.035168 0.935073 -0.352705 -1.72084 2.88181 -0.756468
data/frame-000324.color.jpg -0.00555149 -0.0505649 0.928219 -0.368541 -1.81494 2.81686 -0.824609
data/frame-000325.color.jpg -0.0145977 -0.0827578 0.919963 -0.382892 -2.00224 2.69118 -0.831764
data/frame-000326.color.jpg -0.0159503 -0.0935783 0.917755 -0.385634 -2.06296 2.6449 -0.823936
data/frame-000327.color.jpg -0.0172109 -0.106446 0.913657 -0.391923 -2.12794 2.58036 -0.828294
data/frame-000328.color.jpg -0.0242045 -0.118522 0.908425 -0.400163 -2.18909 2.52149 -0.825754
data/frame-000329.color.jpg -0.0277832 -0.128969 0.906012 -0.402166 -2.23672 2.47671 -0.801445
data/frame-000330.color.jpg -0.0321272 -0.13692 0.906721 -0.397589 -2.26209 2.45414 -0.739969
data/frame-000331.color.jpg -0.0328604 -0.141326 0.906998 -0.39535 -2.26928 2.43648 -0.71365
data/frame-000332.color.jpg -0.0289537 -0.155303 0.910182 -0.382898 -2.32049 2.38701 -0.633317
data/frame-000333.color.jpg -0.0361775 -0.163738 0.91103 -0.376703 -2.35073 2.36734 -0.562899
data/frame-000334.color.jpg -0.0375652 -0.173366 0.914016 -0.364839 -2.38046 2.3412 -0.479759
data/frame-000335.color.jpg -0.0390399 -0.182761 0.915505 -0.356264 -2.41426 2.30611 -0.415889
data/frame-000336.color.jpg -0.0414772 -0.190488 0.917717 -0.346107 -2.43876 2.28205 -0.346717
data/frame-000337.color.jpg -0.0498311 -0.203069 0.922078 -0.325657 -2.45482 2.25631 -0.207439
data/frame-000338.color.jpg -0.0537176 -0.204207 0.92305 -0.321547 -2.45508 2.26314 -0.174901
data/frame-000339.color.jpg -0.0538475 -0.209325 0.926899 -0.306827 -2.45357 2.25025 -0.101674
data/frame-000340.color.jpg -0.0587765 -0.215557 0.926884 -0.301607 -2.46457 2.22726 -0.0683909
data/frame-000341.color.jpg -0.0588915 -0.211341 0.928708 -0.298945 -2.40548 2.26235 -0.0749353
data/frame-000342.color.jpg -0.0628109 -0.18199 0.936941 -0.291676 -2.19429 2.43533 -0.105499
data/frame-000343.color.jpg -0.063665 -0.174261 0.938128 -0.292397 -2.13676 2.46924 -0.125163
data/frame-000344.color.jpg -0.0640298 -0.161998 0.941427 -0.288742 -2.04526 2.53429 -0.133213
data/frame-000345.color.jpg -0.0617512 -0.156245 0.943406 -0.285937 -1.98276 2.5656 -0.140699
data/frame-000346.color.jpg -0.0654744 -0.154074 0.944146 -0.283837 -1.94077 2.59002 -0.131346
data/frame-000347.color.jpg -0.0641814 -0.149699 0.944658 -0.284767 -1.87895 2.61034 -0.155027
data/frame-000348.color.jpg -0.0590558 -0.151594 0.942769 -0.291064 -1.86855 2.59301 -0.215941
data/frame-000349.color.jpg -0.0464688 -0.15501 0.94328 -0.289889 -1.86358 2.58127 -0.250652
data/frame-000350.color.jpg -0.0462616 -0.167441 0.941473 -0.288881 -1.91694 2.54922 -0.249215
data/frame-000351.color.jpg -0.0625094 -0.210623 0.928064 -0.30071 -2.10152 2.41944 -0.234445
data/frame-000352.color.jpg -0.0658124 -0.230591 0.922825 -0.301482 -2.18531 2.3551 -0.20913
data/frame-000353.color.jpg -0.0695086 -0.243566 0.918782 -0.302795 -2.22898 2.31779 -0.192131
data/frame-000354.color.jpg -0.0670187 -0.249215 0.915673 -0.308128 -2.24679 2.30071 -0.229061
data/frame-000355.color.jpg -0.0809391 -0.24273 0.916102 -0.308687 -2.20432 2.3469 -0.211765
data/frame-000356.color.jpg -0.0784624 -0.226559 0.919191 -0.312414 -2.08465 2.4408 -0.262984
