frame-000000.color.jpg 0.316195 0.928262 -0.186242 0.060527 -0.996904 0.962649 0.703981 0.187538 0.001302
frame-000001.color.jpg 0.320394 0.927719 -0.183168 0.055992 -0.988033 0.964123 0.713340 0.271482 0.004914
frame-000002.color.jpg 0.320420 0.928770 -0.177653 0.056183 -0.989498 0.958191 0.721327 0.309723 0.004983
frame-000003.color.jpg 0.323209 0.928782 -0.171319 0.059579 -0.993678 0.954769 0.714401 0.245126 0.002897
frame-000004.color.jpg 0.326677 0.927760 -0.170218 0.059743 -0.990038 0.963070 0.713068 0.297851 0.003798
frame-000005.color.jpg 0.327505 0.928153 -0.167784 0.055867 -0.987784 0.963566 0.724109 0.261613 0.003354
frame-000006.color.jpg 0.328498 0.927899 -0.167884 0.053925 -0.980302 0.970341 0.726471 0.254680 0.003620
frame-000007.color.jpg 0.331089 0.926877 -0.168349 0.054198 -0.985845 0.977268 0.718137 0.295453 0.003839
frame-000008.color.jpg 0.330238 0.926883 -0.169604 0.055371 -0.984451 0.981017 0.715642 0.317288 0.004542
frame-000009.color.jpg 0.330159 0.926524 -0.170438 0.059153 -0.993615 0.983374 0.705277 0.369150 0.005589
frame-000010.color.jpg 0.330479 0.925844 -0.172397 0.062249 -1.000629 0.990454 0.694344 0.330183 0.004995
frame-000011.color.jpg 0.332620 0.924580 -0.172701 0.068486 -1.013994 0.996415 0.675248 0.306447 0.004740
frame-000012.color.jpg 0.330936 0.924926 -0.172735 0.071799 -1.020887 0.998949 0.669748 0.439583 0.007305
frame-000013.color.jpg 0.331352 0.924127 -0.174912 0.074839 -1.023159 1.003330 0.657625 0.402306 0.006508
frame-000014.color.jpg 0.331813 0.923196 -0.178102 0.076736 -1.017549 1.015497 0.647869 0.435175 0.006648
frame-000015.color.jpg 0.329507 0.920362 -0.191148 0.088433 -1.013801 1.043704 0.609138 0.371392 0.005809
frame-000016.color.jpg 0.328334 0.918887 -0.199357 0.089999 -1.000112 1.066957 0.601775 0.149157 0.000528
frame-000017.color.jpg 0.331442 0.914784 -0.210866 0.094083 -0.968400 1.102851 0.577936 0.163023 0.001602
frame-000018.color.jpg 0.333337 0.913297 -0.214126 0.094474 -0.958888 1.113016 0.573029 0.127129 0.001192
frame-000019.color.jpg 0.333873 0.910639 -0.223323 0.096911 -0.919797 1.141616 0.564734 0.165885 0.001182
frame-000020.color.jpg 0.346708 0.901797 -0.234148 0.108309 -0.861802 1.195648 0.521930 0.067958 0.000811
frame-000021.color.jpg 0.351968 0.896893 -0.239896 0.118957 -0.840186 1.218990 0.493896 0.209774 0.003502
frame-000022.color.jpg 0.359388 0.889680 -0.247421 0.134505 -0.811508 1.248421 0.451461 0.182039 0.003302
frame-000023.color.jpg 0.365974 0.885589 -0.248616 0.141372 -0.794713 1.263429 0.429196 0.140871 0.001583
frame-000024.color.jpg 0.370353 0.882657 -0.250750 0.144497 -0.775084 1.277348 0.419353 0.154952 0.003265
frame-000025.color.jpg 0.376192 0.879376 -0.251128 0.148701 -0.761217 1.286261 0.401382 0.129151 0.001931
frame-000026.color.jpg 0.379941 0.876761 -0.251377 0.154092 -0.753420 1.294052 0.385627 0.118736 0.002071
frame-000027.color.jpg 0.383100 0.873376 -0.253777 0.161385 -0.746295 1.303972 0.362370 0.265870 0.003612
frame-000028.color.jpg 0.386448 0.867947 -0.259782 0.172743 -0.739313 1.320138 0.332607 0.086830 0.002484
frame-000029.color.jpg 0.389451 0.861599 -0.266123 0.187494 -0.726979 1.332247 0.295614 0.097336 0.001927
frame-000030.color.jpg 0.388243 0.858386 -0.271407 0.196922 -0.717800 1.338915 0.280575 0.111504 0.003536
frame-000031.color.jpg 0.386506 0.857003 -0.273413 0.203482 -0.714840 1.339772 0.269203 0.058182 0.002439
frame-000032.color.jpg 0.387284 0.851395 -0.279719 0.216552 -0.705760 1.353502 0.238648 0.031069 0.003766
frame-000033.color.jpg 0.389272 0.847144 -0.285281 0.222326 -0.691137 1.369537 0.219908 0.149076 0.002918
frame-000034.color.jpg 0.386756 0.846114 -0.288102 0.226955 -0.680060 1.371771 0.218689 0.154693 0.002426
frame-000035.color.jpg 0.382015 0.847971 -0.287893 0.228315 -0.674833 1.369878 0.224542 0.151265 0.003046
frame-000036.color.jpg 0.380542 0.850085 -0.286484 0.224653 -0.665701 1.368845 0.237579 0.295001 0.004608
frame-000037.color.jpg 0.375444 0.856536 -0.279057 0.217981 -0.663230 1.359628 0.263710 0.244758 0.006091
frame-000038.color.jpg 0.368493 0.863054 -0.272974 0.211745 -0.666807 1.351114 0.290597 0.184309 0.004305
frame-000039.color.jpg 0.350404 0.872190 -0.272143 0.206009 -0.664425 1.344298 0.329702 0.129742 0.003183
frame-000040.color.jpg 0.345425 0.877038 -0.269751 0.196776 -0.648981 1.349253 0.344509 0.178528 0.005281
frame-000041.color.jpg 0.327829 0.889359 -0.265881 0.175713 -0.627510 1.346257 0.408647 0.139504 0.004570
frame-000042.color.jpg 0.317384 0.895365 -0.264295 0.166543 -0.610819 1.354463 0.429439 0.068992 0.003320
frame-000043.color.jpg 0.308042 0.901338 -0.257491 0.162477 -0.617287 1.351677 0.440174 0.084339 0.001931
frame-000044.color.jpg 0.300764 0.903284 -0.255565 0.168245 -0.629816 1.349213 0.432475 0.127631 0.002922
frame-000045.color.jpg 0.295728 0.904277 -0.256846 0.169877 -0.627075 1.348895 0.433313 0.162986 0.003817
frame-000046.color.jpg 0.286769 0.905962 -0.259485 0.172232 -0.619266 1.342566 0.441715 0.192777 0.004575
frame-000047.color.jpg 0.275171 0.907991 -0.265124 0.171880 -0.594211 1.335989 0.463637 0.239270 0.005607
frame-000048.color.jpg 0.263600 0.909130 -0.273667 0.170600 -0.543803 1.337912 0.494389 0.215055 0.004423
frame-000049.color.jpg 0.260974 0.907624 -0.280853 0.170978 -0.493352 1.343550 0.509297 0.235809 0.003461
frame-000050.color.jpg 0.258906 0.906026 -0.286542 0.173141 -0.461484 1.348694 0.518376 0.181495 0.002335
frame-000051.color.jpg 0.258538 0.902874 -0.295186 0.175620 -0.407571 1.352158 0.531695 0.094206 0.001499
frame-000052.color.jpg 0.256872 0.902219 -0.298979 0.175010 -0.378435 1.350906 0.545578 0.149390 0.001891
frame-000053.color.jpg 0.256236 0.900128 -0.304186 0.177719 -0.340934 1.349394 0.556855 0.142250 0.002999
frame-000054.color.jpg 0.254787 0.899722 -0.306151 0.178482 -0.310812 1.342320 0.571103 0.222407 0.004326
frame-000055.color.jpg 0.254095 0.899951 -0.305083 0.180134 -0.290047 1.333249 0.581943 0.232685 0.005074
frame-000056.color.jpg 0.254289 0.899369 -0.305674 0.181758 -0.270114 1.331157 0.587467 0.368796 0.008763
frame-000057.color.jpg 0.260272 0.896970 -0.308272 0.180752 -0.231363 1.334593 0.582954 0.286061 0.006018
frame-000058.color.jpg 0.266789 0.891245 -0.317205 0.184081 -0.187943 1.348226 0.569137 0.335830 0.007231
frame-000059.color.jpg 0.267176 0.890317 -0.319640 0.183802 -0.177277 1.350045 0.569134 0.320213 0.006572
frame-000060.color.jpg 0.266480 0.888132 -0.325551 0.185005 -0.145917 1.352763 0.570175 0.478875 0.009692
frame-000061.color.jpg 0.262188 0.887707 -0.329283 0.186566 -0.128056 1.355650 0.573053 0.397200 0.008478
frame-000062.color.jpg 0.256889 0.886962 -0.337701 0.182386 -0.083463 1.371824 0.569239 0.263587 0.005547
frame-000063.color.jpg 0.260850 0.880567 -0.350411 0.183767 -0.044545 1.399159 0.539143 0.280933 0.005222
frame-000064.color.jpg 0.259641 0.874168 -0.363468 0.190547 -0.007404 1.419520 0.523333 0.270029 0.004437
frame-000065.color.jpg 0.253149 0.866312 -0.383258 0.196296 0.043195 1.442937 0.518219 0.449225 0.007246
frame-000066.color.jpg 0.247825 0.859214 -0.402535 0.195701 0.102846 1.466112 0.522015 0.089947 0.000677
frame-000067.color.jpg 0.249816 0.849475 -0.417410 0.204337 0.151751 1.481790 0.497346 0.335271 0.005005
frame-000068.color.jpg 0.244094 0.844505 -0.429489 0.206804 0.184615 1.485485 0.506380 0.165443 0.002971
frame-000069.color.jpg 0.235021 0.840504 -0.440641 0.210125 0.208471 1.486973 0.523893 0.294000 0.004650
frame-000070.color.jpg 0.217720 0.824441 -0.472904 0.221939 0.276611 1.481313 0.558398 0.139400 0.002219
frame-000071.color.jpg 0.210517 0.814183 -0.490644 0.228160 0.320943 1.476198 0.579320 0.091733 0.002408
frame-000072.color.jpg 0.206004 0.799366 -0.514522 0.232043 0.393864 1.464341 0.606259 0.188927 0.003006
frame-000073.color.jpg 0.207580 0.787261 -0.530661 0.235647 0.455085 1.456110 0.613235 0.104558 0.003557
frame-000074.color.jpg 0.209919 0.774848 -0.546629 0.238204 0.520202 1.445053 0.625614 0.362996 0.006915
frame-000075.color.jpg 0.210728 0.767169 -0.555287 0.242284 0.562404 1.433737 0.640341 0.248869 0.004740
frame-000076.color.jpg 0.216361 0.756826 -0.565911 0.245250 0.628634 1.412548 0.656679 0.252440 0.004722
frame-000077.color.jpg 0.220529 0.750470 -0.569429 0.252807 0.659679 1.397338 0.669591 0.213913 0.003478
frame-000078.color.jpg 0.235941 0.750282 -0.563593 0.252532 0.685417 1.403597 0.645477 0.329519 0.006474
frame-000079.color.jpg 0.246525 0.750804 -0.557159 0.255133 0.686270 1.414438 0.623640 0.237190 0.004647
frame-000080.color.jpg 0.260350 0.754250 -0.545404 0.256630 0.673734 1.429681 0.598709 0.248000 0.004903
frame-000081.color.jpg 0.270226 0.758682 -0.534007 0.257326 0.656844 1.426624 0.590261 0.150785 0.002501
frame-000082.color.jpg 0.273436 0.762876 -0.525489 0.259063 0.631370 1.422172 0.596566 0.241592 0.004532
frame-000083.color.jpg 0.289842 0.767152 -0.513725 0.252103 0.637951 1.413980 0.582625 0.155222 0.002947
frame-000084.color.jpg 0.294403 0.770648 -0.508414 0.246867 0.630724 1.403409 0.593018 0.114120 0.002844
frame-000085.color.jpg 0.296204 0.770810 -0.506938 0.247243 0.627731 1.399104 0.595475 0.068520 0.001522
frame-000086.color.jpg 0.293377 0.775889 -0.501176 0.246473 0.609031 1.368156 0.641253 0.110138 0.001653
frame-000087.color.jpg 0.289572 0.776655 -0.501361 0.248178 0.600623 1.351160 0.672473 0.179485 0.002847
frame-000088.color.jpg 0.292851 0.772244 -0.505586 0.249520 0.624422 1.334373 0.688444 0.136215 0.001844
frame-000089.color.jpg 0.292106 0.768795 -0.510260 0.251521 0.638661 1.314833 0.706837 0.215083 0.004094
frame-000090.color.jpg 0.292482 0.761858 -0.522008 0.248062 0.689663 1.277226 0.736203 0.121155 0.002629
frame-000091.color.jpg 0.290622 0.753892 -0.534515 0.247951 0.737244 1.213862 0.784477 0.165263 0.004681
frame-000092.color.jpg 0.283582 0.753590 -0.538753 0.247847 0.743134 1.184050 0.829582 0.112164 0.003050
frame-000093.color.jpg 0.280581 0.750589 -0.544209 0.248449 0.759087 1.150486 0.860915 0.141429 0.003438
frame-000094.color.jpg 0.280633 0.745470 -0.550214 0.250568 0.776414 1.127090 0.886117 0.176861 0.004213
frame-000095.color.jpg 0.281830 0.742581 -0.551746 0.254404 0.778823 1.111824 0.906888 0.163010 0.003889
frame-000096.color.jpg 0.279736 0.744122 -0.550247 0.255458 0.771921 1.099770 0.926445 0.235739 0.006128
frame-000097.color.jpg 0.281055 0.746226 -0.546865 0.255136 0.766427 1.093917 0.932998 0.220877 0.005611
frame-000098.color.jpg 0.281406 0.750191 -0.541611 0.254328 0.757525 1.087207 0.937303 0.226417 0.005464
frame-000099.color.jpg 0.278044 0.757146 -0.535711 0.249870 0.745848 1.075580 0.950681 0.223183 0.006568
frame-000100.color.jpg 0.278940 0.758453 -0.533907 0.248767 0.745929 1.075006 0.951732 0.200289 0.005449
frame-000101.color.jpg 0.282742 0.761387 -0.529395 0.245128 0.745660 1.066338 0.945684 0.220787 0.005851
frame-000102.color.jpg 0.274868 0.773409 -0.519165 0.238232 0.718631 1.041056 0.974672 0.168360 0.004161
frame-000103.color.jpg 0.271852 0.779511 -0.513867 0.233237 0.712213 1.025454 0.985988 0.250666 0.007475
frame-000104.color.jpg 0.273449 0.784056 -0.508568 0.227685 0.711474 1.008544 0.991250 0.181411 0.003452
frame-000105.color.jpg 0.269993 0.792430 -0.501021 0.219399 0.712166 0.987507 1.008621 0.151716 0.004850
frame-000106.color.jpg 0.266646 0.796162 -0.498095 0.216629 0.707487 0.966636 1.021434 0.279432 0.006545
frame-000107.color.jpg 0.266901 0.799237 -0.496055 0.209555 0.724180 0.947898 1.029893 0.096971 0.002735
frame-000108.color.jpg 0.260690 0.806409 -0.491015 0.201617 0.732019 0.925708 1.043506 0.195359 0.006426
frame-000109.color.jpg 0.257214 0.808777 -0.489084 0.201290 0.734761 0.913585 1.050846 0.279814 0.008783
frame-000110.color.jpg 0.249111 0.810281 -0.490497 0.201993 0.739097 0.894161 1.069711 0.167895 0.005230
frame-000111.color.jpg 0.244352 0.810755 -0.492719 0.200490 0.760882 0.880847 1.082532 0.146660 0.001337
frame-000112.color.jpg 0.246378 0.809700 -0.493349 0.200725 0.793705 0.878379 1.079423 0.163505 0.002596
frame-000113.color.jpg 0.241756 0.811475 -0.493393 0.199065 0.817427 0.874426 1.091377 0.132861 0.002428
frame-000114.color.jpg 0.245320 0.809223 -0.495291 0.199157 0.859111 0.874746 1.082276 0.197015 0.003416
frame-000115.color.jpg 0.249654 0.806625 -0.498818 0.195472 0.911812 0.877715 1.080714 0.104877 0.003807
frame-000116.color.jpg 0.256638 0.802101 -0.503247 0.193687 0.975728 0.878912 1.067483 0.216779 0.005050
frame-000117.color.jpg 0.261688 0.800459 -0.503577 0.192858 1.027947 0.896914 1.051976 0.093937 0.001073
frame-000118.color.jpg 0.265575 0.799653 -0.502152 0.194595 1.055857 0.916372 1.040741 0.143976 0.004544
frame-000119.color.jpg 0.266323 0.800087 -0.501258 0.194097 1.063204 0.922542 1.034276 0.163273 0.003626
frame-000120.color.jpg 0.269286 0.802870 -0.495629 0.192969 1.077560 0.944716 1.014088 0.151312 0.002969
frame-000121.color.jpg 0.262729 0.816797 -0.478778 0.185977 1.099470 1.019200 0.968471 0.186136 0.003285
frame-000122.color.jpg 0.266022 0.820194 -0.472012 0.183627 1.107783 1.051102 0.934876 0.103458 0.002472
frame-000123.color.jpg 0.267319 0.824311 -0.463867 0.184066 1.105259 1.122472 0.886368 0.167216 0.002857
frame-000124.color.jpg 0.267328 0.825047 -0.462286 0.184730 1.103414 1.135124 0.880032 0.125186 0.002618
frame-000125.color.jpg 0.271026 0.832825 -0.447078 0.181847 1.104610 1.215012 0.806209 0.183162 0.004589
frame-000126.color.jpg 0.275015 0.835075 -0.442200 0.177413 1.125304 1.245102 0.771085 0.213508 0.006211
frame-000127.color.jpg 0.277149 0.837531 -0.437578 0.173940 1.132927 1.261520 0.748855 0.138869 0.004141
frame-000128.color.jpg 0.273263 0.839875 -0.434771 0.175819 1.129444 1.278372 0.745315 0.169976 0.003259
frame-000129.color.jpg 0.268075 0.838507 -0.439015 0.179743 1.135620 1.282834 0.757695 0.157256 0.003449
frame-000130.color.jpg 0.260675 0.830193 -0.457125 0.184025 1.186471 1.270797 0.781329 0.129099 0.003851
frame-000131.color.jpg 0.259782 0.814295 -0.481945 0.192784 1.249391 1.236765 0.798737 0.050992 0.000603
frame-000132.color.jpg 0.252771 0.795121 -0.512335 0.203476 1.317844 1.198052 0.845724 0.131227 0.002852
frame-000133.color.jpg 0.249606 0.782438 -0.528025 0.216047 1.353656 1.180456 0.875194 0.063630 0.002381
frame-000134.color.jpg 0.246356 0.773112 -0.540920 0.221388 1.386633 1.157348 0.896802 0.033995 0.001351
frame-000135.color.jpg 0.236265 0.754582 -0.566263 0.232663 1.422902 1.104212 0.955713 0.037424 0.000912
frame-000136.color.jpg 0.230270 0.738642 -0.584800 0.243707 1.433666 1.072459 0.998184 0.084310 0.001497
frame-000137.color.jpg 0.228376 0.728733 -0.593920 0.253085 1.433820 1.065810 1.015708 0.092350 0.001883
frame-000138.color.jpg 0.225274 0.722971 -0.599514 0.259130 1.426382 1.069005 1.031383 0.062960 0.000964
frame-000139.color.jpg 0.226155 0.717227 -0.603234 0.265610 1.427243 1.083815 1.026493 0.136626 0.003164
frame-000140.color.jpg 0.232005 0.714627 -0.603629 0.266672 1.432764 1.106730 0.995061 0.033125 0.001258
frame-000141.color.jpg 0.237098 0.713238 -0.602714 0.267979 1.440502 1.139379 0.960838 0.143671 0.003925
frame-000142.color.jpg 0.241927 0.715908 -0.598613 0.265723 1.434046 1.172482 0.917798 0.145357 0.003121
frame-000143.color.jpg 0.241470 0.716231 -0.596847 0.269219 1.426074 1.206028 0.901716 0.184136 0.004630
frame-000144.color.jpg 0.246242 0.720660 -0.587150 0.274351 1.395982 1.271598 0.844023 0.072426 0.001885
frame-000145.color.jpg 0.255366 0.724906 -0.575452 0.279561 1.372856 1.335588 0.770694 0.099859 0.002210
frame-000146.color.jpg 0.256176 0.726910 -0.572658 0.279356 1.364758 1.348058 0.758676 0.177358 0.003516
frame-000147.color.jpg 0.253579 0.736419 -0.562959 0.276515 1.340109 1.404910 0.729215 0.263941 0.005523
frame-000148.color.jpg 0.255266 0.735792 -0.560257 0.282068 1.344631 1.445236 0.701586 0.152919 0.003052
frame-000149.color.jpg 0.256695 0.734928 -0.560163 0.283206 1.345652 1.445230 0.694424 0.271211 0.005222
frame-000150.color.jpg 0.261384 0.725318 -0.566251 0.291465 1.392744 1.454823 0.686624 0.139036 0.002789
frame-000151.color.jpg 0.270376 0.718733 -0.567388 0.297306 1.434775 1.466799 0.660221 0.149331 0.003722
frame-000152.color.jpg 0.274683 0.720892 -0.561806 0.298728 1.448349 1.493676 0.638659 0.097138 0.002432
frame-000153.color.jpg 0.278830 0.724790 -0.553505 0.300942 1.454111 1.529241 0.613583 0.369075 0.008567
frame-000154.color.jpg 0.284130 0.728418 -0.546132 0.300694 1.450313 1.554455 0.584797 0.136682 0.003037
frame-000155.color.jpg 0.286747 0.731550 -0.539906 0.301848 1.448551 1.580230 0.569701 0.168964 0.004680
frame-000156.color.jpg 0.288031 0.732355 -0.537825 0.302387 1.445432 1.584933 0.563207 0.120358 0.002169
frame-000157.color.jpg 0.289810 0.734860 -0.532382 0.304236 1.446415 1.605489 0.550430 0.212387 0.005072
frame-000158.color.jpg 0.291358 0.737418 -0.528236 0.303796 1.449537 1.621994 0.540739 0.373962 0.009536
frame-000159.color.jpg 0.296441 0.741576 -0.521277 0.300760 1.451586 1.639074 0.513373 0.195017 0.005152
frame-000160.color.jpg 0.302264 0.745134 -0.513207 0.300050 1.454145 1.658486 0.479622 0.217262 0.004276
frame-000161.color.jpg 0.306715 0.748205 -0.508279 0.296255 1.458530 1.672723 0.455710 0.072681 0.002307
frame-000162.color.jpg 0.314642 0.750703 -0.500799 0.294355 1.463022 1.690012 0.414000 0.067614 0.002568
frame-000163.color.jpg 0.325514 0.752096 -0.491770 0.294201 1.474988 1.715916 0.359173 0.243975 0.006812
frame-000164.color.jpg 0.331867 0.753377 -0.484675 0.295597 1.469004 1.730756 0.322595 0.091303 0.000978
frame-000165.color.jpg 0.334228 0.754454 -0.481279 0.295738 1.469858 1.747102 0.311006 0.295023 0.008865
frame-000166.color.jpg 0.342913 0.755438 -0.473436 0.295943 1.468999 1.763340 0.259147 0.131076 0.004042
frame-000167.color.jpg 0.350750 0.756712 -0.464393 0.297829 1.464695 1.782809 0.211568 0.092405 0.001783
frame-000168.color.jpg 0.357687 0.761219 -0.453745 0.294486 1.459756 1.808328 0.161340 0.079151 0.003788
frame-000169.color.jpg 0.358879 0.763730 -0.447734 0.295730 1.447018 1.826299 0.145816 0.163281 0.005469
frame-000170.color.jpg 0.362500 0.766793 -0.439483 0.295763 1.434884 1.846610 0.115953 0.194295 0.006141
frame-000171.color.jpg 0.363982 0.770273 -0.434544 0.292177 1.426659 1.861664 0.102332 0.145192 0.003857
frame-000172.color.jpg 0.366670 0.774615 -0.426510 0.289160 1.413928 1.879800 0.073275 0.105184 0.003100
frame-000173.color.jpg 0.369468 0.780246 -0.417200 0.283995 1.400905 1.900594 0.045773 0.089700 0.002467
frame-000174.color.jpg 0.370117 0.787898 -0.407678 0.275733 1.382382 1.922362 0.025230 0.341809 0.008758
frame-000175.color.jpg 0.375903 0.790892 -0.400306 0.270077 1.376775 1.921290 -0.016385 0.232972 0.006003
frame-000176.color.jpg 0.376471 0.797092 -0.392823 0.261925 1.366093 1.936463 -0.029932 0.112564 0.002724
frame-000177.color.jpg 0.378980 0.801739 -0.386639 0.253177 1.363662 1.942294 -0.051961 0.169084 0.004065
frame-000178.color.jpg 0.380276 0.807326 -0.380297 0.242875 1.355029 1.948551 -0.066335 0.199439 0.005713
frame-000179.color.jpg 0.378694 0.811893 -0.375956 0.236809 1.344680 1.956511 -0.067442 0.280949 0.007226
frame-000180.color.jpg 0.370217 0.820310 -0.370085 0.230364 1.322009 1.968476 -0.040220 0.233322 0.005824
frame-000181.color.jpg 0.365919 0.824281 -0.366862 0.228202 1.307027 1.974084 -0.028868 0.224739 0.006019
frame-000182.color.jpg 0.359297 0.830542 -0.361858 0.223974 1.283240 1.986854 -0.008270 0.255337 0.006752
frame-000183.color.jpg 0.355843 0.834319 -0.358156 0.221388 1.270415 1.991206 0.000829 0.234059 0.006451
frame-000184.color.jpg 0.355758 0.835719 -0.355995 0.219722 1.261186 1.991237 -0.002510 0.064088 0.001854
frame-000185.color.jpg 0.352630 0.841183 -0.349773 0.213827 1.239831 1.999599 0.000752 0.037315 0.001835
frame-000186.color.jpg 0.347324 0.845692 -0.346045 0.210769 1.230935 2.008909 0.022769 0.374496 0.010557
frame-000187.color.jpg 0.343042 0.851139 -0.340050 0.205549 1.199840 2.014746 0.032244 0.236533 0.006037
frame-000188.color.jpg 0.338706 0.853939 -0.337231 0.205772 1.176291 2.015864 0.051849 0.240854 0.006688
frame-000189.color.jpg 0.324914 0.858510 -0.338513 0.206880 1.141845 2.010887 0.120337 0.207270 0.006281
frame-000190.color.jpg 0.328040 0.856983 -0.340020 0.205806 1.140272 1.991448 0.114644 0.056203 0.003610
frame-000191.color.jpg 0.326783 0.857887 -0.337634 0.207957 1.109779 1.978816 0.129685 0.129111 0.004510
frame-000192.color.jpg 0.322921 0.859721 -0.336381 0.208446 1.085849 1.974960 0.153691 0.115359 0.003150
frame-000193.color.jpg 0.327502 0.858474 -0.335305 0.208173 1.076296 1.957108 0.148518 0.162300 0.004781
frame-000194.color.jpg 0.327427 0.858755 -0.334384 0.208614 1.067222 1.953504 0.150634 0.197643 0.006585
frame-000195.color.jpg 0.329810 0.859126 -0.330487 0.209540 1.030612 1.931831 0.165083 0.256277 0.007924
frame-000196.color.jpg 0.327485 0.857859 -0.335908 0.209754 1.024180 1.896011 0.210399 0.218472 0.008540
frame-000197.color.jpg 0.326361 0.857083 -0.338887 0.209886 1.029533 1.889169 0.222045 0.237325 0.009189
frame-000198.color.jpg 0.324544 0.850893 -0.352688 0.215089 1.065588 1.858743 0.255006 0.412736 0.013158
frame-000199.color.jpg 0.327651 0.845073 -0.362874 0.216378 1.098987 1.837262 0.269456 0.127321 0.006972
frame-000200.color.jpg 0.328844 0.834755 -0.381422 0.222626 1.166874 1.795665 0.310496 0.181746 0.006980
frame-000201.color.jpg 0.329622 0.826950 -0.396485 0.224283 1.231587 1.759504 0.351958 0.328032 0.010467
frame-000202.color.jpg 0.334777 0.817889 -0.409950 0.225661 1.288206 1.711695 0.372931 0.205354 0.005449
frame-000203.color.jpg 0.332005 0.814471 -0.418742 0.225976 1.318876 1.668890 0.419976 0.236735 0.006570
frame-000204.color.jpg 0.330078 0.808891 -0.428108 0.231233 1.344226 1.626483 0.465930 0.105316 0.002299
frame-000205.color.jpg 0.325561 0.806852 -0.434704 0.232448 1.361542 1.593320 0.517073 0.143736 0.003898
frame-000206.color.jpg 0.315546 0.804186 -0.444335 0.237240 1.368086 1.539226 0.600466 0.088929 0.002371
frame-000207.color.jpg 0.320152 0.800782 -0.446394 0.238711 1.368773 1.511760 0.614214 0.110590 0.003304
frame-000208.color.jpg 0.317808 0.802550 -0.444647 0.239168 1.354251 1.497781 0.630745 0.079642 0.001528
frame-000209.color.jpg 0.313996 0.806148 -0.442457 0.236144 1.337300 1.485133 0.651216 0.081520 0.001962
frame-000210.color.jpg 0.311153 0.810370 -0.438897 0.232065 1.319179 1.468329 0.670160 0.137264 0.003241
frame-000211.color.jpg 0.312817 0.812734 -0.435066 0.228749 1.306618 1.463151 0.672017 0.053864 0.001005
frame-000212.color.jpg 0.311829 0.816351 -0.430388 0.226051 1.282793 1.450658 0.691700 0.041520 0.000440
frame-000213.color.jpg 0.318975 0.817183 -0.426336 0.220688 1.298062 1.440358 0.673704 0.080575 0.003750
frame-000214.color.jpg 0.325303 0.826005 -0.412761 0.203770 1.302577 1.442688 0.640146 0.078974 0.001366
frame-000215.color.jpg 0.325704 0.827560 -0.410129 0.202127 1.300064 1.444275 0.638999 0.130293 0.002480
frame-000216.color.jpg 0.325858 0.831559 -0.403489 0.198805 1.300734 1.433889 0.638598 0.201436 0.003031
frame-000217.color.jpg 0.326461 0.836170 -0.398165 0.188965 1.312889 1.434585 0.632782 0.102387 0.005069
frame-000218.color.jpg 0.328706 0.842922 -0.385666 0.180819 1.310790 1.449225 0.615056 0.054413 0.002343
frame-000219.color.jpg 0.333497 0.848038 -0.373853 0.172760 1.316063 1.462535 0.591234 0.099087 0.002935
frame-000220.color.jpg 0.335051 0.850183 -0.367998 0.171776 1.315039 1.470045 0.585778 0.051575 0.001522
frame-000221.color.jpg 0.334036 0.850652 -0.367396 0.172720 1.322248 1.469966 0.594959 0.086166 0.002354
frame-000222.color.jpg 0.331021 0.849725 -0.371466 0.174372 1.346484 1.452215 0.618889 0.050492 0.001680
frame-000223.color.jpg 0.330623 0.850099 -0.371453 0.173330 1.367649 1.447126 0.626771 0.152228 0.003459
frame-000224.color.jpg 0.328444 0.851069 -0.370822 0.174060 1.374725 1.441894 0.639666 0.071632 0.001055
frame-000225.color.jpg 0.321881 0.853176 -0.372003 0.173483 1.388388 1.425373 0.670055 0.028469 0.001674
frame-000226.color.jpg 0.313494 0.854922 -0.374821 0.174183 1.395184 1.404305 0.708398 0.109894 0.002205
frame-000227.color.jpg 0.298746 0.855705 -0.383568 0.177186 1.400938 1.360026 0.777022 0.094940 0.002059
frame-000228.color.jpg 0.290713 0.855336 -0.389456 0.179470 1.401966 1.333356 0.814793 0.076522 0.002030
frame-000229.color.jpg 0.283364 0.852219 -0.399803 0.183260 1.408866 1.294031 0.858035 0.071510 0.001767
frame-000230.color.jpg 0.270527 0.840156 -0.429492 0.191022 1.428181 1.191992 0.949183 0.184030 0.004671
frame-000231.color.jpg 0.268459 0.834330 -0.440746 0.193821 1.437135 1.156052 0.974817 0.124497 0.002739
frame-000232.color.jpg 0.262443 0.827059 -0.455519 0.198998 1.437932 1.108065 1.017886 0.153846 0.004952
frame-000233.color.jpg 0.261666 0.824655 -0.459578 0.200658 1.438932 1.095173 1.028102 0.118102 0.004085
frame-000234.color.jpg 0.257849 0.817798 -0.472303 0.204083 1.443276 1.052337 1.062448 0.108667 0.002856
frame-000235.color.jpg 0.252863 0.809060 -0.488236 0.207621 1.447220 0.994088 1.101695 0.061271 0.002634
frame-000236.color.jpg 0.248728 0.800378 -0.504723 0.206841 1.454158 0.933313 1.133617 0.123757 0.004438
frame-000237.color.jpg 0.248097 0.791066 -0.518946 0.208227 1.453580 0.885412 1.158905 0.204104 0.004614
frame-000238.color.jpg 0.246164 0.783620 -0.529547 0.211949 1.442757 0.853468 1.185069 0.245149 0.004448
frame-000239.color.jpg 0.242919 0.766573 -0.553088 0.217831 1.408864 0.774354 1.232347 0.060630 0.003098
frame-000240.color.jpg 0.240565 0.760662 -0.561683 0.219166 1.389727 0.741643 1.250762 0.159895 0.005203
frame-000241.color.jpg 0.238068 0.759427 -0.564336 0.219359 1.381422 0.730788 1.263647 0.075116 0.001675
frame-000242.color.jpg 0.232978 0.750471 -0.576178 0.224797 1.349255 0.697136 1.297151 0.221294 0.005186
frame-000243.color.jpg 0.234609 0.743540 -0.583593 0.226995 1.326300 0.675226 1.308246 0.149506 0.003297
frame-000244.color.jpg 0.238450 0.736255 -0.589134 0.232360 1.304578 0.672681 1.320986 0.142261 0.001874
frame-000245.color.jpg 0.241283 0.730306 -0.593419 0.237254 1.279344 0.668456 1.329830 0.183098 0.002797
frame-000246.color.jpg 0.234894 0.719960 -0.605370 0.244969 1.223560 0.635603 1.368974 0.064640 0.000579
frame-000247.color.jpg 0.234442 0.713777 -0.611834 0.247423 1.201332 0.622247 1.382985 0.143388 0.004342
frame-000248.color.jpg 0.233711 0.706557 -0.618575 0.252034 1.173486 0.613532 1.397312 0.204252 0.006876
frame-000249.color.jpg 0.230463 0.702528 -0.622094 0.257566 1.142354 0.609720 1.409720 0.195910 0.005168
frame-000250.color.jpg 0.226875 0.695379 -0.627383 0.267145 1.107295 0.611102 1.428726 0.095511 0.002458
frame-000251.color.jpg 0.228183 0.690326 -0.629621 0.273788 1.091154 0.618784 1.431515 0.123909 0.003149
frame-000252.color.jpg 0.227711 0.688366 -0.630355 0.277404 1.084649 0.626895 1.438927 0.160640 0.001459
frame-000253.color.jpg 0.229831 0.686580 -0.630492 0.279760 1.084058 0.633690 1.438620 0.091149 0.002601
frame-000254.color.jpg 0.231529 0.686596 -0.629421 0.280730 1.087439 0.641672 1.433650 0.110649 0.002779
frame-000255.color.jpg 0.236139 0.687859 -0.625543 0.282462 1.098872 0.660941 1.421537 0.127541 0.002641
frame-000256.color.jpg 0.237556 0.687726 -0.624875 0.283073 1.102892 0.665707 1.419291 0.129258 0.003088
frame-000257.color.jpg 0.244455 0.690603 -0.619289 0.282473 1.121534 0.692144 1.405331 0.101085 0.003519
frame-000258.color.jpg 0.252945 0.701873 -0.603495 0.281402 1.153266 0.742199 1.373080 0.111606 0.003085
frame-000259.color.jpg 0.261538 0.716609 -0.584015 0.277480 1.184273 0.804756 1.331722 0.278047 0.007247
frame-000260.color.jpg 0.267503 0.725080 -0.571574 0.275688 1.203465 0.844555 1.304108 0.254225 0.005654
frame-000261.color.jpg 0.276231 0.736069 -0.554396 0.273026 1.227771 0.890966 1.263939 0.131417 0.003139
frame-000262.color.jpg 0.282563 0.748550 -0.537221 0.266881 1.254246 0.935481 1.226703 0.162820 0.005201
frame-000263.color.jpg 0.290617 0.760117 -0.519553 0.260438 1.281524 0.978661 1.181358 0.131510 0.002761
frame-000264.color.jpg 0.294541 0.767246 -0.508432 0.257053 1.289754 1.005794 1.155501 0.131714 0.003365
frame-000265.color.jpg 0.297141 0.773275 -0.499138 0.254195 1.299570 1.029754 1.136938 0.077366 0.001913
frame-000266.color.jpg 0.299224 0.781653 -0.485608 0.252326 1.297031 1.061902 1.111613 0.063757 0.001996
frame-000267.color.jpg 0.303233 0.790314 -0.470730 0.248731 1.299644 1.097901 1.080378 0.126224 0.003109
frame-000268.color.jpg 0.304907 0.798131 -0.458324 0.244863 1.304996 1.129654 1.060128 0.100715 0.000916
frame-000269.color.jpg 0.308786 0.803996 -0.447373 0.241038 1.310236 1.154891 1.032457 0.075758 0.001023
frame-000270.color.jpg 0.313883 0.811819 -0.432772 0.234808 1.321460 1.187104 0.995539 0.093049 0.001949
frame-000271.color.jpg 0.317297 0.819963 -0.419057 0.226661 1.331444 1.214199 0.960515 0.090910 0.000667
frame-000272.color.jpg 0.321355 0.828590 -0.403390 0.217823 1.339158 1.244636 0.918473 0.123856 0.002347
frame-000273.color.jpg 0.321749 0.833029 -0.395646 0.214487 1.339845 1.262696 0.903750 0.106928 0.001387
frame-000274.color.jpg 0.322950 0.837219 -0.387442 0.211318 1.342008 1.282603 0.884650 0.122647 0.001275
frame-000275.color.jpg 0.322265 0.842521 -0.378578 0.207321 1.338541 1.298603 0.867791 0.089579 0.002941
frame-000276.color.jpg 0.315525 0.848889 -0.371042 0.205328 1.331830 1.311295 0.870409 0.053736 0.001630
frame-000277.color.jpg 0.309878 0.855964 -0.362043 0.200566 1.328622 1.327472 0.862387 0.024599 0.000473
frame-000278.color.jpg 0.299024 0.864463 -0.352755 0.197109 1.316323 1.344589 0.869455 0.097842 0.001250
frame-000279.color.jpg 0.296647 0.865973 -0.350657 0.197815 1.312584 1.350244 0.872639 0.086144 0.001364
frame-000280.color.jpg 0.292742 0.870480 -0.344967 0.193814 1.316957 1.366987 0.866249 0.095347 0.001126
frame-000281.color.jpg 0.290045 0.875145 -0.336773 0.191256 1.318051 1.396897 0.847545 0.095854 0.001958
frame-000282.color.jpg 0.288962 0.878054 -0.331606 0.188571 1.325610 1.418527 0.833277 0.158823 0.003495
frame-000283.color.jpg 0.306791 0.867102 -0.350267 0.176992 1.472570 1.472159 0.712194 0.051574 0.001140
frame-000284.color.jpg 0.306425 0.867059 -0.350445 0.177485 1.469742 1.472049 0.715050 0.051274 0.001210
frame-000285.color.jpg 0.308212 0.865509 -0.351278 0.180288 1.468424 1.470495 0.715880 0.080440 0.001309
frame-000286.color.jpg 0.309194 0.866011 -0.349706 0.179246 1.462712 1.472560 0.709494 0.034720 0.001172
frame-000287.color.jpg 0.311648 0.865643 -0.348655 0.178825 1.462814 1.477301 0.701683 0.036947 0.000798
frame-000288.color.jpg 0.309268 0.867432 -0.345562 0.180285 1.446581 1.484989 0.708139 0.058534 0.001513
frame-000289.color.jpg 0.309723 0.867306 -0.345598 0.180040 1.447958 1.486756 0.705310 0.044498 0.001203
frame-000290.color.jpg 0.310172 0.868502 -0.342268 0.179860 1.443536 1.499158 0.699121 0.059649 0.001128
frame-000291.color.jpg 0.308404 0.872442 -0.336761 0.174136 1.440186 1.501876 0.690510 0.036972 0.001850
frame-000292.color.jpg 0.299199 0.878315 -0.332785 0.168215 1.434615 1.499437 0.706302 0.053712 0.002162
frame-000293.color.jpg 0.292823 0.884139 -0.326533 0.161025 1.431225 1.502302 0.710029 0.094294 0.003162
frame-000294.color.jpg 0.288964 0.888906 -0.320023 0.154699 1.429342 1.508668 0.703982 0.121172 0.003199
frame-000295.color.jpg 0.286542 0.892801 -0.313917 0.149186 1.424940 1.518754 0.700985 0.088475 0.003009
frame-000296.color.jpg 0.285866 0.896908 -0.304398 0.145526 1.413543 1.542395 0.685417 0.035530 0.000712
frame-000297.color.jpg 0.285493 0.900761 -0.295256 0.141233 1.400529 1.563686 0.670530 0.054175 0.002358
frame-000298.color.jpg 0.286621 0.903832 -0.286517 0.137273 1.391265 1.586196 0.651218 0.130818 0.001874
frame-000299.color.jpg 0.287281 0.905529 -0.281474 0.135124 1.385691 1.599345 0.639507 0.193697 0.003262
frame-000300.color.jpg 0.296280 0.905754 -0.273079 0.131361 1.381149 1.635910 0.585299 0.187371 0.003945
frame-000301.color.jpg 0.308562 0.903832 -0.265466 0.131931 1.370769 1.671030 0.526483 0.168846 0.002783
frame-000302.color.jpg 0.334872 0.901670 -0.241077 0.129360 1.323013 1.755115 0.382864 0.450982 0.010150
frame-000303.color.jpg 0.348624 0.900960 -0.226093 0.124959 1.297076 1.818788 0.304943 0.053927 0.001848
frame-000304.color.jpg 0.349769 0.901173 -0.223939 0.124098 1.291622 1.828122 0.295292 0.125983 0.003312
frame-000305.color.jpg 0.358961 0.899300 -0.217045 0.123685 1.277331 1.855064 0.246653 0.110981 0.001927
frame-000306.color.jpg 0.370545 0.896340 -0.210115 0.122976 1.261756 1.875733 0.186901 0.059744 0.001162
frame-000307.color.jpg 0.383017 0.893763 -0.199135 0.121783 1.235401 1.905541 0.119031 0.138747 0.002770
frame-000308.color.jpg 0.393632 0.891514 -0.189829 0.119251 1.215636 1.925514 0.062521 0.185998 0.004541
frame-000309.color.jpg 0.400636 0.891200 -0.178220 0.116152 1.182243 1.949488 0.017199 0.133592 0.003503
frame-000310.color.jpg 0.407095 0.891016 -0.164985 0.114650 1.140906 1.973699 -0.027777 0.123971 0.003599
frame-000311.color.jpg 0.414788 0.890573 -0.150565 0.110277 1.101040 1.992893 -0.081070 0.209880 0.005505
frame-000312.color.jpg 0.424604 0.892138 -0.120740 0.096035 1.007698 2.038298 -0.167471 0.173093 0.003599
frame-000313.color.jpg 0.431972 0.891689 -0.101823 0.089006 0.953518 2.051630 -0.225932 0.219717 0.006303
frame-000314.color.jpg 0.432891 0.893799 -0.084268 0.081405 0.900023 2.076010 -0.250375 0.125145 0.003212
frame-000315.color.jpg 0.437445 0.893455 -0.070538 0.073514 0.865922 2.085355 -0.287723 0.297245 0.007142
frame-000316.color.jpg 0.441264 0.893879 -0.050050 0.061333 0.800371 2.103534 -0.329007 0.101546 0.002444
frame-000317.color.jpg 0.437742 0.897162 -0.031974 0.049595 0.751170 2.119285 -0.335260 0.077502 0.002474
frame-000318.color.jpg 0.431884 0.900602 -0.018238 0.045374 0.710230 2.135730 -0.323166 0.164157 0.004153
frame-000319.color.jpg 0.426544 0.903483 -0.009381 0.041116 0.693504 2.146239 -0.306751 0.162365 0.003916
frame-000320.color.jpg 0.422812 0.905349 -0.005345 0.039294 0.688045 2.151294 -0.291963 0.284783 0.007037
frame-000321.color.jpg 0.415584 0.908661 0.001673 0.040283 0.658258 2.160904 -0.261968 0.461356 0.010401
frame-000322.color.jpg 0.406800 0.912415 0.005991 0.044464 0.641587 2.168166 -0.221163 0.371071 0.009120
frame-000323.color.jpg 0.387295 0.920673 0.007560 0.048035 0.627654 2.175472 -0.134626 0.318850 0.008302
frame-000324.color.jpg 0.370080 0.927209 0.008905 0.056969 0.605690 2.178580 -0.057207 0.320867 0.007845
frame-000325.color.jpg 0.361079 0.930416 0.009043 0.062182 0.598488 2.179950 -0.018355 0.181832 0.004862
frame-000326.color.jpg 0.351969 0.933704 0.009922 0.064932 0.596244 2.176829 0.016440 0.106769 0.003545
frame-000327.color.jpg 0.347254 0.935418 0.012139 0.065274 0.592330 2.180554 0.034267 0.181328 0.005008
frame-000328.color.jpg 0.340141 0.937982 0.016688 0.064921 0.580519 2.180902 0.059532 0.188424 0.005483
frame-000329.color.jpg 0.334119 0.940246 0.021315 0.062024 0.581917 2.181630 0.076767 0.173209 0.002972
frame-000330.color.jpg 0.324606 0.943364 0.029218 0.061989 0.570123 2.191936 0.108664 0.456913 0.009779
frame-000331.color.jpg 0.324159 0.943609 0.038889 0.054876 0.568400 2.194724 0.096606 0.546946 0.013967
frame-000332.color.jpg 0.323232 0.943860 0.059622 0.033069 0.547081 2.213456 0.068074 0.699826 0.016264
frame-000333.color.jpg 0.324243 0.942159 0.082258 0.020917 0.515339 2.231850 0.040032 0.223301 0.004319
frame-000334.color.jpg 0.323295 0.941176 0.097725 0.010819 0.492676 2.244022 0.028019 0.079512 0.001138
frame-000335.color.jpg 0.321107 0.940762 0.108516 0.009042 0.480409 2.255510 0.027319 0.108102 0.002798
frame-000336.color.jpg 0.321870 0.939654 0.115837 0.005649 0.470877 2.259976 0.014967 0.178879 0.004421
frame-000337.color.jpg 0.318352 0.939598 0.125691 0.003052 0.452829 2.269171 0.021580 0.067343 0.003832
frame-000338.color.jpg 0.318656 0.938069 0.135955 -0.000813 0.432181 2.274522 0.011179 0.397565 0.008089
frame-000339.color.jpg 0.317122 0.935057 0.158114 -0.010144 0.384693 2.287486 -0.006289 0.341410 0.007098
frame-000340.color.jpg 0.313822 0.933917 0.170596 -0.014534 0.348507 2.302385 -0.006783 0.238526 0.006623
frame-000341.color.jpg 0.311991 0.932065 0.182979 -0.020851 0.307163 2.310821 -0.015918 0.374044 0.008905
frame-000342.color.jpg 0.311901 0.930763 0.189469 -0.022334 0.284790 2.316264 -0.020143 0.437878 0.009481
frame-000343.color.jpg 0.311002 0.923427 0.221586 -0.038200 0.164230 2.354774 -0.057269 0.137486 0.001379
frame-000344.color.jpg 0.309612 0.920717 0.233199 -0.045151 0.117227 2.364898 -0.067872 0.106564 0.002799
frame-000345.color.jpg 0.312646 0.906604 0.277070 -0.059613 -0.078338 2.389446 -0.122004 0.133801 0.002227
frame-000346.color.jpg 0.313798 0.903706 0.285169 -0.059373 -0.115647 2.391143 -0.132444 0.290932 0.005913
frame-000347.color.jpg 0.311323 0.900823 0.295990 -0.063140 -0.163872 2.403958 -0.135478 0.249061 0.005552
frame-000348.color.jpg 0.316706 0.896158 0.303226 -0.068200 -0.197500 2.408729 -0.175954 0.044261 0.002624
frame-000349.color.jpg 0.322665 0.893554 0.303834 -0.071652 -0.191464 2.423353 -0.219321 0.178799 0.003556
frame-000350.color.jpg 0.326974 0.894214 0.296482 -0.074614 -0.138860 2.442292 -0.253674 0.250614 0.005666
frame-000351.color.jpg 0.324562 0.897706 0.288328 -0.075171 -0.074903 2.464219 -0.252631 0.191481 0.004218
frame-000352.color.jpg 0.326256 0.899156 0.283916 -0.066841 -0.038236 2.480958 -0.260464 0.199389 0.004147
frame-000353.color.jpg 0.337931 0.896823 0.278024 -0.064919 0.024487 2.504758 -0.321324 0.165161 0.004072
frame-000354.color.jpg 0.345347 0.893821 0.278342 -0.065911 0.035902 2.512317 -0.361437 0.082351 0.002875
frame-000355.color.jpg 0.350086 0.891684 0.279361 -0.065547 0.041688 2.523918 -0.389137 0.175789 0.004096
frame-000356.color.jpg 0.357834 0.889097 0.277788 -0.065535 0.064513 2.524792 -0.430082 0.064681 0.002407
frame-000357.color.jpg 0.365697 0.885681 0.278097 -0.067055 0.074970 2.528614 -0.476997 0.118920 0.003137
frame-000358.color.jpg 0.369160 0.884499 0.277050 -0.068017 0.090420 2.528321 -0.498831 0.203959 0.003713
frame-000359.color.jpg 0.372064 0.884154 0.274268 -0.067957 0.112120 2.530333 -0.516437 0.210423 0.005276
frame-000360.color.jpg 0.380791 0.881588 0.271423 -0.064276 0.125146 2.528120 -0.558709 0.140217 0.003715
frame-000361.color.jpg 0.389663 0.878465 0.270098 -0.059229 0.122200 2.524683 -0.598576 0.251221 0.005417
frame-000362.color.jpg 0.393590 0.877466 0.268225 -0.056528 0.120332 2.534697 -0.621498 0.158645 0.003266
frame-000363.color.jpg 0.404172 0.871191 0.273302 -0.054569 0.076604 2.532845 -0.683140 0.244226 0.004891
frame-000364.color.jpg 0.412970 0.867495 0.272794 -0.049910 0.064116 2.530676 -0.728688 0.285358 0.005579
frame-000365.color.jpg 0.416027 0.865126 0.275584 -0.050318 0.039867 2.535863 -0.757598 0.288832 0.005219
frame-000366.color.jpg 0.418113 0.863177 0.278264 -0.051735 0.020338 2.536572 -0.777498 0.272369 0.004989
frame-000367.color.jpg 0.419847 0.859690 0.285808 -0.054555 -0.018667 2.544271 -0.803115 0.250898 0.004433
frame-000368.color.jpg 0.423691 0.853775 0.295953 -0.062968 -0.066418 2.545384 -0.844073 0.290468 0.005088
frame-000369.color.jpg 0.425136 0.846646 0.311511 -0.073554 -0.139464 2.539577 -0.868572 0.341125 0.008342
frame-000370.color.jpg 0.422635 0.841022 0.328471 -0.078541 -0.227644 2.527677 -0.866757 0.339002 0.007670
frame-000371.color.jpg 0.416730 0.835043 0.349186 -0.084307 -0.334491 2.518585 -0.847147 0.135097 0.004122
frame-000372.color.jpg 0.412444 0.829200 0.366378 -0.089915 -0.420015 2.506130 -0.831090 0.177769 0.004142
frame-000373.color.jpg 0.407560 0.822995 0.384641 -0.092870 -0.509765 2.489365 -0.801234 0.148124 0.005151
frame-000374.color.jpg 0.400068 0.822574 0.393195 -0.093352 -0.550726 2.489250 -0.761016 0.068845 0.003506
frame-000375.color.jpg 0.392285 0.823896 0.398481 -0.092302 -0.573509 2.492315 -0.715533 0.165683 0.005973
frame-000376.color.jpg 0.388023 0.825248 0.400601 -0.089012 -0.584129 2.492088 -0.690432 0.092379 0.003898
frame-000377.color.jpg 0.384075 0.826112 0.403500 -0.084928 -0.602078 2.488758 -0.663279 0.222579 0.006282
frame-000378.color.jpg 0.381962 0.826508 0.404636 -0.085199 -0.603244 2.488921 -0.651821 0.130065 0.004497
frame-000379.color.jpg 0.381600 0.824240 0.408809 -0.088794 -0.619746 2.481075 -0.650426 0.135291 0.004118
frame-000380.color.jpg 0.381960 0.821197 0.413189 -0.094961 -0.637134 2.474739 -0.654612 0.076134 0.003272
frame-000381.color.jpg 0.384321 0.817908 0.415744 -0.102375 -0.643961 2.466662 -0.670934 0.085820 0.004201
frame-000382.color.jpg 0.385773 0.812647 0.422378 -0.111267 -0.676801 2.451521 -0.682634 0.162575 0.004009
frame-000383.color.jpg 0.388597 0.805600 0.430713 -0.120364 -0.713873 2.430369 -0.700853 0.100274 0.003200
frame-000384.color.jpg 0.389406 0.802198 0.434740 -0.125868 -0.734146 2.420473 -0.707557 0.069263 0.003236
frame-000385.color.jpg 0.389347 0.794761 0.446329 -0.132496 -0.791662 2.398045 -0.706140 0.137267 0.002976
frame-000386.color.jpg 0.389839 0.788877 0.454750 -0.137481 -0.834280 2.378496 -0.709330 0.257505 0.005236
frame-000387.color.jpg 0.393864 0.783103 0.459356 -0.143574 -0.861674 2.361712 -0.733451 0.281593 0.005010
frame-000388.color.jpg 0.396959 0.780711 0.459724 -0.146860 -0.867995 2.352850 -0.751361 0.379375 0.006519
frame-000389.color.jpg 0.398140 0.778771 0.460995 -0.149949 -0.878780 2.350621 -0.760037 0.347395 0.006008
frame-000390.color.jpg 0.399642 0.775155 0.464410 -0.154089 -0.903519 2.344661 -0.773009 0.312804 0.005658
frame-000391.color.jpg 0.401537 0.771170 0.467820 -0.158773 -0.927814 2.334890 -0.788206 0.277303 0.003562
frame-000392.color.jpg 0.403706 0.767105 0.472351 -0.159551 -0.959965 2.328617 -0.802203 0.286532 0.004078
frame-000393.color.jpg 0.405071 0.764641 0.477251 -0.153211 -0.988041 2.329973 -0.809495 0.156761 0.002720
frame-000394.color.jpg 0.408908 0.767503 0.469172 -0.153656 -0.936437 2.350659 -0.841784 0.276370 0.005477
frame-000395.color.jpg 0.408404 0.775398 0.456163 -0.154528 -0.837047 2.392854 -0.854052 0.274857 0.004861
frame-000396.color.jpg 0.409388 0.780067 0.445391 -0.159759 -0.751646 2.423198 -0.875717 0.241470 0.004585
frame-000397.color.jpg 0.409970 0.780977 0.442897 -0.160756 -0.732714 2.426062 -0.884607 0.347887 0.006117
frame-000398.color.jpg 0.415735 0.785610 0.428209 -0.163150 -0.599415 2.457825 -0.932834 0.267024 0.004319
frame-000399.color.jpg 0.420404 0.785069 0.423323 -0.166505 -0.557022 2.457067 -0.964791 0.361018 0.006843
frame-000400.color.jpg 0.424356 0.783848 0.421169 -0.167694 -0.532281 2.457051 -0.988165 0.311961 0.005628
frame-000401.color.jpg 0.424517 0.783799 0.420783 -0.168483 -0.522657 2.462884 -0.991895 0.274976 0.005216
frame-000402.color.jpg 0.423393 0.782831 0.423703 -0.168493 -0.532080 2.465434 -0.989071 0.207445 0.003747
frame-000403.color.jpg 0.420872 0.780997 0.428754 -0.170533 -0.556534 2.470173 -0.983927 0.259939 0.005234
frame-000404.color.jpg 0.419089 0.776008 0.435534 -0.180240 -0.597575 2.472271 -0.993836 0.299389 0.005770
frame-000405.color.jpg 0.417293 0.764286 0.452565 -0.192143 -0.698536 2.458119 -1.012342 0.246647 0.004359
frame-000406.color.jpg 0.417126 0.762598 0.455087 -0.193250 -0.712383 2.458540 -1.015343 0.220662 0.003708
frame-000407.color.jpg 0.413627 0.751338 0.472239 -0.203457 -0.824113 2.443281 -1.012724 0.237950 0.005311
frame-000408.color.jpg 0.410826 0.743320 0.484623 -0.209378 -0.907766 2.431949 -1.007246 0.154624 0.003844
frame-000409.color.jpg 0.409079 0.731943 0.500347 -0.215795 -1.013667 2.404362 -1.003379 0.143562 0.004300
frame-000410.color.jpg 0.408382 0.722714 0.512237 -0.220275 -1.094447 2.378337 -1.002812 0.068609 0.001773
frame-000411.color.jpg 0.407488 0.713662 0.524098 -0.223518 -1.167727 2.350872 -0.995583 0.051336 0.002438
frame-000412.color.jpg 0.405330 0.707802 0.531042 -0.229606 -1.205618 2.338198 -0.987980 0.149042 0.001514
frame-000413.color.jpg 0.409768 0.701608 0.533480 -0.235022 -1.217269 2.317006 -1.016037 0.258115 0.004183
frame-000414.color.jpg 0.412975 0.700509 0.533182 -0.233358 -1.209273 2.314322 -1.034778 0.191940 0.004000
frame-000415.color.jpg 0.411361 0.703977 0.531126 -0.230441 -1.173175 2.333889 -1.025960 0.189134 0.002703
frame-000416.color.jpg 0.411640 0.709029 0.525237 -0.227939 -1.113469 2.353211 -1.032697 0.374306 0.006072
frame-000417.color.jpg 0.410784 0.712792 0.521679 -0.225911 -1.069312 2.370364 -1.026550 0.413808 0.006857
frame-000418.color.jpg 0.413296 0.714701 0.517492 -0.224923 -1.021440 2.380996 -1.042068 0.391371 0.005535
frame-000419.color.jpg 0.419006 0.713570 0.514901 -0.223896 -0.988481 2.367793 -1.069410 0.612767 0.010097
frame-000420.color.jpg 0.419856 0.712720 0.515284 -0.224128 -0.974867 2.368675 -1.066507 0.419746 0.005506
frame-000421.color.jpg 0.421115 0.712522 0.514886 -0.223308 -0.954583 2.365634 -1.065866 0.454192 0.006294
frame-000422.color.jpg 0.418179 0.714064 0.514442 -0.224920 -0.934156 2.378341 -1.046282 0.193493 0.003343
frame-000423.color.jpg 0.421409 0.714396 0.512067 -0.223249 -0.902061 2.364315 -1.054820 0.557903 0.008292
frame-000424.color.jpg 0.417152 0.719324 0.509608 -0.221037 -0.860177 2.384392 -1.021447 0.244898 0.002953
frame-000425.color.jpg 0.413079 0.723175 0.508458 -0.218755 -0.834865 2.394011 -0.990915 0.189220 0.003579
frame-000426.color.jpg 0.409223 0.728680 0.505699 -0.214081 -0.795889 2.401852 -0.957392 0.230098 0.005793
frame-000427.color.jpg 0.404644 0.731694 0.505800 -0.212259 -0.775161 2.400841 -0.919755 0.269740 0.008619
frame-000428.color.jpg 0.402259 0.728997 0.510818 -0.214048 -0.795308 2.375556 -0.897300 0.523139 0.010259
frame-000429.color.jpg 0.396399 0.726026 0.521029 -0.210436 -0.850103 2.359099 -0.842476 0.476852 0.008442
frame-000430.color.jpg 0.392437 0.722417 0.528594 -0.211413 -0.891191 2.338168 -0.810987 0.570274 0.009903
frame-000431.color.jpg 0.387176 0.718953 0.537321 -0.210920 -0.940483 2.319920 -0.764739 0.370562 0.005579
frame-000432.color.jpg 0.380847 0.714135 0.547956 -0.211450 -1.000229 2.291939 -0.707139 0.162354 0.002336
frame-000433.color.jpg 0.378858 0.709993 0.553161 -0.215384 -1.032279 2.260519 -0.678919 0.222120 0.005500
frame-000434.color.jpg 0.375420 0.709008 0.555523 -0.218543 -1.047371 2.235834 -0.635995 0.228312 0.003329
frame-000435.color.jpg 0.371608 0.709410 0.558217 -0.216884 -1.061279 2.218337 -0.586707 0.086412 0.001285
frame-000436.color.jpg 0.371119 0.711470 0.556485 -0.215420 -1.048256 2.207222 -0.561927 0.181242 0.002986
frame-000437.color.jpg 0.370407 0.715260 0.555981 -0.205153 -1.039544 2.200808 -0.529704 0.160180 0.003952
frame-000438.color.jpg 0.376824 0.719511 0.547473 -0.201445 -0.984298 2.203850 -0.555456 0.174945 0.003178
frame-000439.color.jpg 0.378068 0.730643 0.532548 -0.199044 -0.872967 2.227606 -0.556255 0.266465 0.004354
frame-000440.color.jpg 0.368630 0.744757 0.519347 -0.199316 -0.746955 2.265848 -0.513964 0.309519 0.005514
frame-000441.color.jpg 0.368462 0.752580 0.508668 -0.197780 -0.657128 2.275739 -0.508812 0.326243 0.005715
frame-000442.color.jpg 0.361760 0.761788 0.498443 -0.200907 -0.545059 2.283090 -0.478636 0.500408 0.012098
frame-000443.color.jpg 0.356117 0.765674 0.499203 -0.194218 -0.489277 2.275376 -0.434858 0.203644 0.005119
frame-000444.color.jpg 0.351153 0.764274 0.505926 -0.191350 -0.482034 2.262340 -0.400679 0.110878 0.003854
frame-000445.color.jpg 0.349249 0.759843 0.513854 -0.191359 -0.505792 2.251883 -0.383985 0.297296 0.007252
frame-000446.color.jpg 0.348714 0.756239 0.518926 -0.192918 -0.518903 2.243267 -0.379644 0.315070 0.007914
frame-000447.color.jpg 0.348327 0.750366 0.526051 -0.197202 -0.539136 2.230821 -0.379810 0.302904 0.006594
frame-000448.color.jpg 0.349785 0.743419 0.530399 -0.208940 -0.546567 2.218883 -0.400691 0.317447 0.007498
frame-000449.color.jpg 0.352534 0.737315 0.534624 -0.215088 -0.564764 2.210629 -0.417069 0.379664 0.008992
frame-000450.color.jpg 0.355257 0.734125 0.536414 -0.217057 -0.572975 2.209282 -0.425963 0.445504 0.010042
frame-000451.color.jpg 0.362218 0.730590 0.535825 -0.218925 -0.570025 2.205446 -0.460685 0.256991 0.007461
frame-000452.color.jpg 0.366888 0.724919 0.536938 -0.227119 -0.577707 2.207951 -0.499261 0.342025 0.008268
frame-000453.color.jpg 0.370845 0.714202 0.546661 -0.231412 -0.631065 2.216688 -0.538307 0.140386 0.004329
frame-000454.color.jpg 0.364467 0.704019 0.559974 -0.240729 -0.696519 2.228448 -0.542838 0.160227 0.002230
frame-000455.color.jpg 0.365007 0.701278 0.562488 -0.242045 -0.715891 2.224461 -0.553324 0.271774 0.005987
frame-000456.color.jpg 0.366728 0.695748 0.566972 -0.244924 -0.753769 2.236769 -0.579644 0.228540 0.004542
frame-000457.color.jpg 0.371058 0.688808 0.571470 -0.247552 -0.802386 2.250175 -0.629189 0.216311 0.004753
frame-000458.color.jpg 0.373102 0.684694 0.572712 -0.252961 -0.820180 2.252874 -0.659457 0.224844 0.004668
frame-000459.color.jpg 0.375799 0.681555 0.574113 -0.254270 -0.840623 2.262974 -0.690515 0.250599 0.005248
frame-000460.color.jpg 0.378295 0.685621 0.567211 -0.255123 -0.805506 2.284855 -0.721540 0.212880 0.004215
frame-000461.color.jpg 0.382838 0.697133 0.553783 -0.246505 -0.728131 2.322056 -0.758147 0.191005 0.005239
frame-000462.color.jpg 0.388762 0.713626 0.530067 -0.242137 -0.586817 2.370557 -0.811244 0.179486 0.006412
frame-000463.color.jpg 0.396278 0.729580 0.504848 -0.236231 -0.426098 2.413961 -0.862495 0.319894 0.008060
frame-000464.color.jpg 0.402853 0.740704 0.487315 -0.227136 -0.301275 2.444069 -0.894302 0.416660 0.010105
frame-000465.color.jpg 0.407467 0.745872 0.477210 -0.223419 -0.229339 2.452639 -0.917712 0.252219 0.006875
frame-000466.color.jpg 0.407249 0.747460 0.474821 -0.223597 -0.213779 2.458892 -0.918036 0.408235 0.010255
frame-000467.color.jpg 0.412848 0.751554 0.464490 -0.221295 -0.149705 2.461412 -0.948940 0.397504 0.009897
frame-000468.color.jpg 0.421016 0.763960 0.438949 -0.215485 0.011607 2.477301 -0.984260 0.422086 0.009361
frame-000469.color.jpg 0.424591 0.769726 0.427164 -0.211602 0.094356 2.485811 -0.997577 0.294258 0.005263
frame-000470.color.jpg 0.424424 0.771035 0.422058 -0.217341 0.135987 2.484873 -1.021108 0.562212 0.010858
frame-000471.color.jpg 0.426505 0.771705 0.419979 -0.214899 0.159017 2.483737 -1.025963 0.283892 0.001681
frame-000472.color.jpg 0.418459 0.769407 0.428855 -0.221332 0.130389 2.505759 -1.009855 0.787774 0.012934
frame-000473.color.jpg 0.420159 0.767880 0.429215 -0.222714 0.140525 2.498995 -1.026772 0.384483 0.007153
frame-000474.color.jpg 0.419590 0.763038 0.433706 -0.231551 0.115189 2.486325 -1.048766 0.692942 0.012830
frame-000475.color.jpg 0.418806 0.760865 0.436713 -0.234452 0.107153 2.485759 -1.053296 0.594517 0.012463
frame-000476.color.jpg 0.414786 0.756832 0.443929 -0.241009 0.064577 2.489603 -1.050968 1.330371 0.025809
frame-000477.color.jpg 0.413997 0.758504 0.441974 -0.240703 0.085822 2.493316 -1.044291 1.034973 0.022117
frame-000478.color.jpg 0.418016 0.755954 0.446499 -0.233313 0.089937 2.490844 -1.051610 0.239011 0.001717
frame-000479.color.jpg 0.410296 0.755984 0.452235 -0.235860 0.074182 2.504941 -1.023409 0.766552 0.014523
frame-000480.color.jpg 0.405818 0.753679 0.455130 -0.245227 0.061186 2.490232 -1.028726 1.649308 0.032112
frame-000481.color.jpg 0.404697 0.756613 0.455924 -0.236412 0.081237 2.513966 -1.003289 0.757624 0.014483
frame-000482.color.jpg 0.392776 0.750708 0.475168 -0.237444 -0.000707 2.535325 -0.951445 1.774083 0.032901
frame-000483.color.jpg 0.388856 0.748624 0.474583 -0.251244 -0.000181 2.500834 -0.968385 2.642114 0.050145
frame-000484.color.jpg 0.387878 0.748990 0.484053 -0.232933 -0.015920 2.533514 -0.928510 0.775440 0.014320
frame-000485.color.jpg 0.383437 0.750907 0.488590 -0.224486 -0.014877 2.550864 -0.883163 0.591551 0.008449
frame-000486.color.jpg 0.379789 0.753638 0.487285 -0.224373 0.002970 2.545442 -0.870512 0.344099 0.002213
frame-000487.color.jpg 0.379965 0.755257 0.485557 -0.222368 0.020877 2.547005 -0.865877 0.619472 0.009215
frame-000488.color.jpg 0.367809 0.759335 0.488615 -0.222221 -0.012455 2.545612 -0.794951 1.266726 0.025479
frame-000489.color.jpg 0.372348 0.765498 0.480726 -0.210413 0.049224 2.543559 -0.786266 0.316068 0.007451
frame-000490.color.jpg 0.370470 0.767491 0.477687 -0.213365 0.052623 2.518177 -0.779610 1.485234 0.028863
frame-000491.color.jpg 0.366769 0.767321 0.480480 -0.214101 0.030365 2.515417 -0.766160 2.255457 0.042112
frame-000492.color.jpg 0.363221 0.771711 0.477849 -0.210220 0.057047 2.517900 -0.740105 2.027313 0.037580
