data/frame-000000.color.jpg 0.456991 0.517474 0.588638 -0.420578 0.340093 2.476658 -1.570891 0.373431 0.011975
data/frame-000001.color.jpg 0.451844 0.513484 0.592847 -0.425092 0.300026 2.484136 -1.572791 0.306679 0.007474
data/frame-000002.color.jpg 0.453661 0.509623 0.588106 -0.434289 0.305488 2.442456 -1.622667 0.930818 0.019710
data/frame-000003.color.jpg 0.447547 0.504395 0.595405 -0.436783 0.254050 2.456272 -1.617970 0.776021 0.014800
data/frame-000004.color.jpg 0.446572 0.507704 0.595041 -0.434437 0.269805 2.473344 -1.601315 0.370567 0.008468
data/frame-000005.color.jpg 0.449304 0.508248 0.591906 -0.435267 0.284955 2.463355 -1.615816 0.410532 0.009940
data/frame-000006.color.jpg 0.451253 0.507224 0.591144 -0.435481 0.279997 2.460605 -1.626796 0.454263 0.010458
data/frame-000007.color.jpg 0.449833 0.509843 0.591471 -0.433442 0.290056 2.471483 -1.615859 0.547746 0.012669
data/frame-000008.color.jpg 0.450054 0.509103 0.592331 -0.432908 0.283678 2.474260 -1.615982 0.617547 0.013211
data/frame-000009.color.jpg 0.448849 0.510251 0.591767 -0.433578 0.291335 2.475028 -1.614216 0.661504 0.014179
data/frame-000010.color.jpg 0.447185 0.508482 0.592655 -0.436156 0.281828 2.472580 -1.623304 0.915239 0.017400
data/frame-000011.color.jpg 0.447417 0.509483 0.593821 -0.433153 0.284749 2.487646 -1.609622 0.668320 0.012984
data/frame-000012.color.jpg 0.448767 0.509929 0.593903 -0.431114 0.294525 2.491518 -1.605761 0.722540 0.013602
data/frame-000013.color.jpg 0.448964 0.511849 0.596741 -0.424667 0.297277 2.511194 -1.577472 0.859982 0.015879
data/frame-000014.color.jpg 0.447748 0.513438 0.597785 -0.422560 0.311234 2.515969 -1.564855 0.928111 0.016544
data/frame-000015.color.jpg 0.447360 0.511189 0.603131 -0.418077 0.290581 2.528224 -1.547708 0.849609 0.014533
data/frame-000016.color.jpg 0.444862 0.512511 0.606456 -0.414296 0.288123 2.542644 -1.522600 0.923538 0.015441
data/frame-000017.color.jpg 0.440652 0.510966 0.612593 -0.411666 0.265665 2.556341 -1.497729 0.673108 0.011317
data/frame-000018.color.jpg 0.439136 0.509274 0.618649 -0.406291 0.236939 2.567702 -1.469271 0.418601 0.007296
data/frame-000019.color.jpg 0.435408 0.506774 0.625607 -0.402760 0.196488 2.580432 -1.441214 0.510188 0.009007
data/frame-000020.color.jpg 0.434191 0.504420 0.630792 -0.398924 0.165552 2.583899 -1.415518 0.465390 0.007478
data/frame-000021.color.jpg 0.430441 0.502520 0.637474 -0.394742 0.130433 2.591630 -1.377694 0.363353 0.006152
data/frame-000022.color.jpg 0.424341 0.503694 0.641548 -0.393247 0.122106 2.599592 -1.342233 0.323747 0.005149
data/frame-000023.color.jpg 0.417750 0.502217 0.647583 -0.392300 0.093915 2.601310 -1.308252 0.198095 0.004410
data/frame-000024.color.jpg 0.410025 0.499355 0.654067 -0.393345 0.056305 2.606469 -1.281036 0.363952 0.006411
data/frame-000025.color.jpg 0.407695 0.494865 0.655206 -0.399499 0.036548 2.587554 -1.297892 0.444236 0.007787
data/frame-000026.color.jpg 0.414035 0.491971 0.656165 -0.394951 0.014479 2.567472 -1.295175 0.561524 0.007854
data/frame-000027.color.jpg 0.415089 0.494461 0.653352 -0.395399 0.037255 2.561377 -1.299377 0.533064 0.007411
data/frame-000028.color.jpg 0.422799 0.501014 0.645427 -0.391982 0.100599 2.550758 -1.305207 0.603302 0.009620
data/frame-000029.color.jpg 0.432510 0.511727 0.635701 -0.383347 0.190271 2.550092 -1.292357 1.140688 0.012821
data/frame-000030.color.jpg 0.434534 0.521609 0.626061 -0.383604 0.279892 2.541953 -1.290749 1.124142 0.014079
data/frame-000031.color.jpg 0.434102 0.538517 0.608487 -0.388970 0.460287 2.516266 -1.290539 1.052529 0.013217
data/frame-000032.color.jpg 0.432156 0.541757 0.605749 -0.390908 0.489452 2.510818 -1.289400 0.860563 0.011222
data/frame-000033.color.jpg 0.431564 0.551177 0.591107 -0.400685 0.618316 2.471598 -1.316038 0.679861 0.009339
data/frame-000034.color.jpg 0.437596 0.563777 0.572237 -0.403992 0.781226 2.427558 -1.323553 0.416534 0.006119
data/frame-000035.color.jpg 0.439432 0.569676 0.564957 -0.403969 0.851671 2.409724 -1.315979 0.235630 0.004369
data/frame-000036.color.jpg 0.437272 0.577621 0.562028 -0.399089 0.920906 2.412035 -1.275673 0.345717 0.004039
data/frame-000037.color.jpg 0.432304 0.580696 0.562964 -0.398720 0.952844 2.410337 -1.257928 0.157738 0.002805
data/frame-000038.color.jpg 0.424352 0.585475 0.563498 -0.399518 0.999348 2.411699 -1.235872 0.126963 0.001715
data/frame-000039.color.jpg 0.417949 0.587013 0.560369 -0.408314 1.052010 2.385312 -1.259063 0.186991 0.002577
data/frame-000040.color.jpg 0.416411 0.587914 0.558107 -0.411674 1.081504 2.369673 -1.270461 0.123646 0.001544
data/frame-000041.color.jpg 0.417535 0.586892 0.552962 -0.418875 1.117440 2.335418 -1.309944 0.208679 0.002765
data/frame-000042.color.jpg 0.420322 0.588326 0.548099 -0.420463 1.159570 2.310571 -1.327238 0.162768 0.002583
data/frame-000043.color.jpg 0.431330 0.588837 0.551903 -0.403273 1.152989 2.352191 -1.301268 0.182182 0.002872
data/frame-000044.color.jpg 0.443390 0.580612 0.550342 -0.404249 1.127297 2.336999 -1.362901 0.255090 0.004292
data/frame-000045.color.jpg 0.454204 0.575331 0.550186 -0.399985 1.109198 2.336483 -1.390387 0.335884 0.004963
data/frame-000046.color.jpg 0.460447 0.575446 0.551571 -0.390667 1.115273 2.355659 -1.377774 0.360225 0.005625
data/frame-000047.color.jpg 0.465420 0.579782 0.546307 -0.385729 1.164201 2.351216 -1.364787 0.361650 0.005500
data/frame-000048.color.jpg 0.469421 0.580666 0.542925 -0.384323 1.184339 2.341486 -1.365821 0.409043 0.005846
data/frame-000049.color.jpg 0.474896 0.594105 0.531138 -0.373371 1.288702 2.337376 -1.303147 0.420388 0.006366
data/frame-000050.color.jpg 0.479121 0.622871 0.508277 -0.352321 1.499306 2.320123 -1.143341 0.363357 0.004246
data/frame-000051.color.jpg 0.480783 0.638572 0.492267 -0.344596 1.626580 2.283355 -1.061251 0.316089 0.004616
data/frame-000052.color.jpg 0.484360 0.654845 0.474418 -0.333917 1.759097 2.238166 -0.956167 0.510201 0.005805
data/frame-000053.color.jpg 0.490139 0.667385 0.459282 -0.321593 1.853795 2.199799 -0.855740 0.475358 0.003564
data/frame-000054.color.jpg 0.490474 0.680513 0.449077 -0.307681 1.921629 2.181750 -0.741304 0.683477 0.005705
data/frame-000055.color.jpg 0.490269 0.688816 0.446588 -0.292795 1.946166 2.174111 -0.637962 0.609583 0.005673
data/frame-000056.color.jpg 0.482346 0.692567 0.449711 -0.292325 1.957709 2.167328 -0.608246 0.538502 0.005244
data/frame-000057.color.jpg 0.478375 0.690267 0.454815 -0.296365 1.948302 2.162427 -0.621776 0.599777 0.005326
data/frame-000058.color.jpg 0.472726 0.690754 0.461421 -0.294075 1.932543 2.175659 -0.599338 0.589407 0.005953
data/frame-000059.color.jpg 0.471035 0.689900 0.464553 -0.293862 1.922483 2.180489 -0.596095 0.476815 0.005601
data/frame-000060.color.jpg 0.470317 0.684551 0.473018 -0.294016 1.887240 2.188278 -0.604349 0.466087 0.005859
data/frame-000061.color.jpg 0.468409 0.684743 0.475360 -0.292835 1.878269 2.193806 -0.597507 0.388597 0.004509
data/frame-000062.color.jpg 0.465284 0.685954 0.480450 -0.286610 1.859308 2.211287 -0.565721 0.464818 0.006317
data/frame-000063.color.jpg 0.460505 0.685928 0.485436 -0.285989 1.840621 2.216804 -0.562132 0.338978 0.005461
data/frame-000064.color.jpg 0.447785 0.686967 0.494730 -0.287762 1.814576 2.224175 -0.561810 0.314461 0.005031
data/frame-000065.color.jpg 0.450029 0.683839 0.498527 -0.285145 1.781343 2.232940 -0.568671 0.352189 0.004739
data/frame-000066.color.jpg 0.448957 0.683328 0.501138 -0.283479 1.764912 2.242597 -0.563581 0.364665 0.006324
data/frame-000067.color.jpg 0.446650 0.678361 0.504467 -0.292991 1.748162 2.225341 -0.620157 0.219129 0.004040
data/frame-000068.color.jpg 0.442359 0.675339 0.515793 -0.286694 1.699965 2.260455 -0.599571 0.357582 0.005047
data/frame-000069.color.jpg 0.444213 0.678550 0.511140 -0.284572 1.739150 2.242292 -0.580402 0.340229 0.005190
data/frame-000070.color.jpg 0.445854 0.681429 0.507517 -0.281595 1.776027 2.231175 -0.558291 0.314292 0.004628
data/frame-000071.color.jpg 0.441774 0.692869 0.502378 -0.269045 1.870294 2.216551 -0.454492 0.402078 0.004531
data/frame-000072.color.jpg 0.440885 0.698247 0.497400 -0.265828 1.925004 2.200803 -0.415708 0.355294 0.006219
data/frame-000073.color.jpg 0.444016 0.700912 0.491713 -0.264178 1.990870 2.175783 -0.391611 0.168757 0.004641
data/frame-000074.color.jpg 0.444066 0.703628 0.489402 -0.261150 2.044597 2.167943 -0.356510 0.312567 0.008721
data/frame-000075.color.jpg 0.444296 0.703983 0.490252 -0.258188 2.067038 2.172267 -0.333601 0.437750 0.012095
data/frame-000076.color.jpg 0.445659 0.701746 0.492014 -0.258578 2.079290 2.171265 -0.337235 0.300050 0.009379
data/frame-000077.color.jpg 0.446404 0.701376 0.492567 -0.257242 2.092974 2.171374 -0.325556 0.385007 0.011388
data/frame-000078.color.jpg 0.446765 0.700073 0.494080 -0.257263 2.109870 2.169713 -0.320928 0.333426 0.008896
data/frame-000079.color.jpg 0.445674 0.694950 0.498292 -0.264811 2.126336 2.169617 -0.367695 0.408373 0.010727
data/frame-000080.color.jpg 0.440831 0.685730 0.515683 -0.263653 2.082469 2.246822 -0.409582 0.360393 0.008073
data/frame-000081.color.jpg 0.440790 0.683581 0.517429 -0.265873 2.082187 2.256310 -0.434013 0.292549 0.004504
data/frame-000082.color.jpg 0.441471 0.680791 0.517290 -0.272100 2.091238 2.257857 -0.485227 0.238020 0.001964
data/frame-000083.color.jpg 0.452442 0.673205 0.516329 -0.274764 2.083354 2.284818 -0.554870 0.528050 0.004606
data/frame-000084.color.jpg 0.465890 0.668306 0.511729 -0.272848 2.091766 2.303337 -0.595397 0.753685 0.007012
data/frame-000085.color.jpg 0.475169 0.660140 0.511170 -0.277733 2.086413 2.319146 -0.670481 0.785224 0.008748
data/frame-000086.color.jpg 0.486087 0.657213 0.504325 -0.278291 2.109121 2.314167 -0.696448 0.815181 0.010986
data/frame-000087.color.jpg 0.494539 0.653346 0.503504 -0.273959 2.103581 2.338624 -0.703166 0.837850 0.012820
data/frame-000088.color.jpg 0.505005 0.655114 0.501267 -0.254020 2.102809 2.397523 -0.609441 0.881535 0.013090
data/frame-000089.color.jpg 0.509172 0.659554 0.493445 -0.249486 2.154330 2.388919 -0.569113 0.709322 0.010687
data/frame-000090.color.jpg 0.512784 0.662504 0.487797 -0.245348 2.192778 2.386164 -0.534981 0.857531 0.014708
data/frame-000091.color.jpg 0.518538 0.665701 0.478353 -0.243186 2.247609 2.367679 -0.505384 0.786117 0.013830
data/frame-000092.color.jpg 0.522095 0.667982 0.473181 -0.239407 2.284105 2.368537 -0.472940 0.632039 0.011222
data/frame-000093.color.jpg 0.527860 0.670019 0.465069 -0.236958 2.336619 2.351997 -0.445536 0.656866 0.011617
data/frame-000094.color.jpg 0.528158 0.674213 0.462035 -0.230238 2.368579 2.355374 -0.387973 0.612118 0.009693
data/frame-000095.color.jpg 0.521946 0.680993 0.463780 -0.220746 2.392682 2.371679 -0.305796 0.720856 0.011479
data/frame-000096.color.jpg 0.518179 0.683798 0.465635 -0.217013 2.402072 2.377387 -0.271059 0.608777 0.010094
data/frame-000097.color.jpg 0.511034 0.683897 0.472218 -0.219404 2.418658 2.377437 -0.274924 0.913456 0.018467
data/frame-000098.color.jpg 0.507625 0.681500 0.477094 -0.224177 2.425007 2.378495 -0.305443 1.077729 0.020936
data/frame-000099.color.jpg 0.503009 0.680504 0.482403 -0.226240 2.432776 2.380599 -0.313896 1.340375 0.024261
data/frame-000100.color.jpg 0.494625 0.678436 0.491314 -0.231690 2.425341 2.395871 -0.346999 1.114315 0.019723
data/frame-000101.color.jpg 0.485281 0.671594 0.504154 -0.243500 2.409427 2.418732 -0.426753 0.870870 0.013837
data/frame-000102.color.jpg 0.482448 0.664240 0.510424 -0.255924 2.396343 2.413335 -0.513581 0.749562 0.012893
data/frame-000103.color.jpg 0.476760 0.659881 0.518460 -0.261642 2.373117 2.428746 -0.553144 0.537060 0.009902
data/frame-000104.color.jpg 0.476024 0.652051 0.523917 -0.271553 2.354072 2.432882 -0.624591 0.682447 0.014623
data/frame-000105.color.jpg 0.475077 0.641231 0.530377 -0.286051 2.322961 2.431871 -0.733321 0.594213 0.013800
data/frame-000106.color.jpg 0.475819 0.633389 0.534395 -0.294679 2.295842 2.433977 -0.803681 0.583243 0.013762
data/frame-000107.color.jpg 0.476859 0.623671 0.540908 -0.301759 2.253184 2.452813 -0.873203 0.334628 0.007673
data/frame-000108.color.jpg 0.478682 0.613500 0.548023 -0.306842 2.209224 2.475614 -0.933428 0.276226 0.007530
data/frame-000109.color.jpg 0.479377 0.607104 0.553438 -0.308753 2.176508 2.494576 -0.964741 0.390070 0.010531
data/frame-000110.color.jpg 0.480801 0.602518 0.555953 -0.310997 2.157718 2.501311 -0.992586 0.372799 0.009437
data/frame-000111.color.jpg 0.481376 0.600371 0.559042 -0.308714 2.140174 2.524962 -0.988112 0.318175 0.007563
data/frame-000112.color.jpg 0.483051 0.597573 0.560438 -0.308993 2.135287 2.526524 -0.998892 0.614613 0.014520
data/frame-000113.color.jpg 0.479298 0.596228 0.565533 -0.308151 2.108756 2.546597 -0.998373 0.403391 0.009559
data/frame-000114.color.jpg 0.474865 0.594520 0.571868 -0.306622 2.086407 2.568108 -0.995348 0.472424 0.011016
data/frame-000115.color.jpg 0.467773 0.595615 0.578745 -0.302466 2.065221 2.600941 -0.967052 0.322620 0.006257
data/frame-000116.color.jpg 0.462291 0.597123 0.585344 -0.295134 2.044871 2.633856 -0.919911 0.434904 0.007991
data/frame-000117.color.jpg 0.459896 0.597000 0.587861 -0.294120 2.039330 2.640045 -0.912176 0.551672 0.010223
data/frame-000118.color.jpg 0.456365 0.599247 0.590677 -0.289370 2.034650 2.654456 -0.874295 0.851407 0.016394
data/frame-000119.color.jpg 0.454025 0.601599 0.592981 -0.283397 2.022858 2.671537 -0.831552 0.810282 0.013394
data/frame-000120.color.jpg 0.451104 0.604383 0.594578 -0.278752 2.016057 2.679317 -0.793747 0.850099 0.015107
data/frame-000121.color.jpg 0.448104 0.609351 0.595508 -0.270675 2.011328 2.689141 -0.729838 1.020928 0.018443
data/frame-000122.color.jpg 0.443773 0.616825 0.594060 -0.263980 2.016716 2.680695 -0.659608 0.998458 0.018749
data/frame-000123.color.jpg 0.435270 0.620332 0.597346 -0.262502 1.993777 2.664618 -0.629913 0.728965 0.011411
data/frame-000124.color.jpg 0.427015 0.627063 0.599047 -0.256110 1.990394 2.654619 -0.564553 0.783390 0.014703
data/frame-000125.color.jpg 0.420177 0.635530 0.601066 -0.241397 1.979497 2.663528 -0.444828 0.939639 0.017932
data/frame-000126.color.jpg 0.415739 0.637501 0.602532 -0.240227 1.968490 2.648167 -0.424684 0.616403 0.009408
data/frame-000127.color.jpg 0.405598 0.641755 0.604188 -0.242069 1.972553 2.614530 -0.401199 0.620159 0.010771
data/frame-000128.color.jpg 0.397007 0.643492 0.608716 -0.240353 1.956787 2.606968 -0.370645 0.354314 0.006745
data/frame-000129.color.jpg 0.392376 0.638816 0.614525 -0.245589 1.924884 2.597137 -0.407499 0.157993 0.004952
data/frame-000130.color.jpg 0.380652 0.637144 0.625101 -0.241660 1.886698 2.613977 -0.375599 0.210344 0.005138
data/frame-000131.color.jpg 0.374231 0.635476 0.630709 -0.241510 1.865253 2.612890 -0.375208 0.311779 0.007781
data/frame-000132.color.jpg 0.363090 0.634655 0.638102 -0.241256 1.839656 2.620829 -0.366352 0.228247 0.004303
data/frame-000133.color.jpg 0.351821 0.636069 0.643786 -0.239118 1.831784 2.615736 -0.344198 0.488217 0.008043
data/frame-000134.color.jpg 0.346194 0.637568 0.644579 -0.241195 1.843045 2.602424 -0.349037 0.425989 0.008190
data/frame-000135.color.jpg 0.340285 0.632169 0.648787 -0.252279 1.837169 2.598411 -0.424538 0.260169 0.005806
data/frame-000136.color.jpg 0.327537 0.627513 0.657396 -0.258415 1.857901 2.613436 -0.471342 0.359806 0.008544
data/frame-000137.color.jpg 0.320320 0.627606 0.660446 -0.259454 1.886642 2.618458 -0.475619 0.234665 0.004956
data/frame-000138.color.jpg 0.325505 0.626670 0.660676 -0.254634 1.918924 2.635190 -0.456237 0.312896 0.007549
data/frame-000139.color.jpg 0.331079 0.625002 0.657430 -0.259895 1.958574 2.629838 -0.494399 0.279456 0.006676
data/frame-000140.color.jpg 0.339995 0.621293 0.654608 -0.264361 2.016863 2.630608 -0.535829 0.298540 0.006435
data/frame-000141.color.jpg 0.339961 0.616932 0.658534 -0.264867 2.017450 2.654404 -0.550694 0.159847 0.003420
data/frame-000142.color.jpg 0.340014 0.616254 0.659029 -0.265146 2.019917 2.657580 -0.553191 0.194548 0.004412
data/frame-000143.color.jpg 0.343500 0.613182 0.659696 -0.266116 2.041476 2.670856 -0.570928 0.257169 0.005077
data/frame-000144.color.jpg 0.343934 0.611747 0.660215 -0.267566 2.054985 2.672451 -0.585532 0.297611 0.004858
data/frame-000145.color.jpg 0.342534 0.611085 0.660941 -0.269077 2.071644 2.674215 -0.596364 0.277232 0.006385
data/frame-000146.color.jpg 0.342405 0.606284 0.664997 -0.270106 2.066439 2.691475 -0.617510 0.448357 0.004187
data/frame-000147.color.jpg 0.335976 0.604711 0.668271 -0.273601 2.068919 2.697001 -0.639213 0.418979 0.009422
data/frame-000148.color.jpg 0.335216 0.601193 0.671381 -0.274674 2.055974 2.711190 -0.655276 0.315894 0.008182
data/frame-000149.color.jpg 0.335490 0.595636 0.675651 -0.275970 2.035150 2.739752 -0.677627 0.335753 0.009608
data/frame-000150.color.jpg 0.343151 0.591647 0.673040 -0.281459 2.041533 2.744165 -0.728978 0.103942 0.005400
data/frame-000151.color.jpg 0.348414 0.583770 0.673381 -0.290481 2.013288 2.755409 -0.813239 0.369785 0.009098
data/frame-000152.color.jpg 0.357312 0.567262 0.675071 -0.307931 1.936909 2.786143 -0.998494 0.379447 0.005906
data/frame-000153.color.jpg 0.362433 0.559836 0.676197 -0.313024 1.895744 2.810434 -1.068090 0.580049 0.007758
data/frame-000154.color.jpg 0.363611 0.557908 0.676484 -0.314475 1.885306 2.814912 -1.086931 0.659255 0.010928
data/frame-000155.color.jpg 0.367118 0.550722 0.677892 -0.319988 1.842382 2.832042 -1.161857 0.654809 0.010404
data/frame-000156.color.jpg 0.367504 0.548026 0.679082 -0.321645 1.821772 2.848447 -1.197949 0.870144 0.015132
data/frame-000157.color.jpg 0.375878 0.548653 0.675910 -0.317556 1.828517 2.863789 -1.200236 0.739168 0.011242
data/frame-000158.color.jpg 0.386948 0.558538 0.663513 -0.313140 1.926852 2.842516 -1.169771 0.610393 0.008268
data/frame-000159.color.jpg 0.396609 0.570261 0.649984 -0.308260 2.037718 2.804504 -1.119303 0.431075 0.006487
data/frame-000160.color.jpg 0.405123 0.591088 0.628052 -0.303384 2.228928 2.723028 -1.033158 0.337242 0.004898
data/frame-000161.color.jpg 0.410970 0.615997 0.602353 -0.298030 2.448740 2.614368 -0.915576 0.235173 0.004127
data/frame-000162.color.jpg 0.417436 0.629867 0.586964 -0.290668 2.566349 2.554393 -0.819936 0.389459 0.006595
data/frame-000163.color.jpg 0.424020 0.645706 0.570933 -0.278040 2.685209 2.500173 -0.681855 0.360102 0.006760
data/frame-000164.color.jpg 0.427951 0.658402 0.557177 -0.270035 2.784017 2.444613 -0.576934 0.392364 0.005836
data/frame-000165.color.jpg 0.428733 0.668741 0.547315 -0.263476 2.860899 2.398454 -0.493430 0.540404 0.007941
data/frame-000166.color.jpg 0.430585 0.677543 0.539841 -0.253190 2.916423 2.377239 -0.395915 0.488839 0.007396
data/frame-000167.color.jpg 0.427601 0.689977 0.531025 -0.243107 2.998572 2.333369 -0.291243 0.581295 0.007906
data/frame-000168.color.jpg 0.423801 0.696865 0.526076 -0.240863 3.049384 2.296628 -0.256994 0.378035 0.005367
data/frame-000169.color.jpg 0.420048 0.699755 0.525897 -0.239449 3.069481 2.290113 -0.246660 0.365947 0.005376
data/frame-000170.color.jpg 0.420474 0.701340 0.524108 -0.237979 3.088911 2.289266 -0.237518 0.297873 0.004541
data/frame-000171.color.jpg 0.420915 0.694193 0.525607 -0.254291 3.101574 2.272820 -0.374133 0.149910 0.002472
data/frame-000172.color.jpg 0.420172 0.693048 0.527042 -0.255669 3.098467 2.278024 -0.389538 0.156044 0.002376
data/frame-000173.color.jpg 0.417623 0.688406 0.532804 -0.260399 3.087432 2.302834 -0.445960 0.127174 0.003396
data/frame-000174.color.jpg 0.414331 0.678255 0.543857 -0.269294 3.048509 2.351062 -0.552120 0.152807 0.002519
data/frame-000175.color.jpg 0.409124 0.665120 0.559649 -0.277535 2.984667 2.421910 -0.665481 0.159464 0.002500
data/frame-000176.color.jpg 0.404338 0.655030 0.571192 -0.284931 2.930032 2.469838 -0.756583 0.168996 0.002722
data/frame-000177.color.jpg 0.403765 0.652943 0.573185 -0.286530 2.920019 2.477833 -0.775197 0.105173 0.002217
data/frame-000178.color.jpg 0.397089 0.637331 0.592231 -0.292220 2.813157 2.566085 -0.875259 0.134256 0.002722
data/frame-000179.color.jpg 0.395779 0.636062 0.594232 -0.292699 2.803035 2.575032 -0.883348 0.195861 0.003599
data/frame-000180.color.jpg 0.391597 0.630237 0.603115 -0.292754 2.753847 2.619293 -0.905235 0.326410 0.005210
data/frame-000181.color.jpg 0.388439 0.627149 0.609443 -0.290481 2.718867 2.653757 -0.901919 0.375825 0.005539
data/frame-000182.color.jpg 0.384499 0.624582 0.614050 -0.291549 2.693233 2.669067 -0.916535 0.373815 0.005637
data/frame-000183.color.jpg 0.379758 0.619987 0.622835 -0.288924 2.636886 2.709097 -0.913584 0.306250 0.005186
data/frame-000184.color.jpg 0.376944 0.617414 0.628558 -0.285706 2.598112 2.738108 -0.899101 0.394853 0.005910
data/frame-000185.color.jpg 0.375892 0.618220 0.629272 -0.283772 2.596751 2.745711 -0.882409 0.498631 0.008104
data/frame-000186.color.jpg 0.373021 0.617680 0.631521 -0.283739 2.579283 2.744480 -0.879719 0.256653 0.004701
data/frame-000187.color.jpg 0.370502 0.617680 0.633273 -0.283134 2.569034 2.747795 -0.872024 0.316886 0.005317
data/frame-000188.color.jpg 0.368120 0.616333 0.636538 -0.281853 2.544956 2.757491 -0.863498 0.438180 0.007009
data/frame-000189.color.jpg 0.363860 0.616709 0.640593 -0.277337 2.520946 2.770883 -0.826902 0.268754 0.004612
data/frame-000190.color.jpg 0.360311 0.616637 0.642781 -0.277069 2.509138 2.772545 -0.818116 0.295073 0.004950
data/frame-000191.color.jpg 0.358185 0.615311 0.644967 -0.277693 2.493000 2.774230 -0.818800 0.314938 0.004690
data/frame-000192.color.jpg 0.355580 0.614266 0.647627 -0.277165 2.475864 2.777850 -0.809982 0.448875 0.006798
data/frame-000193.color.jpg 0.350967 0.613672 0.651457 -0.275378 2.456836 2.785461 -0.791893 0.380301 0.006310
data/frame-000194.color.jpg 0.351192 0.611897 0.653085 -0.275186 2.438022 2.788166 -0.782790 0.375958 0.006757
data/frame-000195.color.jpg 0.349605 0.604135 0.660966 -0.275538 2.362336 2.816265 -0.798542 0.540316 0.007323
data/frame-000196.color.jpg 0.345692 0.599295 0.669503 -0.270384 2.290730 2.853065 -0.770879 0.260750 0.003555
data/frame-000197.color.jpg 0.341163 0.592723 0.680171 -0.263921 2.199823 2.904885 -0.742311 0.589874 0.007308
data/frame-000198.color.jpg 0.341008 0.590363 0.684281 -0.258736 2.152513 2.924605 -0.713624 0.374805 0.006588
data/frame-000199.color.jpg 0.344623 0.583194 0.687728 -0.261057 2.090877 2.936826 -0.745696 0.438794 0.006604
data/frame-000200.color.jpg 0.340442 0.581366 0.693398 -0.255563 2.037460 2.961363 -0.706122 0.426190 0.006327
data/frame-000201.color.jpg 0.336038 0.576693 0.698891 -0.257011 1.985416 2.975896 -0.715424 0.492725 0.008400
data/frame-000202.color.jpg 0.327797 0.567426 0.708828 -0.261036 1.896177 2.994973 -0.750228 0.526074 0.006427
data/frame-000203.color.jpg 0.323060 0.559017 0.717213 -0.262179 1.819765 3.015524 -0.769666 0.275267 0.002531
data/frame-000204.color.jpg 0.315161 0.552025 0.725292 -0.264373 1.752769 3.034850 -0.787608 0.532267 0.004964
data/frame-000205.color.jpg 0.309103 0.542139 0.734623 -0.266216 1.666924 3.060883 -0.812291 0.698966 0.008443
data/frame-000206.color.jpg 0.297030 0.525271 0.750818 -0.268580 1.528665 3.112181 -0.841904 0.819708 0.011664
data/frame-000207.color.jpg 0.290918 0.511223 0.762182 -0.270362 1.422186 3.143025 -0.869784 0.842324 0.011144
data/frame-000208.color.jpg 0.287096 0.493635 0.775378 -0.269609 1.291764 3.182709 -0.886482 0.732680 0.007900
data/frame-000209.color.jpg 0.282003 0.481772 0.783913 -0.271757 1.207300 3.201421 -0.907993 0.795997 0.006687
data/frame-000210.color.jpg 0.272322 0.467473 0.793963 -0.277368 1.107293 3.227617 -0.943421 1.071921 0.012795
data/frame-000211.color.jpg 0.270298 0.458550 0.795908 -0.288447 1.068395 3.210155 -1.020455 1.296598 0.013066
data/frame-000212.color.jpg 0.269186 0.430169 0.805841 -0.305145 0.910849 3.211753 -1.159430 0.972878 0.006234
data/frame-000213.color.jpg 0.266954 0.420163 0.811248 -0.306716 0.838459 3.233743 -1.178412 0.869216 0.005240
data/frame-000214.color.jpg 0.269205 0.407924 0.814597 -0.312343 0.772022 3.224093 -1.242088 0.896535 0.010720
data/frame-000215.color.jpg 0.267754 0.404151 0.816827 -0.312672 0.742449 3.236287 -1.250884 0.981535 0.009349
data/frame-000216.color.jpg 0.274350 0.396768 0.817329 -0.315087 0.711454 3.254127 -1.310967 0.934467 0.011015
data/frame-000217.color.jpg 0.275081 0.395837 0.815938 -0.319199 0.713305 3.251614 -1.354517 0.931380 0.012255
data/frame-000218.color.jpg 0.280208 0.400425 0.810837 -0.322004 0.768379 3.251723 -1.392818 0.930555 0.011222
data/frame-000219.color.jpg 0.285256 0.404471 0.805910 -0.324870 0.821613 3.247482 -1.433564 0.635724 0.009174
data/frame-000220.color.jpg 0.289595 0.414429 0.799716 -0.323786 0.915419 3.258189 -1.445218 0.614661 0.007277
data/frame-000221.color.jpg 0.294853 0.427586 0.792885 -0.318691 1.053229 3.291904 -1.444139 0.457442 0.007788
data/frame-000222.color.jpg 0.298629 0.429338 0.790393 -0.319012 1.094805 3.308082 -1.466927 0.308469 0.005052
data/frame-000223.color.jpg 0.299056 0.428679 0.787929 -0.325526 1.128347 3.303622 -1.529756 0.326018 0.005613
data/frame-000224.color.jpg 0.300620 0.426870 0.788564 -0.324925 1.134077 3.322119 -1.550447 0.292631 0.005614
data/frame-000225.color.jpg 0.301793 0.426632 0.788723 -0.323762 1.143190 3.335934 -1.559139 0.263382 0.004759
data/frame-000226.color.jpg 0.294491 0.426752 0.789986 -0.327231 1.145922 3.345311 -1.581382 0.258388 0.004474
data/frame-000227.color.jpg 0.287356 0.425488 0.790805 -0.333189 1.140733 3.350201 -1.627710 0.412683 0.006653
data/frame-000228.color.jpg 0.272273 0.413804 0.795834 -0.348256 1.048518 3.353226 -1.740311 0.166157 0.003049
data/frame-000229.color.jpg 0.263504 0.396356 0.806297 -0.351216 0.892396 3.407122 -1.787331 0.255979 0.004423
data/frame-000230.color.jpg 0.252264 0.370866 0.815847 -0.364987 0.674786 3.416231 -1.907535 0.193285 0.003635
data/frame-000231.color.jpg 0.246071 0.355094 0.822144 -0.370724 0.537375 3.428236 -1.960252 0.317198 0.005011
data/frame-000232.color.jpg 0.239640 0.338309 0.827414 -0.378823 0.394125 3.419523 -2.022874 0.279306 0.004753
data/frame-000233.color.jpg 0.229847 0.323174 0.832898 -0.386019 0.261045 3.414065 -2.061843 0.356683 0.005637
data/frame-000234.color.jpg 0.221232 0.305662 0.837958 -0.394277 0.113802 3.392370 -2.105233 0.295044 0.005015
data/frame-000235.color.jpg 0.208649 0.285812 0.843204 -0.404702 -0.050761 3.359875 -2.146266 0.250442 0.003002
data/frame-000236.color.jpg 0.202118 0.278044 0.845037 -0.409577 -0.113449 3.346146 -2.158305 0.230789 0.003487
data/frame-000237.color.jpg 0.194019 0.269405 0.846333 -0.416530 -0.178277 3.323267 -2.175277 0.219869 0.002624
data/frame-000238.color.jpg 0.187428 0.260284 0.848330 -0.421258 -0.240370 3.303169 -2.177235 0.255001 0.002967
data/frame-000239.color.jpg 0.182929 0.254818 0.849026 -0.425159 -0.271427 3.285304 -2.180639 0.265424 0.003241
data/frame-000240.color.jpg 0.177704 0.245373 0.851456 -0.428061 -0.333184 3.265705 -2.170480 0.228551 0.002651
data/frame-000241.color.jpg 0.177376 0.240517 0.852040 -0.429787 -0.354011 3.249393 -2.167709 0.239179 0.002694
data/frame-000242.color.jpg 0.177670 0.235538 0.854597 -0.427340 -0.378183 3.244007 -2.134484 0.416892 0.006029
data/frame-000243.color.jpg 0.176811 0.235715 0.856393 -0.423990 -0.364955 3.248162 -2.092110 0.451542 0.006818
data/frame-000244.color.jpg 0.178145 0.237878 0.856735 -0.421524 -0.336145 3.246778 -2.063067 0.468639 0.007615
data/frame-000245.color.jpg 0.178926 0.241851 0.857746 -0.416851 -0.296036 3.257667 -2.012112 0.649104 0.011101
data/frame-000246.color.jpg 0.174284 0.244812 0.857067 -0.418484 -0.272583 3.246351 -1.992834 0.479158 0.008548
data/frame-000247.color.jpg 0.170007 0.245264 0.859097 -0.415807 -0.273552 3.245796 -1.947965 0.458441 0.007873
data/frame-000248.color.jpg 0.165485 0.241911 0.864711 -0.407882 -0.311299 3.268835 -1.876356 0.320445 0.005428
data/frame-000249.color.jpg 0.164313 0.241697 0.866860 -0.403904 -0.317268 3.281056 -1.844435 0.253281 0.004139
data/frame-000250.color.jpg 0.156852 0.238008 0.875089 -0.391112 -0.369379 3.325833 -1.735532 0.394654 0.005467
data/frame-000251.color.jpg 0.138917 0.219061 0.894470 -0.364195 -0.546582 3.415696 -1.504946 0.354091 0.003687
data/frame-000252.color.jpg 0.134478 0.210707 0.901629 -0.352963 -0.614138 3.447737 -1.417441 0.281501 0.002850
data/frame-000253.color.jpg 0.133625 0.209096 0.902558 -0.351870 -0.625749 3.450540 -1.408170 0.278741 0.002575
data/frame-000254.color.jpg 0.127223 0.204301 0.909741 -0.338299 -0.655096 3.504814 -1.302265 0.587870 0.011656
data/frame-000255.color.jpg 0.113160 0.200308 0.913317 -0.336040 -0.694341 3.530596 -1.248108 0.368040 0.001491
data/frame-000256.color.jpg 0.112253 0.199623 0.914846 -0.332576 -0.701588 3.542166 -1.223319 0.320040 0.000706
data/frame-000257.color.jpg 0.108800 0.195288 0.918187 -0.327043 -0.734654 3.567600 -1.184126 0.382533 0.000806
data/frame-000258.color.jpg 0.099710 0.175007 0.925817 -0.319835 -0.881521 3.602386 -1.129286 0.479288 0.005316
data/frame-000259.color.jpg 0.093408 0.152943 0.929256 -0.323059 -1.045748 3.592594 -1.142944 0.492576 0.006390
data/frame-000260.color.jpg 0.094697 0.140281 0.931930 -0.320718 -1.143115 3.592820 -1.142779 0.601111 0.008060
data/frame-000261.color.jpg 0.096618 0.135767 0.932120 -0.321536 -1.174496 3.601810 -1.169974 0.838970 0.010636
data/frame-000262.color.jpg 0.096182 0.132749 0.934756 -0.315211 -1.199762 3.628229 -1.139451 1.032076 0.012024
data/frame-000263.color.jpg 0.097267 0.122332 0.936668 -0.313412 -1.280151 3.628224 -1.144508 1.152015 0.014018
data/frame-000264.color.jpg 0.098974 0.114050 0.938927 -0.309214 -1.349944 3.630363 -1.127834 0.927740 0.012647
data/frame-000265.color.jpg 0.101511 0.109537 0.940432 -0.305426 -1.391185 3.635820 -1.117306 0.804268 0.011665
data/frame-000266.color.jpg 0.102645 0.103499 0.942069 -0.302089 -1.449608 3.640492 -1.102222 0.444422 0.008710
data/frame-000267.color.jpg 0.106104 0.101859 0.941049 -0.304620 -1.466329 3.634333 -1.132902 0.563837 0.008420
data/frame-000268.color.jpg 0.110680 0.106775 0.941624 -0.299489 -1.435394 3.652157 -1.113391 0.529837 0.008431
data/frame-000269.color.jpg 0.114353 0.117607 0.942654 -0.290681 -1.362883 3.690197 -1.065377 0.491246 0.008091
data/frame-000270.color.jpg 0.121270 0.142594 0.941225 -0.281168 -1.173178 3.761472 -1.022833 0.127431 0.003832
data/frame-000271.color.jpg 0.124661 0.158675 0.938110 -0.281480 -1.036514 3.791634 -1.033006 0.253035 0.005192
data/frame-000272.color.jpg 0.133620 0.194114 0.930265 -0.281199 -0.738482 3.840786 -1.046902 0.346439 0.005492
data/frame-000273.color.jpg 0.138413 0.229546 0.921994 -0.279425 -0.432751 3.872970 -1.026221 0.411035 0.004447
data/frame-000274.color.jpg 0.130585 0.245236 0.918505 -0.281347 -0.286735 3.877141 -1.001470 0.102725 0.002208
data/frame-000275.color.jpg 0.129324 0.255148 0.915803 -0.281920 -0.199460 3.868929 -0.992344 0.414852 0.005726
data/frame-000276.color.jpg 0.135834 0.271149 0.914044 -0.269353 -0.078050 3.877071 -0.899784 0.580528 0.007548
data/frame-000277.color.jpg 0.142500 0.283541 0.911170 -0.262806 0.016425 3.865051 -0.847786 1.006781 0.013043
data/frame-000278.color.jpg 0.147790 0.292606 0.905291 -0.270162 0.095407 3.829290 -0.894545 0.586516 0.007698
data/frame-000279.color.jpg 0.143444 0.295324 0.901552 -0.281801 0.121479 3.791445 -0.955427 0.642827 0.007093
data/frame-000280.color.jpg 0.140478 0.292588 0.898870 -0.294434 0.100402 3.749768 -1.030573 0.490199 0.003560
data/frame-000281.color.jpg 0.135815 0.287389 0.898650 -0.302309 0.054516 3.719270 -1.066464 0.628960 0.006621
data/frame-000282.color.jpg 0.142007 0.278830 0.905713 -0.285956 -0.059927 3.715018 -0.950842 0.867133 0.011765
data/frame-000283.color.jpg 0.139829 0.270430 0.905579 -0.295367 -0.131048 3.675129 -1.005361 0.454694 0.006730
data/frame-000284.color.jpg 0.119532 0.249125 0.909547 -0.310439 -0.308485 3.602148 -1.036752 0.394701 0.005537
data/frame-000285.color.jpg 0.118354 0.246617 0.909685 -0.312483 -0.324372 3.592954 -1.044488 0.625849 0.010112
data/frame-000286.color.jpg 0.112367 0.237389 0.909641 -0.321828 -0.392940 3.546580 -1.083748 0.767750 0.012041
data/frame-000287.color.jpg 0.109179 0.228881 0.911597 -0.323549 -0.458971 3.517895 -1.075780 0.351623 0.006315
data/frame-000288.color.jpg 0.101734 0.218550 0.911389 -0.333552 -0.522509 3.472300 -1.111693 0.202590 0.004087
data/frame-000289.color.jpg 0.096421 0.200255 0.915425 -0.335557 -0.639053 3.433432 -1.091453 0.549738 0.010585
data/frame-000290.color.jpg 0.087172 0.188218 0.917450 -0.339500 -0.710939 3.405480 -1.079288 0.275864 0.006698
data/frame-000291.color.jpg 0.080221 0.174212 0.919783 -0.342366 -0.780756 3.363589 -1.060445 0.356993 0.006247
data/frame-000292.color.jpg 0.074781 0.168209 0.921316 -0.342477 -0.803046 3.347968 -1.036867 0.288559 0.004274
data/frame-000293.color.jpg 0.072492 0.164666 0.922014 -0.342813 -0.803877 3.336397 -1.024596 0.256972 0.003879
data/frame-000294.color.jpg 0.072060 0.162368 0.922691 -0.342179 -0.802122 3.328219 -1.014381 0.227477 0.003525
data/frame-000295.color.jpg 0.074138 0.155552 0.922355 -0.345786 -0.811285 3.297260 -1.031308 0.352114 0.003820
data/frame-000296.color.jpg 0.076693 0.154437 0.921210 -0.348768 -0.803168 3.281050 -1.053509 0.352334 0.001844
data/frame-000297.color.jpg 0.080391 0.154868 0.919837 -0.351359 -0.780327 3.269233 -1.074938 0.377995 0.003205
data/frame-000298.color.jpg 0.082591 0.155452 0.918901 -0.353035 -0.766388 3.261842 -1.089307 0.390071 0.003400
data/frame-000299.color.jpg 0.088401 0.157911 0.916860 -0.355833 -0.727082 3.245094 -1.119005 0.362266 0.002744
data/frame-000300.color.jpg 0.094350 0.163564 0.918659 -0.347002 -0.680364 3.260462 -1.076999 0.482209 0.006935
data/frame-000301.color.jpg 0.095834 0.167515 0.919414 -0.342683 -0.645594 3.264843 -1.051621 0.426908 0.003735
data/frame-000302.color.jpg 0.095331 0.173523 0.919670 -0.339129 -0.596343 3.272959 -1.027655 0.438817 0.004136
data/frame-000303.color.jpg 0.097235 0.192882 0.926574 -0.307902 -0.460853 3.316822 -0.842261 0.374385 0.004908
data/frame-000304.color.jpg 0.098678 0.194762 0.927270 -0.304138 -0.449793 3.320273 -0.822930 0.397623 0.004969
data/frame-000305.color.jpg 0.102994 0.202711 0.927757 -0.295917 -0.398568 3.328709 -0.784044 0.385067 0.005479
data/frame-000306.color.jpg 0.100945 0.207540 0.927559 -0.293889 -0.360711 3.333815 -0.767401 0.433899 0.006992
data/frame-000307.color.jpg 0.101189 0.208414 0.930009 -0.285321 -0.355077 3.342346 -0.715752 0.320785 0.006312
data/frame-000308.color.jpg 0.096661 0.206151 0.931727 -0.282918 -0.361947 3.340814 -0.690513 0.304818 0.007325
data/frame-000309.color.jpg 0.091835 0.195010 0.934606 -0.282929 -0.423782 3.326277 -0.678325 0.283436 0.005319
data/frame-000310.color.jpg 0.088510 0.183542 0.936990 -0.283776 -0.482285 3.315235 -0.672239 0.408609 0.007848
data/frame-000311.color.jpg 0.079707 0.164503 0.938838 -0.291838 -0.578411 3.281783 -0.695284 0.393225 0.006273
data/frame-000312.color.jpg 0.070056 0.145387 0.941583 -0.295595 -0.674677 3.253606 -0.686697 0.383675 0.007425
data/frame-000313.color.jpg 0.063195 0.125725 0.942922 -0.301824 -0.771979 3.211791 -0.697629 0.479431 0.008053
data/frame-000314.color.jpg 0.052950 0.106104 0.944568 -0.306151 -0.875861 3.179913 -0.690019 0.362011 0.007383
data/frame-000315.color.jpg 0.044461 0.083377 0.948155 -0.303436 -1.007736 3.148310 -0.642965 0.163899 0.004366
data/frame-000316.color.jpg 0.036874 0.069330 0.950600 -0.300323 -1.089354 3.132720 -0.600598 0.194250 0.005278
data/frame-000317.color.jpg 0.030092 0.055258 0.950285 -0.304959 -1.169393 3.106968 -0.604320 0.133600 0.004255
data/frame-000318.color.jpg 0.021509 0.035646 0.948213 -0.314894 -1.286628 3.067990 -0.632585 0.312112 0.008185
data/frame-000319.color.jpg 0.010763 0.014002 0.945746 -0.324428 -1.413149 3.026837 -0.646695 0.174807 0.006121
data/frame-000320.color.jpg 0.007122 0.002773 0.943399 -0.331571 -1.480138 3.000186 -0.673712 0.313518 0.007407
data/frame-000321.color.jpg 0.007162 -0.012728 0.940995 -0.338105 -1.578824 2.956208 -0.707099 0.187964 0.003868
data/frame-000322.color.jpg 0.002079 -0.023973 0.937761 -0.346445 -1.647948 2.922640 -0.735211 0.479988 0.008172
data/frame-000323.color.jpg 0.000678 -0.030916 0.935502 -0.351965 -1.690574 2.896446 -0.759004 0.449663 0.007232
data/frame-000324.color.jpg 0.004728 0.046401 -0.929376 0.366176 -1.787509 2.839293 -0.813755 0.552658 0.006325
data/frame-000325.color.jpg 0.014209 0.077347 -0.921515 0.380297 -1.968331 2.721761 -0.822351 0.769113 0.007904
data/frame-000326.color.jpg 0.014639 0.088280 -0.919485 0.382805 -2.028598 2.675313 -0.815817 0.774209 0.009542
data/frame-000327.color.jpg 0.016891 0.102753 -0.915215 0.389280 -2.104444 2.606432 -0.816913 0.761676 0.011090
data/frame-000328.color.jpg 0.023024 0.114360 -0.911084 0.395369 -2.160955 2.558432 -0.806272 0.805496 0.013411
data/frame-000329.color.jpg 0.025899 0.124558 -0.908533 0.397972 -2.207528 2.512367 -0.787495 0.724395 0.012200
data/frame-000330.color.jpg 0.029472 0.132172 -0.908864 0.394498 -2.230876 2.485520 -0.739211 0.622944 0.010004
data/frame-000331.color.jpg 0.031578 0.139008 -0.908576 0.392644 -2.253603 2.457644 -0.707755 0.475867 0.008861
data/frame-000332.color.jpg 0.029411 0.154247 -0.910586 0.382329 -2.315632 2.394868 -0.633132 0.344668 0.003952
data/frame-000333.color.jpg 0.033114 0.160670 -0.912264 0.375317 -2.329821 2.383702 -0.569966 0.590824 0.010122
data/frame-000334.color.jpg 0.037609 0.170670 -0.914448 0.365023 -2.366090 2.353929 -0.485042 0.388153 0.004120
data/frame-000335.color.jpg 0.039423 0.179661 -0.915678 0.357354 -2.398760 2.317553 -0.425351 0.337628 0.001584
data/frame-000336.color.jpg 0.040558 0.188021 -0.917816 0.347300 -2.424597 2.289345 -0.359006 0.346538 0.004943
data/frame-000337.color.jpg 0.052151 0.202271 -0.921358 0.327822 -2.453159 2.256317 -0.210133 0.345085 0.003145
data/frame-000338.color.jpg 0.052885 0.203299 -0.922208 0.324662 -2.448990 2.256997 -0.193437 0.314050 0.004570
data/frame-000339.color.jpg 0.054600 0.208180 -0.926350 0.309122 -2.448189 2.249767 -0.112961 0.267908 0.002607
data/frame-000340.color.jpg 0.056481 0.211806 -0.927570 0.302593 -2.440580 2.241703 -0.082073 0.321392 0.009673
data/frame-000341.color.jpg 0.061218 0.210984 -0.928710 0.298723 -2.402561 2.268394 -0.063829 0.026575 0.004513
data/frame-000342.color.jpg 0.066615 0.182825 -0.936243 0.292550 -2.199508 2.431682 -0.092671 0.467227 0.008357
data/frame-000343.color.jpg 0.067350 0.173711 -0.938397 0.291032 -2.134195 2.478620 -0.102010 0.232796 0.005313
data/frame-000344.color.jpg 0.066318 0.161850 -0.941731 0.287315 -2.042772 2.541250 -0.112050 0.270144 0.006551
data/frame-000345.color.jpg 0.065088 0.157225 -0.943417 0.284620 -1.988985 2.568718 -0.116541 0.387877 0.008309
data/frame-000346.color.jpg 0.067411 0.155160 -0.944279 0.282343 -1.946815 2.590764 -0.109214 0.537743 0.009855
data/frame-000347.color.jpg 0.067337 0.151580 -0.944423 0.283822 -1.890827 2.607887 -0.133969 0.430948 0.007612
data/frame-000348.color.jpg 0.060112 0.153051 -0.942969 0.289433 -1.876328 2.593414 -0.194490 0.356325 0.008768
data/frame-000349.color.jpg 0.050410 0.157375 -0.943383 0.287613 -1.881249 2.580885 -0.219928 0.522749 0.010108
data/frame-000350.color.jpg 0.050343 0.169330 -0.941412 0.287292 -1.931656 2.547338 -0.219652 0.564843 0.011900
data/frame-000351.color.jpg 0.068994 0.214451 -0.927970 0.296854 -2.127673 2.416090 -0.183631 0.801847 0.013013
data/frame-000352.color.jpg 0.075541 0.236238 -0.921931 0.297537 -2.222978 2.341897 -0.144672 1.239296 0.019613
data/frame-000353.color.jpg 0.077163 0.249192 -0.918697 0.296556 -2.263456 2.312388 -0.118845 1.031747 0.013717
data/frame-000354.color.jpg 0.074814 0.256113 -0.916414 0.298318 -2.288178 2.297240 -0.134754 1.545178 0.019195
data/frame-000355.color.jpg 0.077664 0.245792 -0.918363 0.300272 -2.213790 2.356358 -0.160375 0.797231 0.012292
data/frame-000356.color.jpg 0.085877 0.232044 -0.919792 0.304572 -2.120537 2.438534 -0.184161 1.697402 0.031270
