data/frame-000000.color.jpg 0.456439 0.520138 0.588751 -0.417723 0.351668 2.496279 -1.539881 0.375004 0.006785
data/frame-000001.color.jpg 0.452330 0.517085 0.592258 -0.421012 0.321762 2.505309 -1.542701 0.427503 0.009184
data/frame-000002.color.jpg 0.453036 0.515207 0.589074 -0.426981 0.329692 2.485863 -1.568838 0.249170 0.008716
data/frame-000003.color.jpg 0.447923 0.510697 0.594187 -0.430692 0.292271 2.486999 -1.577057 0.273248 0.005158
data/frame-000004.color.jpg 0.447738 0.512566 0.594277 -0.428534 0.299174 2.501182 -1.562960 0.523926 0.011543
data/frame-000005.color.jpg 0.448621 0.513514 0.592330 -0.429171 0.309801 2.499917 -1.570487 0.518859 0.010860
data/frame-000006.color.jpg 0.452473 0.512199 0.589004 -0.431271 0.316974 2.480147 -1.597133 0.356892 0.007931
data/frame-000007.color.jpg 0.449014 0.515111 0.593097 -0.425774 0.309678 2.516594 -1.560751 0.541778 0.012085
data/frame-000008.color.jpg 0.449351 0.514604 0.592813 -0.426426 0.310004 2.512045 -1.568628 0.369449 0.008361
data/frame-000009.color.jpg 0.449642 0.515277 0.592741 -0.425405 0.314706 2.516052 -1.564146 0.449129 0.009813
data/frame-000010.color.jpg 0.448823 0.514782 0.592062 -0.427809 0.319349 2.510801 -1.573960 0.334444 0.007738
data/frame-000011.color.jpg 0.448599 0.514445 0.593006 -0.427140 0.315575 2.515695 -1.571067 0.278329 0.007950
data/frame-000012.color.jpg 0.451810 0.514200 0.592596 -0.424613 0.326047 2.513919 -1.572070 0.263172 0.006753
data/frame-000013.color.jpg 0.453519 0.515802 0.595049 -0.417356 0.331221 2.529304 -1.546970 0.300838 0.005710
data/frame-000014.color.jpg 0.450832 0.517290 0.596242 -0.416721 0.341879 2.532983 -1.537635 0.101133 0.002749
data/frame-000015.color.jpg 0.450941 0.514084 0.600737 -0.414108 0.320502 2.532443 -1.533633 0.242960 0.003321
data/frame-000016.color.jpg 0.449409 0.514459 0.604372 -0.409998 0.312976 2.545556 -1.512513 0.225723 0.003153
data/frame-000017.color.jpg 0.443800 0.512281 0.611169 -0.408756 0.282457 2.558324 -1.491162 0.185542 0.002595
data/frame-000018.color.jpg 0.441487 0.510899 0.617410 -0.403578 0.253083 2.571528 -1.459241 0.072033 0.001691
data/frame-000019.color.jpg 0.438778 0.507872 0.623336 -0.401238 0.214870 2.574168 -1.441411 0.063549 0.000894
data/frame-000020.color.jpg 0.436793 0.505019 0.629428 -0.397477 0.175748 2.580041 -1.414701 0.101328 0.002127
data/frame-000021.color.jpg 0.431843 0.503096 0.636201 -0.394532 0.138792 2.587310 -1.377458 0.167370 0.003175
data/frame-000022.color.jpg 0.425695 0.503319 0.640322 -0.394261 0.124445 2.590552 -1.347948 0.126616 0.003130
data/frame-000023.color.jpg 0.417183 0.501516 0.647609 -0.393754 0.087026 2.596463 -1.307700 0.203762 0.004749
data/frame-000024.color.jpg 0.410379 0.499718 0.652565 -0.395006 0.063138 2.597944 -1.286152 0.237701 0.003938
data/frame-000025.color.jpg 0.406815 0.495791 0.654086 -0.401079 0.043400 2.583148 -1.298798 0.316705 0.004677
data/frame-000026.color.jpg 0.412838 0.492206 0.654572 -0.398540 0.017763 2.555940 -1.303497 0.507930 0.007710
data/frame-000027.color.jpg 0.414356 0.493480 0.653530 -0.397096 0.027081 2.555476 -1.300538 0.554958 0.008145
data/frame-000028.color.jpg 0.419537 0.500458 0.644453 -0.397758 0.096574 2.535608 -1.317614 0.596384 0.008821
data/frame-000029.color.jpg 0.425245 0.513618 0.633805 -0.391988 0.199723 2.535097 -1.303801 0.609783 0.008436
data/frame-000030.color.jpg 0.428489 0.523212 0.624487 -0.390721 0.288024 2.528750 -1.299511 0.362529 0.005273
data/frame-000031.color.jpg 0.429139 0.539849 0.606020 -0.396413 0.472021 2.494866 -1.307696 0.110515 0.001160
data/frame-000032.color.jpg 0.428107 0.542585 0.604284 -0.396443 0.495139 2.496231 -1.300996 0.209144 0.002418
data/frame-000033.color.jpg 0.430458 0.552016 0.589108 -0.403653 0.629133 2.458144 -1.328180 0.278612 0.003572
data/frame-000034.color.jpg 0.437191 0.564206 0.570693 -0.406010 0.789207 2.414751 -1.333656 0.130516 0.001827
data/frame-000035.color.jpg 0.439747 0.569389 0.564378 -0.404842 0.853489 2.401128 -1.322444 0.168356 0.001523
data/frame-000036.color.jpg 0.435014 0.578033 0.562171 -0.400754 0.920470 2.409776 -1.276271 0.162723 0.002507
data/frame-000037.color.jpg 0.430354 0.580579 0.563920 -0.399646 0.946671 2.412118 -1.256812 0.145270 0.002619
data/frame-000038.color.jpg 0.423678 0.585227 0.563944 -0.399966 0.995377 2.411798 -1.238350 0.105800 0.002374
data/frame-000039.color.jpg 0.417621 0.586470 0.561135 -0.408378 1.045705 2.387271 -1.260108 0.195610 0.002351
data/frame-000040.color.jpg 0.416063 0.587270 0.558769 -0.412047 1.075239 2.370642 -1.273356 0.112209 0.001993
data/frame-000041.color.jpg 0.417923 0.586139 0.553521 -0.418803 1.112103 2.336319 -1.313096 0.175101 0.002958
data/frame-000042.color.jpg 0.421363 0.587284 0.548828 -0.419926 1.153141 2.312104 -1.328113 0.094267 0.001437
data/frame-000043.color.jpg 0.432993 0.587531 0.552167 -0.403033 1.147445 2.350496 -1.307872 0.118877 0.001041
data/frame-000044.color.jpg 0.445207 0.579179 0.550705 -0.403814 1.121088 2.335280 -1.370489 0.206195 0.001402
data/frame-000045.color.jpg 0.457170 0.573175 0.550704 -0.398987 1.100679 2.334878 -1.399578 0.215343 0.002229
data/frame-000046.color.jpg 0.463460 0.573750 0.551516 -0.389673 1.111397 2.352713 -1.385775 0.298624 0.003475
data/frame-000047.color.jpg 0.468507 0.577809 0.546104 -0.385238 1.159454 2.346157 -1.376982 0.464822 0.004665
data/frame-000048.color.jpg 0.471029 0.580452 0.542449 -0.383349 1.187316 2.341308 -1.369170 0.395604 0.003665
data/frame-000049.color.jpg 0.478076 0.594186 0.530043 -0.370730 1.297096 2.338679 -1.298316 0.288845 0.002502
data/frame-000050.color.jpg 0.482908 0.622342 0.504743 -0.353163 1.515564 2.301950 -1.156790 0.300470 0.003712
data/frame-000051.color.jpg 0.485651 0.636380 0.490219 -0.344745 1.630649 2.270437 -1.077908 0.348800 0.004227
data/frame-000052.color.jpg 0.488299 0.650946 0.474799 -0.335260 1.745898 2.231422 -0.984408 0.250141 0.003992
data/frame-000053.color.jpg 0.492439 0.663805 0.460733 -0.323408 1.838383 2.197737 -0.880783 0.281920 0.003399
data/frame-000054.color.jpg 0.494421 0.675499 0.451205 -0.309296 1.900213 2.182357 -0.770299 0.390809 0.005103
data/frame-000055.color.jpg 0.487938 0.690026 0.446246 -0.294353 1.954415 2.169282 -0.636714 0.345091 0.004515
data/frame-000056.color.jpg 0.481780 0.690834 0.451420 -0.294715 1.947341 2.167479 -0.625790 0.238156 0.003170
data/frame-000057.color.jpg 0.477409 0.688369 0.457231 -0.298612 1.935291 2.165298 -0.638397 0.216965 0.003177
data/frame-000058.color.jpg 0.472206 0.688758 0.463715 -0.295976 1.919329 2.178514 -0.613339 0.191227 0.002255
data/frame-000059.color.jpg 0.471221 0.687950 0.466016 -0.295814 1.911990 2.179632 -0.612449 0.194122 0.002764
data/frame-000060.color.jpg 0.468253 0.685308 0.473347 -0.295018 1.889623 2.186359 -0.601822 0.339840 0.004530
data/frame-000061.color.jpg 0.466727 0.685020 0.475921 -0.293960 1.878523 2.192687 -0.597869 0.218173 0.002876
data/frame-000062.color.jpg 0.464631 0.685069 0.481335 -0.288297 1.853814 2.209192 -0.575406 0.222881 0.003447
data/frame-000063.color.jpg 0.459632 0.686016 0.485368 -0.287296 1.841514 2.211649 -0.565025 0.221226 0.002936
data/frame-000064.color.jpg 0.447592 0.687191 0.493951 -0.288864 1.819432 2.216164 -0.561249 0.274304 0.004190
data/frame-000065.color.jpg 0.450869 0.682632 0.498319 -0.287071 1.778873 2.225590 -0.580426 0.351783 0.005041
data/frame-000066.color.jpg 0.448612 0.683314 0.500256 -0.285610 1.769130 2.231049 -0.569612 0.221253 0.003228
data/frame-000067.color.jpg 0.445976 0.679123 0.503495 -0.293921 1.754544 2.218440 -0.617678 0.180764 0.002036
data/frame-000068.color.jpg 0.441965 0.676455 0.514097 -0.287713 1.712178 2.248638 -0.595698 0.281762 0.003880
data/frame-000069.color.jpg 0.442592 0.679780 0.510198 -0.285849 1.746428 2.234783 -0.579425 0.203236 0.003094
data/frame-000070.color.jpg 0.444994 0.682888 0.506252 -0.281698 1.786682 2.224301 -0.548566 0.309725 0.004661
data/frame-000071.color.jpg 0.438214 0.695312 0.501754 -0.269727 1.880733 2.211508 -0.442434 0.304864 0.005271
data/frame-000072.color.jpg 0.436792 0.699830 0.497813 -0.267644 1.927589 2.196758 -0.415250 0.406381 0.007281
data/frame-000073.color.jpg 0.442296 0.701884 0.491572 -0.264746 1.993915 2.171422 -0.384962 0.131202 0.003024
data/frame-000074.color.jpg 0.441185 0.703622 0.490873 -0.263277 2.037370 2.165712 -0.363252 0.400567 0.007492
data/frame-000075.color.jpg 0.443316 0.703007 0.491437 -0.260274 2.058613 2.168239 -0.342809 0.397550 0.007893
data/frame-000076.color.jpg 0.443788 0.702213 0.491844 -0.260841 2.080816 2.160691 -0.341027 0.378362 0.006820
data/frame-000077.color.jpg 0.444947 0.701598 0.492143 -0.259957 2.094801 2.157815 -0.333366 0.411660 0.007773
data/frame-000078.color.jpg 0.444507 0.700752 0.493628 -0.260177 2.113209 2.155746 -0.328079 0.377839 0.006808
data/frame-000079.color.jpg 0.444883 0.695883 0.496401 -0.267231 2.137100 2.149495 -0.371781 0.385028 0.005665
data/frame-000080.color.jpg 0.442060 0.685990 0.514013 -0.264181 2.090997 2.235833 -0.410888 0.189192 0.004237
data/frame-000081.color.jpg 0.438867 0.685014 0.516577 -0.267019 2.088558 2.247524 -0.434129 0.348608 0.007638
data/frame-000082.color.jpg 0.438614 0.682020 0.517073 -0.274047 2.093986 2.250617 -0.490847 0.329378 0.006775
data/frame-000083.color.jpg 0.449214 0.675612 0.514451 -0.277659 2.096354 2.267243 -0.560475 0.197689 0.003969
data/frame-000084.color.jpg 0.461999 0.670149 0.510720 -0.276808 2.100064 2.286111 -0.608037 0.153550 0.001702
data/frame-000085.color.jpg 0.469686 0.662982 0.510002 -0.282395 2.097002 2.299695 -0.683700 0.155710 0.003739
data/frame-000086.color.jpg 0.480794 0.660085 0.503826 -0.281576 2.117242 2.302193 -0.702170 0.116787 0.001517
data/frame-000087.color.jpg 0.490104 0.655907 0.503080 -0.276577 2.111125 2.328856 -0.704503 0.303061 0.005781
data/frame-000088.color.jpg 0.498075 0.658621 0.502202 -0.256775 2.107370 2.394184 -0.608646 0.421664 0.007410
data/frame-000089.color.jpg 0.504383 0.662419 0.493577 -0.251357 2.161952 2.384511 -0.566910 0.221429 0.004496
data/frame-000090.color.jpg 0.507528 0.665281 0.488957 -0.246449 2.195056 2.388692 -0.532915 0.345843 0.006459
data/frame-000091.color.jpg 0.513714 0.667567 0.480467 -0.244140 2.243228 2.375057 -0.507548 0.269983 0.004448
data/frame-000092.color.jpg 0.519829 0.668347 0.474141 -0.241412 2.281982 2.366382 -0.486246 0.281250 0.004741
data/frame-000093.color.jpg 0.524788 0.671384 0.466128 -0.237836 2.336683 2.354297 -0.448268 0.248305 0.004758
data/frame-000094.color.jpg 0.524861 0.675820 0.462809 -0.231508 2.372195 2.355567 -0.390700 0.167987 0.003770
data/frame-000095.color.jpg 0.518654 0.681618 0.464803 -0.224397 2.393911 2.363375 -0.326152 0.280660 0.005145
data/frame-000096.color.jpg 0.514635 0.684593 0.467734 -0.218420 2.398281 2.382526 -0.278929 0.107027 0.002592
data/frame-000097.color.jpg 0.506796 0.684867 0.475081 -0.220029 2.411066 2.390296 -0.280601 0.433665 0.007759
data/frame-000098.color.jpg 0.501838 0.682790 0.481512 -0.223837 2.411306 2.402598 -0.304452 0.356826 0.006053
data/frame-000099.color.jpg 0.497800 0.680035 0.488703 -0.225649 2.404931 2.415081 -0.321363 0.506134 0.008360
data/frame-000100.color.jpg 0.491167 0.676818 0.496961 -0.231739 2.397664 2.425189 -0.363771 0.520394 0.009748
data/frame-000101.color.jpg 0.482720 0.669318 0.509336 -0.244072 2.380905 2.444732 -0.449593 0.297750 0.005587
data/frame-000102.color.jpg 0.479428 0.663100 0.514969 -0.255451 2.372946 2.440231 -0.520944 0.140424 0.002170
data/frame-000103.color.jpg 0.475716 0.659536 0.521231 -0.258894 2.360992 2.455007 -0.543814 0.399079 0.007547
data/frame-000104.color.jpg 0.474771 0.651202 0.526517 -0.270755 2.340935 2.451005 -0.629778 0.425156 0.008057
data/frame-000105.color.jpg 0.473122 0.640457 0.532567 -0.286954 2.309363 2.442474 -0.745861 0.412068 0.007883
data/frame-000106.color.jpg 0.476190 0.632819 0.535315 -0.293637 2.291309 2.444533 -0.804923 0.508346 0.009927
data/frame-000107.color.jpg 0.477553 0.622692 0.541552 -0.301528 2.249303 2.458085 -0.879064 0.350452 0.006565
data/frame-000108.color.jpg 0.479821 0.612873 0.547820 -0.306679 2.210014 2.477168 -0.937853 0.410866 0.007973
data/frame-000109.color.jpg 0.479485 0.607773 0.552965 -0.308116 2.181842 2.498503 -0.960856 0.373148 0.007126
data/frame-000110.color.jpg 0.480399 0.603212 0.556282 -0.309680 2.159956 2.511843 -0.984712 0.303544 0.005869
data/frame-000111.color.jpg 0.481606 0.600451 0.558876 -0.308501 2.143137 2.528145 -0.987771 0.349205 0.007020
data/frame-000112.color.jpg 0.481717 0.597779 0.561633 -0.308510 2.129287 2.538058 -0.996005 0.426884 0.008768
data/frame-000113.color.jpg 0.479059 0.596973 0.565770 -0.306644 2.112227 2.557081 -0.988043 0.379306 0.007549
data/frame-000114.color.jpg 0.473558 0.595346 0.573128 -0.304681 2.084163 2.585407 -0.982272 0.375343 0.007839
data/frame-000115.color.jpg 0.467142 0.595514 0.579804 -0.301609 2.060757 2.612005 -0.964660 0.337234 0.007339
data/frame-000116.color.jpg 0.459663 0.597281 0.587258 -0.295117 2.036104 2.646223 -0.920123 0.243719 0.007009
data/frame-000117.color.jpg 0.456666 0.597982 0.589829 -0.293215 2.032875 2.656642 -0.903667 0.409339 0.009294
data/frame-000118.color.jpg 0.453787 0.598772 0.592347 -0.290989 2.023083 2.658989 -0.884041 0.501986 0.010589
data/frame-000119.color.jpg 0.453665 0.600883 0.593095 -0.285248 2.021254 2.667994 -0.845088 0.601288 0.012331
data/frame-000120.color.jpg 0.448307 0.604603 0.595450 -0.280917 2.011365 2.678960 -0.801833 0.530058 0.010660
data/frame-000121.color.jpg 0.444670 0.608948 0.596999 -0.273940 2.000508 2.687542 -0.745180 0.582518 0.010994
data/frame-000122.color.jpg 0.441376 0.616083 0.595208 -0.267126 2.006673 2.677667 -0.676469 0.580120 0.011193
data/frame-000123.color.jpg 0.434581 0.620099 0.597228 -0.264452 1.994027 2.659679 -0.639076 0.491307 0.009028
data/frame-000124.color.jpg 0.424195 0.626579 0.600859 -0.257730 1.977693 2.660171 -0.569372 0.567003 0.011233
data/frame-000125.color.jpg 0.417813 0.633333 0.602977 -0.246455 1.961211 2.657946 -0.477384 0.309992 0.006424
data/frame-000126.color.jpg 0.414415 0.637705 0.602312 -0.242515 1.970550 2.642250 -0.434498 0.325966 0.005977
data/frame-000127.color.jpg 0.404743 0.641061 0.604764 -0.243894 1.967050 2.613483 -0.409340 0.397647 0.008307
data/frame-000128.color.jpg 0.395620 0.643037 0.609378 -0.242169 1.951390 2.604857 -0.378516 0.238355 0.005030
data/frame-000129.color.jpg 0.390439 0.640042 0.614530 -0.245470 1.929672 2.599447 -0.398348 0.123078 0.001943
data/frame-000130.color.jpg 0.379784 0.636851 0.625976 -0.241533 1.879605 2.619078 -0.372865 0.218679 0.003323
data/frame-000131.color.jpg 0.372646 0.635773 0.631906 -0.240047 1.858884 2.623058 -0.362143 0.272086 0.005299
data/frame-000132.color.jpg 0.362840 0.635346 0.637881 -0.240396 1.842804 2.621754 -0.357520 0.345751 0.006340
data/frame-000133.color.jpg 0.348362 0.637806 0.644313 -0.238135 1.835376 2.620309 -0.328009 0.326716 0.005801
data/frame-000134.color.jpg 0.344888 0.637569 0.646251 -0.238574 1.832149 2.615358 -0.332803 0.278963 0.005042
data/frame-000135.color.jpg 0.340137 0.632523 0.648981 -0.251090 1.835027 2.601670 -0.417628 0.205496 0.004213
data/frame-000136.color.jpg 0.327939 0.627782 0.657092 -0.258022 1.859610 2.612019 -0.471158 0.425211 0.010030
data/frame-000137.color.jpg 0.319248 0.626865 0.661926 -0.258794 1.874010 2.626293 -0.473270 0.070023 0.002410
data/frame-000138.color.jpg 0.324606 0.625129 0.662385 -0.255129 1.900347 2.640436 -0.465498 0.156022 0.004009
data/frame-000139.color.jpg 0.330034 0.624157 0.658756 -0.259896 1.946487 2.634653 -0.498326 0.091355 0.002522
data/frame-000140.color.jpg 0.339006 0.619354 0.656076 -0.266533 2.000261 2.631712 -0.553827 0.120034 0.002835
data/frame-000141.color.jpg 0.339793 0.615960 0.658724 -0.266865 2.011808 2.648511 -0.564997 0.125887 0.002940
data/frame-000142.color.jpg 0.340196 0.615484 0.658807 -0.267244 2.017437 2.649271 -0.568653 0.063714 0.001639
data/frame-000143.color.jpg 0.343171 0.612870 0.659089 -0.268748 2.044096 2.658407 -0.586671 0.145342 0.003127
data/frame-000144.color.jpg 0.343215 0.611865 0.659719 -0.269433 2.059304 2.663376 -0.593523 0.179490 0.003453
data/frame-000145.color.jpg 0.343626 0.610645 0.660161 -0.270593 2.075194 2.664248 -0.604564 0.087116 0.002812
data/frame-000146.color.jpg 0.341723 0.608262 0.663043 -0.271326 2.085649 2.676996 -0.612687 0.214796 0.005604
data/frame-000147.color.jpg 0.337707 0.605320 0.667151 -0.272859 2.079458 2.691738 -0.630599 0.224315 0.004406
data/frame-000148.color.jpg 0.337684 0.602487 0.669610 -0.273132 2.074417 2.704698 -0.638337 0.273209 0.006495
data/frame-000149.color.jpg 0.339372 0.595485 0.673584 -0.276601 2.048724 2.724330 -0.683531 0.237116 0.004167
data/frame-000150.color.jpg 0.345054 0.592626 0.671052 -0.281819 2.059568 2.729540 -0.728589 0.318076 0.004632
data/frame-000151.color.jpg 0.350703 0.582893 0.672324 -0.291932 2.015874 2.742946 -0.824089 0.248748 0.004262
data/frame-000152.color.jpg 0.357231 0.567492 0.674231 -0.309437 1.940909 2.777286 -1.006031 0.249860 0.003855
data/frame-000153.color.jpg 0.361894 0.561041 0.674852 -0.314390 1.906919 2.800540 -1.071440 0.388300 0.007211
data/frame-000154.color.jpg 0.364636 0.558034 0.674637 -0.317023 1.893907 2.797347 -1.100618 0.313240 0.006194
data/frame-000155.color.jpg 0.368363 0.550722 0.676071 -0.322402 1.850984 2.814814 -1.175612 0.297615 0.005661
data/frame-000156.color.jpg 0.368219 0.546979 0.677451 -0.326020 1.821504 2.824367 -1.226857 0.317941 0.005610
data/frame-000157.color.jpg 0.377024 0.548757 0.673894 -0.320290 1.838038 2.844408 -1.216613 0.366067 0.006086
data/frame-000158.color.jpg 0.385075 0.560015 0.662387 -0.315188 1.936221 2.832372 -1.173735 0.361695 0.006867
data/frame-000159.color.jpg 0.395496 0.571705 0.649323 -0.308408 2.045972 2.802438 -1.113499 0.428092 0.007782
data/frame-000160.color.jpg 0.404842 0.591732 0.627427 -0.303794 2.234127 2.719831 -1.030546 0.294177 0.005588
data/frame-000161.color.jpg 0.410888 0.615950 0.602804 -0.297328 2.446282 2.619943 -0.911142 0.301252 0.005502
data/frame-000162.color.jpg 0.416027 0.628766 0.588626 -0.291709 2.553132 2.560203 -0.828873 0.261841 0.003893
data/frame-000163.color.jpg 0.421962 0.644857 0.573370 -0.278126 2.669552 2.513227 -0.682383 0.333278 0.005611
data/frame-000164.color.jpg 0.426609 0.657251 0.558667 -0.271877 2.773596 2.446958 -0.591625 0.165531 0.002622
data/frame-000165.color.jpg 0.427635 0.667308 0.548889 -0.265613 2.849924 2.400752 -0.511313 0.250055 0.003095
data/frame-000166.color.jpg 0.429361 0.676510 0.541198 -0.255124 2.908014 2.378463 -0.412864 0.207460 0.002745
data/frame-000167.color.jpg 0.426082 0.689224 0.531505 -0.246833 2.996131 2.323399 -0.318528 0.138834 0.002056
data/frame-000168.color.jpg 0.422989 0.696245 0.526298 -0.243585 3.047654 2.289184 -0.277998 0.083930 0.002188
data/frame-000169.color.jpg 0.419313 0.699266 0.526431 -0.240986 3.066749 2.287955 -0.258914 0.171961 0.002589
data/frame-000170.color.jpg 0.419822 0.700644 0.524568 -0.240157 3.085724 2.285114 -0.255373 0.079479 0.001734
data/frame-000171.color.jpg 0.420711 0.694519 0.524894 -0.255208 3.105617 2.265361 -0.378545 0.066781 0.002861
data/frame-000172.color.jpg 0.420024 0.693008 0.526514 -0.257105 3.100757 2.269741 -0.399828 0.096962 0.003760
data/frame-000173.color.jpg 0.417421 0.688454 0.532793 -0.260619 3.087377 2.302025 -0.447583 0.095738 0.003210
data/frame-000174.color.jpg 0.415225 0.677716 0.543492 -0.270009 3.048871 2.347230 -0.558670 0.027093 0.002045
data/frame-000175.color.jpg 0.409201 0.665157 0.559615 -0.277403 2.985328 2.422097 -0.664140 0.170055 0.002555
data/frame-000176.color.jpg 0.404720 0.655411 0.570607 -0.284687 2.934851 2.467233 -0.752794 0.102581 0.001830
data/frame-000177.color.jpg 0.404648 0.653179 0.572732 -0.285648 2.923990 2.478225 -0.767222 0.140470 0.002077
data/frame-000178.color.jpg 0.396513 0.638117 0.592530 -0.290677 2.815012 2.572403 -0.860826 0.269778 0.004020
data/frame-000179.color.jpg 0.395557 0.636391 0.594534 -0.291667 2.803305 2.580125 -0.874220 0.294370 0.004219
data/frame-000180.color.jpg 0.391268 0.630379 0.602981 -0.293166 2.754550 2.616914 -0.904722 0.304454 0.004573
data/frame-000181.color.jpg 0.386860 0.627435 0.609694 -0.291441 2.717785 2.651482 -0.905239 0.388155 0.005670
data/frame-000182.color.jpg 0.383758 0.623987 0.614519 -0.292809 2.687807 2.667620 -0.925611 0.315044 0.004455
data/frame-000183.color.jpg 0.378621 0.620060 0.622768 -0.290399 2.636198 2.703222 -0.921461 0.209532 0.003349
data/frame-000184.color.jpg 0.375607 0.617777 0.627859 -0.288209 2.601231 2.725026 -0.912675 0.099583 0.002149
data/frame-000185.color.jpg 0.375290 0.617641 0.628682 -0.287116 2.595384 2.730505 -0.905532 0.111627 0.002466
data/frame-000186.color.jpg 0.372890 0.617382 0.631119 -0.285447 2.579092 2.736308 -0.891538 0.065827 0.002322
data/frame-000187.color.jpg 0.369951 0.617131 0.633123 -0.285380 2.566203 2.739360 -0.887758 0.067319 0.001408
data/frame-000188.color.jpg 0.367241 0.616393 0.636115 -0.283816 2.545893 2.748373 -0.874319 0.214233 0.003375
data/frame-000189.color.jpg 0.363160 0.616656 0.640388 -0.278841 2.520576 2.764500 -0.835724 0.116373 0.001938
data/frame-000190.color.jpg 0.360868 0.616473 0.642017 -0.278477 2.511930 2.763672 -0.827495 0.135603 0.002718
data/frame-000191.color.jpg 0.358662 0.615126 0.644068 -0.279567 2.496126 2.763260 -0.831620 0.080687 0.001898
data/frame-000192.color.jpg 0.355603 0.614417 0.646441 -0.279557 2.481594 2.763218 -0.824083 0.172070 0.002831
data/frame-000193.color.jpg 0.351711 0.612728 0.650897 -0.277844 2.454820 2.774937 -0.810901 0.065819 0.001427
data/frame-000194.color.jpg 0.351640 0.610870 0.652570 -0.278101 2.434763 2.776466 -0.805430 0.013537 0.001669
data/frame-000195.color.jpg 0.349406 0.603298 0.660233 -0.279355 2.360952 2.801166 -0.825022 0.131450 0.002300
data/frame-000196.color.jpg 0.344555 0.599786 0.669450 -0.270879 2.292416 2.852356 -0.770553 0.235061 0.003800
data/frame-000197.color.jpg 0.340436 0.592510 0.679535 -0.266959 2.201853 2.893458 -0.760102 0.239671 0.003376
data/frame-000198.color.jpg 0.338718 0.589816 0.685467 -0.259850 2.141622 2.928349 -0.719703 0.185142 0.002891
data/frame-000199.color.jpg 0.343510 0.582491 0.688353 -0.262442 2.082576 2.936635 -0.755159 0.273988 0.003734
data/frame-000200.color.jpg 0.341111 0.579400 0.694338 -0.256582 2.023052 2.962980 -0.719499 0.162506 0.002064
data/frame-000201.color.jpg 0.338060 0.574227 0.699272 -0.258840 1.972080 2.971332 -0.737429 0.083641 0.000998
data/frame-000202.color.jpg 0.331297 0.565471 0.708963 -0.260492 1.886446 2.996365 -0.755814 0.104378 0.001309
data/frame-000203.color.jpg 0.324068 0.558601 0.717457 -0.261152 1.816840 3.019890 -0.763454 0.202145 0.002939
data/frame-000204.color.jpg 0.316927 0.551010 0.726693 -0.260504 1.742484 3.051928 -0.766178 0.318712 0.004671
data/frame-000205.color.jpg 0.312359 0.542067 0.735493 -0.260087 1.665339 3.082350 -0.775294 0.439071 0.006550
data/frame-000206.color.jpg 0.301270 0.525068 0.751069 -0.263506 1.531138 3.125918 -0.813108 0.400514 0.006024
data/frame-000207.color.jpg 0.294189 0.511510 0.763125 -0.263535 1.422906 3.165704 -0.826260 0.458116 0.007164
data/frame-000208.color.jpg 0.290585 0.494233 0.776480 -0.261482 1.293300 3.209235 -0.833642 0.551945 0.009144
data/frame-000209.color.jpg 0.286030 0.482222 0.785233 -0.262790 1.206837 3.230579 -0.851824 0.603877 0.010501
data/frame-000210.color.jpg 0.280164 0.467306 0.793605 -0.270785 1.115022 3.239976 -0.912011 0.412468 0.007266
data/frame-000211.color.jpg 0.275166 0.458052 0.797904 -0.278964 1.061402 3.241173 -0.965806 0.359458 0.005820
data/frame-000212.color.jpg 0.268798 0.427597 0.809707 -0.298803 0.876074 3.242925 -1.116585 0.305669 0.004874
data/frame-000213.color.jpg 0.270008 0.418470 0.813155 -0.301261 0.823510 3.251738 -1.148181 0.260432 0.004232
data/frame-000214.color.jpg 0.268494 0.407002 0.817630 -0.306172 0.751340 3.253529 -1.198353 0.110003 0.002207
data/frame-000215.color.jpg 0.268798 0.402950 0.820183 -0.304431 0.721793 3.272692 -1.197466 0.181191 0.004055
data/frame-000216.color.jpg 0.272842 0.396336 0.820411 -0.308869 0.692614 3.285363 -1.266070 0.148144 0.001175
data/frame-000217.color.jpg 0.273962 0.396187 0.818859 -0.312171 0.701181 3.286872 -1.305365 0.130492 0.001190
data/frame-000218.color.jpg 0.279713 0.400464 0.813435 -0.315773 0.756164 3.283312 -1.350087 0.224380 0.002028
data/frame-000219.color.jpg 0.284186 0.404327 0.808297 -0.320021 0.808099 3.274552 -1.399481 0.211891 0.004127
data/frame-000220.color.jpg 0.289970 0.413976 0.801994 -0.318351 0.902684 3.285971 -1.412471 0.135154 0.002647
data/frame-000221.color.jpg 0.292584 0.428343 0.794784 -0.315017 1.046206 3.316007 -1.415936 0.120586 0.002179
data/frame-000222.color.jpg 0.297057 0.429710 0.791647 -0.316863 1.088971 3.323408 -1.451372 0.152890 0.001688
data/frame-000223.color.jpg 0.298266 0.429444 0.788597 -0.323620 1.128246 3.315389 -1.517568 0.110866 0.001348
data/frame-000224.color.jpg 0.299574 0.426965 0.789232 -0.324144 1.129518 3.329261 -1.545032 0.132699 0.002062
data/frame-000225.color.jpg 0.301247 0.427449 0.789228 -0.321958 1.144976 3.345868 -1.546049 0.162557 0.002320
data/frame-000226.color.jpg 0.292581 0.427260 0.791016 -0.325790 1.141756 3.356837 -1.569534 0.076195 0.000667
data/frame-000227.color.jpg 0.287532 0.426519 0.791571 -0.329883 1.144425 3.367499 -1.606869 0.079339 0.001208
data/frame-000228.color.jpg 0.271129 0.413973 0.796718 -0.346923 1.044201 3.363799 -1.730409 0.156556 0.002504
data/frame-000229.color.jpg 0.262462 0.395621 0.806976 -0.351264 0.882262 3.410261 -1.788376 0.142424 0.002653
data/frame-000230.color.jpg 0.251509 0.370204 0.815676 -0.366557 0.668157 3.408864 -1.918329 0.071850 0.000257
data/frame-000231.color.jpg 0.246174 0.353789 0.821969 -0.372288 0.527605 3.419566 -1.973401 0.119184 0.002278
data/frame-000232.color.jpg 0.240065 0.337814 0.827080 -0.379721 0.391473 3.413516 -2.030174 0.187419 0.003279
data/frame-000233.color.jpg 0.230248 0.321596 0.832503 -0.387943 0.249928 3.401670 -2.076988 0.115228 0.002027
data/frame-000234.color.jpg 0.220388 0.304195 0.838198 -0.395371 0.098567 3.387689 -2.111060 0.161024 0.002323
data/frame-000235.color.jpg 0.207048 0.285496 0.842686 -0.406820 -0.056655 3.351043 -2.156113 0.160823 0.001523
data/frame-000236.color.jpg 0.200776 0.278003 0.844183 -0.412019 -0.115689 3.335557 -2.170868 0.117912 0.001166
data/frame-000237.color.jpg 0.192732 0.269542 0.845406 -0.418915 -0.178683 3.312887 -2.188043 0.118292 0.001138
data/frame-000238.color.jpg 0.187891 0.260549 0.847464 -0.422629 -0.234856 3.295370 -2.187556 0.131200 0.002743
data/frame-000239.color.jpg 0.183105 0.254102 0.848579 -0.426402 -0.275945 3.277786 -2.190260 0.098123 0.002133
data/frame-000240.color.jpg 0.178486 0.245020 0.851133 -0.428580 -0.333390 3.261641 -2.176390 0.108938 0.002315
data/frame-000241.color.jpg 0.178828 0.239469 0.851850 -0.430147 -0.358005 3.243634 -2.174982 0.107626 0.002627
data/frame-000242.color.jpg 0.177446 0.232999 0.854399 -0.429217 -0.398709 3.230441 -2.146838 0.166113 0.003359
data/frame-000243.color.jpg 0.176656 0.234075 0.856070 -0.425612 -0.377978 3.237583 -2.100688 0.228997 0.004372
data/frame-000244.color.jpg 0.177618 0.235210 0.856531 -0.423653 -0.359185 3.232434 -2.074187 0.138098 0.002957
data/frame-000245.color.jpg 0.178099 0.238347 0.856789 -0.421169 -0.324730 3.229331 -2.037180 0.071102 0.001129
data/frame-000246.color.jpg 0.173816 0.242496 0.856261 -0.421665 -0.291125 3.225719 -2.010679 0.177386 0.002960
data/frame-000247.color.jpg 0.169184 0.243062 0.858286 -0.419097 -0.292394 3.225480 -1.966455 0.364657 0.006139
data/frame-000248.color.jpg 0.164883 0.240196 0.864191 -0.410237 -0.325430 3.254601 -1.889253 0.248876 0.004048
data/frame-000249.color.jpg 0.163438 0.239802 0.866528 -0.406094 -0.333407 3.268225 -1.855615 0.210978 0.003213
data/frame-000250.color.jpg 0.156692 0.235903 0.874412 -0.393956 -0.385715 3.308600 -1.752931 0.227073 0.003737
data/frame-000251.color.jpg 0.139317 0.217049 0.893916 -0.366597 -0.561169 3.401640 -1.522927 0.211711 0.003327
data/frame-000252.color.jpg 0.135311 0.209655 0.900679 -0.355687 -0.619827 3.432828 -1.440482 0.208758 0.002762
data/frame-000253.color.jpg 0.135224 0.207632 0.901662 -0.354413 -0.633660 3.434705 -1.431375 0.194764 0.003150
data/frame-000254.color.jpg 0.124492 0.200947 0.909668 -0.341506 -0.688371 3.487877 -1.315341 0.174897 0.002863
data/frame-000255.color.jpg 0.115058 0.198250 0.912744 -0.338167 -0.708065 3.516883 -1.267121 0.151130 0.002674
data/frame-000256.color.jpg 0.113562 0.198203 0.914421 -0.334147 -0.710976 3.532302 -1.237492 0.213823 0.002712
data/frame-000257.color.jpg 0.110969 0.192788 0.918033 -0.328227 -0.752131 3.556504 -1.197050 0.159961 0.002640
data/frame-000258.color.jpg 0.101442 0.171359 0.926846 -0.318281 -0.912468 3.600131 -1.125783 0.242822 0.003854
data/frame-000259.color.jpg 0.094208 0.150756 0.930710 -0.319649 -1.065819 3.599930 -1.122409 0.217364 0.003749
data/frame-000260.color.jpg 0.093910 0.138226 0.933453 -0.317395 -1.164287 3.600986 -1.115339 0.165450 0.002686
data/frame-000261.color.jpg 0.094977 0.132729 0.934380 -0.316695 -1.206190 3.614100 -1.126732 0.148310 0.001987
data/frame-000262.color.jpg 0.095581 0.128782 0.936883 -0.310693 -1.237809 3.634673 -1.102998 0.328485 0.004589
data/frame-000263.color.jpg 0.096566 0.119155 0.938926 -0.308049 -1.311459 3.640000 -1.102904 0.441000 0.005934
data/frame-000264.color.jpg 0.098252 0.111541 0.940950 -0.304168 -1.375216 3.643807 -1.088963 0.334217 0.004505
data/frame-000265.color.jpg 0.100051 0.108173 0.942173 -0.300997 -1.407662 3.650839 -1.079881 0.269276 0.003652
data/frame-000266.color.jpg 0.102641 0.104680 0.941974 -0.301979 -1.440644 3.647286 -1.104049 0.459239 0.005906
data/frame-000267.color.jpg 0.102772 0.102119 0.941151 -0.305360 -1.469222 3.639896 -1.124690 0.204990 0.003308
data/frame-000268.color.jpg 0.106953 0.107017 0.942129 -0.299167 -1.440085 3.662507 -1.097120 0.118532 0.002266
data/frame-000269.color.jpg 0.108499 0.117360 0.943125 -0.291497 -1.374166 3.697986 -1.046501 0.192876 0.005578
data/frame-000270.color.jpg 0.124002 0.143489 0.939414 -0.285545 -1.158341 3.747435 -1.066612 0.745765 0.010470
data/frame-000271.color.jpg 0.125329 0.158019 0.937451 -0.283741 -1.040506 3.783251 -1.054108 0.427282 0.005979
data/frame-000272.color.jpg 0.134552 0.192726 0.930574 -0.280684 -0.750194 3.840341 -1.045697 0.277638 0.004401
data/frame-000273.color.jpg 0.140914 0.227487 0.921740 -0.280693 -0.446419 3.863578 -1.043233 0.416020 0.006779
data/frame-000274.color.jpg 0.132139 0.244945 0.918114 -0.282149 -0.286967 3.872690 -1.011780 0.208448 0.003634
data/frame-000275.color.jpg 0.127028 0.252947 0.916341 -0.283196 -0.222527 3.867434 -0.992406 0.197401 0.003590
data/frame-000276.color.jpg 0.132716 0.268860 0.913708 -0.274298 -0.099855 3.864146 -0.927250 0.197858 0.004215
data/frame-000277.color.jpg 0.138155 0.279602 0.911056 -0.269653 -0.020181 3.848009 -0.887040 0.149711 0.003747
data/frame-000278.color.jpg 0.146019 0.288961 0.905725 -0.273573 0.061818 3.820514 -0.917071 0.113600 0.002059
data/frame-000279.color.jpg 0.142691 0.290679 0.902077 -0.285311 0.079952 3.781704 -0.980238 0.090801 0.002822
data/frame-000280.color.jpg 0.141302 0.289236 0.898981 -0.297001 0.072657 3.740902 -1.051767 0.106049 0.002001
data/frame-000281.color.jpg 0.133357 0.283859 0.898582 -0.306905 0.021487 3.706580 -1.091211 0.306364 0.006391
data/frame-000282.color.jpg 0.139861 0.275238 0.905174 -0.292134 -0.090580 3.695847 -0.990454 0.048895 0.002207
data/frame-000283.color.jpg 0.139873 0.267849 0.904702 -0.300346 -0.150373 3.656553 -1.044249 0.321412 0.005383
data/frame-000284.color.jpg 0.120306 0.247660 0.908139 -0.315396 -0.317731 3.581570 -1.076028 0.259023 0.004274
data/frame-000285.color.jpg 0.117413 0.244712 0.908472 -0.317819 -0.340160 3.572886 -1.079795 0.064988 0.002184
data/frame-000286.color.jpg 0.108500 0.234821 0.909200 -0.326256 -0.419379 3.533383 -1.101440 0.152105 0.003595
data/frame-000287.color.jpg 0.108210 0.228112 0.910813 -0.326611 -0.466932 3.506947 -1.093454 0.045251 0.001640
data/frame-000288.color.jpg 0.101969 0.217558 0.910847 -0.335602 -0.530383 3.462709 -1.124469 0.095388 0.002066
data/frame-000289.color.jpg 0.094554 0.199777 0.914277 -0.339478 -0.645758 3.419018 -1.109536 0.090547 0.002759
data/frame-000290.color.jpg 0.085416 0.188173 0.916555 -0.342376 -0.714164 3.394951 -1.090175 0.134696 0.002887
data/frame-000291.color.jpg 0.077659 0.174602 0.919069 -0.344669 -0.781303 3.357108 -1.065228 0.119641 0.002461
data/frame-000292.color.jpg 0.073901 0.169604 0.920705 -0.343620 -0.793308 3.344818 -1.038101 0.080759 0.002559
data/frame-000293.color.jpg 0.072014 0.165967 0.921290 -0.344230 -0.793988 3.331316 -1.030509 0.098043 0.002682
data/frame-000294.color.jpg 0.071883 0.163568 0.922112 -0.343202 -0.792692 3.323900 -1.017633 0.091188 0.002807
data/frame-000295.color.jpg 0.073819 0.157308 0.921891 -0.346298 -0.797744 3.296075 -1.034463 0.173431 0.002010
data/frame-000296.color.jpg 0.076555 0.156253 0.920942 -0.348698 -0.788711 3.282348 -1.052956 0.200172 0.002244
data/frame-000297.color.jpg 0.079750 0.156573 0.919240 -0.352312 -0.766580 3.266751 -1.079910 0.179528 0.002199
data/frame-000298.color.jpg 0.081428 0.157425 0.918534 -0.353386 -0.751689 3.262973 -1.088576 0.166787 0.002612
data/frame-000299.color.jpg 0.087515 0.160129 0.916715 -0.355434 -0.710299 3.249716 -1.112429 0.214255 0.003187
data/frame-000300.color.jpg 0.091649 0.165623 0.918415 -0.347396 -0.666818 3.264296 -1.067612 0.235527 0.003725
data/frame-000301.color.jpg 0.093250 0.169735 0.919413 -0.342308 -0.631136 3.271331 -1.040442 0.170973 0.002775
data/frame-000302.color.jpg 0.093942 0.175853 0.919520 -0.338724 -0.579265 3.278458 -1.018379 0.254847 0.003925
data/frame-000303.color.jpg 0.095044 0.195356 0.926290 -0.307878 -0.444116 3.320684 -0.832301 0.229238 0.002660
data/frame-000304.color.jpg 0.096626 0.197180 0.927166 -0.303557 -0.433746 3.325652 -0.809215 0.226783 0.002611
data/frame-000305.color.jpg 0.101411 0.203737 0.927708 -0.295912 -0.392533 3.329638 -0.775790 0.312852 0.004840
data/frame-000306.color.jpg 0.098934 0.208063 0.927815 -0.293395 -0.359486 3.336547 -0.754645 0.280874 0.003754
data/frame-000307.color.jpg 0.100005 0.208248 0.929930 -0.286115 -0.357838 3.339006 -0.713065 0.298162 0.004489
data/frame-000308.color.jpg 0.094930 0.207122 0.931275 -0.284280 -0.356740 3.336889 -0.689037 0.330184 0.004734
data/frame-000309.color.jpg 0.090453 0.196631 0.934212 -0.283553 -0.413371 3.324808 -0.674180 0.206291 0.003018
data/frame-000310.color.jpg 0.085700 0.183514 0.936372 -0.286681 -0.485248 3.305845 -0.680343 0.167925 0.003715
data/frame-000311.color.jpg 0.075748 0.164853 0.938305 -0.294396 -0.580588 3.276063 -0.700232 0.241630 0.004173
data/frame-000312.color.jpg 0.066062 0.145102 0.940836 -0.299013 -0.681220 3.243629 -0.697455 0.279415 0.004761
data/frame-000313.color.jpg 0.059233 0.126445 0.942286 -0.304302 -0.771343 3.206781 -0.704164 0.186179 0.002754
data/frame-000314.color.jpg 0.051193 0.105789 0.943939 -0.308490 -0.880117 3.171403 -0.700779 0.194758 0.002458
data/frame-000315.color.jpg 0.044820 0.083874 0.947484 -0.305337 -1.002725 3.141332 -0.656635 0.151947 0.003024
data/frame-000316.color.jpg 0.036612 0.069889 0.949931 -0.302334 -1.084925 3.126149 -0.613331 0.135880 0.001811
data/frame-000317.color.jpg 0.031331 0.055812 0.949770 -0.306335 -1.163406 3.101446 -0.617262 0.115684 0.002002
data/frame-000318.color.jpg 0.020935 0.035849 0.947600 -0.316750 -1.285420 3.061479 -0.647914 0.280042 0.004410
data/frame-000319.color.jpg 0.010602 0.013866 0.945297 -0.325742 -1.413863 3.021174 -0.658864 0.051993 0.000859
data/frame-000320.color.jpg 0.006083 0.001519 0.942837 -0.333195 -1.489235 2.991433 -0.684464 0.095330 0.001133
data/frame-000321.color.jpg 0.007081 -0.012992 0.940586 -0.339233 -1.580331 2.951023 -0.717009 0.137100 0.000871
data/frame-000322.color.jpg 0.000496 -0.025361 0.937430 -0.347249 -1.658947 2.916357 -0.739666 0.278490 0.001730
data/frame-000323.color.jpg 0.000074 -0.032015 0.935119 -0.352883 -1.698554 2.890279 -0.765425 0.281276 0.003276
data/frame-000324.color.jpg 0.005055 0.048742 -0.928696 0.367589 -1.802569 2.827112 -0.822882 0.236689 0.002670
data/frame-000325.color.jpg 0.013682 0.080072 -0.920965 0.381085 -1.984515 2.708566 -0.827012 0.457758 0.006448
data/frame-000326.color.jpg 0.014658 0.090648 -0.918698 0.384137 -2.043732 2.661728 -0.822396 0.456757 0.006551
data/frame-000327.color.jpg 0.017563 0.104894 -0.914753 0.389763 -2.119584 2.596928 -0.817109 0.515829 0.007691
data/frame-000328.color.jpg 0.023930 0.116294 -0.909663 0.398017 -2.175302 2.540443 -0.816516 0.392511 0.006409
data/frame-000329.color.jpg 0.025660 0.125485 -0.907271 0.400567 -2.213310 2.496546 -0.801792 0.450443 0.007209
data/frame-000330.color.jpg 0.028656 0.132467 -0.908316 0.395719 -2.230907 2.478232 -0.746313 0.566481 0.010252
data/frame-000331.color.jpg 0.031262 0.138840 -0.908555 0.392777 -2.252214 2.456981 -0.708269 0.502166 0.009056
data/frame-000332.color.jpg 0.027260 0.153952 -0.910630 0.382504 -2.309846 2.393192 -0.638175 0.491961 0.009692
data/frame-000333.color.jpg 0.033228 0.161354 -0.911553 0.376738 -2.332934 2.375455 -0.575110 0.471220 0.009350
data/frame-000334.color.jpg 0.035233 0.172100 -0.913715 0.366421 -2.369810 2.338986 -0.496913 0.380470 0.008000
data/frame-000335.color.jpg 0.037365 0.180632 -0.916005 0.356246 -2.399889 2.315424 -0.425535 0.309199 0.006139
data/frame-000336.color.jpg 0.039147 0.188036 -0.918504 0.345630 -2.422518 2.293730 -0.355881 0.450118 0.008235
data/frame-000337.color.jpg 0.049337 0.202861 -0.922158 0.325633 -2.452946 2.257652 -0.209596 0.276419 0.005471
data/frame-000338.color.jpg 0.051466 0.203193 -0.923321 0.321780 -2.446979 2.265780 -0.184863 0.404980 0.007733
data/frame-000339.color.jpg 0.050820 0.208497 -0.926581 0.308859 -2.445562 2.245563 -0.124448 0.337235 0.007790
data/frame-000340.color.jpg 0.055390 0.213062 -0.927342 0.302613 -2.448601 2.233617 -0.090327 0.310489 0.006534
data/frame-000341.color.jpg 0.059743 0.210178 -0.928944 0.298862 -2.399377 2.270043 -0.075470 0.213081 0.004378
data/frame-000342.color.jpg 0.062123 0.180032 -0.936969 0.292948 -2.182149 2.439476 -0.117111 0.191265 0.003894
data/frame-000343.color.jpg 0.063908 0.172097 -0.939228 0.290085 -2.123531 2.485593 -0.114355 0.278747 0.004934
data/frame-000344.color.jpg 0.062052 0.160047 -0.941515 0.289972 -2.030630 2.537045 -0.145993 0.348926 0.008556
data/frame-000345.color.jpg 0.060395 0.155354 -0.943277 0.287135 -1.975530 2.564142 -0.151020 0.259836 0.006678
data/frame-000346.color.jpg 0.064015 0.152516 -0.943914 0.285775 -1.930318 2.588563 -0.148354 0.103413 0.002921
data/frame-000347.color.jpg 0.062640 0.148661 -0.944076 0.287571 -1.870880 2.603611 -0.177010 0.352765 0.008262
data/frame-000348.color.jpg 0.058288 0.151007 -0.942036 0.293883 -1.863824 2.584147 -0.233799 0.258123 0.006881
data/frame-000349.color.jpg 0.046118 0.154799 -0.942497 0.292593 -1.861868 2.571544 -0.266760 0.379891 0.009308
data/frame-000350.color.jpg 0.044082 0.165769 -0.941115 0.291343 -1.904081 2.545452 -0.270457 0.473343 0.010671
data/frame-000351.color.jpg 0.063012 0.209743 -0.927948 0.301578 -2.098567 2.420710 -0.240493 0.226835 0.004000
data/frame-000352.color.jpg 0.071246 0.231458 -0.922786 0.299694 -2.199172 2.360625 -0.184022 0.530964 0.012720
data/frame-000353.color.jpg 0.071903 0.243493 -0.918089 0.304390 -2.233086 2.313434 -0.197446 0.334819 0.009134
data/frame-000354.color.jpg 0.068155 0.248864 -0.914582 0.311385 -2.247768 2.290167 -0.245414 0.530464 0.012361
data/frame-000355.color.jpg 0.070916 0.240522 -0.918550 0.305591 -2.177873 2.364211 -0.224680 0.466288 0.011658
data/frame-000356.color.jpg 0.070518 0.225361 -0.915684 0.325211 -2.063780 2.390047 -0.356573 1.759284 0.042611
