frame-000000.color.jpg 0.309871 0.930100 -0.187787 0.060255 -0.995308 0.970896 0.711610 0.762908 0.015057
frame-000001.color.jpg 0.314021 0.929543 -0.184858 0.056286 -0.986761 0.972165 0.718674 0.614114 0.011540
frame-000002.color.jpg 0.313563 0.931047 -0.178765 0.053608 -0.989676 0.966571 0.732775 0.635498 0.013766
frame-000003.color.jpg 0.319179 0.930262 -0.172020 0.056092 -0.995403 0.961473 0.727834 0.404572 0.010725
frame-000004.color.jpg 0.323345 0.929208 -0.170118 0.055506 -0.993317 0.968527 0.727830 0.393425 0.010561
frame-000005.color.jpg 0.324720 0.929100 -0.169018 0.052553 -0.987691 0.970072 0.733455 0.287530 0.008304
frame-000006.color.jpg 0.326487 0.928831 -0.168143 0.049062 -0.983550 0.975526 0.737598 0.362285 0.010670
frame-000007.color.jpg 0.328642 0.927786 -0.169212 0.050745 -0.987924 0.983615 0.727856 0.248027 0.009567
frame-000008.color.jpg 0.327779 0.927922 -0.170353 0.050013 -0.986849 0.988137 0.730197 0.417088 0.010903
frame-000009.color.jpg 0.327183 0.928019 -0.169400 0.055100 -1.000493 0.986506 0.719486 0.305729 0.010073
frame-000010.color.jpg 0.329371 0.926808 -0.170879 0.057808 -1.008587 0.991959 0.707786 0.233872 0.010349
frame-000011.color.jpg 0.331928 0.925232 -0.171887 0.064993 -1.020308 0.999094 0.685091 0.136941 0.008174
frame-000012.color.jpg 0.330415 0.925616 -0.171809 0.067398 -1.027308 1.001061 0.680957 0.188738 0.007926
frame-000013.color.jpg 0.331113 0.925474 -0.171369 0.067041 -1.037119 1.003696 0.679886 0.594374 0.017490
frame-000014.color.jpg 0.331637 0.924502 -0.174491 0.069752 -1.030705 1.015829 0.668466 0.480869 0.015022
frame-000015.color.jpg 0.330678 0.921233 -0.187738 0.082072 -1.025954 1.043012 0.625988 0.480612 0.013466
frame-000016.color.jpg 0.329164 0.919435 -0.197496 0.085359 -1.009386 1.067364 0.612342 0.546217 0.014758
frame-000017.color.jpg 0.332191 0.915423 -0.208797 0.089743 -0.977566 1.103111 0.587965 0.479622 0.012604
frame-000018.color.jpg 0.333654 0.914153 -0.211715 0.090421 -0.968538 1.113609 0.582385 0.473234 0.012438
frame-000019.color.jpg 0.335462 0.911072 -0.220574 0.093594 -0.929280 1.140875 0.570403 0.424727 0.010234
frame-000020.color.jpg 0.347811 0.902048 -0.231489 0.108397 -0.869567 1.192063 0.520410 0.276223 0.003016
frame-000021.color.jpg 0.351835 0.897606 -0.237582 0.118617 -0.847076 1.217520 0.494328 0.226321 0.004263
frame-000022.color.jpg 0.358444 0.889901 -0.247771 0.134922 -0.810161 1.251157 0.450181 0.293037 0.007086
frame-000023.color.jpg 0.364753 0.885689 -0.249367 0.142570 -0.791395 1.266180 0.427055 0.311255 0.007232
frame-000024.color.jpg 0.369597 0.882786 -0.250797 0.145560 -0.773175 1.278938 0.415452 0.298465 0.007605
frame-000025.color.jpg 0.374560 0.879954 -0.251032 0.149562 -0.760675 1.288730 0.401330 0.310582 0.006769
frame-000026.color.jpg 0.378323 0.877424 -0.251744 0.153696 -0.752368 1.297520 0.388212 0.233107 0.005782
frame-000027.color.jpg 0.381031 0.874288 -0.253810 0.161297 -0.745359 1.308575 0.366583 0.364663 0.008523
frame-000028.color.jpg 0.385340 0.868318 -0.260075 0.172908 -0.736752 1.323446 0.333093 0.213375 0.006055
frame-000029.color.jpg 0.387767 0.861964 -0.266798 0.188344 -0.722960 1.335427 0.296382 0.253425 0.007192
frame-000030.color.jpg 0.387965 0.858074 -0.270430 0.200151 -0.716455 1.334052 0.271661 0.308729 0.007029
frame-000031.color.jpg 0.385259 0.857328 -0.273452 0.204421 -0.712242 1.341107 0.268809 0.234859 0.006825
frame-000032.color.jpg 0.387340 0.850763 -0.279720 0.218920 -0.700535 1.349702 0.231365 0.251447 0.007870
frame-000033.color.jpg 0.389433 0.846359 -0.284853 0.225559 -0.687575 1.364413 0.211564 0.277949 0.007390
frame-000034.color.jpg 0.386341 0.846055 -0.286868 0.229430 -0.680358 1.367979 0.211766 0.204677 0.005990
frame-000035.color.jpg 0.382374 0.847489 -0.287865 0.229533 -0.671668 1.367512 0.221314 0.249968 0.006564
frame-000036.color.jpg 0.379286 0.849331 -0.287137 0.228760 -0.657699 1.367714 0.229144 0.300101 0.011174
frame-000037.color.jpg 0.373849 0.856270 -0.280320 0.220136 -0.654621 1.363018 0.260550 0.240896 0.011101
frame-000038.color.jpg 0.367688 0.862455 -0.274095 0.214124 -0.658176 1.352496 0.283319 0.246592 0.010592
frame-000039.color.jpg 0.349802 0.871625 -0.272693 0.208680 -0.658738 1.345654 0.323036 0.266311 0.009034
frame-000040.color.jpg 0.345455 0.876075 -0.270509 0.199945 -0.642495 1.349877 0.335213 0.360830 0.010670
frame-000041.color.jpg 0.330576 0.887586 -0.265899 0.179465 -0.624446 1.343187 0.390268 0.582348 0.012084
frame-000042.color.jpg 0.319197 0.894145 -0.264542 0.169222 -0.609069 1.353869 0.415357 0.441827 0.009126
frame-000043.color.jpg 0.310442 0.899752 -0.257453 0.166702 -0.617285 1.349559 0.420608 0.604785 0.009374
frame-000044.color.jpg 0.302822 0.901863 -0.255003 0.172961 -0.630591 1.346215 0.413470 0.622257 0.009503
frame-000045.color.jpg 0.298172 0.902825 -0.256220 0.174218 -0.628225 1.344655 0.413659 0.457210 0.009379
frame-000046.color.jpg 0.289292 0.904784 -0.258655 0.175424 -0.619944 1.339605 0.424640 0.322379 0.008938
frame-000047.color.jpg 0.278794 0.906925 -0.263516 0.174130 -0.596442 1.332147 0.445684 0.460359 0.011479
frame-000048.color.jpg 0.265403 0.908124 -0.273519 0.173377 -0.541952 1.336871 0.481739 0.288263 0.006903
frame-000049.color.jpg 0.263324 0.906741 -0.280700 0.172304 -0.492380 1.342091 0.498013 0.296907 0.005941
frame-000050.color.jpg 0.261359 0.904903 -0.287854 0.173153 -0.455502 1.349402 0.508891 0.206361 0.003963
frame-000051.color.jpg 0.261493 0.902234 -0.294877 0.175048 -0.406672 1.350631 0.521349 0.354774 0.006743
frame-000052.color.jpg 0.259664 0.901526 -0.299362 0.173805 -0.375003 1.349388 0.537968 0.349090 0.005791
frame-000053.color.jpg 0.257071 0.899722 -0.305369 0.176537 -0.336374 1.348769 0.554074 0.195344 0.000998
frame-000054.color.jpg 0.255923 0.899218 -0.308078 0.176066 -0.303280 1.341729 0.569351 0.331063 0.001510
frame-000055.color.jpg 0.254840 0.899711 -0.306420 0.178000 -0.285179 1.331901 0.580675 0.163778 0.002965
frame-000056.color.jpg 0.256299 0.898868 -0.306645 0.179768 -0.264507 1.328284 0.582305 0.220692 0.007387
frame-000057.color.jpg 0.259721 0.896776 -0.310130 0.179325 -0.224571 1.332734 0.586723 0.338731 0.006995
frame-000058.color.jpg 0.265974 0.891440 -0.318467 0.182128 -0.183856 1.345714 0.572777 0.370727 0.005736
frame-000059.color.jpg 0.267883 0.890262 -0.320090 0.182248 -0.174291 1.345667 0.567340 0.207041 0.005780
frame-000060.color.jpg 0.267575 0.888755 -0.324755 0.181803 -0.148587 1.348016 0.569240 0.146880 0.004512
frame-000061.color.jpg 0.263136 0.888018 -0.329081 0.184090 -0.128415 1.350623 0.571115 0.149635 0.005651
frame-000062.color.jpg 0.260294 0.886968 -0.335253 0.182042 -0.088530 1.363527 0.559261 0.418390 0.012910
frame-000063.color.jpg 0.262174 0.879916 -0.349134 0.187396 -0.044853 1.392629 0.530485 0.651072 0.014687
frame-000064.color.jpg 0.260921 0.873774 -0.363465 0.190613 -0.006474 1.414399 0.517972 0.319877 0.009434
frame-000065.color.jpg 0.256483 0.866511 -0.380825 0.195826 0.036439 1.436804 0.507005 0.539598 0.011221
frame-000066.color.jpg 0.251823 0.857570 -0.403633 0.195551 0.109653 1.461232 0.507728 0.566704 0.008566
frame-000067.color.jpg 0.251161 0.849907 -0.416427 0.202889 0.147989 1.480845 0.491660 0.331588 0.006706
frame-000068.color.jpg 0.245887 0.844769 -0.428403 0.205854 0.180111 1.484220 0.496423 0.251859 0.006450
frame-000069.color.jpg 0.239120 0.840244 -0.440234 0.207378 0.207322 1.484713 0.509078 0.352068 0.008110
frame-000070.color.jpg 0.220541 0.823723 -0.473492 0.220560 0.278442 1.478805 0.547021 0.281729 0.007240
frame-000071.color.jpg 0.215429 0.813372 -0.490475 0.226827 0.322105 1.472614 0.561607 0.513487 0.011094
frame-000072.color.jpg 0.210378 0.798369 -0.514186 0.232293 0.395103 1.461236 0.587529 0.473599 0.009956
frame-000073.color.jpg 0.211938 0.785974 -0.531210 0.234827 0.458966 1.453069 0.597493 0.594801 0.011040
frame-000074.color.jpg 0.213098 0.773885 -0.546339 0.239176 0.521360 1.443498 0.611946 0.507529 0.010528
frame-000075.color.jpg 0.213814 0.766824 -0.554467 0.242550 0.561886 1.433336 0.627060 0.428637 0.009046
frame-000076.color.jpg 0.218096 0.755744 -0.566861 0.244856 0.633842 1.411293 0.649463 0.410471 0.007185
frame-000077.color.jpg 0.221314 0.750204 -0.569481 0.252793 0.660212 1.398201 0.664561 0.296151 0.005828
frame-000078.color.jpg 0.234327 0.749746 -0.564979 0.252527 0.688811 1.404873 0.652057 0.173050 0.003417
frame-000079.color.jpg 0.245002 0.750963 -0.558061 0.254159 0.688614 1.416686 0.629980 0.055385 0.002360
frame-000080.color.jpg 0.258852 0.754557 -0.545155 0.257771 0.672612 1.432170 0.603762 0.245193 0.003507
frame-000081.color.jpg 0.267036 0.760235 -0.533905 0.256281 0.653784 1.431977 0.601194 0.318444 0.005409
frame-000082.color.jpg 0.270651 0.764189 -0.525133 0.258841 0.627842 1.425847 0.607106 0.296459 0.002915
frame-000083.color.jpg 0.287282 0.767813 -0.514881 0.250659 0.638913 1.416424 0.590096 0.219992 0.004136
frame-000084.color.jpg 0.290794 0.771529 -0.508795 0.247607 0.629154 1.406718 0.603886 0.507214 0.008894
frame-000085.color.jpg 0.292933 0.771226 -0.507556 0.248571 0.626957 1.400183 0.603775 0.428643 0.006436
frame-000086.color.jpg 0.290544 0.776128 -0.500965 0.249488 0.606885 1.368369 0.646461 0.584309 0.009376
frame-000087.color.jpg 0.285978 0.776450 -0.501746 0.252176 0.600673 1.350678 0.681991 0.760643 0.013741
frame-000088.color.jpg 0.291054 0.772284 -0.505132 0.252402 0.621200 1.332249 0.691389 0.519817 0.008039
frame-000089.color.jpg 0.289161 0.769260 -0.509154 0.255709 0.631861 1.314688 0.711329 0.815473 0.012153
frame-000090.color.jpg 0.290892 0.761745 -0.521248 0.251849 0.686440 1.275512 0.736798 0.518880 0.008919
frame-000091.color.jpg 0.288827 0.754694 -0.533051 0.250744 0.729443 1.215605 0.784795 0.486219 0.008870
frame-000092.color.jpg 0.280761 0.752643 -0.539442 0.252396 0.743839 1.182513 0.833474 0.617576 0.010797
frame-000093.color.jpg 0.277013 0.750516 -0.544431 0.252160 0.754864 1.151222 0.868777 0.704153 0.010569
frame-000094.color.jpg 0.277757 0.744984 -0.550479 0.254604 0.773276 1.126003 0.894468 0.732148 0.013028
frame-000095.color.jpg 0.278525 0.742383 -0.551976 0.258095 0.774891 1.111583 0.913484 0.726705 0.011829
frame-000096.color.jpg 0.276268 0.744151 -0.550707 0.258140 0.767273 1.099815 0.935779 0.687069 0.011124
frame-000097.color.jpg 0.277830 0.746661 -0.546627 0.257888 0.759670 1.093953 0.942135 0.660256 0.010047
frame-000098.color.jpg 0.277915 0.750341 -0.542369 0.256100 0.752086 1.086516 0.945988 0.610975 0.007643
frame-000099.color.jpg 0.275014 0.757991 -0.534953 0.252273 0.735491 1.076175 0.959674 0.562177 0.007198
frame-000100.color.jpg 0.276146 0.758681 -0.533747 0.251515 0.738338 1.074256 0.958998 0.578983 0.008507
frame-000101.color.jpg 0.279044 0.762087 -0.528806 0.248438 0.735937 1.067806 0.952707 0.550791 0.008656
frame-000102.color.jpg 0.271477 0.773491 -0.518949 0.242288 0.709288 1.040075 0.978796 0.596289 0.010352
frame-000103.color.jpg 0.268696 0.779790 -0.513693 0.236326 0.703967 1.024314 0.993408 0.637885 0.010787
frame-000104.color.jpg 0.270232 0.784669 -0.507280 0.232242 0.700992 1.008021 0.994093 0.523316 0.009741
frame-000105.color.jpg 0.268818 0.791502 -0.501235 0.223661 0.707693 0.981978 1.008660 0.664338 0.015068
frame-000106.color.jpg 0.265338 0.795896 -0.497516 0.220507 0.700927 0.962460 1.020586 0.661293 0.016828
frame-000107.color.jpg 0.267102 0.798673 -0.495228 0.213372 0.716261 0.942242 1.026188 0.464777 0.010778
frame-000108.color.jpg 0.260582 0.806063 -0.490887 0.203443 0.724982 0.919357 1.042845 0.403651 0.011731
frame-000109.color.jpg 0.255874 0.808869 -0.489249 0.202225 0.725388 0.907599 1.052843 0.380523 0.010635
frame-000110.color.jpg 0.248021 0.809566 -0.491416 0.203956 0.734480 0.888291 1.069620 0.424032 0.010254
frame-000111.color.jpg 0.243167 0.809567 -0.494168 0.203148 0.758931 0.875831 1.083596 0.381820 0.005669
frame-000112.color.jpg 0.244149 0.807881 -0.496442 0.203136 0.796784 0.870861 1.086764 0.489094 0.008753
frame-000113.color.jpg 0.240829 0.810799 -0.494119 0.201129 0.813517 0.870076 1.092838 0.318645 0.003695
frame-000114.color.jpg 0.242128 0.808429 -0.497613 0.200492 0.858058 0.869921 1.093301 0.345264 0.003402
frame-000115.color.jpg 0.247388 0.806011 -0.500166 0.197432 0.907937 0.874074 1.084507 0.361802 0.001733
frame-000116.color.jpg 0.254767 0.801437 -0.504415 0.195853 0.974733 0.876094 1.070874 0.229912 0.004020
frame-000117.color.jpg 0.261205 0.800477 -0.503339 0.194059 1.024339 0.895820 1.052968 0.096520 0.002320
frame-000118.color.jpg 0.264601 0.799657 -0.502326 0.195457 1.053612 0.914220 1.041119 0.077188 0.002329
frame-000119.color.jpg 0.266432 0.799886 -0.501225 0.194859 1.060644 0.919970 1.033165 0.082114 0.003791
frame-000120.color.jpg 0.269448 0.802918 -0.495517 0.192831 1.075083 0.941511 1.013631 0.177249 0.006708
frame-000121.color.jpg 0.265607 0.816250 -0.478121 0.185978 1.097629 1.016123 0.957842 0.430684 0.010458
frame-000122.color.jpg 0.268391 0.820147 -0.471176 0.182535 1.104939 1.048363 0.925186 0.409750 0.011498
frame-000123.color.jpg 0.269187 0.823875 -0.463339 0.184624 1.103914 1.119989 0.879126 0.344797 0.008349
frame-000124.color.jpg 0.269766 0.824385 -0.461703 0.185598 1.101804 1.132499 0.869901 0.344585 0.008568
frame-000125.color.jpg 0.273718 0.832562 -0.446288 0.180957 1.101486 1.211557 0.792051 0.370304 0.009445
frame-000126.color.jpg 0.278322 0.834890 -0.441431 0.175027 1.121482 1.241319 0.753174 0.590693 0.013451
frame-000127.color.jpg 0.279300 0.837114 -0.437429 0.172879 1.131180 1.257090 0.735670 0.346237 0.009124
frame-000128.color.jpg 0.273696 0.838906 -0.436246 0.176115 1.132541 1.271939 0.741333 0.224860 0.006450
frame-000129.color.jpg 0.269051 0.837614 -0.439821 0.180475 1.138006 1.278320 0.750495 0.242246 0.006679
frame-000130.color.jpg 0.261616 0.829840 -0.456816 0.185047 1.185406 1.269929 0.773078 0.139902 0.002851
frame-000131.color.jpg 0.260613 0.814470 -0.481317 0.192492 1.246302 1.235737 0.789801 0.157898 0.006619
frame-000132.color.jpg 0.254427 0.794992 -0.511018 0.205217 1.315179 1.199259 0.835270 0.292721 0.006437
frame-000133.color.jpg 0.251047 0.782068 -0.527551 0.216876 1.352538 1.178352 0.865100 0.159185 0.005499
frame-000134.color.jpg 0.246636 0.773004 -0.540768 0.221824 1.385904 1.155922 0.890178 0.089843 0.005575
frame-000135.color.jpg 0.236477 0.754729 -0.566023 0.232555 1.423275 1.104348 0.948225 0.051724 0.005541
frame-000136.color.jpg 0.230339 0.738620 -0.584390 0.244689 1.434567 1.074142 0.991170 0.118264 0.006758
frame-000137.color.jpg 0.227898 0.728473 -0.594150 0.253725 1.435867 1.066393 1.014090 0.136793 0.006010
frame-000138.color.jpg 0.225426 0.722987 -0.599107 0.259892 1.427048 1.070500 1.025952 0.152035 0.005923
frame-000139.color.jpg 0.228105 0.716781 -0.603389 0.264792 1.429707 1.080652 1.017339 0.169362 0.003220
frame-000140.color.jpg 0.233450 0.714175 -0.603753 0.266341 1.434242 1.104369 0.988638 0.199987 0.004170
frame-000141.color.jpg 0.240138 0.712612 -0.602230 0.268022 1.440496 1.135135 0.948846 0.231316 0.005052
frame-000142.color.jpg 0.243631 0.715922 -0.597939 0.265647 1.433247 1.172343 0.907741 0.281186 0.006881
frame-000143.color.jpg 0.244785 0.715357 -0.596449 0.269430 1.427858 1.202849 0.886142 0.385034 0.008076
frame-000144.color.jpg 0.247127 0.720647 -0.586102 0.275826 1.393286 1.274085 0.836048 0.289407 0.006651
frame-000145.color.jpg 0.253474 0.725857 -0.575173 0.279391 1.369084 1.341230 0.773966 0.213152 0.004148
frame-000146.color.jpg 0.253917 0.727427 -0.572947 0.279476 1.362594 1.352321 0.763787 0.223245 0.003925
frame-000147.color.jpg 0.253151 0.736567 -0.562310 0.277833 1.337396 1.407704 0.725357 0.274190 0.005345
frame-000148.color.jpg 0.252773 0.737274 -0.559190 0.282559 1.338521 1.455194 0.705497 0.459712 0.008913
frame-000149.color.jpg 0.252486 0.736431 -0.559849 0.283707 1.340114 1.456299 0.706250 0.430729 0.008331
frame-000150.color.jpg 0.259669 0.726315 -0.566061 0.290885 1.389085 1.461694 0.688778 0.174952 0.005553
frame-000151.color.jpg 0.269150 0.720425 -0.566132 0.296717 1.425504 1.476409 0.659378 0.250478 0.004584
frame-000152.color.jpg 0.273418 0.722483 -0.560144 0.299165 1.437873 1.503220 0.637395 0.314106 0.003981
frame-000153.color.jpg 0.277752 0.727127 -0.550873 0.301131 1.439405 1.542040 0.610349 0.563964 0.006113
frame-000154.color.jpg 0.282398 0.730626 -0.543456 0.301815 1.436210 1.567927 0.584904 0.553827 0.004882
frame-000155.color.jpg 0.284891 0.734208 -0.536546 0.303140 1.431451 1.595850 0.568337 0.646859 0.006751
frame-000156.color.jpg 0.286677 0.734356 -0.535248 0.303392 1.432741 1.597082 0.560238 0.524694 0.004753
frame-000157.color.jpg 0.288793 0.736672 -0.530430 0.304232 1.434803 1.616621 0.548793 0.392354 0.005918
frame-000158.color.jpg 0.292459 0.738442 -0.526306 0.303599 1.439881 1.627441 0.531178 0.296026 0.005606
frame-000159.color.jpg 0.295757 0.742844 -0.519719 0.301002 1.442946 1.647589 0.511600 0.329022 0.006618
frame-000160.color.jpg 0.301785 0.746163 -0.512253 0.299606 1.446391 1.665228 0.479607 0.265818 0.002513
frame-000161.color.jpg 0.308136 0.748313 -0.506758 0.297113 1.450924 1.674553 0.447481 0.194456 0.003905
frame-000162.color.jpg 0.314155 0.750721 -0.500449 0.295423 1.458914 1.692032 0.416203 0.122744 0.003424
frame-000163.color.jpg 0.326088 0.752416 -0.491136 0.293807 1.467989 1.716535 0.355445 0.189764 0.006587
frame-000164.color.jpg 0.331226 0.753210 -0.485439 0.295489 1.468015 1.731378 0.327102 0.066152 0.003759
frame-000165.color.jpg 0.334881 0.753768 -0.481276 0.296752 1.469131 1.743904 0.306807 0.184573 0.005062
frame-000166.color.jpg 0.342077 0.755885 -0.473336 0.295928 1.464551 1.766822 0.263862 0.176244 0.007611
frame-000167.color.jpg 0.348977 0.758433 -0.464845 0.294811 1.457682 1.790430 0.221593 0.372544 0.011805
frame-000168.color.jpg 0.357573 0.762142 -0.453829 0.292097 1.452872 1.809911 0.165469 0.270597 0.009004
frame-000169.color.jpg 0.358556 0.764936 -0.448283 0.292152 1.440579 1.828016 0.151383 0.382218 0.010836
frame-000170.color.jpg 0.362980 0.767645 -0.440117 0.292001 1.428461 1.844968 0.118361 0.266205 0.008533
frame-000171.color.jpg 0.364628 0.771952 -0.433471 0.288512 1.413961 1.863787 0.097571 0.469909 0.012757
frame-000172.color.jpg 0.366038 0.777009 -0.424894 0.285900 1.399501 1.889342 0.073695 0.464872 0.011805
frame-000173.color.jpg 0.369568 0.782670 -0.414836 0.280639 1.382874 1.908788 0.039648 0.479336 0.011525
frame-000174.color.jpg 0.370972 0.788598 -0.406476 0.274354 1.373120 1.922141 0.019166 0.351379 0.009279
frame-000175.color.jpg 0.374516 0.791973 -0.400523 0.268511 1.372784 1.927436 -0.006717 0.180343 0.006717
frame-000176.color.jpg 0.377369 0.796596 -0.392616 0.262450 1.364868 1.932014 -0.031470 0.108804 0.002688
frame-000177.color.jpg 0.381377 0.801192 -0.385445 0.253131 1.358269 1.934922 -0.060124 0.169330 0.005991
frame-000178.color.jpg 0.382650 0.805594 -0.380331 0.244837 1.357395 1.936417 -0.074583 0.247082 0.004683
frame-000179.color.jpg 0.382039 0.809005 -0.376644 0.240199 1.353424 1.938056 -0.078630 0.413442 0.008129
frame-000180.color.jpg 0.372844 0.817871 -0.371001 0.233310 1.330921 1.952957 -0.049264 0.422725 0.008344
frame-000181.color.jpg 0.367549 0.823010 -0.367374 0.229343 1.311527 1.963791 -0.033461 0.249886 0.004728
frame-000182.color.jpg 0.361587 0.829220 -0.361851 0.225197 1.286009 1.976424 -0.018399 0.137088 0.004102
frame-000183.color.jpg 0.357775 0.833028 -0.358381 0.222766 1.273827 1.982366 -0.008644 0.309255 0.007554
frame-000184.color.jpg 0.357064 0.834824 -0.356424 0.220310 1.265112 1.984920 -0.008720 0.161069 0.005035
frame-000185.color.jpg 0.353133 0.840775 -0.349583 0.214908 1.240089 1.997334 -0.001705 0.145916 0.003589
frame-000186.color.jpg 0.350633 0.845470 -0.343877 0.209728 1.220150 2.001051 0.001130 0.243769 0.006777
frame-000187.color.jpg 0.345803 0.850991 -0.337238 0.206170 1.189547 2.007908 0.015203 0.340382 0.010040
frame-000188.color.jpg 0.340435 0.853822 -0.335809 0.205728 1.170586 2.010885 0.038915 0.204100 0.007166
frame-000189.color.jpg 0.323801 0.858812 -0.338312 0.207700 1.141750 2.012728 0.121594 0.354381 0.007842
frame-000190.color.jpg 0.326853 0.857091 -0.340104 0.207100 1.141639 1.992702 0.117140 0.238355 0.005710
frame-000191.color.jpg 0.323586 0.857825 -0.339935 0.209458 1.120130 1.983352 0.141241 0.476445 0.011825
frame-000192.color.jpg 0.320238 0.860145 -0.337327 0.209305 1.089792 1.979196 0.166671 0.391065 0.008450
frame-000193.color.jpg 0.324636 0.858659 -0.336533 0.209909 1.080760 1.962229 0.157848 0.503393 0.011178
frame-000194.color.jpg 0.323998 0.858854 -0.336305 0.210463 1.074811 1.958659 0.164774 0.608269 0.013727
frame-000195.color.jpg 0.327284 0.859398 -0.331661 0.210527 1.034004 1.935555 0.173030 0.466428 0.010115
frame-000196.color.jpg 0.324679 0.857651 -0.338031 0.211551 1.034038 1.898803 0.219969 0.545001 0.013331
frame-000197.color.jpg 0.323716 0.856541 -0.341249 0.212356 1.041669 1.891736 0.230785 0.691167 0.017202
frame-000198.color.jpg 0.321748 0.850589 -0.355204 0.216350 1.076670 1.862986 0.267058 0.637996 0.016829
frame-000199.color.jpg 0.325564 0.843852 -0.365554 0.219756 1.113126 1.835685 0.278110 0.603259 0.014963
frame-000200.color.jpg 0.326641 0.833718 -0.384299 0.224801 1.179955 1.795238 0.320899 0.562686 0.013239
frame-000201.color.jpg 0.330073 0.825394 -0.398904 0.225062 1.242495 1.751493 0.347657 0.461981 0.009664
frame-000202.color.jpg 0.335296 0.816372 -0.411945 0.226747 1.297348 1.703908 0.369763 0.275694 0.003896
frame-000203.color.jpg 0.330967 0.813153 -0.421731 0.226687 1.330774 1.662683 0.425732 0.454548 0.008378
frame-000204.color.jpg 0.327285 0.807935 -0.431370 0.232475 1.357138 1.624782 0.481027 0.467510 0.010355
frame-000205.color.jpg 0.323309 0.805580 -0.437951 0.233907 1.375770 1.589327 0.528694 0.517785 0.012362
frame-000206.color.jpg 0.312565 0.803118 -0.447356 0.239118 1.381510 1.537034 0.615780 0.508577 0.013190
frame-000207.color.jpg 0.317771 0.799489 -0.449577 0.240247 1.382231 1.507478 0.625829 0.491264 0.011948
frame-000208.color.jpg 0.315353 0.801724 -0.447687 0.239515 1.366242 1.494318 0.642737 0.449788 0.011682
frame-000209.color.jpg 0.310888 0.805323 -0.445741 0.236895 1.350526 1.482283 0.667624 0.521909 0.013150
frame-000210.color.jpg 0.307867 0.809876 -0.442203 0.231893 1.332368 1.467104 0.687110 0.440530 0.011972
frame-000211.color.jpg 0.309805 0.812033 -0.437974 0.229786 1.317676 1.461237 0.686703 0.448604 0.011113
frame-000212.color.jpg 0.309911 0.815575 -0.432787 0.226908 1.291699 1.446784 0.703197 0.336719 0.008288
frame-000213.color.jpg 0.319000 0.817628 -0.427451 0.216814 1.301421 1.441012 0.673736 0.507803 0.012825
frame-000214.color.jpg 0.325352 0.825596 -0.413888 0.203061 1.307441 1.440445 0.640421 0.106421 0.002237
frame-000215.color.jpg 0.325487 0.826845 -0.411777 0.202051 1.306094 1.439835 0.640049 0.094145 0.002089
frame-000216.color.jpg 0.326580 0.831423 -0.404143 0.196851 1.303201 1.431623 0.634561 0.191363 0.003036
frame-000217.color.jpg 0.327926 0.836071 -0.398493 0.186154 1.312764 1.431859 0.624069 0.374630 0.008833
frame-000218.color.jpg 0.330021 0.843113 -0.384745 0.179495 1.307671 1.447159 0.609739 0.213586 0.005617
frame-000219.color.jpg 0.333913 0.848412 -0.372867 0.172245 1.311586 1.462534 0.587856 0.172280 0.003201
frame-000220.color.jpg 0.334352 0.850942 -0.366435 0.172718 1.309969 1.472024 0.589659 0.263533 0.003620
frame-000221.color.jpg 0.333755 0.851251 -0.365912 0.173459 1.317719 1.470742 0.597148 0.244874 0.003791
frame-000222.color.jpg 0.330574 0.850302 -0.370162 0.175177 1.341685 1.454217 0.620309 0.219586 0.001554
frame-000223.color.jpg 0.330508 0.850454 -0.370819 0.173163 1.364369 1.447231 0.626692 0.177752 0.001702
frame-000224.color.jpg 0.327862 0.851718 -0.369882 0.173986 1.370445 1.443412 0.641719 0.181416 0.001644
frame-000225.color.jpg 0.321224 0.853682 -0.371286 0.173749 1.385004 1.426768 0.674795 0.129431 0.001466
frame-000226.color.jpg 0.312850 0.855457 -0.374242 0.173958 1.392214 1.405178 0.712185 0.197621 0.002001
frame-000227.color.jpg 0.297715 0.856044 -0.383090 0.178317 1.398234 1.363021 0.783194 0.263090 0.003559
frame-000228.color.jpg 0.288701 0.855470 -0.390464 0.179891 1.404256 1.334454 0.824961 0.338212 0.007934
frame-000229.color.jpg 0.280683 0.852782 -0.400308 0.183666 1.410812 1.297505 0.870469 0.354195 0.009393
frame-000230.color.jpg 0.267645 0.840695 -0.430319 0.190850 1.431918 1.194417 0.962400 0.291177 0.006928
frame-000231.color.jpg 0.265224 0.834974 -0.441427 0.193951 1.440055 1.158989 0.988779 0.392898 0.009709
frame-000232.color.jpg 0.259249 0.827489 -0.456612 0.198889 1.443254 1.109370 1.033080 0.337967 0.008659
frame-000233.color.jpg 0.258105 0.825261 -0.460570 0.200505 1.443495 1.097546 1.043772 0.388358 0.009728
frame-000234.color.jpg 0.254985 0.818141 -0.473582 0.203342 1.449185 1.051641 1.073890 0.377904 0.008404
frame-000235.color.jpg 0.248582 0.809341 -0.489754 0.208122 1.452630 0.994601 1.118900 0.474648 0.012907
frame-000236.color.jpg 0.243238 0.800628 -0.506730 0.207498 1.460496 0.933307 1.156519 0.597376 0.015360
frame-000237.color.jpg 0.243165 0.790585 -0.521843 0.208628 1.463110 0.882179 1.180107 0.738749 0.017951
frame-000238.color.jpg 0.241292 0.783255 -0.532098 0.212511 1.450471 0.850521 1.205529 0.783929 0.018649
frame-000239.color.jpg 0.238705 0.766649 -0.554589 0.218402 1.412106 0.773690 1.246992 0.472423 0.011110
frame-000240.color.jpg 0.235409 0.760114 -0.563473 0.222054 1.392668 0.741594 1.269350 0.579097 0.013547
frame-000241.color.jpg 0.234095 0.758942 -0.565728 0.221719 1.384328 0.730862 1.275343 0.573169 0.014225
frame-000242.color.jpg 0.229461 0.750128 -0.577326 0.226604 1.352215 0.696433 1.309153 0.624109 0.016871
frame-000243.color.jpg 0.229961 0.743306 -0.584968 0.228969 1.327469 0.674359 1.323889 0.702070 0.015958
frame-000244.color.jpg 0.234876 0.735907 -0.590256 0.234247 1.307011 0.670771 1.332302 0.585580 0.014381
frame-000245.color.jpg 0.237707 0.728861 -0.595065 0.241152 1.282699 0.664492 1.343683 0.832319 0.020665
frame-000246.color.jpg 0.231411 0.718488 -0.606928 0.248722 1.225362 0.630952 1.382818 0.693508 0.017259
frame-000247.color.jpg 0.231136 0.711934 -0.613408 0.251907 1.203219 0.616907 1.395737 0.714654 0.017439
frame-000248.color.jpg 0.230883 0.705624 -0.618781 0.256706 1.171827 0.611667 1.405151 0.659642 0.013629
frame-000249.color.jpg 0.227148 0.702123 -0.622089 0.261596 1.139897 0.609899 1.418889 0.696983 0.012422
frame-000250.color.jpg 0.223657 0.695287 -0.627694 0.269356 1.108491 0.609921 1.438418 0.485895 0.011370
frame-000251.color.jpg 0.224355 0.690764 -0.630166 0.274593 1.091607 0.617832 1.444414 0.351285 0.008417
frame-000252.color.jpg 0.225134 0.689283 -0.630462 0.276987 1.084197 0.625028 1.446470 0.448680 0.006501
frame-000253.color.jpg 0.226353 0.687263 -0.631226 0.279263 1.085738 0.632082 1.446933 0.462053 0.009165
frame-000254.color.jpg 0.228025 0.686941 -0.630293 0.280799 1.088631 0.639670 1.445106 0.417525 0.008649
frame-000255.color.jpg 0.232110 0.688910 -0.626233 0.281708 1.097829 0.660904 1.434575 0.432445 0.008187
frame-000256.color.jpg 0.234207 0.688749 -0.625535 0.281919 1.103095 0.665798 1.429605 0.306435 0.006812
frame-000257.color.jpg 0.240714 0.690705 -0.620380 0.283041 1.123245 0.691254 1.415365 0.408061 0.010428
frame-000258.color.jpg 0.249379 0.701986 -0.604296 0.282583 1.152170 0.741384 1.383469 0.354973 0.008702
frame-000259.color.jpg 0.257059 0.715378 -0.585875 0.280901 1.185951 0.802007 1.348526 0.519092 0.013320
frame-000260.color.jpg 0.263121 0.723702 -0.573891 0.278697 1.206965 0.841000 1.321863 0.550270 0.014650
frame-000261.color.jpg 0.272460 0.735040 -0.556791 0.274710 1.231591 0.886953 1.277723 0.429948 0.011260
frame-000262.color.jpg 0.280175 0.747916 -0.538772 0.268045 1.256916 0.933334 1.234330 0.293591 0.006989
frame-000263.color.jpg 0.287134 0.760111 -0.521034 0.261358 1.283619 0.978150 1.193369 0.399864 0.010024
frame-000264.color.jpg 0.290987 0.767250 -0.509841 0.258295 1.291991 1.005099 1.169647 0.340810 0.008323
frame-000265.color.jpg 0.293878 0.773597 -0.500101 0.255112 1.301187 1.029760 1.149354 0.413352 0.009959
frame-000266.color.jpg 0.294741 0.781792 -0.487419 0.253676 1.300639 1.061501 1.130926 0.534366 0.013458
frame-000267.color.jpg 0.298746 0.790628 -0.472607 0.249601 1.304159 1.097798 1.099975 0.480919 0.011894
frame-000268.color.jpg 0.303020 0.798819 -0.458909 0.243864 1.305789 1.128335 1.068497 0.310757 0.005619
frame-000269.color.jpg 0.307207 0.804407 -0.448447 0.239682 1.312713 1.151581 1.041406 0.283908 0.005342
frame-000270.color.jpg 0.312903 0.812473 -0.433109 0.233230 1.322717 1.184986 1.001257 0.221789 0.005217
frame-000271.color.jpg 0.315946 0.820626 -0.418902 0.226435 1.330642 1.213259 0.968839 0.154372 0.004646
frame-000272.color.jpg 0.319723 0.829376 -0.402788 0.218344 1.338372 1.244639 0.929092 0.120437 0.005279
frame-000273.color.jpg 0.320729 0.833902 -0.394278 0.215141 1.336971 1.262817 0.911530 0.130945 0.006903
frame-000274.color.jpg 0.321397 0.837899 -0.386784 0.212195 1.341521 1.282252 0.894664 0.224218 0.007283
frame-000275.color.jpg 0.321057 0.842874 -0.377868 0.209052 1.337878 1.297616 0.876897 0.183339 0.006806
frame-000276.color.jpg 0.314616 0.849374 -0.370202 0.206230 1.330665 1.310695 0.877475 0.133543 0.005899
frame-000277.color.jpg 0.308751 0.856179 -0.361990 0.201480 1.329942 1.325630 0.871461 0.168043 0.006509
frame-000278.color.jpg 0.296800 0.864734 -0.352910 0.198995 1.318413 1.343968 0.883435 0.345219 0.009582
frame-000279.color.jpg 0.294666 0.866522 -0.350666 0.198354 1.314222 1.349504 0.883855 0.220625 0.007158
frame-000280.color.jpg 0.292312 0.870747 -0.344524 0.194054 1.317526 1.365515 0.869869 0.094562 0.004721
frame-000281.color.jpg 0.288808 0.875383 -0.337245 0.191207 1.321913 1.394483 0.856549 0.172861 0.006687
frame-000282.color.jpg 0.288881 0.878246 -0.331423 0.188122 1.328139 1.415915 0.836919 0.127995 0.006344
frame-000283.color.jpg 0.303734 0.867836 -0.349913 0.179352 1.474338 1.476404 0.730344 0.500062 0.012781
frame-000284.color.jpg 0.303620 0.867646 -0.350110 0.180077 1.471960 1.476214 0.732615 0.472822 0.012064
frame-000285.color.jpg 0.305159 0.866642 -0.349959 0.182587 1.467303 1.477837 0.733067 0.464052 0.012388
frame-000286.color.jpg 0.305902 0.867052 -0.348604 0.181992 1.462158 1.479267 0.729371 0.486655 0.012253
frame-000287.color.jpg 0.309292 0.866511 -0.347351 0.181233 1.460967 1.482696 0.716221 0.433278 0.009983
frame-000288.color.jpg 0.306302 0.868264 -0.344727 0.182919 1.447484 1.490091 0.726301 0.480399 0.011836
frame-000289.color.jpg 0.306758 0.868141 -0.344887 0.182438 1.448041 1.492365 0.723081 0.412360 0.010328
frame-000290.color.jpg 0.307982 0.869382 -0.340946 0.181874 1.441747 1.503961 0.712987 0.406341 0.010438
frame-000291.color.jpg 0.306357 0.872552 -0.336956 0.176804 1.443157 1.504811 0.702591 0.356273 0.009108
frame-000292.color.jpg 0.296257 0.878909 -0.332914 0.170056 1.437290 1.504812 0.720986 0.352047 0.009137
frame-000293.color.jpg 0.289409 0.884760 -0.327120 0.162587 1.436257 1.507849 0.725816 0.365296 0.010087
frame-000294.color.jpg 0.285526 0.889637 -0.320617 0.155648 1.435278 1.515002 0.720485 0.337078 0.011022
frame-000295.color.jpg 0.283309 0.893583 -0.313835 0.150843 1.428318 1.526700 0.714715 0.396905 0.011075
frame-000296.color.jpg 0.283222 0.897325 -0.305144 0.146562 1.419494 1.545741 0.699574 0.374919 0.010929
frame-000297.color.jpg 0.282950 0.901172 -0.295805 0.142574 1.406655 1.567894 0.684874 0.344187 0.009898
frame-000298.color.jpg 0.284598 0.904337 -0.286682 0.137813 1.396145 1.589876 0.661669 0.376570 0.010435
frame-000299.color.jpg 0.285371 0.905971 -0.281597 0.135955 1.389141 1.603725 0.649144 0.434490 0.011577
frame-000300.color.jpg 0.295462 0.905760 -0.273265 0.132764 1.385054 1.638696 0.593878 0.362607 0.011481
frame-000301.color.jpg 0.308605 0.903377 -0.266421 0.133010 1.377380 1.669914 0.535435 0.321755 0.010299
frame-000302.color.jpg 0.329793 0.902779 -0.241809 0.133246 1.328924 1.767879 0.418189 0.456137 0.012232
frame-000303.color.jpg 0.347240 0.901289 -0.225847 0.126865 1.298973 1.821460 0.316708 0.287337 0.007535
frame-000304.color.jpg 0.348848 0.901268 -0.223987 0.125898 1.294936 1.829354 0.306204 0.253999 0.007837
frame-000305.color.jpg 0.358315 0.899452 -0.216965 0.124588 1.279227 1.855545 0.256395 0.199118 0.007679
frame-000306.color.jpg 0.368612 0.897243 -0.208913 0.124238 1.258652 1.882404 0.201936 0.351060 0.008070
frame-000307.color.jpg 0.380160 0.895252 -0.197625 0.122257 1.229375 1.915734 0.136589 0.412951 0.007273
frame-000308.color.jpg 0.391902 0.892728 -0.187923 0.118889 1.208178 1.932708 0.072403 0.408183 0.008687
frame-000309.color.jpg 0.398247 0.892565 -0.176914 0.115883 1.176607 1.957479 0.029727 0.411451 0.007828
frame-000310.color.jpg 0.404939 0.892204 -0.164187 0.114189 1.137243 1.979994 -0.014555 0.288453 0.007044
frame-000311.color.jpg 0.412933 0.891575 -0.150203 0.109636 1.099799 1.998741 -0.069204 0.161483 0.006390
frame-000312.color.jpg 0.423540 0.892379 -0.121454 0.097580 1.014968 2.039871 -0.154167 0.250837 0.008025
frame-000313.color.jpg 0.429591 0.892789 -0.102389 0.088853 0.957383 2.058613 -0.207774 0.106143 0.005425
frame-000314.color.jpg 0.432237 0.894074 -0.085253 0.080831 0.906846 2.075637 -0.241689 0.190756 0.007007
frame-000315.color.jpg 0.436852 0.893888 -0.070198 0.072089 0.865504 2.086233 -0.280316 0.127731 0.008167
frame-000316.color.jpg 0.441425 0.893572 -0.051918 0.063061 0.814991 2.099542 -0.321603 0.294525 0.010073
frame-000317.color.jpg 0.437687 0.896933 -0.033813 0.052890 0.767538 2.116835 -0.327556 0.361701 0.011409
frame-000318.color.jpg 0.432240 0.900230 -0.020392 0.048367 0.728847 2.131001 -0.316696 0.262737 0.010085
frame-000319.color.jpg 0.427029 0.903108 -0.011696 0.043645 0.713208 2.141127 -0.302203 0.240980 0.010529
frame-000320.color.jpg 0.422977 0.905072 -0.009155 0.043031 0.718567 2.146107 -0.285203 0.328172 0.012865
frame-000321.color.jpg 0.415759 0.908294 -0.003328 0.046219 0.696808 2.156252 -0.254451 0.481094 0.016290
frame-000322.color.jpg 0.407119 0.912050 0.000985 0.049179 0.680424 2.163222 -0.217041 0.524840 0.017613
frame-000323.color.jpg 0.388024 0.920031 0.002826 0.054527 0.666059 2.169794 -0.132727 0.639192 0.020842
frame-000324.color.jpg 0.370439 0.926684 0.004571 0.063332 0.639886 2.175866 -0.054323 0.671613 0.020410
frame-000325.color.jpg 0.361936 0.929720 0.004486 0.067844 0.632756 2.175414 -0.017376 0.661939 0.020014
frame-000326.color.jpg 0.353058 0.932946 0.005568 0.070222 0.629034 2.172035 0.016510 0.693684 0.020218
frame-000327.color.jpg 0.349086 0.934425 0.008134 0.070166 0.622372 2.174565 0.029231 0.663693 0.019221
frame-000328.color.jpg 0.340976 0.937330 0.013098 0.070541 0.607570 2.178091 0.059341 0.615173 0.018039
frame-000329.color.jpg 0.335356 0.939647 0.017949 0.065399 0.606962 2.178533 0.071437 0.716963 0.020322
frame-000330.color.jpg 0.327539 0.942212 0.027464 0.064807 0.587313 2.187113 0.094555 0.613798 0.019029
frame-000331.color.jpg 0.324459 0.943463 0.038245 0.056052 0.578730 2.198533 0.091548 0.568944 0.020068
frame-000332.color.jpg 0.323629 0.943655 0.058116 0.037445 0.564727 2.220540 0.066885 0.453786 0.017817
frame-000333.color.jpg 0.323854 0.942239 0.082514 0.022245 0.521060 2.240695 0.039965 0.367524 0.016843
frame-000334.color.jpg 0.322956 0.941275 0.097405 0.014617 0.504182 2.253984 0.028638 0.487618 0.019834
frame-000335.color.jpg 0.321226 0.940603 0.109259 0.011941 0.486298 2.264147 0.027137 0.320964 0.017395
frame-000336.color.jpg 0.320698 0.940024 0.115884 0.008843 0.481447 2.271645 0.021814 0.349350 0.018101
frame-000337.color.jpg 0.317410 0.939820 0.126275 0.006681 0.460618 2.281096 0.027111 0.390958 0.019213
frame-000338.color.jpg 0.315833 0.939003 0.136065 0.002904 0.442637 2.291646 0.023481 0.250431 0.017418
frame-000339.color.jpg 0.313372 0.936249 0.158773 -0.005163 0.392971 2.307696 0.013314 0.513553 0.022536
frame-000340.color.jpg 0.311327 0.934744 0.170971 -0.009931 0.357175 2.319409 0.007312 0.406023 0.020244
frame-000341.color.jpg 0.309060 0.932973 0.183890 -0.015120 0.313417 2.331170 0.000883 0.428645 0.019463
frame-000342.color.jpg 0.307549 0.932173 0.190145 -0.017677 0.292428 2.338990 0.000369 0.388034 0.019480
frame-000343.color.jpg 0.308262 0.924394 0.221536 -0.037309 0.170293 2.371366 -0.049871 0.297243 0.017893
frame-000344.color.jpg 0.307001 0.921690 0.233114 -0.043546 0.122672 2.380604 -0.057008 0.441711 0.019297
frame-000345.color.jpg 0.311131 0.906923 0.278034 -0.058183 -0.080188 2.401595 -0.117865 0.359489 0.015102
frame-000346.color.jpg 0.311271 0.904463 0.285624 -0.058955 -0.115754 2.404574 -0.124724 0.458530 0.016124
frame-000347.color.jpg 0.311015 0.900907 0.296113 -0.062875 -0.163751 2.412796 -0.139812 0.295283 0.013739
frame-000348.color.jpg 0.315252 0.896805 0.303185 -0.066606 -0.195012 2.420795 -0.170885 0.283404 0.012063
frame-000349.color.jpg 0.320469 0.894668 0.303300 -0.069839 -0.186325 2.437351 -0.209171 0.311155 0.011129
frame-000350.color.jpg 0.324223 0.895374 0.296372 -0.073133 -0.137012 2.455640 -0.242134 0.279032 0.008679
frame-000351.color.jpg 0.322407 0.898587 0.288425 -0.073521 -0.072858 2.475023 -0.243612 0.292643 0.008423
frame-000352.color.jpg 0.323797 0.900652 0.282439 -0.064882 -0.025930 2.494148 -0.247833 0.355595 0.010829
frame-000353.color.jpg 0.335897 0.897925 0.277160 -0.063930 0.031587 2.515026 -0.310571 0.256017 0.007418
frame-000354.color.jpg 0.343899 0.894734 0.277480 -0.064731 0.042699 2.519804 -0.354222 0.176983 0.004426
frame-000355.color.jpg 0.351124 0.891722 0.278328 -0.063855 0.050526 2.523426 -0.393074 0.141392 0.003151
frame-000356.color.jpg 0.357037 0.889715 0.277050 -0.064609 0.071322 2.529377 -0.427041 0.166612 0.004024
frame-000357.color.jpg 0.365219 0.886398 0.276782 -0.065609 0.086383 2.532945 -0.473858 0.136358 0.003788
frame-000358.color.jpg 0.368119 0.885376 0.275856 -0.067095 0.101654 2.533325 -0.493962 0.102112 0.004477
frame-000359.color.jpg 0.371598 0.885117 0.272099 -0.066668 0.130532 2.534649 -0.514356 0.157544 0.004378
frame-000360.color.jpg 0.380646 0.882251 0.269782 -0.062922 0.140481 2.532469 -0.558260 0.220611 0.006489
frame-000361.color.jpg 0.387973 0.879802 0.268633 -0.057111 0.136412 2.534594 -0.589273 0.195205 0.006303
frame-000362.color.jpg 0.393414 0.877623 0.268220 -0.055323 0.122584 2.538488 -0.621799 0.100726 0.002696
frame-000363.color.jpg 0.404305 0.871254 0.273409 -0.051966 0.079126 2.538479 -0.682226 0.125745 0.005499
frame-000364.color.jpg 0.413280 0.867043 0.273899 -0.049141 0.056675 2.532611 -0.733395 0.312250 0.006070
frame-000365.color.jpg 0.415826 0.865055 0.276196 -0.049850 0.035031 2.540105 -0.760491 0.249743 0.005263
frame-000366.color.jpg 0.417332 0.863188 0.279638 -0.050436 0.010912 2.543475 -0.777772 0.183526 0.006701
frame-000367.color.jpg 0.417800 0.860177 0.287373 -0.054364 -0.031548 2.555767 -0.797310 0.125271 0.007025
frame-000368.color.jpg 0.420941 0.854329 0.298241 -0.063114 -0.083531 2.560467 -0.834752 0.260321 0.010424
frame-000369.color.jpg 0.422764 0.846548 0.314468 -0.075746 -0.165394 2.549048 -0.866115 0.335059 0.010701
frame-000370.color.jpg 0.418811 0.842209 0.330179 -0.079143 -0.240986 2.546492 -0.853653 0.307497 0.009260
frame-000371.color.jpg 0.413853 0.836200 0.350205 -0.082775 -0.339412 2.537098 -0.833832 0.307840 0.009906
frame-000372.color.jpg 0.410351 0.830249 0.366959 -0.087408 -0.419570 2.522409 -0.819332 0.287018 0.008660
frame-000373.color.jpg 0.406178 0.823595 0.385011 -0.092070 -0.509698 2.499847 -0.799821 0.156765 0.006917
frame-000374.color.jpg 0.400152 0.822563 0.393378 -0.092317 -0.548923 2.493279 -0.767583 0.146207 0.006331
frame-000375.color.jpg 0.392929 0.823550 0.398543 -0.092392 -0.572341 2.492732 -0.729590 0.176749 0.007137
frame-000376.color.jpg 0.389246 0.824714 0.400492 -0.089110 -0.582217 2.490644 -0.706615 0.211618 0.006670
frame-000377.color.jpg 0.384589 0.826570 0.402135 -0.084620 -0.591021 2.492353 -0.675618 0.173577 0.005372
frame-000378.color.jpg 0.383128 0.826074 0.404449 -0.085066 -0.600222 2.487651 -0.665413 0.265952 0.005539
frame-000379.color.jpg 0.382025 0.824923 0.406940 -0.089211 -0.606773 2.485394 -0.659552 0.197294 0.004778
frame-000380.color.jpg 0.383844 0.821600 0.410515 -0.095473 -0.618977 2.473400 -0.670975 0.328120 0.005158
frame-000381.color.jpg 0.385747 0.818913 0.412318 -0.102835 -0.620288 2.468475 -0.684935 0.455040 0.007944
frame-000382.color.jpg 0.387627 0.813993 0.418415 -0.109953 -0.646298 2.454968 -0.696090 0.465444 0.008083
frame-000383.color.jpg 0.390716 0.806146 0.427792 -0.120264 -0.692322 2.429365 -0.716099 0.417083 0.006816
frame-000384.color.jpg 0.391578 0.803198 0.431408 -0.124205 -0.707179 2.421911 -0.721995 0.491795 0.010818
frame-000385.color.jpg 0.392366 0.795451 0.442929 -0.130843 -0.764209 2.395799 -0.725658 0.449244 0.010691
frame-000386.color.jpg 0.392828 0.789974 0.451213 -0.134292 -0.802310 2.378605 -0.726217 0.481787 0.011729
frame-000387.color.jpg 0.395803 0.784409 0.456368 -0.140611 -0.833142 2.365152 -0.742535 0.441096 0.010660
frame-000388.color.jpg 0.398247 0.782030 0.457459 -0.143385 -0.843628 2.358150 -0.756254 0.392115 0.009624
frame-000389.color.jpg 0.399917 0.780090 0.457997 -0.147528 -0.851466 2.353678 -0.769466 0.423998 0.008304
frame-000390.color.jpg 0.402578 0.775736 0.461561 -0.152070 -0.878721 2.342033 -0.787756 0.459244 0.008663
frame-000391.color.jpg 0.402670 0.771692 0.466894 -0.156074 -0.914376 2.336485 -0.791103 0.270579 0.007545
frame-000392.color.jpg 0.404472 0.767614 0.471469 -0.157761 -0.948253 2.330093 -0.804726 0.232799 0.005243
frame-000393.color.jpg 0.406683 0.764952 0.475834 -0.151787 -0.973197 2.328471 -0.818330 0.194387 0.006432
frame-000394.color.jpg 0.410803 0.767962 0.467454 -0.151531 -0.917756 2.349379 -0.852129 0.174587 0.006254
frame-000395.color.jpg 0.409839 0.775688 0.455351 -0.151643 -0.823384 2.393387 -0.861632 0.183426 0.007401
frame-000396.color.jpg 0.410130 0.780111 0.444900 -0.159007 -0.743747 2.421968 -0.880499 0.194473 0.003439
frame-000397.color.jpg 0.411071 0.781137 0.442180 -0.159132 -0.721632 2.425105 -0.887903 0.258538 0.005283
frame-000398.color.jpg 0.415799 0.785424 0.428349 -0.163516 -0.598039 2.456549 -0.931328 0.310356 0.004811
frame-000399.color.jpg 0.420323 0.784570 0.424059 -0.167190 -0.560146 2.455002 -0.963236 0.446429 0.007725
frame-000400.color.jpg 0.423786 0.783648 0.422142 -0.167624 -0.536088 2.458720 -0.984902 0.296207 0.004442
frame-000401.color.jpg 0.424940 0.783208 0.422100 -0.166859 -0.526055 2.461452 -0.992454 0.258809 0.003871
frame-000402.color.jpg 0.424445 0.782284 0.424102 -0.167380 -0.530283 2.461781 -0.992512 0.305877 0.006454
frame-000403.color.jpg 0.421921 0.780357 0.429206 -0.169728 -0.555906 2.466343 -0.986429 0.337442 0.006429
frame-000404.color.jpg 0.420091 0.775548 0.436247 -0.178148 -0.596727 2.470622 -0.996781 0.168063 0.002176
frame-000405.color.jpg 0.416971 0.763666 0.454195 -0.191460 -0.708155 2.458596 -1.007636 0.207195 0.002826
frame-000406.color.jpg 0.416542 0.761993 0.456186 -0.194306 -0.721554 2.456940 -1.011652 0.188365 0.003219
frame-000407.color.jpg 0.412284 0.751176 0.473542 -0.203753 -0.833910 2.446210 -1.004653 0.162406 0.001999
frame-000408.color.jpg 0.409649 0.743609 0.484977 -0.209834 -0.911026 2.435604 -1.001813 0.114593 0.002208
frame-000409.color.jpg 0.408091 0.732104 0.500749 -0.216186 -1.017185 2.406445 -1.000628 0.119170 0.002253
frame-000410.color.jpg 0.407556 0.723212 0.512236 -0.220173 -1.095541 2.381998 -0.999412 0.124211 0.003390
frame-000411.color.jpg 0.406342 0.714671 0.524174 -0.222199 -1.164999 2.358806 -0.990196 0.254529 0.005012
frame-000412.color.jpg 0.403542 0.708978 0.531713 -0.227564 -1.205106 2.350363 -0.977232 0.364948 0.007850
frame-000413.color.jpg 0.406619 0.703191 0.534346 -0.233789 -1.218917 2.333934 -0.996793 0.261555 0.005480
frame-000414.color.jpg 0.410031 0.702001 0.533995 -0.232203 -1.210168 2.329663 -1.015145 0.247576 0.005170
frame-000415.color.jpg 0.409948 0.705676 0.530700 -0.228739 -1.164603 2.346965 -1.018229 0.169132 0.004570
frame-000416.color.jpg 0.409347 0.710929 0.525468 -0.225609 -1.106752 2.371456 -1.018121 0.078965 0.005702
frame-000417.color.jpg 0.409518 0.714572 0.521713 -0.222481 -1.058436 2.387403 -1.017655 0.085777 0.006910
frame-000418.color.jpg 0.412097 0.716522 0.516659 -0.223243 -1.008708 2.395894 -1.036205 0.216642 0.006016
frame-000419.color.jpg 0.413941 0.716467 0.515593 -0.222467 -0.984186 2.399605 -1.041772 0.148525 0.008596
frame-000420.color.jpg 0.419033 0.713997 0.514697 -0.222950 -0.962150 2.379737 -1.063830 0.273071 0.007953
frame-000421.color.jpg 0.420185 0.714153 0.513775 -0.222407 -0.939368 2.378650 -1.064708 0.345330 0.007940
frame-000422.color.jpg 0.420458 0.715123 0.511795 -0.223337 -0.907398 2.380561 -1.061599 0.346616 0.010594
frame-000423.color.jpg 0.418707 0.717367 0.510203 -0.223075 -0.882622 2.385579 -1.047099 0.346799 0.006797
frame-000424.color.jpg 0.417125 0.720777 0.507526 -0.221147 -0.841881 2.392261 -1.030513 0.327204 0.008834
frame-000425.color.jpg 0.415031 0.724539 0.505889 -0.216490 -0.808975 2.398519 -1.005368 0.370241 0.010716
frame-000426.color.jpg 0.411937 0.729595 0.502871 -0.212416 -0.768476 2.401364 -0.978555 0.448356 0.010991
frame-000427.color.jpg 0.407333 0.731904 0.503673 -0.211447 -0.755950 2.398771 -0.944002 0.501759 0.008626
frame-000428.color.jpg 0.402893 0.729420 0.510327 -0.212579 -0.786244 2.380809 -0.906647 0.520655 0.009538
frame-000429.color.jpg 0.397681 0.725314 0.520842 -0.210934 -0.849455 2.355679 -0.858143 0.654351 0.009724
frame-000430.color.jpg 0.392340 0.722360 0.528719 -0.211474 -0.889737 2.340725 -0.814820 0.564766 0.009232
frame-000431.color.jpg 0.388154 0.719042 0.537019 -0.209583 -0.933503 2.320332 -0.770855 0.464800 0.008970
frame-000432.color.jpg 0.382023 0.713859 0.547514 -0.211405 -0.995959 2.288922 -0.714587 0.305456 0.005876
frame-000433.color.jpg 0.378204 0.709946 0.553881 -0.214836 -1.034857 2.261995 -0.670504 0.117929 0.002907
frame-000434.color.jpg 0.376372 0.709431 0.555165 -0.216435 -1.040544 2.237207 -0.638334 0.356801 0.007774
frame-000435.color.jpg 0.372558 0.709840 0.557320 -0.216153 -1.052431 2.217064 -0.589906 0.250384 0.006157
frame-000436.color.jpg 0.371344 0.711461 0.556663 -0.214601 -1.046558 2.206051 -0.561355 0.221584 0.005915
frame-000437.color.jpg 0.371512 0.715967 0.554448 -0.204837 -1.026337 2.200458 -0.537398 0.224145 0.004875
frame-000438.color.jpg 0.377632 0.720445 0.545441 -0.202105 -0.969023 2.204165 -0.560205 0.195498 0.004468
frame-000439.color.jpg 0.379827 0.731139 0.530362 -0.199711 -0.856697 2.223332 -0.570668 0.307583 0.006083
frame-000440.color.jpg 0.370767 0.745299 0.516834 -0.199857 -0.728360 2.261202 -0.528943 0.318082 0.005915
frame-000441.color.jpg 0.371084 0.752892 0.506317 -0.197722 -0.637985 2.269584 -0.524404 0.270816 0.007154
frame-000442.color.jpg 0.363563 0.762838 0.496483 -0.198507 -0.523761 2.283801 -0.487533 0.175246 0.004875
frame-000443.color.jpg 0.355062 0.766427 0.499067 -0.193525 -0.481298 2.281531 -0.431706 0.243291 0.004296
frame-000444.color.jpg 0.348615 0.765407 0.505655 -0.192180 -0.474961 2.271245 -0.392386 0.383793 0.005040
frame-000445.color.jpg 0.349185 0.760877 0.512485 -0.191036 -0.490355 2.255648 -0.386417 0.205293 0.001873
frame-000446.color.jpg 0.348340 0.757253 0.517951 -0.192234 -0.504741 2.247702 -0.379854 0.258655 0.002214
frame-000447.color.jpg 0.347427 0.751676 0.524748 -0.197276 -0.525786 2.236886 -0.377979 0.308473 0.003125
frame-000448.color.jpg 0.348647 0.743819 0.530685 -0.208691 -0.543096 2.224136 -0.392573 0.400850 0.006034
frame-000449.color.jpg 0.351952 0.737696 0.534519 -0.214998 -0.559523 2.213455 -0.410299 0.407609 0.007661
frame-000450.color.jpg 0.355157 0.735112 0.534990 -0.217394 -0.559524 2.211879 -0.424612 0.400704 0.006613
frame-000451.color.jpg 0.360527 0.731839 0.535385 -0.218618 -0.560504 2.212909 -0.447350 0.277826 0.007380
frame-000452.color.jpg 0.365669 0.726049 0.535855 -0.228033 -0.567799 2.211392 -0.488034 0.428031 0.011292
frame-000453.color.jpg 0.369136 0.714577 0.546346 -0.233718 -0.629666 2.219529 -0.530015 0.403145 0.010556
frame-000454.color.jpg 0.362828 0.703917 0.560192 -0.242984 -0.699943 2.230900 -0.534219 0.404294 0.009399
frame-000455.color.jpg 0.362523 0.702628 0.561984 -0.243035 -0.710531 2.233816 -0.535777 0.352578 0.009666
frame-000456.color.jpg 0.365424 0.697374 0.565551 -0.245533 -0.742118 2.244645 -0.570046 0.302446 0.007788
frame-000457.color.jpg 0.370695 0.689994 0.569555 -0.249200 -0.788908 2.252832 -0.628068 0.289377 0.006263
frame-000458.color.jpg 0.371122 0.685559 0.572162 -0.254769 -0.816110 2.260108 -0.651647 0.429264 0.009208
frame-000459.color.jpg 0.374470 0.682136 0.573134 -0.256866 -0.834408 2.265964 -0.688135 0.373490 0.005641
frame-000460.color.jpg 0.376791 0.686104 0.566486 -0.257651 -0.801768 2.288525 -0.719532 0.396204 0.006143
frame-000461.color.jpg 0.380574 0.697769 0.553867 -0.248020 -0.727251 2.328193 -0.748078 0.487000 0.008176
frame-000462.color.jpg 0.387186 0.713358 0.532042 -0.241120 -0.596617 2.376776 -0.801055 0.444258 0.010297
frame-000463.color.jpg 0.396185 0.729324 0.506577 -0.233459 -0.432262 2.419023 -0.856247 0.482935 0.010268
frame-000464.color.jpg 0.403796 0.740707 0.486859 -0.226431 -0.295334 2.442249 -0.899417 0.288993 0.006436
frame-000465.color.jpg 0.408296 0.744977 0.477910 -0.223396 -0.233434 2.449512 -0.922652 0.308208 0.005512
frame-000466.color.jpg 0.409119 0.746243 0.475114 -0.223630 -0.215697 2.451709 -0.929107 0.327302 0.006001
frame-000467.color.jpg 0.412875 0.751013 0.465964 -0.219983 -0.158201 2.464833 -0.947547 0.521252 0.011477
frame-000468.color.jpg 0.420159 0.763266 0.442189 -0.212980 -0.006457 2.487489 -0.977881 0.776490 0.013381
frame-000469.color.jpg 0.423718 0.768106 0.430594 -0.212286 0.066982 2.488015 -1.000352 0.719525 0.012345
frame-000470.color.jpg 0.423968 0.769623 0.425957 -0.215621 0.109571 2.492114 -1.019207 0.972741 0.015290
frame-000471.color.jpg 0.422928 0.770439 0.425068 -0.216503 0.119718 2.496256 -1.018000 0.881670 0.015624
frame-000472.color.jpg 0.420669 0.767292 0.430161 -0.221952 0.115752 2.496796 -1.028962 0.875713 0.012522
frame-000473.color.jpg 0.419612 0.764713 0.435102 -0.223215 0.094614 2.500971 -1.029594 1.111797 0.016255
frame-000474.color.jpg 0.419519 0.760740 0.439534 -0.228229 0.075775 2.496858 -1.046010 1.213940 0.018200
frame-000475.color.jpg 0.416960 0.760231 0.440947 -0.231860 0.082099 2.502048 -1.045010 0.988539 0.017321
frame-000476.color.jpg 0.414565 0.756602 0.447462 -0.235515 0.044189 2.504813 -1.044432 1.380914 0.027378
frame-000477.color.jpg 0.415651 0.756428 0.445864 -0.237183 0.062977 2.497725 -1.054639 1.030851 0.018812
frame-000478.color.jpg 0.413270 0.755155 0.451759 -0.234228 0.051171 2.510196 -1.038501 0.942139 0.017473
frame-000479.color.jpg 0.412083 0.754266 0.452803 -0.237149 0.070436 2.498771 -1.046716 0.834748 0.010982
frame-000480.color.jpg 0.406606 0.754376 0.457185 -0.237843 0.066906 2.509172 -1.027730 0.993013 0.012561
frame-000481.color.jpg 0.407591 0.753799 0.458350 -0.235737 0.066146 2.507680 -1.028434 0.749110 0.009574
frame-000482.color.jpg 0.401799 0.749813 0.469208 -0.237026 0.045830 2.508555 -1.014524 0.908868 0.006892
frame-000483.color.jpg 0.395964 0.748534 0.475157 -0.239027 0.023905 2.508415 -0.995422 1.225022 0.010143
frame-000484.color.jpg 0.390065 0.744880 0.484910 -0.240551 -0.027420 2.514315 -0.972871 1.517984 0.014535
frame-000485.color.jpg 0.387317 0.742768 0.489791 -0.241633 -0.050092 2.502821 -0.963157 1.773283 0.020557
frame-000486.color.jpg 0.376407 0.749996 0.489551 -0.236990 -0.018101 2.538549 -0.899965 1.275492 0.010066
frame-000487.color.jpg 0.375117 0.749707 0.489584 -0.239863 -0.027814 2.534316 -0.903012 1.617338 0.019377
frame-000488.color.jpg 0.368700 0.760627 0.485866 -0.222353 0.018991 2.552406 -0.817557 1.085420 0.010203
frame-000489.color.jpg 0.365627 0.764326 0.483597 -0.219674 0.031168 2.555937 -0.794033 1.362406 0.014989
frame-000490.color.jpg 0.361027 0.771768 0.479781 -0.209389 0.065191 2.565997 -0.740350 0.989306 0.013317
frame-000491.color.jpg 0.355187 0.769648 0.487428 -0.209518 0.001164 2.572341 -0.716368 2.267468 0.037941
frame-000492.color.jpg 0.351583 0.775890 0.482154 -0.204724 0.058599 2.574345 -0.680904 1.477128 0.017067
