data/frame-000201.color.jpg 0.594651 0.803862 -0.00433122 0.0133232 -0.0336686 1.42393 0.352818
data/frame-000016.color.jpg 0.0583373 -0.0435842 0.83747 -0.54161 0.376929 1.22772 0.799497
data/frame-000106.color.jpg 0.254514 0.308079 0.772297 -0.493829 0.0254509 1.45182 0.345475
data/frame-000082.color.jpg -0.0429979 -0.160528 0.86282 -0.477413 -0.248429 1.19622 0.743986
data/frame-000071.color.jpg -0.122361 -0.204044 0.780884 -0.577593 -0.201516 1.43809 0.436571
data/frame-000150.color.jpg 0.515955 0.649412 0.469653 -0.302458 -0.0887528 1.46109 0.313619
data/frame-000161.color.jpg 0.574312 0.765947 0.248911 -0.146744 0.103372 1.50823 0.284495
data/frame-000172.color.jpg 0.483779 0.84982 0.196294 -0.0723319 0.0624138 1.29932 0.633729
data/frame-000216.color.jpg 0.578069 0.801138 -0.12161 0.0960454 -0.0945022 1.42726 0.330576
data/frame-000227.color.jpg 0.443257 0.863129 -0.204891 0.128648 -0.165368 1.22463 0.626074
data/frame-000055.color.jpg -0.119856 -0.181673 0.765149 -0.605951 0.0207227 1.50714 0.421462
data/frame-000020.color.jpg 0.0542777 -0.0355918 0.802491 -0.593123 0.389775 1.34535 0.654408
data/frame-000110.color.jpg 0.311956 0.39414 0.729304 -0.46417 0.231032 1.44396 0.390533
data/frame-000031.color.jpg -0.0249207 -0.0912558 0.79667 -0.596966 0.440804 1.46898 0.489107
data/frame-000163.color.jpg 0.552384 0.791258 0.232601 -0.121161 0.110111 1.46294 0.383792
data/frame-000229.color.jpg 0.431242 0.869449 -0.206807 0.123769 -0.163265 1.19823 0.657392
data/frame-000044.color.jpg -0.090457 -0.174712 0.776739 -0.598306 0.154325 1.52258 0.40157
data/frame-000033.color.jpg -0.0379733 -0.11049 0.794782 -0.595543 0.427098 1.49192 0.446102
data/frame-000088.color.jpg 0.0431323 -0.110398 0.914597 -0.386607 -0.353318 0.97627 0.880302
data/frame-000099.color.jpg 0.185165 0.182033 0.827054 -0.498557 -0.267679 1.34667 0.479006
data/frame-000112.color.jpg 0.33035 0.440875 0.712922 -0.433866 0.176412 1.41498 0.45066
data/frame-000123.color.jpg 0.318122 0.589617 0.670331 -0.319071 0.0370846 1.27037 0.649859
data/frame-000167.color.jpg 0.529877 0.818461 0.200301 -0.0960758 0.133167 1.40555 0.483904
data/frame-000178.color.jpg 0.442121 0.873285 0.186142 -0.0851697 0.0543147 1.16966 0.774463
data/frame-000189.color.jpg 0.435329 0.900188 0.0114627 0.00440276 0.00271335 1.1628 0.758676
data/frame-000072.color.jpg -0.119423 -0.20369 0.783598 -0.574649 -0.209263 1.43241 0.443873
data/frame-000048.color.jpg -0.111603 -0.188325 0.76622 -0.60414 0.0792992 1.52523 0.386372
data/frame-000193.color.jpg 0.481689 0.876251 0.0029203 0.012311 -0.0212075 1.25039 0.650557
data/frame-000180.color.jpg 0.427755 0.880793 0.18414 -0.0855618 0.0564119 1.1318 0.806639
data/frame-000191.color.jpg 0.461819 0.886819 0.00328047 0.0162537 -0.0234324 1.21356 0.695224
data/frame-000050.color.jpg -0.113245 -0.190498 0.764896 -0.604831 0.0476113 1.51907 0.395
data/frame-000061.color.jpg -0.0866893 -0.126532 0.785415 -0.599665 0.0225195 1.49221 0.388498
data/frame-000105.color.jpg 0.236954 0.27192 0.790508 -0.494984 -0.0932813 1.42705 0.370302
data/frame-000129.color.jpg 0.308715 0.619357 0.653288 -0.307095 0.171206 1.15998 0.799818
data/frame-000140.color.jpg 0.407602 0.710844 0.511923 -0.257867 0.0206491 1.24292 0.713079
data/frame-000151.color.jpg 0.532164 0.644704 0.45962 -0.299845 -0.103539 1.48019 0.259583
data/frame-000195.color.jpg 0.51531 0.856955 0.00198822 0.00893683 -0.0165858 1.30781 0.567363
data/frame-000206.color.jpg 0.640762 0.767579 0.00390511 0.0151943 -0.0585701 1.48076 0.23244
data/frame-000010.color.jpg 0.0394294 -0.0606942 0.851195 -0.519836 0.428251 1.17792 0.83183
data/frame-000065.color.jpg -0.107142 -0.182585 0.7825 -0.585557 -0.132372 1.46224 0.416069
data/frame-000063.color.jpg -0.0979883 -0.165254 0.783752 -0.590611 -0.0770972 1.47543 0.4015
data/frame-000142.color.jpg 0.419289 0.696816 0.517706 -0.265754 -0.0343838 1.28321 0.640596
data/frame-000153.color.jpg 0.540416 0.650829 0.443943 -0.295442 -0.0803959 1.50171 0.218758
data/frame-000208.color.jpg 0.62697 0.77712 -0.0313146 0.0448566 -0.0755228 1.4678 0.26004
data/frame-000012.color.jpg 0.0504816 -0.0516315 0.844823 -0.530151 0.394278 1.20273 0.81595
data/frame-000023.color.jpg 0.0443161 -0.0442992 0.788406 -0.611956 0.403952 1.39646 0.588196
data/frame-000067.color.jpg -0.117381 -0.199769 0.778181 -0.583737 -0.171293 1.45207 0.419541
data/frame-000078.color.jpg -0.0970594 -0.183549 0.823323 -0.528231 -0.202584 1.33315 0.589435
data/frame-000089.color.jpg 0.0485507 -0.0878869 0.925103 -0.366202 -0.330508 0.933254 0.916119
data/frame-000091.color.jpg 0.0534954 -0.0734311 0.92114 -0.378481 -0.335219 0.940239 0.877732
data/frame-000102.color.jpg 0.215679 0.24498 0.802309 -0.499768 -0.16155 1.38937 0.448126
data/frame-000157.color.jpg 0.561979 0.722051 0.34144 -0.215036 0.0506558 1.52641 0.226789
data/frame-000168.color.jpg 0.521925 0.825953 0.193851 -0.0884139 0.134921 1.38833 0.516535
data/frame-000212.color.jpg 0.603746 0.79177 -0.0652395 0.0658392 -0.0877154 1.44618 0.302925
data/frame-000051.color.jpg -0.111708 -0.190226 0.763758 -0.606638 0.0286159 1.51702 0.399657
data/frame-000027.color.jpg 0.022545 -0.0536909 0.780454 -0.622495 0.432607 1.43282 0.536077
data/frame-000223.color.jpg 0.491921 0.839657 -0.186182 0.135372 -0.161452 1.30744 0.51723
data/frame-000025.color.jpg 0.0396497 -0.0477642 0.783918 -0.617753 0.409242 1.41741 0.567532
data/frame-000159.color.jpg 0.574569 0.746241 0.285532 -0.177387 0.0803398 1.52215 0.241764
data/frame-000146.color.jpg 0.472584 0.680886 0.482803 -0.282772 -0.0578696 1.39489 0.46901
data/frame-000225.color.jpg 0.482336 0.841958 -0.196351 0.141082 -0.170392 1.29191 0.532563
data/frame-000170.color.jpg 0.494311 0.847383 0.179943 -0.072245 0.126139 1.32699 0.598129
data/frame-000029.color.jpg -0.0149569 -0.0736925 0.792403 -0.605345 0.466474 1.44754 0.535223
data/frame-000040.color.jpg -0.0675825 -0.130471 0.780015 -0.608266 0.344478 1.53806 0.358909
data/frame-000084.color.jpg -0.00718173 -0.146023 0.875705 -0.46018 -0.306795 1.13674 0.774744
data/frame-000174.color.jpg 0.461337 0.860493 0.200553 -0.0806124 0.0543554 1.23927 0.713268
data/frame-000095.color.jpg 0.121594 0.0969548 0.865319 -0.476486 -0.292156 1.25793 0.603004
data/frame-000119.color.jpg 0.339782 0.533547 0.679774 -0.371191 0.0315818 1.36906 0.512827
data/frame-000185.color.jpg 0.423516 0.902207 0.0749188 -0.0323069 0.0454557 1.13128 0.796269
data/frame-000042.color.jpg -0.0817849 -0.159885 0.782686 -0.595946 0.249139 1.52501 0.409182
data/frame-000132.color.jpg 0.3392 0.644619 0.618027 -0.295723 0.154744 1.16535 0.801088
data/frame-000108.color.jpg 0.288885 0.34939 0.7507 -0.480543 0.159266 1.46256 0.338703
data/frame-000198.color.jpg 0.553426 0.832702 -0.00405102 0.0176167 -0.0367858 1.37119 0.46655
data/frame-000176.color.jpg 0.462012 0.859879 0.200621 -0.0830852 0.0401161 1.21821 0.727226
data/frame-000187.color.jpg 0.436122 0.898702 0.044408 -0.0126434 0.0190864 1.16026 0.762584
data/frame-000002.color.jpg 0.00401546 -0.0975707 0.896476 -0.432198 0.513047 0.987001 0.944771
data/frame-000081.color.jpg -0.0595075 -0.1689 0.855396 -0.486034 -0.227629 1.22498 0.720147
data/frame-000046.color.jpg -0.101417 -0.180178 0.769892 -0.603753 0.114381 1.52734 0.381441
data/frame-000057.color.jpg -0.110341 -0.16061 0.772361 -0.604556 0.0295001 1.49582 0.416586
data/frame-000068.color.jpg -0.122463 -0.202776 0.777233 -0.582918 -0.174824 1.45149 0.421979
data/frame-000136.color.jpg 0.391258 0.694394 0.53516 -0.27989 0.134449 1.21074 0.754876
data/frame-000147.color.jpg 0.481721 0.675673 0.478698 -0.286807 -0.0605071 1.41037 0.436933
data/frame-000202.color.jpg 0.606262 0.795217 0.000759626 0.00868868 -0.0381901 1.44005 0.32706
data/frame-000006.color.jpg 0.0245334 -0.0771181 0.853647 -0.514527 0.458954 1.17317 0.819356
data/frame-000004.color.jpg 0.0143509 -0.0858448 0.870777 -0.483914 0.494004 1.07885 0.854102
data/frame-000059.color.jpg -0.0897839 -0.138543 0.781072 -0.602222 0.0226246 1.50138 0.403117
data/frame-000070.color.jpg -0.122545 -0.203893 0.779414 -0.579589 -0.194386 1.44395 0.432006
data/frame-000125.color.jpg 0.311104 0.592682 0.674816 -0.310749 0.0350321 1.23503 0.692481
data/frame-000138.color.jpg 0.40257 0.704638 0.521561 -0.263432 0.0673867 1.22466 0.745105
data/frame-000149.color.jpg 0.506096 0.656629 0.473407 -0.297642 -0.0808353 1.44941 0.350617
data/frame-000160.color.jpg 0.57495 0.759601 0.260147 -0.15736 0.0960217 1.51422 0.267497
data/frame-000204.color.jpg 0.640272 0.767881 0.00288971 0.0200457 -0.0696439 1.47646 0.226058
data/frame-000215.color.jpg 0.586068 0.798367 -0.108293 0.0860659 -0.0841982 1.4333 0.325652
data/frame-000008.color.jpg 0.0300889 -0.0693877 0.852747 -0.516819 0.447967 1.17145 0.830842
data/frame-000019.color.jpg 0.0604711 -0.0359729 0.814026 -0.57655 0.3733 1.31101 0.708876
data/frame-000030.color.jpg -0.0142393 -0.0741139 0.793419 -0.603979 0.463367 1.4497 0.5356
data/frame-000074.color.jpg -0.116439 -0.195902 0.787029 -0.573279 -0.217575 1.42935 0.446027
data/frame-000085.color.jpg 0.00669684 -0.139565 0.884366 -0.445392 -0.327143 1.09971 0.80003
data/frame-000098.color.jpg 0.169062 0.159085 0.838257 -0.493391 -0.281086 1.32413 0.509679
data/frame-000164.color.jpg 0.543794 0.800407 0.222608 -0.118668 0.130828 1.44548 0.412703
data/frame-000219.color.jpg 0.543979 0.814772 -0.160039 0.120916 -0.118142 1.39005 0.398811
data/frame-000069.color.jpg -0.123947 -0.20402 0.778249 -0.580811 -0.183484 1.44745 0.429554
data/frame-000217.color.jpg 0.576661 0.800787 -0.127145 0.100183 -0.0962329 1.42601 0.329393
data/frame-000021.color.jpg 0.0489772 -0.0387213 0.795362 -0.602911 0.398997 1.36989 0.622643
data/frame-000111.color.jpg 0.321401 0.422381 0.723026 -0.442187 0.203489 1.42457 0.441466
data/frame-000087.color.jpg 0.0362324 -0.129354 0.905912 -0.401595 -0.366093 1.00555 0.866127
data/frame-000155.color.jpg 0.549148 0.691706 0.392617 -0.256576 0.00592355 1.52014 0.219161
data/frame-000166.color.jpg 0.534878 0.81148 0.211072 -0.104183 0.128187 1.42134 0.458103
data/frame-000177.color.jpg 0.453095 0.865371 0.19455 -0.0893818 0.058395 1.197 0.750085
data/frame-000221.color.jpg 0.515511 0.828575 -0.176533 0.128639 -0.138231 1.34867 0.462043
data/frame-000047.color.jpg -0.108893 -0.186256 0.765785 -0.605825 0.0954893 1.52811 0.375233
data/frame-000036.color.jpg -0.0563872 -0.134273 0.785241 -0.60182 0.376964 1.52582 0.364196
data/frame-000126.color.jpg 0.310407 0.59479 0.670713 -0.316254 0.067549 1.23509 0.697364
data/frame-000181.color.jpg 0.424939 0.885671 0.169719 -0.0787995 0.062163 1.1291 0.810757
data/frame-000179.color.jpg 0.438368 0.87506 0.185818 -0.0870374 0.0516093 1.15594 0.783836
data/frame-000148.color.jpg 0.49046 0.6688 0.477359 -0.290319 -0.0692093 1.42365 0.406938
data/frame-000038.color.jpg -0.0598107 -0.127286 0.782478 -0.606588 0.355853 1.53726 0.361067
data/frame-000049.color.jpg -0.112412 -0.190277 0.766398 -0.603152 0.0593062 1.52132 0.396505
data/frame-000104.color.jpg 0.231602 0.250553 0.797439 -0.49767 -0.163396 1.39553 0.389575
data/frame-000115.color.jpg 0.343482 0.493755 0.694213 -0.395341 0.0783242 1.37616 0.500394
data/frame-000117.color.jpg 0.335605 0.502407 0.697499 -0.385294 0.0275808 1.36443 0.50589
data/frame-000128.color.jpg 0.299054 0.617089 0.656159 -0.314997 0.180281 1.17854 0.775341
data/frame-000139.color.jpg 0.404194 0.708617 0.515729 -0.261749 0.0504275 1.23042 0.733371
data/frame-000183.color.jpg 0.424591 0.897912 0.105019 -0.0494692 0.0582605 1.12729 0.801646
data/frame-000194.color.jpg 0.499049 0.86654 0.00231745 0.00724712 -0.0108112 1.28285 0.608827
data/frame-000077.color.jpg -0.100474 -0.185058 0.815237 -0.539489 -0.209086 1.35918 0.551604
data/frame-000053.color.jpg -0.114752 -0.184587 0.763502 -0.608132 0.0211423 1.51594 0.406939
data/frame-000064.color.jpg -0.102749 -0.17607 0.784055 -0.586259 -0.112555 1.46619 0.414499
data/frame-000080.color.jpg -0.0706404 -0.174565 0.846703 -0.497625 -0.219882 1.25678 0.685861
data/frame-000143.color.jpg 0.426213 0.686505 0.522048 -0.272983 -0.0556068 1.29959 0.608932
data/frame-000196.color.jpg 0.528267 0.849042 0.00410542 0.00671786 -0.0173593 1.33079 0.534094
data/frame-000000.color.jpg 0.0104023 -0.0863065 0.895252 -0.436997 0.50752 0.972364 0.940467
data/frame-000011.color.jpg 0.0431136 -0.057211 0.847842 -0.525388 0.416391 1.1903 0.820198
data/frame-000066.color.jpg -0.112309 -0.189861 0.780622 -0.584781 -0.151548 1.45674 0.41988
data/frame-000101.color.jpg 0.211133 0.217719 0.806738 -0.507144 -0.223349 1.37987 0.434659
data/frame-000121.color.jpg 0.330729 0.563706 0.674637 -0.343103 0.0241939 1.31729 0.580786
data/frame-000145.color.jpg 0.45361 0.684904 0.494595 -0.283762 -0.0446886 1.36393 0.519516
data/frame-000156.color.jpg 0.5539 0.711511 0.364516 -0.23254 0.0367562 1.52404 0.230917
data/frame-000200.color.jpg 0.589641 0.807508 -0.00569981 0.014914 -0.0342438 1.41839 0.365276
data/frame-000211.color.jpg 0.606479 0.791418 -0.0521847 0.0558297 -0.0802634 1.44709 0.304123
data/frame-000222.color.jpg 0.503184 0.835265 -0.179626 0.129897 -0.147917 1.32702 0.494088
data/frame-000015.color.jpg 0.0579413 -0.0437143 0.838117 -0.540641 0.378014 1.22511 0.801773
data/frame-000026.color.jpg 0.0248723 -0.0518585 0.780225 -0.622849 0.432389 1.43018 0.535212
data/frame-000158.color.jpg 0.571793 0.73642 0.304976 -0.194237 0.0761252 1.52591 0.226285
data/frame-000134.color.jpg 0.369838 0.671329 0.57386 -0.288481 0.138401 1.19371 0.775129
data/frame-000213.color.jpg 0.600359 0.792349 -0.0797464 0.0734315 -0.0853955 1.44523 0.303439
data/frame-000224.color.jpg 0.486258 0.840512 -0.192874 0.141039 -0.171336 1.29892 0.523568
data/frame-000017.color.jpg 0.0580102 -0.0388948 0.827142 -0.557637 0.381951 1.26217 0.756983
data/frame-000028.color.jpg 0.00380146 -0.0672694 0.782774 -0.618648 0.438533 1.447 0.525767
data/frame-000083.color.jpg -0.0291647 -0.153396 0.86521 -0.476478 -0.271519 1.18049 0.744964
data/frame-000094.color.jpg 0.0988634 0.0717341 0.883208 -0.452795 -0.285508 1.19655 0.677897
data/frame-000096.color.jpg 0.13575 0.11602 0.855332 -0.486332 -0.286969 1.28766 0.562729
data/frame-000107.color.jpg 0.2777 0.332946 0.761225 -0.48225 0.0898078 1.45492 0.343826
data/frame-000118.color.jpg 0.335293 0.519669 0.690341 -0.375435 0.0320516 1.36492 0.518867
data/frame-000162.color.jpg 0.564471 0.777755 0.242318 -0.133234 0.10243 1.48734 0.334677
data/frame-000173.color.jpg 0.464439 0.859033 0.199313 -0.0814431 0.0619617 1.24952 0.69908
data/frame-000228.color.jpg 0.433543 0.867551 -0.206683 0.129139 -0.172331 1.20578 0.645501
data/frame-000032.color.jpg -0.0342152 -0.105632 0.796262 -0.594675 0.431112 1.4865 0.46218
data/frame-000043.color.jpg -0.0836651 -0.169774 0.779764 -0.596779 0.1837 1.52312 0.410031
data/frame-000122.color.jpg 0.325883 0.575662 0.670179 -0.33656 0.0387321 1.30566 0.601366
data/frame-000175.color.jpg 0.46257 0.859516 0.200922 -0.0830151 0.0408177 1.22278 0.724138
data/frame-000034.color.jpg -0.0548326 -0.121037 0.789616 -0.59904 0.430058 1.50712 0.399649
data/frame-000045.color.jpg -0.0956435 -0.176941 0.774487 -0.599761 0.137771 1.52387 0.394496
data/frame-000056.color.jpg -0.116546 -0.1732 0.76943 -0.603652 0.0246555 1.49747 0.42724
data/frame-000100.color.jpg 0.199909 0.199846 0.816085 -0.504086 -0.255411 1.36559 0.451875
data/frame-000124.color.jpg 0.314953 0.596406 0.668378 -0.313649 0.0399475 1.25521 0.668165
data/frame-000135.color.jpg 0.379062 0.681451 0.559927 -0.280032 0.127587 1.19232 0.775334
data/frame-000190.color.jpg 0.446747 0.894617 0.00392795 0.00783766 -0.00266804 1.18628 0.732321
data/frame-000005.color.jpg 0.012413 -0.0887453 0.8672 -0.48983 0.485405 1.0951 0.83706
data/frame-000060.color.jpg -0.0817301 -0.130893 0.787893 -0.596165 0.0151663 1.4917 0.416668
data/frame-000137.color.jpg 0.396371 0.697078 0.53057 -0.274714 0.110143 1.21709 0.749169
data/frame-000113.color.jpg 0.334245 0.459042 0.710578 -0.415499 0.121668 1.39277 0.487712
data/frame-000192.color.jpg 0.474207 0.880285 0.00311404 0.0147074 -0.023994 1.23609 0.667342
data/frame-000203.color.jpg 0.632132 0.774649 0.00109345 0.0180934 -0.0635671 1.4685 0.249076
data/frame-000007.color.jpg 0.0254315 -0.0743991 0.853039 -0.51589 0.456252 1.1727 0.821574
data/frame-000018.color.jpg 0.0593776 -0.0358423 0.814625 -0.575826 0.375868 1.30781 0.71112
data/frame-000062.color.jpg -0.0937037 -0.155313 0.785167 -0.592123 -0.0486328 1.4819 0.39934
data/frame-000073.color.jpg -0.117244 -0.199683 0.786007 -0.573214 -0.217015 1.43028 0.44442
data/frame-000086.color.jpg 0.0191939 -0.139437 0.892492 -0.428541 -0.347137 1.06276 0.829474
data/frame-000097.color.jpg 0.14825 0.13419 0.84689 -0.49274 -0.279924 1.30932 0.534618
data/frame-000141.color.jpg 0.411178 0.708853 0.512194 -0.257134 -0.00291033 1.25806 0.687352
data/frame-000152.color.jpg 0.535482 0.645004 0.455569 -0.299475 -0.0985516 1.488 0.242562
data/frame-000207.color.jpg 0.634674 0.772069 -0.0107942 0.0313162 -0.071802 1.47469 0.243375
data/frame-000218.color.jpg 0.561216 0.805925 -0.1482 0.116444 -0.111189 1.41042 0.357284
data/frame-000022.color.jpg 0.0485424 -0.0393193 0.794399 -0.604176 0.400235 1.37351 0.617265
data/frame-000205.color.jpg 0.643255 0.765516 0.00506576 0.0134769 -0.05677 1.4832 0.223482
data/frame-000009.color.jpg 0.0387865 -0.0608147 0.851183 -0.51989 0.429664 1.17609 0.830425
data/frame-000075.color.jpg -0.117507 -0.191448 0.791413 -0.568512 -0.210674 1.41807 0.459772
data/frame-000154.color.jpg 0.547787 0.672453 0.416307 -0.272811 -0.034064 1.51665 0.206307
data/frame-000130.color.jpg 0.314337 0.62107 0.647916 -0.309305 0.176091 1.1608 0.800229
data/frame-000165.color.jpg 0.53804 0.808076 0.211177 -0.113709 0.146207 1.42944 0.438996
data/frame-000209.color.jpg 0.620538 0.781598 -0.0393583 0.049882 -0.07722 1.4612 0.274793
data/frame-000220.color.jpg 0.525808 0.824483 -0.169596 0.122434 -0.124829 1.36317 0.442221
data/frame-000013.color.jpg 0.0513662 -0.0507478 0.844327 -0.530941 0.392885 1.20396 0.81486
data/frame-000024.color.jpg 0.043514 -0.0455455 0.786579 -0.614268 0.404352 1.40209 0.58028
data/frame-000035.color.jpg -0.0551759 -0.122832 0.790176 -0.597904 0.426121 1.50787 0.399543
data/frame-000079.color.jpg -0.0819171 -0.176855 0.838132 -0.509457 -0.209964 1.28809 0.650102
data/frame-000090.color.jpg 0.0479239 -0.0861909 0.930352 -0.353156 -0.339982 0.915384 0.924004
data/frame-000103.color.jpg 0.218863 0.251799 0.79962 -0.499304 -0.144937 1.39781 0.423123
data/frame-000114.color.jpg 0.341386 0.482178 0.70316 -0.395634 0.0782415 1.37287 0.514144
data/frame-000169.color.jpg 0.510382 0.837242 0.180821 -0.0764166 0.138025 1.35778 0.558038
data/frame-000039.color.jpg -0.064001 -0.128155 0.779389 -0.609945 0.349751 1.54036 0.35172
data/frame-000037.color.jpg -0.06145 -0.133895 0.784178 -0.602794 0.375089 1.53123 0.357476
data/frame-000116.color.jpg 0.340584 0.494988 0.694041 -0.396606 0.0573188 1.37919 0.485849
data/frame-000092.color.jpg 0.0500684 -0.0139596 0.910138 -0.411031 -0.282622 1.06838 0.813587
data/frame-000127.color.jpg 0.310157 0.604059 0.662525 -0.316191 0.103112 1.2253 0.713697
data/frame-000171.color.jpg 0.48686 0.849884 0.1898 -0.0681241 0.0850723 1.30887 0.619958
data/frame-000182.color.jpg 0.425714 0.891813 0.138605 -0.0650037 0.0619954 1.12868 0.805236
data/frame-000226.color.jpg 0.464435 0.852522 -0.198376 0.134734 -0.168092 1.26152 0.578793
data/frame-000076.color.jpg -0.100937 -0.186514 0.811434 -0.54461 -0.217101 1.37047 0.535403
data/frame-000041.color.jpg -0.0777255 -0.152376 0.782104 -0.59921 0.273695 1.53058 0.398472
data/frame-000052.color.jpg -0.113308 -0.187083 0.763293 -0.607903 0.0238575 1.51679 0.40274
data/frame-000131.color.jpg 0.318257 0.627138 0.641121 -0.307204 0.178944 1.15794 0.804269
data/frame-000186.color.jpg 0.438001 0.896996 0.0561621 -0.0199809 0.0316754 1.16083 0.757752
data/frame-000197.color.jpg 0.539202 0.842123 0.00197373 0.00932668 -0.0232695 1.34692 0.503971
data/frame-000001.color.jpg 0.00465159 -0.0904018 0.895629 -0.435493 0.516577 0.987704 0.945536
data/frame-000184.color.jpg 0.422751 0.901024 0.08908 -0.0387693 0.0479795 1.12632 0.802518
data/frame-000054.color.jpg -0.116849 -0.182641 0.763084 -0.608844 0.0181638 1.51026 0.406645
data/frame-000133.color.jpg 0.352024 0.654598 0.600338 -0.295255 0.152416 1.17993 0.784741
data/frame-000109.color.jpg 0.299941 0.375622 0.742068 -0.467203 0.210931 1.45172 0.378611
data/frame-000120.color.jpg 0.340799 0.539519 0.673738 -0.372631 0.0346951 1.36669 0.506978
data/frame-000144.color.jpg 0.434581 0.682918 0.516753 -0.2788 -0.0572338 1.32491 0.578535
data/frame-000188.color.jpg 0.43269 0.901199 0.0247828 -0.00238221 0.00888907 1.15564 0.768756
data/frame-000199.color.jpg 0.56216 0.826791 -0.00544992 0.0190602 -0.0409456 1.38291 0.440077
data/frame-000210.color.jpg 0.613942 0.786442 -0.0448335 0.0507391 -0.0758473 1.45389 0.289089
data/frame-000003.color.jpg 0.00337382 -0.103275 0.896065 -0.431729 0.513845 0.985138 0.940671
data/frame-000093.color.jpg 0.0702887 0.036632 0.901493 -0.425474 -0.264251 1.12438 0.765177
data/frame-000058.color.jpg -0.0987693 -0.150316 0.775791 -0.604812 0.0234494 1.50058 0.407938
data/frame-000014.color.jpg 0.055454 -0.0462603 0.842754 -0.533432 0.383228 1.2074 0.817019
data/frame-000214.color.jpg 0.594351 0.795104 -0.0918831 0.0781945 -0.0826307 1.43887 0.314293
