data/frame-000025.color.jpg -0.0671823 -0.221031 0.917314 -0.324295 -2.34554 3.88075 -1.51228
data/frame-000104.color.jpg -0.147453 -0.513245 0.789571 -0.302349 -4.43838 2.44646 -0.663479
data/frame-000115.color.jpg -0.157562 -0.628276 0.728681 -0.222412 -4.69972 1.41997 0.434497
data/frame-000159.color.jpg 0.293416 0.930853 -0.216449 0.0238582 -1.24772 -2.03427 3.15105
data/frame-000170.color.jpg 0.31614 0.929386 -0.186396 0.0394239 -0.974758 -1.58651 2.97677
data/frame-000225.color.jpg -0.0785229 -0.324942 0.908505 -0.250731 -1.15226 3.83394 -0.901659
data/frame-000236.color.jpg -0.0104998 -0.0785725 0.973874 -0.212804 1.05784 4.38599 -0.742714
data/frame-000053.color.jpg -0.206405 -0.461284 0.835815 -0.214541 -3.76869 2.10181 0.387331
data/frame-000064.color.jpg 0.227758 0.689607 -0.670444 0.151896 -3.73091 0.00758992 1.73298
data/frame-000119.color.jpg -0.167928 -0.651579 0.710937 -0.204487 -4.67082 1.19506 0.696788
data/frame-000174.color.jpg 0.318909 0.901988 -0.284274 0.0624734 -1.6432 -1.17495 2.7874
data/frame-000185.color.jpg 0.257831 0.820087 -0.494919 0.126629 -3.00497 0.0248294 1.69495
data/frame-000011.color.jpg 0.0112314 -0.0190729 0.951417 -0.30711 -0.634837 4.53903 -1.74293
data/frame-000066.color.jpg 0.19924 0.686189 -0.685111 0.141672 -3.81209 0.0705387 1.67818
data/frame-000121.color.jpg -0.178071 -0.6607 0.699548 -0.205908 -4.63132 1.09923 0.77893
data/frame-000132.color.jpg 0.176258 0.688786 -0.683706 0.164476 -4.15927 0.740085 1.22521
data/frame-000176.color.jpg 0.277681 0.869424 -0.39942 0.08636 -2.29676 -0.788352 2.32818
data/frame-000187.color.jpg 0.277918 0.818782 -0.488603 0.116724 -2.92757 0.2434 1.70616
data/frame-000198.color.jpg 0.290342 0.836766 -0.453755 0.0981391 -2.93976 0.506415 1.55142
data/frame-000242.color.jpg -0.00693193 -0.0449303 0.940947 -0.335488 1.37444 4.15244 -1.76746
data/frame-000015.color.jpg -0.000108486 -0.0386373 0.951907 -0.30394 -0.807467 4.51484 -1.68813
data/frame-000026.color.jpg -0.0792565 -0.221569 0.914002 -0.330493 -2.34483 3.86847 -1.52578
data/frame-000081.color.jpg -0.160303 -0.612609 0.759789 -0.14742 -4.07871 1.34401 1.10453
data/frame-000136.color.jpg 0.177553 0.695785 -0.677738 0.158206 -4.00208 0.699495 1.27312
data/frame-000147.color.jpg 0.200564 0.807111 -0.543595 0.113356 -3.44851 -0.559171 1.92977
data/frame-000202.color.jpg 0.259602 0.734113 -0.608639 0.152459 -3.06211 1.52847 0.829605
data/frame-000134.color.jpg 0.172371 0.691402 -0.68164 0.166188 -4.10519 0.718385 1.19374
data/frame-000017.color.jpg -0.00761951 -0.0676608 0.950762 -0.302349 -1.065 4.4536 -1.64225
data/frame-000004.color.jpg 0.00992052 -0.0171887 0.948203 -0.317045 -0.61843 4.51129 -1.83201
data/frame-000028.color.jpg -0.107135 -0.294026 0.884729 -0.345435 -2.94137 3.51054 -1.44257
data/frame-000083.color.jpg -0.131996 -0.560915 0.798879 -0.172467 -4.07997 1.91009 0.631429
data/frame-000094.color.jpg -0.115585 -0.481151 0.843132 -0.210385 -4.16333 2.85277 -0.0615904
data/frame-000138.color.jpg 0.180139 0.71577 -0.657594 0.150976 -3.91996 0.483014 1.37865
data/frame-000149.color.jpg 0.205765 0.82931 -0.50785 0.109523 -3.30121 -0.83829 2.05009
data/frame-000160.color.jpg 0.292644 0.932621 -0.210353 0.0181267 -1.17848 -2.05632 3.15664
data/frame-000204.color.jpg 0.233023 0.696177 -0.658786 0.164432 -3.02104 1.83057 0.59789
data/frame-000215.color.jpg -0.173903 -0.64983 0.722102 -0.161393 -3.0957 2.01597 0.457795
data/frame-000032.color.jpg -0.108776 -0.318434 0.864381 -0.373647 -3.00274 3.33967 -1.65553
data/frame-000043.color.jpg -0.0539105 -0.269522 0.906989 -0.319096 -2.8661 3.37447 -1.28346
data/frame-000098.color.jpg -0.129 -0.484978 0.831126 -0.23955 -4.22216 2.88914 -0.299208
data/frame-000164.color.jpg 0.308706 0.94091 -0.138405 0.0152818 -0.60693 -1.99887 3.18504
data/frame-000219.color.jpg -0.144403 -0.533561 0.808197 -0.20317 -2.71199 2.82117 -0.124893
data/frame-000217.color.jpg -0.161559 -0.614929 0.74957 -0.184136 -3.05515 2.25343 0.209763
data/frame-000034.color.jpg -0.128496 -0.294108 0.876367 -0.359126 -2.82015 3.52056 -1.52726
data/frame-000045.color.jpg -0.0703766 -0.341806 0.873776 -0.33872 -3.373 2.77738 -1.29849
data/frame-000056.color.jpg -0.226436 -0.583194 0.762128 -0.16665 -3.92225 1.00352 1.18667
data/frame-000100.color.jpg -0.136586 -0.490026 0.817951 -0.268654 -4.2922 2.78313 -0.514494
data/frame-000111.color.jpg -0.146952 -0.595086 0.750862 -0.245934 -4.67527 1.73412 0.0870782
data/frame-000155.color.jpg 0.268046 0.90218 -0.332256 0.0618766 -2.15362 -1.65076 2.81342
data/frame-000166.color.jpg 0.328285 0.93476 -0.134541 0.0187779 -0.529271 -1.77074 3.20307
data/frame-000177.color.jpg 0.26517 0.851887 -0.4415 0.0951317 -2.48387 -0.587754 2.16053
data/frame-000221.color.jpg -0.138956 -0.502277 0.827452 -0.209124 -2.53707 3.02001 -0.240841
data/frame-000005.color.jpg 0.00999339 -0.0185492 0.949098 -0.314275 -0.632831 4.51789 -1.8043
data/frame-000232.color.jpg -0.0412295 -0.163207 0.96288 -0.211009 0.258217 4.31958 -0.746935
data/frame-000060.color.jpg -0.218122 -0.671713 0.695922 -0.130062 -3.78733 0.100758 1.60864
data/frame-000243.color.jpg -0.000722396 -0.0473221 0.937495 -0.344765 1.35155 4.1374 -1.82785
data/frame-000126.color.jpg -0.191037 -0.662071 0.700726 -0.184795 -4.42838 1.07685 1.04804
data/frame-000181.color.jpg 0.229545 0.819538 -0.51004 0.124603 -2.95441 -0.167727 1.69546
data/frame-000113.color.jpg -0.149756 -0.607126 0.744327 -0.234411 -4.68606 1.62757 0.233227
data/frame-000179.color.jpg 0.237054 0.833259 -0.487601 0.108313 -2.72911 -0.382203 1.88681
data/frame-000234.color.jpg -0.01138 -0.0983659 0.970175 -0.221257 0.828885 4.34726 -0.797772
data/frame-000007.color.jpg 0.0117647 -0.0162512 0.950035 -0.311498 -0.611312 4.52706 -1.78265
data/frame-000018.color.jpg -0.0148361 -0.0875149 0.949539 -0.300826 -1.23444 4.41046 -1.60154
data/frame-000062.color.jpg 0.234872 0.688241 -0.670937 0.144924 -3.71332 -0.0174669 1.74146
data/frame-000073.color.jpg -0.181711 -0.64002 0.73011 -0.155866 -3.8333 0.869698 1.33977
data/frame-000117.color.jpg -0.163287 -0.64042 0.71896 -0.215166 -4.69423 1.30095 0.558081
data/frame-000128.color.jpg -0.164892 -0.663308 0.709235 -0.172683 -4.35879 1.00148 1.0237
data/frame-000183.color.jpg 0.23044 0.821431 -0.50611 0.126499 -3.03993 -0.127666 1.63052
data/frame-000194.color.jpg 0.297518 0.872384 -0.379004 0.0823756 -2.77645 -0.06278 1.89479
data/frame-000238.color.jpg -0.0105176 -0.0606128 0.968917 -0.239614 1.23964 4.36002 -0.968927
data/frame-000139.color.jpg 0.182148 0.723638 -0.648832 0.148955 -3.89019 0.397098 1.42019
data/frame-000022.color.jpg -0.0556994 -0.170996 0.933094 -0.311439 -1.94675 4.12009 -1.51636
data/frame-000077.color.jpg -0.181748 -0.616552 0.749408 -0.158802 -3.88954 1.20798 1.21998
data/frame-000143.color.jpg 0.188196 0.756451 -0.611153 0.137317 -3.74968 0.0323882 1.60136
data/frame-000075.color.jpg -0.173946 -0.607947 0.757636 -0.16165 -3.80778 1.22343 1.16134
data/frame-000130.color.jpg -0.181576 -0.674505 0.691948 -0.182427 -4.27659 0.884533 1.10855
data/frame-000196.color.jpg 0.297722 0.86643 -0.391395 0.0864292 -2.82625 0.0979749 1.78392
data/frame-000013.color.jpg 0.00534583 -0.0283024 0.952152 -0.304265 -0.71776 4.53229 -1.70275
data/frame-000000.color.jpg 0.0243477 -0.00650344 0.945848 -0.323629 -0.489769 4.49651 -1.90178
data/frame-000024.color.jpg -0.0657858 -0.20992 0.923609 -0.313931 -2.26319 3.96458 -1.44551
data/frame-000035.color.jpg -0.127908 -0.304788 0.877736 -0.346876 -2.95042 3.4531 -1.3462
data/frame-000079.color.jpg -0.169585 -0.634048 0.738119 -0.156215 -4.04942 1.05413 1.18929
data/frame-000090.color.jpg -0.105031 -0.440541 0.870053 -0.194677 -3.67591 3.12335 -0.000143954
data/frame-000101.color.jpg -0.133592 -0.496175 0.81051 -0.281135 -4.33904 2.68319 -0.617307
data/frame-000145.color.jpg 0.193502 0.787826 -0.571292 0.124551 -3.59037 -0.333531 1.78155
data/frame-000156.color.jpg 0.287104 0.916534 -0.275744 0.038763 -1.69687 -1.83289 3.0298
data/frame-000200.color.jpg 0.284999 0.792261 -0.525201 0.123537 -3.04177 0.996828 1.24136
data/frame-000211.color.jpg -0.180166 -0.640007 0.731368 -0.151765 -2.92079 2.19145 0.466468
data/frame-000039.color.jpg -0.102916 -0.304935 0.886664 -0.332039 -3.0539 3.3291 -1.18062
data/frame-000222.color.jpg -0.118466 -0.428342 0.865931 -0.229459 -2.03429 3.4227 -0.561482
data/frame-000235.color.jpg -0.0109207 -0.0822548 0.973598 -0.212652 1.0143 4.37888 -0.741227
data/frame-000037.color.jpg -0.129161 -0.322949 0.87938 -0.325134 -3.14068 3.33278 -1.03714
data/frame-000092.color.jpg -0.12316 -0.475663 0.84849 -0.196572 -4.04581 2.88756 0.105106
data/frame-000158.color.jpg 0.2894 0.927462 -0.234717 0.0311232 -1.39713 -1.99714 3.10612
data/frame-000213.color.jpg -0.178194 -0.650487 0.723228 -0.148508 -3.02573 2.05615 0.542678
data/frame-000224.color.jpg -0.0904484 -0.37465 0.890556 -0.241593 -1.59008 3.66073 -0.756433
data/frame-000041.color.jpg -0.0662197 -0.246928 0.906956 -0.334772 -2.6483 3.54453 -1.40042
data/frame-000052.color.jpg -0.228076 -0.430091 0.846499 -0.215506 -3.63736 2.41349 0.369587
data/frame-000096.color.jpg -0.121441 -0.484512 0.838463 -0.2179 -4.19134 2.88686 -0.119711
data/frame-000107.color.jpg -0.146517 -0.540883 0.776282 -0.28873 -4.53949 2.21413 -0.445146
data/frame-000118.color.jpg -0.166454 -0.644626 0.716322 -0.208887 -4.68002 1.26986 0.634851
data/frame-000162.color.jpg 0.311144 0.932029 -0.185581 0.00843189 -0.916824 -1.95276 3.23344
data/frame-000173.color.jpg 0.319343 0.910103 -0.25678 0.0616201 -1.48257 -1.28358 2.83495
data/frame-000228.color.jpg -0.046157 -0.213919 0.944618 -0.244552 -0.174319 4.10598 -0.946429
data/frame-000239.color.jpg -0.00794354 -0.0453592 0.963758 -0.262773 1.37315 4.30275 -1.15245
data/frame-000001.color.jpg 0.0265071 -0.00600544 0.945258 -0.32519 -0.489466 4.48531 -1.9248
data/frame-000122.color.jpg -0.182357 -0.661732 0.698707 -0.201658 -4.59484 1.1038 0.838298
data/frame-000054.color.jpg -0.210873 -0.4952 0.817911 -0.203301 -3.85476 1.80133 0.601467
data/frame-000109.color.jpg -0.14561 -0.573566 0.762117 -0.262672 -4.6279 1.93564 -0.125358
data/frame-000120.color.jpg -0.168876 -0.654698 0.707732 -0.204856 -4.65807 1.1594 0.712061
data/frame-000175.color.jpg 0.298748 0.886645 -0.341464 0.0895125 -2.0475 -0.985701 2.51418
data/frame-000230.color.jpg -0.045469 -0.185815 0.957107 -0.217602 0.0789887 4.23026 -0.778079
data/frame-000241.color.jpg -0.00516252 -0.0415272 0.946948 -0.318651 1.40773 4.18808 -1.61798
data/frame-000003.color.jpg 0.0135232 -0.0145269 0.947148 -0.320184 -0.588717 4.50043 -1.86618
data/frame-000014.color.jpg 0.00624462 -0.0324277 0.952612 -0.30239 -0.752983 4.52964 -1.6855
data/frame-000058.color.jpg -0.219706 -0.617414 0.739286 -0.15487 -3.90646 0.648659 1.32491
data/frame-000069.color.jpg 0.208572 0.684607 -0.682283 0.149335 -3.81013 0.27385 1.69943
data/frame-000080.color.jpg -0.167277 -0.623986 0.74893 -0.147529 -4.05827 1.19965 1.18382
data/frame-000124.color.jpg -0.18484 -0.664683 0.695163 -0.201938 -4.55715 1.05475 0.871207
data/frame-000135.color.jpg 0.175472 0.692043 -0.682005 0.158603 -4.02843 0.735556 1.25115
data/frame-000190.color.jpg 0.277676 0.814613 -0.49363 0.125026 -3.02495 0.39892 1.54862
data/frame-000016.color.jpg -0.0048252 -0.0497533 0.951532 -0.303462 -0.908176 4.49383 -1.66831
data/frame-000071.color.jpg -0.194396 -0.663624 0.706431 -0.150889 -3.83665 0.573554 1.52508
data/frame-000082.color.jpg -0.142966 -0.589021 0.778387 -0.163487 -4.11332 1.60339 0.831278
data/frame-000137.color.jpg 0.17883 0.701854 -0.671671 0.155818 -3.96852 0.63565 1.30941
data/frame-000192.color.jpg 0.29422 0.861917 -0.400938 0.0989085 -2.85395 -0.0640686 1.8627
data/frame-000203.color.jpg 0.247715 0.715429 -0.633679 0.158897 -3.04042 1.68473 0.713413
data/frame-000020.color.jpg -0.0279834 -0.120138 0.946672 -0.297651 -1.50658 4.32969 -1.51534
data/frame-000031.color.jpg -0.106598 -0.330194 0.862579 -0.368194 -3.11375 3.28175 -1.58156
data/frame-000086.color.jpg -0.111441 -0.481926 0.846049 -0.198819 -3.80753 2.67823 0.130571
data/frame-000097.color.jpg -0.124744 -0.485704 0.83424 -0.22929 -4.21304 2.88031 -0.215712
data/frame-000141.color.jpg 0.186177 0.739242 -0.630971 0.143996 -3.82279 0.228401 1.51002
data/frame-000152.color.jpg 0.23274 0.875628 -0.415663 0.0795728 -2.73337 -1.38312 2.46951
data/frame-000207.color.jpg -0.203109 -0.640761 0.722961 -0.159683 -2.80934 2.25257 0.425003
data/frame-000218.color.jpg -0.158342 -0.594224 0.76492 -0.191636 -2.9928 2.40942 0.106655
data/frame-000231.color.jpg -0.0450182 -0.173484 0.961957 -0.206191 0.185411 4.29366 -0.702049
data/frame-000205.color.jpg -0.226999 -0.670341 0.68735 -0.163293 -2.92534 2.04077 0.523082
data/frame-000033.color.jpg -0.118615 -0.309324 0.869365 -0.36668 -2.92622 3.42025 -1.59657
data/frame-000009.color.jpg 0.0118252 -0.017489 0.950631 -0.309605 -0.622981 4.53344 -1.76604
data/frame-000044.color.jpg -0.0623465 -0.315025 0.889807 -0.324215 -3.1931 3.03439 -1.2556
data/frame-000088.color.jpg -0.104638 -0.44539 0.865435 -0.204206 -3.6346 3.01221 -0.0479224
data/frame-000099.color.jpg -0.133678 -0.485288 0.827285 -0.249451 -4.2375 2.87548 -0.368897
data/frame-000154.color.jpg 0.262786 0.894826 -0.354983 0.0649333 -2.31445 -1.56234 2.74677
data/frame-000165.color.jpg 0.313889 0.942186 -0.116577 0.0130098 -0.422992 -1.94645 3.18024
data/frame-000209.color.jpg -0.185922 -0.634928 0.732928 -0.158482 -2.83515 2.26285 0.394912
data/frame-000220.color.jpg -0.143181 -0.521598 0.81605 -0.203709 -2.64664 2.9004 -0.155572
data/frame-000048.color.jpg -0.159554 -0.385653 0.848892 -0.32434 -3.65963 2.47226 -0.804763
data/frame-000103.color.jpg -0.140085 -0.507394 0.79541 -0.300418 -4.41194 2.50816 -0.707241
data/frame-000114.color.jpg -0.153763 -0.618661 0.735794 -0.228522 -4.69907 1.5129 0.337694
data/frame-000169.color.jpg 0.322968 0.929765 -0.171518 0.0425407 -0.874436 -1.65565 3.08024
data/frame-000050.color.jpg -0.218865 -0.429818 0.834129 -0.267553 -3.78518 2.31609 -0.031606
data/frame-000061.color.jpg -0.224214 -0.676065 0.687716 -0.140398 -3.77507 0.0882617 1.62432
data/frame-000105.color.jpg -0.14751 -0.524876 0.786341 -0.290541 -4.4817 2.37817 -0.52209
data/frame-000116.color.jpg -0.162281 -0.634931 0.723499 -0.21697 -4.6931 1.36116 0.521698
data/frame-000127.color.jpg -0.172527 -0.656346 0.713435 -0.174513 -4.38182 1.10544 1.0159
data/frame-000171.color.jpg 0.324068 0.924344 -0.195254 0.0494385 -1.0724 -1.49293 2.96972
data/frame-000182.color.jpg 0.228396 0.818892 -0.510428 0.129282 -3.01682 -0.14105 1.63408
data/frame-000226.color.jpg -0.0650317 -0.268651 0.925315 -0.259597 -0.657248 3.95971 -1.02368
data/frame-000237.color.jpg -0.0119526 -0.0714369 0.973228 -0.218131 1.13586 4.38046 -0.790526
data/frame-000010.color.jpg 0.0115907 -0.0185238 0.950726 -0.309261 -0.629725 4.53286 -1.76351
data/frame-000065.color.jpg 0.216682 0.685933 -0.680419 0.139913 -3.74676 0.0794192 1.75627
data/frame-000076.color.jpg -0.173766 -0.610601 0.756913 -0.155095 -3.83895 1.22819 1.19561
data/frame-000131.color.jpg -0.178697 -0.68266 0.685901 -0.177715 -4.23322 0.791586 1.14603
data/frame-000186.color.jpg 0.261003 0.824239 -0.487553 0.121654 -2.96784 0.0548935 1.70228
data/frame-000197.color.jpg 0.294764 0.862843 -0.401308 0.0869878 -2.8408 0.159472 1.7448
data/frame-000063.color.jpg 0.229239 0.691493 -0.668131 0.151284 -3.73007 -0.0451789 1.71308
data/frame-000184.color.jpg 0.245434 0.821526 -0.498347 0.12848 -3.02893 -0.0536109 1.66058
data/frame-000012.color.jpg 0.0086733 -0.0213213 0.951907 -0.30552 -0.655242 4.54048 -1.72411
data/frame-000023.color.jpg -0.0616165 -0.179868 0.933133 -0.305147 -2.01499 4.11433 -1.42916
data/frame-000067.color.jpg 0.207077 0.6881 -0.682431 0.133883 -3.77983 0.104062 1.78748
data/frame-000078.color.jpg -0.180763 -0.630464 0.738605 -0.155889 -3.96855 1.08919 1.25876
data/frame-000089.color.jpg -0.102851 -0.435603 0.871465 -0.200548 -3.6022 3.12272 -0.0609899
data/frame-000133.color.jpg 0.175197 0.692536 -0.680467 0.16329 -4.12465 0.708346 1.23053
data/frame-000144.color.jpg 0.190928 0.779966 -0.58193 0.128676 -3.64327 -0.241441 1.72385
data/frame-000188.color.jpg 0.280982 0.809233 -0.501888 0.11958 -2.94656 0.397902 1.62888
data/frame-000199.color.jpg 0.289538 0.815537 -0.48798 0.113764 -3.01184 0.744253 1.38891
data/frame-000210.color.jpg -0.184755 -0.63525 0.733451 -0.156117 -2.84594 2.25441 0.413736
data/frame-000027.color.jpg -0.095232 -0.253282 0.900494 -0.340426 -2.60729 3.70928 -1.508
data/frame-000093.color.jpg -0.118236 -0.478469 0.845393 -0.20591 -4.13006 2.86905 -0.00464367
data/frame-000148.color.jpg 0.204286 0.81714 -0.52798 0.108562 -3.37267 -0.680336 2.00486
data/frame-000214.color.jpg -0.174444 -0.653255 0.721137 -0.150959 -3.0576 2.01655 0.528147
data/frame-000146.color.jpg 0.195535 0.795424 -0.561166 0.118995 -3.53443 -0.423603 1.84098
data/frame-000201.color.jpg 0.277722 0.767152 -0.562067 0.135752 -3.05936 1.24242 1.07013
data/frame-000029.color.jpg -0.121252 -0.330998 0.864491 -0.358321 -3.21464 3.27578 -1.42706
data/frame-000040.color.jpg -0.0800734 -0.268427 0.899422 -0.335521 -2.79862 3.46709 -1.33779
data/frame-000084.color.jpg -0.124315 -0.531904 0.818318 -0.178828 -3.99228 2.20847 0.473058
data/frame-000095.color.jpg -0.115859 -0.486456 0.841091 -0.206163 -4.19376 2.85561 -0.0260171
data/frame-000106.color.jpg -0.146266 -0.531991 0.781402 -0.291551 -4.51233 2.29944 -0.505508
data/frame-000150.color.jpg 0.216674 0.844459 -0.480334 0.0960232 -3.1268 -1.00716 2.21723
data/frame-000161.color.jpg 0.298625 0.933981 -0.195222 0.0197544 -1.07537 -2.04488 3.18384
data/frame-000172.color.jpg 0.317864 0.920905 -0.21993 0.050263 -1.22014 -1.44146 2.89994
data/frame-000216.color.jpg -0.167462 -0.637727 0.731684 -0.172914 -3.10225 2.08826 0.346426
data/frame-000227.color.jpg -0.058743 -0.244311 0.933584 -0.255504 -0.448072 4.01368 -1.01531
data/frame-000240.color.jpg -0.0112602 -0.0423278 0.954623 -0.294578 1.39778 4.23794 -1.43319
data/frame-000055.color.jpg -0.225354 -0.529999 0.797713 -0.178806 -3.87335 1.51793 0.943411
data/frame-000110.color.jpg -0.148411 -0.589471 0.75326 -0.251194 -4.66508 1.79186 0.03386
data/frame-000042.color.jpg -0.062675 -0.24438 0.910206 -0.328444 -2.66035 3.52849 -1.35974
data/frame-000108.color.jpg -0.144972 -0.56032 0.768267 -0.273478 -4.59646 2.04871 -0.258902
data/frame-000163.color.jpg 0.311651 0.93636 -0.160769 0.0160454 -0.769242 -1.96363 3.21124
data/frame-000229.color.jpg -0.0485736 -0.198313 0.949503 -0.238238 -0.0295622 4.1553 -0.92618
data/frame-000002.color.jpg 0.0169354 -0.0114074 0.946344 -0.322516 -0.555962 4.49358 -1.89098
data/frame-000046.color.jpg -0.102541 -0.385442 0.850221 -0.343576 -3.6546 2.41396 -1.12955
data/frame-000057.color.jpg -0.223502 -0.596226 0.753978 -0.161488 -3.92022 0.869019 1.24161
data/frame-000068.color.jpg 0.208132 0.690353 -0.678554 0.140209 -3.78978 0.120929 1.77986
data/frame-000112.color.jpg -0.148578 -0.601199 0.748362 -0.237567 -4.67995 1.68745 0.182135
data/frame-000123.color.jpg -0.183851 -0.662073 0.697296 -0.204052 -4.57831 1.08795 0.835527
data/frame-000167.color.jpg 0.331782 0.932123 -0.143227 0.0235196 -0.596914 -1.71693 3.19759
data/frame-000178.color.jpg 0.257983 0.84608 -0.455821 0.0991028 -2.55101 -0.514167 2.083
data/frame-000189.color.jpg 0.275621 0.809141 -0.507544 0.108272 -2.96378 0.449794 1.63164
data/frame-000233.color.jpg -0.020566 -0.118671 0.967604 -0.221892 0.637471 4.3422 -0.814239
data/frame-000006.color.jpg 0.0118735 -0.0165321 0.950008 -0.311563 -0.613785 4.52604 -1.78322
data/frame-000072.color.jpg -0.188649 -0.649636 0.718867 -0.160049 -3.84998 0.749525 1.39163
data/frame-000193.color.jpg 0.292151 0.873535 -0.379767 0.0858059 -2.78833 -0.140903 1.90332
data/frame-000059.color.jpg -0.221019 -0.643872 0.719607 -0.136916 -3.84016 0.380883 1.50443
data/frame-000070.color.jpg -0.202479 -0.674768 0.695273 -0.142428 -3.80629 0.424045 1.65631
data/frame-000125.color.jpg -0.188207 -0.66897 0.691816 -0.196078 -4.51595 1.00311 0.958123
data/frame-000180.color.jpg 0.233443 0.823231 -0.503869 0.117945 -2.86012 -0.237596 1.77502
data/frame-000191.color.jpg 0.289038 0.843505 -0.438189 0.113787 -2.95822 0.117982 1.72595
data/frame-000008.color.jpg 0.0118964 -0.0167148 0.950392 -0.310377 -0.616043 4.53042 -1.77339
data/frame-000019.color.jpg -0.0200842 -0.1036 0.948137 -0.299835 -1.3683 4.36974 -1.56909
data/frame-000030.color.jpg -0.116457 -0.339226 0.859483 -0.364215 -3.24373 3.22429 -1.48451
data/frame-000074.color.jpg -0.177385 -0.623972 0.744032 -0.160029 -3.82166 1.05163 1.23829
data/frame-000085.color.jpg -0.121242 -0.513043 0.828366 -0.189465 -3.93964 2.39358 0.324746
data/frame-000129.color.jpg -0.168614 -0.668951 0.701884 -0.17729 -4.33631 0.93845 1.04265
data/frame-000140.color.jpg 0.185895 0.732052 -0.639185 0.144861 -3.84563 0.310131 1.48464
data/frame-000151.color.jpg 0.224618 0.863602 -0.443144 0.0858017 -2.90236 -1.24076 2.36452
data/frame-000195.color.jpg 0.297654 0.868915 -0.385836 0.0867128 -2.81487 0.0450873 1.80966
data/frame-000206.color.jpg -0.217436 -0.65671 0.703466 -0.163059 -2.87577 2.13947 0.470908
data/frame-000049.color.jpg -0.201331 -0.402714 0.839627 -0.303832 -3.71301 2.43899 -0.433367
data/frame-000021.color.jpg -0.0308774 -0.142603 0.94417 -0.295388 -1.69164 4.27096 -1.46781
data/frame-000087.color.jpg -0.108824 -0.454989 0.859655 -0.20527 -3.67589 2.92037 -0.00596428
data/frame-000142.color.jpg 0.187181 0.747102 -0.621856 0.141763 -3.78908 0.138962 1.54825
data/frame-000153.color.jpg 0.251091 0.894862 -0.363191 0.0653314 -2.36718 -1.57553 2.67928
data/frame-000208.color.jpg -0.192281 -0.640322 0.725631 -0.162712 -2.8364 2.23972 0.383472
data/frame-000036.color.jpg -0.124187 -0.313568 0.878745 -0.337727 -3.04553 3.38661 -1.22324
data/frame-000047.color.jpg -0.125747 -0.382985 0.850582 -0.337668 -3.65405 2.44577 -1.02072
data/frame-000091.color.jpg -0.11162 -0.458315 0.859181 -0.198231 -3.8493 2.99953 0.0254248
data/frame-000102.color.jpg -0.134465 -0.504463 0.798989 -0.298418 -4.39834 2.53746 -0.730829
data/frame-000157.color.jpg 0.290361 0.920716 -0.258484 0.03403 -1.56378 -1.89662 3.07972
data/frame-000168.color.jpg 0.32719 0.929459 -0.163902 0.0467824 -0.831923 -1.6728 3.13098
data/frame-000212.color.jpg -0.179434 -0.646957 0.725746 -0.150142 -2.99189 2.09873 0.518903
data/frame-000223.color.jpg -0.108601 -0.414665 0.87262 -0.234078 -1.92592 3.47618 -0.628939
data/frame-000051.color.jpg -0.218729 -0.436926 0.836749 -0.247192 -3.77187 2.29764 0.124671
data/frame-000038.color.jpg -0.121323 -0.322849 0.879192 -0.328741 -3.16725 3.28192 -1.06352
