data/frame-000205.color.jpg 0.446801 0.860362 -0.203427 0.136982 1.4196 3.55069 -2.60975
data/frame-000350.color.jpg 0.417447 0.846987 -0.283255 0.167683 1.73055 3.2503 -1.91137
data/frame-000099.color.jpg 0.333655 0.896219 -0.290349 0.034113 1.89227 2.80181 -0.889556
data/frame-000088.color.jpg 0.356963 0.830332 -0.420778 0.0779276 2.94747 1.84021 -0.574715
data/frame-000581.color.jpg -0.00749632 -0.0395396 0.924677 -0.37862 -0.310526 -1.49535 3.24604
data/frame-000592.color.jpg 0.0828449 0.0396296 0.857731 -0.50583 -1.35571 -0.377563 3.36795
data/frame-000603.color.jpg 0.0248774 -0.0104889 0.806552 -0.590547 -0.792793 0.488471 3.43978
data/frame-000486.color.jpg 0.0535204 0.0788508 0.912814 -0.3971 0.458013 -1.28093 3.27652
data/frame-000235.color.jpg 0.363314 0.860809 -0.319928 0.157025 2.18944 3.53616 -1.67988
data/frame-000061.color.jpg 0.284384 0.896591 -0.321978 0.107612 3.57411 2.7902 -0.431508
data/frame-000050.color.jpg 0.354152 0.913628 -0.18732 0.0690825 2.77882 3.45134 -1.3993
data/frame-000543.color.jpg 0.0656883 0.179825 0.897955 -0.396264 -0.74772 -1.1573 3.1143
data/frame-000554.color.jpg 0.047242 0.0497707 0.864668 -0.497635 -0.272469 -0.328509 3.34297
data/frame-000565.color.jpg -0.0238047 -0.0616967 0.838546 -0.540802 0.311407 0.120183 3.28712
data/frame-000292.color.jpg 0.647835 0.650539 -0.223362 0.32744 2.22405 1.77406 -3.41318
data/frame-000303.color.jpg 0.683535 0.602757 -0.214245 0.351516 2.34021 1.37496 -3.49553
data/frame-000437.color.jpg -0.102981 -0.247906 0.856498 -0.44085 2.68544 -0.0492721 2.50355
data/frame-000448.color.jpg -0.0366562 -0.0805783 0.854881 -0.511216 1.94183 -0.0813117 3.15575
data/frame-000186.color.jpg 0.55813 0.82246 0.0923044 -0.059414 -1.16602 2.78986 -2.99225
data/frame-000197.color.jpg 0.528539 0.843151 -0.0580796 0.0798118 0.216963 3.14896 -3.26165
data/frame-000622.color.jpg -0.00525558 -0.0490632 0.718438 -0.693838 -0.299144 1.42723 3.50189
data/frame-000505.color.jpg 0.104052 0.136227 0.854714 -0.489978 -0.314935 -0.467469 3.42342
data/frame-000516.color.jpg 0.103529 0.218295 0.872826 -0.424034 -0.777225 -0.938158 3.2602
data/frame-000254.color.jpg 0.487647 0.784692 -0.30428 0.232106 2.3101 2.96738 -2.46035
data/frame-000265.color.jpg 0.54551 0.749966 -0.280291 0.247803 2.23397 2.62164 -2.83061
data/frame-000399.color.jpg 0.35374 0.716776 -0.540833 0.261915 2.91394 2.14296 -0.570474
data/frame-000003.color.jpg 0.361044 0.932478 0.0110086 0.00325176 1.57914 4.20766 -2.07774
data/frame-000410.color.jpg 0.333982 0.618329 -0.614085 0.3592 3.1978 1.7344 0.0522653
data/frame-000148.color.jpg 0.444539 0.89533 0.00512309 0.0272449 -0.511628 3.43076 -2.15856
data/frame-000584.color.jpg 0.00533514 0.0246227 0.923258 -0.383355 -0.794647 -1.42087 3.22116
data/frame-000322.color.jpg 0.658997 0.634148 -0.243964 0.322585 2.39801 1.63053 -3.32676
data/frame-000333.color.jpg 0.55631 0.732168 -0.270332 0.285252 2.26852 2.50605 -2.83022
data/frame-000467.color.jpg 0.0231716 0.0131553 0.812783 -0.581958 1.14677 0.336724 3.49575
data/frame-000478.color.jpg 0.0539377 0.0971605 0.880481 -0.460873 0.478252 -0.795792 3.46273
data/frame-000612.color.jpg -0.0279466 -0.0667942 0.77702 -0.625298 -0.0700713 0.764326 3.71169
data/frame-000227.color.jpg 0.383124 0.860725 -0.298746 0.152051 2.05404 3.54013 -1.87949
data/frame-000216.color.jpg 0.391712 0.858638 -0.27797 0.178983 1.97058 3.61316 -1.99181
data/frame-000623.color.jpg -0.00231867 -0.0466711 0.718212 -0.694254 -0.330525 1.42957 3.49731
data/frame-000361.color.jpg 0.353664 0.852629 -0.355317 0.147294 1.98849 3.16169 -1.29257
data/frame-000110.color.jpg 0.346918 0.903208 -0.24877 0.0444543 1.33084 3.05266 -1.0614
data/frame-000535.color.jpg 0.0317886 0.180158 0.942781 -0.278741 -0.511463 -2.06907 2.67568
data/frame-000284.color.jpg 0.612615 0.684457 -0.241077 0.313215 2.23394 2.10387 -3.21494
data/frame-000295.color.jpg 0.664976 0.627979 -0.215568 0.342023 2.26996 1.5875 -3.4595
data/frame-000418.color.jpg -0.269351 -0.5212 0.709805 -0.389843 3.43069 1.20318 0.857825
data/frame-000033.color.jpg 0.543551 0.825964 -0.108863 0.102396 2.37248 2.98045 -2.84667
data/frame-000044.color.jpg 0.429144 0.883901 -0.167071 0.0814935 2.67685 3.29664 -1.95734
data/frame-000429.color.jpg -0.142119 -0.310831 0.856085 -0.387691 3.03683 -0.144652 2.13322
data/frame-000167.color.jpg 0.493952 0.868732 -0.0118497 0.0342841 -0.266339 3.29044 -2.67969
data/frame-000178.color.jpg 0.571867 0.819887 0.0272378 -0.00341768 -0.612021 2.77081 -3.2079
data/frame-000189.color.jpg 0.540315 0.830964 0.117373 -0.0614964 -1.35011 2.85555 -2.85776
data/frame-000323.color.jpg 0.638514 0.65033 -0.253706 0.324043 2.44195 1.8113 -3.21064
data/frame-000440.color.jpg -0.0824247 -0.177564 0.873341 -0.446041 2.48819 -0.285648 2.7368
data/frame-000574.color.jpg -0.0534769 -0.118832 0.890785 -0.435341 0.507861 -0.830238 3.27866
data/frame-000072.color.jpg 0.279319 0.700148 -0.607317 0.250879 4.16276 0.56066 1.32859
data/frame-000497.color.jpg 0.0659418 0.0953753 0.894544 -0.431678 0.129881 -0.971986 3.30333
data/frame-000246.color.jpg 0.447876 0.815835 -0.294444 0.217079 2.17305 3.25097 -2.28463
data/frame-000380.color.jpg 0.3128 0.868167 -0.36268 0.130022 1.7713 3.0475 -0.86454
data/frame-000391.color.jpg 0.345913 0.801782 -0.450376 0.186148 2.32754 2.595 -0.866784
data/frame-000402.color.jpg 0.348766 0.687906 -0.566732 0.289763 3.07134 2.00542 -0.398055
data/frame-000151.color.jpg 0.451288 0.891974 0.0119985 0.0240588 -0.555307 3.41326 -2.21882
data/frame-000129.color.jpg 0.406291 0.913512 -0.00607139 0.0196728 -0.518119 3.43185 -1.70208
data/frame-000140.color.jpg 0.454025 0.890563 0.0201913 0.0187513 -0.631461 3.37033 -2.20951
data/frame-000285.color.jpg 0.615879 0.682617 -0.239594 0.311964 2.22436 2.07975 -3.24151
data/frame-000527.color.jpg 0.0356519 0.134316 0.940451 -0.310224 -0.122868 -1.91326 2.85225
data/frame-000459.color.jpg -0.0102815 -0.0423501 0.808012 -0.587552 1.63436 0.48935 3.33762
data/frame-000063.color.jpg 0.282068 0.849904 -0.420434 0.14607 4.0548 2.10801 0.026471
data/frame-000604.color.jpg -3.86555e-05 -0.043718 0.808118 -0.587396 -0.536048 0.413409 3.56745
data/frame-000208.color.jpg 0.433611 0.856664 -0.234392 0.152211 1.68367 3.54667 -2.45429
data/frame-000615.color.jpg -0.0284306 -0.06643 0.745008 -0.66313 -0.0713602 1.14272 3.62586
data/frame-000364.color.jpg 0.342544 0.827078 -0.412035 0.169804 2.38154 2.92275 -1.05703
data/frame-000342.color.jpg 0.483481 0.809115 -0.271372 0.194772 1.91599 3.00789 -2.40554
data/frame-000353.color.jpg 0.401307 0.857508 -0.280495 0.15797 1.62541 3.29698 -1.78757
data/frame-000091.color.jpg 0.36214 0.841676 -0.395209 0.0651597 2.75869 2.03644 -0.758865
data/frame-000102.color.jpg 0.336401 0.881709 -0.329307 0.0312988 2.07927 2.71259 -0.935934
data/frame-000421.color.jpg -0.209296 -0.475216 0.756324 -0.397918 3.289 0.918122 1.40864
data/frame-000025.color.jpg 0.528413 0.842464 -0.0733274 0.0752228 2.11363 3.16935 -2.94099
data/frame-000159.color.jpg 0.460316 0.887297 0.0116525 0.0260032 -0.519631 3.39755 -2.32358
data/frame-000170.color.jpg 0.515471 0.856396 -0.00651774 0.0288702 -0.307442 3.17262 -2.8411
data/frame-000304.color.jpg 0.687344 0.596873 -0.210646 0.356271 2.3435 1.33043 -3.50788
data/frame-000315.color.jpg 0.692032 0.591769 -0.204609 0.359216 2.31908 1.29417 -3.51855
data/frame-000064.color.jpg 0.279639 0.830363 -0.452575 0.165758 4.1689 1.8716 0.246536
data/frame-000053.color.jpg 0.327017 0.920319 -0.201548 0.0738304 2.86698 3.4452 -1.13825
data/frame-000546.color.jpg 0.0587973 0.16198 0.88921 -0.423806 -0.643733 -0.917916 3.15833
data/frame-000557.color.jpg 0.0218347 0.0403329 0.85753 -0.512385 -0.169578 -0.209007 3.37135
data/frame-000372.color.jpg 0.348911 0.85892 -0.347876 0.139641 1.79202 3.05494 -1.14224
data/frame-000383.color.jpg 0.303147 0.862738 -0.385608 0.122848 1.90839 2.97602 -0.786604
data/frame-000121.color.jpg 0.38289 0.914307 -0.115223 0.0645109 0.451278 3.44751 -1.50113
data/frame-000132.color.jpg 0.41705 0.908771 0.00829219 0.0116544 -0.63357 3.41281 -1.79693
data/frame-000015.color.jpg 0.471079 0.877248 -0.0623383 0.0680775 2.08729 3.48878 -2.56126
data/frame-000026.color.jpg 0.535803 0.836842 -0.0678449 0.0894852 2.08276 3.15969 -2.95983
data/frame-000508.color.jpg 0.0943732 0.14331 0.846793 -0.503485 -0.322685 -0.370436 3.44958
data/frame-000519.color.jpg 0.107294 0.234557 0.88299 -0.392173 -0.889327 -1.16958 3.14377
data/frame-000257.color.jpg 0.507359 0.774617 -0.289767 0.242054 2.24443 2.8727 -2.60314
data/frame-000268.color.jpg 0.559152 0.73926 -0.275348 0.255003 2.23003 2.52095 -2.91481
data/frame-000345.color.jpg 0.444108 0.822998 -0.286414 0.208351 1.97561 3.13456 -2.08472
data/frame-000083.color.jpg 0.279899 0.700805 -0.640044 0.144469 3.69563 0.277867 0.637765
data/frame-000094.color.jpg 0.362301 0.882347 -0.299241 0.0256347 2.06005 2.54656 -0.996789
data/frame-000576.color.jpg -0.0490764 -0.122747 0.901488 -0.412122 0.428244 -1.10236 3.29383
data/frame-000587.color.jpg 0.0413985 0.0532216 0.903898 -0.422399 -1.15689 -1.07959 3.25931
data/frame-000470.color.jpg 0.0437364 0.0493429 0.847327 -0.526962 0.825886 -0.180922 3.52771
data/frame-000481.color.jpg 0.064271 0.108468 0.888335 -0.441548 0.345872 -0.962716 3.44628
data/frame-000219.color.jpg 0.402601 0.85263 -0.285736 0.171141 2.00083 3.51093 -2.04046
data/frame-000045.color.jpg 0.413128 0.891778 -0.168882 0.0744101 2.67532 3.34553 -1.86063
data/frame-000056.color.jpg 0.307059 0.920922 -0.226985 0.0780728 3.02032 3.3396 -0.910013
data/frame-000538.color.jpg 0.0507156 0.192451 0.925905 -0.321076 -0.716867 -1.73643 2.85371
data/frame-000549.color.jpg 0.0534595 0.117858 0.879753 -0.457479 -0.439297 -0.649942 3.22705
data/frame-000276.color.jpg 0.582897 0.718654 -0.266012 0.270194 2.23539 2.34003 -3.05309
data/frame-000287.color.jpg 0.624049 0.673409 -0.235069 0.319101 2.23102 1.99926 -3.2816
data/frame-000298.color.jpg 0.675816 0.613738 -0.221597 0.342771 2.34633 1.45345 -3.46584
data/frame-000432.color.jpg -0.114206 -0.269115 0.87162 -0.393461 2.86212 -0.321987 2.36933
data/frame-000181.color.jpg 0.567722 0.821452 0.047324 -0.0258556 -0.786871 2.79374 -3.14992
data/frame-000113.color.jpg 0.344199 0.91052 -0.221047 0.0601469 1.13452 3.16923 -1.0626
data/frame-000606.color.jpg -0.0133447 -0.0438567 0.805493 -0.59083 -0.357947 0.435642 3.65084
data/frame-000489.color.jpg 0.0495591 0.0890652 0.917433 -0.384613 0.359134 -1.37052 3.21465
data/frame-000500.color.jpg 0.0841496 0.109881 0.881308 -0.45182 -0.054641 -0.791669 3.35442
data/frame-000511.color.jpg 0.100865 0.168282 0.852803 -0.483977 -0.49469 -0.504938 3.41237
data/frame-000238.color.jpg 0.36476 0.859029 -0.316989 0.168931 2.17896 3.55022 -1.68739
data/frame-000249.color.jpg 0.461676 0.801883 -0.307287 0.22229 2.28497 3.12093 -2.32463
data/frame-000260.color.jpg 0.522432 0.768308 -0.283813 0.237105 2.20727 2.79259 -2.71179
data/frame-000394.color.jpg 0.35407 0.764803 -0.488088 0.226893 2.56904 2.40371 -0.767395
data/frame-000143.color.jpg 0.452435 0.89127 0.0126505 0.0279468 -0.561745 3.382 -2.21372
data/frame-000075.color.jpg 0.281018 0.690808 -0.619737 0.244415 4.05554 0.425277 1.31742
data/frame-000568.color.jpg -0.0529353 -0.113527 0.84006 -0.527834 0.52119 0.0232635 3.3212
data/frame-000317.color.jpg 0.693614 0.591519 -0.20589 0.35583 2.31301 1.28136 -3.51091
data/frame-000451.color.jpg -0.0190637 -0.074102 0.840464 -0.536437 1.80782 0.132844 3.23112
data/frame-000462.color.jpg -0.0128016 -0.0309832 0.790649 -0.611351 1.59557 0.658483 3.33115
data/frame-000473.color.jpg 0.0474656 0.0762396 0.863698 -0.495945 0.653921 -0.481063 3.50458
data/frame-000607.color.jpg -0.0164151 -0.0378419 0.803062 -0.594466 -0.317029 0.472445 3.67458
data/frame-000200.color.jpg 0.505966 0.850401 -0.113538 0.0890272 0.669812 3.29625 -3.14305
data/frame-000211.color.jpg 0.416022 0.858143 -0.255319 0.159151 1.83968 3.58073 -2.27845
data/frame-000222.color.jpg 0.3959 0.856745 -0.286203 0.165346 1.98065 3.53689 -1.99309
data/frame-000356.color.jpg 0.372842 0.863562 -0.304907 0.149266 1.72282 3.31738 -1.54558
data/frame-000530.color.jpg 0.0272106 0.132453 0.945412 -0.296501 -0.104336 -2.00963 2.7865
data/frame-000279.color.jpg 0.595931 0.702585 -0.259889 0.289306 2.26992 2.22882 -3.10522
data/frame-000413.color.jpg -0.313476 -0.598772 0.639217 -0.366887 3.27447 1.64244 0.257943
data/frame-000017.color.jpg 0.481318 0.870801 -0.0643634 0.0767914 2.11175 3.46284 -2.61975
data/frame-000028.color.jpg 0.547715 0.82777 -0.0716873 0.0983144 2.12112 3.08926 -3.00923
data/frame-000424.color.jpg -0.191513 -0.470368 0.775124 -0.375846 3.25416 0.773779 1.4406
data/frame-000162.color.jpg 0.471869 0.88152 0.00183604 0.0160707 -0.419919 3.3756 -2.44846
data/frame-000173.color.jpg 0.546714 0.837192 0.00659728 0.0130465 -0.426866 2.97214 -3.04976
data/frame-000435.color.jpg -0.11247 -0.268729 0.863473 -0.411764 2.79503 -0.172515 2.38981
data/frame-000569.color.jpg -0.0520889 -0.132951 0.835785 -0.530164 0.539564 0.0273385 3.35399
data/frame-000492.color.jpg 0.0445326 0.0943052 0.920073 -0.37761 0.309759 -1.41596 3.15571
data/frame-000230.color.jpg 0.375572 0.861846 -0.304701 0.152725 2.08669 3.54714 -1.80675
data/frame-000241.color.jpg 0.425995 0.830908 -0.293837 0.2044 2.12426 3.36272 -2.15568
data/frame-000375.color.jpg 0.338171 0.868223 -0.338174 0.132169 1.67717 3.09182 -1.07362
data/frame-000386.color.jpg 0.301219 0.853902 -0.404859 0.127307 2.01529 2.9047 -0.742834
data/frame-000124.color.jpg 0.388193 0.915091 -0.097558 0.0489715 0.265652 3.47349 -1.58473
data/frame-000135.color.jpg 0.44165 0.896959 0.0116732 0.0165287 -0.613118 3.36361 -2.03339
data/frame-000443.color.jpg -0.0517945 -0.115639 0.868868 -0.478553 2.15696 -0.248357 3.01865
data/frame-000454.color.jpg -0.0028641 -0.0584886 0.8309 -0.553331 1.6488 0.254134 3.32399
data/frame-000599.color.jpg 0.0656156 0.0369641 0.818035 -0.570217 -1.22614 0.320417 3.3065
data/frame-000192.color.jpg 0.542718 0.837239 0.0652835 -0.0150006 -0.93849 2.93778 -3.055
data/frame-000203.color.jpg 0.473512 0.858401 -0.156258 0.120489 1.034 3.47323 -2.87897
data/frame-000337.color.jpg 0.516606 0.770876 -0.277438 0.248792 2.15056 2.79368 -2.59307
data/frame-000348.color.jpg 0.42558 0.838259 -0.278109 0.197125 1.80641 3.24869 -1.96982
data/frame-000086.color.jpg 0.346931 0.7989 -0.483773 0.0857991 3.25893 1.38819 -0.334678
data/frame-000097.color.jpg 0.344932 0.891276 -0.292557 0.0325581 1.94264 2.70023 -0.931783
data/frame-000405.color.jpg 0.352438 0.641869 -0.601567 0.319233 3.26856 1.74046 -0.1978
data/frame-000009.color.jpg 0.395466 0.91781 -0.016951 0.0307272 1.84596 4.00391 -2.23188
data/frame-000416.color.jpg -0.288371 -0.548182 0.683052 -0.387013 3.39678 1.38144 0.622346
data/frame-000154.color.jpg 0.452791 0.891125 0.0117069 0.0271849 -0.537463 3.41467 -2.25046
data/frame-000165.color.jpg 0.484935 0.874191 -0.00869578 0.0235111 -0.308871 3.33678 -2.5958
data/frame-000299.color.jpg 0.678111 0.611354 -0.219039 0.344141 2.33819 1.43168 -3.47672
data/frame-000310.color.jpg 0.692738 0.588485 -0.206517 0.362148 2.35239 1.27642 -3.51683
data/frame-000048.color.jpg 0.375398 0.906805 -0.178201 0.0708864 2.72399 3.43989 -1.57793
data/frame-000541.color.jpg 0.0629315 0.181299 0.906277 -0.376605 -0.737061 -1.33506 3.06344
data/frame-000552.color.jpg 0.0550399 0.0694135 0.873483 -0.478727 -0.340821 -0.483005 3.29701
data/frame-000367.color.jpg 0.349414 0.821194 -0.41442 0.178341 2.39588 2.85401 -1.04267
data/frame-000378.color.jpg 0.323667 0.867638 -0.353353 0.13261 1.73365 3.05849 -0.948538
data/frame-000105.color.jpg 0.335401 0.889134 -0.307078 0.051472 1.82002 2.85531 -0.929187
data/frame-000116.color.jpg 0.352072 0.917969 -0.171891 0.0618998 0.816883 3.30078 -1.15945
data/frame-000127.color.jpg 0.388764 0.919146 -0.0448299 0.0449794 -0.197154 3.49173 -1.60352
data/frame-000010.color.jpg 0.392584 0.918838 -0.022835 0.0330706 1.88909 3.99767 -2.18909
data/frame-000503.color.jpg 0.085597 0.123315 0.863764 -0.481018 -0.138624 -0.559189 3.41489
data/frame-000252.color.jpg 0.481647 0.789699 -0.304147 0.227785 2.29289 3.00744 -2.44312
data/frame-000184.color.jpg 0.559719 0.822902 0.0828909 -0.051722 -1.08961 2.79995 -3.02681
data/frame-000329.color.jpg 0.572412 0.71126 -0.277795 0.298804 2.40211 2.35827 -2.87462
data/frame-000340.color.jpg 0.493757 0.794388 -0.272182 0.225985 2.02375 2.94103 -2.44286
data/frame-000067.color.jpg 0.276465 0.769322 -0.537842 0.206004 4.33444 1.1588 0.796736
data/frame-000078.color.jpg 0.268311 0.695601 -0.62667 0.226788 3.91421 0.354427 1.26554
data/frame-000089.color.jpg 0.36592 0.831698 -0.412013 0.0680208 2.8779 1.89252 -0.712384
data/frame-000560.color.jpg 0.0190794 0.0115302 0.852123 -0.522866 -0.104225 -0.117899 3.38406
data/frame-000571.color.jpg -0.0680961 -0.153825 0.858186 -0.484992 0.697794 -0.357313 3.32641
data/frame-000582.color.jpg -0.0108072 -0.00508831 0.92348 -0.383461 -0.50359 -1.44701 3.2564
data/frame-000465.color.jpg 0.00770644 -0.00608316 0.79581 -0.605467 1.3445 0.56717 3.4343
data/frame-000214.color.jpg 0.398644 0.860021 -0.270052 0.168873 1.9214 3.61208 -2.09114
data/frame-000397.color.jpg 0.343835 0.741686 -0.522143 0.242996 2.77585 2.27207 -0.595659
data/frame-000146.color.jpg 0.448708 0.893156 0.00232668 0.0304681 -0.487279 3.41423 -2.18698
data/frame-000040.color.jpg 0.499037 0.850383 -0.146583 0.0795266 2.56917 3.03218 -2.50697
data/frame-000522.color.jpg 0.0712347 0.168377 0.921487 -0.342691 -0.430236 -1.64686 3.00112
data/frame-000533.color.jpg 0.0235912 0.149281 0.951192 -0.269059 -0.240327 -2.16463 2.64862
data/frame-000544.color.jpg 0.0674448 0.178756 0.895516 -0.40193 -0.75557 -1.0968 3.11941
data/frame-000271.color.jpg 0.561572 0.735528 -0.273533 0.262326 2.23775 2.50067 -2.91819
data/frame-000282.color.jpg 0.608648 0.691941 -0.248199 0.2986 2.23272 2.13103 -3.19483
data/frame-000293.color.jpg 0.655803 0.638694 -0.219663 0.337254 2.25909 1.67736 -3.42687
data/frame-000427.color.jpg -0.170966 -0.379394 0.827742 -0.376395 3.20235 0.186728 1.78176
data/frame-000108.color.jpg 0.341093 0.903511 -0.258244 0.0251682 1.43112 3.01759 -1.02678
data/frame-000601.color.jpg 0.0400581 0.00791898 0.813326 -0.580373 -0.950926 0.410506 3.37987
data/frame-000484.color.jpg 0.0578053 0.0815942 0.907747 -0.407428 0.472559 -1.20465 3.33007
data/frame-000495.color.jpg 0.0651382 0.0956359 0.905446 -0.408385 0.147945 -1.15483 3.24712
data/frame-000506.color.jpg 0.103348 0.148891 0.850574 -0.493635 -0.376534 -0.434094 3.42453
data/frame-000233.color.jpg 0.367014 0.860364 -0.317362 0.156066 2.17415 3.53033 -1.71262
data/frame-000244.color.jpg 0.440119 0.822219 -0.291162 0.213253 2.13698 3.30693 -2.24704
data/frame-000070.color.jpg 0.26696 0.7103 -0.602392 0.247651 4.24969 0.614121 1.34852
data/frame-000563.color.jpg -0.0114177 -0.0352184 0.847124 -0.530105 0.186629 0.0235196 3.32167
data/frame-000301.color.jpg 0.681235 0.607369 -0.21647 0.346645 2.33343 1.39994 -3.49149
data/frame-000312.color.jpg 0.692816 0.589548 -0.205799 0.360674 2.34131 1.2789 -3.52059
data/frame-000446.color.jpg -0.0462484 -0.0991273 0.863654 -0.492075 2.07172 -0.185343 3.07651
data/frame-000457.color.jpg 0.00156892 -0.0487724 0.824179 -0.564224 1.58661 0.323244 3.3721
data/frame-000591.color.jpg 0.0829987 0.0391942 0.867949 -0.488098 -1.34367 -0.533757 3.34871
data/frame-000195.color.jpg 0.53799 0.840992 -0.0251309 0.0516542 -0.125249 3.07398 -3.24785
data/frame-000206.color.jpg 0.444553 0.85763 -0.216001 0.142082 1.5283 3.53223 -2.57246
data/frame-000514.color.jpg 0.109918 0.19211 0.855073 -0.468895 -0.665243 -0.602084 3.3692
data/frame-000525.color.jpg 0.0458927 0.142416 0.935608 -0.319765 -0.198752 -1.8389 2.90209
data/frame-000263.color.jpg 0.533665 0.761108 -0.279367 0.240563 2.19755 2.71983 -2.77935
data/frame-000274.color.jpg 0.568317 0.730771 -0.269885 0.264861 2.22446 2.45832 -2.96598
data/frame-000408.color.jpg -0.335798 -0.617374 0.616624 -0.354772 3.25759 1.70422 0.0629241
data/frame-000012.color.jpg 0.428158 0.902397 -0.0388367 0.0291769 1.91295 3.73952 -2.42198
data/frame-000023.color.jpg 0.519927 0.845545 -0.0800803 0.0911974 2.23069 3.22138 -2.82468
data/frame-000419.color.jpg -0.24375 -0.501075 0.727694 -0.399965 3.38753 1.11132 1.10784
data/frame-000157.color.jpg 0.451614 0.891708 0.00705838 0.0291955 -0.496336 3.43589 -2.25232
data/frame-000168.color.jpg 0.498989 0.865791 -0.015014 0.0345043 -0.239711 3.26582 -2.72179
data/frame-000553.color.jpg 0.0536323 0.0572992 0.868711 -0.489061 -0.319322 -0.39725 3.32511
data/frame-000302.color.jpg 0.682757 0.604327 -0.216006 0.349246 2.34291 1.38303 -3.49031
data/frame-000051.color.jpg 0.339332 0.918308 -0.190205 0.0733939 2.79064 3.48026 -1.25961
data/frame-000476.color.jpg 0.0539978 0.0895561 0.876021 -0.470798 0.52985 -0.702787 3.47673
data/frame-000487.color.jpg 0.0538929 0.0780114 0.912778 -0.397299 0.439434 -1.27446 3.27329
data/frame-000621.color.jpg -0.00630073 -0.0518014 0.718282 -0.693792 -0.284017 1.42814 3.50496
data/frame-000225.color.jpg 0.392595 0.858877 -0.288255 0.158454 1.99175 3.54191 -1.97045
data/frame-000236.color.jpg 0.362145 0.860579 -0.319901 0.160992 2.19176 3.54333 -1.66851
data/frame-000370.color.jpg 0.345887 0.852407 -0.361689 0.15148 1.92913 3.03901 -1.10977
data/frame-000381.color.jpg 0.309366 0.86493 -0.3736 0.128887 1.84118 3.01061 -0.832564
data/frame-000119.color.jpg 0.363521 0.918567 -0.141136 0.0645543 0.621022 3.39611 -1.2881
data/frame-000264.color.jpg 0.54005 0.754411 -0.280082 0.246503 2.22464 2.66557 -2.803
data/frame-000438.color.jpg -0.0912942 -0.217229 0.862604 -0.447651 2.57559 -0.128631 2.62838
data/frame-000042.color.jpg 0.471489 0.86529 -0.151748 0.0770939 2.58519 3.15672 -2.31351
data/frame-000449.color.jpg -0.0335046 -0.0749966 0.851752 -0.517466 1.90135 -0.0455424 3.17906
data/frame-000594.color.jpg 0.0795854 0.0626454 0.850059 -0.516858 -1.4047 -0.174222 3.2812
data/frame-000176.color.jpg 0.557195 0.830089 0.0220131 0.000838182 -0.567989 2.88912 -3.11556
data/frame-000187.color.jpg 0.551846 0.82602 0.0984313 -0.0588915 -1.20424 2.81815 -2.94652
data/frame-000198.color.jpg 0.52167 0.845021 -0.079771 0.086236 0.410186 3.19486 -3.23615
data/frame-000321.color.jpg 0.660079 0.629942 -0.236235 0.334159 2.37093 1.62981 -3.33319
data/frame-000332.color.jpg 0.561306 0.727205 -0.26952 0.288907 2.28495 2.46783 -2.85668
data/frame-000081.color.jpg -0.25456 -0.660497 0.676245 -0.204049 3.72019 -0.0455589 1.26805
data/frame-000255.color.jpg 0.49574 0.781567 -0.298109 0.233509 2.27514 2.93352 -2.52483
data/frame-000389.color.jpg 0.328468 0.820856 -0.435018 0.17048 2.21743 2.7101 -0.815619
data/frame-000004.color.jpg 0.362171 0.931937 0.0180131 0.00143403 1.51999 4.21834 -2.09634
data/frame-000400.color.jpg 0.354798 0.707643 -0.548467 0.26934 2.96837 2.09448 -0.537961
data/frame-000138.color.jpg 0.453044 0.891031 0.0230892 0.0167804 -0.673562 3.34134 -2.1633
data/frame-000149.color.jpg 0.443005 0.896078 0.00559273 0.0275758 -0.510754 3.44348 -2.14716
data/frame-000160.color.jpg 0.462297 0.886379 0.00596316 0.02405 -0.466826 3.40218 -2.35138
data/frame-000294.color.jpg 0.658893 0.632081 -0.22009 0.343358 2.29437 1.63907 -3.42179
data/frame-000032.color.jpg 0.547079 0.824254 -0.0989677 0.107311 2.31315 3.00318 -2.89342
data/frame-000043.color.jpg 0.435649 0.881287 -0.164001 0.081531 2.65905 3.28131 -2.01304
data/frame-000536.color.jpg 0.0348328 0.18392 0.938659 -0.28962 -0.57229 -1.98807 2.72326
data/frame-000468.color.jpg 0.0293596 0.0215925 0.821342 -0.56927 1.06547 0.215444 3.51408
data/frame-000217.color.jpg 0.397681 0.855265 -0.283872 0.172594 2.00247 3.55335 -2.02208
data/frame-000351.color.jpg 0.411116 0.851601 -0.28119 0.163377 1.67068 3.27006 -1.86393
data/frame-000362.color.jpg 0.346419 0.837606 -0.387171 0.168846 2.21074 3.04077 -1.15178
data/frame-000100.color.jpg 0.339513 0.891772 -0.298135 0.0242593 1.92172 2.78219 -0.955072
data/frame-000111.color.jpg 0.34938 0.903604 -0.242874 0.0494547 1.28764 3.07266 -1.08035
data/frame-000593.color.jpg 0.0844213 0.0504714 0.855201 -0.508879 -1.40714 -0.303647 3.31902
data/frame-000005.color.jpg 0.362238 0.931906 0.0182761 0.000756821 1.51722 4.21725 -2.09858
data/frame-000498.color.jpg 0.067655 0.0944604 0.89083 -0.439229 0.121087 -0.908305 3.32128
data/frame-000430.color.jpg -0.130757 -0.288321 0.864604 -0.390172 2.95692 -0.251716 2.24822
data/frame-000179.color.jpg 0.571034 0.820302 0.0301669 -0.0106927 -0.638806 2.78278 -3.19849
data/frame-000324.color.jpg 0.615714 0.671337 -0.263642 0.317326 2.44498 2.01391 -3.08877
data/frame-000073.color.jpg 0.27904 0.700295 -0.607154 0.251171 4.12351 0.566067 1.32965
data/frame-000062.color.jpg 0.280875 0.879789 -0.360813 0.129978 3.77255 2.55807 -0.21073
data/frame-000555.color.jpg 0.0375745 0.0486558 0.860276 -0.506108 -0.237059 -0.257781 3.35735
data/frame-000566.color.jpg -0.0347739 -0.0746628 0.838552 -0.53856 0.393348 0.113862 3.28627
data/frame-000577.color.jpg -0.0556861 -0.121846 0.903134 -0.407923 0.429047 -1.16958 3.29944
data/frame-000130.color.jpg 0.410095 0.911919 0.0102677 0.0110183 -0.641389 3.41281 -1.7189
data/frame-000035.color.jpg 0.531509 0.831411 -0.126072 0.101786 2.4841 2.98717 -2.71443
data/frame-000517.color.jpg 0.105953 0.226858 0.877592 -0.408829 -0.836504 -1.04506 3.21079
data/frame-000528.color.jpg 0.0338371 0.133604 0.941131 -0.308671 -0.117314 -1.92554 2.84444
data/frame-000266.color.jpg 0.549318 0.747469 -0.278932 0.248468 2.2259 2.59648 -2.85833
data/frame-000277.color.jpg 0.591213 0.709399 -0.261516 0.280766 2.24307 2.27026 -3.09607
data/frame-000411.color.jpg -0.323299 -0.61592 0.620001 -0.362932 3.19551 1.73593 0.136315
data/frame-000092.color.jpg 0.363496 0.860576 -0.354052 0.0438872 2.46382 2.27409 -0.898567
data/frame-000585.color.jpg 0.0147599 0.0454845 0.91727 -0.395385 -0.970146 -1.29805 3.23237
data/frame-000596.color.jpg 0.072359 0.0658645 0.828915 -0.55075 -1.3621 0.169157 3.26478
data/frame-000334.color.jpg 0.548525 0.740569 -0.272643 0.276305 2.24551 2.56129 -2.78609
data/frame-000479.color.jpg 0.0546069 0.102532 0.881417 -0.45783 0.443913 -0.826181 3.46262
data/frame-000490.color.jpg 0.049523 0.0919221 0.91935 -0.379333 0.329388 -1.40696 3.18834
data/frame-000228.color.jpg 0.37957 0.862008 -0.300671 0.149884 2.05923 3.54679 -1.84934
data/frame-000239.color.jpg 0.381466 0.850524 -0.311588 0.184406 2.1749 3.49841 -1.81126
data/frame-000373.color.jpg 0.344836 0.863941 -0.341225 0.135132 1.72537 3.07589 -1.12024
data/frame-000122.color.jpg 0.385311 0.912904 -0.121577 0.0579689 0.487574 3.45121 -1.53598
data/frame-000547.color.jpg 0.0596318 0.152129 0.886031 -0.433877 -0.609356 -0.828659 3.17105
data/frame-000558.color.jpg 0.0193496 0.0348883 0.856064 -0.515329 -0.158196 -0.188673 3.37946
data/frame-000296.color.jpg 0.669314 0.622612 -0.216297 0.342912 2.2891 1.53189 -3.47269
data/frame-000307.color.jpg 0.692809 0.59045 -0.207286 0.358353 2.34242 1.27664 -3.52427
data/frame-000441.color.jpg -0.0740231 -0.151568 0.875054 -0.453682 2.37789 -0.322949 2.83331
data/frame-000034.color.jpg 0.54083 0.82738 -0.112226 0.101739 2.38881 2.98469 -2.81817
data/frame-000452.color.jpg -0.0106249 -0.0702385 0.840052 -0.537835 1.7446 0.149292 3.26486
data/frame-000586.color.jpg 0.0297949 0.0551782 0.911049 -0.407501 -1.10355 -1.18859 3.23563
data/frame-000190.color.jpg 0.537365 0.833807 0.115143 -0.052404 -1.34433 2.88331 -2.86437
data/frame-000335.color.jpg 0.542498 0.746059 -0.275294 0.270749 2.24369 2.59606 -2.73888
data/frame-000509.color.jpg 0.0962033 0.15026 0.847576 -0.499782 -0.369917 -0.393533 3.44039
data/frame-000520.color.jpg 0.1058 0.222731 0.891488 -0.38006 -0.832302 -1.28171 3.1018
data/frame-000247.color.jpg 0.453224 0.808605 -0.304145 0.219642 2.25403 3.18505 -2.28804
data/frame-000258.color.jpg 0.512225 0.772243 -0.285577 0.24436 2.21834 2.85476 -2.64283
data/frame-000269.color.jpg 0.559948 0.738564 -0.274628 0.256048 2.22932 2.51296 -2.9167
data/frame-000392.color.jpg 0.355515 0.78865 -0.460496 0.198957 2.39996 2.52253 -0.885555
data/frame-000018.color.jpg 0.489952 0.866137 -0.0642027 0.07504 2.1122 3.41421 -2.69435
data/frame-000007.color.jpg 0.387742 0.921565 0.0166326 0.00987969 1.53925 4.1129 -2.28182
data/frame-000403.color.jpg 0.347623 0.674899 -0.57812 0.299077 3.13476 1.9343 -0.324661
data/frame-000152.color.jpg 0.451298 0.89193 0.0131119 0.0248852 -0.55526 3.41643 -2.22846
data/frame-000141.color.jpg 0.45346 0.890832 0.0183245 0.0213444 -0.611382 3.37473 -2.2143
data/frame-000548.color.jpg 0.0614064 0.14086 0.883574 -0.442362 -0.573187 -0.758678 3.18974
data/frame-000326.color.jpg 0.595316 0.690562 -0.272902 0.306998 2.43792 2.17588 -2.98382
data/frame-000460.color.jpg -0.0285062 -0.039657 0.798219 -0.600384 1.73004 0.564365 3.27922
data/frame-000471.color.jpg 0.0459905 0.0623386 0.854392 -0.513823 0.741366 -0.307464 3.52205
data/frame-000605.color.jpg -0.0112298 -0.0513614 0.803776 -0.592605 -0.394144 0.449473 3.62374
data/frame-000209.color.jpg 0.428452 0.856605 -0.241458 0.156062 1.73869 3.55448 -2.4002
data/frame-000220.color.jpg 0.401636 0.852354 -0.289381 0.168641 2.02088 3.4973 -2.02582
data/frame-000616.color.jpg -0.0243568 -0.0639006 0.738776 -0.670472 -0.112483 1.21414 3.60528
data/frame-000354.color.jpg 0.395321 0.859878 -0.283314 0.155128 1.62442 3.30689 -1.73761
data/frame-000365.color.jpg 0.353456 0.823701 -0.410802 0.166814 2.38958 2.87875 -1.12934
data/frame-000103.color.jpg 0.324409 0.878891 -0.347293 0.0412052 2.16479 2.69144 -0.83777
data/frame-000114.color.jpg 0.345886 0.911907 -0.210907 0.065632 1.07025 3.20451 -1.07993
data/frame-000539.color.jpg 0.0588891 0.190063 0.918111 -0.342754 -0.749909 -1.57476 2.93779
data/frame-000288.color.jpg 0.628673 0.668992 -0.232462 0.32122 2.22895 1.95768 -3.30527
data/frame-000422.color.jpg -0.192176 -0.459772 0.767834 -0.402628 3.21919 0.849885 1.542
data/frame-000037.color.jpg 0.507748 0.843373 -0.144266 0.100505 2.59639 3.04785 -2.50319
data/frame-000433.color.jpg -0.116577 -0.264351 0.869259 -0.401145 2.84393 -0.292439 2.38062
data/frame-000171.color.jpg 0.522288 0.852455 -0.00354435 0.0228673 -0.338327 3.12194 -2.88344
data/frame-000182.color.jpg 0.566711 0.821073 0.0585633 -0.0353421 -0.887069 2.78894 -3.12258
data/frame-000316.color.jpg 0.692301 0.591609 -0.204839 0.35883 2.31914 1.29234 -3.51516
data/frame-000327.color.jpg 0.585414 0.698999 -0.276108 0.304064 2.43405 2.25179 -2.92944
data/frame-000065.color.jpg 0.277602 0.806549 -0.489001 0.182467 4.26601 1.57591 0.473314
data/frame-000076.color.jpg 0.276179 0.686758 -0.628371 0.239247 3.99189 0.339988 1.33623
data/frame-000250.color.jpg 0.471376 0.797538 -0.301862 0.224983 2.26093 3.08227 -2.39493
data/frame-000384.color.jpg 0.301408 0.859779 -0.393346 0.123337 1.95136 2.94956 -0.764654
data/frame-000395.color.jpg 0.349629 0.752074 -0.506288 0.236254 2.67252 2.3307 -0.680666
data/frame-000133.color.jpg 0.420727 0.907009 -0.00190521 0.0178684 -0.550365 3.42525 -1.84696
data/frame-000144.color.jpg 0.447612 0.893867 0.00405236 0.0250862 -0.506213 3.41774 -2.17671
data/frame-000289.color.jpg 0.633418 0.664869 -0.227592 0.323934 2.20679 1.92123 -3.3478
data/frame-000027.color.jpg 0.541356 0.832826 -0.0653684 0.0951927 2.06377 3.14237 -2.98489
data/frame-000201.color.jpg 0.499957 0.852453 -0.121468 0.0928099 0.732795 3.33099 -3.1013
data/frame-000346.color.jpg 0.442527 0.82637 -0.281206 0.205442 1.91206 3.16322 -2.0826
data/frame-000357.color.jpg 0.368367 0.862542 -0.314657 0.146005 1.77134 3.29255 -1.49974
data/frame-000084.color.jpg 0.315267 0.761318 -0.557087 0.10323 3.51523 0.913441 0.0457478
data/frame-000095.color.jpg 0.363073 0.884886 -0.291234 0.0183922 1.98555 2.59353 -1.03512
data/frame-000106.color.jpg 0.329002 0.901962 -0.277095 0.0379397 1.59409 2.98123 -0.917672
data/frame-000588.color.jpg 0.0612061 0.0479925 0.8966 -0.435957 -1.23451 -0.976993 3.26339
data/frame-000482.color.jpg 0.0680423 0.109956 0.893677 -0.429676 0.317741 -1.0528 3.4209
data/frame-000231.color.jpg 0.372228 0.861512 -0.310199 0.151722 2.1196 3.53798 -1.77111
data/frame-000414.color.jpg -0.307592 -0.583018 0.653038 -0.372853 3.32776 1.55899 0.356577
data/frame-000163.color.jpg 0.475069 0.879831 0.00117546 0.0143284 -0.407718 3.37039 -2.48783
data/frame-000319.color.jpg 0.679285 0.608717 -0.214575 0.349276 2.30737 1.44639 -3.43795
data/frame-000057.color.jpg 0.301301 0.921602 -0.232545 0.076094 3.04546 3.30868 -0.863895
data/frame-000046.color.jpg 0.405592 0.895422 -0.169345 0.0709687 2.67365 3.36826 -1.81797
data/frame-000068.color.jpg 0.272258 0.757213 -0.553538 0.214708 4.33106 1.02752 0.932715
data/frame-000550.color.jpg 0.0629391 0.104451 0.879386 -0.460228 -0.446801 -0.623738 3.23238
data/frame-000561.color.jpg 0.0209268 0.00911194 0.850688 -0.525175 -0.123525 -0.0786113 3.37875
data/frame-000444.color.jpg -0.047395 -0.106757 0.868197 -0.482276 2.10373 -0.243544 3.05258
data/frame-000193.color.jpg 0.546466 0.83632 0.0437342 -0.00566247 -0.776525 2.94777 -3.14126
data/frame-000376.color.jpg 0.335485 0.868277 -0.340171 0.133522 1.67584 3.08526 -1.04981
data/frame-000125.color.jpg 0.390718 0.91691 -0.0662774 0.0471418 -0.00806973 3.48001 -1.61469
data/frame-000618.color.jpg -0.0155065 -0.0592329 0.728873 -0.681906 -0.193653 1.32029 3.56123
data/frame-000019.color.jpg 0.498128 0.86116 -0.068593 0.074612 2.14417 3.35339 -2.74548
data/frame-000030.color.jpg 0.54154 0.829736 -0.0815041 0.107837 2.19336 3.11817 -2.91559
data/frame-000501.color.jpg 0.0879957 0.116748 0.875614 -0.460356 -0.112624 -0.721312 3.37374
data/frame-000512.color.jpg 0.105526 0.174686 0.849618 -0.486312 -0.553758 -0.476975 3.41161
data/frame-000523.color.jpg 0.0607191 0.156455 0.928548 -0.33111 -0.331231 -1.74508 2.95492
data/frame-000261.color.jpg 0.527578 0.765611 -0.281521 0.237166 2.20482 2.75516 -2.74211
data/frame-000406.color.jpg 0.348712 0.631004 -0.609739 0.329321 3.29642 1.69445 -0.106516
data/frame-000087.color.jpg 0.344256 0.814216 -0.459009 0.0886003 3.11414 1.58568 -0.360446
data/frame-000580.color.jpg -0.011607 -0.0583442 0.922708 -0.380882 -0.177777 -1.47667 3.25801
data/frame-000318.color.jpg 0.689959 0.595795 -0.207324 0.354966 2.30764 1.32386 -3.492
data/frame-000463.color.jpg -0.00552589 -0.0229302 0.789866 -0.612826 1.51504 0.659015 3.36686
data/frame-000474.color.jpg 0.0496436 0.0817563 0.867958 -0.487339 0.607099 -0.557406 3.49705
data/frame-000619.color.jpg -0.00784628 -0.0549923 0.723853 -0.687714 -0.261281 1.37019 3.53416
data/frame-000212.color.jpg 0.417562 0.857896 -0.255561 0.156027 1.83524 3.57197 -2.29236
data/frame-000223.color.jpg 0.395227 0.856698 -0.287437 0.165059 1.99226 3.53332 -1.9857
data/frame-000531.color.jpg 0.0224296 0.135564 0.946953 -0.290517 -0.11321 -2.05179 2.7566
data/frame-000542.color.jpg 0.0653574 0.178636 0.902226 -0.387047 -0.73624 -1.24293 3.09107
data/frame-000280.color.jpg 0.603176 0.699359 -0.258102 0.283653 2.25188 2.17249 -3.159
data/frame-000291.color.jpg 0.638236 0.657682 -0.226878 0.329598 2.24046 1.86684 -3.34753
data/frame-000425.color.jpg -0.177111 -0.441089 0.793955 -0.379088 3.22731 0.589469 1.59112
data/frame-000029.color.jpg 0.544858 0.827863 -0.0802292 0.106468 2.19051 3.10439 -2.94332
data/frame-000436.color.jpg -0.114865 -0.27448 0.858767 -0.417116 2.80946 -0.0940298 2.36304
data/frame-000174.color.jpg 0.55225 0.833529 0.0111273 0.0111862 -0.465071 2.93023 -3.08531
data/frame-000185.color.jpg 0.559376 0.822381 0.0872883 -0.0562945 -1.12598 2.79573 -3.01173
data/frame-000610.color.jpg -0.0244187 -0.061184 0.788354 -0.611684 -0.118152 0.625967 3.72543
data/frame-000359.color.jpg 0.36193 0.858732 -0.331184 0.147996 1.84486 3.23831 -1.41177
data/frame-000493.color.jpg 0.044606 0.0932214 0.9212 -0.375115 0.299468 -1.42276 3.14019
data/frame-000504.color.jpg 0.0933867 0.129095 0.858087 -0.488161 -0.21727 -0.493358 3.42738
data/frame-000242.color.jpg 0.428271 0.827804 -0.294219 0.211564 2.14182 3.35336 -2.15805
data/frame-000253.color.jpg 0.486473 0.787576 -0.299294 0.23128 2.26796 2.98224 -2.47771
data/frame-000387.color.jpg 0.306348 0.843509 -0.417612 0.142282 2.09055 2.83985 -0.740402
data/frame-000002.color.jpg 0.357594 0.933825 0.00734391 0.00663551 1.60305 4.21841 -2.03865
data/frame-000398.color.jpg 0.350255 0.728208 -0.531038 0.255017 2.84404 2.20749 -0.590417
data/frame-000136.color.jpg 0.444211 0.895569 0.0187719 0.0167154 -0.657944 3.35911 -2.06708
data/frame-000147.color.jpg 0.447001 0.894103 0.00346508 0.0275472 -0.497872 3.41976 -2.17346
data/frame-000455.color.jpg 0.0026882 -0.0492036 0.831393 -0.553496 1.58026 0.237169 3.36365
data/frame-000059.color.jpg 0.29232 0.919026 -0.253283 0.0760773 3.1744 3.18879 -0.756209
data/frame-000466.color.jpg 0.0167794 0.00252212 0.804584 -0.593596 1.24182 0.455008 3.47047
data/frame-000600.color.jpg 0.0489642 0.0222681 0.815382 -0.576419 -1.0648 0.377636 3.34887
data/frame-000204.color.jpg 0.462883 0.859458 -0.174921 0.12835 1.18313 3.50821 -2.7745
data/frame-000215.color.jpg 0.383886 0.860875 -0.275638 0.188548 1.962 3.65992 -1.93084
data/frame-000611.color.jpg -0.0242105 -0.0661489 0.783628 -0.617224 -0.0973042 0.67955 3.72449
data/frame-000349.color.jpg 0.42386 0.842459 -0.280105 0.179296 1.76264 3.24103 -1.96166
data/frame-000360.color.jpg 0.364515 0.853617 -0.343831 0.142295 1.92242 3.16749 -1.40348
data/frame-000098.color.jpg 0.338246 0.894444 -0.289834 0.0394541 1.90632 2.76244 -0.894201
data/frame-000272.color.jpg 0.561623 0.734663 -0.274353 0.263782 2.2487 2.4971 -2.91122
data/frame-000417.color.jpg -0.282046 -0.534505 0.695375 -0.388854 3.42334 1.29191 0.718452
data/frame-000021.color.jpg 0.51399 0.850982 -0.0729968 0.0794673 2.17418 3.25633 -2.83769
data/frame-000428.color.jpg -0.160383 -0.348513 0.842955 -0.377151 3.15818 0.00667764 1.91756
data/frame-000573.color.jpg -0.0616908 -0.117542 0.879503 -0.457005 0.542206 -0.646746 3.29606
data/frame-000155.color.jpg 0.453637 0.890728 0.00696077 0.0277301 -0.498652 3.41606 -2.26447
data/frame-000166.color.jpg 0.492872 0.869411 -0.0111159 0.0328497 -0.275551 3.29602 -2.67008
data/frame-000177.color.jpg 0.558801 0.829003 0.0222484 0.000502883 -0.568703 2.87884 -3.12652
data/frame-000311.color.jpg 0.693666 0.58831 -0.205839 0.36104 2.34428 1.26766 -3.52379
data/frame-000060.color.jpg 0.282668 0.904188 -0.305948 0.0945437 3.48778 2.88748 -0.50882
data/frame-000485.color.jpg 0.0554185 0.0791657 0.909184 -0.405027 0.475928 -1.22183 3.31255
data/frame-000234.color.jpg 0.364733 0.860704 -0.319127 0.155936 2.18483 3.53306 -1.69249
data/frame-000368.color.jpg 0.345961 0.827134 -0.408178 0.171903 2.31778 2.87913 -1.02778
data/frame-000379.color.jpg 0.316782 0.867839 -0.359242 0.132098 1.76014 3.05061 -0.893725
data/frame-000390.color.jpg 0.338884 0.812221 -0.441071 0.175812 2.26296 2.65495 -0.859208
data/frame-000117.color.jpg 0.355816 0.91964 -0.153231 0.0646367 0.691013 3.33969 -1.20042
data/frame-000128.color.jpg 0.394987 0.917768 -0.0198092 0.0359895 -0.400166 3.46872 -1.63687
data/frame-000139.color.jpg 0.45014 0.892501 0.0239755 0.0155444 -0.67308 3.37207 -2.15961
data/frame-000022.color.jpg 0.519303 0.847682 -0.0754165 0.0779273 2.1837 3.21224 -2.8757
data/frame-000515.color.jpg 0.112402 0.203204 0.862576 -0.449484 -0.738722 -0.744203 3.31874
data/frame-000447.color.jpg -0.0409696 -0.0905644 0.86009 -0.500364 2.00791 -0.137379 3.11581
data/frame-000196.color.jpg 0.534101 0.841963 -0.0405121 0.0647519 0.0330829 3.11036 -3.26461
data/frame-000330.color.jpg 0.569007 0.715761 -0.27654 0.295706 2.37563 2.38869 -2.86805
data/frame-000341.color.jpg 0.483387 0.807231 -0.269496 0.205149 1.93142 3.01614 -2.39779
data/frame-000352.color.jpg 0.405893 0.855862 -0.278298 0.159067 1.62583 3.29351 -1.8295
data/frame-000079.color.jpg 0.255791 0.67319 -0.657646 0.221106 3.79318 0.0955553 1.35445
data/frame-000090.color.jpg 0.362421 0.832847 -0.413525 0.0633519 2.8601 1.90589 -0.72327
data/frame-000101.color.jpg 0.340432 0.886037 -0.313833 0.0235233 1.99888 2.7396 -0.969566
data/frame-000572.color.jpg -0.0461086 -0.139591 0.870207 -0.470242 0.53897 -0.519533 3.31961
data/frame-000583.color.jpg -0.00411079 0.0122096 0.924393 -0.381223 -0.659372 -1.45094 3.23473
data/frame-000477.color.jpg 0.0547719 0.092325 0.878244 -0.466008 0.506876 -0.745172 3.46946
data/frame-000409.color.jpg -0.335258 -0.615264 0.615897 -0.360172 3.22571 1.71586 0.0618941
data/frame-000158.color.jpg 0.456416 0.889258 0.0106864 0.0281049 -0.517191 3.41235 -2.28859
data/frame-000314.color.jpg 0.691197 0.592992 -0.204719 0.358745 2.31881 1.30537 -3.52022
data/frame-000041.color.jpg 0.488058 0.855842 -0.147627 0.0868374 2.58394 3.10318 -2.4042
data/frame-000052.color.jpg 0.331109 0.919969 -0.196455 0.0736862 2.83324 3.46523 -1.18149
data/frame-000534.color.jpg 0.025564 0.164974 0.947219 -0.273689 -0.361154 -2.12534 2.66253
data/frame-000545.color.jpg 0.0675084 0.174279 0.891629 -0.412392 -0.731795 -1.01054 3.13604
data/frame-000283.color.jpg 0.612562 0.686285 -0.244319 0.30674 2.23732 2.09859 -3.21405
data/frame-000371.color.jpg 0.348801 0.855437 -0.354017 0.145731 1.85718 3.04672 -1.13834
data/frame-000109.color.jpg 0.342803 0.902268 -0.26003 0.0279706 1.42114 3.01397 -1.04041
data/frame-000120.color.jpg 0.367282 0.91909 -0.12419 0.070383 0.510257 3.43947 -1.34359
data/frame-000602.color.jpg 0.0342665 -0.00221132 0.809766 -0.585747 -0.875577 0.450351 3.40336
data/frame-000613.color.jpg -0.0321413 -0.0696537 0.763868 -0.640797 -0.0315433 0.92779 3.67868
data/frame-000014.color.jpg 0.454453 0.887245 -0.055701 0.0562692 2.02369 3.57894 -2.48128
data/frame-000496.color.jpg 0.0696958 0.0983641 0.900534 -0.417739 0.101191 -1.07543 3.27196
data/frame-000507.color.jpg 0.0990218 0.144799 0.85399 -0.489825 -0.345938 -0.461437 3.42401
data/frame-000245.color.jpg 0.445165 0.818415 -0.292603 0.215425 2.15733 3.27275 -2.27399
data/frame-000256.color.jpg 0.502738 0.777055 -0.29414 0.238582 2.2636 2.89596 -2.57189
data/frame-000071.color.jpg 0.273952 0.698291 -0.610823 0.253447 4.2088 0.529677 1.38205
data/frame-000082.color.jpg -0.261256 -0.670256 0.669144 -0.186413 3.71557 0.0324541 1.09084
data/frame-000564.color.jpg -0.0146177 -0.0516819 0.836562 -0.545234 0.242539 0.157196 3.2992
data/frame-000575.color.jpg -0.049088 -0.122629 0.897728 -0.420283 0.464428 -1.00062 3.28633
data/frame-000313.color.jpg 0.694573 0.590684 -0.20425 0.35629 2.31387 1.26814 -3.53902
data/frame-000458.color.jpg 0.00427962 -0.0431821 0.818799 -0.572438 1.55357 0.384853 3.38552
data/frame-000469.color.jpg 0.037404 0.036001 0.836255 -0.545878 0.935294 -0.00280344 3.52809
data/frame-000218.color.jpg 0.402323 0.853253 -0.283442 0.172501 1.99058 3.5242 -2.04775
data/frame-000207.color.jpg 0.43987 0.856845 -0.225297 0.146874 1.60697 3.53524 -2.5192
data/frame-000526.color.jpg 0.0373817 0.137296 0.938749 -0.313852 -0.140021 -1.88697 2.87087
data/frame-000537.color.jpg 0.0372605 0.187972 0.934489 -0.300015 -0.61553 -1.90341 2.76993
data/frame-000275.color.jpg 0.575451 0.725352 -0.266442 0.267823 2.21658 2.40629 -3.01545
data/frame-000286.color.jpg 0.621029 0.67711 -0.235752 0.316647 2.22329 2.02803 -3.26835
data/frame-000420.color.jpg -0.2159 -0.483928 0.746584 -0.40226 3.31739 1.00417 1.35028
data/frame-000013.color.jpg 0.444132 0.893584 -0.0489149 0.043153 1.96829 3.63105 -2.46216
data/frame-000024.color.jpg 0.521108 0.846297 -0.0784398 0.0779409 2.17181 3.20198 -2.87287
data/frame-000431.color.jpg -0.119729 -0.277912 0.869515 -0.390351 2.90068 -0.301583 2.32088
data/frame-000169.color.jpg 0.504163 0.862856 -0.0134229 0.0334547 -0.251396 3.24007 -2.76241
data/frame-000343.color.jpg 0.466253 0.813548 -0.293571 0.185911 2.02878 3.00285 -2.24297
data/frame-000488.color.jpg 0.0532669 0.0840306 0.913891 -0.393579 0.390691 -1.30342 3.25665
data/frame-000499.color.jpg 0.0750232 0.100789 0.886835 -0.444677 0.0438162 -0.858811 3.33665
data/frame-000226.color.jpg 0.38537 0.860706 -0.292903 0.157746 2.0207 3.55715 -1.90523
data/frame-000237.color.jpg 0.362496 0.860276 -0.318967 0.163652 2.18659 3.54774 -1.67086
data/frame-000248.color.jpg 0.455684 0.805985 -0.304583 0.223539 2.25661 3.17176 -2.29224
data/frame-000382.color.jpg 0.306395 0.864279 -0.379197 0.123908 1.87201 2.99396 -0.812721
data/frame-000131.color.jpg 0.412852 0.910652 0.0132593 0.00953016 -0.667524 3.41041 -1.7454
data/frame-000556.color.jpg 0.0305134 0.0467976 0.858665 -0.509483 -0.217906 -0.227592 3.36409
data/frame-000305.color.jpg 0.687751 0.594968 -0.210295 0.358869 2.3539 1.32706 -3.50179
data/frame-000439.color.jpg -0.0921411 -0.200332 0.870559 -0.439892 2.57951 -0.246702 2.64243
data/frame-000054.color.jpg 0.320914 0.920365 -0.21004 0.0763293 2.92071 3.4108 -1.06133
data/frame-000450.color.jpg -0.0287518 -0.0736869 0.848582 -0.523118 1.86752 0.00762795 3.19794
data/frame-000461.color.jpg -0.0221554 -0.0364986 0.791301 -0.609935 1.67806 0.64606 3.29315
data/frame-000188.color.jpg 0.5416 0.831441 0.106655 -0.0632386 -1.26185 2.87168 -2.86927
data/frame-000199.color.jpg 0.517644 0.845674 -0.100044 0.0828918 0.562694 3.22326 -3.221
data/frame-000210.color.jpg 0.421315 0.857656 -0.249378 0.157258 1.79464 3.57169 -2.33229
data/frame-000344.color.jpg 0.442352 0.821455 -0.293274 0.208631 2.02451 3.12398 -2.05499
data/frame-000595.color.jpg 0.0733785 0.0757219 0.842582 -0.528146 -1.40336 -0.00935499 3.25328
data/frame-000093.color.jpg 0.358498 0.874265 -0.32501 0.0388252 2.25167 2.43694 -0.918252
data/frame-000518.color.jpg 0.107982 0.233979 0.88088 -0.397046 -0.885891 -1.12695 3.16296
data/frame-000267.color.jpg 0.552069 0.744175 -0.277686 0.253603 2.23593 2.57037 -2.86702
data/frame-000401.color.jpg 0.351173 0.698067 -0.557942 0.27943 3.02239 2.05232 -0.464867
data/frame-000016.color.jpg 0.46428 0.879325 -0.0674775 0.0817217 2.13539 3.54904 -2.45986
data/frame-000412.color.jpg -0.316868 -0.60959 0.628122 -0.365317 3.22531 1.70611 0.195806
data/frame-000423.color.jpg -0.193042 -0.461575 0.77083 -0.394341 3.22036 0.814294 1.50835
data/frame-000150.color.jpg 0.447749 0.893814 0.0104805 0.0225309 -0.551107 3.42542 -2.18277
data/frame-000161.color.jpg 0.464862 0.8851 0.00170092 0.0223138 -0.423495 3.40346 -2.38529
data/frame-000172.color.jpg 0.527624 0.849372 -0.000262041 0.0133727 -0.376121 3.11414 -2.91506
data/frame-000306.color.jpg 0.690811 0.592168 -0.207822 0.359064 2.343 1.29639 -3.51832
data/frame-000055.color.jpg 0.314422 0.920468 -0.219084 0.0766728 2.97432 3.37135 -0.9887
data/frame-000480.color.jpg 0.0560693 0.111105 0.883413 -0.451766 0.38282 -0.887147 3.46095
data/frame-000614.color.jpg -0.029604 -0.0680221 0.750103 -0.657146 -0.056216 1.08176 3.64187
data/frame-000229.color.jpg 0.377653 0.862505 -0.301211 0.150781 2.06026 3.55395 -1.83187
data/frame-000363.color.jpg 0.338792 0.830927 -0.406326 0.172277 2.33816 2.97464 -1.04458
data/frame-000374.color.jpg 0.341514 0.866547 -0.339588 0.130935 1.70236 3.08528 -1.10021
data/frame-000385.color.jpg 0.300358 0.857767 -0.398106 0.124628 1.97803 2.93266 -0.750372
data/frame-000112.color.jpg 0.346722 0.907143 -0.232486 0.0531517 1.21077 3.11616 -1.07186
data/frame-000123.color.jpg 0.385033 0.913992 -0.118433 0.0483894 0.440631 3.46518 -1.54723
data/frame-000006.color.jpg 0.363179 0.93155 0.0177184 -0.00136721 1.52147 4.20907 -2.11295
data/frame-000442.color.jpg -0.0582773 -0.124673 0.872045 -0.469678 2.21769 -0.291218 2.96857
data/frame-000180.color.jpg 0.569286 0.821186 0.0358075 -0.0169029 -0.689046 2.79009 -3.17792
data/frame-000191.color.jpg 0.545042 0.833354 0.0854955 -0.0337699 -1.10528 2.89357 -2.99632
data/frame-000325.color.jpg 0.605494 0.680687 -0.267696 0.313657 2.44281 2.10049 -3.03354
data/frame-000336.color.jpg 0.530942 0.757574 -0.279264 0.257281 2.2175 2.67871 -2.66585
data/frame-000074.color.jpg 0.278543 0.696634 -0.612194 0.249666 4.08126 0.515057 1.3367
data/frame-000085.color.jpg 0.328957 0.783579 -0.518815 0.0928538 3.39758 1.17907 -0.147094
data/frame-000567.color.jpg -0.0454634 -0.0923418 0.838703 -0.534774 0.468816 0.0874679 3.29774
data/frame-000578.color.jpg -0.0349303 -0.101673 0.908742 -0.403275 0.20597 -1.25702 3.31464
data/frame-000393.color.jpg 0.358175 0.77511 -0.473783 0.21551 2.49116 2.45349 -0.84318
data/frame-000404.color.jpg 0.347686 0.659507 -0.591388 0.307285 3.20454 1.83539 -0.252273
data/frame-000142.color.jpg 0.453274 0.890974 0.0120249 0.0237232 -0.559999 3.38889 -2.21667
data/frame-000153.color.jpg 0.452246 0.891446 0.0117342 0.0256727 -0.542572 3.41435 -2.24061
data/frame-000036.color.jpg 0.514814 0.839979 -0.138581 0.100983 2.56183 3.03629 -2.56655
data/frame-000047.color.jpg 0.389384 0.902306 -0.173467 0.0642899 2.69257 3.40451 -1.7167
data/frame-000529.color.jpg 0.0304036 0.133175 0.943142 -0.303023 -0.109209 -1.96458 2.8177
data/frame-000540.color.jpg 0.065026 0.187865 0.911243 -0.360714 -0.771305 -1.44668 3.00187
data/frame-000278.color.jpg 0.593022 0.705342 -0.25905 0.289327 2.25318 2.25618 -3.09857
data/frame-000355.color.jpg 0.380473 0.863281 -0.295817 0.149926 1.67677 3.32124 -1.61362
data/frame-000104.color.jpg 0.328402 0.877063 -0.347823 0.0439569 2.13308 2.70576 -0.866264
data/frame-000115.color.jpg 0.34876 0.915203 -0.190604 0.0666312 0.944763 3.25876 -1.11621
data/frame-000597.color.jpg 0.0632814 0.0569043 0.824706 -0.559122 -1.29611 0.233383 3.29802
data/frame-000608.color.jpg -0.0185588 -0.0412077 0.800494 -0.597634 -0.263379 0.496851 3.6942
data/frame-000491.color.jpg 0.0482279 0.0941408 0.919443 -0.378729 0.30873 -1.40813 3.17391
data/frame-000502.color.jpg 0.0920709 0.120914 0.873352 -0.462773 -0.160674 -0.699781 3.3802
data/frame-000240.color.jpg 0.409628 0.839994 -0.297516 0.195189 2.11982 3.42404 -2.03938
data/frame-000066.color.jpg 0.275922 0.784708 -0.518904 0.197078 4.31143 1.32766 0.673662
data/frame-000559.color.jpg 0.0175888 0.0194923 0.85665 -0.51523 -0.107314 -0.19172 3.38177
data/frame-000570.color.jpg -0.0627747 -0.142502 0.846833 -0.508553 0.620196 -0.154119 3.35964
data/frame-000297.color.jpg 0.674655 0.615484 -0.220909 0.342372 2.33763 1.46432 -3.46832
data/frame-000308.color.jpg 0.692837 0.590059 -0.20705 0.359079 2.34371 1.27619 -3.52375
data/frame-000453.color.jpg -0.00483304 -0.0683709 0.832948 -0.54909 1.69887 0.247294 3.29157
data/frame-000598.color.jpg 0.067814 0.0499654 0.824636 -0.559357 -1.29867 0.232774 3.29421
data/frame-000202.color.jpg 0.484877 0.856836 -0.138339 0.107648 0.880914 3.42254 -2.98267
data/frame-000134.color.jpg 0.431223 0.901977 -0.000623817 0.0219865 -0.53544 3.40174 -1.94611
data/frame-000510.color.jpg 0.0948516 0.159345 0.85281 -0.488188 -0.41478 -0.486105 3.42499
data/frame-000521.color.jpg 0.0905282 0.193697 0.908666 -0.358625 -0.633018 -1.49144 3.04966
data/frame-000532.color.jpg 0.0222943 0.140089 0.951946 -0.271434 -0.16366 -2.161 2.66386
data/frame-000259.color.jpg 0.517183 0.769846 -0.283862 0.243478 2.21342 2.82474 -2.67402
data/frame-000270.color.jpg 0.558548 0.738332 -0.275179 0.259166 2.23632 2.52366 -2.90311
data/frame-000281.color.jpg 0.611503 0.693301 -0.249413 0.288426 2.21712 2.10776 -3.21851
data/frame-000415.color.jpg -0.297597 -0.563394 0.669568 -0.381709 3.36957 1.46312 0.500316
data/frame-000008.color.jpg 0.39345 0.919174 0.0108943 0.0140227 1.59339 4.07854 -2.30791
data/frame-000164.color.jpg 0.47868 0.877814 -0.00354644 0.0171865 -0.361215 3.36613 -2.53496
data/frame-000589.color.jpg 0.0692294 0.0561693 0.888296 -0.450536 -1.33213 -0.831642 3.27853
data/frame-000338.color.jpg 0.508872 0.780046 -0.275697 0.237842 2.09575 2.85064 -2.55245
data/frame-000472.color.jpg 0.0475821 0.0718874 0.859711 -0.503453 0.683409 -0.407351 3.51447
data/frame-000483.color.jpg 0.0605133 0.0988283 0.90206 -0.415763 0.400924 -1.16067 3.37135
data/frame-000494.color.jpg 0.0573991 0.0927637 0.907916 -0.404708 0.214854 -1.19345 3.23537
data/frame-000617.color.jpg -0.0197721 -0.0610728 0.73476 -0.675283 -0.155784 1.25796 3.58729
data/frame-000221.color.jpg 0.399926 0.853584 -0.289195 0.166791 2.01336 3.50581 -2.01568
data/frame-000232.color.jpg 0.368028 0.860869 -0.315151 0.155373 2.15749 3.53662 -1.72514
data/frame-000243.color.jpg 0.432743 0.825223 -0.29217 0.215353 2.13408 3.34669 -2.19035
data/frame-000366.color.jpg 0.350972 0.82335 -0.409702 0.176232 2.37995 2.88263 -1.07955
data/frame-000377.color.jpg 0.330393 0.867522 -0.347369 0.132597 1.70762 3.06785 -1.00363
data/frame-000126.color.jpg 0.387765 0.919083 -0.0535674 0.0453248 -0.122513 3.49629 -1.59534
data/frame-000551.color.jpg 0.058048 0.0819499 0.876264 -0.471249 -0.361458 -0.545669 3.26858
data/frame-000300.color.jpg 0.677974 0.611081 -0.21876 0.345073 2.33706 1.43473 -3.47734
data/frame-000434.color.jpg -0.118559 -0.269817 0.866238 -0.403453 2.84271 -0.239089 2.35476
data/frame-000038.color.jpg 0.50398 0.845674 -0.145546 0.0982636 2.59689 3.05509 -2.48054
data/frame-000049.color.jpg 0.365618 0.909914 -0.183018 0.0698957 2.75124 3.44192 -1.49601
data/frame-000445.color.jpg -0.0450623 -0.102112 0.8653 -0.488669 2.07795 -0.205649 3.07396
data/frame-000183.color.jpg 0.562568 0.822311 0.0718545 -0.0464634 -0.999249 2.79641 -3.06714
data/frame-000194.color.jpg 0.545394 0.837814 0.00241071 0.0246299 -0.403567 3.00809 -3.23091
data/frame-000579.color.jpg -0.0232662 -0.0842827 0.916362 -0.390687 0.0396572 -1.37865 3.2849
data/frame-000328.color.jpg 0.579175 0.705765 -0.277338 0.299226 2.41361 2.3042 -2.90902
data/frame-000339.color.jpg 0.503085 0.785002 -0.278819 0.230082 2.10177 2.8682 -2.49488
data/frame-000590.color.jpg 0.0680245 0.0475732 0.879111 -0.469333 -1.29468 -0.678267 3.33743
data/frame-000077.color.jpg 0.270534 0.688751 -0.630595 0.23406 3.95272 0.321177 1.33094
data/frame-000513.color.jpg 0.109306 0.185124 0.84927 -0.482205 -0.623188 -0.499706 3.3967
data/frame-000251.color.jpg 0.477876 0.793847 -0.301102 0.225343 2.26156 3.04246 -2.43572
data/frame-000262.color.jpg 0.534358 0.760834 -0.279773 0.239417 2.21221 2.70736 -2.77552
data/frame-000396.color.jpg 0.349796 0.747897 -0.51298 0.234829 2.7141 2.29889 -0.670083
data/frame-000000.color.jpg 0.357988 0.933507 0.0177542 0.00969243 1.49734 4.24925 -2.04301
data/frame-000011.color.jpg 0.407998 0.912004 -0.0300125 0.0297714 1.91807 3.88768 -2.30424
data/frame-000407.color.jpg 0.341484 0.620833 -0.617904 0.340807 3.30348 1.66015 0.00526144
data/frame-000145.color.jpg 0.447722 0.893634 0.00357621 0.0308374 -0.498 3.41542 -2.18103
data/frame-000156.color.jpg 0.452259 0.891412 0.00725706 0.0281742 -0.499544 3.42602 -2.2546
data/frame-000290.color.jpg 0.635206 0.660401 -0.227444 0.329624 2.23745 1.89477 -3.33132
data/frame-000039.color.jpg 0.505778 0.846753 -0.145294 0.0780211 2.56762 2.99421 -2.56243
data/frame-000464.color.jpg 0.00155635 -0.0128809 0.792203 -0.610119 1.41867 0.620293 3.40534
data/frame-000475.color.jpg 0.0519144 0.0853514 0.872389 -0.478495 0.569637 -0.634144 3.48687
data/frame-000609.color.jpg -0.0228984 -0.0531555 0.794467 -0.604543 -0.165949 0.55693 3.71729
data/frame-000213.color.jpg 0.408808 0.856583 -0.269546 0.162749 1.93387 3.5621 -2.1856
data/frame-000224.color.jpg 0.39315 0.858611 -0.288049 0.158899 1.99065 3.54029 -1.97506
data/frame-000620.color.jpg -0.00789608 -0.0529171 0.719564 -0.692362 -0.269196 1.41682 3.51412
data/frame-000347.color.jpg 0.434508 0.831392 -0.277881 0.206815 1.8538 3.20814 -2.02636
data/frame-000358.color.jpg 0.366275 0.860705 -0.321738 0.146675 1.79373 3.26501 -1.46562
data/frame-000369.color.jpg 0.348029 0.833416 -0.396016 0.165726 2.21135 2.91354 -1.05909
data/frame-000096.color.jpg 0.361384 0.88315 -0.29789 0.0266202 1.99607 2.60275 -1.02175
data/frame-000107.color.jpg 0.343115 0.901862 -0.261649 0.0213716 1.47154 2.99387 -1.04183
data/frame-000118.color.jpg 0.356659 0.920067 -0.14888 0.0640839 0.664731 3.36624 -1.21518
data/frame-000001.color.jpg 0.357756 0.933693 0.00815017 0.0127339 1.5944 4.22787 -2.02307
data/frame-000426.color.jpg -0.175298 -0.411736 0.808414 -0.382376 3.20861 0.417984 1.68383
data/frame-000175.color.jpg 0.551117 0.834131 0.0220367 0.00315359 -0.569692 2.92408 -3.06848
data/frame-000309.color.jpg 0.692457 0.589034 -0.20609 0.362033 2.34695 1.27924 -3.51974
data/frame-000320.color.jpg 0.670082 0.61883 -0.222736 0.344135 2.32406 1.53524 -3.39023
data/frame-000331.color.jpg 0.562842 0.722474 -0.275061 0.292544 2.33971 2.44558 -2.8459
data/frame-000069.color.jpg 0.272082 0.719933 -0.592164 0.238768 4.29693 0.688122 1.2245
data/frame-000058.color.jpg 0.294507 0.922284 -0.238893 0.0747512 3.07991 3.27515 -0.80505
data/frame-000080.color.jpg -0.255126 -0.659458 0.674737 -0.211556 3.74136 -0.0539904 1.33191
data/frame-000562.color.jpg 0.00422577 -0.00353388 0.850017 -0.526726 0.00287781 -0.0395966 3.36038
data/frame-000456.color.jpg -0.000524471 -0.0496269 0.828605 -0.55763 1.59922 0.267631 3.36095
data/frame-000388.color.jpg 0.315811 0.830487 -0.429117 0.162523 2.16592 2.76893 -0.756879
data/frame-000137.color.jpg 0.449152 0.893044 0.0205603 0.0176762 -0.662408 3.35119 -2.12003
data/frame-000020.color.jpg 0.503667 0.858332 -0.0683446 0.0701021 2.1311 3.31802 -2.80297
data/frame-000031.color.jpg 0.545676 0.826065 -0.0896365 0.108722 2.25227 3.0553 -2.91598
data/frame-000524.color.jpg 0.0513097 0.145552 0.932939 -0.32528 -0.235684 -1.79763 2.92886
data/frame-000273.color.jpg 0.563915 0.733815 -0.273278 0.262363 2.23763 2.48466 -2.93327
