data/frame-000000.color.jpg 0.2880493743600609 0.6982948558561531 -0.5978287838423959 0.2683516301890749 0.9474460144176763 0.5658270685140128 1.1046276292197792
data/frame-000001.color.jpg 0.2628185385891538 0.7058864383320553 -0.60991206516426 0.24628849895968358 0.9450145380203773 0.4621849200360217 1.1378455771248366
data/frame-000002.color.jpg 0.23920774443168974 0.7076151313621313 -0.6207844687758243 0.238090579817795 0.9097617844609185 0.3960793754044891 1.172666994861233
data/frame-000003.color.jpg 0.20508491607414214 0.6930017147503295 -0.6499289000889792 0.23511959803703092 0.8467859773202548 0.2898283360603461 1.2386688248307636
data/frame-000004.color.jpg 0.19529654393093468 0.6824623769094674 -0.6640151243980847 0.2349218563742166 0.8098437407604318 0.24350634173257438 1.2599840912639202
data/frame-000005.color.jpg 0.19108145408788413 0.6743731287166126 -0.6751086024974555 0.23008071627704815 0.7969967100587703 0.20861182693382488 1.2674918419469001
data/frame-000006.color.jpg -0.16096295404307295 -0.6674494446416034 0.6895172530067518 -0.23058214171822863 0.7264405571313093 0.1382746792041016 1.3034202080181883
data/frame-000007.color.jpg -0.14967848879285064 -0.6541827481822249 0.7049326892318876 -0.22958916704788107 0.6824450661636507 0.08964758869372916 1.3175704919213245
data/frame-000008.color.jpg -0.14023839001713553 -0.6455386475033064 0.7159695584868911 -0.22583321249339894 0.6517142017801024 0.047691442716762476 1.3244416161316959
data/frame-000009.color.jpg -0.12915648176250896 -0.6291089199735752 0.7316339971722053 -0.22858754167765713 0.5958071193881742 0.007565598018852321 1.3369842662201967
data/frame-000010.color.jpg -0.13145853821697445 -0.6162784796543886 0.7372548879098938 -0.24366928098901317 0.5469346151665053 0.03519921127911645 1.351648907910432
data/frame-000011.color.jpg -0.13558143443676043 -0.6117375582274158 0.7327377285772773 -0.2655000105639191 0.5144299348558923 0.09994099816334501 1.3651180929413282
data/frame-000012.color.jpg -0.16101158127268597 -0.6211705279017944 0.7114096317144055 -0.2865637483462428 0.549522905575752 0.2328680510514884 1.3537616775830186
data/frame-000013.color.jpg -0.1900647514038623 -0.6296196057951722 0.6915375596532124 -0.2987144888702256 0.6089682092613388 0.3496011561198275 1.324677889280346
data/frame-000014.color.jpg -0.21592320615678132 -0.6390925117140971 0.6736939767414044 -0.3017852816429165 0.6913755808612222 0.4416190728989163 1.274915649565213
data/frame-000015.color.jpg -0.22982730615224678 -0.6415967718904934 0.6650790336260478 -0.30529145202174046 0.7500186053401776 0.5119637796636863 1.235274249093432
data/frame-000016.color.jpg -0.24322951240320836 -0.6514168653328233 0.6524214273893282 -0.3013996565016741 0.8248319313215464 0.5728633288751048 1.189958097172937
data/frame-000017.color.jpg 0.2588658581606508 0.666830735860026 -0.6312207071652888 0.2998093661593625 0.8933347314318418 0.6567655731703176 1.1333428523849423
data/frame-000018.color.jpg 0.2703182747698272 0.6756052309842822 -0.6160965614080034 0.30151389555603186 0.9297081556505125 0.7201999448042772 1.0904320885976322
data/frame-000019.color.jpg 0.2800016633615162 0.6835953427948838 -0.6019186701617255 0.30329917628419173 0.9604511895959487 0.7800308250951064 1.049884623206671
data/frame-000020.color.jpg 0.29312851658482497 0.6965972339373491 -0.5820734420796448 0.3000307891886567 1.0041279952414468 0.8498207017896623 0.9881369815851258
data/frame-000021.color.jpg 0.3040285401298398 0.7002817591108436 -0.571214623996801 0.3014729805062708 1.0357533742484573 0.9030029226071249 0.9427010129130502
data/frame-000022.color.jpg 0.329988250925272 0.6944338558140805 -0.5630367156550248 0.30308254811993296 1.0971596438601836 0.9566297742254021 0.855373470964513
data/frame-000023.color.jpg 0.342283762300282 0.6937668254830849 -0.5550388894835693 0.3057143259409567 1.1262508378103149 1.0103192968883763 0.786705197568056
data/frame-000024.color.jpg 0.3523690267211104 0.692359130604908 -0.5448255679735081 0.31565804877743636 1.1311891060487127 1.074730240169918 0.7221085653027006
data/frame-000025.color.jpg 0.35478152776898264 0.6908310611502304 -0.5427514674095606 0.3198489598681248 1.1331292307240353 1.0963294291811894 0.7027850568707237
data/frame-000026.color.jpg 0.3631615726367003 0.6852745204877435 -0.5412500858208639 0.324901290131694 1.1452600701625857 1.117643290389834 0.6671443827755371
data/frame-000027.color.jpg 0.36194254249870345 0.6804281789166305 -0.5439137272274374 0.33192310344314463 1.140192844733971 1.1295321662404934 0.6652597676995361
data/frame-000028.color.jpg 0.36849164847673627 0.6690577949498989 -0.5438121595992687 0.3476261024314142 1.1339721919813688 1.1657857599551866 0.6424440831777867
data/frame-000029.color.jpg 0.3853303971730058 0.668104018168337 -0.5298626724179786 0.3527081715808339 1.130520218088786 1.2160565561399115 0.5791782559922041
data/frame-000030.color.jpg 0.3872481937252891 0.6696038151348508 -0.5210570435721991 0.36078958487898793 1.0989552801867462 1.2557568400699222 0.5607765287181821
data/frame-000031.color.jpg 0.3966223993376914 0.6681329866708546 -0.5137564618320815 0.36379016258232877 1.082541183453599 1.2829919055635302 0.5237514720352562
data/frame-000032.color.jpg 0.40064654300593366 0.6653877206847824 -0.5095131164197522 0.3703213644060203 1.0493657761324628 1.3012508962830027 0.5094820609908569
data/frame-000033.color.jpg 0.38913419652890124 0.6636776232950974 -0.5173567829326038 0.37476465759567595 1.001158219980216 1.2928225355096414 0.5533770114474328
data/frame-000034.color.jpg 0.37746600777975164 0.6606482948492426 -0.5292011227808396 0.37551220370462435 0.9600163178292839 1.267255729951378 0.6010780016764186
data/frame-000035.color.jpg 0.3666142706110971 0.6526301867833968 -0.5466597688363926 0.3752744502615433 0.9095953818260003 1.22340386079468 0.6480357467804118
data/frame-000036.color.jpg 0.3688406611325047 0.6437110232591952 -0.5565616959115506 0.3739408561176417 0.8687269558179809 1.1959687842386022 0.6519513990668112
data/frame-000037.color.jpg 0.3618760471191187 0.633874382592081 -0.5702961174828652 0.3768439093297384 0.8027434814749405 1.1609660762414855 0.6757326915005423
data/frame-000038.color.jpg 0.3492420986245204 0.62005846479929 -0.5916390309412974 0.37884127790663347 0.741576257415485 1.1148664179811805 0.7206984465910887
data/frame-000039.color.jpg -0.3339831005881217 -0.5980211454258231 0.6180306393438239 -0.3858291422085625 0.7004630486656968 1.0716179254910736 0.7738902712742896
data/frame-000040.color.jpg -0.31224000298910654 -0.5749817443801911 0.6476165268354213 -0.39050609256771074 0.6464179001462937 1.027326436599791 0.8253753238870432
data/frame-000041.color.jpg -0.2829851269257181 -0.5601120995230294 0.6776187097434823 -0.3834406578759197 0.5843110116096566 0.9731216205599517 0.8680782023508999
data/frame-000042.color.jpg -0.2678154012502014 -0.5499749147881391 0.6937603745650048 -0.3801303021864967 0.5357399658576395 0.9541449753764063 0.868856954092501
data/frame-000043.color.jpg -0.25305496009918593 -0.5406457947735807 0.7064941271670546 -0.3801728028690427 0.483372173577901 0.9422186430471293 0.8633798986396063
data/frame-000044.color.jpg -0.24993747338884523 -0.5310295113431588 0.7159071401578954 -0.37817440969688854 0.4636505668142801 0.9307866888834357 0.8495970174853198
data/frame-000045.color.jpg -0.24430701329151933 -0.5074596209388601 0.7285885156638249 -0.38981738188022086 0.43462137579664095 0.9291358065147406 0.8447942348929228
data/frame-000046.color.jpg -0.23389570999309095 -0.4914033704389499 0.7433017342560697 -0.3889962162026611 0.399666284156456 0.8926308331232249 0.8734183706828831
data/frame-000047.color.jpg -0.2377047315885943 -0.49035172193566795 0.7452952250009427 -0.3841701146183987 0.3844700459934616 0.8820713408219626 0.8822105293778874
data/frame-000048.color.jpg -0.23946962660485263 -0.5025655901812275 0.7380297930515276 -0.38130584845743776 0.3251097454011426 0.8732852160290172 0.8937178081113912
data/frame-000049.color.jpg -0.24124703719834692 -0.524363179014509 0.7250502368831904 -0.37569306292829957 0.23587165859443554 0.845174973018823 0.9176571419197186
data/frame-000050.color.jpg -0.23511381321436362 -0.5329866622289219 0.7205367927905697 -0.3761295560800216 0.16669323656149834 0.8251244807258757 0.9356170161883411
data/frame-000051.color.jpg -0.23864439737421445 -0.5431957738362143 0.7118663034233571 -0.3758105492648382 0.1217544957294961 0.8094309540925474 0.9437440855115199
data/frame-000052.color.jpg -0.2373502946831428 -0.5519393609472003 0.7081692784868888 -0.37084235526484804 0.08083734639243485 0.7867281589652567 0.9604193839415515
data/frame-000053.color.jpg -0.2373087746008562 -0.5456023093668417 0.7151860086863738 -0.366758283465095 0.0528531744841828 0.7785444592422972 0.9637428496053853
data/frame-000054.color.jpg -0.24940399614996198 -0.5388775776638394 0.7147455599574352 -0.3695231894167346 0.03175077101315369 0.7940655887803985 0.9405503824764659
data/frame-000055.color.jpg -0.23553776387185885 -0.5486844825436237 0.7175776141287797 -0.3585382379988626 -0.024089509140703392 0.7631991319744247 0.9547410155911237
data/frame-000056.color.jpg -0.23442873031101044 -0.5550334045228721 0.7119095154991436 -0.360785160462971 -0.058922283429954744 0.7696553167537942 0.9399217689718627
data/frame-000057.color.jpg -0.24164458930241953 -0.5659404211944781 0.7066445277615966 -0.3492461073565061 -0.058529241411872955 0.762642599760017 0.9441646338788929
data/frame-000058.color.jpg -0.24460415631186042 -0.5688203816669088 0.7041908054765041 -0.34745861566181874 -0.06510055767808832 0.7672712713681473 0.9411892699927281
data/frame-000059.color.jpg -0.24834133852727716 -0.5880006081603494 0.6944771038286007 -0.3320894708348623 -0.0678383222796599 0.7414424858026616 0.9543363094378808
data/frame-000060.color.jpg -0.27252730717870793 -0.6071198186992177 0.6704631038678919 -0.3280451477104699 -0.06178579935715271 0.7693782881823172 0.944511920102556
data/frame-000061.color.jpg 0.2805788589905278 0.6550966237777388 -0.626678384883064 0.31527467282186783 -0.1063621160044259 0.7339349230816793 0.9677540356387686
data/frame-000062.color.jpg 0.29230342026310074 0.6764667985027982 -0.5980644340689318 0.31507191834195 -0.14725108236907294 0.7217300495227231 0.9821029774565856
data/frame-000063.color.jpg 0.29484721280970844 0.6872925956711089 -0.586018331390108 0.31189184713417856 -0.17751774101426654 0.6959068175880533 1.0006311167493143
data/frame-000064.color.jpg 0.29543603294118137 0.687458962314284 -0.5867038512552865 0.3096713039594708 -0.19974918864109736 0.6758899028476144 1.0123657008755897
data/frame-000065.color.jpg 0.2883610189158879 0.6867989198949501 -0.5942710717711945 0.30331017071116456 -0.2238004381432543 0.6291405710758019 1.0295810337875007
data/frame-000066.color.jpg 0.28191244264839044 0.6754671218030421 -0.6114284617470765 0.3007071302924755 -0.23338740332278654 0.6126170967066346 1.0359784754921886
data/frame-000067.color.jpg 0.2750761067635703 0.6618990666798404 -0.6325819546518391 0.2933646735123586 -0.21943577017251253 0.5707813998461758 1.0431632478406752
data/frame-000068.color.jpg 0.2694997653713213 0.667867504979775 -0.630241007955159 0.29003300527450065 -0.23131201849411326 0.5371012421981823 1.0597786124153354
data/frame-000069.color.jpg 0.27804287726239774 0.6788431271201492 -0.6141587283751407 0.29098663805407704 -0.24238343979539984 0.5171038812979607 1.0693438286888635
data/frame-000070.color.jpg 0.29912896523849813 0.6920442368477362 -0.5858644435757538 0.29725324246314305 -0.256852311220818 0.516568790284883 1.0780115025580466
data/frame-000071.color.jpg 0.3057330064308835 0.6987197112931856 -0.5742317232145189 0.2976172405677887 -0.27435160750193877 0.4873468124612154 1.0794327394979826
data/frame-000072.color.jpg 0.3194135117656593 0.6956649029388708 -0.5672680554163326 0.303697719162908 -0.2851785632151823 0.49714543092684604 1.0596901000165673
data/frame-000073.color.jpg 0.32292931091739624 0.6951973020520578 -0.5570126587842718 0.3196158151969844 -0.3250781646971951 0.47061545282552725 1.0171435894698537
data/frame-000074.color.jpg 0.31285559672834135 0.6986219802535972 -0.5574155682081335 0.3214600886914252 -0.35594591889542004 0.4257049304557326 0.991993619617799
data/frame-000075.color.jpg 0.3188063520411788 0.6852935877625916 -0.5703736731857298 0.32157282442129476 -0.36117242799549093 0.4226874110854649 0.95458878823332
data/frame-000076.color.jpg 0.32632968136057267 0.6880213416075206 -0.5609097164977618 0.32483205275048627 -0.3603773602789649 0.41338079476959844 0.9286424291303167
data/frame-000077.color.jpg 0.35233915894716805 0.6922061538684187 -0.529709564922614 0.34075729551777517 -0.34902714091400117 0.44168979311581097 0.8956072361182864
data/frame-000078.color.jpg 0.3676851235905208 0.6894215010388712 -0.5115804459268023 0.35747879816972 -0.34889180085126664 0.4554137186424662 0.8604252376013576
data/frame-000079.color.jpg 0.3916867403889062 0.6852325130103686 -0.49062352587005087 0.36922412757002776 -0.3343610257770788 0.472545274160875 0.8270148164030421
data/frame-000080.color.jpg 0.4185209402048566 0.6716772434994931 -0.477497388831457 0.38168854689930903 -0.31853089125388495 0.5024559086482785 0.7914800756674256
data/frame-000081.color.jpg 0.4358312216590675 0.6586365997908258 -0.47720838524723885 0.3853843960163239 -0.3046414535573536 0.5279215846395011 0.7736624767318955
data/frame-000082.color.jpg 0.43478221786398524 0.6561557841518774 -0.4760181127177975 0.3922126544591541 -0.3151333327998939 0.5163061492245613 0.7652099956939644
data/frame-000083.color.jpg 0.43879787971011436 0.6500578634997979 -0.47695975059627865 0.3967248305502472 -0.31770923047819327 0.5261517540908327 0.7621229137509911
data/frame-000084.color.jpg 0.4400675824178914 0.6516571508732796 -0.47732933961461677 0.3922246577711129 -0.3126631953663501 0.5235816372446863 0.7747811402969725
data/frame-000085.color.jpg 0.42112746263450607 0.6633675265250407 -0.4923564307368398 0.3744066373331965 -0.31346195973911456 0.4929502546038319 0.8165842784992511
data/frame-000086.color.jpg 0.4051353815905852 0.6672229616653058 -0.501529170586404 0.3730245743392013 -0.34575665567778907 0.5008466185975163 0.8508883120500251
data/frame-000087.color.jpg 0.391815150624879 0.6673006256376415 -0.5142692251022227 0.3697538733768395 -0.3850925712998604 0.5129846874866065 0.8878641885385854
data/frame-000088.color.jpg 0.372471698342938 0.6655009230668961 -0.5315134666080495 0.3686011260765898 -0.46277230636989186 0.5222421868694369 0.9207482215671586
data/frame-000089.color.jpg 0.3572335165278595 0.6531746120371917 -0.5439946281321816 0.387061991704861 -0.5489344860571073 0.5498646564765125 0.9059318743857118
data/frame-000090.color.jpg 0.3406300885027121 0.6401541550399609 -0.5661412047860084 0.3919922662950832 -0.619041748045746 0.5570261702798316 0.8919852290232777
data/frame-000091.color.jpg 0.3141096199139012 0.632065050295462 -0.6016682146984648 0.37393084694111844 -0.6616781190386543 0.5438798959268646 0.8977966625543857
data/frame-000092.color.jpg 0.29321977861029885 0.6336324632860981 -0.6149887631623082 0.3664981365379813 -0.7064532969231814 0.5259863045733016 0.8855136389145056
data/frame-000093.color.jpg -0.27719537665844146 -0.6276567299073873 0.634418463763462 -0.35598169250279993 -0.7460750677134683 0.534489232636674 0.8672513176047042
data/frame-000094.color.jpg -0.260101237663764 -0.6265377162162191 0.6464270863953852 -0.349184561942128 -0.7928148265440776 0.5333253574271333 0.8480754829874978
data/frame-000095.color.jpg -0.2525914314186591 -0.6170559332136715 0.6603851826679771 -0.34544312784054776 -0.8133659804286266 0.5554432008986101 0.8265504087512534
data/frame-000096.color.jpg -0.25577565285240783 -0.6095773054784088 0.6636624036630634 -0.35006647656948287 -0.8335988044743101 0.5932246645573866 0.807687348317522
data/frame-000097.color.jpg -0.26697500508028593 -0.6214767243395595 0.6557764439548818 -0.3353330930887112 -0.8259177642159249 0.5894083026810655 0.8448445615147515
data/frame-000098.color.jpg 0.2721736511229791 0.6505899216451269 -0.6308462672419466 0.32355408295225774 -0.8366338568111497 0.5378946524702102 0.8923892865111521
data/frame-000099.color.jpg 0.2745426864391412 0.6660458857753014 -0.6167871416069179 0.3171479360061182 -0.8426314671534656 0.5079037643160199 0.9180375697521819
data/frame-000100.color.jpg 0.2795941108245235 0.6860927752530351 -0.5981584438454994 0.3054673681330995 -0.8429071360194175 0.4793055727602605 0.9561965173848794
data/frame-000101.color.jpg 0.2818881419571701 0.7001450610663343 -0.5844160703674885 0.29798292834418694 -0.8383730659749751 0.4557546394046134 0.9841239473452967
data/frame-000102.color.jpg 0.285144920573858 0.7138934493515475 -0.5725356602997448 0.2850463732956673 -0.8200750185126486 0.4399558993907192 1.0208284022221967
data/frame-000103.color.jpg 0.2744770918206228 0.7263304378516967 -0.568018310754468 0.272876565068341 -0.8199092915497337 0.4356231076357841 1.0291049471406868
data/frame-000104.color.jpg 0.2770389013184447 0.7270550064138415 -0.5664080859037679 0.2717026776232951 -0.8172527537670361 0.46846999693064717 1.0191750539475644
data/frame-000105.color.jpg 0.27846796806120916 0.7112294306323395 -0.5803689548501152 0.28245382633705723 -0.8309072923073604 0.5817096828399452 0.9527376363990179
data/frame-000106.color.jpg 0.27833956908593194 0.7066530951174972 -0.5813169915753251 0.29195726185134 -0.8423097564377343 0.6369112438054589 0.9003385008366024
data/frame-000107.color.jpg 0.27822528060452517 0.7030545365584216 -0.582319775861726 0.29867823907594315 -0.853712617423653 0.6739098208589314 0.8573199203850014
data/frame-000108.color.jpg 0.28284455933946995 0.7016524747935403 -0.5795550526600539 0.30298300415099866 -0.8606759934776822 0.7040475585189977 0.8265048103249858
data/frame-000109.color.jpg 0.2951189276659588 0.7133304005988235 -0.5583405194647365 0.30384275939812233 -0.8820459947284736 0.7318324033692338 0.8118439382444951
data/frame-000110.color.jpg 0.3051977536926685 0.7245776607514306 -0.53134818500191 0.3154530883920928 -0.908749604556147 0.7271769685985384 0.785351429925008
data/frame-000111.color.jpg 0.3120171360872657 0.7398544273479809 -0.5069512286607876 0.313466401518265 -0.92332472341433 0.7158507935952813 0.7934258402623284
data/frame-000112.color.jpg 0.32108843607273385 0.7476638623546326 -0.4926492280410554 0.30854125049962333 -0.9224349856191505 0.72539487425273 0.8000953244189768
data/frame-000113.color.jpg 0.32950262764277644 0.7491509453398968 -0.48583853287508383 0.3068579466897203 -0.9203655441967757 0.7457942541135548 0.7901188557481945
data/frame-000114.color.jpg 0.3348736793022897 0.7461531087033836 -0.4828856261127721 0.31294828546662434 -0.916335514949676 0.7718484757782288 0.759956608505662
data/frame-000115.color.jpg 0.33623959442450374 0.7383000210280081 -0.49456820789542477 0.3118626329498231 -0.884796083658898 0.8224656762974972 0.74031510183472
data/frame-000116.color.jpg 0.34126537394769496 0.7324927357666443 -0.5006410268380883 0.31040441175979044 -0.844430934115863 0.8599763744857332 0.720620548185749
data/frame-000117.color.jpg 0.3428606271373888 0.7292940440847329 -0.5036710381664133 0.31127523662164286 -0.7959642677846529 0.8941883339013698 0.6925654922672828
data/frame-000118.color.jpg 0.3420496456249015 0.7281001186844679 -0.5049522830417829 0.3128824842499722 -0.7758275197541301 0.9092355658272383 0.68388775608989
data/frame-000119.color.jpg 0.34532990888201376 0.7247412912410411 -0.506567111332364 0.31446315605837505 -0.736088886384058 0.9382687974673062 0.6666190669603878
data/frame-000120.color.jpg 0.34829162669205477 0.7243889522469423 -0.5048122826975184 0.31483034776924 -0.7017740817714662 0.9538980332423141 0.6578223186913388
data/frame-000121.color.jpg 0.35442857186839694 0.7236800744296179 -0.5032174543585083 0.3121533772776034 -0.6528870629972666 0.9690391551333777 0.6497610565790615
data/frame-000122.color.jpg 0.35650741519392587 0.7267123593160577 -0.4985344892633342 0.31024985534884775 -0.6229291433475185 0.9710171892345035 0.6476253264651785
data/frame-000123.color.jpg 0.3596348785821849 0.7288633556520236 -0.4937752641435111 0.3092037377116509 -0.5952750903424839 0.9755258390280342 0.6429193122553242
data/frame-000124.color.jpg 0.36527922471281044 0.7325050838141528 -0.4878459032269912 0.30333770765315404 -0.5566477386422205 0.982990905498768 0.6461536485160415
data/frame-000125.color.jpg 0.36906569500717484 0.7389101048597849 -0.4811849059314882 0.293706411248848 -0.512777908804885 0.9820182553222472 0.6582370007075871
data/frame-000126.color.jpg 0.37023489477280136 0.7435001517106694 -0.4770631591660038 0.28730539372823516 -0.4901018588929149 0.9796044187046503 0.6645204420327416
data/frame-000127.color.jpg 0.3740641292848636 0.7490260873355769 -0.46851777381343374 0.2820053958597575 -0.46668043867578307 0.9810144397506898 0.6690267789418407
data/frame-000128.color.jpg 0.3799302567433122 0.7559030147280491 -0.45551629882407246 0.2770713515353522 -0.44184802239232307 0.9789326782398933 0.6741354247680037
data/frame-000129.color.jpg 0.3861203464748289 0.7610314594502502 -0.44560634482415956 0.2705128115591438 -0.4149233831096401 0.978140166375351 0.6821664193397595
data/frame-000130.color.jpg 0.39340992495118327 0.7683665861015162 -0.43154220283597955 0.2619403510039561 -0.3853957942129112 0.9736050201351173 0.6935894393722861
data/frame-000131.color.jpg 0.39886924555930603 0.7762164771309739 -0.4174111378962552 0.2532967578503213 -0.3620881264525779 0.9654343720251626 0.7094396670622408
data/frame-000132.color.jpg 0.4025035681984622 0.7866792895929811 -0.4017507382834636 0.24025594103305956 -0.3271246825129381 0.9514036841023474 0.7323020328792661
data/frame-000133.color.jpg 0.40389879643987375 0.7983833931429034 -0.384163529893594 0.22774569609048514 -0.30012164962765137 0.9325863758717693 0.7534667020407123
data/frame-000134.color.jpg 0.407320775669969 0.8057120372721193 -0.37060346977449515 0.21810769563115182 -0.27481302839290783 0.9248822753487308 0.7677264929980071
data/frame-000135.color.jpg 0.4098933743118666 0.8159552625082521 -0.3515482361993805 0.20644192622969265 -0.24985303009382295 0.911004022629381 0.7814441784783566
data/frame-000136.color.jpg 0.4084604350255662 0.8276202358100312 -0.3323981818048706 0.19420676360335554 -0.22437318378855114 0.8861376219657803 0.8000006492729173
data/frame-000137.color.jpg 0.4010594883527115 0.8365532144478388 -0.32286679794009515 0.18731534103526884 -0.22385805297181421 0.8541246777717698 0.8171701081558009
data/frame-000138.color.jpg 0.39068684763329276 0.8407209526303707 -0.3265308639360832 0.18420005915253493 -0.23546195720557297 0.8266339774134619 0.8332423898073743
data/frame-000139.color.jpg 0.3799417980345344 0.8364058189983444 -0.34649041531455804 0.1897733599511266 -0.2693582789598983 0.811819917253386 0.8368991693237272
data/frame-000140.color.jpg 0.37278402117453413 0.8292602181228917 -0.3669523083192985 0.19673730610856685 -0.3046395157719123 0.8085898178636249 0.8346879609694854
data/frame-000141.color.jpg 0.36689298939033815 0.8154780798072222 -0.3957962132617829 0.20911813230272672 -0.34735945870364804 0.8203476590934414 0.8217199853274887
data/frame-000142.color.jpg 0.3658103603191292 0.8061958189829148 -0.4106673327156112 0.2181362500317221 -0.37356352002285986 0.8343665008719668 0.8084798424329348
data/frame-000143.color.jpg 0.3637844956436635 0.7917439781921777 -0.4327380741016815 0.23138727914143808 -0.4080304730866511 0.8569891020369226 0.7896015446169055
data/frame-000144.color.jpg 0.36248352773520803 0.7814557968326018 -0.4478771583909993 0.2394547571232725 -0.42715816288389175 0.8736601508998473 0.7767447265944161
data/frame-000145.color.jpg 0.362441466516223 0.7715245424616156 -0.45985646682321585 0.24883346569509784 -0.4470060149504925 0.890243949150039 0.7593533034620408
data/frame-000146.color.jpg 0.3622007308044822 0.7609477772610495 -0.4727973163746809 0.25735541283421426 -0.4652933149751017 0.9089394610834772 0.7435669899967301
data/frame-000147.color.jpg 0.36150160056545644 0.7540010782355719 -0.48100393187769985 0.2635036704230155 -0.47846898958701706 0.9165513079454821 0.7336775723580956
data/frame-000148.color.jpg 0.35842602728246564 0.744051154409561 -0.4957111310412704 0.26868036241990756 -0.4939827847106483 0.9262184670790804 0.7271609547981444
data/frame-000149.color.jpg 0.35551561998693065 0.7344582227468901 -0.50964725538013 0.272835917848601 -0.5063699555433498 0.936862356170749 0.7178408280368181
data/frame-000150.color.jpg 0.35366488960010856 0.7230135936771007 -0.5241160661891142 0.2783430228777342 -0.5276847952455139 0.9535953186649732 0.7022749817136351
data/frame-000151.color.jpg 0.3509131820369142 0.7143484786756313 -0.5355793368917202 0.28234901023584874 -0.5406950655882845 0.96544682031424 0.6930476630523733
data/frame-000152.color.jpg 0.3476105542968183 0.7029938223101186 -0.5496270249788742 0.2878831737843323 -0.5669345135394839 0.9778960993801474 0.6754311755021486
data/frame-000153.color.jpg 0.3424610337578436 0.6931920347409096 -0.5620346537217897 0.2938065542922659 -0.5835085162388188 0.9908992307643864 0.658696874336265
data/frame-000154.color.jpg 0.33680024722123225 0.6820825331155219 -0.5760171845986666 0.29922101286082287 -0.6089416441660419 1.0108435250029093 0.6433138420469557
data/frame-000155.color.jpg 0.33218192315287853 0.6745432770389392 -0.5846076286971308 0.3047629534591469 -0.6230491899943726 1.023591967717933 0.6299691445744163
data/frame-000156.color.jpg 0.33124025235306975 0.6620921299888143 -0.5942153209360821 0.3143597604541304 -0.648838657410687 1.0460693052950811 0.5973351523747781
data/frame-000157.color.jpg 0.3282546640257869 0.6551074568106783 -0.6010412395120689 0.319112086863159 -0.6606952401102988 1.0563852655250552 0.580964740986299
data/frame-000158.color.jpg 0.32053418966068015 0.6331502759306615 -0.6175668085164955 0.3391014573343035 -0.6950218444389042 1.0957367817791381 0.5207510643563253
data/frame-000159.color.jpg -0.3215571661851692 -0.6235632295644085 0.6231344794415757 -0.34564911129821496 -0.7040566945439366 1.1169085114792356 0.49778415584915603
data/frame-000160.color.jpg -0.3205897347946529 -0.6085050708511782 0.6319274900808706 -0.35722744571601633 -0.7162211593465838 1.1428894139418713 0.45723759818699394
data/frame-000161.color.jpg -0.31974719647202243 -0.5961535731725099 0.6389556939943819 -0.3661943045079867 -0.7231531958594597 1.1655041681283684 0.42497463666106094
data/frame-000162.color.jpg -0.31787696916757435 -0.583025097508779 0.6463904482575442 -0.3757863176715281 -0.7335899677816685 1.1873422307094108 0.39213456727034685
data/frame-000163.color.jpg -0.3132088236309021 -0.5712929390371404 0.654689039786024 -0.3832843223901892 -0.7476587857132746 1.20292563305553 0.3627401147789972
data/frame-000164.color.jpg -0.31050974297436723 -0.5646573732033635 0.6603408526284249 -0.3856108255158753 -0.7540085137557191 1.2121141308636927 0.3502796849465939
data/frame-000165.color.jpg -0.30381396074650974 -0.5566079711460616 0.6681621167708416 -0.3891581033776527 -0.774957833058458 1.2187352333994907 0.32778842047661233
data/frame-000166.color.jpg -0.30057353357399547 -0.5514173443239392 0.6728472475797287 -0.39098726925305316 -0.787694640992981 1.2251014205146884 0.3137256788992878
data/frame-000167.color.jpg -0.29713485994978966 -0.5465183562992616 0.6768262043756366 -0.3936176448039921 -0.8062233087978747 1.2303754155355728 0.2944802340876703
data/frame-000168.color.jpg -0.29269366272431774 -0.5452977562300667 0.6780283721233938 -0.39655807071244764 -0.8357755882818839 1.2262225068094106 0.280047261442458
data/frame-000169.color.jpg -0.2891107143664219 -0.5457035057571392 0.6785442522492866 -0.3977441091736764 -0.8617956457656181 1.221833923557508 0.2717718546068022
data/frame-000170.color.jpg -0.2843426271767525 -0.5434381783137635 0.683393842082874 -0.395976101961277 -0.8716642032678926 1.2250339731847666 0.2711017375930898
data/frame-000171.color.jpg -0.27830051936522676 -0.5377079733522561 0.6910356259739182 -0.39482745592130497 -0.867409650798347 1.2327955195528242 0.2662402730446526
data/frame-000172.color.jpg -0.2719989215018778 -0.5318748017100181 0.6990886710992298 -0.3929386872636211 -0.8606032956984797 1.2409024548136451 0.26203609203061834
data/frame-000173.color.jpg -0.26230285060140074 -0.5127238788853099 0.7161358432876728 -0.3942852933420615 -0.8220637232692327 1.2699452364150696 0.2342077328738393
data/frame-000174.color.jpg -0.250826932898259 -0.4799203819317145 0.7398701290834819 -0.39919227050302725 -0.7517424282177382 1.3228862305748696 0.18830688158362408
data/frame-000175.color.jpg -0.23727914678211118 -0.4329104272898424 0.7679646980544211 -0.4080654248870654 -0.6524750669844808 1.3875107279636891 0.13120218995634736
data/frame-000176.color.jpg -0.2312044732982158 -0.40920526577502697 0.7787101048129087 -0.4155792519497972 -0.6029186785754846 1.407756901457325 0.0960165662996441
data/frame-000177.color.jpg -0.22210228790064665 -0.36697821197213165 0.7996125582826695 -0.4202586373695131 -0.5087352311374226 1.4400927120417706 0.06565168868815027
data/frame-000178.color.jpg -0.20545010518715986 -0.34287123899902044 0.8111678174382642 -0.4268914846870398 -0.47222573744858803 1.442818770710144 0.04022991656106092
data/frame-000179.color.jpg -0.18563916381025664 -0.31665130206340336 0.8244303533956276 -0.43079536460057316 -0.42879444593964866 1.4424451559810003 0.03063559410813917
data/frame-000180.color.jpg -0.1725574611225873 -0.2995375963415542 0.8321356647052146 -0.43364892080398626 -0.4025847876849552 1.4419541315858893 0.026708876891064683
data/frame-000181.color.jpg -0.16096315868839256 -0.2756286933100226 0.8393146517293397 -0.4400802203709255 -0.3617740638439172 1.449087156087469 0.010741707892288137
data/frame-000182.color.jpg -0.1466538020305833 -0.2591309222641014 0.8468417156649267 -0.4406846220214801 -0.3395082570562715 1.445364063977262 0.012883258824838241
data/frame-000183.color.jpg -0.12679616874939997 -0.22988066482715722 0.8610884707087405 -0.43543570953882565 -0.29386302153613164 1.446758633813746 0.030377849482583884
data/frame-000184.color.jpg -0.10967735036247381 -0.20732140955480102 0.8688784622799097 -0.4359345475455881 -0.2687316054937453 1.4483570251351596 0.03212735003449454
data/frame-000185.color.jpg -0.09804159706619908 -0.19757801492439753 0.8728175662492909 -0.43536222770229926 -0.27558637170811023 1.442818400857873 0.03370795811191786
data/frame-000186.color.jpg -0.0893793596685418 -0.19691614342459576 0.8758050159327674 -0.4315100654573778 -0.2943366561607975 1.4320215485802705 0.05172329869397713
data/frame-000187.color.jpg -0.09012820755482036 -0.19322013427075876 0.8780795629960705 -0.4283913712529411 -0.302822977570698 1.4216823524545776 0.07350250547385859
data/frame-000188.color.jpg -0.08628235747449445 -0.1940975089269932 0.878996801855725 -0.42690295635470465 -0.3240202528051644 1.4091877739419334 0.08952614624172724
data/frame-000189.color.jpg -0.08753951041057387 -0.1937568020025884 0.8821712956877784 -0.42020107193979556 -0.3307176503964349 1.3972498382098997 0.12042945685631215
data/frame-000190.color.jpg -0.08799326241726418 -0.18710051514220702 0.8857427030194204 -0.4155844643998846 -0.323867723642987 1.3870078991031696 0.1445314012187087
data/frame-000191.color.jpg -0.08344163243755227 -0.1866435885763508 0.8873561697305005 -0.41328040464158733 -0.33993600747958863 1.375298701238185 0.1601709200116302
data/frame-000192.color.jpg -0.0845260052741029 -0.17753615802511644 0.8882921788529011 -0.4150581549793333 -0.33287495674537365 1.3735169679008183 0.1651160747101284
data/frame-000193.color.jpg -0.08220958178991729 -0.1702391764630959 0.8908514752888851 -0.4130906152827863 -0.3259527176891075 1.3673130225407053 0.17684236624014202
data/frame-000194.color.jpg -0.08246394792598062 -0.16454232338811456 0.8928455577159378 -0.41103811401549867 -0.3213742110455433 1.3601991994479743 0.18821910146966442
data/frame-000195.color.jpg -0.08514271515713068 -0.1639888433600481 0.8925535313488439 -0.41134726325309834 -0.3260572502233446 1.3540211824231843 0.19472062569801382
data/frame-000196.color.jpg -0.08788435300743813 -0.16599636241646398 0.8918451383307818 -0.4115018801861231 -0.33416429131980774 1.3455607083703964 0.20379986402175165
data/frame-000197.color.jpg -0.09039946656336831 -0.16465839072800992 0.8906542544613505 -0.4140658761813354 -0.33620795887312194 1.345714058499562 0.20250482804688882
data/frame-000198.color.jpg -0.09382779340660824 -0.1670112449721595 0.8901092114534073 -0.4135325633164693 -0.3426160197225262 1.339447219622246 0.2124765718851543
data/frame-000199.color.jpg -0.09396012351888569 -0.16921305545469764 0.8922648160007559 -0.40792393307960906 -0.34733869139755813 1.3311240881688888 0.2314985877106594
data/frame-000200.color.jpg -0.08995701660973691 -0.16950677573136091 0.8959222427845708 -0.4006226691385527 -0.35273590273862915 1.3174365093843412 0.25276661948258444
data/frame-000201.color.jpg -0.08908925871470146 -0.16973450726543252 0.9001798054265385 -0.39106216759904694 -0.35118283268552897 1.3038396939316241 0.27981815549114664
data/frame-000202.color.jpg -0.09095363982854929 -0.16928139466829442 0.9047911002651108 -0.3800319851040775 -0.34244248841776004 1.2978148012475252 0.30856589697864345
data/frame-000203.color.jpg -0.0934616058014891 -0.1658105200267568 0.9093051756043307 -0.3700485066969469 -0.3294717641205382 1.2897003298345961 0.33614432579512077
data/frame-000204.color.jpg -0.09034370838359881 -0.1667103084629919 0.9141023284149469 -0.35841682521060025 -0.3345639682255794 1.2739863724515317 0.3679140462072285
data/frame-000205.color.jpg -0.08344809280437707 -0.16911165477567738 0.9175844422651668 -0.34996636315404317 -0.3503089054012294 1.2596396053976675 0.38802161876302893
data/frame-000206.color.jpg -0.07827161004953462 -0.16635661904636276 0.9198642488662337 -0.34648058245373 -0.3518481355908163 1.2502190226818666 0.39264074803023213
data/frame-000207.color.jpg -0.06983542999823375 -0.1569814347822874 0.9233352568127268 -0.3434120635289807 -0.3411705502451944 1.2483385699129521 0.3909066572994274
data/frame-000208.color.jpg -0.060360326521828524 -0.14500301879848088 0.9310906459400049 -0.3292430174878873 -0.3217229987345954 1.2451590601147942 0.41269938503443543
data/frame-000209.color.jpg -0.0607485085417699 -0.12100285079057324 0.9346365910961705 -0.32881966394155093 -0.27022080378737234 1.2658016516466284 0.40405840042526153
data/frame-000210.color.jpg -0.05744008947695922 -0.09860937592671706 0.9371720975282138 -0.329674516326013 -0.22552503114720912 1.2802847602038017 0.39355407077900245
data/frame-000211.color.jpg -0.0480979554627966 -0.08250458707415599 0.9392451003612169 -0.3296941328556964 -0.2035341514829524 1.2893417993138663 0.38709902570246735
data/frame-000212.color.jpg -0.03634631696515137 -0.05251522600527174 0.9401325220008988 -0.33477147034494065 -0.16720721691527304 1.309444026404135 0.3672652497666477
data/frame-000213.color.jpg -0.022160103038132387 -0.021275024432909764 0.9400413182345699 -0.33967428984327047 -0.13117510046897368 1.3213656928756863 0.3475737665448689
data/frame-000214.color.jpg -0.012789586558143108 0.009631684912028909 0.9419374539972448 -0.33540645473606534 -0.0873967204838285 1.3246376949097778 0.35246071617272023
data/frame-000215.color.jpg -0.006986508080444369 0.03413555897023504 0.9419548774950367 -0.333926580376498 -0.0511322935409828 1.328335831162383 0.3528049748529758
data/frame-000216.color.jpg 0.011257979098685087 0.07420810211179828 0.939678455936125 -0.3337226617074094 -0.013150405575605671 1.3382316943064605 0.34168353428010856
data/frame-000217.color.jpg 0.025767650923028768 0.11783685004133444 0.9351272880952702 -0.3331478050322874 0.045939618182873315 1.342704929817767 0.3364913865451103
data/frame-000218.color.jpg 0.03365690886047314 0.13987757102258547 0.9318341605656122 -0.3331464765141011 0.07515492141438654 1.3437435108552307 0.3347128367241561
data/frame-000219.color.jpg 0.04369258899970399 0.16295621037114086 0.9279834322103758 -0.33223934250932696 0.09919117093780606 1.3406167171791608 0.33594344099478685
data/frame-000220.color.jpg 0.05382240883450679 0.17604379747793977 0.9256618124170848 -0.3305479370825278 0.10617117560497277 1.3404547776452949 0.337629165472966
data/frame-000221.color.jpg 0.05849508035716895 0.19373501708447413 0.921809320459133 -0.3306246292156084 0.13020169003628407 1.3412316287939905 0.3360153799342712
data/frame-000222.color.jpg 0.06274199082214306 0.20751511699562936 0.9181706662558069 -0.3316075186622475 0.14957272034806 1.3394786112580717 0.33182516501680415
data/frame-000223.color.jpg 0.07143306463320231 0.2209782334151329 0.9137081112855914 -0.3334717754244774 0.16137704208218231 1.344818536097673 0.32270885507461067
data/frame-000224.color.jpg 0.07679064248215939 0.2295018206139569 0.9097023415090622 -0.33745186533042926 0.17428900444475323 1.3492151736607478 0.3107018558491788
data/frame-000225.color.jpg 0.09044054993801424 0.24201957191448134 0.901226157982141 -0.34790580033392615 0.18494812624064502 1.3590020444981317 0.27831942994815745
data/frame-000226.color.jpg 0.102120401905552 0.25960488086975303 0.8920101773519247 -0.3556607552764821 0.21578291593217708 1.3633856973946732 0.25752808673722866
data/frame-000227.color.jpg 0.11143156168191025 0.27524642972766744 0.8841781564288098 -0.36062639625719883 0.24306870661600738 1.364155805017745 0.24398441954322686
data/frame-000228.color.jpg 0.1255580080545443 0.29146600462655975 0.8756963545908906 -0.3639212130621558 0.26693249024890436 1.3622902721080197 0.23183799846373757
data/frame-000229.color.jpg 0.13183819802628916 0.30623483962174824 0.8707219133675397 -0.36150001676983845 0.2908929912014528 1.3637991569135348 0.23333873868916644
data/frame-000230.color.jpg 0.12737972109374665 0.31199690662776663 0.8648583439583781 -0.3720918996623777 0.31940775580439923 1.3678584613303701 0.20565212533010405
data/frame-000231.color.jpg 0.1307970594316855 0.3042952233934078 0.8641011170685763 -0.37897995427834763 0.29866788345789325 1.3791732659525344 0.17670857116557287
data/frame-000232.color.jpg 0.13663728361783636 0.2923249763384937 0.866838288590085 -0.3800891242438417 0.2669741683902244 1.3841232009441649 0.16281800751421358
data/frame-000233.color.jpg 0.14275349076649044 0.28478813341949377 0.8621086061766765 -0.39406333386085357 0.24803193150061223 1.3953086519293498 0.11345267308672576
data/frame-000234.color.jpg 0.15112254603111955 0.2894843300880359 0.8555993101471852 -0.40163493273147216 0.25535247839522124 1.3972701885594452 0.08556730206590515
data/frame-000235.color.jpg 0.156518577219483 0.2961291142453894 0.8510078844558642 -0.40446886564404977 0.2673357027337369 1.402046405499572 0.0738426667632311
data/frame-000236.color.jpg 0.1631601558329853 0.30246126937383394 0.8476257416584734 -0.4042604929439037 0.2791673820334079 1.4054065920879222 0.0611941585133044
data/frame-000237.color.jpg 0.17467471123185624 0.31560848765229305 0.8397370042606674 -0.40585932470896796 0.311089198629611 1.405707123711065 0.04613856974267372
data/frame-000238.color.jpg 0.1851744810351317 0.3287735082023066 0.830763824131725 -0.4092063787280822 0.3463945279933825 1.4071619877080652 0.030392264791578975
data/frame-000239.color.jpg 0.19605746555171144 0.34777512419448686 0.8187362617340201 -0.41265586984162883 0.4017823052654556 1.4094957869841143 0.018968782422573976
data/frame-000240.color.jpg 0.2029406466590983 0.36416219951435785 0.8093177766066453 -0.4137701328599351 0.4495060569461978 1.4072758486495167 0.018769366691124428
data/frame-000241.color.jpg 0.21157880268574833 0.3801326140939496 0.7985150411203976 -0.416061696219028 0.4936485036150046 1.3981265553999849 0.016221353430350312
data/frame-000242.color.jpg 0.22796954849699913 0.39766072599239194 0.7854696794462537 -0.41585239524605094 0.530326356054368 1.3907726958639268 0.01820938948286267
data/frame-000243.color.jpg 0.2421578092860262 0.41470818349163063 0.7743845236179391 -0.4119530647147579 0.5619916246353468 1.385662624379596 0.03132720106476453
data/frame-000244.color.jpg 0.25197585062545946 0.4253404904960716 0.7681779034277368 -0.40681242180089067 0.5792238536034087 1.3820667754875595 0.04751688808675244
data/frame-000245.color.jpg 0.2688805039477769 0.4434128145803287 0.7499436942665334 -0.41069794970586987 0.6212719436132 1.3729232691331934 0.03987401901263794
data/frame-000246.color.jpg 0.27547906576896086 0.4489623619053008 0.7412953606234741 -0.4159630635448146 0.6426460191182778 1.3660988185857896 0.02656707959087449
data/frame-000247.color.jpg 0.2858351174211748 0.4509222841261289 0.7319903713712026 -0.42326997950143663 0.6575237035050542 1.362938379553158 0.0028449190244455706
data/frame-000248.color.jpg 0.3660099127431018 0.45846272854268794 0.6648614360123293 -0.46239370801796553 0.7494666057029724 1.3581597524471498 -0.16015055636068687
data/frame-000249.color.jpg 0.35830116523814154 0.45332257160434064 0.6555703561223931 -0.486154737955496 0.7735349045169181 1.3300846954251717 -0.22868578109598084
data/frame-000250.color.jpg 0.33934511135230194 0.45741276055771796 0.6516394321726395 -0.5009835449572986 0.8200852820525819 1.3122018366934296 -0.25700463309684407
data/frame-000251.color.jpg 0.32730722783674293 0.4541837521059309 0.6564701846733362 -0.5056026053767533 0.8284423510714775 1.3051521968536075 -0.27209718443278835
data/frame-000252.color.jpg 0.32395046307482706 0.4501703840062949 0.6607724553814445 -0.5057494291113023 0.8126037948203851 1.3063780656444726 -0.2794189431099832
data/frame-000253.color.jpg 0.3218640744108732 0.4442854075575303 0.6616008220680901 -0.5111734993853828 0.8024609979473916 1.3068195228658368 -0.3017174266518036
data/frame-000254.color.jpg 0.32320948305872543 0.4381711544611548 0.6646774496755626 -0.5116107478854215 0.7849409646175058 1.3107624674882605 -0.30706346521660083
data/frame-000255.color.jpg 0.3193583490342768 0.4343670275731199 0.6681468386668074 -0.5127527008597275 0.7775316756352068 1.3101883788329363 -0.31092553688537083
data/frame-000256.color.jpg 0.3199118458826953 0.4327226551799367 0.668075357570666 -0.513889901792962 0.7726843799646712 1.3072118161415944 -0.31520427835325987
data/frame-000257.color.jpg 0.3178473676884576 0.4317636615641151 0.6702217602041864 -0.5131822128202316 0.761205230702114 1.3063764007680942 -0.3146059544113203
data/frame-000258.color.jpg 0.31715644898559775 0.4278770804877899 0.6680549285376943 -0.5196495004487048 0.7498553095876069 1.297056240716629 -0.3372104091289601
data/frame-000259.color.jpg 0.3216511422413022 0.4265769893646348 0.6682947601564171 -0.5176434375001271 0.7358178182821575 1.302197247633849 -0.3364476991159237
data/frame-000260.color.jpg 0.3246845652837879 0.42979252968958 0.6670912809052476 -0.5146334010047393 0.7359347667238688 1.3045809295656732 -0.32693692639789784
data/frame-000261.color.jpg 0.3244334696628305 0.43254914503682634 0.6654268764560395 -0.5146369914613664 0.732781222509474 1.2987013136527685 -0.32447270369608283
data/frame-000262.color.jpg 0.32287151786806995 0.43598695123746256 0.6649785704026712 -0.5132960765537284 0.7275625298532273 1.2957079943943857 -0.31405903583395745
data/frame-000263.color.jpg 0.3234364340502107 0.43928190649024945 0.6643236348487969 -0.5109739601393182 0.7215876340245748 1.2954673364543337 -0.30128258476342623
data/frame-000264.color.jpg 0.32398856164317524 0.4404998622926953 0.6630707037546566 -0.5112030174664544 0.7149835070246648 1.292407367415946 -0.29650823090534306
data/frame-000265.color.jpg 0.3233480418180154 0.4447942139182635 0.6623202124871883 -0.5088576296452817 0.7068260422785976 1.289059963248151 -0.27884645597382524
data/frame-000266.color.jpg 0.32128719138111284 0.44713463220867017 0.6629399188085938 -0.5073024988940118 0.6977383394423027 1.287474938155044 -0.26792912194812757
data/frame-000267.color.jpg 0.3157698456725537 0.45215201035749114 0.6606309199564127 -0.5093277448668527 0.6942413209229631 1.2800250874905006 -0.2616451208254782
data/frame-000268.color.jpg 0.3169062532335112 0.4557832189779188 0.662909015464198 -0.502378065978116 0.6772911711248295 1.2849343812351746 -0.23656926966612263
data/frame-000269.color.jpg 0.3147805329509904 0.4562201333341399 0.6652067678065537 -0.5002762857462136 0.6563772158162314 1.2864419721581526 -0.2274411471764197
data/frame-000270.color.jpg 0.30922056188221214 0.4513974180644124 0.6668488149768612 -0.5059008529721876 0.6324096560164035 1.282881734118163 -0.24459642204350082
data/frame-000271.color.jpg 0.31104712835794446 0.44394334058326174 0.6678832996430634 -0.5099959728762031 0.6003762263644147 1.2838409737022618 -0.26653240693192365
data/frame-000272.color.jpg 0.3101052991732256 0.4401719179175486 0.6730846872894628 -0.5069915086447871 0.5653881742394924 1.2919819699958948 -0.2628129655239222
data/frame-000273.color.jpg 0.31084061034605476 0.43898936761732027 0.6701013962332502 -0.5114983566394782 0.546796075997688 1.2904051255652669 -0.28041152135172936
data/frame-000274.color.jpg 0.31288919553448313 0.44287436681631037 0.6641904844451065 -0.514600473092875 0.5448189321374581 1.2859786311697967 -0.2896581242523408
data/frame-000275.color.jpg 0.31940892895096273 0.4510719076290645 0.6552497539901578 -0.5149367244138969 0.544367902908803 1.280127412306317 -0.2996269420381114
data/frame-000276.color.jpg 0.3217851651475975 0.45464496575533264 0.6498061927752771 -0.5172080572024816 0.5413800190456115 1.2764075791848142 -0.3092046987108796
data/frame-000277.color.jpg 0.319209106153719 0.46066522575374724 0.6467027129414917 -0.5173670818711876 0.5435944580602495 1.2764864489239318 -0.3076597307427243
data/frame-000278.color.jpg 0.3185684120705706 0.46063225674589003 0.6433327499925515 -0.5219722824662677 0.5419604009637491 1.2736524807366232 -0.3206906936293129
data/frame-000279.color.jpg 0.3213311342452381 0.4598809350603614 0.6375029947170675 -0.5280584810979252 0.5377457094693214 1.2654078935277038 -0.34322636384911
data/frame-000280.color.jpg 0.33215523210451253 0.46233309549855256 0.6265664881353263 -0.5322926324288993 0.5431066404665604 1.261365029467245 -0.3649724953826291
data/frame-000281.color.jpg 0.3400569391427088 0.46528085012552906 0.6202630453341353 -0.5321172457646728 0.5400171224806062 1.259991620206498 -0.37407373301047203
data/frame-000282.color.jpg 0.3518263657352316 0.4711134817417536 0.6137620103984419 -0.5268457936496836 0.5379037412153154 1.2673120644262392 -0.3710340368365163
data/frame-000283.color.jpg 0.3516521614074538 0.4764437972752224 0.6190333975611966 -0.5158873114540364 0.5182252617315145 1.2888703986953 -0.3396317067691893
data/frame-000284.color.jpg 0.3576692054106044 0.48244239571302666 0.6243300359181262 -0.499533863286658 0.4902889186810438 1.3045093306549165 -0.3028254006871016
data/frame-000285.color.jpg 0.36831627566865704 0.4886615675201867 0.6256103649931506 -0.48390563617240523 0.4643641874187994 1.325517876687344 -0.27006106022666326
data/frame-000286.color.jpg 0.37127145196301126 0.4960932778423624 0.6262731569290138 -0.4731077060744894 0.4544784477579668 1.3351680874665435 -0.2412891828568377
data/frame-000287.color.jpg 0.3726713068631675 0.5098145410934158 0.627413438603546 -0.4555849073337306 0.450967677652249 1.3452764781258995 -0.19173180138194781
data/frame-000288.color.jpg 0.3689427888311281 0.5204571402974582 0.6290017436765846 -0.44425487069329594 0.4492822360559009 1.3450339011848496 -0.15585709058143307
data/frame-000289.color.jpg 0.361755622970055 0.5350319730023037 0.6360089430190241 -0.422334324338709 0.4397418054669657 1.3472837095215555 -0.08841836510213953
data/frame-000290.color.jpg 0.34612839475414603 0.5525423660271855 0.6459622093351183 -0.39702001486183386 0.43593398011639845 1.3384503303751532 -0.002033902822382852
data/frame-000291.color.jpg 0.33973358046277397 0.5650891919396783 0.6501215004410509 -0.37762062195168933 0.43145646945855953 1.3267649667935781 0.05391874658245852
data/frame-000292.color.jpg 0.33259342723202023 0.5765966944461167 0.6549745822640327 -0.3576676679599734 0.42167159101115886 1.316674858033752 0.10674681282187219
data/frame-000293.color.jpg 0.3287130286733634 0.5855796225409782 0.6550066294581018 -0.3464254116127839 0.4214117248497999 1.3071133455202992 0.13843625031363435
data/frame-000294.color.jpg 0.31996142534399175 0.5932289750780158 0.6569340102895258 -0.33784874654887975 0.42422728121357534 1.2945688067580767 0.17219445673799313
data/frame-000295.color.jpg 0.3172183146882077 0.5982994129624525 0.6595584975927589 -0.3261793088599294 0.4138017591494978 1.2860456260917186 0.20739878997825334
data/frame-000296.color.jpg 0.31604610608299466 0.6057241826387787 0.6594411748378781 -0.3136086898107229 0.408876999277017 1.2725873624150874 0.24268335698562027
data/frame-000297.color.jpg 0.31439319005428734 0.6138000255475885 0.6580796690944604 -0.30222111079438885 0.405802117912327 1.2563410334681346 0.27350540845299265
data/frame-000298.color.jpg 0.3057029917777698 0.6220753906674727 0.6568142287718576 -0.2969224781434743 0.41480430651291444 1.2389193870445667 0.2984122903860589
data/frame-000299.color.jpg 0.2972993862053352 0.6277749386704423 0.6592046370173213 -0.288029421889699 0.4141545324721538 1.2228463231181046 0.32678645420353153
data/frame-000300.color.jpg 0.2920335686588429 0.6357528309962025 0.6588645063914798 -0.2764639124265713 0.4139447350992872 1.2061169534744207 0.3565318906741346
data/frame-000301.color.jpg 0.28241589703269454 0.6482588199969578 0.6570919126127747 -0.26121252224626645 0.4243388446063337 1.1821205986769432 0.39866713133560794
data/frame-000302.color.jpg 0.27626573143336897 0.6648640672277225 0.6462470017013793 -0.25297792499934413 0.45945030903786555 1.1538818305416847 0.42281519419381636
data/frame-000303.color.jpg 0.2743863544277805 0.6807717454547357 0.6338262856944157 -0.243979914454378 0.49254645900749133 1.129302457318992 0.4478893519275758
data/frame-000304.color.jpg 0.2612055829003186 0.702703931877425 0.6175696890110681 -0.2378791853031388 0.5509040743395645 1.0821923945719427 0.4826954065709919
data/frame-000305.color.jpg 0.25336143778112935 0.7202299722873277 0.6056630909830163 -0.22416286285951245 0.5779188859031889 1.0377717294794475 0.5247229799725279
data/frame-000306.color.jpg 0.24853361530570206 0.7289829013475193 0.6001556025578029 -0.2159356948827831 0.5838207401510848 1.0134512977369885 0.550050639329309
data/frame-000307.color.jpg 0.24337855148607135 0.7391597818286748 0.5964090615425564 -0.19673822433237073 0.570806065916301 0.9762225468735494 0.5888268796931493
data/frame-000308.color.jpg 0.23591621974143606 0.7428472454632615 0.598568380307568 -0.18503351390094197 0.560397976535182 0.9597482297841352 0.6076983184647162
data/frame-000309.color.jpg 0.22595878896551086 0.7349453447487612 0.6102352856333509 -0.1908163045689395 0.5427072213689293 0.9707487704266377 0.5943985539411453
data/frame-000310.color.jpg 0.21969016407669084 0.7178336866971278 0.6327806327149076 -0.18984125187031445 0.4792817948675533 0.9934077454333345 0.5878491700345236
data/frame-000311.color.jpg 0.22345146242383598 0.6846265174264928 0.6577097732913627 -0.22084797869608405 0.38292312649333976 1.0413936001594652 0.5180958228469087
data/frame-000312.color.jpg 0.20789361326536668 0.6671095825574845 0.6739508801241717 -0.23986509042231 0.3577111128547949 1.0415324350871926 0.502579476254273
data/frame-000313.color.jpg 0.20409902593172488 0.6587946634340294 0.6792557734493601 -0.25088796958060305 0.3458045582413999 1.0479726150144366 0.4979759084015397
data/frame-000314.color.jpg 0.20176702737017055 0.6588760038950866 0.6781138632053559 -0.2556052947146344 0.3301386678744856 1.0493834799367239 0.5071573867312241
data/frame-000315.color.jpg 0.20075893513233045 0.6596893030415362 0.6772704153198018 -0.25653588043322206 0.30949791213912176 1.0482982271505399 0.513113799012136
data/frame-000316.color.jpg 0.2013857633944562 0.6605791885561524 0.6755382956372626 -0.2583155455562628 0.2953236307758161 1.0461586801154166 0.5178815635171072
data/frame-000317.color.jpg 0.19857025544057658 0.6628922817726324 0.6733777885538147 -0.2602038245355186 0.28482643372432465 1.0406501040768514 0.5281084440875969
data/frame-000318.color.jpg 0.20041810829937914 0.6653781884811407 0.6705301432348759 -0.25979564117334647 0.26987702100013594 1.0393517501431935 0.5358393481047851
data/frame-000319.color.jpg 0.20270099802824662 0.6719307348673139 0.6640588327080728 -0.25777365971219135 0.2595241337762845 1.0396818166162578 0.5410319098857681
data/frame-000320.color.jpg 0.20700522087940487 0.6847905100605195 0.6507412193061665 -0.25445365266713055 0.25916583996254833 1.0398350451536862 0.5432105962397592
data/frame-000321.color.jpg 0.21042486359227922 0.6957645386600555 0.6407972723136397 -0.2470059499702993 0.2543649670805133 1.0376940946040147 0.5504928555650338
data/frame-000322.color.jpg 0.21839041750447571 0.7057468044992007 0.6299747876291513 -0.23949705725330708 0.2452564400551073 1.0427562101942813 0.548821065605747
data/frame-000323.color.jpg 0.23476936177431754 0.7123892317316997 0.6175471494273325 -0.23668639065010774 0.23491980255704223 1.0582597170397199 0.5299739981399725
data/frame-000324.color.jpg 0.24234515250011543 0.7217088969341294 0.6057531504815961 -0.23123195243615982 0.23283137630384665 1.0670555388845522 0.5280526077371493
data/frame-000325.color.jpg 0.24391606011214956 0.7293850165274196 0.5974572165837029 -0.2270403656549111 0.2369921742600467 1.0676367724396394 0.5301167198674889
data/frame-000326.color.jpg 0.24710655834286183 0.7426482088716293 0.5818184933378874 -0.22113169717102357 0.24268373706967025 1.0720759716606116 0.5280593637011985
data/frame-000327.color.jpg 0.25699322778430433 0.7552509731729125 0.5621403599843436 -0.21805656163263248 0.25308018986268205 1.0808196271116939 0.5149407318640321
data/frame-000328.color.jpg 0.2629181229337299 0.7659161241624999 0.547621638142522 -0.21061123621259828 0.25463863372909196 1.08306356127245 0.5140158221524965
data/frame-000329.color.jpg 0.2751655850508764 0.7712595151655733 0.5338144187254152 -0.21091426559391693 0.2542938406861129 1.0997423687604369 0.48872606814978925
data/frame-000330.color.jpg 0.290375878095661 0.7721360536828884 0.5221884455145951 -0.21634923479005055 0.2533517662367158 1.123059178276517 0.45532937668362855
data/frame-000331.color.jpg 0.3034004940739288 0.7732678951647804 0.5110695376345471 -0.2209362582401005 0.25889613324970473 1.1426796381456668 0.42551349684254314
data/frame-000332.color.jpg 0.3149806058624806 0.771655656439654 0.5050876350146166 -0.2241009744970634 0.25388910324815167 1.1572376772722068 0.3946644521998967
data/frame-000333.color.jpg 0.32046537136208475 0.7687925903596416 0.5041408776957713 -0.22825834968738956 0.24720423880179573 1.1693072855074569 0.3750553918282301
data/frame-000334.color.jpg 0.3293415340593543 0.7649732687606001 0.5023376001102418 -0.23239403507972634 0.23904777859325993 1.1870189094360246 0.34972828222165164
data/frame-000335.color.jpg 0.33972384601813244 0.7583643339156084 0.5031440067878246 -0.23731277657319147 0.2236058506794537 1.2044233505990203 0.32135193811102625
data/frame-000336.color.jpg 0.3509248680029544 0.7515323700684928 0.5038205932432683 -0.24127918182127636 0.20776024045930366 1.2215177552596896 0.29297141304092256
data/frame-000337.color.jpg 0.36053466497234177 0.7483405923926928 0.4992293709797234 -0.24651804859243873 0.20847205482241232 1.2364873100894098 0.26748336394839745
data/frame-000338.color.jpg 0.371081517354425 0.7465507520569661 0.49194244114723384 -0.2509045967678098 0.21066731913230924 1.2468921775860722 0.24113700773899968
data/frame-000339.color.jpg 0.3833425368793947 0.7447619190111493 0.48458925645993783 -0.2520941013457187 0.20459584507872092 1.256242912523469 0.2178997193805444
data/frame-000340.color.jpg 0.38835823151902715 0.7471422515382998 0.47854812746243447 -0.24889361116728517 0.20525994725737737 1.2584801631531841 0.21822170734715363
data/frame-000341.color.jpg 0.3818217067483262 0.7554166540252379 0.47261247298074 -0.24534733228657302 0.22010477758544147 1.2525744349981123 0.2424462372852232
data/frame-000342.color.jpg 0.3835352417923043 0.7606534827955033 0.46031146570085013 -0.2498406531346022 0.2466220381915205 1.2499924203096602 0.2357916834204963
data/frame-000343.color.jpg 0.386267911620115 0.7608116956438447 0.4617884586565878 -0.24230989182397478 0.230128785266673 1.2529013049207431 0.24278654682718842
data/frame-000344.color.jpg 0.3942222940013066 0.7582878072076398 0.45644360080315594 -0.24748257239334195 0.23438433132659667 1.2622270372053042 0.2191086470973266
data/frame-000345.color.jpg 0.3999631220349976 0.7550341445385278 0.4543841016893244 -0.2519683109539316 0.232672492291751 1.269828233490956 0.2005363991355509
data/frame-000346.color.jpg 0.40440970562252415 0.7544102270680331 0.4536253584440899 -0.24807666853199495 0.22153754608736145 1.2745128670110515 0.19758914271182118
data/frame-000347.color.jpg 0.4050064370600762 0.7559087386988442 0.4551198650870796 -0.23966158036227408 0.20299805051625147 1.27365079233846 0.20634391295696058
data/frame-000348.color.jpg 0.4052927838521546 0.7588114127089299 0.4548874091955789 -0.2302616864686409 0.18762071312991804 1.2700044058408226 0.21684636857664824
data/frame-000349.color.jpg 0.4020892176633939 0.7618601301052382 0.4565740833452305 -0.2223364783663084 0.1742999650578582 1.2644767906285277 0.2318561036554069
data/frame-000350.color.jpg 0.4002198627052436 0.7652982280927364 0.4549122151957604 -0.2172499943383182 0.17189930844385526 1.2586833129900135 0.24038563117616682
data/frame-000351.color.jpg 0.39163051182951997 0.7686582553737881 0.4605559779499949 -0.20899334875635814 0.15635471162818187 1.2478869189794122 0.26581978300086917
data/frame-000352.color.jpg 0.3841936726442093 0.771682685803802 0.4647360246462945 -0.20229058734094302 0.14644579956416628 1.2377092621973658 0.2830908717728636
data/frame-000353.color.jpg 0.37943222264707044 0.773318444911443 0.4692364486955092 -0.1944914558341291 0.12983874555326388 1.2319446670703538 0.29938100850007104
data/frame-000354.color.jpg 0.37851675317491773 0.7769703051197888 0.4659847758745667 -0.1894740118884661 0.12690880460581735 1.2267175228832277 0.30207659128110714
data/frame-000355.color.jpg 0.37756836639043173 0.7814390161163576 0.4592916324678546 -0.18933142670294725 0.13697669279646402 1.2229462974503433 0.30307639699719063
data/frame-000356.color.jpg 0.37578869751717253 0.7857630981222988 0.45576225158515704 -0.1834120456175701 0.13479702069590865 1.2133274374208323 0.31489149332745653
data/frame-000357.color.jpg 0.37204947944099775 0.7888316081926912 0.4529784462448558 -0.1847549891110152 0.1427783072610731 1.2063079366430074 0.3200180018866556
data/frame-000358.color.jpg 0.36785897468753315 0.7945346489724777 0.44161240628859516 -0.19589014507119906 0.18166504646334788 1.2028226092710141 0.314786935160867
