data/frame-000000.color.jpg 0.0257119 -0.00617109 0.945273 -0.325209 -0.481852 4.48617 -1.91797
data/frame-000001.color.jpg 0.0271699 -0.00619691 0.944697 -0.326757 -0.488437 4.47422 -1.93894
data/frame-000002.color.jpg 0.0170005 -0.0106805 0.946216 -0.322913 -0.548862 4.49162 -1.89604
data/frame-000003.color.jpg 0.0138602 -0.0144096 0.946958 -0.320735 -0.586548 4.49722 -1.8708
data/frame-000004.color.jpg 0.010353 -0.0163737 0.947732 -0.318478 -0.608542 4.50252 -1.8458
data/frame-000005.color.jpg 0.0093602 -0.0191241 0.949049 -0.314408 -0.640782 4.51648 -1.80449
data/frame-000006.color.jpg 0.0129687 -0.0166288 0.950293 -0.310643 -0.611625 4.53158 -1.77495
data/frame-000007.color.jpg 0.0112763 -0.0164618 0.950206 -0.310982 -0.615415 4.53027 -1.77704
data/frame-000008.color.jpg 0.0122343 -0.0170129 0.950303 -0.310622 -0.617416 4.52865 -1.77344
data/frame-000009.color.jpg 0.0121142 -0.0167341 0.94963 -0.312693 -0.613611 4.5163 -1.79113
data/frame-000010.color.jpg 0.010579 -0.0191208 0.950924 -0.308652 -0.639264 4.53603 -1.75567
data/frame-000011.color.jpg 0.0115831 -0.0199698 0.952081 -0.304975 -0.643539 4.55081 -1.72229
data/frame-000012.color.jpg 0.00962981 -0.0210191 0.951931 -0.305438 -0.649349 4.5416 -1.72319
data/frame-000013.color.jpg 0.00683594 -0.027544 0.952325 -0.303763 -0.706083 4.53664 -1.70088
data/frame-000014.color.jpg 0.0065297 -0.0321634 0.952561 -0.302572 -0.749649 4.52897 -1.68785
data/frame-000015.color.jpg -0.00111464 -0.038566 0.951932 -0.303869 -0.809582 4.51537 -1.68579
data/frame-000016.color.jpg -0.00398846 -0.0498283 0.951672 -0.303022 -0.906956 4.49585 -1.66593
data/frame-000017.color.jpg -0.00774234 -0.068561 0.951104 -0.301065 -1.07421 4.45929 -1.62851
data/frame-000018.color.jpg -0.014255 -0.0876377 0.949561 -0.30075 -1.23382 4.41046 -1.60193
data/frame-000019.color.jpg -0.0203936 -0.103476 0.948018 -0.300231 -1.3677 4.36782 -1.57175
data/frame-000020.color.jpg -0.0287382 -0.120143 0.946627 -0.297721 -1.50832 4.32957 -1.51339
data/frame-000021.color.jpg -0.0332673 -0.142124 0.945289 -0.291758 -1.69267 4.29132 -1.42646
data/frame-000022.color.jpg -0.0551291 -0.171697 0.933411 -0.310202 -1.95165 4.12458 -1.50454
data/frame-000023.color.jpg -0.0614932 -0.179916 0.93372 -0.303342 -2.01399 4.12422 -1.412
data/frame-000024.color.jpg -0.0664685 -0.210049 0.924077 -0.312318 -2.2655 3.97368 -1.42916
data/frame-000025.color.jpg -0.0684336 -0.221261 0.917709 -0.322755 -2.35108 3.88873 -1.49495
data/frame-000026.color.jpg -0.0795234 -0.221383 0.915192 -0.327244 -2.34384 3.8882 -1.49159
data/frame-000027.color.jpg -0.0937087 -0.253531 0.901326 -0.338455 -2.60602 3.72078 -1.48918
data/frame-000028.color.jpg -0.105561 -0.293888 0.884512 -0.346592 -2.93599 3.50406 -1.45707
data/frame-000029.color.jpg -0.121626 -0.330888 0.864764 -0.357636 -3.21388 3.28128 -1.42161
data/frame-000030.color.jpg -0.118904 -0.338603 0.859665 -0.363573 -3.24519 3.2324 -1.47302
data/frame-000031.color.jpg -0.110797 -0.330474 0.861931 -0.368221 -3.12813 3.27877 -1.57039
data/frame-000032.color.jpg -0.110729 -0.318822 0.863743 -0.374219 -3.01214 3.3323 -1.65493
data/frame-000033.color.jpg -0.122405 -0.309535 0.868707 -0.366815 -2.93874 3.41664 -1.58936
data/frame-000034.color.jpg -0.131378 -0.293815 0.876156 -0.358835 -2.82545 3.52318 -1.51858
data/frame-000035.color.jpg -0.129349 -0.304786 0.877663 -0.346529 -2.9535 3.45508 -1.33942
data/frame-000036.color.jpg -0.126041 -0.312535 0.878678 -0.338173 -3.04057 3.38893 -1.22546
data/frame-000037.color.jpg -0.130966 -0.32249 0.879237 -0.325256 -3.13994 3.33483 -1.03543
data/frame-000038.color.jpg -0.120371 -0.322895 0.879107 -0.329272 -3.16571 3.27897 -1.07217
data/frame-000039.color.jpg -0.102776 -0.305309 0.886871 -0.331184 -3.05643 3.33218 -1.17288
data/frame-000040.color.jpg -0.0811646 -0.269617 0.898032 -0.33802 -2.80913 3.44692 -1.35891
data/frame-000041.color.jpg -0.0668307 -0.247728 0.906349 -0.335702 -2.6558 3.5354 -1.40746
data/frame-000042.color.jpg -0.0613604 -0.246091 0.909373 -0.329719 -2.67165 3.51298 -1.37223
data/frame-000043.color.jpg -0.0541997 -0.271266 0.906927 -0.317743 -2.88136 3.3721 -1.26766
data/frame-000044.color.jpg -0.0615714 -0.31572 0.889134 -0.325532 -3.19612 3.02295 -1.26841
data/frame-000045.color.jpg -0.0710421 -0.342116 0.873144 -0.339896 -3.37481 2.76946 -1.30894
data/frame-000046.color.jpg -0.100436 -0.386612 0.850158 -0.343039 -3.65833 2.40831 -1.13097
data/frame-000047.color.jpg -0.126357 -0.383579 0.849671 -0.339057 -3.6589 2.43444 -1.02837
data/frame-000048.color.jpg -0.158339 -0.385468 0.849087 -0.324644 -3.65659 2.47151 -0.812128
data/frame-000049.color.jpg -0.202046 -0.403487 0.839508 -0.302659 -3.71764 2.43959 -0.419902
data/frame-000050.color.jpg -0.218968 -0.429646 0.834216 -0.267471 -3.7842 2.31806 -0.031572
data/frame-000051.color.jpg -0.215973 -0.43526 0.837303 -0.250655 -3.76576 2.29756 0.0813303
data/frame-000052.color.jpg -0.229485 -0.429238 0.846341 -0.216329 -3.63393 2.4179 0.36736
data/frame-000053.color.jpg -0.209282 -0.46274 0.834532 -0.213608 -3.77561 2.09293 0.413749
data/frame-000054.color.jpg -0.212013 -0.495596 0.81792 -0.201103 -3.85345 1.80344 0.624307
data/frame-000055.color.jpg -0.226009 -0.52922 0.797662 -0.180504 -3.87299 1.52111 0.935179
data/frame-000056.color.jpg -0.226606 -0.582406 0.762372 -0.168056 -3.92207 1.00786 1.17873
data/frame-000057.color.jpg -0.221522 -0.595275 0.755476 -0.160725 -3.91899 0.878143 1.23172
data/frame-000058.color.jpg -0.219179 -0.616766 0.740131 -0.154163 -3.90525 0.655684 1.32355
data/frame-000059.color.jpg -0.221683 -0.644616 0.718897 -0.136066 -3.83842 0.375558 1.51471
data/frame-000060.color.jpg -0.218624 -0.672137 0.69533 -0.1302 -3.78676 0.0967426 1.61258
data/frame-000061.color.jpg -0.225433 -0.675004 0.688011 -0.14209 -3.77625 0.0960442 1.62328
data/frame-000062.color.jpg 0.234287 0.687785 -0.671912 0.14351 -3.71214 -0.0106694 1.74224
data/frame-000063.color.jpg 0.22936 0.691501 -0.668164 0.150921 -3.72991 -0.045178 1.7177
data/frame-000064.color.jpg 0.227441 0.689375 -0.671027 0.150853 -3.73057 0.0116779 1.73525
data/frame-000065.color.jpg 0.216203 0.685396 -0.681191 0.139522 -3.7473 0.0855682 1.75413
data/frame-000066.color.jpg -0.198759 -0.685523 0.686442 -0.139106 -3.8089 0.0808832 1.68834
data/frame-000067.color.jpg 0.205353 0.687966 -0.683407 0.13224 -3.77969 0.106144 1.78996
data/frame-000068.color.jpg 0.206462 0.690408 -0.679151 0.139518 -3.79057 0.12028 1.77576
data/frame-000069.color.jpg 0.207009 0.685047 -0.682434 0.1488 -3.811 0.268634 1.6979
data/frame-000070.color.jpg -0.200111 -0.675117 0.695957 -0.140775 -3.80634 0.421207 1.65705
data/frame-000071.color.jpg -0.19352 -0.663776 0.706525 -0.150911 -3.83736 0.570735 1.52265
data/frame-000072.color.jpg -0.186454 -0.650139 0.718857 -0.16062 -3.85275 0.74215 1.37989
data/frame-000073.color.jpg -0.182799 -0.64135 0.729526 -0.151811 -3.83146 0.86421 1.37448
data/frame-000074.color.jpg -0.176016 -0.62563 0.743622 -0.156943 -3.82386 1.04059 1.25755
data/frame-000075.color.jpg -0.170965 -0.608951 0.757908 -0.159765 -3.80998 1.21583 1.16741
data/frame-000076.color.jpg -0.171986 -0.611221 0.756921 -0.154595 -3.84118 1.22231 1.19414
data/frame-000077.color.jpg -0.179278 -0.617257 0.749606 -0.15794 -3.89168 1.20164 1.21793
data/frame-000078.color.jpg -0.181281 -0.630957 0.738051 -0.155921 -3.97012 1.08454 1.26287
data/frame-000079.color.jpg -0.17138 -0.634071 0.73762 -0.156523 -4.04904 1.05452 1.19507
data/frame-000080.color.jpg -0.166514 -0.624512 0.748633 -0.147672 -4.06031 1.1938 1.18076
data/frame-000081.color.jpg -0.160387 -0.61273 0.759947 -0.146009 -4.07787 1.34556 1.11518
data/frame-000082.color.jpg -0.144954 -0.588463 0.77802 -0.165485 -4.11253 1.60522 0.824699
data/frame-000083.color.jpg -0.133369 -0.561105 0.798591 -0.172123 -4.08101 1.90975 0.640902
data/frame-000084.color.jpg -0.125865 -0.532727 0.818167 -0.175962 -3.99596 2.2093 0.504666
data/frame-000085.color.jpg -0.123247 -0.513029 0.827772 -0.190799 -3.94156 2.39045 0.322305
data/frame-000086.color.jpg -0.112034 -0.482224 0.845769 -0.198954 -3.80991 2.67553 0.133602
data/frame-000087.color.jpg -0.109194 -0.455376 0.859546 -0.204671 -3.6784 2.91945 0.00235712
data/frame-000088.color.jpg -0.106254 -0.445846 0.865087 -0.203856 -3.63888 3.01009 -0.0372595
data/frame-000089.color.jpg -0.104363 -0.435808 0.87132 -0.199953 -3.60511 3.12287 -0.0492528
data/frame-000090.color.jpg -0.10702 -0.440903 0.869766 -0.194057 -3.67987 3.12291 0.0126541
data/frame-000091.color.jpg -0.112614 -0.459408 0.858892 -0.196386 -3.85743 2.99658 0.0487048
data/frame-000092.color.jpg -0.123519 -0.475534 0.848377 -0.197146 -4.04516 2.88659 0.0999938
data/frame-000093.color.jpg -0.118499 -0.478211 0.845299 -0.206742 -4.12911 2.8683 -0.0126421
data/frame-000094.color.jpg -0.11499 -0.481278 0.843056 -0.210727 -4.16374 2.85048 -0.0669434
data/frame-000095.color.jpg -0.114987 -0.486443 0.841194 -0.206261 -4.1926 2.85573 -0.0309149
data/frame-000096.color.jpg -0.120325 -0.48425 0.838584 -0.218632 -4.18836 2.88662 -0.132418
data/frame-000097.color.jpg -0.123632 -0.48572 0.834147 -0.230197 -4.21207 2.87655 -0.228838
data/frame-000098.color.jpg -0.127167 -0.485554 0.831601 -0.237708 -4.22326 2.89251 -0.289361
data/frame-000099.color.jpg -0.132312 -0.485802 0.827212 -0.249421 -4.23914 2.87074 -0.373885
data/frame-000100.color.jpg -0.136376 -0.489993 0.818331 -0.26766 -4.29129 2.78887 -0.507267
data/frame-000101.color.jpg -0.132857 -0.496033 0.810867 -0.280703 -4.33694 2.68714 -0.616968
data/frame-000102.color.jpg -0.135589 -0.504465 0.799343 -0.296953 -4.40061 2.54615 -0.713424
data/frame-000103.color.jpg -0.140477 -0.507235 0.795369 -0.30061 -4.41163 2.50835 -0.708408
data/frame-000104.color.jpg -0.146561 -0.512779 0.789636 -0.303403 -4.43351 2.44477 -0.677768
data/frame-000105.color.jpg -0.146582 -0.524844 0.786548 -0.290506 -4.4798 2.37861 -0.525714
data/frame-000106.color.jpg -0.145793 -0.531977 0.781744 -0.290898 -4.51118 2.30365 -0.502396
data/frame-000107.color.jpg -0.146531 -0.540677 0.776084 -0.289637 -4.53883 2.21097 -0.452277
data/frame-000108.color.jpg -0.145734 -0.559832 0.767964 -0.274922 -4.59479 2.04642 -0.271364
data/frame-000109.color.jpg -0.146816 -0.572852 0.76236 -0.262856 -4.62574 1.94261 -0.122218
data/frame-000110.color.jpg -0.14942 -0.589154 0.75317 -0.251608 -4.66459 1.79306 0.0331173
data/frame-000111.color.jpg -0.146756 -0.595242 0.750751 -0.246016 -4.67549 1.73201 0.0857721
data/frame-000112.color.jpg -0.149562 -0.600847 0.74824 -0.238226 -4.67892 1.68857 0.179977
data/frame-000113.color.jpg -0.150042 -0.606632 0.744523 -0.234884 -4.6839 1.63141 0.228269
data/frame-000114.color.jpg -0.153708 -0.618806 0.735556 -0.228933 -4.69962 1.5099 0.333068
data/frame-000115.color.jpg -0.158345 -0.627812 0.728574 -0.223515 -4.6983 1.42074 0.426297
data/frame-000116.color.jpg -0.161919 -0.634599 0.723794 -0.217228 -4.69124 1.36455 0.515581
data/frame-000117.color.jpg -0.163048 -0.64047 0.719145 -0.214579 -4.69381 1.30279 0.560262
data/frame-000118.color.jpg -0.166117 -0.644564 0.716498 -0.208741 -4.67945 1.27136 0.632968
data/frame-000119.color.jpg -0.167172 -0.651108 0.711109 -0.206002 -4.66931 1.19491 0.678749
data/frame-000120.color.jpg -0.169506 -0.654624 0.708193 -0.202972 -4.65719 1.16739 0.727822
data/frame-000121.color.jpg -0.178152 -0.660919 0.699812 -0.204232 -4.63099 1.10304 0.791809
data/frame-000122.color.jpg -0.183274 -0.661738 0.698345 -0.202061 -4.59531 1.10258 0.839325
data/frame-000123.color.jpg -0.182799 -0.662443 0.697322 -0.203707 -4.57895 1.08508 0.834362
data/frame-000124.color.jpg -0.185273 -0.665052 0.694709 -0.201889 -4.55801 1.05087 0.873639
data/frame-000125.color.jpg -0.188098 -0.66924 0.691687 -0.195721 -4.51654 1.00114 0.959604
data/frame-000126.color.jpg -0.190964 -0.66213 0.701131 -0.183117 -4.42801 1.08196 1.05938
data/frame-000127.color.jpg -0.172708 -0.65647 0.713202 -0.174821 -4.38236 1.10366 1.0141
data/frame-000128.color.jpg -0.165156 -0.663719 0.708979 -0.171897 -4.35883 0.99956 1.03118
data/frame-000129.color.jpg -0.168596 -0.668806 0.701906 -0.177769 -4.33596 0.939011 1.03737
data/frame-000130.color.jpg -0.180869 -0.675064 0.691664 -0.182145 -4.27706 0.87904 1.10704
data/frame-000131.color.jpg -0.179361 -0.682604 0.685977 -0.176963 -4.23239 0.794144 1.15342
data/frame-000132.color.jpg 0.174414 0.689115 -0.683989 0.163885 -4.16 0.737252 1.22065
data/frame-000133.color.jpg 0.17624 0.69187 -0.680778 0.163697 -4.12333 0.715001 1.2302
data/frame-000134.color.jpg 0.173521 0.691006 -0.681588 0.166851 -4.10466 0.721653 1.19362
data/frame-000135.color.jpg 0.175435 0.692101 -0.681824 0.159167 -4.02878 0.733633 1.24655
data/frame-000136.color.jpg 0.178117 0.695317 -0.677511 0.160584 -4.003 0.699593 1.25868
data/frame-000137.color.jpg 0.17948 0.701761 -0.671368 0.156792 -3.96868 0.634677 1.30462
data/frame-000138.color.jpg 0.18034 0.715713 -0.657252 0.152486 -3.92111 0.48038 1.36881
data/frame-000139.color.jpg 0.182884 0.723151 -0.648922 0.150022 -3.8905 0.400453 1.41511
data/frame-000140.color.jpg 0.186281 0.732417 -0.638918 0.143695 -3.84403 0.308418 1.49386
data/frame-000141.color.jpg 0.189081 0.739262 -0.630276 0.143148 -3.81931 0.230444 1.52829
data/frame-000142.color.jpg 0.186495 0.746969 -0.621544 0.14471 -3.7926 0.134117 1.52561
data/frame-000143.color.jpg 0.189338 0.75664 -0.61064 0.136988 -3.74847 0.0309506 1.60834
data/frame-000144.color.jpg 0.19104 0.78036 -0.580828 0.131076 -3.64524 -0.250792 1.71241
data/frame-000145.color.jpg 0.192738 0.788142 -0.57129 0.123739 -3.58999 -0.336613 1.7816
data/frame-000146.color.jpg 0.196156 0.795636 -0.560343 0.120427 -3.53522 -0.428557 1.83758
data/frame-000147.color.jpg 0.20045 0.807337 -0.543096 0.114337 -3.44934 -0.563853 1.92355
data/frame-000148.color.jpg 0.205679 0.816594 -0.527653 0.111593 -3.37638 -0.676933 1.99548
data/frame-000149.color.jpg 0.205824 0.829459 -0.507511 0.109849 -3.30133 -0.840953 2.0486
data/frame-000150.color.jpg 0.217004 0.844581 -0.479786 0.0969414 -3.12697 -1.00999 2.21477
data/frame-000151.color.jpg 0.22482 0.863157 -0.444215 0.084195 -2.90427 -1.23353 2.36597
data/frame-000152.color.jpg 0.232897 0.875264 -0.416775 0.0772651 -2.73399 -1.37631 2.47286
data/frame-000153.color.jpg 0.252439 0.894195 -0.364084 0.0642921 -2.36932 -1.56823 2.68604
data/frame-000154.color.jpg 0.261313 0.894915 -0.355971 0.0642506 -2.31847 -1.56434 2.73948
data/frame-000155.color.jpg 0.266979 0.902281 -0.333015 0.060924 -2.15533 -1.6511 2.81086
data/frame-000156.color.jpg 0.28678 0.916622 -0.275947 0.0376132 -1.69643 -1.83301 3.02957
data/frame-000157.color.jpg 0.290757 0.920613 -0.258591 0.0326094 -1.56168 -1.89517 3.08467
data/frame-000158.color.jpg 0.289805 0.927333 -0.235005 0.0289769 -1.39512 -1.99406 3.11043
data/frame-000159.color.jpg 0.292177 0.931252 -0.216576 0.0222914 -1.24553 -2.03855 3.15054
data/frame-000160.color.jpg 0.293227 0.932578 -0.209717 0.0183292 -1.17582 -2.05681 3.15833
data/frame-000161.color.jpg 0.298571 0.933962 -0.195589 0.0177672 -1.07309 -2.04414 3.18728
data/frame-000162.color.jpg 0.314336 0.931049 -0.185244 0.00508901 -0.907023 -1.9419 3.25077
data/frame-000163.color.jpg 0.313471 0.935961 -0.15971 0.0143809 -0.760147 -1.95949 3.22106
data/frame-000164.color.jpg 0.30779 0.941189 -0.138385 0.016661 -0.609623 -2.00248 3.17898
data/frame-000165.color.jpg 0.314944 0.941925 -0.115954 0.0119668 -0.417124 -1.94386 3.18573
data/frame-000166.color.jpg 0.328737 0.934675 -0.134141 0.0179312 -0.524429 -1.77039 3.20878
data/frame-000167.color.jpg 0.332477 0.931864 -0.143369 0.023099 -0.595541 -1.71415 3.20331
data/frame-000168.color.jpg 0.329963 0.928708 -0.163247 0.0444467 -0.822137 -1.6644 3.14992
data/frame-000169.color.jpg 0.324785 0.929273 -0.171014 0.0414792 -0.869353 -1.64999 3.09172
data/frame-000170.color.jpg 0.318491 0.928775 -0.186023 0.0365349 -0.965699 -1.57915 2.99586
data/frame-000171.color.jpg 0.326543 0.923473 -0.195484 0.0485029 -1.07054 -1.48311 2.9823
data/frame-000172.color.jpg 0.318175 0.921153 -0.218673 0.0492305 -1.21266 -1.44417 2.90761
data/frame-000173.color.jpg 0.32214 0.909528 -0.255851 0.059378 -1.47357 -1.27707 2.8557
data/frame-000174.color.jpg 0.317972 0.902483 -0.284116 0.0607927 -1.63896 -1.17845 2.7887
data/frame-000175.color.jpg 0.296586 0.887316 -0.341414 0.0902382 -2.04867 -0.993484 2.50343
data/frame-000176.color.jpg 0.277456 0.870199 -0.398116 0.0852948 -2.29168 -0.795796 2.33255
data/frame-000177.color.jpg 0.264326 0.852256 -0.441167 0.0957257 -2.48373 -0.592578 2.15469
data/frame-000178.color.jpg 0.258104 0.846301 -0.455509 0.0983308 -2.54977 -0.515518 2.08679
data/frame-000179.color.jpg 0.239299 0.83258 -0.48763 0.108462 -2.72822 -0.376446 1.8901
data/frame-000180.color.jpg 0.232393 0.82334 -0.504043 0.118512 -2.8606 -0.238906 1.76874
data/frame-000181.color.jpg 0.229542 0.819277 -0.510305 0.125241 -2.95447 -0.166607 1.69138
data/frame-000182.color.jpg 0.22742 0.819414 -0.510038 0.129238 -3.01698 -0.145817 1.63415
data/frame-000183.color.jpg 0.230495 0.821169 -0.506433 0.126808 -3.03951 -0.12601 1.62798
data/frame-000184.color.jpg 0.244291 0.821928 -0.498441 0.127721 -3.02876 -0.0550374 1.6627
data/frame-000185.color.jpg 0.256708 0.819927 -0.495853 0.126298 -3.00468 0.0284821 1.69344
data/frame-000186.color.jpg 0.258218 0.824335 -0.488584 0.122806 -2.96819 0.0549417 1.68799
data/frame-000187.color.jpg 0.277105 0.818648 -0.489115 0.117451 -2.92789 0.244531 1.69891
data/frame-000188.color.jpg 0.280389 0.809269 -0.502069 0.119971 -2.94659 0.397258 1.6253
data/frame-000189.color.jpg 0.274949 0.809189 -0.508203 0.106522 -2.96311 0.454904 1.63921
data/frame-000190.color.jpg 0.279783 0.813817 -0.49385 0.124638 -3.02418 0.40567 1.55575
data/frame-000191.color.jpg 0.288797 0.843418 -0.438568 0.113579 -2.95867 0.120126 1.72653
data/frame-000192.color.jpg 0.294421 0.861025 -0.401551 0.103485 -2.85782 -0.0648929 1.83896
data/frame-000193.color.jpg 0.292221 0.872546 -0.381421 0.0882521 -2.79253 -0.133498 1.8888
data/frame-000194.color.jpg 0.299622 0.871723 -0.378985 0.0818312 -2.7758 -0.0575709 1.90242
data/frame-000195.color.jpg 0.29847 0.86878 -0.385531 0.086616 -2.81428 0.0447641 1.81236
data/frame-000196.color.jpg 0.297891 0.866267 -0.391636 0.0863996 -2.82638 0.0997495 1.78289
data/frame-000197.color.jpg 0.301228 0.860969 -0.400295 0.0880811 -2.83916 0.166709 1.75399
data/frame-000198.color.jpg 0.292726 0.837129 -0.452004 0.0960176 -2.93684 0.502238 1.569
data/frame-000199.color.jpg 0.296402 0.811762 -0.488797 0.119442 -3.00874 0.753973 1.35531
data/frame-000200.color.jpg 0.287197 0.792276 -0.524395 0.121759 -3.04045 0.997359 1.25386
data/frame-000201.color.jpg 0.276818 0.766815 -0.563092 0.135257 -3.05711 1.24859 1.06998
data/frame-000202.color.jpg 0.259741 0.733996 -0.608671 0.152657 -3.06222 1.5287 0.828442
data/frame-000203.color.jpg 0.245593 0.71543 -0.634213 0.160059 -3.03881 1.68402 0.702156
data/frame-000204.color.jpg 0.233609 0.695369 -0.658777 0.16704 -3.01948 1.82832 0.582158
data/frame-000205.color.jpg -0.225808 -0.670479 0.68764 -0.163159 -2.92492 2.04163 0.521797
data/frame-000206.color.jpg -0.217983 -0.657152 0.702602 -0.164271 -2.87995 2.13216 0.465448
data/frame-000207.color.jpg -0.203487 -0.640734 0.72249 -0.161433 -2.811 2.24777 0.414624
data/frame-000208.color.jpg -0.191044 -0.640587 0.72557 -0.163395 -2.83709 2.23733 0.37611
data/frame-000209.color.jpg -0.186987 -0.634969 0.732455 -0.159243 -2.83752 2.25969 0.392979
data/frame-000210.color.jpg -0.184504 -0.635687 0.733048 -0.156528 -2.8488 2.25071 0.410807
data/frame-000211.color.jpg -0.180443 -0.639753 0.731435 -0.152181 -2.9206 2.19231 0.462893
data/frame-000212.color.jpg -0.177419 -0.646929 0.726359 -0.149692 -2.99024 2.10252 0.519041
data/frame-000213.color.jpg -0.179681 -0.650329 0.723141 -0.147833 -3.02661 2.05815 0.549534
data/frame-000214.color.jpg -0.170992 -0.65376 0.721724 -0.149914 -3.0568 2.01916 0.53104
data/frame-000215.color.jpg -0.17328 -0.650004 0.72229 -0.160515 -3.09574 2.01765 0.465446
data/frame-000216.color.jpg -0.166969 -0.638225 0.731313 -0.173125 -3.10392 2.08368 0.345897
data/frame-000217.color.jpg -0.161234 -0.61457 0.74953 -0.185778 -3.05226 2.25036 0.197661
data/frame-000218.color.jpg -0.157297 -0.59466 0.764663 -0.192164 -2.99366 2.40526 0.100711
data/frame-000219.color.jpg -0.145259 -0.533154 0.808364 -0.202965 -2.71061 2.82474 -0.122951
data/frame-000220.color.jpg -0.14235 -0.52178 0.816192 -0.203255 -2.64705 2.90297 -0.155352
data/frame-000221.color.jpg -0.140151 -0.501511 0.827647 -0.209392 -2.53388 3.02325 -0.245792
data/frame-000222.color.jpg -0.116206 -0.428523 0.866303 -0.228875 -2.03115 3.42703 -0.560459
data/frame-000223.color.jpg -0.109624 -0.414513 0.872753 -0.233374 -1.92699 3.47936 -0.622917
data/frame-000224.color.jpg -0.0915044 -0.374516 0.889938 -0.243669 -1.59119 3.6504 -0.775814
data/frame-000225.color.jpg -0.080547 -0.324351 0.908755 -0.249946 -1.15227 3.83638 -0.898393
data/frame-000226.color.jpg -0.0689333 -0.267603 0.92512 -0.260363 -0.656739 3.95252 -1.04117
data/frame-000227.color.jpg -0.057696 -0.24458 0.934433 -0.252364 -0.448567 4.02888 -0.985914
data/frame-000228.color.jpg -0.0454143 -0.213517 0.944199 -0.246649 -0.168592 4.09744 -0.966456
data/frame-000229.color.jpg -0.0534385 -0.197334 0.949513 -0.237966 -0.0305867 4.15072 -0.938148
data/frame-000230.color.jpg -0.0479478 -0.184563 0.957095 -0.218187 0.0857783 4.22495 -0.790265
data/frame-000231.color.jpg -0.0453141 -0.171804 0.961843 -0.20806 0.199968 4.28496 -0.719065
data/frame-000232.color.jpg -0.042156 -0.1624 0.96204 -0.215238 0.263692 4.30228 -0.78559
data/frame-000233.color.jpg -0.0233091 -0.117947 0.967819 -0.221068 0.638754 4.34163 -0.81734
data/frame-000234.color.jpg -0.0118594 -0.0973803 0.969227 -0.225779 0.837483 4.32676 -0.838216
data/frame-000235.color.jpg -0.0128448 -0.0822617 0.973149 -0.21459 1.0109 4.36966 -0.76334
data/frame-000236.color.jpg -0.00968443 -0.0785238 0.973963 -0.212453 1.05909 4.3878 -0.737318
data/frame-000237.color.jpg -0.013309 -0.0704201 0.973179 -0.218602 1.14227 4.37445 -0.800306
data/frame-000238.color.jpg -0.0114922 -0.0600715 0.968557 -0.241159 1.2422 4.35016 -0.986855
data/frame-000239.color.jpg -0.00954028 -0.0448819 0.963207 -0.264813 1.37318 4.28892 -1.17788
data/frame-000240.color.jpg -0.0103494 -0.0429988 0.954911 -0.29358 1.39358 4.24645 -1.42177
data/frame-000241.color.jpg -0.00542601 -0.041955 0.94648 -0.319978 1.40259 4.18033 -1.6306
data/frame-000242.color.jpg -0.00803845 -0.0452244 0.940835 -0.335736 1.36759 4.15018 -1.77269
data/frame-000243.color.jpg -0.000663323 -0.0478786 0.936726 -0.346774 1.34682 4.12453 -1.84587
