data/frame-000000.color.jpg 0.0121592 -0.0861094 0.902491 -0.421839 0.486321 0.983378 0.942444
data/frame-000001.color.jpg 0.00566489 -0.090462 0.895186 -0.436379 0.508605 0.988311 0.943965
data/frame-000002.color.jpg 0.00646259 -0.0977373 0.89595 -0.433219 0.503797 0.988176 0.94226
data/frame-000003.color.jpg 0.00618684 -0.10271 0.895315 -0.433386 0.505513 0.985388 0.938002
data/frame-000004.color.jpg -0.000589574 -0.129971 0.882269 -0.452448 0.405748 1.10047 0.908632
data/frame-000006.color.jpg 0.0213376 -0.0809887 0.853477 -0.514356 0.446743 1.17414 0.821543
data/frame-000007.color.jpg 0.0233383 -0.0771467 0.853368 -0.51504 0.446196 1.17435 0.82565
data/frame-000008.color.jpg 0.0278161 -0.0713506 0.852853 -0.516505 0.439665 1.17245 0.832245
data/frame-000009.color.jpg 0.0370096 -0.0626832 0.851034 -0.520041 0.42168 1.17697 0.832022
data/frame-000010.color.jpg 0.0376317 -0.0620783 0.851243 -0.519727 0.420932 1.17901 0.833737
data/frame-000011.color.jpg 0.0410724 -0.0589423 0.848123 -0.524906 0.409066 1.19155 0.822954
data/frame-000012.color.jpg 0.0482567 -0.0532812 0.84438 -0.5309 0.387746 1.20295 0.817824
data/frame-000013.color.jpg 0.0488971 -0.0512433 0.842915 -0.533364 0.389238 1.20247 0.813933
data/frame-000014.color.jpg 0.0530065 -0.0484916 0.842876 -0.533291 0.375211 1.20827 0.820385
data/frame-000015.color.jpg 0.0556867 -0.0451421 0.837357 -0.541936 0.372586 1.22449 0.801947
data/frame-000016.color.jpg 0.0558723 -0.0453837 0.83688 -0.542632 0.370987 1.22732 0.800822
data/frame-000017.color.jpg 0.0559119 -0.0407156 0.827274 -0.557525 0.374451 1.26357 0.76062
data/frame-000018.color.jpg 0.0573798 -0.0369948 0.814427 -0.576236 0.369934 1.30842 0.714201
data/frame-000019.color.jpg 0.0581365 -0.0374063 0.81436 -0.576228 0.367046 1.31204 0.713346
data/frame-000020.color.jpg 0.0531287 -0.0368102 0.803214 -0.592174 0.383311 1.34752 0.659732
data/frame-000021.color.jpg 0.0473193 -0.0401374 0.796547 -0.601384 0.39218 1.37279 0.627774
data/frame-000022.color.jpg 0.0468797 -0.0404183 0.794947 -0.603513 0.394275 1.37519 0.62244
data/frame-000023.color.jpg 0.0416598 -0.046785 0.78951 -0.610532 0.39533 1.39877 0.596009
data/frame-000024.color.jpg 0.0403912 -0.0486862 0.788261 -0.612081 0.39424 1.40548 0.590864
data/frame-000025.color.jpg 0.0370539 -0.0506266 0.785171 -0.616092 0.399599 1.42033 0.576588
data/frame-000026.color.jpg 0.021009 -0.0556406 0.781724 -0.620782 0.422163 1.43386 0.544139
data/frame-000027.color.jpg 0.0191133 -0.0578129 0.782385 -0.619812 0.421179 1.43716 0.546768
data/frame-000028.color.jpg 0.0038186 -0.0686608 0.785764 -0.614691 0.431032 1.45271 0.544336
data/frame-000029.color.jpg -0.0160139 -0.0753125 0.793354 -0.603871 0.460088 1.44967 0.54259
data/frame-000030.color.jpg -0.0155306 -0.0746444 0.794025 -0.603085 0.460449 1.45029 0.540667
data/frame-000031.color.jpg -0.0255499 -0.0903461 0.798254 -0.594958 0.441765 1.46912 0.50465
data/frame-000032.color.jpg -0.0330454 -0.104416 0.798273 -0.592255 0.431723 1.48783 0.478396
data/frame-000033.color.jpg -0.0389312 -0.110648 0.794953 -0.595223 0.426194 1.4915 0.451388
data/frame-000034.color.jpg -0.0541788 -0.120579 0.790526 -0.597992 0.42948 1.5079 0.408052
data/frame-000035.color.jpg -0.0569237 -0.12362 0.788872 -0.599298 0.424093 1.50583 0.392726
data/frame-000036.color.jpg -0.0564338 -0.133787 0.78492 -0.602343 0.377548 1.52478 0.365186
data/frame-000037.color.jpg -0.0626925 -0.134343 0.784247 -0.602476 0.374742 1.53038 0.361569
data/frame-000038.color.jpg -0.0598326 -0.126162 0.782577 -0.606694 0.359611 1.53597 0.365105
data/frame-000039.color.jpg -0.0653746 -0.127668 0.778875 -0.610557 0.352965 1.53852 0.350389
data/frame-000040.color.jpg -0.0668395 -0.129952 0.779659 -0.608915 0.345263 1.53705 0.359172
data/frame-000041.color.jpg -0.076771 -0.152412 0.783279 -0.597788 0.274177 1.5323 0.405575
data/frame-000042.color.jpg -0.0817983 -0.160001 0.783316 -0.595083 0.250656 1.52552 0.413311
data/frame-000043.color.jpg -0.0834068 -0.170223 0.780725 -0.595429 0.185395 1.5245 0.416976
data/frame-000044.color.jpg -0.0891326 -0.175021 0.777716 -0.597144 0.156211 1.52474 0.406776
data/frame-000045.color.jpg -0.0948411 -0.176297 0.775298 -0.59903 0.144001 1.52524 0.397884
data/frame-000046.color.jpg -0.0996573 -0.178279 0.77057 -0.603744 0.124103 1.52814 0.38359
data/frame-000047.color.jpg -0.108509 -0.185659 0.766263 -0.605473 0.103082 1.52923 0.376996
data/frame-000048.color.jpg -0.1111 -0.187585 0.766426 -0.604202 0.0875689 1.52581 0.386122
data/frame-000049.color.jpg -0.110883 -0.189404 0.767154 -0.602749 0.0680591 1.52318 0.396971
data/frame-000050.color.jpg -0.112222 -0.190818 0.766124 -0.603364 0.053826 1.52251 0.399848
data/frame-000051.color.jpg -0.110361 -0.189289 0.764749 -0.605928 0.0385696 1.5197 0.401926
data/frame-000052.color.jpg -0.110833 -0.186229 0.764755 -0.606782 0.0332523 1.52061 0.405511
data/frame-000053.color.jpg -0.111882 -0.182638 0.765037 -0.607326 0.0342166 1.51968 0.407667
data/frame-000054.color.jpg -0.114664 -0.180681 0.764377 -0.608222 0.0320941 1.51355 0.408062
data/frame-000055.color.jpg -0.116885 -0.180579 0.766061 -0.605706 0.029688 1.50916 0.422506
data/frame-000056.color.jpg -0.112615 -0.172992 0.771125 -0.602293 0.0297709 1.50166 0.43351
data/frame-000057.color.jpg -0.107299 -0.162401 0.774155 -0.602327 0.0295377 1.50123 0.427417
data/frame-000058.color.jpg -0.0978426 -0.15183 0.775922 -0.604416 0.0229508 1.50136 0.412634
data/frame-000059.color.jpg -0.0893323 -0.138664 0.781329 -0.601927 0.0260509 1.50206 0.40658
data/frame-000060.color.jpg -0.0812796 -0.130962 0.788436 -0.595493 0.0186496 1.49245 0.419945
data/frame-000061.color.jpg -0.0865262 -0.126608 0.785487 -0.599578 0.026275 1.49262 0.389994
data/frame-000062.color.jpg -0.0940046 -0.155865 0.784703 -0.592545 -0.0471725 1.48109 0.399896
data/frame-000063.color.jpg -0.0980841 -0.165676 0.784038 -0.590098 -0.0747963 1.4764 0.404138
data/frame-000064.color.jpg -0.103302 -0.177121 0.783862 -0.586104 -0.112708 1.46609 0.416728
data/frame-000065.color.jpg -0.106793 -0.182877 0.782138 -0.586014 -0.130561 1.4617 0.417209
data/frame-000066.color.jpg -0.112323 -0.190626 0.780519 -0.584666 -0.150911 1.45697 0.421416
data/frame-000067.color.jpg -0.117114 -0.200852 0.777967 -0.583705 -0.171451 1.45179 0.422382
data/frame-000068.color.jpg -0.121519 -0.203146 0.7778 -0.58223 -0.172356 1.45315 0.424841
data/frame-000069.color.jpg -0.123355 -0.205252 0.778668 -0.579941 -0.183384 1.44875 0.433778
data/frame-000070.color.jpg -0.123013 -0.204666 0.779055 -0.579701 -0.193082 1.44372 0.433164
data/frame-000071.color.jpg -0.121953 -0.204362 0.781493 -0.576743 -0.198123 1.44001 0.440613
data/frame-000072.color.jpg -0.119424 -0.203921 0.783747 -0.574365 -0.206268 1.43323 0.445726
data/frame-000073.color.jpg -0.116429 -0.199931 0.786005 -0.573295 -0.213643 1.43036 0.446885
data/frame-000074.color.jpg -0.115569 -0.196432 0.787277 -0.572934 -0.215374 1.43 0.449125
data/frame-000075.color.jpg -0.117351 -0.192462 0.791844 -0.5676 -0.208866 1.41952 0.465101
data/frame-000076.color.jpg -0.102346 -0.187951 0.811462 -0.54381 -0.21686 1.3716 0.539362
data/frame-000077.color.jpg -0.102268 -0.186994 0.815275 -0.538424 -0.209729 1.36037 0.557148
data/frame-000078.color.jpg -0.0973869 -0.185383 0.823349 -0.52749 -0.204203 1.33373 0.594598
data/frame-000079.color.jpg -0.0828922 -0.177652 0.838142 -0.509006 -0.209074 1.28932 0.653555
data/frame-000080.color.jpg -0.0703695 -0.175452 0.84686 -0.497085 -0.219718 1.25755 0.689773
data/frame-000081.color.jpg -0.0606868 -0.170151 0.855212 -0.485776 -0.228284 1.22574 0.722282
data/frame-000082.color.jpg -0.0420927 -0.161513 0.862987 -0.47686 -0.249044 1.19735 0.748956
data/frame-000083.color.jpg -0.0299302 -0.154557 0.865218 -0.476039 -0.272242 1.18194 0.749107
data/frame-000084.color.jpg -0.00690777 -0.147328 0.875787 -0.459613 -0.309031 1.13719 0.778647
data/frame-000085.color.jpg 0.00618079 -0.141011 0.884905 -0.44387 -0.32876 1.10029 0.810187
data/frame-000086.color.jpg 0.0171368 -0.140862 0.893191 -0.426702 -0.347355 1.06317 0.842713
data/frame-000087.color.jpg 0.0328334 -0.129095 0.906811 -0.399938 -0.360859 1.00689 0.882671
data/frame-000088.color.jpg 0.0351723 -0.112159 0.915735 -0.384204 -0.34985 0.977555 0.900024
data/frame-000089.color.jpg 0.0354345 -0.0957335 0.926238 -0.362853 -0.334537 0.931952 0.939207
data/frame-000090.color.jpg 0.0402633 -0.0891161 0.92822 -0.35895 -0.333902 0.911694 0.935979
data/frame-000091.color.jpg 0.0439852 -0.0807711 0.922875 -0.373955 -0.343662 0.940171 0.900925
data/frame-000092.color.jpg 0.0480829 -0.0151227 0.910384 -0.410683 -0.282487 1.0694 0.818078
data/frame-000093.color.jpg 0.0702361 0.037356 0.901157 -0.426132 -0.259893 1.12508 0.765562
data/frame-000094.color.jpg 0.097815 0.072425 0.884829 -0.449738 -0.281372 1.19948 0.690759
data/frame-000095.color.jpg 0.121634 0.0968507 0.865386 -0.476375 -0.290024 1.25832 0.602868
data/frame-000096.color.jpg 0.135614 0.116192 0.855122 -0.486698 -0.283971 1.28804 0.560261
data/frame-000097.color.jpg 0.149139 0.134301 0.84676 -0.492665 -0.277232 1.30941 0.532641
data/frame-000098.color.jpg 0.168685 0.158914 0.837812 -0.494331 -0.278426 1.32417 0.506882
data/frame-000099.color.jpg 0.185411 0.181833 0.826747 -0.499048 -0.265736 1.34667 0.476996
data/frame-000100.color.jpg 0.19887 0.199597 0.817753 -0.501889 -0.255851 1.37013 0.462587
data/frame-000101.color.jpg 0.211375 0.217728 0.806788 -0.50696 -0.221349 1.38112 0.436619
data/frame-000102.color.jpg 0.216135 0.244851 0.801282 -0.50128 -0.160168 1.38793 0.440452
data/frame-000103.color.jpg 0.219639 0.252627 0.799728 -0.498371 -0.141617 1.39992 0.428062
data/frame-000104.color.jpg 0.234228 0.250126 0.797129 -0.497152 -0.163848 1.39504 0.390899
data/frame-000105.color.jpg 0.236617 0.272055 0.79063 -0.494877 -0.0928913 1.42781 0.374541
data/frame-000106.color.jpg 0.254877 0.307941 0.771825 -0.494465 0.0242206 1.45029 0.345263
data/frame-000107.color.jpg 0.276976 0.332021 0.761415 -0.483003 0.085072 1.45334 0.347193
data/frame-000108.color.jpg 0.287849 0.348611 0.751828 -0.479967 0.152283 1.4638 0.348008
data/frame-000109.color.jpg 0.29843 0.373833 0.743229 -0.46776 0.201812 1.45197 0.382602
data/frame-000110.color.jpg 0.312166 0.392976 0.730139 -0.463702 0.222522 1.44512 0.395723
data/frame-000111.color.jpg 0.320808 0.421251 0.724274 -0.441652 0.195081 1.42666 0.447422
data/frame-000112.color.jpg 0.330857 0.440925 0.713953 -0.431729 0.171452 1.4184 0.458293
data/frame-000113.color.jpg 0.33262 0.45865 0.712657 -0.413671 0.114078 1.39716 0.498247
data/frame-000114.color.jpg 0.341476 0.48211 0.704156 -0.393863 0.0743141 1.3762 0.518517
data/frame-000115.color.jpg 0.344271 0.493398 0.694373 -0.394819 0.0754815 1.3778 0.498308
data/frame-000116.color.jpg 0.340618 0.494594 0.694447 -0.396358 0.0550775 1.38117 0.486468
data/frame-000117.color.jpg 0.336068 0.502204 0.698139 -0.383994 0.0253182 1.36694 0.508686
data/frame-000118.color.jpg 0.336448 0.519352 0.690277 -0.37496 0.0312067 1.36576 0.517691
data/frame-000119.color.jpg 0.340524 0.533669 0.679551 -0.370744 0.0321186 1.37017 0.511743
data/frame-000120.color.jpg 0.341387 0.539811 0.673754 -0.371638 0.0351617 1.36817 0.510178
data/frame-000121.color.jpg 0.331613 0.564047 0.674265 -0.342419 0.0252355 1.31793 0.583622
data/frame-000122.color.jpg 0.32595 0.576179 0.670028 -0.335912 0.0403771 1.30655 0.605939
data/frame-000123.color.jpg 0.319147 0.590057 0.670005 -0.317918 0.0377664 1.2708 0.653276
data/frame-000124.color.jpg 0.314924 0.596269 0.668831 -0.31297 0.039131 1.25554 0.672414
data/frame-000125.color.jpg 0.311501 0.592788 0.675036 -0.309671 0.0346835 1.23576 0.696329
data/frame-000126.color.jpg 0.311002 0.59516 0.670448 -0.315533 0.0684456 1.23584 0.700224
data/frame-000127.color.jpg 0.310145 0.604024 0.663051 -0.315163 0.102024 1.22658 0.718844
data/frame-000128.color.jpg 0.29952 0.617339 0.656318 -0.313732 0.17911 1.1802 0.779183
data/frame-000129.color.jpg 0.308832 0.618797 0.654091 -0.306394 0.167451 1.16164 0.803608
data/frame-000130.color.jpg 0.313404 0.620436 0.649088 -0.309066 0.172254 1.16252 0.805183
data/frame-000131.color.jpg 0.317406 0.626427 0.642085 -0.307522 0.175437 1.15968 0.80792
data/frame-000132.color.jpg 0.337232 0.644 0.619346 -0.296564 0.150083 1.16774 0.804467
data/frame-000133.color.jpg 0.351121 0.654878 0.600743 -0.294884 0.149383 1.18294 0.788346
data/frame-000134.color.jpg 0.370595 0.67109 0.574112 -0.287563 0.134057 1.19601 0.77483
data/frame-000135.color.jpg 0.378157 0.681023 0.56103 -0.28009 0.122594 1.19437 0.777711
data/frame-000136.color.jpg 0.389203 0.694491 0.536805 -0.279362 0.129057 1.21351 0.762208
data/frame-000137.color.jpg 0.395929 0.69678 0.531363 -0.274575 0.105815 1.219 0.750794
data/frame-000138.color.jpg 0.404527 0.703793 0.521595 -0.262626 0.0626413 1.22495 0.738156
data/frame-000139.color.jpg 0.404141 0.707597 0.516815 -0.262445 0.0454907 1.23136 0.730467
data/frame-000140.color.jpg 0.40846 0.710133 0.512062 -0.258194 0.0183315 1.24321 0.708342
data/frame-000141.color.jpg 0.412444 0.708101 0.51188 -0.257801 -0.00369383 1.25788 0.680675
data/frame-000142.color.jpg 0.420272 0.696249 0.516986 -0.267086 -0.033257 1.28252 0.634973
data/frame-000143.color.jpg 0.425634 0.686365 0.52264 -0.273103 -0.0574056 1.30048 0.610084
data/frame-000144.color.jpg 0.435615 0.682528 0.516274 -0.279028 -0.0572457 1.32478 0.572625
data/frame-000145.color.jpg 0.454139 0.684649 0.494273 -0.284091 -0.044559 1.3636 0.515206
data/frame-000146.color.jpg 0.472887 0.680858 0.482597 -0.282684 -0.0576883 1.3947 0.467098
data/frame-000147.color.jpg 0.482358 0.675165 0.477985 -0.288121 -0.059241 1.40843 0.432146
data/frame-000148.color.jpg 0.489855 0.668085 0.477604 -0.292574 -0.0702121 1.42246 0.403191
data/frame-000149.color.jpg 0.506934 0.655193 0.473039 -0.299958 -0.081425 1.44556 0.341529
data/frame-000150.color.jpg 0.516234 0.648417 0.469658 -0.304104 -0.0896268 1.45884 0.307363
data/frame-000151.color.jpg 0.532718 0.644802 0.458848 -0.299833 -0.101032 1.47918 0.258065
data/frame-000152.color.jpg 0.53599 0.644064 0.455127 -0.301256 -0.0982557 1.48472 0.239256
data/frame-000153.color.jpg 0.541908 0.650096 0.442309 -0.296772 -0.0764187 1.49717 0.210801
data/frame-000154.color.jpg 0.548032 0.672827 0.415819 -0.272138 -0.0322578 1.51622 0.205646
data/frame-000155.color.jpg 0.549915 0.691761 0.39204 -0.255665 0.00761957 1.51919 0.216174
data/frame-000156.color.jpg 0.554592 0.711138 0.363872 -0.233041 0.0381493 1.52159 0.228117
data/frame-000157.color.jpg 0.562458 0.721861 0.340981 -0.215152 0.0514272 1.52445 0.224236
data/frame-000158.color.jpg 0.572728 0.735675 0.30518 -0.193987 0.0754497 1.5236 0.220823
data/frame-000159.color.jpg 0.575333 0.74543 0.286336 -0.177024 0.0782653 1.52106 0.236297
data/frame-000160.color.jpg 0.575316 0.759275 0.260431 -0.15713 0.0953359 1.51383 0.265287
data/frame-000161.color.jpg 0.575246 0.765095 0.249168 -0.147098 0.10225 1.50659 0.279297
data/frame-000162.color.jpg 0.564822 0.777474 0.24265 -0.132782 0.101474 1.48748 0.332154
data/frame-000163.color.jpg 0.552615 0.79116 0.232903 -0.120163 0.109016 1.46389 0.383704
data/frame-000164.color.jpg 0.544652 0.799821 0.223024 -0.117903 0.129174 1.44555 0.409931
data/frame-000165.color.jpg 0.537944 0.808379 0.211028 -0.112281 0.146316 1.4313 0.44023
data/frame-000166.color.jpg 0.534901 0.811728 0.211118 -0.102019 0.127061 1.42338 0.461611
data/frame-000167.color.jpg 0.529674 0.818747 0.200439 -0.0944648 0.132127 1.40751 0.486738
data/frame-000168.color.jpg 0.522081 0.825913 0.193985 -0.0875686 0.133967 1.38944 0.516523
data/frame-000169.color.jpg 0.511178 0.836639 0.181412 -0.0763044 0.135503 1.35824 0.554148
data/frame-000170.color.jpg 0.494643 0.847143 0.180375 -0.0717044 0.124239 1.32829 0.597265
data/frame-000171.color.jpg 0.487137 0.849666 0.190269 -0.0675522 0.0834132 1.30992 0.620244
data/frame-000172.color.jpg 0.484109 0.849703 0.196326 -0.0714146 0.0622746 1.30036 0.633746
data/frame-000173.color.jpg 0.46479 0.858996 0.198822 -0.0810374 0.0647064 1.25107 0.69737
data/frame-000174.color.jpg 0.461676 0.860534 0.199677 -0.0804108 0.0581983 1.24084 0.711532
data/frame-000175.color.jpg 0.462104 0.859997 0.200347 -0.0820115 0.0446758 1.22561 0.725166
data/frame-000176.color.jpg 0.460996 0.860728 0.199771 -0.081985 0.0447889 1.2217 0.729998
data/frame-000177.color.jpg 0.453059 0.865611 0.19389 -0.0886616 0.0628098 1.2001 0.748656
data/frame-000178.color.jpg 0.441906 0.873637 0.185206 -0.0847113 0.0594632 1.17274 0.773905
data/frame-000179.color.jpg 0.437678 0.875465 0.185831 -0.0864051 0.0553671 1.15926 0.783775
data/frame-000180.color.jpg 0.427737 0.881095 0.182851 -0.085312 0.0628628 1.13512 0.805608
data/frame-000181.color.jpg 0.426121 0.88547 0.168465 -0.0773503 0.0670134 1.13207 0.807485
data/frame-000182.color.jpg 0.425524 0.892458 0.136178 -0.0624848 0.0681727 1.13071 0.808299
data/frame-000183.color.jpg 0.423581 0.89869 0.103619 -0.0468893 0.0605869 1.12842 0.807296
data/frame-000184.color.jpg 0.423028 0.900971 0.0884734 -0.0383538 0.0493547 1.12731 0.804422
data/frame-000185.color.jpg 0.423491 0.902249 0.0743663 -0.0327474 0.0469723 1.13176 0.798456
data/frame-000186.color.jpg 0.438571 0.896705 0.0561744 -0.0204716 0.0316907 1.16127 0.758787
data/frame-000187.color.jpg 0.436586 0.898521 0.0434569 -0.0128502 0.0206366 1.16045 0.76244
data/frame-000188.color.jpg 0.433829 0.900661 0.0244149 -0.00262824 0.00967738 1.15565 0.766685
data/frame-000189.color.jpg 0.435361 0.900183 0.0107694 0.00383115 0.00443205 1.16292 0.760153
data/frame-000190.color.jpg 0.447988 0.894002 0.0029649 0.00770014 -0.000390885 1.18615 0.730585
data/frame-000191.color.jpg 0.462771 0.88634 0.00304401 0.0153478 -0.0220695 1.2137 0.6952
data/frame-000192.color.jpg 0.474506 0.880122 0.00239026 0.0149444 -0.0223001 1.23664 0.668443
data/frame-000193.color.jpg 0.482549 0.875776 0.00208342 0.0126017 -0.0192927 1.25026 0.649762
data/frame-000194.color.jpg 0.49841 0.866914 0.00185337 0.00658978 -0.00924558 1.28373 0.612562
data/frame-000195.color.jpg 0.515081 0.857107 0.0015142 0.00747514 -0.0146792 1.30819 0.570104
data/frame-000196.color.jpg 0.528434 0.848942 0.00301375 0.00675046 -0.0141337 1.33099 0.533907
data/frame-000197.color.jpg 0.538914 0.84231 0.00142159 0.00920744 -0.0216673 1.34745 0.506433
data/frame-000198.color.jpg 0.553089 0.832928 -0.00466171 0.0173814 -0.035225 1.37185 0.469581
data/frame-000199.color.jpg 0.561907 0.826984 -0.00597402 0.0179495 -0.0387437 1.38368 0.441862
data/frame-000200.color.jpg 0.58878 0.808133 -0.00668714 0.0146591 -0.0313073 1.42049 0.37142
data/frame-000201.color.jpg 0.594515 0.803966 -0.00510023 0.0127992 -0.030894 1.42488 0.356452
data/frame-000202.color.jpg 0.606433 0.795087 -0.000305883 0.00869696 -0.034387 1.4403 0.327862
data/frame-000203.color.jpg 0.632818 0.774095 0.000571167 0.0177992 -0.0618082 1.46758 0.250039
data/frame-000204.color.jpg 0.640686 0.767557 0.0023508 0.0192914 -0.0680023 1.47609 0.229067
data/frame-000205.color.jpg 0.643962 0.76493 0.00456835 0.0132159 -0.0554428 1.48169 0.223177
data/frame-000206.color.jpg 0.641312 0.767108 0.00306107 0.0159884 -0.0560703 1.47915 0.233371
data/frame-000207.color.jpg 0.635 0.771787 -0.0117797 0.0313292 -0.0695664 1.47424 0.244053
data/frame-000208.color.jpg 0.628239 0.776026 -0.0325133 0.045196 -0.0724227 1.46478 0.257297
data/frame-000209.color.jpg 0.620197 0.782005 -0.0388608 0.048107 -0.0795074 1.46172 0.278092
data/frame-000210.color.jpg 0.614848 0.78579 -0.0451267 0.0495957 -0.0752116 1.452 0.288262
data/frame-000211.color.jpg 0.606739 0.791299 -0.0521743 0.0546946 -0.08053 1.44624 0.305214
data/frame-000212.color.jpg 0.602869 0.792629 -0.0649031 0.0638382 -0.0892277 1.44756 0.308246
data/frame-000213.color.jpg 0.601394 0.791688 -0.0798357 0.071986 -0.0855456 1.44317 0.301821
data/frame-000214.color.jpg 0.593279 0.796062 -0.0920547 0.0763662 -0.0825703 1.44082 0.320337
data/frame-000215.color.jpg 0.585887 0.798463 -0.108988 0.0855345 -0.0825415 1.43337 0.327369
data/frame-000216.color.jpg 0.578502 0.800723 -0.122323 0.0959967 -0.0924019 1.42637 0.33082
data/frame-000217.color.jpg 0.576395 0.801093 -0.127171 0.0992285 -0.0965215 1.42615 0.331697
data/frame-000218.color.jpg 0.560935 0.806312 -0.147492 0.116014 -0.113366 1.41014 0.358787
data/frame-000219.color.jpg 0.543355 0.815415 -0.159333 0.120318 -0.119738 1.3911 0.402152
data/frame-000220.color.jpg 0.525504 0.824745 -0.169255 0.122448 -0.125691 1.36389 0.443604
data/frame-000221.color.jpg 0.515688 0.828546 -0.175963 0.128893 -0.139795 1.34881 0.46239
data/frame-000222.color.jpg 0.502203 0.836067 -0.179114 0.129239 -0.148964 1.32869 0.497272
data/frame-000223.color.jpg 0.491127 0.840165 -0.185874 0.135528 -0.162353 1.3087 0.520291
data/frame-000224.color.jpg 0.484989 0.841243 -0.193156 0.140666 -0.170577 1.30102 0.528063
data/frame-000225.color.jpg 0.480573 0.842922 -0.196691 0.140873 -0.169708 1.29433 0.539385
data/frame-000226.color.jpg 0.46468 0.85237 -0.198223 0.13508 -0.1678 1.26202 0.578791
data/frame-000227.color.jpg 0.442902 0.863209 -0.204928 0.12928 -0.164659 1.22547 0.627673
data/frame-000228.color.jpg 0.43357 0.867646 -0.206327 0.128986 -0.172017 1.20662 0.646738
data/frame-000229.color.jpg 0.430718 0.869716 -0.206578 0.124108 -0.163104 1.19934 0.659901
