data/frame-000000.color.jpg 0.024536594285010337 -0.006276288675889548 0.9454434609543987 -0.32480028614506806 -0.4869341067879349 4.489401712344408 -1.913028743529695
data/frame-000001.color.jpg 0.02714158462109916 -0.005453568769087154 0.9451045724795315 -0.3255932125370833 -0.48252244241058845 4.483262674734121 -1.929953340776373
data/frame-000002.color.jpg 0.016738105885806046 -0.011246672213453875 0.9462976003599708 -0.3226673205151713 -0.5553643752901503 4.492952969435412 -1.89310805735033
data/frame-000003.color.jpg 0.013733100777005769 -0.014378425165413627 0.9470061670041844 -0.32059941124221414 -0.5870662807288497 4.497796214667761 -1.8710812134309827
data/frame-000004.color.jpg 0.009651231847529088 -0.01734450747426517 0.9481319169874443 -0.3172568199015022 -0.6212939647324356 4.509767770779811 -1.8342546187504205
data/frame-000005.color.jpg 0.009992653332961236 -0.018274812467961064 0.9489234421280954 -0.3148181682946441 -0.6303735420096801 4.515010898009567 -1.810819686404222
data/frame-000006.color.jpg 0.012261714667376161 -0.016120408848328653 0.9499727693300201 -0.31167534439450095 -0.6091480171877297 4.525521495951146 -1.7856622146469108
data/frame-000007.color.jpg 0.011489210679071318 -0.01627181186890486 0.9500848940181161 -0.31135497480377655 -0.6128305474684137 4.527867858409682 -1.7809643416045773
data/frame-000008.color.jpg 0.012658484920271655 -0.016153606589407416 0.9504982458223737 -0.3100514609581248 -0.6086566440801217 4.53283140064145 -1.7725903415927509
data/frame-000009.color.jpg 0.012021828275272324 -0.017122880651638687 0.9506211275999938 -0.3096477908263293 -0.6191364028212986 4.533670314614334 -1.7671588968467404
data/frame-000010.color.jpg 0.011193451570340273 -0.01822549909821376 0.9506781265766833 -0.30944084648476855 -0.6284037684500484 4.532357910133686 -1.7649314338890987
data/frame-000011.color.jpg 0.011704963853363467 -0.018794890088256237 0.951427175807806 -0.30707665991107896 -0.6312182728199226 4.539503682356327 -1.743999565329377
data/frame-000012.color.jpg 0.009544323242247967 -0.020547193610796273 0.9517864199384652 -0.3059237315889161 -0.6454080444605202 4.538815442022474 -1.7294334795043447
data/frame-000013.color.jpg 0.006171705403187119 -0.027728204112050594 0.9520111672194759 -0.30474217666504255 -0.7103647740207242 4.529939151236454 -1.7098012625704444
data/frame-000014.color.jpg 0.0067748907091984565 -0.03184715376741147 0.9525059496518331 -0.3027742980020801 -0.7460095447549078 4.528156120131206 -1.690424711768095
data/frame-000015.color.jpg -8.283736081146684e-05 -0.03836327719033819 0.9519281947188112 -0.3039094671124523 -0.8050014274700781 4.515189275808189 -1.6878387391121388
data/frame-000016.color.jpg -0.004500725030078115 -0.049585195763366854 0.9514826522166252 -0.30364751664739276 -0.9057465118323598 4.492709434890889 -1.670082521677566
data/frame-000017.color.jpg -0.007585998341641061 -0.0677124527345887 0.9507335715678784 -0.302428755689025 -1.0657386239332758 4.453135838411306 -1.6425889529117657
data/frame-000018.color.jpg -0.014314278260137522 -0.08745650787395776 0.9495815163653611 -0.3007347742540661 -1.2324785158399525 4.410931171898381 -1.6020138780990756
data/frame-000019.color.jpg -0.019564009412059432 -0.10354246444897397 0.948184554883695 -0.29973698048717196 -1.3665146401112334 4.3703812212068485 -1.5687861150596965
data/frame-000020.color.jpg -0.027804107551639354 -0.120151734024049 0.9465881339833488 -0.29792850990832176 -1.506261063787347 4.328197772511417 -1.5181580780016866
data/frame-000021.color.jpg -0.02941725392027936 -0.14190295440948167 0.9451570239900952 -0.2927052727639823 -1.6824687910780969 4.2863413911502715 -1.4446942830673846
data/frame-000022.color.jpg -0.05405321617701944 -0.17127934007723936 0.9333233028959658 -0.3108846245072144 -1.946090619878467 4.121759538950543 -1.5131116928037938
data/frame-000023.color.jpg -0.061721914669567036 -0.1796461001881332 0.9336057862782546 -0.3038057270106676 -2.012998978517603 4.122296275398547 -1.4163666712141394
data/frame-000024.color.jpg -0.06611800765313405 -0.20969411395227056 0.9239535442569892 -0.3129962231284929 -2.2616665556929187 3.9705522401327538 -1.436472026203447
data/frame-000025.color.jpg -0.06775039216676297 -0.22045157770740947 0.9181291550988907 -0.3222574138867257 -2.3414951682733314 3.8951030000731515 -1.49177436192889
data/frame-000026.color.jpg -0.07870078975726115 -0.22113596393138474 0.9145679358109203 -0.3293486935366124 -2.339640711344056 3.87681413688165 -1.515534373022363
data/frame-000027.color.jpg -0.09511119700017245 -0.25333187020538916 0.9005874461537439 -0.3401750660670355 -2.6073334672112556 3.7104709198123964 -1.506085127204661
data/frame-000028.color.jpg -0.10717347630836802 -0.29405878326392215 0.8847021424666185 -0.3454640315232494 -2.9417094695791763 3.510056359412364 -1.44222523822747
data/frame-000029.color.jpg -0.12219695691910212 -0.331169669479717 0.8644238246985451 -0.3580028003102004 -3.2183688331334896 3.2766820017786396 -1.4224689296564264
data/frame-000030.color.jpg -0.11657286346947704 -0.339197391592091 0.8596692069884482 -0.3637646926180459 -3.2435147282464083 3.227460034617907 -1.4803063776887404
data/frame-000031.color.jpg -0.10673185977379349 -0.3301265308756828 0.8626293000711703 -0.3680970991191548 -3.1136353033553354 3.2827272819671967 -1.5802645588487132
data/frame-000032.color.jpg -0.10872080566399847 -0.31833476397366967 0.8644502573524788 -0.3735887003441508 -3.0017662709849744 3.3407921968992884 -1.6545105840900425
data/frame-000033.color.jpg -0.11791096012124341 -0.3092393600437471 0.86954598950695 -0.3665484904012009 -2.9235123388548607 3.4216157835278045 -1.5973352764989324
data/frame-000034.color.jpg -0.1288653789408206 -0.2941064048418464 0.876531581481558 -0.358591025273753 -2.821036836549706 3.5239833050139064 -1.5217280085664728
data/frame-000035.color.jpg -0.12800723712070627 -0.30433703979356835 0.8782438767073055 -0.34594913857463805 -2.9465449182248573 3.461301777017495 -1.3394292488382402
data/frame-000036.color.jpg -0.12387414161415747 -0.31352108161393083 0.878892757820082 -0.3375014795143835 -3.044273687577822 3.388163900908203 -1.2238481683253493
data/frame-000037.color.jpg -0.12902008457324327 -0.32295283402659597 0.8793511264712786 -0.3252643250413372 -3.1401495082606417 3.3319362559407093 -1.038848583204756
data/frame-000038.color.jpg -0.12210774608618337 -0.322820743876524 0.8790352101444658 -0.3288974992228348 -3.1684093379839684 3.281188155362812 -1.063794838384419
data/frame-000039.color.jpg -0.1028786570457521 -0.305061418471923 0.8866177125988879 -0.33205804400778616 -3.054597708238321 3.328268089825442 -1.180570018066171
data/frame-000040.color.jpg -0.08026836169883018 -0.26845225728819644 0.8989039888045908 -0.33684120083245905 -2.7989387592724913 3.459111172291019 -1.3510397203063336
data/frame-000041.color.jpg -0.06669608064264794 -0.24696873491144664 0.9062047616780154 -0.3366764124723337 -2.648476521456989 3.5334378383429845 -1.4199395137496196
data/frame-000042.color.jpg -0.061689109411093915 -0.24511585974746075 0.9093557605891357 -0.3304311876377345 -2.6630859648759744 3.5133023786884077 -1.3828639942137266
data/frame-000043.color.jpg -0.05548667404960651 -0.26962425641918203 0.906044525544975 -0.3214145408709702 -2.8684841316508387 3.36192943311236 -1.303129526161167
data/frame-000044.color.jpg -0.062240264607926615 -0.31535792278085056 0.8900539245456017 -0.32323295222154447 -3.195972027191656 3.0375461824692196 -1.246523130061485
data/frame-000045.color.jpg -0.06918812306844146 -0.34193662833724253 0.8743916025748578 -0.33724126552691774 -3.3720510275829207 2.784688873834725 -1.2908924967701805
data/frame-000046.color.jpg -0.10220345303264901 -0.3859657902707421 0.8502054924493045 -0.34312604613745057 -3.657916490482253 2.412685073077553 -1.1259879785625515
data/frame-000047.color.jpg -0.12624200187123835 -0.3836558659799734 0.8503235088890707 -0.33737377445983746 -3.6596994259698734 2.442750400426104 -1.0145030106983313
data/frame-000048.color.jpg -0.15996949845285788 -0.3857088195654098 0.8486451633374594 -0.3247150332493646 -3.660805998709521 2.469902099146826 -0.8060294251138471
data/frame-000049.color.jpg -0.2023609283579694 -0.40326627502553725 0.8390408826671482 -0.3040341482699948 -3.7178116243414205 2.4343518098826658 -0.4290644571441227
data/frame-000050.color.jpg -0.21853069835693448 -0.43163660729314357 0.833604817632445 -0.26652801192383646 -3.794703500424773 2.30548929486655 -0.01756691850771759
data/frame-000051.color.jpg -0.22071847166863853 -0.4369700714443629 0.8359337950043753 -0.24810321097428695 -3.774455202313824 2.295296461725464 0.12500826712979768
data/frame-000052.color.jpg -0.22570861957137262 -0.4295721158245006 0.8471503915579021 -0.21647085355895096 -3.6363916063502795 2.413118521864943 0.35270504984447715
data/frame-000053.color.jpg -0.20647129673036496 -0.459987546135039 0.8355857655535596 -0.21812264768111528 -3.7662636402390355 2.1019035782838347 0.3580585850510691
data/frame-000054.color.jpg -0.21004491843552078 -0.4914654637504682 0.8195590761580679 -0.20655689498752233 -3.842866041305893 1.823449754746941 0.5644540000965588
data/frame-000055.color.jpg -0.2242777499452884 -0.5287217180510116 0.7984525509743967 -0.18062768221716186 -3.872121859482745 1.5239557815137197 0.9255096454946355
data/frame-000056.color.jpg -0.22506372105028583 -0.5832490810852621 0.7626065507084488 -0.16612669772423344 -3.9227869909745334 1.0032202543947593 1.1823639506164092
data/frame-000057.color.jpg -0.22223817613297064 -0.5960927544547368 0.7545809651510451 -0.16090739009558525 -3.9203381637721115 0.8704409820549183 1.2377830135298258
data/frame-000058.color.jpg -0.2198382995237694 -0.6170209435961775 0.7397244658843269 -0.1541557387784415 -3.9052506275457484 0.6537389984795864 1.3277114786694828
data/frame-000059.color.jpg -0.2211497818632259 -0.6445128032041578 0.7192431592002337 -0.13559239813291143 -3.8387347248389645 0.37689412705329123 1.5130349786009272
data/frame-000060.color.jpg -0.21864206359817762 -0.6716517363727315 0.6958674520165188 -0.12980016285453255 -3.7864233869989556 0.10218417974949681 1.6133033189782655
data/frame-000061.color.jpg -0.22439759680113341 -0.6765577123269225 0.6869082822069028 -0.14167707039743463 -3.776969775942409 0.08022610088078908 1.6262470680547236
data/frame-000062.color.jpg 0.2346799847863261 0.6877026437499953 -0.6717820360305687 0.14387242469139444 -3.712148966780256 -0.010283228897864313 1.7430979376418498
data/frame-000063.color.jpg 0.22876131890495488 0.6911158255085539 -0.6688513782762209 0.15054902351890326 -3.7296438193023462 -0.04114248737658951 1.7148351987209316
data/frame-000064.color.jpg 0.22693048368302726 0.6890118420018153 -0.6715988787139332 0.15073215737473034 -3.730184420208152 0.01527844422620475 1.732440111919687
data/frame-000065.color.jpg 0.21620994099566068 0.6854665158258876 -0.6812248180958314 0.1390023895710881 -3.7458688626050383 0.08541673310670156 1.7574185091131806
data/frame-000066.color.jpg -0.1986035484135464 -0.6856145924568026 0.6863301288522322 -0.13942817289744536 -3.809937742322662 0.0796556928160646 1.685293840626939
data/frame-000067.color.jpg 0.20504310602190534 0.6880674730173051 -0.6833370769265368 0.13255533390235877 -3.7801826615643144 0.10413824173986022 1.7869858028507948
data/frame-000068.color.jpg 0.207819304621618 0.6903328587692801 -0.6787406745306482 0.1398669992088959 -3.7895155393641553 0.1212556087087905 1.7811309375502529
data/frame-000069.color.jpg 0.2084463689248113 0.684623002539484 -0.6824069153719206 0.14886993493806422 -3.809481089512398 0.27435178850391817 1.7027429339608535
data/frame-000070.color.jpg -0.20214542232172136 -0.6751626813553876 0.695208522845475 -0.14134246248876947 -3.8053884324915184 0.42124928759482133 1.663601179627182
data/frame-000071.color.jpg -0.1940131054810247 -0.6640554195023384 0.7064107902916318 -0.14957643561315045 -3.8358885480503537 0.5709994819343899 1.5336454087910014
data/frame-000072.color.jpg -0.1877890400249379 -0.650114279272722 0.7188191269980075 -0.1593291027842818 -3.8505621099018206 0.7455624598669279 1.3944633028577007
data/frame-000073.color.jpg -0.18170432055589864 -0.6401724876561727 0.7300784672014101 -0.1553967749609552 -3.833055587802613 0.8691744408846919 1.3433869031080419
data/frame-000074.color.jpg -0.17620783544258142 -0.6246538935188154 0.7440809445402617 -0.15843566521619143 -3.822253619156024 1.0475109598833001 1.2457963292673535
data/frame-000075.color.jpg -0.17367515000212874 -0.608231094927375 0.7575066076959552 -0.1614794622611522 -3.808531853472207 1.2211042611227338 1.1616351088434635
data/frame-000076.color.jpg -0.1725569495928354 -0.6112276928980943 0.7568131358239716 -0.15446256512817397 -3.8406151174120615 1.2227423904529355 1.1966500945180851
data/frame-000077.color.jpg -0.1806359148479872 -0.6170695965362 0.7494626409420938 -0.15780218353934466 -3.890326447596845 1.2044758073378454 1.2233332850714027
data/frame-000078.color.jpg -0.1799175941755649 -0.6304198866686143 0.7389700333434762 -0.15531811104680804 -3.968143334731652 1.0902654699958294 1.2594561884907407
data/frame-000079.color.jpg -0.16970229974750464 -0.633979722209314 0.7382386936518698 -0.1558026716169846 -4.0489088946337795 1.0556685328289919 1.1925018526788256
data/frame-000080.color.jpg -0.16698009843113296 -0.6239875921783833 0.7489958627782568 -0.1475206055993808 -4.0583403851926585 1.1994484210543783 1.1826819494731353
data/frame-000081.color.jpg -0.15984221391724 -0.6124354895040893 0.7600266486472298 -0.14742025366950712 -4.078567006219353 1.345537433022048 1.1027308676075924
data/frame-000082.color.jpg -0.14309736734475262 -0.5885093308956083 0.7786168656881779 -0.1641209534877328 -4.112076262567462 1.6071393385750976 0.8261204383990345
data/frame-000083.color.jpg -0.13221316638682473 -0.5605536302817643 0.7989602792866366 -0.17309470914538097 -4.078951627708566 1.912102767457253 0.6267071429172676
data/frame-000084.color.jpg -0.1252079321914553 -0.5318825578637597 0.818178900656289 -0.17890557531142454 -3.992550925158291 2.2085682165595792 0.47663675692323976
data/frame-000085.color.jpg -0.12083128616404645 -0.512859658133548 0.8285216320214551 -0.1895433370382274 -3.938492980635723 2.394909930996084 0.3223118893718291
data/frame-000086.color.jpg -0.11129255815285262 -0.4817346275855004 0.8462333787761236 -0.1985819320331008 -3.8061036994589186 2.680411802972334 0.1321438097170204
data/frame-000087.color.jpg -0.10944166213796719 -0.45480972369902806 0.8596676348548277 -0.20528564343470315 -3.6752042717992963 2.921757430288943 -0.004164117204150425
data/frame-000088.color.jpg -0.10454580513733717 -0.4455191601895768 0.8654966496828206 -0.20371156550371092 -3.6352057276070644 3.0126967164137546 -0.043054411757706315
data/frame-000089.color.jpg -0.10274904078568305 -0.4356328398541202 0.871482905744411 -0.2004599921518875 -3.6022490702304024 3.1228486247911094 -0.060077767497782875
data/frame-000090.color.jpg -0.10551548615401832 -0.44071168591315557 0.8698555693345762 -0.19491275119623772 -3.6778297704011367 3.121302507091712 -0.0008090311362155153
data/frame-000091.color.jpg -0.11151476026666743 -0.4585629398950534 0.8590187750513825 -0.19842185491194178 -3.851089204776405 2.996691663855956 0.023549057313662622
data/frame-000092.color.jpg -0.12274926979477287 -0.4757928996436532 0.8483629664220653 -0.19706346849958795 -4.046727323248196 2.88469142045114 0.09902506389404404
data/frame-000093.color.jpg -0.11817634768314046 -0.4785428636368475 0.8452507951776784 -0.2063544808382438 -4.130700363015843 2.866722404408961 -0.00893571751497732
data/frame-000094.color.jpg -0.11577914104393092 -0.48103895961038556 0.8431162656030264 -0.21059836778022478 -4.162653682327041 2.8531945294936416 -0.06343450325837986
data/frame-000095.color.jpg -0.11536208508833816 -0.4864939725104813 0.8410697813951586 -0.20643843357994823 -4.193579209481477 2.8541513890767654 -0.030528316348074642
data/frame-000096.color.jpg -0.12145855074311163 -0.4844058613200752 0.8385429595831962 -0.2178175541676892 -4.190424490349735 2.8881846149948993 -0.1198450856135686
data/frame-000097.color.jpg -0.12456950901164048 -0.4855818863565157 0.8343268650314906 -0.22932804310369814 -4.211861466778624 2.8811949734934523 -0.2176698052585894
data/frame-000098.color.jpg -0.12891401411913195 -0.48488440961526 0.8314435897507584 -0.2386835631922013 -4.221066211732275 2.8940526163905895 -0.29259004349193746
data/frame-000099.color.jpg -0.133318152808323 -0.4852411544970369 0.8274713808200781 -0.2491152464982287 -4.236468389005356 2.8775247328262257 -0.367983082618185
data/frame-000100.color.jpg -0.13654149220919606 -0.489920143236641 0.818176676933755 -0.268182026761513 -4.291208878067761 2.786753878824028 -0.5110136574754731
data/frame-000101.color.jpg -0.13343247679583994 -0.49602093617249604 0.8106810425504539 -0.2809897725256172 -4.337632862625587 2.685609012049469 -0.6165613176423825
data/frame-000102.color.jpg -0.13456867983109216 -0.5045596324606751 0.7988940272993553 -0.29846135569799015 -4.399059756471958 2.536388923819559 -0.7307831581002513
data/frame-000103.color.jpg -0.14015249721992612 -0.5073392912030857 0.7954201488881726 -0.30045117384907494 -4.41163268747662 2.5086081248570915 -0.7077165886039412
data/frame-000104.color.jpg -0.1475551744036144 -0.513188668914631 0.7897636449972268 -0.3018911155450624 -4.438215272115992 2.449972226657462 -0.6596966505629279
data/frame-000105.color.jpg -0.1478655623705529 -0.5249941142046597 0.7862623302731538 -0.29035926626979547 -4.4831206530722865 2.378030599582445 -0.5185539593223011
data/frame-000106.color.jpg -0.14634895809907145 -0.5320721129820473 0.7813820487101252 -0.2914160994243512 -4.512850363787622 2.2994769733348672 -0.5037793905378963
data/frame-000107.color.jpg -0.14623261759389433 -0.5408306891798911 0.7761611179511877 -0.28929587998034834 -4.538428761429482 2.211631417180903 -0.4512978821340296
data/frame-000108.color.jpg -0.1452728764215401 -0.5603884805640704 0.7682005440201448 -0.27336507895936146 -4.597044320859638 2.048645893876675 -0.25732124037865867
data/frame-000109.color.jpg -0.14598400846864573 -0.5736506346837217 0.7621304526391159 -0.2622418573730862 -4.628768167883068 1.936969487996373 -0.11954985929043507
data/frame-000110.color.jpg -0.14867761454024755 -0.5896300781990889 0.7531515719855941 -0.2509861498831891 -4.665982950928607 1.7912436066769308 0.03710063589583739
data/frame-000111.color.jpg -0.14705702542016993 -0.5949971708444336 0.7508725026948431 -0.24605503989651298 -4.674920361222181 1.7344687648077615 0.08584066258472217
data/frame-000112.color.jpg -0.1486354085396786 -0.6011678357065535 0.7484946443447801 -0.23719299320874207 -4.679769480246588 1.6895876861666386 0.18496844782755495
data/frame-000113.color.jpg -0.1500816161959017 -0.6071415610105421 0.7443374355233698 -0.23412905725732067 -4.686285744646019 1.628766668114698 0.2370471795935406
data/frame-000114.color.jpg -0.1539479377291727 -0.618657343405419 0.7357970371977066 -0.22839843250460534 -4.6992212118326195 1.5136088271639856 0.3388839506236723
data/frame-000115.color.jpg -0.15754975620055595 -0.628172141313099 0.7286378830648382 -0.22285571691579453 -4.699227267182379 1.4193565102122798 0.4302126797796342
data/frame-000116.color.jpg -0.16192995270548238 -0.6348221534368997 0.7236297134244195 -0.21711647052176902 -4.692465422006177 1.3619433655307112 0.5180823447413847
data/frame-000117.color.jpg -0.16362390328825838 -0.6401889635132997 0.7190678795300962 -0.2152363675045944 -4.69371351750743 1.3034583185784796 0.5580998458425901
data/frame-000118.color.jpg -0.1664223085618515 -0.644415947647384 0.7163551386806222 -0.2094445437736087 -4.6794972704387465 1.2702451101678816 0.6290241270666596
data/frame-000119.color.jpg -0.16766248163775152 -0.651366330550073 0.711040591639283 -0.20501822533146277 -4.6702519272987235 1.1956984779116717 0.6902302502766697
data/frame-000120.color.jpg -0.1689763236205492 -0.6545224235112008 0.7077683619005551 -0.20521048966686015 -4.6578337894578326 1.1602173428487108 0.7090949096507709
data/frame-000121.color.jpg -0.1779773805760032 -0.6606259231341223 0.699587982299955 -0.20609244699399262 -4.631184077651191 1.0996292218695758 0.7759822672681118
data/frame-000122.color.jpg -0.1822349573064581 -0.6617285407412126 0.6986852906503241 -0.20185297454556186 -4.594986259356606 1.103091871788753 0.8362988542335617
data/frame-000123.color.jpg -0.1834986522659195 -0.662113761857424 0.6973372926278048 -0.20409387861012593 -4.578455165933014 1.0873520613430852 0.8332124002159823
data/frame-000124.color.jpg -0.1849956051242636 -0.6644974895623497 0.6952121617640591 -0.2022368971908596 -4.556867445062814 1.0558135916576474 0.8689507332184375
data/frame-000125.color.jpg -0.18825818148708556 -0.6689782886915594 0.6918300256108483 -0.19595438761554052 -4.515879380362248 1.0034091628608435 0.9591438526947821
data/frame-000126.color.jpg -0.19065912903610138 -0.6628741395581367 0.700733206256479 -0.18226339530956104 -4.42859088764733 1.075264510082925 1.066449737391426
data/frame-000127.color.jpg -0.17209841314906937 -0.6565630851059027 0.7135014977645358 -0.17384666852015138 -4.382140879655156 1.10493539128807 1.0193824557160687
data/frame-000128.color.jpg -0.16448116298573226 -0.6633882915538251 0.7093859266020107 -0.1721439188329492 -4.358973430839214 1.002027112137238 1.0254602739025949
data/frame-000129.color.jpg -0.16835244574529207 -0.6691242929836889 0.7021003129492926 -0.1760263761689202 -4.336316362210381 0.9400379176629453 1.0506865504144318
data/frame-000130.color.jpg -0.18143027379532253 -0.6746780382951154 0.6920329216950798 -0.18161232249762094 -4.276271866748403 0.8849016631287323 1.1131576260543474
data/frame-000131.color.jpg -0.17906088532391998 -0.6825930671999594 0.6859423988101903 -0.1774455676315624 -4.232666027243152 0.793234406462738 1.1490000872758215
data/frame-000132.color.jpg 0.17660351145499556 0.6886126987637532 -0.6838451937842163 0.16425438131536615 -4.158458491935737 0.7425958324371349 1.2270083436303092
data/frame-000133.color.jpg 0.17488379971416915 0.692411966503427 -0.6806495155226335 0.16339388684768869 -4.124515584007577 0.7093435846759844 1.227865667985721
data/frame-000134.color.jpg 0.17224169281103763 0.6912791389825869 -0.6817201401520633 0.16650405933830417 -4.105165217496976 0.718954820211268 1.1900524229431104
data/frame-000135.color.jpg 0.17528003499904823 0.691912146354414 -0.6821510869325195 0.15875889157695044 -4.028356989088656 0.7364998383299458 1.2485952104767257
data/frame-000136.color.jpg 0.17736415363529542 0.6956559904909346 -0.6777773316981885 0.15881620992642895 -4.002378338374455 0.6994156582653703 1.2671860441030882
data/frame-000137.color.jpg 0.17904760163264308 0.7017215375558215 -0.6715773329811978 0.1565654045622907 -3.968831037413679 0.6354099446252719 1.304211029989409
data/frame-000138.color.jpg 0.1803444534600589 0.7155975390765057 -0.6575575577448233 0.1517039828959821 -3.920389717483097 0.48347220664947366 1.3739270182628736
data/frame-000139.color.jpg 0.1825178909124366 0.7236413180536415 -0.6486624198877117 0.14922307907251597 -3.8901377534265684 0.39650032198795754 1.4198375023194079
data/frame-000140.color.jpg 0.18598639105096249 0.7320185653423481 -0.6390886241160757 0.1453396465641441 -3.8459981888889656 0.3095323255909975 1.481675155576967
data/frame-000141.color.jpg 0.18606702679315917 0.739217238936439 -0.6310490699083379 0.1439236136544782 -3.822731905560797 0.22880832166729687 1.5096653205071353
data/frame-000142.color.jpg 0.18754972245829346 0.7471051665522926 -0.621558345709498 0.1425629495891564 -3.789599505897704 0.13735027508764125 1.5443946243276754
data/frame-000143.color.jpg 0.1887205780998242 0.7564063814721875 -0.6108962621259472 0.13798437009446565 -3.750028891739314 0.03164396782267491 1.5985536856791576
data/frame-000144.color.jpg 0.19073332067290386 0.7800396757106807 -0.5817630738212576 0.12926960447183797 -3.6438771472814278 -0.24343320251398348 1.7196040782951463
data/frame-000145.color.jpg 0.19375974405471005 0.7878364063545337 -0.5709399671967959 0.12569213286260042 -3.59128390785232 -0.3356086554660924 1.7756824283691992
data/frame-000146.color.jpg 0.19546877891989176 0.7955143557681675 -0.5608159252917334 0.12014309873438869 -3.5355542270694285 -0.4266997656957887 1.8339900062481376
data/frame-000147.color.jpg 0.20064836262711197 0.8071721806863944 -0.5432544528983049 0.11440238068848847 -3.449612982798526 -0.5616941377494393 1.924069711010969
data/frame-000148.color.jpg 0.20476410035929749 0.8171949655933026 -0.5274516988455524 0.10981237087846255 -3.3734618975650394 -0.6828933691840694 2.0001343691004267
data/frame-000149.color.jpg 0.20616120509609778 0.8290444508895671 -0.5078720588295059 0.11067442262248088 -3.3035071564263743 -0.8366141200570394 2.0445945521725406
data/frame-000150.color.jpg 0.2166844449290945 0.8441507487877877 -0.48074005957152866 0.09667657301513725 -3.1298819640095954 -1.0041165682488975 2.213027017681848
data/frame-000151.color.jpg 0.22575724138038014 0.8632278046673572 -0.44347441822022193 0.08486380617043009 -2.9026281901119138 -1.2349727533243975 2.3703892604012426
data/frame-000152.color.jpg 0.23325328329773734 0.8753951588489883 -0.41597705792562206 0.07898929657949655 -2.733628999775146 -1.3792612863577 2.4712326234112347
data/frame-000153.color.jpg 0.2514058588461152 0.8941939470929512 -0.3646399143668826 0.06519211586295204 -2.3739811490342393 -1.5695729416709587 2.6795767732175304
data/frame-000154.color.jpg 0.26157595042099796 0.894812024453103 -0.35583896923318803 0.06533062857919582 -2.319493972910726 -1.5630679394551281 2.740062344723409
data/frame-000155.color.jpg 0.2673877911970803 0.9023466431157853 -0.33249823533781797 0.060985475923845164 -2.1541957203987274 -1.6524918342871524 2.81190879760837
data/frame-000156.color.jpg 0.28794177529527404 0.9164656632468177 -0.2752063388788758 0.03796963484498864 -1.6934345680403309 -1.8314598214467803 3.031289679586668
data/frame-000157.color.jpg 0.2910352119435258 0.920672019004424 -0.2580129921971869 0.03302778661610844 -1.5602541376855645 -1.8951404460930021 3.0804779820105206
data/frame-000158.color.jpg 0.28965959731404306 0.9274969747857789 -0.2342948269396376 0.03086443773050211 -1.3952510113900343 -1.9969250582683142 3.104520909083088
data/frame-000159.color.jpg 0.29336520498376184 0.9310599031504803 -0.21563852163809868 0.023755867401321743 -1.2437457706607091 -2.0370471425614167 3.1503568581271955
data/frame-000160.color.jpg 0.29311339819896126 0.9326776199302835 -0.20946377150268916 0.01794217114253325 -1.1736991282980276 -2.057615035688944 3.159237687150276
data/frame-000161.color.jpg 0.2989271435434485 0.9339864265826272 -0.19473876586435587 0.019716259330736136 -1.0730911211124807 -2.0451338464654496 3.1842339258543486
data/frame-000162.color.jpg 0.31174335564729805 0.9319807038967081 -0.18483815023877628 0.007931329665743182 -0.9121078143587936 -1.9526828849906381 3.236694632303571
data/frame-000163.color.jpg 0.3125905967921116 0.9360835103699029 -0.16058491185843005 0.01572470966763208 -0.767542027916283 -1.960436125700156 3.214292332562403
data/frame-000164.color.jpg 0.3093857745062085 0.9407172608981808 -0.13820255362867978 0.015216167452088621 -0.6057485450448801 -1.9968483107807744 3.1872711905976416
data/frame-000165.color.jpg 0.3141638438788647 0.9421464091008764 -0.1162116972915327 0.012492575002871487 -0.41960753522531724 -1.9461765635040493 3.183245605682355
data/frame-000166.color.jpg 0.32916264174373194 0.9345255842502472 -0.13416296640513964 0.017725295692747917 -0.5241988460494554 -1.7684620113170937 3.2114167458151375
data/frame-000167.color.jpg 0.3322472798663872 0.9319748893593311 -0.14323921169637535 0.022739368013413985 -0.5943523499639611 -1.7152897801362275 3.2023127086337198
data/frame-000168.color.jpg 0.3283665934508218 0.929192655242056 -0.16356173568714624 0.04498831369064889 -0.8250271379060818 -1.6697237036037837 3.1420893709511777
data/frame-000169.color.jpg 0.3229655527329612 0.9298297991555907 -0.1713995733476351 0.04161709512225863 -0.871464016425187 -1.6559432841634805 3.0833729328059127
data/frame-000170.color.jpg 0.3160285174369106 0.9295294911300549 -0.18607741969810984 0.038419983922732125 -0.9707006159711941 -1.58792643798837 2.979989017432095
data/frame-000171.color.jpg 0.32398218595257217 0.9244365007746295 -0.19507223009388183 0.048984939186962895 -1.0703986775235965 -1.4935084102282254 2.971324286977121
data/frame-000172.color.jpg 0.31846192741604634 0.9208461294305553 -0.21972894053704572 0.048410736305999506 -1.2148156338557843 -1.4401744024543004 2.909117839621589
data/frame-000173.color.jpg 0.3201700667112158 0.9099045951379563 -0.25655175398314417 0.06120419640139074 -1.4803345190862087 -1.2817661207965183 2.840156646875943
data/frame-000174.color.jpg 0.3193800298914936 0.9019960032209241 -0.2838455196078995 0.06189771949359955 -1.6397353119381077 -1.1750445062070853 2.792850065268163
data/frame-000175.color.jpg 0.29912222815466466 0.8866896913157205 -0.3411093222538165 0.08917238479351665 -2.045773569769544 -0.9861379906663822 2.517699779200817
data/frame-000176.color.jpg 0.27807513171339976 0.8693178622247411 -0.39938362574476377 0.08633304712882103 -2.2968398335815055 -0.7875387672521449 2.329031364181735
data/frame-000177.color.jpg 0.26551746314450464 0.8519709700867147 -0.4412297730016015 0.09466905678078932 -2.482712058304293 -0.5880601202024064 2.163002134165686
data/frame-000178.color.jpg 0.2587148019678742 0.8460099612067847 -0.4557219807164919 0.09824089308152358 -2.5498620747916423 -0.5128237676451489 2.0876273952636644
data/frame-000179.color.jpg 0.23703512837425852 0.8332730343535383 -0.48740387733777785 0.1091231345405104 -2.7292580739001933 -0.383833101985256 1.8826485002031081
data/frame-000180.color.jpg 0.23370988303499265 0.8231846955177488 -0.5037289530941641 0.11833760793500125 -2.8599955946176285 -0.2380016911535877 1.7729332420482424
data/frame-000181.color.jpg 0.22993800459480415 0.8193508423724678 -0.5101095349064898 0.12482376994776427 -2.954204926872972 -0.16674400219639762 1.6949114087002168
data/frame-000182.color.jpg 0.22884632694580745 0.8186817779975554 -0.5104585392311969 0.1296980521986601 -3.0166233327720064 -0.14034386544688215 1.632448392047187
data/frame-000183.color.jpg 0.23104003155287506 0.8211815826730955 -0.5060782301606712 0.12714612481707602 -3.0396535255856327 -0.12739962094727936 1.6281080231058083
data/frame-000184.color.jpg 0.24562184477305665 0.8214985330555026 -0.49835887899942694 0.12825169503898334 -3.028721140108837 -0.052876360363586186 1.6614160519320744
data/frame-000185.color.jpg 0.2579964012874001 0.8199841077116818 -0.49502085917733446 0.12656330037716756 -3.0047674011572023 0.025934663397751884 1.6954116059828894
data/frame-000186.color.jpg 0.2606462015088764 0.8243592456735934 -0.4875396906131807 0.12165706633098357 -2.9675483574935178 0.05410348858395308 1.701971235308386
data/frame-000187.color.jpg 0.2782139476890302 0.8188486903638189 -0.4883435885612834 0.11663773451088924 -2.927307153819868 0.24224588344533846 1.7079489897208486
data/frame-000188.color.jpg 0.2810802319746812 0.8093887514316643 -0.5017145974459758 0.119021909573716 -2.9462656460812147 0.39742463868915767 1.6328299175421574
data/frame-000189.color.jpg 0.27564714700765447 0.8091778172645726 -0.5075480318443764 0.10791156455348822 -2.9633579614850682 0.45036322231438697 1.6338671952472286
data/frame-000190.color.jpg 0.2774273993599699 0.8144721284447424 -0.4941238156784854 0.12454254233148246 -3.0248289949702407 0.40227665205155505 1.549496195589312
data/frame-000191.color.jpg 0.28863782892312684 0.8432617970799186 -0.43863159542441954 0.11489155232444001 -2.95940303308532 0.11876295603811118 1.7181974045964306
data/frame-000192.color.jpg 0.29433241277456 0.8620259944516451 -0.40082285970506554 0.09808491636236975 -2.853397014167541 -0.06369585844576711 1.8694296710373686
data/frame-000193.color.jpg 0.29171210780931217 0.8734911358623356 -0.3800677428628501 0.08640481793577362 -2.7893734322970443 -0.14087539524302134 1.9004372734295696
data/frame-000194.color.jpg 0.29781731862295924 0.8722046025812228 -0.37940640673017595 0.08133114100059094 -2.7755702357008576 -0.05871512171918742 1.9014344627172246
data/frame-000195.color.jpg 0.29779813222746354 0.8688319802849099 -0.38609320903800826 0.08590283121509328 -2.8141540389417443 0.04767466799590324 1.8145033643875215
data/frame-000196.color.jpg 0.2993571491025891 0.8656398154689589 -0.3918771707022076 0.08651757184797544 -2.825842494115411 0.10447935510395369 1.78545043446175
data/frame-000197.color.jpg 0.295350221021755 0.862863455915166 -0.4011768510607742 0.08539342809314128 -2.8390940961910447 0.16156146054303902 1.755765535157281
data/frame-000198.color.jpg 0.29102787470859764 0.8365764424285781 -0.4542361380663571 0.09545765024712863 -2.937212858296961 0.5139112454795961 1.5675738214094381
data/frame-000199.color.jpg 0.28894985893990144 0.8161535980259121 -0.4886232195837546 0.10792883179009496 -3.008941368025084 0.754214452148077 1.4213432269753496
data/frame-000200.color.jpg 0.2846907755607525 0.7928484196058858 -0.5255030170564903 0.11911811324728226 -3.040054480182876 1.0028610500137212 1.2647691988057923
data/frame-000201.color.jpg 0.27844380782269657 0.7673854460139208 -0.5619305498910758 0.13350161133981 -3.059151884139752 1.2452616452272511 1.0838936105056611
data/frame-000202.color.jpg 0.25952385981343623 0.734054801947862 -0.6086839447812421 0.15269174597982355 -3.0621804761888773 1.5279856763542004 0.8274759801492877
data/frame-000203.color.jpg 0.24748495421055727 0.715592263035789 -0.6337076808271862 0.15840923515801236 -3.0411148727511796 1.685096100466008 0.7163762162082095
data/frame-000204.color.jpg 0.23302328365497743 0.6962061198612189 -0.6585361584075314 0.1653097577648969 -3.02155060238863 1.8277948094514525 0.592772097054021
data/frame-000205.color.jpg -0.22745794436731695 -0.6702586721208451 0.6870310332999336 -0.1643306279237734 -2.9261795636072314 2.0374028519231375 0.5155051070479535
data/frame-000206.color.jpg -0.21634054421614468 -0.6566780069819584 0.7035630796089579 -0.1642247152094499 -2.8752624812757124 2.137588984820456 0.46045199662903324
data/frame-000207.color.jpg -0.20297269140566715 -0.6405700923739887 0.7231524988438217 -0.159757649943458 -2.8082013140344753 2.2540197427432123 0.4224856624605105
data/frame-000208.color.jpg -0.19188360861213613 -0.64007952745133 0.7257283023788006 -0.16369884058859557 -2.8350814932329302 2.239132459365263 0.3752939355907101
data/frame-000209.color.jpg -0.18537037393913705 -0.6344815822460009 0.733200746507922 -0.159648399855748 -2.832645135518329 2.2635996879625626 0.3852884813273333
data/frame-000210.color.jpg -0.18322420197206438 -0.6347086077746565 0.7340999753693052 -0.15707037018878728 -2.8417590686125065 2.257736169913304 0.40378989675178845
data/frame-000211.color.jpg -0.17951248987974 -0.6396648093737431 0.7317512123761345 -0.15213270789704073 -2.9185260128644943 2.1937542625935347 0.4625398380730442
data/frame-000212.color.jpg -0.17810591684145732 -0.6468337962683234 0.7262610220970058 -0.1497639815636087 -2.9899660890235147 2.1022344939593745 0.5198107594013485
data/frame-000213.color.jpg -0.17763030067153637 -0.6503197128900359 0.7234566310100236 -0.14880272295085156 -3.0244511176136792 2.0572331628875045 0.5402905641532872
data/frame-000214.color.jpg -0.17335163632717318 -0.6531527736693089 0.7215785689438488 -0.1505491058483157 -3.0561319377445444 2.0197534212749035 0.5297444633930584
data/frame-000215.color.jpg -0.17352133369977785 -0.6499976792329646 0.7222219118200526 -0.16058914605227143 -3.095835987353539 2.0170164600404346 0.4637457543990169
data/frame-000216.color.jpg -0.16773649306211677 -0.638264764449656 0.7313126340632242 -0.17223353511078 -3.105029562014535 2.085751266023121 0.3531485226669664
data/frame-000217.color.jpg -0.16131656715233933 -0.6150880814089857 0.7495228641889977 -0.18400840559256762 -3.0557864633598673 2.252792252259135 0.20980285293059991
data/frame-000218.color.jpg -0.1583206645751207 -0.5941410813934184 0.7647186272545675 -0.19270797518276403 -2.9918426194600647 2.406274878739308 0.0973372209200504
data/frame-000219.color.jpg -0.1434797864380839 -0.5338325076228043 0.8081343345923133 -0.2033600303448782 -2.712350152561824 2.819949647265404 -0.1293303696336234
data/frame-000220.color.jpg -0.14201299864957095 -0.5218306463664274 0.8159632914769382 -0.20427675268976206 -2.6465712827891577 2.8985116779363542 -0.16422535466853444
data/frame-000221.color.jpg -0.1385200923595492 -0.502736472717046 0.8271685606945545 -0.2094287353999544 -2.5403729018339294 3.0166786887059653 -0.24566124922683147
data/frame-000222.color.jpg -0.11797914873271367 -0.4290876663207761 0.865808402419347 -0.2287804742012599 -2.039212101525006 3.422796365546194 -0.5549620810666391
data/frame-000223.color.jpg -0.10855881338229098 -0.41505530079105746 0.8727137512749727 -0.23305533604240536 -1.929317086947392 3.4793715735751216 -0.6202401358423776
data/frame-000224.color.jpg -0.09108294996424948 -0.375201180839123 0.8906410982961686 -0.2401799411868799 -1.5965115478362686 3.66439112356436 -0.7431487670230185
data/frame-000225.color.jpg -0.07897147804459259 -0.32525616851275335 0.9085778701029731 -0.24991635492500372 -1.1562402057281735 3.836538764290036 -0.8936363829812958
data/frame-000226.color.jpg -0.06550762765194716 -0.2688495465989399 0.9252905335687304 -0.2593570907090313 -0.6602964036647375 3.960051259370947 -1.0228324237009232
data/frame-000227.color.jpg -0.05886119734739649 -0.24440485030959988 0.9337570143783441 -0.2547537373449375 -0.4490052575610721 4.016997233427636 -1.0089880216722191
data/frame-000228.color.jpg -0.0456705802034809 -0.2136170600222114 0.944516832991907 -0.24529554004563944 -0.17059897018335632 4.103023410999654 -0.952806432318938
data/frame-000229.color.jpg -0.04834268072333251 -0.19781584282032008 0.9494886926487904 -0.23875322004500657 -0.024756978024787237 4.153165685668365 -0.9311279569544055
data/frame-000230.color.jpg -0.0441712484390654 -0.18570091350623438 0.9569680842415492 -0.21857757725197574 0.08232251484398177 4.227455004746814 -0.7849061983286391
data/frame-000231.color.jpg -0.04407085371590309 -0.17303975696322654 0.9617394286900778 -0.20777938700877366 0.190905185471619 4.287867598951577 -0.7154189352484772
data/frame-000232.color.jpg -0.04069925449266654 -0.1629558373023303 0.9626752010428372 -0.21223907055481236 0.26128718454781474 4.315130359467738 -0.757303286220332
data/frame-000233.color.jpg -0.021488686978804496 -0.11845107091188654 0.9671757811133052 -0.22378245811417521 0.6381135363870908 4.333375590497323 -0.8348093748881326
data/frame-000234.color.jpg -0.011611186947340623 -0.0980085150129247 0.9700692117844448 -0.22186760843021144 0.8317206415012093 4.343833370686056 -0.8047917039270703
data/frame-000235.color.jpg -0.01130898188384718 -0.08098904706570283 0.9733584263239433 -0.2142107725776564 1.0247221744909354 4.369713590832282 -0.7547753631497494
data/frame-000236.color.jpg -0.01074249533761463 -0.07791456785179857 0.9738081181636852 -0.21333463832413932 1.0629672727644646 4.3818884825830375 -0.7485459650820457
data/frame-000237.color.jpg -0.012146237926370583 -0.07057182835077097 0.9726739289221847 -0.2208563196798899 1.1432033339606515 4.366931289463536 -0.8145502171146966
data/frame-000238.color.jpg -0.010589293883194663 -0.060085666443673975 0.9684011776106894 -0.24181964094197345 1.2443090203081575 4.348676510725627 -0.9869203199723278
data/frame-000239.color.jpg -0.007566361425640278 -0.04546517623219402 0.9640875661483534 -0.26155464576851956 1.3726072185856224 4.309331749052335 -1.139250806353353
data/frame-000240.color.jpg -0.011604463781510106 -0.041874773014305575 0.9550825424145988 -0.2931367888549828 1.4004691877726438 4.243717166437509 -1.4215233814032617
data/frame-000241.color.jpg -0.005767283430464078 -0.04126561109818685 0.9469261296615485 -0.3187393806022832 1.4079393697638973 4.18511595029463 -1.6189116647719433
data/frame-000242.color.jpg -0.008615571861724684 -0.04528670200055697 0.9407120304399037 -0.33605916492344223 1.3654600613542085 4.146734919491443 -1.7758419832170238
data/frame-000243.color.jpg -0.0013034091844837305 -0.047876847105825786 0.9373186748185341 -0.345166351882871 1.344090480615926 4.135186074163549 -1.8329831977337072
