data/frame-000000.color.jpg 0.275170 0.694042 -0.602569 0.281954 0.971489 0.558653 1.153631 2.170520 0.069449
data/frame-000001.color.jpg 0.251240 0.702250 -0.614598 0.256892 0.962609 0.450305 1.180819 1.931638 0.058010
data/frame-000002.color.jpg 0.225837 0.701696 -0.628335 0.248628 0.930554 0.380978 1.219628 1.967643 0.059538
data/frame-000003.color.jpg 0.194904 0.687089 -0.655971 0.244179 0.863469 0.274085 1.278014 1.741735 0.054190
data/frame-000004.color.jpg 0.185164 0.677418 -0.668622 0.244465 0.822332 0.228461 1.298002 1.657935 0.051016
data/frame-000005.color.jpg 0.182560 0.669384 -0.678886 0.240231 0.807754 0.194138 1.302311 1.610901 0.049941
data/frame-000006.color.jpg 0.151299 0.661560 -0.694331 0.239480 0.738243 0.122515 1.335441 1.646756 0.050685
data/frame-000007.color.jpg 0.139101 0.648410 -0.709662 0.237896 0.694022 0.073407 1.348149 1.613255 0.050118
data/frame-000008.color.jpg 0.138794 0.641474 -0.719442 0.227266 0.659368 0.031165 1.326002 0.612216 0.012956
data/frame-000009.color.jpg 0.128893 0.626250 -0.733636 0.230164 0.603596 -0.007259 1.338870 0.374761 0.015333
data/frame-000010.color.jpg 0.128403 0.613969 -0.739119 0.245475 0.551475 0.021842 1.357045 0.651527 0.015886
data/frame-000011.color.jpg 0.134708 0.611579 -0.732884 0.265904 0.518641 0.088677 1.369231 0.556345 0.011133
data/frame-000012.color.jpg 0.161915 0.620328 -0.712308 0.285647 0.554332 0.223250 1.356411 0.309063 0.007205
data/frame-000013.color.jpg 0.191662 0.627527 -0.692940 0.298847 0.616284 0.341261 1.325965 0.215655 0.009468
data/frame-000014.color.jpg 0.216760 0.637465 -0.675515 0.300555 0.698255 0.433230 1.277767 0.236985 0.005732
data/frame-000015.color.jpg 0.231279 0.640678 -0.666052 0.304001 0.756507 0.504463 1.236131 0.207350 0.006962
data/frame-000016.color.jpg 0.241772 0.649015 -0.654683 0.302847 0.834681 0.564662 1.195093 0.401274 0.015162
data/frame-000017.color.jpg 0.256559 0.664182 -0.634000 0.301800 0.905800 0.649083 1.140359 0.550911 0.020025
data/frame-000018.color.jpg 0.267167 0.673316 -0.618824 0.303849 0.942163 0.714390 1.099630 0.593661 0.020670
data/frame-000019.color.jpg 0.278318 0.680924 -0.605278 0.304172 0.974763 0.772359 1.056016 0.571428 0.017853
data/frame-000020.color.jpg 0.291911 0.693808 -0.586022 0.299994 1.020557 0.841009 0.993252 0.592028 0.016618
data/frame-000021.color.jpg 0.303972 0.697825 -0.574011 0.301915 1.051290 0.896338 0.942333 0.466998 0.016207
data/frame-000022.color.jpg 0.331936 0.693490 -0.563768 0.301754 1.104059 0.949877 0.850466 0.247091 0.003763
data/frame-000023.color.jpg 0.343689 0.693204 -0.554900 0.305666 1.131140 1.008177 0.780316 0.129943 0.004920
data/frame-000024.color.jpg 0.353742 0.692391 -0.544028 0.315428 1.135230 1.074044 0.713057 0.199096 0.004958
data/frame-000025.color.jpg 0.356424 0.690739 -0.541888 0.319686 1.137333 1.095354 0.692772 0.190149 0.004779
data/frame-000026.color.jpg 0.363648 0.685878 -0.540246 0.324753 1.148651 1.119232 0.659849 0.175574 0.005220
data/frame-000027.color.jpg 0.363334 0.680255 -0.543084 0.332115 1.145338 1.127820 0.656690 0.191342 0.006906
data/frame-000028.color.jpg 0.368658 0.670056 -0.542836 0.347052 1.139217 1.171821 0.640002 0.206590 0.009830
data/frame-000029.color.jpg 0.384914 0.668423 -0.530506 0.351589 1.140460 1.220326 0.578005 0.133269 0.011099
data/frame-000030.color.jpg 0.387534 0.669739 -0.522060 0.358776 1.109930 1.259117 0.559600 0.230993 0.008420
data/frame-000031.color.jpg 0.397891 0.668301 -0.512874 0.363340 1.085271 1.286755 0.518417 0.184996 0.002631
data/frame-000032.color.jpg 0.401470 0.665564 -0.509042 0.369760 1.051373 1.306155 0.505074 0.175609 0.002461
data/frame-000033.color.jpg 0.388637 0.663131 -0.517637 0.375861 1.009483 1.296775 0.556205 0.146668 0.009731
data/frame-000034.color.jpg 0.374755 0.661252 -0.529441 0.376825 0.962667 1.276078 0.609199 0.288309 0.010082
data/frame-000035.color.jpg 0.362802 0.654030 -0.547821 0.374849 0.910273 1.233588 0.662057 0.452673 0.012919
data/frame-000036.color.jpg 0.367885 0.643200 -0.557562 0.374271 0.871442 1.197593 0.655746 0.264615 0.006772
data/frame-000037.color.jpg 0.361333 0.633544 -0.571783 0.375667 0.801820 1.161220 0.680315 0.270285 0.004455
data/frame-000038.color.jpg 0.346246 0.619750 -0.593031 0.379918 0.742254 1.116826 0.730722 0.282929 0.004328
data/frame-000039.color.jpg 0.330536 0.599690 -0.617880 0.386448 0.695955 1.078286 0.778732 0.379259 0.006688
data/frame-000040.color.jpg 0.308785 0.576019 -0.647696 0.391591 0.646002 1.034540 0.830976 0.387674 0.009772
data/frame-000041.color.jpg 0.280645 0.560008 -0.678628 0.383528 0.588017 0.974554 0.873108 0.303835 0.009058
data/frame-000042.color.jpg 0.264489 0.548856 -0.695537 0.380830 0.543151 0.954395 0.874527 0.376966 0.011852
data/frame-000043.color.jpg 0.251303 0.540325 -0.705856 0.382966 0.488049 0.941127 0.861039 0.328453 0.012679
data/frame-000044.color.jpg 0.248405 0.531621 -0.715762 0.378628 0.466272 0.929066 0.848921 0.227870 0.008302
data/frame-000045.color.jpg 0.240802 0.508591 -0.729352 0.389095 0.437197 0.931407 0.850302 0.527683 0.013823
data/frame-000046.color.jpg 0.231911 0.492862 -0.743706 0.387565 0.403676 0.893071 0.876559 0.281453 0.007086
data/frame-000047.color.jpg 0.236864 0.490922 -0.744913 0.384703 0.388967 0.880474 0.880433 0.214759 0.009685
data/frame-000048.color.jpg 0.237509 0.504301 -0.737864 0.380563 0.327110 0.873138 0.895078 0.340324 0.007404
data/frame-000049.color.jpg 0.235734 0.525312 -0.725999 0.376034 0.240764 0.847327 0.918524 0.562123 0.014269
data/frame-000050.color.jpg 0.230702 0.533533 -0.720975 0.377246 0.170261 0.823973 0.937131 0.516732 0.013787
data/frame-000051.color.jpg 0.233586 0.543955 -0.713228 0.375308 0.126728 0.808562 0.950253 0.540910 0.013313
data/frame-000052.color.jpg 0.229874 0.552086 -0.709762 0.372286 0.090079 0.786907 0.964244 0.725457 0.021340
data/frame-000053.color.jpg 0.233618 0.547347 -0.714915 0.367055 0.057904 0.775836 0.970140 0.505147 0.014945
data/frame-000054.color.jpg 0.246724 0.540725 -0.715138 0.367859 0.034909 0.792426 0.946168 0.351828 0.007251
data/frame-000055.color.jpg 0.232044 0.550924 -0.717215 0.358108 -0.019924 0.762393 0.954978 0.470701 0.011082
data/frame-000056.color.jpg 0.234242 0.557397 -0.711399 0.358261 -0.055183 0.768765 0.940647 0.289500 0.005650
data/frame-000057.color.jpg 0.240256 0.568300 -0.706368 0.346925 -0.054843 0.762477 0.945349 0.404081 0.008392
data/frame-000058.color.jpg 0.246401 0.569718 -0.704236 0.344616 -0.058747 0.766444 0.939815 0.254474 0.004177
data/frame-000059.color.jpg 0.250012 0.588117 -0.695366 0.328755 -0.059263 0.741051 0.952570 0.349127 0.007519
data/frame-000060.color.jpg 0.277045 0.606895 -0.671410 0.322698 -0.054000 0.768680 0.943393 0.741507 0.007781
data/frame-000061.color.jpg 0.280359 0.654389 -0.628770 0.312765 -0.098432 0.733920 0.969352 0.321246 0.006018
data/frame-000062.color.jpg 0.292056 0.676021 -0.599316 0.313876 -0.139422 0.721386 0.980644 0.215643 0.007260
data/frame-000063.color.jpg 0.294533 0.686860 -0.586761 0.311745 -0.171753 0.695049 0.997771 0.142351 0.006338
data/frame-000064.color.jpg 0.294649 0.686511 -0.587758 0.310526 -0.191751 0.673690 1.007621 0.222850 0.010503
data/frame-000065.color.jpg 0.287268 0.685118 -0.596403 0.303964 -0.214767 0.628020 1.023414 0.352334 0.012629
data/frame-000066.color.jpg 0.281562 0.674047 -0.612515 0.302009 -0.224254 0.610749 1.027699 0.290768 0.012992
data/frame-000067.color.jpg 0.274889 0.662408 -0.632662 0.292217 -0.211621 0.569193 1.034287 0.245315 0.013538
data/frame-000068.color.jpg 0.269235 0.667231 -0.630738 0.290664 -0.221191 0.534984 1.048588 0.247702 0.016299
data/frame-000069.color.jpg 0.278920 0.678497 -0.613218 0.292932 -0.235711 0.512425 1.055359 0.235733 0.016121
data/frame-000070.color.jpg 0.298708 0.691848 -0.585443 0.298960 -0.253199 0.513898 1.068874 0.232841 0.012025
data/frame-000071.color.jpg 0.305787 0.698381 -0.573909 0.298976 -0.269651 0.484014 1.070414 0.203988 0.012158
data/frame-000072.color.jpg 0.321000 0.694445 -0.566786 0.305709 -0.280403 0.492419 1.048724 0.274906 0.012505
data/frame-000073.color.jpg 0.324308 0.693346 -0.557216 0.321880 -0.319860 0.464351 1.002973 0.378048 0.017627
data/frame-000074.color.jpg 0.314437 0.697141 -0.558165 0.321832 -0.351277 0.422248 0.979838 0.301375 0.013006
data/frame-000075.color.jpg 0.319906 0.684620 -0.571017 0.320774 -0.356879 0.419828 0.942554 0.190276 0.015678
data/frame-000076.color.jpg 0.327602 0.687562 -0.560364 0.325466 -0.359437 0.408045 0.915946 0.213344 0.014295
data/frame-000077.color.jpg 0.352845 0.691175 -0.529420 0.342771 -0.348736 0.434374 0.884372 0.287469 0.014163
data/frame-000078.color.jpg 0.369217 0.689214 -0.509181 0.359719 -0.349290 0.446276 0.847642 0.421975 0.016500
data/frame-000079.color.jpg 0.393264 0.684673 -0.488575 0.371296 -0.335153 0.459716 0.815607 0.373061 0.019152
data/frame-000080.color.jpg 0.418161 0.672966 -0.475452 0.382365 -0.321600 0.489090 0.787331 0.322044 0.013678
data/frame-000081.color.jpg 0.435584 0.659271 -0.475714 0.386425 -0.307485 0.514184 0.769192 0.275668 0.014585
data/frame-000082.color.jpg 0.432730 0.658428 -0.474744 0.392218 -0.316872 0.503708 0.764356 0.371164 0.008864
data/frame-000083.color.jpg 0.437971 0.651618 -0.475547 0.396775 -0.320990 0.513503 0.760532 0.282937 0.012111
data/frame-000084.color.jpg 0.438538 0.653588 -0.475837 0.392538 -0.317346 0.511441 0.773351 0.374436 0.010096
data/frame-000085.color.jpg 0.420606 0.664349 -0.491062 0.374952 -0.315605 0.482194 0.814594 0.209702 0.010801
data/frame-000086.color.jpg 0.403488 0.668855 -0.500352 0.373468 -0.347862 0.491905 0.849793 0.285966 0.005045
data/frame-000087.color.jpg 0.391913 0.667834 -0.513034 0.370403 -0.385940 0.503021 0.884121 0.158945 0.010204
data/frame-000088.color.jpg 0.369381 0.667439 -0.530391 0.369823 -0.464793 0.516227 0.921440 0.482803 0.005512
data/frame-000089.color.jpg 0.356430 0.654276 -0.542980 0.387367 -0.550797 0.545521 0.907770 0.277516 0.004552
data/frame-000090.color.jpg 0.340821 0.639858 -0.566609 0.391634 -0.618664 0.554183 0.890636 0.157231 0.002275
data/frame-000091.color.jpg 0.314342 0.630068 -0.603681 0.373862 -0.655903 0.544998 0.892382 0.347365 0.005508
data/frame-000092.color.jpg 0.293603 0.631110 -0.617377 0.366527 -0.700375 0.530021 0.878771 0.378158 0.006435
data/frame-000093.color.jpg 0.277416 0.626160 -0.636025 0.355578 -0.740986 0.536163 0.862580 0.283919 0.005642
data/frame-000094.color.jpg 0.260843 0.626146 -0.647175 0.347947 -0.791566 0.534702 0.844875 0.217731 0.005151
data/frame-000095.color.jpg 0.253861 0.615571 -0.661333 0.345348 -0.811751 0.557159 0.822227 0.215748 0.003969
data/frame-000096.color.jpg 0.256130 0.609316 -0.663365 0.350824 -0.835334 0.590276 0.805439 0.143819 0.004670
data/frame-000097.color.jpg 0.267420 0.622211 -0.656115 0.332947 -0.830802 0.590405 0.850434 0.241530 0.008454
data/frame-000098.color.jpg 0.271745 0.651247 -0.631128 0.322039 -0.842544 0.536922 0.897741 0.195014 0.007941
data/frame-000099.color.jpg 0.273632 0.667727 -0.616237 0.315465 -0.852081 0.506086 0.923580 0.239823 0.011164
data/frame-000100.color.jpg 0.278534 0.688013 -0.598030 0.302352 -0.854529 0.477468 0.967964 0.442405 0.016847
data/frame-000101.color.jpg 0.280339 0.701926 -0.584676 0.294728 -0.849620 0.457630 0.995615 0.415872 0.017320
data/frame-000102.color.jpg 0.283744 0.715962 -0.572385 0.281538 -0.831961 0.440731 1.032905 0.402636 0.018344
data/frame-000103.color.jpg 0.274040 0.728143 -0.567143 0.270295 -0.829969 0.433944 1.039638 0.373880 0.015683
data/frame-000104.color.jpg 0.274980 0.727936 -0.567693 0.268738 -0.824427 0.471669 1.027853 0.356678 0.012786
data/frame-000105.color.jpg 0.277880 0.711894 -0.580471 0.281145 -0.835818 0.583680 0.956895 0.112695 0.007733
data/frame-000106.color.jpg 0.278142 0.707095 -0.581238 0.291231 -0.845986 0.638604 0.902033 0.070192 0.004905
data/frame-000107.color.jpg 0.277526 0.703031 -0.582368 0.299288 -0.855680 0.675840 0.854398 0.338584 0.005316
data/frame-000108.color.jpg 0.281422 0.700689 -0.580914 0.303934 -0.858294 0.708027 0.820231 0.188624 0.002899
data/frame-000109.color.jpg 0.294843 0.710453 -0.558675 0.310174 -0.878785 0.729166 0.790611 0.949596 0.017410
data/frame-000110.color.jpg 0.304463 0.723692 -0.531191 0.318447 -0.907748 0.725022 0.772759 0.332777 0.007760
data/frame-000111.color.jpg 0.311613 0.738773 -0.507176 0.316045 -0.923347 0.714147 0.781641 0.343967 0.006876
data/frame-000112.color.jpg 0.320546 0.745423 -0.493623 0.312940 -0.920316 0.723710 0.781833 0.596217 0.011749
data/frame-000113.color.jpg 0.328386 0.746050 -0.489005 0.310559 -0.912488 0.748339 0.773866 0.520109 0.009642
data/frame-000114.color.jpg 0.333144 0.745011 -0.484460 0.315075 -0.914748 0.771067 0.749297 0.503224 0.009463
data/frame-000115.color.jpg 0.336198 0.736128 -0.496897 0.313336 -0.881281 0.824540 0.728415 0.401058 0.004595
data/frame-000116.color.jpg 0.340694 0.730998 -0.503137 0.310520 -0.842560 0.861671 0.713995 0.464381 0.005309
data/frame-000117.color.jpg 0.340284 0.728203 -0.507100 0.311091 -0.791687 0.898390 0.688872 0.560385 0.008566
data/frame-000118.color.jpg 0.339694 0.727830 -0.507730 0.311579 -0.773452 0.912627 0.682747 0.558047 0.008460
data/frame-000119.color.jpg 0.343188 0.724825 -0.508911 0.312825 -0.734999 0.939883 0.667642 0.540311 0.007857
data/frame-000120.color.jpg 0.345584 0.724881 -0.506361 0.314194 -0.701410 0.955060 0.655711 0.535176 0.010321
data/frame-000121.color.jpg 0.351829 0.724658 -0.504107 0.311391 -0.653514 0.969329 0.648233 0.533028 0.010184
data/frame-000122.color.jpg 0.354588 0.727197 -0.499503 0.309756 -0.623176 0.970830 0.644189 0.348184 0.006774
data/frame-000123.color.jpg 0.357847 0.730377 -0.494055 0.307254 -0.599667 0.976074 0.642002 0.345674 0.008832
data/frame-000124.color.jpg 0.364673 0.733656 -0.487765 0.301409 -0.560683 0.983001 0.642169 0.238780 0.010205
data/frame-000125.color.jpg 0.369913 0.739444 -0.481119 0.291396 -0.515073 0.981514 0.649220 0.282636 0.013110
data/frame-000126.color.jpg 0.370952 0.743809 -0.477087 0.285537 -0.491754 0.979994 0.654965 0.223685 0.013110
data/frame-000127.color.jpg 0.375011 0.749998 -0.467065 0.280571 -0.471680 0.979819 0.659716 0.270854 0.012186
data/frame-000128.color.jpg 0.381013 0.756760 -0.453799 0.276062 -0.447585 0.977511 0.664234 0.253894 0.011640
data/frame-000129.color.jpg 0.387604 0.762072 -0.443215 0.269388 -0.421989 0.976422 0.672182 0.361137 0.012733
data/frame-000130.color.jpg 0.394914 0.769978 -0.428915 0.259247 -0.392372 0.973293 0.687611 0.465890 0.013125
data/frame-000131.color.jpg 0.401221 0.777344 -0.414642 0.250659 -0.368168 0.964558 0.701719 0.547432 0.013704
data/frame-000132.color.jpg 0.405476 0.787403 -0.398992 0.237469 -0.334306 0.950199 0.725744 0.594577 0.015533
data/frame-000133.color.jpg 0.405892 0.799627 -0.381188 0.224822 -0.309043 0.932377 0.751732 0.553569 0.014083
data/frame-000134.color.jpg 0.410460 0.806451 -0.367340 0.214993 -0.284733 0.922505 0.763335 0.627539 0.016956
data/frame-000135.color.jpg 0.414228 0.816566 -0.347060 0.202940 -0.264727 0.906586 0.779469 0.844342 0.024771
data/frame-000136.color.jpg 0.413256 0.828470 -0.326979 0.189581 -0.241341 0.880978 0.800579 0.960389 0.027347
data/frame-000137.color.jpg 0.405600 0.837341 -0.317014 0.183988 -0.242776 0.847302 0.819322 1.028647 0.031135
data/frame-000138.color.jpg 0.393518 0.842090 -0.319566 0.184135 -0.259995 0.818275 0.832808 0.875233 0.025881
data/frame-000139.color.jpg 0.382743 0.837215 -0.340206 0.191933 -0.289317 0.802738 0.833610 0.748784 0.019638
data/frame-000140.color.jpg 0.373833 0.829154 -0.364220 0.200241 -0.317043 0.802894 0.828429 0.496615 0.012284
data/frame-000141.color.jpg 0.367750 0.815894 -0.392296 0.212557 -0.358970 0.815083 0.813196 0.436866 0.008530
data/frame-000142.color.jpg 0.365702 0.806726 -0.407975 0.221386 -0.383533 0.830084 0.801020 0.423730 0.006007
data/frame-000143.color.jpg 0.363553 0.792802 -0.429239 0.234622 -0.419793 0.849763 0.781353 0.502135 0.008375
data/frame-000144.color.jpg 0.361196 0.781770 -0.446744 0.242473 -0.435154 0.868100 0.768864 0.367899 0.005762
data/frame-000145.color.jpg 0.360471 0.772381 -0.458089 0.252276 -0.458202 0.884082 0.752556 0.491523 0.005385
data/frame-000146.color.jpg 0.360362 0.761046 -0.473045 0.259185 -0.471021 0.904454 0.739972 0.274051 0.004152
data/frame-000147.color.jpg 0.359860 0.753558 -0.482157 0.264907 -0.481404 0.912880 0.729618 0.333060 0.004570
data/frame-000148.color.jpg 0.358411 0.742827 -0.496755 0.270154 -0.493617 0.922259 0.717265 0.293184 0.008477
data/frame-000149.color.jpg 0.356095 0.733267 -0.509483 0.275577 -0.507258 0.929591 0.705805 0.365994 0.011456
data/frame-000150.color.jpg 0.354088 0.721700 -0.523556 0.282239 -0.529609 0.945349 0.688066 0.352491 0.011467
data/frame-000151.color.jpg 0.350617 0.712923 -0.535471 0.286496 -0.541025 0.958002 0.676831 0.300156 0.008557
data/frame-000152.color.jpg 0.344428 0.701287 -0.551826 0.291642 -0.562210 0.974674 0.663336 0.186508 0.004872
data/frame-000153.color.jpg 0.340330 0.692377 -0.563212 0.295943 -0.581683 0.987297 0.649849 0.135306 0.006119
data/frame-000154.color.jpg 0.334622 0.680761 -0.577605 0.301602 -0.605056 1.008147 0.631786 0.183417 0.007791
data/frame-000155.color.jpg 0.330234 0.673178 -0.586077 0.307067 -0.618589 1.021195 0.617016 0.423244 0.009917
data/frame-000156.color.jpg 0.324791 0.662000 -0.597767 0.314549 -0.639973 1.050806 0.594725 0.889615 0.019964
data/frame-000157.color.jpg 0.322678 0.654500 -0.604698 0.319136 -0.649976 1.061528 0.578346 0.932060 0.021012
data/frame-000158.color.jpg 0.315423 0.633544 -0.620638 0.337547 -0.688352 1.102561 0.521682 0.790573 0.018393
data/frame-000159.color.jpg 0.316294 0.623636 -0.625694 0.345750 -0.697749 1.121405 0.494920 0.721756 0.015742
data/frame-000160.color.jpg 0.316175 0.608748 -0.634976 0.355338 -0.707870 1.150146 0.460737 0.715433 0.014855
data/frame-000161.color.jpg 0.316168 0.597267 -0.640338 0.365072 -0.719590 1.167766 0.428003 0.560395 0.011384
data/frame-000162.color.jpg 0.314552 0.582992 -0.648611 0.374809 -0.724830 1.191206 0.393033 0.590847 0.013183
data/frame-000163.color.jpg 0.310115 0.571697 -0.656446 0.382191 -0.741566 1.205761 0.364177 0.494379 0.010066
data/frame-000164.color.jpg 0.307883 0.563686 -0.662568 0.385317 -0.744390 1.213290 0.346962 0.476920 0.009883
data/frame-000165.color.jpg 0.299509 0.556350 -0.670301 0.389186 -0.765101 1.221602 0.326249 0.610091 0.015168
data/frame-000166.color.jpg 0.295888 0.551070 -0.675402 0.390647 -0.777335 1.229707 0.311621 0.714017 0.017132
data/frame-000167.color.jpg 0.291293 0.546927 -0.678804 0.394010 -0.799616 1.233855 0.294135 0.763153 0.016504
data/frame-000168.color.jpg 0.288000 0.544928 -0.680613 0.396075 -0.827986 1.231293 0.278187 0.609860 0.012652
data/frame-000169.color.jpg 0.284069 0.545720 -0.680176 0.398566 -0.856179 1.223476 0.267530 0.687073 0.014168
data/frame-000170.color.jpg 0.279061 0.543263 -0.685246 0.396772 -0.864150 1.228090 0.263355 0.636773 0.015478
data/frame-000171.color.jpg 0.274073 0.537395 -0.691887 0.396716 -0.861480 1.232375 0.253110 0.624507 0.016268
data/frame-000172.color.jpg 0.267304 0.531994 -0.699425 0.395394 -0.857944 1.238489 0.247461 0.619405 0.013713
data/frame-000173.color.jpg 0.259599 0.513065 -0.716405 0.395140 -0.821542 1.269654 0.223149 0.425340 0.012284
data/frame-000174.color.jpg 0.245619 0.480000 -0.740179 0.401754 -0.749221 1.319555 0.180202 0.832494 0.014826
data/frame-000175.color.jpg 0.233292 0.433322 -0.768722 0.408502 -0.650069 1.389653 0.128763 0.405842 0.009014
data/frame-000176.color.jpg 0.224895 0.410220 -0.778318 0.418762 -0.601135 1.405135 0.088826 0.751588 0.013587
data/frame-000177.color.jpg 0.217734 0.369208 -0.798095 0.423465 -0.513524 1.432310 0.055434 0.871025 0.015524
data/frame-000178.color.jpg 0.201448 0.343722 -0.809912 0.430483 -0.472030 1.435014 0.029503 0.736878 0.015122
data/frame-000179.color.jpg 0.182428 0.318326 -0.823404 0.432890 -0.431691 1.437385 0.025482 0.458396 0.006780
data/frame-000180.color.jpg 0.169921 0.301105 -0.831440 0.434936 -0.406078 1.436744 0.024107 0.378305 0.005731
data/frame-000181.color.jpg 0.160750 0.276348 -0.839527 0.439302 -0.362496 1.447815 0.012226 0.193050 0.003180
data/frame-000182.color.jpg 0.146698 0.259351 -0.848628 0.437090 -0.338002 1.451658 0.020791 0.544405 0.008914
data/frame-000183.color.jpg 0.126528 0.231192 -0.862830 0.431352 -0.293167 1.455097 0.038080 0.532348 0.011050
data/frame-000184.color.jpg 0.110410 0.208891 -0.870018 0.432716 -0.268715 1.455375 0.034766 0.397939 0.010982
data/frame-000185.color.jpg 0.098169 0.198621 -0.872734 0.435025 -0.273290 1.443219 0.029688 0.130586 0.008022
data/frame-000186.color.jpg 0.090326 0.196490 -0.876109 0.430889 -0.288204 1.435114 0.046002 0.099121 0.008045
data/frame-000187.color.jpg 0.089110 0.193361 -0.879118 0.426406 -0.297106 1.427823 0.073975 0.210683 0.009431
data/frame-000188.color.jpg 0.084765 0.194057 -0.879846 0.425473 -0.319488 1.413906 0.089451 0.200614 0.007679
data/frame-000189.color.jpg 0.086081 0.194525 -0.882733 0.418967 -0.329510 1.401186 0.120376 0.257033 0.007257
data/frame-000190.color.jpg 0.086991 0.186649 -0.886648 0.414066 -0.320279 1.392084 0.142693 0.185162 0.007560
data/frame-000191.color.jpg 0.082323 0.188039 -0.887653 0.412233 -0.343778 1.377320 0.160185 0.229961 0.003989
data/frame-000192.color.jpg 0.082485 0.179676 -0.888289 0.414554 -0.337451 1.374645 0.164590 0.350024 0.005464
data/frame-000193.color.jpg 0.081216 0.172019 -0.891265 0.411656 -0.330793 1.370653 0.177863 0.288056 0.006833
data/frame-000194.color.jpg 0.081434 0.166788 -0.892890 0.410240 -0.327167 1.361231 0.188588 0.305656 0.003385
data/frame-000195.color.jpg 0.083918 0.165932 -0.892617 0.410681 -0.330340 1.354676 0.195984 0.288444 0.003273
data/frame-000196.color.jpg 0.086009 0.168150 -0.891354 0.412087 -0.338974 1.343112 0.202015 0.333526 0.002570
data/frame-000197.color.jpg 0.087976 0.166618 -0.890699 0.413708 -0.340590 1.345136 0.204187 0.338196 0.003229
data/frame-000198.color.jpg 0.090676 0.169667 -0.890898 0.411452 -0.348106 1.342974 0.217232 0.531548 0.008360
data/frame-000199.color.jpg 0.090979 0.171258 -0.892103 0.408099 -0.351772 1.329117 0.230726 0.418638 0.004539
data/frame-000200.color.jpg 0.086023 0.171614 -0.895146 0.402321 -0.356512 1.311978 0.247130 0.548120 0.008260
data/frame-000201.color.jpg 0.084437 0.172291 -0.899605 0.392297 -0.354862 1.299856 0.275510 0.598922 0.009390
data/frame-000202.color.jpg 0.086445 0.171360 -0.904373 0.381147 -0.345462 1.294053 0.305164 0.576001 0.008164
data/frame-000203.color.jpg 0.088703 0.167427 -0.909134 0.370911 -0.329762 1.287009 0.332204 0.581313 0.010880
data/frame-000204.color.jpg 0.085587 0.166688 -0.912483 0.363684 -0.330503 1.262940 0.351790 0.802271 0.018011
data/frame-000205.color.jpg 0.078513 0.169953 -0.914839 0.357800 -0.347769 1.241188 0.366945 1.019365 0.024449
data/frame-000206.color.jpg 0.073070 0.167998 -0.917301 0.353549 -0.353061 1.232598 0.372480 1.000752 0.022292
data/frame-000207.color.jpg 0.065142 0.159280 -0.920628 0.350473 -0.344244 1.230221 0.370537 0.996404 0.021578
data/frame-000208.color.jpg 0.056429 0.146933 -0.929658 0.333110 -0.322427 1.234557 0.400308 0.668737 0.015003
data/frame-000209.color.jpg 0.056468 0.121319 -0.932534 0.335370 -0.267596 1.253035 0.383018 0.911713 0.020566
data/frame-000210.color.jpg 0.053667 0.100147 -0.935223 0.335335 -0.227221 1.269076 0.374410 0.819268 0.017071
data/frame-000211.color.jpg 0.045460 0.083855 -0.937296 0.335229 -0.205104 1.278895 0.367881 0.749595 0.015884
data/frame-000212.color.jpg 0.034084 0.052760 -0.938277 0.340132 -0.165245 1.299864 0.348711 0.702211 0.015556
data/frame-000213.color.jpg 0.019966 0.020648 -0.938300 0.344629 -0.126772 1.313711 0.329211 0.682094 0.014580
data/frame-000214.color.jpg 0.011484 -0.010820 -0.940325 0.339912 -0.079794 1.318192 0.334593 0.559649 0.012755
data/frame-000215.color.jpg 0.006943 -0.034784 -0.940588 0.337691 -0.044944 1.323287 0.337088 0.429495 0.009994
data/frame-000216.color.jpg 0.012133 0.076506 0.938451 -0.336614 0.000508 1.335742 0.329622 0.456321 0.010147
data/frame-000217.color.jpg 0.025321 0.118985 0.934315 -0.335048 0.056538 1.342593 0.327180 0.305804 0.005959
data/frame-000218.color.jpg 0.033652 0.141238 0.931552 -0.333361 0.087769 1.346643 0.328534 0.188828 0.009243
data/frame-000219.color.jpg 0.044599 0.163331 0.928533 -0.330394 0.110422 1.347376 0.334123 0.224096 0.014814
data/frame-000220.color.jpg 0.054432 0.175676 0.926096 -0.329426 0.115242 1.346182 0.334858 0.157190 0.013678
data/frame-000221.color.jpg 0.058481 0.193230 0.922552 -0.328847 0.138629 1.348162 0.336507 0.250094 0.012789
data/frame-000222.color.jpg 0.061958 0.207170 0.918840 -0.330113 0.158295 1.345535 0.332158 0.194478 0.011865
data/frame-000223.color.jpg 0.070694 0.220890 0.914362 -0.331891 0.171215 1.351408 0.324717 0.247092 0.010477
data/frame-000224.color.jpg 0.077216 0.228905 0.910383 -0.335921 0.183919 1.354740 0.313038 0.178579 0.012937
data/frame-000225.color.jpg 0.091545 0.241673 0.902094 -0.345602 0.195884 1.366461 0.283492 0.265756 0.016132
data/frame-000226.color.jpg 0.103215 0.259078 0.892785 -0.353780 0.225565 1.370041 0.260907 0.255682 0.014941
data/frame-000227.color.jpg 0.112699 0.274899 0.885078 -0.358282 0.253261 1.370208 0.247630 0.340260 0.016011
data/frame-000228.color.jpg 0.126212 0.290987 0.876221 -0.362812 0.276023 1.365318 0.231395 0.185443 0.012828
data/frame-000229.color.jpg 0.134225 0.304441 0.871129 -0.361156 0.296646 1.364928 0.230904 0.278779 0.012198
data/frame-000230.color.jpg 0.129568 0.309730 0.865050 -0.372783 0.322142 1.366828 0.199269 0.174531 0.008120
data/frame-000231.color.jpg 0.133745 0.301581 0.864288 -0.379695 0.299782 1.377814 0.171654 0.271575 0.008492
data/frame-000232.color.jpg 0.139527 0.289585 0.867197 -0.380319 0.267851 1.383621 0.157361 0.246512 0.008591
data/frame-000233.color.jpg 0.144727 0.282827 0.862331 -0.394270 0.250849 1.394332 0.109024 0.317032 0.010365
data/frame-000234.color.jpg 0.152750 0.288650 0.855769 -0.401257 0.261300 1.396637 0.082927 0.198924 0.009890
data/frame-000235.color.jpg 0.157768 0.293434 0.851737 -0.404411 0.265797 1.401359 0.067795 0.288670 0.006490
data/frame-000236.color.jpg 0.165049 0.300231 0.847422 -0.405581 0.279973 1.401201 0.052537 0.361517 0.009358
data/frame-000237.color.jpg 0.175748 0.313609 0.839939 -0.406527 0.312314 1.405132 0.037972 0.294972 0.008101
data/frame-000238.color.jpg 0.186020 0.326053 0.831106 -0.410304 0.344398 1.405540 0.021376 0.386907 0.007275
data/frame-000239.color.jpg 0.196113 0.346442 0.818694 -0.413833 0.404807 1.408649 0.012318 0.224917 0.005788
data/frame-000240.color.jpg 0.203686 0.361822 0.809622 -0.414859 0.449259 1.407944 0.012557 0.354253 0.004374
data/frame-000241.color.jpg 0.210161 0.377124 0.799613 -0.417408 0.488976 1.399807 0.007556 0.439986 0.003101
data/frame-000242.color.jpg 0.226081 0.394598 0.786810 -0.417266 0.524691 1.394547 0.009237 0.557866 0.003616
data/frame-000243.color.jpg 0.240569 0.412088 0.775416 -0.413569 0.557603 1.389554 0.024215 0.424368 0.004411
data/frame-000244.color.jpg 0.248602 0.423229 0.769786 -0.408049 0.575055 1.389144 0.042897 0.564016 0.010094
data/frame-000245.color.jpg 0.266784 0.443110 0.750515 -0.411349 0.623912 1.377436 0.036649 0.489987 0.010521
data/frame-000246.color.jpg 0.273308 0.449225 0.741938 -0.415967 0.648495 1.370894 0.024604 0.444336 0.010655
data/frame-000247.color.jpg 0.283150 0.452023 0.732905 -0.422316 0.668869 1.367557 0.001827 0.361315 0.010196
data/frame-000248.color.jpg 0.368757 0.450842 0.667700 -0.463612 0.746212 1.358719 -0.180316 1.031355 0.018240
data/frame-000249.color.jpg 0.361590 0.454660 0.657109 -0.480359 0.802590 1.341414 -0.219142 0.604332 0.031009
data/frame-000250.color.jpg 0.343857 0.452428 0.653917 -0.499463 0.829032 1.314309 -0.271233 0.834879 0.026211
data/frame-000251.color.jpg 0.328191 0.449454 0.658893 -0.506105 0.832249 1.304460 -0.290134 0.631193 0.021690
data/frame-000252.color.jpg 0.326443 0.448403 0.661461 -0.504816 0.828084 1.303915 -0.287290 0.350357 0.023158
data/frame-000253.color.jpg 0.323219 0.442300 0.661981 -0.511548 0.816589 1.302441 -0.310564 0.278284 0.019063
data/frame-000254.color.jpg 0.322925 0.438314 0.664546 -0.511839 0.803936 1.305337 -0.314139 0.221304 0.017067
data/frame-000255.color.jpg 0.320068 0.433314 0.668661 -0.512531 0.793878 1.306654 -0.317394 0.317554 0.017824
data/frame-000256.color.jpg 0.319111 0.432454 0.667532 -0.515318 0.791426 1.299523 -0.324253 0.323010 0.015684
data/frame-000257.color.jpg 0.316776 0.433210 0.669988 -0.512931 0.782632 1.303538 -0.315732 0.377561 0.015962
data/frame-000258.color.jpg 0.316520 0.428443 0.668240 -0.519334 0.768240 1.294061 -0.340249 0.203605 0.015274
data/frame-000259.color.jpg 0.319612 0.428401 0.667157 -0.518866 0.757321 1.293763 -0.343602 0.425172 0.012254
data/frame-000260.color.jpg 0.321753 0.430789 0.665551 -0.517628 0.756358 1.292238 -0.341147 0.570291 0.013844
data/frame-000261.color.jpg 0.324246 0.431795 0.665640 -0.515113 0.744135 1.294560 -0.332670 0.257526 0.012760
data/frame-000262.color.jpg 0.324111 0.433055 0.666161 -0.513464 0.729618 1.293241 -0.325353 0.474768 0.012619
data/frame-000263.color.jpg 0.324861 0.435991 0.665817 -0.510945 0.722441 1.294631 -0.312038 0.443272 0.012777
data/frame-000264.color.jpg 0.324122 0.438177 0.663476 -0.512587 0.719202 1.286502 -0.310381 0.347442 0.013065
data/frame-000265.color.jpg 0.323167 0.442704 0.662296 -0.510824 0.708471 1.281343 -0.293808 0.346660 0.011584
data/frame-000266.color.jpg 0.322391 0.443273 0.663230 -0.509606 0.692107 1.280010 -0.286409 0.509037 0.011422
data/frame-000267.color.jpg 0.317864 0.450116 0.659600 -0.511161 0.693333 1.270452 -0.277513 0.335881 0.011439
data/frame-000268.color.jpg 0.317825 0.454092 0.661698 -0.504919 0.677776 1.274567 -0.253244 0.279964 0.010560
data/frame-000269.color.jpg 0.314639 0.456491 0.664601 -0.500924 0.659030 1.280880 -0.237046 0.117561 0.009877
data/frame-000270.color.jpg 0.310187 0.453870 0.665546 -0.504812 0.641976 1.278661 -0.247366 0.334479 0.008647
data/frame-000271.color.jpg 0.309664 0.445920 0.666386 -0.511071 0.606412 1.275056 -0.275997 0.310107 0.010872
data/frame-000272.color.jpg 0.307945 0.442155 0.670882 -0.509496 0.573083 1.280534 -0.277175 0.477583 0.012035
data/frame-000273.color.jpg 0.307974 0.442302 0.668828 -0.512045 0.556653 1.284696 -0.287205 0.556624 0.009999
data/frame-000274.color.jpg 0.310205 0.445971 0.663753 -0.514116 0.550892 1.283154 -0.291671 0.441423 0.007772
data/frame-000275.color.jpg 0.315377 0.451930 0.657209 -0.514171 0.538910 1.283320 -0.300258 0.461625 0.009371
data/frame-000276.color.jpg 0.317363 0.458059 0.651956 -0.514213 0.540973 1.285507 -0.302289 0.691267 0.011635
data/frame-000277.color.jpg 0.314831 0.465773 0.648587 -0.513100 0.548833 1.288260 -0.297239 0.942593 0.014084
data/frame-000278.color.jpg 0.314472 0.465609 0.645678 -0.517122 0.544630 1.287232 -0.309306 0.950537 0.015457
data/frame-000279.color.jpg 0.316851 0.466943 0.641028 -0.520243 0.543862 1.287275 -0.322251 1.329861 0.019415
data/frame-000280.color.jpg 0.326228 0.466307 0.632433 -0.525511 0.536441 1.287293 -0.348840 1.256772 0.022064
data/frame-000281.color.jpg 0.334674 0.473966 0.625370 -0.521788 0.548066 1.292425 -0.344866 1.620004 0.025087
data/frame-000282.color.jpg 0.346525 0.479988 0.619851 -0.515089 0.544315 1.305512 -0.338673 1.774901 0.029030
data/frame-000283.color.jpg 0.345295 0.486387 0.618967 -0.510958 0.537614 1.303379 -0.325033 1.326022 0.020489
data/frame-000284.color.jpg 0.349511 0.492365 0.623723 -0.496375 0.510554 1.316101 -0.290406 1.402691 0.019480
data/frame-000285.color.jpg 0.359822 0.498798 0.622396 -0.484099 0.492162 1.326460 -0.265690 1.523551 0.017154
data/frame-000286.color.jpg 0.363189 0.505928 0.621472 -0.475293 0.484783 1.331430 -0.241931 1.551783 0.016187
data/frame-000287.color.jpg 0.370738 0.515571 0.624626 -0.454513 0.470245 1.346548 -0.190862 0.700329 0.013165
data/frame-000288.color.jpg 0.368538 0.525729 0.625242 -0.443691 0.468481 1.342295 -0.159179 0.587456 0.010214
data/frame-000289.color.jpg 0.362214 0.538115 0.632565 -0.423196 0.453278 1.341388 -0.098582 0.693415 0.011557
data/frame-000290.color.jpg 0.349234 0.553021 0.643391 -0.397808 0.442694 1.333934 -0.015415 0.830418 0.011778
data/frame-000291.color.jpg 0.341602 0.564201 0.650582 -0.376469 0.430172 1.330109 0.046463 0.503904 0.008700
data/frame-000292.color.jpg 0.335518 0.574666 0.656269 -0.355664 0.416717 1.320392 0.099374 0.485250 0.008814
data/frame-000293.color.jpg 0.330937 0.583643 0.656844 -0.344090 0.414919 1.312472 0.132952 0.452233 0.007930
data/frame-000294.color.jpg 0.319283 0.592947 0.658670 -0.335598 0.421169 1.300577 0.170560 0.382356 0.010002
data/frame-000295.color.jpg 0.314683 0.598737 0.661434 -0.324028 0.411979 1.293483 0.209700 0.468294 0.010965
data/frame-000296.color.jpg 0.313597 0.605954 0.660814 -0.312733 0.407447 1.277619 0.242412 0.315280 0.008509
data/frame-000297.color.jpg 0.312368 0.614143 0.659148 -0.301296 0.405381 1.260461 0.273355 0.306872 0.007895
data/frame-000298.color.jpg 0.303895 0.622733 0.657236 -0.296467 0.416577 1.241811 0.297629 0.237874 0.006513
data/frame-000299.color.jpg 0.296140 0.627447 0.660403 -0.287192 0.413188 1.226475 0.326152 0.234802 0.005588
data/frame-000300.color.jpg 0.291453 0.635121 0.660021 -0.275768 0.414392 1.208829 0.355258 0.251213 0.005106
data/frame-000301.color.jpg 0.281731 0.647759 0.658028 -0.260833 0.424108 1.184964 0.394655 0.119052 0.005296
data/frame-000302.color.jpg 0.274674 0.663953 0.648404 -0.251579 0.457826 1.159888 0.421759 0.420358 0.008192
data/frame-000303.color.jpg 0.274649 0.679062 0.635657 -0.243685 0.491381 1.132802 0.441901 0.334583 0.006097
data/frame-000304.color.jpg 0.260514 0.701241 0.620451 -0.235444 0.548690 1.090149 0.482528 0.509994 0.010515
data/frame-000305.color.jpg 0.253070 0.718750 0.608289 -0.222124 0.576607 1.045300 0.524706 0.453186 0.008653
data/frame-000306.color.jpg 0.250088 0.727804 0.602006 -0.212945 0.585676 1.019207 0.548067 0.482626 0.012843
data/frame-000307.color.jpg 0.243775 0.739213 0.597140 -0.193807 0.574400 0.980580 0.587296 0.330968 0.011555
data/frame-000308.color.jpg 0.235167 0.743374 0.598687 -0.183481 0.565283 0.961278 0.608665 0.103443 0.005205
data/frame-000309.color.jpg 0.226895 0.735413 0.609834 -0.189181 0.547906 0.971100 0.593896 0.201319 0.007469
data/frame-000310.color.jpg 0.222109 0.717835 0.632429 -0.188186 0.483793 0.992640 0.584403 0.347585 0.010678
data/frame-000311.color.jpg 0.224121 0.684112 0.657727 -0.221710 0.382662 1.039439 0.515082 0.490359 0.010657
data/frame-000312.color.jpg 0.210503 0.667933 0.672450 -0.239511 0.360236 1.037531 0.502751 0.581344 0.013026
data/frame-000313.color.jpg 0.205911 0.659216 0.678185 -0.251197 0.346082 1.043969 0.496323 0.393957 0.010535
data/frame-000314.color.jpg 0.202976 0.660640 0.675726 -0.256417 0.331552 1.044071 0.506319 0.381628 0.007279
data/frame-000315.color.jpg 0.202699 0.662026 0.674426 -0.256484 0.313171 1.043170 0.514334 0.465384 0.008065
data/frame-000316.color.jpg 0.202343 0.662896 0.672689 -0.259067 0.296998 1.040387 0.519778 0.465397 0.010649
data/frame-000317.color.jpg 0.200259 0.664198 0.671127 -0.261391 0.283864 1.034867 0.529443 0.424241 0.012067
data/frame-000318.color.jpg 0.201190 0.666016 0.669024 -0.261441 0.266125 1.034071 0.538395 0.348134 0.014281
data/frame-000319.color.jpg 0.202816 0.672799 0.662666 -0.259000 0.255709 1.035462 0.546932 0.262741 0.014201
data/frame-000320.color.jpg 0.208325 0.686178 0.648425 -0.255549 0.256759 1.034203 0.549061 0.380714 0.014540
data/frame-000321.color.jpg 0.211659 0.696731 0.639195 -0.247379 0.250631 1.032950 0.555761 0.212050 0.013236
data/frame-000322.color.jpg 0.218704 0.706456 0.628381 -0.241301 0.239578 1.038907 0.554412 0.316871 0.016746
data/frame-000323.color.jpg 0.234616 0.714012 0.614856 -0.238942 0.232262 1.053521 0.536041 0.417429 0.016589
data/frame-000324.color.jpg 0.245484 0.722548 0.602537 -0.233691 0.231811 1.058221 0.526244 0.488736 0.015231
data/frame-000325.color.jpg 0.246997 0.729752 0.595119 -0.228665 0.235388 1.058650 0.528458 0.330383 0.012775
data/frame-000326.color.jpg 0.250657 0.742392 0.579766 -0.223375 0.239548 1.063028 0.525861 0.455573 0.016068
data/frame-000327.color.jpg 0.261252 0.754212 0.560137 -0.221718 0.248241 1.069394 0.509205 0.611772 0.018975
data/frame-000328.color.jpg 0.265159 0.765893 0.545275 -0.213947 0.250321 1.075003 0.511364 0.483969 0.016312
data/frame-000329.color.jpg 0.275910 0.772467 0.530997 -0.212628 0.252475 1.094592 0.491970 0.434345 0.013069
data/frame-000330.color.jpg 0.290060 0.772670 0.520684 -0.218482 0.246579 1.120073 0.458853 0.373485 0.016156
data/frame-000331.color.jpg 0.305017 0.772975 0.508964 -0.224566 0.252400 1.134578 0.422747 0.519500 0.016735
data/frame-000332.color.jpg 0.315561 0.771978 0.503017 -0.226817 0.251522 1.150184 0.396739 0.442909 0.014471
data/frame-000333.color.jpg 0.322225 0.769129 0.500743 -0.232096 0.246877 1.160026 0.374618 0.657467 0.016330
data/frame-000334.color.jpg 0.329911 0.765723 0.499066 -0.236137 0.238422 1.180524 0.352648 0.548027 0.014323
data/frame-000335.color.jpg 0.341517 0.759376 0.499616 -0.238952 0.226673 1.197091 0.325798 0.554775 0.011622
data/frame-000336.color.jpg 0.351919 0.752311 0.500872 -0.243532 0.210220 1.214913 0.300304 0.432111 0.013130
data/frame-000337.color.jpg 0.361534 0.749229 0.495461 -0.249934 0.212559 1.227645 0.273503 0.601839 0.015299
data/frame-000338.color.jpg 0.372350 0.746522 0.489326 -0.254207 0.212964 1.235501 0.247509 0.512892 0.017412
data/frame-000339.color.jpg 0.385685 0.743487 0.483440 -0.254479 0.202843 1.245230 0.223144 0.427188 0.019221
data/frame-000340.color.jpg 0.387579 0.746888 0.477869 -0.252154 0.203808 1.252258 0.226611 0.415171 0.016800
data/frame-000341.color.jpg 0.382416 0.755431 0.472094 -0.245376 0.220548 1.248264 0.249244 0.083980 0.009549
data/frame-000342.color.jpg 0.382646 0.760927 0.460219 -0.250541 0.245151 1.249224 0.248386 0.122755 0.012933
data/frame-000343.color.jpg 0.386358 0.760213 0.462860 -0.242001 0.226589 1.250960 0.254775 0.153812 0.012390
data/frame-000344.color.jpg 0.393034 0.757689 0.457552 -0.249154 0.227842 1.261279 0.231765 0.304811 0.015112
data/frame-000345.color.jpg 0.400711 0.753521 0.455549 -0.253205 0.226879 1.264291 0.210238 0.292205 0.015966
data/frame-000346.color.jpg 0.406775 0.752711 0.454040 -0.248609 0.218614 1.268072 0.203173 0.362375 0.014825
data/frame-000347.color.jpg 0.408160 0.753889 0.455382 -0.240174 0.200432 1.266188 0.206979 0.429762 0.012798
data/frame-000348.color.jpg 0.406080 0.758249 0.455329 -0.229853 0.186185 1.267337 0.220653 0.123744 0.005331
data/frame-000349.color.jpg 0.403951 0.761578 0.455981 -0.221144 0.177434 1.259813 0.233805 0.243565 0.008764
data/frame-000350.color.jpg 0.400535 0.766134 0.453494 -0.216689 0.177818 1.254703 0.242895 0.209753 0.006247
data/frame-000351.color.jpg 0.393500 0.768952 0.458232 -0.209510 0.162086 1.241038 0.261965 0.301362 0.005870
data/frame-000352.color.jpg 0.386258 0.772660 0.461606 -0.201794 0.155178 1.230698 0.280608 0.470576 0.009519
data/frame-000353.color.jpg 0.380686 0.774490 0.466240 -0.194587 0.137351 1.226802 0.297210 0.405000 0.005891
data/frame-000354.color.jpg 0.379532 0.778327 0.462864 -0.189522 0.135088 1.222189 0.303520 0.416977 0.005787
data/frame-000355.color.jpg 0.378605 0.782545 0.456026 -0.190583 0.143725 1.218631 0.303645 0.427381 0.006106
data/frame-000356.color.jpg 0.376857 0.787625 0.451777 -0.183093 0.143600 1.210659 0.315873 0.534768 0.003926
data/frame-000357.color.jpg 0.371995 0.790753 0.450906 -0.181696 0.147805 1.207562 0.325978 0.456973 0.004545
data/frame-000358.color.jpg 0.368722 0.797121 0.437649 -0.192629 0.191509 1.202949 0.319088 0.639772 0.005940
