data/frame-000000.color.jpg 0.025364 -0.007949 0.944384 -0.327767 -0.500826 4.470337 -1.940693 0.421020 0.004303
data/frame-000001.color.jpg 0.026558 -0.006605 0.944761 -0.326614 -0.496227 4.476336 -1.938804 0.148450 0.002303
data/frame-000002.color.jpg 0.018513 -0.011176 0.945698 -0.324326 -0.549705 4.482761 -1.910393 0.259412 0.003512
data/frame-000003.color.jpg 0.012954 -0.014975 0.947302 -0.319730 -0.596000 4.502811 -1.859658 0.101446 0.003295
data/frame-000004.color.jpg 0.010641 -0.017778 0.948405 -0.316383 -0.623590 4.515246 -1.824598 0.163466 0.003997
data/frame-000005.color.jpg 0.010943 -0.019126 0.948699 -0.315412 -0.636772 4.511100 -1.816602 0.192309 0.001878
data/frame-000006.color.jpg 0.013240 -0.017087 0.949749 -0.312264 -0.616188 4.521687 -1.792274 0.144153 0.000918
data/frame-000007.color.jpg 0.012289 -0.016080 0.949697 -0.312515 -0.608997 4.521996 -1.793657 0.130998 0.001681
data/frame-000008.color.jpg 0.012478 -0.017419 0.950230 -0.310811 -0.622493 4.527552 -1.778133 0.107961 0.000995
data/frame-000009.color.jpg 0.012647 -0.017650 0.950164 -0.310992 -0.622947 4.525355 -1.780173 0.180602 0.002589
data/frame-000010.color.jpg 0.010517 -0.019295 0.950595 -0.309656 -0.641928 4.530985 -1.764393 0.181277 0.004841
data/frame-000011.color.jpg 0.013851 -0.018098 0.950956 -0.308486 -0.618725 4.532172 -1.761145 0.319326 0.005062
data/frame-000012.color.jpg 0.008585 -0.021731 0.951871 -0.305608 -0.661092 4.540366 -1.722920 0.073363 0.003210
data/frame-000013.color.jpg 0.006120 -0.028347 0.951814 -0.305302 -0.717017 4.527033 -1.712568 0.155912 0.002011
data/frame-000014.color.jpg 0.008047 -0.031988 0.952272 -0.303465 -0.744588 4.524088 -1.698590 0.237649 0.003440
data/frame-000015.color.jpg 0.002290 -0.037701 0.951647 -0.304863 -0.792461 4.510300 -1.701159 0.305645 0.005123
data/frame-000016.color.jpg 0.003892 0.049509 -0.951588 0.303339 -0.904475 4.495234 -1.668599 0.097032 0.000718
data/frame-000017.color.jpg 0.007426 0.067687 -0.950732 0.302445 -1.065042 4.453021 -1.644372 0.074745 0.001482
data/frame-000018.color.jpg 0.014824 0.088152 -0.949565 0.300560 -1.241143 4.410550 -1.599293 0.066679 0.001331
data/frame-000019.color.jpg 0.019728 0.103357 -0.948003 0.300363 -1.365644 4.367544 -1.573650 0.165968 0.002516
data/frame-000020.color.jpg 0.029158 0.120972 -0.946763 0.296911 -1.518268 4.331418 -1.504262 0.134924 0.003247
data/frame-000021.color.jpg 0.032204 0.142587 -0.944783 0.293286 -1.694948 4.282097 -1.444322 0.332054 0.006048
data/frame-000022.color.jpg 0.054318 0.171335 -0.933108 0.311455 -1.947081 4.118976 -1.518003 0.187611 0.003132
data/frame-000023.color.jpg 0.062653 0.179742 -0.932977 0.305484 -2.016258 4.113252 -1.430831 0.142681 0.002245
data/frame-000024.color.jpg 0.067077 0.209841 -0.923580 0.313794 -2.265630 3.966064 -1.442456 0.163023 0.003009
data/frame-000025.color.jpg 0.067869 0.220934 -0.917329 0.324176 -2.346538 3.882406 -1.510203 0.086176 0.001755
data/frame-000026.color.jpg 0.078957 0.221660 -0.914252 0.329811 -2.345185 3.872589 -1.520391 0.075389 0.001834
data/frame-000027.color.jpg 0.094846 0.252672 -0.901330 0.338771 -2.601098 3.723255 -1.495398 0.221246 0.004575
data/frame-000028.color.jpg 0.107046 0.293851 -0.885816 0.342816 -2.939072 3.529522 -1.421311 0.326379 0.007545
data/frame-000029.color.jpg 0.119701 0.329885 -0.866085 0.356013 -3.200953 3.299780 -1.416312 0.355251 0.007688
data/frame-000030.color.jpg 0.115600 0.338341 -0.860957 0.361822 -3.234043 3.247885 -1.470277 0.365817 0.007944
data/frame-000031.color.jpg 0.105349 0.329342 -0.863954 0.366085 -3.103196 3.303077 -1.571713 0.394630 0.008996
data/frame-000032.color.jpg 0.105195 0.318174 -0.865361 0.372626 -2.990493 3.350387 -1.656868 0.455386 0.010323
data/frame-000033.color.jpg 0.115758 0.308629 -0.870417 0.365681 -2.912424 3.432542 -1.597366 0.355309 0.007454
data/frame-000034.color.jpg 0.126913 0.293793 -0.877339 0.357569 -2.812984 3.534340 -1.519147 0.242002 0.005838
data/frame-000035.color.jpg 0.127174 0.304360 -0.878706 0.345062 -2.944379 3.468194 -1.335377 0.185209 0.004758
data/frame-000036.color.jpg 0.125883 0.312865 -0.879323 0.336245 -3.043482 3.400862 -1.209037 0.249042 0.004819
data/frame-000037.color.jpg 0.130164 0.323091 -0.879227 0.325008 -3.143871 3.333228 -1.033817 0.133959 0.002797
data/frame-000038.color.jpg 0.121662 0.322738 -0.879330 0.328354 -3.166870 3.285644 -1.060712 0.096071 0.002994
data/frame-000039.color.jpg 0.101708 0.304429 -0.887602 0.330366 -3.047133 3.342191 -1.168925 0.324594 0.007175
data/frame-000040.color.jpg 0.079565 0.268898 -0.900360 0.332738 -2.801531 3.481312 -1.312031 0.156768 0.003208
data/frame-000041.color.jpg 0.065100 0.247335 -0.907010 0.334545 -2.648995 3.543633 -1.401969 0.187594 0.006370
data/frame-000042.color.jpg 0.061590 0.244986 -0.910250 0.328075 -2.662564 3.527772 -1.362336 0.204914 0.007363
data/frame-000043.color.jpg 0.054513 0.269684 -0.907007 0.318806 -2.868951 3.375190 -1.282232 0.310015 0.009322
data/frame-000044.color.jpg 0.062706 0.314573 -0.889476 0.325492 -3.189687 3.030745 -1.269133 0.175536 0.003427
data/frame-000045.color.jpg 0.071161 0.340289 -0.873034 0.341981 -3.361400 2.770175 -1.329812 0.236433 0.004248
data/frame-000046.color.jpg 0.102033 0.385469 -0.850662 0.342602 -3.654233 2.419987 -1.125390 0.141505 0.002560
data/frame-000047.color.jpg 0.124521 0.382520 -0.851141 0.337241 -3.649082 2.452283 -1.024916 0.199825 0.003466
data/frame-000048.color.jpg 0.160726 0.384805 -0.848961 0.324587 -3.655657 2.478612 -0.807244 0.236452 0.004086
data/frame-000049.color.jpg 0.204321 0.401480 -0.839251 0.304507 -3.708342 2.446894 -0.432158 0.420159 0.006028
data/frame-000050.color.jpg 0.217236 0.429020 -0.834705 0.268363 -3.779840 2.318301 -0.048119 0.328136 0.005100
data/frame-000051.color.jpg 0.220490 0.438516 -0.836437 0.243846 -3.776242 2.298195 0.158931 0.505609 0.006003
data/frame-000052.color.jpg 0.230481 0.432031 -0.844742 0.215959 -3.648509 2.399007 0.381465 0.291586 0.001338
data/frame-000053.color.jpg 0.207537 0.466673 -0.834409 0.207140 -3.786207 2.077786 0.463109 0.193984 0.002617
data/frame-000054.color.jpg 0.212894 0.497098 -0.817046 0.200014 -3.856931 1.795001 0.638914 0.537388 0.005071
data/frame-000055.color.jpg 0.227328 0.531478 -0.796186 0.178721 -3.876612 1.507124 0.955405 0.170810 0.001828
data/frame-000056.color.jpg 0.227844 0.582363 -0.762324 0.166739 -3.918733 1.011199 1.192284 0.371347 0.006280
data/frame-000057.color.jpg 0.225377 0.595804 -0.753913 0.160745 -3.915105 0.874915 1.252483 0.322889 0.003813
data/frame-000058.color.jpg 0.220514 0.617516 -0.738985 0.154754 -3.905756 0.647853 1.330496 0.168762 0.003052
data/frame-000059.color.jpg 0.220924 0.645790 -0.718144 0.135706 -3.838639 0.364073 1.512212 0.220524 0.002806
data/frame-000060.color.jpg 0.217997 0.671903 -0.695485 0.131620 -3.788906 0.096242 1.600061 0.202205 0.004450
data/frame-000061.color.jpg 0.225498 0.675426 -0.687296 0.143442 -3.776703 0.090599 1.617062 0.625591 0.010211
data/frame-000062.color.jpg 0.236197 0.687880 -0.671468 0.141998 -3.708284 -0.007834 1.757851 0.373484 0.006499
data/frame-000063.color.jpg 0.229667 0.690836 -0.668919 0.150155 -3.728691 -0.036203 1.717101 0.141071 0.002311
data/frame-000064.color.jpg 0.227900 0.688922 -0.671212 0.151401 -3.730769 0.015565 1.734147 0.135715 0.002092
data/frame-000065.color.jpg 0.216519 0.685171 -0.681204 0.140079 -3.747488 0.086552 1.754844 0.115963 0.001806
data/frame-000066.color.jpg 0.199931 0.685341 -0.685739 0.141764 -3.812123 0.079927 1.679082 0.215063 0.002633
data/frame-000067.color.jpg 0.207655 0.687778 -0.682439 0.134603 -3.780040 0.106503 1.788186 0.159979 0.004975
data/frame-000068.color.jpg 0.207876 0.689948 -0.679250 0.139207 -3.789263 0.126575 1.783926 0.181370 0.003226
data/frame-000069.color.jpg 0.208719 0.684278 -0.682422 0.150001 -3.811061 0.276321 1.696673 0.127356 0.002655
data/frame-000070.color.jpg 0.201701 0.674361 -0.695955 0.142125 -3.806538 0.428485 1.654790 0.225148 0.005037
data/frame-000071.color.jpg 0.193754 0.663557 -0.706977 0.149449 -3.835516 0.576320 1.530683 0.296159 0.005375
data/frame-000072.color.jpg 0.188751 0.649885 -0.718918 0.158684 -3.848986 0.749621 1.400410 0.209159 0.003514
data/frame-000073.color.jpg 0.182712 0.639931 -0.729951 0.155807 -3.832633 0.870745 1.343663 0.057964 0.001224
data/frame-000074.color.jpg 0.177683 0.624333 -0.743808 0.159330 -3.821859 1.049285 1.244275 0.163782 0.002561
data/frame-000075.color.jpg 0.174080 0.608322 -0.757252 0.161892 -3.809207 1.219067 1.160116 0.108461 0.001367
data/frame-000076.color.jpg 0.173494 0.611102 -0.756799 0.153983 -3.839924 1.225162 1.201347 0.272629 0.004183
data/frame-000077.color.jpg 0.179962 0.617596 -0.749284 0.157359 -3.892142 1.199813 1.222663 0.425075 0.006668
data/frame-000078.color.jpg 0.181550 0.630807 -0.738403 0.154541 -3.968479 1.088798 1.270071 0.153718 0.004032
data/frame-000079.color.jpg 0.170402 0.634394 -0.737832 0.155281 -4.049520 1.052775 1.198679 0.105281 0.002485
data/frame-000080.color.jpg 0.168650 0.623733 -0.748809 0.147643 -4.057170 1.202524 1.188091 0.088518 0.001836
data/frame-000081.color.jpg 0.161067 0.612103 -0.760087 0.147154 -4.077363 1.350110 1.107624 0.064189 0.002004
data/frame-000082.color.jpg 0.142474 0.588894 -0.778442 0.164114 -4.113522 1.602734 0.823728 0.120464 0.001393
data/frame-000083.color.jpg 0.133407 0.560799 -0.798492 0.173542 -4.080254 1.908571 0.627818 0.179499 0.003389
data/frame-000084.color.jpg 0.125880 0.531880 -0.818030 0.179123 -3.992795 2.207824 0.477125 0.103292 0.001770
data/frame-000085.color.jpg 0.121335 0.513048 -0.828270 0.189812 -3.940056 2.392111 0.322320 0.054255 0.001380
data/frame-000086.color.jpg 0.112219 0.482028 -0.845892 0.198804 -3.809115 2.677090 0.133419 0.173773 0.003799
data/frame-000087.color.jpg 0.107965 0.455285 -0.859383 0.206202 -3.677974 2.914649 -0.018009 0.135573 0.002097
data/frame-000088.color.jpg 0.104078 0.445606 -0.865178 0.205111 -3.636322 3.007269 -0.058168 0.122177 0.002254
data/frame-000089.color.jpg 0.101744 0.435750 -0.871423 0.200976 -3.602689 3.119798 -0.067635 0.168238 0.002580
data/frame-000090.color.jpg 0.104586 0.441069 -0.869768 0.194996 -3.680125 3.118391 -0.004486 0.154510 0.002300
data/frame-000091.color.jpg 0.111024 0.458309 -0.859006 0.199337 -3.849823 2.996181 0.010761 0.151627 0.003058
data/frame-000092.color.jpg 0.123135 0.475728 -0.848186 0.197740 -4.047246 2.883208 0.093234 0.126931 0.002509
data/frame-000093.color.jpg 0.117782 0.478540 -0.845454 0.205752 -4.129975 2.869175 -0.006071 0.016558 0.000784
data/frame-000094.color.jpg 0.115179 0.481106 -0.843163 0.210588 -4.162757 2.852300 -0.066096 0.034898 0.001015
data/frame-000095.color.jpg 0.116610 0.486527 -0.840632 0.207439 -4.195408 2.850317 -0.034499 0.216800 0.003697
data/frame-000096.color.jpg 0.121987 0.484527 -0.838394 0.217826 -4.192515 2.887082 -0.116270 0.055320 0.001592
data/frame-000097.color.jpg 0.125523 0.485701 -0.834115 0.229325 -4.214023 2.880155 -0.213122 0.105442 0.001988
data/frame-000098.color.jpg 0.129577 0.484670 -0.831599 0.238218 -4.220220 2.898345 -0.286421 0.112627 0.001463
data/frame-000099.color.jpg 0.135650 0.484705 -0.827029 0.250368 -4.236404 2.876728 -0.372010 0.270785 0.004532
data/frame-000100.color.jpg 0.137443 0.489815 -0.817977 0.268524 -4.291964 2.786653 -0.510397 0.113577 0.001304
data/frame-000101.color.jpg 0.134152 0.495833 -0.810552 0.281350 -4.337957 2.686671 -0.617265 0.136910 0.001342
data/frame-000102.color.jpg 0.135436 0.504577 -0.798500 0.299095 -4.400362 2.533637 -0.733832 0.186285 0.002496
data/frame-000103.color.jpg 0.139266 0.507531 -0.795422 0.300535 -4.411211 2.507699 -0.709623 0.120955 0.003662
data/frame-000104.color.jpg 0.146235 0.513163 -0.789332 0.303700 -4.435254 2.440775 -0.680104 0.226133 0.004072
data/frame-000105.color.jpg 0.147489 0.524978 -0.786039 0.291184 -4.481978 2.374889 -0.526949 0.111597 0.001197
data/frame-000106.color.jpg 0.145653 0.531595 -0.781873 0.291318 -4.508920 2.306448 -0.506031 0.066564 0.002768
data/frame-000107.color.jpg 0.145922 0.540871 -0.776281 0.289054 -4.538133 2.213907 -0.450578 0.059457 0.002669
data/frame-000108.color.jpg 0.144665 0.559999 -0.768578 0.273423 -4.593863 2.053564 -0.262371 0.056204 0.001045
data/frame-000109.color.jpg 0.145402 0.573278 -0.762636 0.261911 -4.626169 1.943559 -0.120477 0.069939 0.002370
data/frame-000110.color.jpg 0.148817 0.589045 -0.753650 0.250781 -4.663537 1.799174 0.038793 0.063303 0.001598
data/frame-000111.color.jpg 0.147487 0.594402 -0.751018 0.246792 -4.672696 1.738178 0.081015 0.129730 0.001889
data/frame-000112.color.jpg 0.148591 0.600382 -0.748676 0.238634 -4.676873 1.692245 0.170789 0.143672 0.001908
data/frame-000113.color.jpg 0.149662 0.606520 -0.744795 0.234551 -4.683489 1.634701 0.230234 0.066274 0.001417
data/frame-000114.color.jpg 0.152695 0.618288 -0.735922 0.229832 -4.696708 1.512164 0.320784 0.197704 0.003804
data/frame-000115.color.jpg 0.156309 0.628549 -0.728742 0.222326 -4.699270 1.417417 0.431543 0.177771 0.004501
data/frame-000116.color.jpg 0.161255 0.634858 -0.723775 0.217030 -4.691593 1.362669 0.517079 0.106729 0.003508
data/frame-000117.color.jpg 0.162957 0.640293 -0.719234 0.214876 -4.692860 1.303986 0.559211 0.067495 0.002588
data/frame-000118.color.jpg 0.166562 0.644381 -0.716543 0.208799 -4.678742 1.273489 0.635429 0.064147 0.001612
data/frame-000119.color.jpg 0.168058 0.651262 -0.711095 0.204838 -4.669705 1.197700 0.694651 0.043442 0.001774
data/frame-000120.color.jpg 0.168084 0.654830 -0.707735 0.205076 -4.657974 1.157635 0.707087 0.133217 0.002858
data/frame-000121.color.jpg 0.176539 0.660610 -0.699813 0.206615 -4.630651 1.098364 0.765078 0.173439 0.003463
data/frame-000122.color.jpg 0.181052 0.661586 -0.699055 0.202102 -4.594424 1.104294 0.828901 0.166663 0.003343
data/frame-000123.color.jpg 0.182302 0.662252 -0.697593 0.203843 -4.577733 1.086876 0.829446 0.129012 0.002812
data/frame-000124.color.jpg 0.184427 0.664764 -0.695027 0.202515 -4.556670 1.051677 0.864977 0.069776 0.001944
data/frame-000125.color.jpg 0.188126 0.668982 -0.691922 0.195743 -4.514961 1.004148 0.958513 0.075890 0.001542
data/frame-000126.color.jpg 0.192773 0.661618 -0.700418 0.185784 -4.426924 1.079725 1.044154 0.466905 0.008964
data/frame-000127.color.jpg 0.173708 0.656294 -0.713488 0.173317 -4.380059 1.110230 1.027226 0.190055 0.003766
data/frame-000128.color.jpg 0.165533 0.663446 -0.709299 0.171271 -4.357803 1.004453 1.032427 0.217100 0.005172
data/frame-000129.color.jpg 0.169042 0.669508 -0.702139 0.173735 -4.334741 0.942996 1.068322 0.373946 0.007181
data/frame-000130.color.jpg 0.183418 0.674841 -0.691842 0.179726 -4.274666 0.889585 1.133499 0.247621 0.005144
data/frame-000131.color.jpg 0.180378 0.682871 -0.685824 0.175489 -4.231232 0.796614 1.167343 0.167959 0.003780
data/frame-000132.color.jpg 0.177677 0.688732 -0.683979 0.162024 -4.156240 0.747717 1.245091 0.218076 0.004520
data/frame-000133.color.jpg 0.174817 0.692318 -0.680903 0.162807 -4.123646 0.711950 1.229894 0.198512 0.003534
data/frame-000134.color.jpg 0.172911 0.691187 -0.681852 0.165652 -4.103609 0.722413 1.197327 0.101121 0.002263
data/frame-000135.color.jpg 0.176612 0.692230 -0.681971 0.156658 -4.026339 0.738440 1.268169 0.189063 0.003170
data/frame-000136.color.jpg 0.177720 0.695770 -0.678059 0.156700 -4.000587 0.703231 1.282504 0.097977 0.001742
data/frame-000137.color.jpg 0.178689 0.702036 -0.671638 0.155299 -3.968046 0.634600 1.310475 0.065867 0.001840
data/frame-000138.color.jpg 0.179607 0.715576 -0.658106 0.150298 -3.919466 0.486836 1.379561 0.080168 0.001500
data/frame-000139.color.jpg 0.181670 0.723544 -0.649179 0.148479 -3.890050 0.399212 1.420835 0.061841 0.001419
data/frame-000140.color.jpg 0.185089 0.732008 -0.639579 0.144377 -3.845685 0.311647 1.483466 0.102771 0.001996
data/frame-000141.color.jpg 0.185585 0.739325 -0.631123 0.143668 -3.822724 0.228043 1.508994 0.093991 0.001792
data/frame-000142.color.jpg 0.185965 0.747306 -0.622119 0.141135 -3.789021 0.137892 1.546191 0.128161 0.002632
data/frame-000143.color.jpg 0.187919 0.756452 -0.611333 0.136889 -3.749152 0.033566 1.602282 0.021268 0.000751
data/frame-000144.color.jpg 0.189808 0.780138 -0.581992 0.129005 -3.644069 -0.244107 1.716510 0.129778 0.002667
data/frame-000145.color.jpg 0.192534 0.787943 -0.571417 0.124735 -3.590847 -0.335488 1.775150 0.103572 0.002545
data/frame-000146.color.jpg 0.194619 0.795566 -0.561308 0.118876 -3.534820 -0.425379 1.835470 0.063189 0.002683
data/frame-000147.color.jpg 0.198795 0.807211 -0.544106 0.113312 -3.449841 -0.560666 1.921044 0.182702 0.003750
data/frame-000148.color.jpg 0.203245 0.817302 -0.528241 0.108033 -3.372281 -0.681824 2.002954 0.093690 0.002060
data/frame-000149.color.jpg 0.203725 0.829475 -0.508659 0.108315 -3.301571 -0.839054 2.047137 0.224581 0.004577
data/frame-000150.color.jpg 0.215459 0.844252 -0.481059 0.096943 -3.130470 -1.005988 2.208406 0.179811 0.004517
data/frame-000151.color.jpg 0.224676 0.863134 -0.444263 0.084558 -2.903527 -1.233869 2.366593 0.083052 0.001783
data/frame-000152.color.jpg 0.233259 0.875408 -0.416137 0.077985 -2.731443 -1.379028 2.474117 0.087322 0.000564
data/frame-000153.color.jpg 0.254773 0.894093 -0.362574 0.065026 -2.362353 -1.566157 2.694526 0.211050 0.004888
data/frame-000154.color.jpg 0.262728 0.894422 -0.356125 0.064493 -2.318222 -1.557444 2.744124 0.384796 0.007894
data/frame-000155.color.jpg 0.268249 0.902046 -0.332618 0.060995 -2.152951 -1.648156 2.813760 0.078878 0.002135
data/frame-000156.color.jpg 0.285972 0.916620 -0.276605 0.038946 -1.700662 -1.833361 3.023195 0.199687 0.005459
data/frame-000157.color.jpg 0.289207 0.920861 -0.259156 0.034814 -1.568409 -1.898230 3.069372 0.182271 0.005165
data/frame-000158.color.jpg 0.290286 0.926932 -0.235624 0.031830 -1.403081 -1.990444 3.102420 0.216917 0.005686
data/frame-000159.color.jpg 0.292581 0.930757 -0.217867 0.024935 -1.256895 -2.033384 3.143685 0.273107 0.006643
data/frame-000160.color.jpg 0.293191 0.932271 -0.211000 0.019733 -1.184545 -2.052891 3.156363 0.224310 0.005930
data/frame-000161.color.jpg 0.300412 0.933218 -0.196225 0.018784 -1.077260 -2.035916 3.191329 0.235672 0.003780
data/frame-000162.color.jpg 0.310601 0.931967 -0.186746 0.009476 -0.924900 -1.952273 3.229594 0.198032 0.004711
data/frame-000163.color.jpg 0.310530 0.936512 -0.161924 0.017217 -0.777147 -1.965287 3.204787 0.234864 0.005670
data/frame-000164.color.jpg 0.308676 0.940935 -0.138374 0.014620 -0.604856 -1.999341 3.185466 0.114490 0.002347
data/frame-000165.color.jpg 0.315260 0.941714 -0.116821 0.011795 -0.420969 -1.941289 3.188856 0.210358 0.005320
data/frame-000166.color.jpg 0.328185 0.934645 -0.135516 0.019184 -0.534751 -1.769427 3.201341 0.141314 0.003030
data/frame-000167.color.jpg 0.332136 0.931920 -0.143799 0.023084 -0.597970 -1.714708 3.198379 0.069787 0.000475
data/frame-000168.color.jpg 0.328049 0.929115 -0.164017 0.047188 -0.832947 -1.668634 3.132215 0.173994 0.004801
data/frame-000169.color.jpg 0.323360 0.929582 -0.171838 0.042282 -0.874796 -1.653672 3.082659 0.075259 0.001876
data/frame-000170.color.jpg 0.316078 0.929342 -0.186692 0.039552 -0.975992 -1.585854 2.976110 0.087695 0.002688
data/frame-000171.color.jpg 0.325256 0.923697 -0.196203 0.049965 -1.077273 -1.485934 2.970735 0.215902 0.003997
data/frame-000172.color.jpg 0.317218 0.921047 -0.220283 0.050204 -1.222230 -1.442254 2.894949 0.302218 0.009730
data/frame-000173.color.jpg 0.318013 0.910523 -0.256482 0.063497 -1.484682 -1.289346 2.825740 0.420699 0.010735
data/frame-000174.color.jpg 0.318441 0.902072 -0.283664 0.066300 -1.646365 -1.179091 2.775310 0.546267 0.014102
data/frame-000175.color.jpg 0.298022 0.886958 -0.340809 0.091314 -2.047170 -0.991311 2.506653 0.270422 0.006819
data/frame-000176.color.jpg 0.275549 0.870084 -0.398760 0.089541 -2.298212 -0.797932 2.311217 0.500506 0.012565
data/frame-000177.color.jpg 0.263276 0.852017 -0.441695 0.098276 -2.487832 -0.593110 2.139219 0.514005 0.012743
data/frame-000178.color.jpg 0.256883 0.846250 -0.455428 0.102266 -2.553239 -0.521182 2.063845 0.399449 0.010403
data/frame-000179.color.jpg 0.237407 0.833034 -0.487621 0.109174 -2.729815 -0.382043 1.883120 0.120258 0.003217
data/frame-000180.color.jpg 0.233087 0.823392 -0.503753 0.118017 -2.860388 -0.239478 1.774652 0.074641 0.002274
data/frame-000181.color.jpg 0.227784 0.819591 -0.510310 0.126363 -2.956004 -0.170710 1.682310 0.211225 0.004955
data/frame-000182.color.jpg 0.225719 0.819368 -0.510786 0.129553 -3.017545 -0.143945 1.627073 0.280289 0.007654
data/frame-000183.color.jpg 0.230050 0.820960 -0.506764 0.127639 -3.040578 -0.124576 1.622316 0.161058 0.003628
data/frame-000184.color.jpg 0.246761 0.821391 -0.497740 0.129155 -3.028942 -0.055024 1.662892 0.172398 0.003808
data/frame-000185.color.jpg 0.258681 0.819758 -0.494783 0.127557 -3.005471 0.025101 1.694406 0.171692 0.004668
data/frame-000186.color.jpg 0.260302 0.824328 -0.487711 0.121921 -2.968407 0.054246 1.699310 0.086256 0.002166
data/frame-000187.color.jpg 0.280083 0.818173 -0.488669 0.115536 -2.926244 0.250101 1.715482 0.261614 0.005884
data/frame-000188.color.jpg 0.282075 0.809029 -0.501694 0.119204 -2.946238 0.399635 1.632059 0.149069 0.003644
data/frame-000189.color.jpg 0.275288 0.809252 -0.507335 0.109264 -2.964897 0.446971 1.622576 0.173334 0.004994
data/frame-000190.color.jpg 0.278453 0.815087 -0.493291 0.121495 -3.023417 0.402531 1.570844 0.359735 0.009034
data/frame-000191.color.jpg 0.287551 0.843803 -0.438646 0.113582 -2.958435 0.118204 1.722645 0.220263 0.005654
data/frame-000192.color.jpg 0.296282 0.860835 -0.401728 0.098968 -2.854236 -0.054293 1.864200 0.222297 0.004903
data/frame-000193.color.jpg 0.294075 0.872016 -0.381333 0.087716 -2.791003 -0.128397 1.896160 0.414920 0.008524
data/frame-000194.color.jpg 0.293866 0.872692 -0.380696 0.084391 -2.781579 -0.062393 1.877475 0.374680 0.009587
data/frame-000195.color.jpg 0.295087 0.868519 -0.388092 0.089344 -2.819616 0.051747 1.790908 0.387456 0.008896
data/frame-000196.color.jpg 0.292013 0.867024 -0.394771 0.084574 -2.828939 0.109096 1.784008 0.510247 0.014314
data/frame-000197.color.jpg 0.292996 0.861606 -0.404264 0.091427 -2.846490 0.170373 1.716239 0.727941 0.014507
data/frame-000198.color.jpg 0.292864 0.834898 -0.455301 0.099385 -2.938138 0.521565 1.551237 0.550516 0.010191
data/frame-000199.color.jpg 0.288334 0.815053 -0.489155 0.115240 -3.011425 0.748285 1.378864 0.431789 0.008219
data/frame-000200.color.jpg 0.288316 0.790843 -0.526248 0.120439 -3.037701 1.014414 1.261147 0.450880 0.009386
data/frame-000201.color.jpg 0.278044 0.766721 -0.563610 0.131051 -3.054203 1.259767 1.091079 0.631974 0.013518
data/frame-000202.color.jpg 0.256574 0.734161 -0.610329 0.150583 -3.057804 1.539482 0.831716 0.372901 0.008535
data/frame-000203.color.jpg 0.246117 0.714960 -0.634562 0.159971 -3.037159 1.688121 0.701839 0.268915 0.005714
data/frame-000204.color.jpg 0.229646 0.696118 -0.659242 0.167581 -3.018202 1.826477 0.575597 0.578503 0.013659
data/frame-000205.color.jpg 0.223122 0.670335 -0.687952 0.166099 -2.922189 2.038044 0.501955 0.532212 0.011745
data/frame-000206.color.jpg 0.213577 0.657227 -0.704308 0.162443 -2.873971 2.142808 0.472023 0.344659 0.007812
data/frame-000207.color.jpg 0.200162 0.641106 -0.723843 0.158017 -2.807105 2.259302 0.435726 0.347798 0.008406
data/frame-000208.color.jpg 0.190922 0.640181 -0.726262 0.162053 -2.833970 2.245399 0.387579 0.157233 0.004377
data/frame-000209.color.jpg 0.185745 0.634934 -0.732902 0.158784 -2.835752 2.262902 0.393324 0.052844 0.002008
data/frame-000210.color.jpg 0.183738 0.635489 -0.733325 0.156937 -2.847034 2.251960 0.406172 0.127281 0.003015
data/frame-000211.color.jpg 0.179726 0.640056 -0.731426 0.151797 -2.920756 2.191765 0.464253 0.066594 0.002144
data/frame-000212.color.jpg 0.179896 0.646920 -0.725567 0.150615 -2.992985 2.097766 0.513212 0.068747 0.003465
data/frame-000213.color.jpg 0.177156 0.650209 -0.723592 0.149190 -3.023207 2.057542 0.533605 0.156308 0.003881
data/frame-000214.color.jpg 0.175744 0.652810 -0.721107 0.151519 -3.056726 2.017548 0.522850 0.113865 0.003376
data/frame-000215.color.jpg 0.174496 0.649483 -0.721921 0.162951 -3.094593 2.013484 0.444997 0.206008 0.005067
data/frame-000216.color.jpg 0.167199 0.637294 -0.731740 0.174518 -3.098920 2.087026 0.331730 0.236238 0.005669
data/frame-000217.color.jpg 0.160621 0.614967 -0.749667 0.184431 -3.053893 2.253456 0.204829 0.109280 0.002920
data/frame-000218.color.jpg 0.157215 0.594250 -0.765153 0.191550 -2.990155 2.410525 0.104282 0.183807 0.005017
data/frame-000219.color.jpg 0.144049 0.533406 -0.808421 0.202937 -2.710530 2.822977 -0.127632 0.078931 0.003766
data/frame-000220.color.jpg 0.142056 0.521022 -0.816593 0.203796 -2.640828 2.904407 -0.164428 0.098982 0.005319
data/frame-000221.color.jpg 0.135814 0.501467 -0.828027 0.210847 -2.525482 3.020286 -0.264040 0.309259 0.007688
data/frame-000222.color.jpg 0.115678 0.428489 -0.866393 0.228863 -2.030313 3.426866 -0.562127 0.314800 0.006373
data/frame-000223.color.jpg 0.108006 0.414253 -0.872926 0.233944 -1.921214 3.479169 -0.632107 0.034206 0.003341
data/frame-000224.color.jpg 0.089216 0.375501 -0.890732 0.240074 -1.594782 3.666226 -0.746219 0.257714 0.005439
data/frame-000225.color.jpg 0.077873 0.326073 -0.908488 0.249521 -1.160915 3.837265 -0.889592 0.197644 0.003212
data/frame-000226.color.jpg 0.065122 0.270505 -0.925362 0.257469 -0.674541 3.967192 -1.004910 0.342027 0.006226
data/frame-000227.color.jpg 0.059469 0.244557 -0.933852 0.254118 -0.451885 4.019297 -1.004927 0.210799 0.004177
data/frame-000228.color.jpg 0.045487 0.215293 -0.945182 0.241271 -0.187292 4.120439 -0.914051 0.458481 0.010654
data/frame-000229.color.jpg 0.047070 0.198557 -0.950700 0.233513 -0.029360 4.178075 -0.884939 0.625321 0.014302
data/frame-000230.color.jpg 0.046303 0.187089 -0.957528 0.214461 0.064582 4.243079 -0.753840 0.328991 0.007796
data/frame-000231.color.jpg 0.045732 0.173346 -0.962158 0.205210 0.184173 4.296812 -0.697331 0.163940 0.004222
data/frame-000232.color.jpg 0.040711 0.163753 -0.963277 0.208867 0.253086 4.329835 -0.730411 0.260363 0.006752
data/frame-000233.color.jpg 0.018253 0.118418 -0.967590 0.222293 0.644813 4.342497 -0.818143 0.353756 0.009599
data/frame-000234.color.jpg 0.013892 0.097282 -0.970564 0.219884 0.832986 4.348593 -0.795925 0.329357 0.007173
data/frame-000235.color.jpg 0.015399 0.080280 -0.973257 0.214685 1.023442 4.362513 -0.772628 0.495030 0.009596
data/frame-000236.color.jpg 0.013855 0.076974 -0.973466 0.215052 1.065709 4.370091 -0.774662 0.398229 0.008204
data/frame-000237.color.jpg 0.014358 0.068075 -0.972263 0.223304 1.162408 4.348701 -0.842529 0.614018 0.011382
data/frame-000238.color.jpg 0.015852 0.058089 -0.967936 0.243875 1.250006 4.329925 -1.019690 0.730447 0.014897
data/frame-000239.color.jpg 0.009498 0.044238 -0.963625 0.263399 1.379189 4.293913 -1.158022 0.216997 0.006649
data/frame-000240.color.jpg 0.014431 0.040203 -0.953917 0.297016 1.407568 4.214322 -1.459711 0.591278 0.012984
data/frame-000241.color.jpg 0.005190 0.040186 -0.946279 0.320802 1.419337 4.171358 -1.634290 0.249441 0.003643
data/frame-000242.color.jpg 0.008573 0.042413 -0.939680 0.339306 1.392377 4.119434 -1.800480 0.517431 0.008723
data/frame-000243.color.jpg 0.002770 0.045077 -0.936599 0.347479 1.365345 4.111065 -1.849619 0.448166 0.009997
