data/frame-000000.color.jpg 0.013882 -0.079055 0.898680 -0.431198 0.508857 0.970981 0.957579 0.852562 0.013463
data/frame-000001.color.jpg 0.004206 -0.089391 0.896862 -0.433163 0.511841 0.990519 0.951172 0.393522 0.009600
data/frame-000002.color.jpg 0.002995 -0.096025 0.897207 -0.431034 0.510621 0.988937 0.950585 0.420025 0.010019
data/frame-000003.color.jpg 0.002027 -0.101928 0.897822 -0.428396 0.505698 0.985498 0.948866 0.558413 0.012849
data/frame-000004.color.jpg 0.015663 -0.085130 0.873095 -0.479805 0.488489 1.080769 0.867660 1.374451 0.024976
data/frame-000005.color.jpg 0.012051 -0.082823 0.869190 -0.487343 0.492489 1.095986 0.852029 1.027882 0.013136
data/frame-000006.color.jpg 0.019793 -0.074749 0.854226 -0.514119 0.462870 1.171110 0.818748 0.517306 0.003520
data/frame-000007.color.jpg 0.020065 -0.073141 0.853496 -0.515550 0.459167 1.171168 0.821943 0.517123 0.004621
data/frame-000008.color.jpg 0.023898 -0.069136 0.853006 -0.516749 0.448960 1.170257 0.827872 0.512988 0.006270
data/frame-000009.color.jpg 0.032485 -0.061908 0.851305 -0.519992 0.429904 1.175455 0.829728 0.498218 0.005977
data/frame-000010.color.jpg 0.033043 -0.062276 0.851301 -0.519920 0.425905 1.177016 0.829884 0.491543 0.007074
data/frame-000011.color.jpg 0.035940 -0.061818 0.848001 -0.525148 0.408767 1.189884 0.813294 0.766303 0.012652
data/frame-000012.color.jpg 0.043550 -0.055585 0.845093 -0.529935 0.389374 1.202723 0.810084 0.758111 0.011443
data/frame-000013.color.jpg 0.043874 -0.054732 0.844722 -0.530588 0.387785 1.204073 0.809187 0.782678 0.012329
data/frame-000014.color.jpg 0.049026 -0.049940 0.843486 -0.532573 0.378101 1.208082 0.812118 0.660210 0.009934
data/frame-000015.color.jpg 0.050486 -0.047339 0.838690 -0.540194 0.376247 1.225761 0.798730 0.747090 0.009045
data/frame-000016.color.jpg 0.051744 -0.047574 0.837916 -0.541255 0.373454 1.227569 0.796278 0.682032 0.007950
data/frame-000017.color.jpg 0.051554 -0.045593 0.827565 -0.557136 0.371509 1.263574 0.755110 0.895556 0.011334
data/frame-000018.color.jpg 0.054716 -0.040995 0.815318 -0.574962 0.368515 1.308740 0.709888 0.619970 0.004954
data/frame-000019.color.jpg 0.055470 -0.040372 0.814385 -0.576255 0.367990 1.310119 0.706410 0.575604 0.005407
data/frame-000020.color.jpg 0.049110 -0.041195 0.803273 -0.592151 0.381382 1.344702 0.654583 0.738358 0.007822
data/frame-000021.color.jpg 0.043862 -0.043923 0.796897 -0.600918 0.389373 1.371423 0.624400 0.740824 0.008597
data/frame-000022.color.jpg 0.043828 -0.045322 0.795807 -0.602260 0.388993 1.374125 0.618652 0.772209 0.007823
data/frame-000023.color.jpg 0.039911 -0.049012 0.789547 -0.610426 0.395320 1.396517 0.589913 0.666267 0.006865
data/frame-000024.color.jpg 0.038942 -0.050810 0.788134 -0.612165 0.394738 1.404114 0.583572 0.739247 0.007290
data/frame-000025.color.jpg 0.035788 -0.051902 0.785522 -0.615614 0.402000 1.419081 0.570204 0.609092 0.004626
data/frame-000026.color.jpg 0.019933 -0.056462 0.781852 -0.620582 0.423652 1.431849 0.539719 0.696013 0.008290
data/frame-000027.color.jpg 0.018473 -0.057273 0.781655 -0.620801 0.425853 1.434427 0.538223 0.535066 0.005914
data/frame-000028.color.jpg 0.000204 0.069962 -0.783630 0.617275 0.433868 1.447481 0.526122 0.469311 0.005800
data/frame-000029.color.jpg 0.018217 0.078111 -0.793562 0.603181 0.456179 1.450727 0.536094 0.521196 0.007162
data/frame-000030.color.jpg 0.018255 0.077377 -0.794005 0.602691 0.456931 1.450533 0.535047 0.486572 0.006634
data/frame-000031.color.jpg 0.029901 0.093079 -0.797337 0.595563 0.441637 1.468214 0.489909 0.521316 0.005460
data/frame-000032.color.jpg 0.040980 0.108283 -0.796923 0.592882 0.431899 1.485854 0.461405 0.775752 0.008942
data/frame-000033.color.jpg 0.048319 0.112623 -0.794746 0.594441 0.434386 1.488122 0.440017 1.173546 0.011974
data/frame-000034.color.jpg 0.060771 0.120888 -0.787703 0.601013 0.436811 1.500212 0.384981 0.770809 0.009607
data/frame-000035.color.jpg 0.062809 0.122699 -0.788313 0.599635 0.435127 1.500702 0.384270 0.925896 0.009770
data/frame-000036.color.jpg 0.062557 0.133978 -0.784008 0.602883 0.386272 1.520328 0.355332 0.740023 0.006453
data/frame-000037.color.jpg 0.067757 0.134676 -0.782128 0.604605 0.380573 1.526696 0.344813 0.744676 0.007098
data/frame-000038.color.jpg 0.062968 0.126244 -0.781291 0.608015 0.363308 1.533118 0.353820 0.431833 0.004036
data/frame-000039.color.jpg 0.065686 0.126546 -0.778078 0.611773 0.357141 1.535036 0.343433 0.406839 0.006667
data/frame-000040.color.jpg 0.067558 0.129047 -0.778967 0.609913 0.349513 1.534498 0.351890 0.378344 0.007529
data/frame-000041.color.jpg 0.076758 0.149871 -0.781224 0.601112 0.279517 1.527467 0.389968 0.507001 0.008680
data/frame-000042.color.jpg 0.080737 0.158307 -0.782654 0.596551 0.253306 1.524179 0.407372 0.341212 0.005347
data/frame-000043.color.jpg 0.084368 0.167666 -0.779868 0.597140 0.191912 1.521802 0.408922 0.350074 0.002875
data/frame-000044.color.jpg 0.090002 0.171139 -0.777068 0.598979 0.167208 1.521852 0.400037 0.444561 0.004304
data/frame-000045.color.jpg 0.095413 0.173840 -0.774860 0.600223 0.149960 1.523216 0.393809 0.362124 0.002914
data/frame-000046.color.jpg 0.100896 0.177111 -0.770802 0.603586 0.127826 1.527977 0.382266 0.351276 0.003135
data/frame-000047.color.jpg 0.108448 0.182630 -0.766773 0.605759 0.111096 1.528035 0.374425 0.422315 0.004219
data/frame-000048.color.jpg 0.111292 0.185858 -0.766932 0.604059 0.091915 1.525812 0.384292 0.233082 0.002848
data/frame-000049.color.jpg 0.111443 0.187535 -0.766741 0.603755 0.071910 1.521728 0.392280 0.278504 0.003188
data/frame-000050.color.jpg 0.112497 0.187183 -0.766136 0.604436 0.063643 1.521036 0.395190 0.348174 0.002744
data/frame-000051.color.jpg 0.110649 0.185690 -0.764818 0.606901 0.048651 1.518613 0.396385 0.492126 0.005347
data/frame-000052.color.jpg 0.113009 0.182598 -0.764227 0.608148 0.044666 1.517800 0.399170 0.456987 0.003783
data/frame-000053.color.jpg 0.113481 0.180520 -0.764405 0.608457 0.041165 1.516631 0.403029 0.358265 0.004566
data/frame-000054.color.jpg 0.115127 0.178501 -0.765183 0.607764 0.039359 1.514127 0.411017 0.372693 0.004157
data/frame-000055.color.jpg 0.117675 0.178483 -0.765941 0.606326 0.035093 1.507996 0.417946 0.362732 0.004848
data/frame-000056.color.jpg 0.113975 0.170505 -0.770812 0.603148 0.037381 1.499830 0.430048 0.357480 0.004222
data/frame-000057.color.jpg 0.109026 0.159818 -0.772789 0.604457 0.036069 1.496794 0.417158 0.346992 0.005551
data/frame-000058.color.jpg 0.099890 0.148646 -0.775146 0.605868 0.032018 1.498441 0.403533 0.480325 0.006316
data/frame-000059.color.jpg 0.092305 0.137127 -0.779611 0.604056 0.030424 1.497760 0.393604 0.463879 0.007563
data/frame-000060.color.jpg 0.083321 0.129846 -0.786808 0.597604 0.020515 1.489910 0.408001 0.341825 0.005643
data/frame-000061.color.jpg 0.087250 0.125089 -0.785439 0.599855 0.030366 1.492453 0.390094 0.144898 0.001220
data/frame-000062.color.jpg 0.095218 0.155759 -0.785497 0.591326 -0.048423 1.483624 0.401686 0.141717 0.004298
data/frame-000063.color.jpg 0.098695 0.165306 -0.784492 0.589495 -0.076066 1.477303 0.406368 0.142133 0.003013
data/frame-000064.color.jpg 0.103103 0.175054 -0.784510 0.585892 -0.109288 1.466451 0.418606 0.284493 0.001081
data/frame-000065.color.jpg 0.107766 0.182137 -0.783292 0.584522 -0.130522 1.463449 0.423608 0.247901 0.003313
data/frame-000066.color.jpg 0.112067 0.189355 -0.782126 0.582979 -0.149158 1.459827 0.427495 0.256503 0.002559
data/frame-000067.color.jpg 0.117957 0.200198 -0.779683 0.581465 -0.171420 1.456002 0.432953 0.267800 0.007725
data/frame-000068.color.jpg 0.122072 0.203700 -0.778854 0.580509 -0.177120 1.455481 0.434792 0.240631 0.005727
data/frame-000069.color.jpg 0.125362 0.204020 -0.779305 0.579089 -0.182082 1.450736 0.437992 0.293726 0.004643
data/frame-000070.color.jpg 0.124503 0.205070 -0.780041 0.577911 -0.197595 1.446087 0.440664 0.216174 0.007764
data/frame-000071.color.jpg 0.122655 0.205748 -0.781883 0.575571 -0.207132 1.440388 0.446153 0.131738 0.007207
data/frame-000072.color.jpg 0.120385 0.205941 -0.784706 0.572130 -0.216523 1.435081 0.456596 0.187710 0.009005
data/frame-000073.color.jpg 0.120069 0.201900 -0.786657 0.570956 -0.222823 1.433898 0.457407 0.352199 0.012848
data/frame-000074.color.jpg 0.119277 0.197824 -0.787531 0.571344 -0.224008 1.432793 0.455586 0.294290 0.012121
data/frame-000075.color.jpg 0.120187 0.194234 -0.791443 0.566963 -0.218629 1.420016 0.469693 0.304945 0.012258
data/frame-000076.color.jpg 0.103727 0.188301 -0.811681 0.543100 -0.221349 1.373339 0.543071 0.313187 0.010542
data/frame-000077.color.jpg 0.103337 0.188204 -0.815729 0.537110 -0.216751 1.361463 0.564162 0.388698 0.012639
data/frame-000078.color.jpg 0.098937 0.185670 -0.823446 0.526949 -0.208619 1.334758 0.596028 0.149811 0.007368
data/frame-000079.color.jpg 0.083111 0.179644 -0.838298 0.508013 -0.216893 1.289739 0.657608 0.191233 0.005879
data/frame-000080.color.jpg 0.072134 0.176737 -0.846752 0.496560 -0.224240 1.258562 0.694055 0.148444 0.004406
data/frame-000081.color.jpg 0.058758 0.171869 -0.854248 0.487102 -0.236620 1.223775 0.721164 0.406007 0.003418
data/frame-000082.color.jpg 0.041443 0.161318 -0.861368 0.479899 -0.252218 1.195108 0.741875 0.497690 0.007000
data/frame-000083.color.jpg 0.027126 0.153912 -0.863637 0.479278 -0.273895 1.178753 0.739946 0.555638 0.008995
data/frame-000084.color.jpg 0.006148 0.145764 -0.874303 0.462935 -0.306900 1.135523 0.770927 0.520620 0.009073
data/frame-000085.color.jpg 0.010295 -0.140483 0.883155 -0.447433 -0.331863 1.095761 0.796903 0.703453 0.011936
data/frame-000086.color.jpg 0.022004 -0.140009 0.891538 -0.430202 -0.350045 1.059092 0.826562 0.695633 0.012427
data/frame-000087.color.jpg 0.036117 -0.128961 0.905128 -0.403495 -0.363615 1.003058 0.867104 0.685952 0.013180
data/frame-000088.color.jpg 0.038370 -0.108078 0.914534 -0.387911 -0.344639 0.976915 0.889366 0.825894 0.012710
data/frame-000089.color.jpg 0.039258 -0.089354 0.925356 -0.366321 -0.326500 0.933724 0.922663 1.015002 0.015353
data/frame-000090.color.jpg 0.043442 -0.087386 0.928578 -0.358077 -0.332837 0.910857 0.931854 0.990291 0.017012
data/frame-000091.color.jpg 0.048018 -0.073881 0.923246 -0.373969 -0.334274 0.943109 0.895706 0.908013 0.012256
data/frame-000092.color.jpg 0.051884 -0.013611 0.908906 -0.413536 -0.280927 1.066221 0.810521 0.468959 0.008205
data/frame-000093.color.jpg 0.070836 0.036307 0.900014 -0.428531 -0.263988 1.121892 0.760822 0.636694 0.011025
data/frame-000094.color.jpg 0.100051 0.071981 0.881943 -0.454956 -0.281688 1.195369 0.674805 0.560909 0.009375
data/frame-000095.color.jpg 0.123266 0.097620 0.864119 -0.478094 -0.286842 1.256231 0.599624 0.296183 0.006114
data/frame-000096.color.jpg 0.136022 0.116228 0.854431 -0.487788 -0.282355 1.286335 0.560540 0.221314 0.004438
data/frame-000097.color.jpg 0.148015 0.133414 0.846596 -0.493526 -0.277782 1.307842 0.534925 0.161812 0.003873
data/frame-000098.color.jpg 0.168742 0.158005 0.838603 -0.493259 -0.280335 1.323442 0.513049 0.182741 0.002913
data/frame-000099.color.jpg 0.184814 0.180787 0.827505 -0.498393 -0.268301 1.346100 0.482481 0.235950 0.004106
data/frame-000100.color.jpg 0.199876 0.198376 0.816206 -0.504484 -0.255928 1.364225 0.453292 0.258625 0.004298
data/frame-000101.color.jpg 0.210374 0.218595 0.807361 -0.506089 -0.219147 1.382646 0.440664 0.262843 0.004459
data/frame-000102.color.jpg 0.215240 0.244007 0.801721 -0.501374 -0.161825 1.387225 0.445720 0.236770 0.005277
data/frame-000103.color.jpg 0.217961 0.251231 0.799427 -0.500292 -0.145108 1.396564 0.424256 0.239355 0.005593
data/frame-000104.color.jpg 0.231089 0.250049 0.797183 -0.498570 -0.162869 1.395031 0.386918 0.192069 0.003425
data/frame-000105.color.jpg 0.235615 0.270796 0.790326 -0.496529 -0.095070 1.425003 0.371288 0.315375 0.005897
data/frame-000106.color.jpg 0.252091 0.308333 0.772603 -0.494435 0.025509 1.452063 0.350747 0.322083 0.005328
data/frame-000107.color.jpg 0.274170 0.332002 0.762506 -0.482898 0.084043 1.456310 0.352218 0.399403 0.007837
data/frame-000108.color.jpg 0.283706 0.348924 0.753334 -0.479845 0.151980 1.467349 0.355269 0.585203 0.011525
data/frame-000109.color.jpg 0.294899 0.372936 0.746301 -0.465820 0.194106 1.458565 0.397650 0.676846 0.013938
data/frame-000110.color.jpg 0.309766 0.391625 0.733113 -0.461757 0.214271 1.450951 0.405187 0.505998 0.008723
data/frame-000111.color.jpg 0.320836 0.420013 0.725527 -0.440754 0.191198 1.428582 0.448594 0.394955 0.004133
data/frame-000112.color.jpg 0.332121 0.439075 0.714312 -0.432049 0.167059 1.418046 0.452439 0.272637 0.003646
data/frame-000113.color.jpg 0.337618 0.457904 0.712058 -0.411474 0.113262 1.396741 0.491416 0.494655 0.007750
data/frame-000114.color.jpg 0.343529 0.481230 0.705142 -0.391382 0.070277 1.377287 0.520916 0.409413 0.005571
data/frame-000115.color.jpg 0.345919 0.493059 0.695039 -0.392626 0.072716 1.378311 0.503477 0.309672 0.004603
data/frame-000116.color.jpg 0.343402 0.495436 0.694231 -0.393270 0.055384 1.381991 0.488519 0.366112 0.006335
data/frame-000117.color.jpg 0.338001 0.501554 0.698206 -0.383024 0.022382 1.366543 0.506806 0.301262 0.002853
data/frame-000118.color.jpg 0.336306 0.518829 0.690215 -0.375922 0.030471 1.365123 0.517367 0.219008 0.003672
data/frame-000119.color.jpg 0.339775 0.532349 0.680631 -0.371349 0.027688 1.369515 0.514234 0.247605 0.004051
data/frame-000120.color.jpg 0.340668 0.538060 0.674836 -0.372872 0.029938 1.367130 0.508011 0.320636 0.005129
data/frame-000121.color.jpg 0.331532 0.562004 0.675696 -0.343035 0.018423 1.317097 0.581026 0.341970 0.004699
data/frame-000122.color.jpg 0.325022 0.574359 0.671869 -0.336251 0.032576 1.306173 0.605157 0.357533 0.006512
data/frame-000123.color.jpg 0.319392 0.587554 0.671622 -0.318893 0.028205 1.269210 0.649074 0.347117 0.006088
data/frame-000124.color.jpg 0.316741 0.593866 0.669611 -0.314036 0.031351 1.254243 0.665732 0.401485 0.005655
data/frame-000125.color.jpg 0.312029 0.591467 0.675510 -0.310629 0.030415 1.235510 0.693315 0.191841 0.003334
data/frame-000126.color.jpg 0.311049 0.593442 0.671536 -0.316408 0.062555 1.236020 0.698664 0.212020 0.003605
data/frame-000127.color.jpg 0.311526 0.602318 0.663728 -0.315643 0.095627 1.227118 0.714768 0.239513 0.003101
data/frame-000128.color.jpg 0.300167 0.615422 0.658110 -0.313124 0.170155 1.181508 0.779099 0.337464 0.002805
data/frame-000129.color.jpg 0.309786 0.617829 0.654827 -0.305812 0.163007 1.163344 0.804426 0.221533 0.002064
data/frame-000130.color.jpg 0.315362 0.619722 0.649499 -0.307640 0.167370 1.164885 0.805868 0.237016 0.002552
data/frame-000131.color.jpg 0.319183 0.625838 0.642625 -0.305749 0.169800 1.161957 0.809680 0.242594 0.002797
data/frame-000132.color.jpg 0.338463 0.644155 0.618949 -0.295650 0.149034 1.170027 0.806724 0.185351 0.003810
data/frame-000133.color.jpg 0.349543 0.653932 0.602093 -0.296105 0.147066 1.184918 0.791969 0.160893 0.005149
data/frame-000134.color.jpg 0.370314 0.669843 0.575444 -0.288172 0.129087 1.197486 0.776424 0.226408 0.001792
data/frame-000135.color.jpg 0.378668 0.680097 0.561918 -0.279871 0.118729 1.195782 0.778699 0.167585 0.001786
data/frame-000136.color.jpg 0.392170 0.692081 0.537636 -0.279597 0.122403 1.212793 0.755345 0.343002 0.002784
data/frame-000137.color.jpg 0.397213 0.695139 0.532994 -0.273717 0.098661 1.218893 0.750589 0.321555 0.001822
data/frame-000138.color.jpg 0.403206 0.703143 0.523087 -0.263429 0.058854 1.225876 0.744421 0.170843 0.002322
data/frame-000139.color.jpg 0.404039 0.707099 0.517794 -0.262020 0.041605 1.231738 0.733834 0.196028 0.003532
data/frame-000140.color.jpg 0.407837 0.709163 0.513681 -0.258630 0.013103 1.242911 0.711788 0.207119 0.003859
data/frame-000141.color.jpg 0.411317 0.706682 0.513790 -0.259690 -0.009571 1.257792 0.684694 0.417087 0.008030
data/frame-000142.color.jpg 0.419165 0.694991 0.519059 -0.268080 -0.039657 1.282806 0.638602 0.348022 0.007098
data/frame-000143.color.jpg 0.425280 0.685311 0.523007 -0.275591 -0.058992 1.299829 0.607662 0.398363 0.008293
data/frame-000144.color.jpg 0.434636 0.681368 0.517631 -0.280871 -0.061756 1.324362 0.574591 0.309551 0.006624
data/frame-000145.color.jpg 0.452727 0.684328 0.495853 -0.284365 -0.049095 1.364757 0.520228 0.232344 0.004673
data/frame-000146.color.jpg 0.470165 0.681567 0.484078 -0.282984 -0.060633 1.397529 0.473829 0.360787 0.007275
data/frame-000147.color.jpg 0.479354 0.676341 0.480274 -0.286565 -0.063900 1.412581 0.442761 0.342788 0.006244
data/frame-000148.color.jpg 0.487775 0.669817 0.478751 -0.290204 -0.071873 1.426624 0.413510 0.374468 0.007278
data/frame-000149.color.jpg 0.506058 0.655302 0.473258 -0.300850 -0.083468 1.446768 0.343060 0.379589 0.008904
data/frame-000150.color.jpg 0.514605 0.650488 0.470027 -0.301865 -0.089496 1.462917 0.316401 0.265610 0.004578
data/frame-000151.color.jpg 0.529248 0.647049 0.459604 -0.299982 -0.100724 1.484443 0.266703 0.456717 0.007644
data/frame-000152.color.jpg 0.532291 0.647072 0.456019 -0.300017 -0.096930 1.492301 0.250168 0.446565 0.007956
data/frame-000153.color.jpg 0.537151 0.653084 0.444566 -0.295485 -0.078525 1.505347 0.228091 0.482506 0.007321
data/frame-000154.color.jpg 0.545683 0.673534 0.416292 -0.274379 -0.031938 1.517674 0.210196 0.316656 0.005231
data/frame-000155.color.jpg 0.548249 0.691834 0.392017 -0.259058 0.009218 1.518357 0.216642 0.311389 0.004671
data/frame-000156.color.jpg 0.552628 0.712320 0.363399 -0.234827 0.041901 1.523194 0.231206 0.309285 0.004170
data/frame-000157.color.jpg 0.560988 0.722406 0.340210 -0.218354 0.055423 1.523564 0.225390 0.377005 0.005882
data/frame-000158.color.jpg 0.571217 0.736349 0.304502 -0.196927 0.079072 1.521451 0.223256 0.370264 0.006260
data/frame-000159.color.jpg 0.573555 0.746089 0.285815 -0.180818 0.081029 1.519029 0.239086 0.403188 0.007012
data/frame-000160.color.jpg 0.574857 0.759464 0.259408 -0.159568 0.098595 1.510225 0.263410 0.355050 0.006481
data/frame-000161.color.jpg 0.573429 0.766311 0.249281 -0.147669 0.102358 1.506801 0.285459 0.247647 0.005192
data/frame-000162.color.jpg 0.564749 0.777708 0.242324 -0.132313 0.101701 1.487082 0.332349 0.076326 0.001416
data/frame-000163.color.jpg 0.552160 0.791407 0.233358 -0.119742 0.107357 1.464995 0.384206 0.182920 0.003872
data/frame-000164.color.jpg 0.542808 0.801109 0.223409 -0.116929 0.128671 1.448812 0.417232 0.238025 0.004595
data/frame-000165.color.jpg 0.536954 0.808504 0.212742 -0.112882 0.141936 1.432446 0.443437 0.232431 0.003803
data/frame-000166.color.jpg 0.534170 0.811929 0.211241 -0.103978 0.127630 1.422960 0.461075 0.139398 0.002457
data/frame-000167.color.jpg 0.529235 0.818740 0.201111 -0.095545 0.130901 1.407692 0.486389 0.137041 0.002528
data/frame-000168.color.jpg 0.520798 0.826514 0.194612 -0.088151 0.133018 1.390843 0.520662 0.193664 0.003590
data/frame-000169.color.jpg 0.508826 0.837789 0.182585 -0.076607 0.135261 1.361400 0.562455 0.246476 0.003839
data/frame-000170.color.jpg 0.494349 0.846966 0.181343 -0.073369 0.123838 1.327561 0.598064 0.262050 0.003953
data/frame-000171.color.jpg 0.486843 0.849528 0.190854 -0.069724 0.083156 1.309069 0.619032 0.279658 0.005284
data/frame-000172.color.jpg 0.483565 0.849662 0.197311 -0.072862 0.061022 1.299551 0.633837 0.242754 0.004124
data/frame-000173.color.jpg 0.464848 0.858867 0.198796 -0.082120 0.065932 1.250381 0.697798 0.183986 0.003011
data/frame-000174.color.jpg 0.461956 0.860370 0.199184 -0.081767 0.061291 1.240378 0.712595 0.247344 0.004089
data/frame-000175.color.jpg 0.462662 0.859924 0.198948 -0.083027 0.048794 1.224735 0.725512 0.204400 0.003892
data/frame-000176.color.jpg 0.462022 0.860309 0.198462 -0.083766 0.048873 1.219934 0.728265 0.251463 0.004236
data/frame-000177.color.jpg 0.453812 0.865425 0.192715 -0.089193 0.066048 1.198039 0.749221 0.147924 0.004111
data/frame-000178.color.jpg 0.442861 0.873258 0.184249 -0.085710 0.062554 1.170304 0.774103 0.196702 0.005363
data/frame-000179.color.jpg 0.437669 0.875791 0.183768 -0.087551 0.060745 1.157649 0.787358 0.204379 0.004961
data/frame-000180.color.jpg 0.428498 0.880873 0.181871 -0.085881 0.065454 1.133214 0.808722 0.217210 0.006733
data/frame-000181.color.jpg 0.426329 0.885429 0.168065 -0.077549 0.068168 1.130352 0.810753 0.124752 0.004960
data/frame-000182.color.jpg 0.426446 0.891827 0.136842 -0.063741 0.067018 1.129567 0.808294 0.127277 0.003867
data/frame-000183.color.jpg 0.424853 0.897985 0.103705 -0.048664 0.060804 1.127394 0.807280 0.118407 0.003458
data/frame-000184.color.jpg 0.423843 0.900572 0.088555 -0.038551 0.048131 1.126245 0.805393 0.166929 0.003996
data/frame-000185.color.jpg 0.425748 0.901175 0.074828 -0.031984 0.044358 1.130687 0.795446 0.300909 0.005429
data/frame-000186.color.jpg 0.438715 0.896637 0.055897 -0.021135 0.033269 1.160987 0.759868 0.113083 0.002235
data/frame-000187.color.jpg 0.437789 0.897986 0.042738 -0.011637 0.021729 1.159767 0.760898 0.280399 0.004603
data/frame-000188.color.jpg 0.434846 0.900200 0.023293 -0.002490 0.011723 1.154772 0.764569 0.259446 0.003694
data/frame-000189.color.jpg 0.437203 0.899305 0.009642 0.003387 0.006974 1.162569 0.757552 0.259321 0.003611
data/frame-000190.color.jpg 0.448970 0.893502 0.001540 0.008858 0.001588 1.185748 0.729036 0.322024 0.004466
data/frame-000191.color.jpg 0.464461 0.885467 0.002194 0.014780 -0.020395 1.212523 0.691411 0.241983 0.004258
data/frame-000192.color.jpg 0.477622 0.878464 0.001473 0.013276 -0.019537 1.233935 0.659664 0.441033 0.007272
data/frame-000193.color.jpg 0.484724 0.874595 0.001375 0.011182 -0.017163 1.247916 0.643642 0.397052 0.006946
data/frame-000194.color.jpg 0.500708 0.865593 0.000594 0.006367 -0.006770 1.281272 0.605842 0.258509 0.004628
data/frame-000195.color.jpg 0.515677 0.856744 0.000837 0.008145 -0.013824 1.307037 0.567452 0.130600 0.002090
data/frame-000196.color.jpg 0.528949 0.848626 0.003136 0.006104 -0.014681 1.329512 0.533134 0.113405 0.002761
data/frame-000197.color.jpg 0.539759 0.841762 0.000882 0.009836 -0.020868 1.345868 0.503849 0.137180 0.002906
data/frame-000198.color.jpg 0.553357 0.832744 -0.005606 0.017360 -0.033687 1.371138 0.468907 0.114935 0.001051
data/frame-000199.color.jpg 0.561753 0.827040 -0.006650 0.019848 -0.039647 1.382949 0.443864 0.077588 0.001500
data/frame-000200.color.jpg 0.588635 0.808193 -0.007029 0.016838 -0.031987 1.420069 0.372053 0.186588 0.002535
data/frame-000201.color.jpg 0.594161 0.804198 -0.006611 0.013965 -0.028198 1.424680 0.358163 0.180917 0.001016
data/frame-000202.color.jpg 0.606715 0.794866 -0.000366 0.009182 -0.034883 1.439424 0.329287 0.150148 0.003746
data/frame-000203.color.jpg 0.633445 0.773565 -0.000645 0.018518 -0.057437 1.466734 0.249530 0.272420 0.005814
data/frame-000204.color.jpg 0.641835 0.766574 0.000731 0.020282 -0.062184 1.474431 0.224719 0.321623 0.005904
data/frame-000205.color.jpg 0.644311 0.764660 0.002617 0.012296 -0.049161 1.481983 0.223142 0.260081 0.002858
data/frame-000206.color.jpg 0.642088 0.766492 0.001610 0.014510 -0.050837 1.479205 0.231077 0.266889 0.002936
data/frame-000207.color.jpg 0.636593 0.770459 -0.011989 0.031602 -0.067204 1.472007 0.239407 0.284611 0.004075
data/frame-000208.color.jpg 0.626870 0.777092 -0.034329 0.044544 -0.066418 1.469032 0.261647 0.208388 0.002120
data/frame-000209.color.jpg 0.619460 0.782491 -0.041130 0.047797 -0.073267 1.463647 0.279929 0.233077 0.003573
data/frame-000210.color.jpg 0.612421 0.787690 -0.046011 0.048660 -0.073048 1.457009 0.296013 0.265335 0.004861
data/frame-000211.color.jpg 0.604869 0.792696 -0.052735 0.054643 -0.078988 1.450107 0.312386 0.163146 0.003294
data/frame-000212.color.jpg 0.601678 0.793378 -0.065708 0.064935 -0.087831 1.449675 0.312227 0.259954 0.004900
data/frame-000213.color.jpg 0.597899 0.794425 -0.079630 0.071167 -0.086934 1.449168 0.313971 0.426256 0.007577
data/frame-000214.color.jpg 0.591801 0.797363 -0.091413 0.075022 -0.084425 1.442655 0.325354 0.410691 0.006685
data/frame-000215.color.jpg 0.584857 0.799302 -0.108997 0.084727 -0.082366 1.434675 0.331892 0.163998 0.002591
data/frame-000216.color.jpg 0.578503 0.801038 -0.121455 0.094453 -0.093300 1.425454 0.331436 0.130395 0.002444
data/frame-000217.color.jpg 0.576831 0.801024 -0.125797 0.099003 -0.098900 1.424816 0.331248 0.180008 0.001765
data/frame-000218.color.jpg 0.561650 0.805989 -0.147703 0.114523 -0.110861 1.408797 0.354899 0.145554 0.003731
data/frame-000219.color.jpg 0.544483 0.814545 -0.161028 0.118847 -0.113775 1.388663 0.395346 0.275331 0.003559
data/frame-000220.color.jpg 0.525413 0.824907 -0.169230 0.121779 -0.125844 1.363606 0.443060 0.083812 0.001737
data/frame-000221.color.jpg 0.514335 0.829527 -0.176116 0.127778 -0.139530 1.349682 0.465620 0.189707 0.002948
data/frame-000222.color.jpg 0.503461 0.835373 -0.177962 0.130417 -0.152357 1.326627 0.492701 0.169543 0.000883
data/frame-000223.color.jpg 0.490725 0.840110 -0.185541 0.137766 -0.164340 1.308056 0.518730 0.324795 0.004406
data/frame-000224.color.jpg 0.485333 0.840669 -0.192056 0.144366 -0.175129 1.298970 0.523399 0.446819 0.005855
data/frame-000225.color.jpg 0.479888 0.843273 -0.195529 0.142713 -0.174263 1.293965 0.537048 0.358587 0.005539
data/frame-000226.color.jpg 0.462525 0.853482 -0.197755 0.136132 -0.170499 1.263201 0.581395 0.277538 0.004983
data/frame-000227.color.jpg 0.442480 0.863085 -0.205073 0.131306 -0.165730 1.225226 0.625037 0.267624 0.004186
data/frame-000228.color.jpg 0.431417 0.868448 -0.206797 0.130048 -0.173054 1.209636 0.650961 0.296960 0.006739
data/frame-000229.color.jpg 0.429201 0.870054 -0.207290 0.125790 -0.163107 1.201674 0.661013 0.266452 0.006048
