data/frame-000000.color.jpg 0.247045 0.652582 -0.622258 0.354824 -1.29039 -2.54958 4.90164
data/frame-000001.color.jpg 0.24481 0.65016 -0.62327 0.359019 -1.3422 -2.53478 4.89334
data/frame-000002.color.jpg 0.241508 0.646656 -0.630381 0.355147 -1.40753 -2.57256 4.84901
data/frame-000003.color.jpg 0.225993 0.650813 -0.641043 0.338282 -1.42331 -2.81088 4.70145
data/frame-000004.color.jpg 0.212982 0.656724 -0.645154 0.327305 -1.39943 -2.99404 4.58846
data/frame-000005.color.jpg 0.191014 0.666026 -0.654352 0.302897 -1.36324 -3.32769 4.36147
data/frame-000006.color.jpg 0.170496 0.674366 -0.659663 0.284616 -1.32519 -3.60395 4.14963
data/frame-000007.color.jpg 0.160047 0.679869 -0.66421 0.266437 -1.25744 -3.80447 3.98797
data/frame-000008.color.jpg 0.148445 0.684226 -0.669592 0.247881 -1.21747 -3.96511 3.81411
data/frame-000009.color.jpg 0.148073 0.685479 -0.666403 0.253181 -1.20609 -3.95326 3.83687
data/frame-000010.color.jpg 0.150444 0.680026 -0.668865 0.259906 -1.28859 -3.8838 3.87844
data/frame-000011.color.jpg 0.165689 0.674042 -0.66142 0.284145 -1.33756 -3.63417 4.09275
data/frame-000012.color.jpg 0.195535 0.670435 -0.650249 0.299098 -1.25505 -3.34124 4.37593
data/frame-000013.color.jpg 0.216783 0.663932 -0.641336 0.317626 -1.24894 -3.05218 4.59637
data/frame-000014.color.jpg 0.225741 0.66121 -0.636079 0.327484 -1.2546 -2.92007 4.69345
data/frame-000015.color.jpg 0.232452 0.660058 -0.631605 0.333713 -1.24309 -2.81359 4.75948
data/frame-000016.color.jpg 0.242235 0.659318 -0.624259 0.341939 -1.21 -2.68178 4.85294
data/frame-000017.color.jpg 0.260975 0.659435 -0.613002 0.348233 -1.10382 -2.48223 4.99357
data/frame-000018.color.jpg 0.271551 0.657022 -0.605137 0.358316 -1.08596 -2.31323 5.08464
data/frame-000019.color.jpg 0.284788 0.652034 -0.598365 0.368386 -1.07454 -2.1091 5.17919
data/frame-000020.color.jpg 0.283918 0.654815 -0.588644 0.379614 -1.06526 -2.03246 5.21716
data/frame-000021.color.jpg 0.286258 0.663134 -0.574564 0.384949 -0.950005 -1.96978 5.26454
data/frame-000022.color.jpg 0.29616 0.674102 -0.555275 0.386711 -0.72264 -1.8586 5.34526
data/frame-000023.color.jpg 0.306206 0.690417 -0.53672 0.376158 -0.392834 -1.83233 5.38242
data/frame-000024.color.jpg 0.320286 0.707776 -0.517685 0.358429 0.0231595 -1.81673 5.3995
data/frame-000025.color.jpg 0.339032 0.725492 -0.492827 0.340353 0.493981 -1.73283 5.41106
data/frame-000026.color.jpg 0.34634 0.735755 -0.477138 0.333245 0.739187 -1.6749 5.40459
data/frame-000027.color.jpg 0.358276 0.743321 -0.462939 0.323728 0.999178 -1.59369 5.3934
data/frame-000028.color.jpg 0.365596 0.751569 -0.450452 0.313968 1.22149 -1.5525 5.36093
data/frame-000029.color.jpg 0.379376 0.764001 -0.426954 0.300145 1.59483 -1.44399 5.29906
data/frame-000030.color.jpg 0.386777 0.776159 -0.408139 0.285313 1.90193 -1.39646 5.2125
data/frame-000031.color.jpg 0.394854 0.785083 -0.390711 0.274008 2.16779 -1.32403 5.12699
data/frame-000032.color.jpg 0.398447 0.791278 -0.383097 0.26145 2.35637 -1.32927 5.04059
data/frame-000033.color.jpg 0.408315 0.78746 -0.387536 0.251003 2.47113 -1.32924 4.9927
data/frame-000034.color.jpg 0.416531 0.784772 -0.385993 0.248282 2.55089 -1.26866 4.98085
data/frame-000035.color.jpg 0.417619 0.780043 -0.392481 0.251169 2.51852 -1.2878 5.00511
data/frame-000036.color.jpg 0.421788 0.770124 -0.408073 0.24996 2.45297 -1.33718 5.04159
data/frame-000037.color.jpg 0.41323 0.766453 -0.419464 0.256592 2.32823 -1.42585 5.09636
data/frame-000038.color.jpg 0.40778 0.769023 -0.418476 0.259223 2.33925 -1.44548 5.09995
data/frame-000039.color.jpg 0.411565 0.775417 -0.407178 0.252089 2.49774 -1.4045 5.03435
data/frame-000040.color.jpg 0.41938 0.793151 -0.374696 0.23374 2.89077 -1.30087 4.8398
data/frame-000041.color.jpg 0.421298 0.802802 -0.35826 0.22286 3.08422 -1.25787 4.71786
data/frame-000042.color.jpg 0.424354 0.819604 -0.319549 0.214619 3.37099 -1.03842 4.52733
data/frame-000043.color.jpg 0.422153 0.826629 -0.309362 0.206802 3.46745 -1.03603 4.42816
data/frame-000044.color.jpg 0.425639 0.829247 -0.302263 0.199543 3.54427 -1.00463 4.35006
data/frame-000045.color.jpg 0.438493 0.831221 -0.283397 0.191001 3.70414 -0.842422 4.2363
data/frame-000046.color.jpg 0.443381 0.838343 -0.263194 0.176981 3.89872 -0.749377 4.0672
data/frame-000047.color.jpg 0.448605 0.843897 -0.244747 0.163371 4.07479 -0.66078 3.89655
data/frame-000048.color.jpg 0.452053 0.849517 -0.226561 0.15046 4.23397 -0.578762 3.72866
data/frame-000049.color.jpg 0.457372 0.851506 -0.214834 0.13998 4.34116 -0.513736 3.60171
data/frame-000050.color.jpg 0.467183 0.852561 -0.195414 0.129198 4.47346 -0.365642 3.43258
data/frame-000051.color.jpg 0.470959 0.853303 -0.18593 0.124505 4.51548 -0.292887 3.35327
data/frame-000052.color.jpg 0.462707 0.859281 -0.180815 0.121841 4.52448 -0.31002 3.29751
data/frame-000053.color.jpg 0.451586 0.860597 -0.191402 0.13714 4.37289 -0.363787 3.44103
data/frame-000054.color.jpg 0.445326 0.855854 -0.213649 0.153465 4.18754 -0.475637 3.63226
data/frame-000055.color.jpg 0.445043 0.847852 -0.234329 0.167851 4.01348 -0.54384 3.8031
data/frame-000056.color.jpg 0.439928 0.8343 -0.269479 0.194393 3.69022 -0.668259 4.08837
data/frame-000057.color.jpg 0.431595 0.831051 -0.282487 0.20804 3.54204 -0.717116 4.20826
data/frame-000058.color.jpg 0.432854 0.825075 -0.290835 0.217494 3.44625 -0.713646 4.28354
data/frame-000059.color.jpg 0.424364 0.822604 -0.300576 0.229981 3.31863 -0.767532 4.37195
data/frame-000060.color.jpg 0.411804 0.825338 -0.308472 0.232548 3.25193 -0.904787 4.38681
data/frame-000061.color.jpg 0.399187 0.840122 -0.294866 0.218859 3.41324 -1.01742 4.21943
data/frame-000062.color.jpg 0.410661 0.843821 -0.278445 0.20443 3.60711 -0.930479 4.0837
data/frame-000063.color.jpg 0.408267 0.849371 -0.273145 0.193075 3.70117 -0.9812 3.9965
data/frame-000064.color.jpg 0.410469 0.856484 -0.256301 0.179612 3.87061 -0.939441 3.86268
data/frame-000065.color.jpg 0.409737 0.862487 -0.243471 0.17016 3.98322 -0.911235 3.75979
data/frame-000066.color.jpg 0.396821 0.875505 -0.230171 0.151806 4.12497 -1.0013 3.58811
data/frame-000067.color.jpg 0.392874 0.879203 -0.223022 0.151371 4.15954 -0.978728 3.56706
data/frame-000068.color.jpg 0.380761 0.888359 -0.215059 0.139959 4.23803 -1.05005 3.44896
data/frame-000069.color.jpg 0.372408 0.893355 -0.217137 0.126807 4.27658 -1.19327 3.35441
data/frame-000070.color.jpg 0.363457 0.899208 -0.212623 0.118807 4.33557 -1.27143 3.29389
data/frame-000071.color.jpg 0.352494 0.906246 -0.205207 0.111161 4.41041 -1.31623 3.19982
data/frame-000072.color.jpg 0.3429 0.913587 -0.195554 0.0976591 4.52092 -1.35429 3.04098
data/frame-000073.color.jpg 0.340484 0.914371 -0.194579 0.100677 4.52808 -1.36004 3.06202
data/frame-000074.color.jpg 0.332581 0.918682 -0.187919 0.100501 4.57787 -1.34728 3.02774
data/frame-000075.color.jpg 0.330537 0.918998 -0.189327 0.101702 4.58412 -1.36509 3.03947
data/frame-000076.color.jpg 0.336698 0.9147 -0.198173 0.103376 4.56627 -1.40498 3.09765
data/frame-000077.color.jpg 0.337488 0.913066 -0.202886 0.106061 4.5575 -1.42444 3.14235
data/frame-000078.color.jpg 0.33656 0.911667 -0.206108 0.1145 4.53929 -1.41773 3.23266
data/frame-000079.color.jpg 0.337275 0.906821 -0.218469 0.127248 4.43697 -1.46138 3.38948
data/frame-000080.color.jpg 0.339312 0.897397 -0.24172 0.145317 4.23516 -1.55742 3.62378
data/frame-000081.color.jpg 0.334325 0.89173 -0.260797 0.158206 4.06734 -1.67332 3.7803
data/frame-000082.color.jpg 0.33649 0.880334 -0.283418 0.177373 3.83813 -1.74466 4.00636
data/frame-000083.color.jpg 0.347875 0.869224 -0.299402 0.183824 3.72688 -1.75947 4.13058
data/frame-000084.color.jpg 0.357207 0.856161 -0.316787 0.197578 3.54464 -1.74286 4.31892
data/frame-000085.color.jpg 0.358266 0.850212 -0.326896 0.204754 3.43623 -1.76735 4.4114
data/frame-000086.color.jpg 0.355809 0.847388 -0.331647 0.21294 3.3535 -1.77292 4.48967
data/frame-000087.color.jpg 0.349442 0.847709 -0.332034 0.221434 3.30332 -1.7746 4.55298
data/frame-000088.color.jpg 0.342185 0.847392 -0.337111 0.226255 3.22682 -1.83281 4.58781
data/frame-000089.color.jpg 0.340271 0.842513 -0.350061 0.227693 3.11751 -1.93179 4.62897
data/frame-000090.color.jpg 0.34867 0.844845 -0.339614 0.2221 3.25236 -1.83605 4.57879
data/frame-000091.color.jpg 0.371642 0.855365 -0.303701 0.194931 3.70596 -1.56488 4.32233
data/frame-000092.color.jpg 0.393454 0.860812 -0.273549 0.171368 4.04386 -1.30993 4.06737
data/frame-000093.color.jpg 0.407508 0.864822 -0.247709 0.157039 4.26629 -1.09186 3.87051
data/frame-000094.color.jpg 0.415891 0.867827 -0.228826 0.146794 4.41635 -0.940325 3.72073
data/frame-000095.color.jpg 0.441034 0.872382 -0.18172 0.106844 4.81063 -0.612799 3.20217
data/frame-000096.color.jpg 0.446945 0.874668 -0.167645 0.0842097 4.96892 -0.577964 2.94464
data/frame-000097.color.jpg 0.462005 0.874477 -0.135136 0.0598205 5.17792 -0.347982 2.58123
data/frame-000098.color.jpg 0.474162 0.871009 -0.119026 0.0484464 5.2774 -0.215322 2.39841
data/frame-000099.color.jpg 0.483452 0.868909 -0.103037 0.0255873 5.39816 -0.151196 2.11505
data/frame-000100.color.jpg 0.489048 0.867077 -0.0931356 0.0183104 5.4436 -0.0755597 1.99509
data/frame-000101.color.jpg 0.499943 0.863306 -0.0688134 0.00494981 5.54142 0.122736 1.74016
data/frame-000102.color.jpg 0.504509 0.861675 -0.0537244 -0.010025 5.62093 0.195786 1.51891
data/frame-000103.color.jpg 0.509814 0.858622 -0.0501507 -0.018525 5.65468 0.201178 1.41431
data/frame-000104.color.jpg 0.51474 0.855765 -0.0451473 -0.0259167 5.67778 0.222583 1.31237
data/frame-000105.color.jpg 0.526074 0.849348 -0.0242778 -0.0355758 5.72723 0.388503 1.08722
data/frame-000106.color.jpg 0.52591 0.849384 -0.0147095 -0.0418198 5.75268 0.44603 0.975913
data/frame-000107.color.jpg 0.526311 0.849043 -0.00509994 -0.0457803 5.7696 0.511986 0.881178
data/frame-000108.color.jpg 0.523604 0.850498 -0.000607766 -0.0499196 5.78476 0.520185 0.820191
data/frame-000109.color.jpg 0.518145 0.85266 0.0173149 -0.0647865 5.82076 0.587996 0.575974
data/frame-000110.color.jpg 0.515462 0.853609 0.0265696 -0.070314 5.83366 0.640441 0.471202
data/frame-000111.color.jpg 0.502987 0.8577 0.0549199 -0.0913165 5.86123 0.76225 0.115407
data/frame-000112.color.jpg 0.497848 0.85926 0.0677295 -0.0960817 5.87077 0.845654 0.00259059
data/frame-000113.color.jpg 0.482513 0.864028 0.0904812 -0.111581 5.8657 0.948597 -0.261611
data/frame-000114.color.jpg 0.475033 0.86582 0.0989128 -0.122131 5.8613 0.954496 -0.411022
data/frame-000115.color.jpg 0.470473 0.867174 0.10238 -0.127209 5.85435 0.948022 -0.483765
data/frame-000116.color.jpg 0.462558 0.871376 0.10401 -0.126195 5.85619 0.954705 -0.468579
data/frame-000117.color.jpg 0.431354 0.886246 0.113875 -0.124638 5.83982 1.02068 -0.463005
data/frame-000118.color.jpg 0.42707 0.888186 0.114339 -0.125155 5.83895 1.01358 -0.469001
data/frame-000119.color.jpg 0.419626 0.892015 0.116061 -0.121462 5.8401 1.03625 -0.426615
data/frame-000120.color.jpg 0.414494 0.894656 0.119826 -0.115877 5.83661 1.08694 -0.378597
data/frame-000121.color.jpg 0.406372 0.90009 0.112926 -0.109302 5.87544 1.02792 -0.25768
data/frame-000122.color.jpg 0.39807 0.905764 0.103173 -0.102408 5.91743 0.935944 -0.12097
data/frame-000123.color.jpg 0.383332 0.913096 0.0908184 -0.105187 5.96661 0.764854 -0.0671246
data/frame-000124.color.jpg 0.379802 0.914881 0.0891646 -0.103888 5.97857 0.744478 -0.0432209
data/frame-000125.color.jpg 0.376439 0.916848 0.0876553 -0.0999998 5.99022 0.738076 0.0164337
data/frame-000126.color.jpg 0.366385 0.922313 0.0779952 -0.0949597 6.01232 0.62955 0.122704
data/frame-000127.color.jpg 0.351992 0.928447 0.0764752 -0.0907678 6.0337 0.591897 0.189163
data/frame-000128.color.jpg 0.348716 0.929408 0.0779974 -0.0922751 6.03784 0.592031 0.165069
data/frame-000129.color.jpg 0.345424 0.930355 0.077083 -0.095813 6.05473 0.558543 0.136817
data/frame-000130.color.jpg 0.332526 0.934559 0.0877862 -0.0912105 6.07527 0.667338 0.151537
data/frame-000131.color.jpg 0.323651 0.938053 0.0818991 -0.0927379 6.09075 0.572596 0.161474
data/frame-000132.color.jpg 0.32099 0.939209 0.0777984 -0.093807 6.09351 0.511013 0.173214
data/frame-000133.color.jpg 0.313931 0.941857 0.0751412 -0.0933045 6.09852 0.467251 0.18998
data/frame-000134.color.jpg 0.306952 0.943975 0.0755198 -0.0948017 6.10084 0.44847 0.169522
data/frame-000135.color.jpg 0.301637 0.94563 0.0727795 -0.0974767 6.10413 0.39692 0.151437
data/frame-000136.color.jpg 0.302651 0.945596 0.071524 -0.0955736 6.10539 0.386766 0.176034
data/frame-000137.color.jpg 0.311612 0.942861 0.0673896 -0.0967986 6.10619 0.357336 0.178817
data/frame-000138.color.jpg 0.328522 0.93683 0.0675089 -0.0993258 6.11092 0.391671 0.146602
data/frame-000139.color.jpg 0.347633 0.929447 0.0686031 -0.102823 6.11926 0.447655 0.100148
data/frame-000140.color.jpg 0.359724 0.924427 0.070212 -0.105376 6.13258 0.488094 0.0565037
data/frame-000141.color.jpg 0.371374 0.918361 0.0807137 -0.110361 6.13443 0.621922 -0.0496027
data/frame-000142.color.jpg 0.377045 0.915278 0.0882142 -0.111003 6.13759 0.7159 -0.0950335
data/frame-000143.color.jpg 0.39375 0.903826 0.111913 -0.124643 6.12155 0.957273 -0.363871
data/frame-000144.color.jpg 0.393326 0.902905 0.116935 -0.128 6.11993 1.00473 -0.415838
data/frame-000145.color.jpg 0.397646 0.900085 0.122392 -0.129404 6.10967 1.06807 -0.458618
data/frame-000146.color.jpg 0.445578 0.876879 0.109427 -0.143419 6.1063 0.95079 -0.594382
data/frame-000147.color.jpg 0.454578 0.875014 0.101289 -0.132096 6.11705 0.938783 -0.439277
data/frame-000148.color.jpg 0.456448 0.875204 0.0953087 -0.1288 6.11785 0.898698 -0.383822
data/frame-000149.color.jpg 0.461689 0.875937 0.0868158 -0.109729 6.11761 0.932664 -0.152405
data/frame-000150.color.jpg 0.471236 0.873253 0.0740508 -0.0994129 6.1005 0.905394 -0.0536519
data/frame-000151.color.jpg 0.474286 0.872062 0.0728331 -0.0962048 6.08381 0.921298 -0.0364479
data/frame-000152.color.jpg 0.475411 0.872551 0.067784 -0.0896943 6.07691 0.918931 0.0463028
data/frame-000153.color.jpg 0.480134 0.870936 0.0630426 -0.0834672 6.0646 0.917872 0.113365
data/frame-000154.color.jpg 0.48358 0.870479 0.0513971 -0.0759996 6.06719 0.843481 0.240904
data/frame-000155.color.jpg 0.483814 0.871428 0.0454894 -0.0668472 6.06819 0.833889 0.367033
data/frame-000156.color.jpg 0.472781 0.879707 0.0187468 -0.0473625 6.0921 0.652952 0.742504
data/frame-000157.color.jpg 0.475414 0.87884 -0.000545521 -0.040265 6.11494 0.48886 0.925216
data/frame-000158.color.jpg 0.469423 0.882009 -0.0201637 -0.0360055 6.15947 0.294393 1.09312
data/frame-000159.color.jpg 0.470779 0.881163 -0.0246865 -0.0361825 6.17607 0.246357 1.11652
data/frame-000160.color.jpg 0.475783 0.878838 -0.0291874 -0.020546 6.20763 0.310129 1.30599
data/frame-000161.color.jpg 0.47835 0.877435 -0.0278407 -0.0226567 6.2513 0.329245 1.28009
data/frame-000162.color.jpg 0.480455 0.876235 -0.0280159 -0.0242852 6.27756 0.33095 1.2663
data/frame-000163.color.jpg 0.487691 0.87214 -0.0102329 -0.0377478 6.35719 0.456583 1.00935
data/frame-000164.color.jpg 0.488248 0.871746 -0.00482769 -0.0406183 6.37706 0.499618 0.946516
data/frame-000165.color.jpg 0.49468 0.867593 0.00879868 -0.0499622 6.4297 0.606459 0.753447
data/frame-000166.color.jpg 0.49748 0.86568 0.0119975 -0.0544779 6.45258 0.617864 0.681465
data/frame-000167.color.jpg 0.502248 0.861485 0.0291905 -0.0688352 6.48854 0.723533 0.401862
data/frame-000168.color.jpg 0.500798 0.861865 0.0340299 -0.0723355 6.50197 0.749471 0.329954
data/frame-000169.color.jpg 0.503728 0.858751 0.0469737 -0.0812309 6.50258 0.839372 0.133472
data/frame-000170.color.jpg 0.50416 0.857415 0.0540963 -0.0879597 6.49709 0.874055 0.00690841
data/frame-000171.color.jpg 0.505394 0.856026 0.0572128 -0.0923241 6.50497 0.882791 -0.0641846
data/frame-000172.color.jpg 0.509887 0.851646 0.0654005 -0.102163 6.50075 0.913634 -0.242299
data/frame-000173.color.jpg 0.510148 0.851241 0.0687735 -0.102021 6.49758 0.952681 -0.26665
data/frame-000174.color.jpg 0.521173 0.840008 0.0924459 -0.119243 6.43623 1.11792 -0.658927
data/frame-000175.color.jpg 0.524139 0.837197 0.0980285 -0.12153 6.41962 1.16856 -0.735146
data/frame-000176.color.jpg 0.523169 0.831193 0.130095 -0.135965 6.29492 1.42163 -1.13482
data/frame-000177.color.jpg 0.517382 0.830499 0.145346 -0.146498 6.20662 1.52307 -1.36341
data/frame-000178.color.jpg 0.511837 0.830797 0.154525 -0.154664 6.1405 1.57259 -1.52586
data/frame-000179.color.jpg 0.509642 0.832687 0.154523 -0.151724 6.14475 1.59206 -1.49613
data/frame-000180.color.jpg 0.50332 0.835257 0.161128 -0.15183 6.11648 1.66924 -1.53759
data/frame-000181.color.jpg 0.502243 0.832488 0.172246 -0.158261 6.04805 1.74531 -1.68662
data/frame-000182.color.jpg 0.49866 0.83163 0.183959 -0.160903 5.98661 1.85828 -1.78982
data/frame-000183.color.jpg 0.489645 0.826364 0.21326 -0.178578 5.79282 2.0617 -2.1445
data/frame-000184.color.jpg 0.490104 0.821199 0.224353 -0.18734 5.70687 2.11151 -2.30709
data/frame-000185.color.jpg 0.487358 0.814599 0.242264 -0.200544 5.5653 2.20021 -2.5379
data/frame-000186.color.jpg 0.478238 0.815298 0.25224 -0.20725 5.49144 2.27222 -2.62941
data/frame-000187.color.jpg 0.468389 0.812604 0.267976 -0.22017 5.36413 2.35994 -2.81203
data/frame-000188.color.jpg 0.465304 0.810681 0.272501 -0.228106 5.31024 2.3584 -2.9039
data/frame-000189.color.jpg 0.466265 0.807138 0.27655 -0.233764 5.27353 2.35736 -2.98086
data/frame-000190.color.jpg 0.461908 0.7997 0.293359 -0.247107 5.12708 2.44072 -3.17234
data/frame-000191.color.jpg 0.465697 0.793976 0.293404 -0.258153 5.12677 2.34031 -3.23953
data/frame-000192.color.jpg 0.466594 0.792729 0.292581 -0.261281 5.12502 2.30572 -3.26144
data/frame-000193.color.jpg 0.468181 0.788089 0.298562 -0.265673 5.08744 2.31445 -3.30599
data/frame-000194.color.jpg 0.466961 0.786529 0.303026 -0.267384 5.05401 2.3435 -3.32778
data/frame-000195.color.jpg 0.467205 0.786661 0.303432 -0.26611 5.06343 2.3508 -3.30532
data/frame-000196.color.jpg 0.467931 0.784355 0.309096 -0.265116 5.06165 2.36339 -3.24441
data/frame-000197.color.jpg 0.466443 0.784302 0.310468 -0.266292 5.05645 2.36428 -3.24535
data/frame-000198.color.jpg 0.464828 0.784234 0.311604 -0.267983 5.04669 2.36418 -3.25766
data/frame-000199.color.jpg 0.462674 0.782653 0.318186 -0.268598 4.99606 2.42517 -3.27567
data/frame-000200.color.jpg 0.458603 0.77356 0.334202 -0.28213 4.80567 2.48623 -3.47686
data/frame-000201.color.jpg 0.450264 0.765992 0.358267 -0.28664 4.5733 2.69395 -3.60594
data/frame-000202.color.jpg 0.447286 0.76064 0.36788 -0.293301 4.45238 2.74027 -3.70015
data/frame-000203.color.jpg 0.436185 0.758221 0.381467 -0.298876 4.30089 2.84184 -3.75909
data/frame-000204.color.jpg 0.427546 0.76061 0.385945 -0.29954 4.2592 2.89649 -3.74884
data/frame-000205.color.jpg 0.423257 0.761517 0.389042 -0.299319 4.23393 2.93559 -3.73858
data/frame-000206.color.jpg 0.414547 0.762156 0.396472 -0.30013 4.15974 3.0073 -3.73862
data/frame-000207.color.jpg 0.406762 0.762037 0.403793 -0.301322 4.08186 3.078 -3.74818
data/frame-000208.color.jpg 0.392226 0.768422 0.404136 -0.303908 4.06302 3.09391 -3.71609
data/frame-000209.color.jpg 0.388508 0.771929 0.406395 -0.2967 4.08088 3.16234 -3.63154
data/frame-000210.color.jpg 0.378982 0.775104 0.410928 -0.294491 4.05132 3.23171 -3.58574
data/frame-000211.color.jpg 0.369627 0.777927 0.415063 -0.293135 4.02562 3.2913 -3.54268
data/frame-000212.color.jpg 0.355916 0.777059 0.430498 -0.29013 3.89084 3.45981 -3.49542
data/frame-000213.color.jpg 0.352186 0.775365 0.43665 -0.29002 3.82644 3.51634 -3.49624
data/frame-000214.color.jpg 0.347228 0.770711 0.445151 -0.295429 3.7101 3.54556 -3.54402
data/frame-000215.color.jpg 0.340195 0.771619 0.4511 -0.292199 3.6691 3.62788 -3.49936
data/frame-000216.color.jpg 0.33464 0.776476 0.450085 -0.287272 3.7162 3.65513 -3.42366
data/frame-000217.color.jpg 0.319975 0.784285 0.445813 -0.289419 3.79773 3.64465 -3.37116
data/frame-000218.color.jpg 0.310115 0.787417 0.44999 -0.285152 3.79813 3.71953 -3.29847
data/frame-000219.color.jpg 0.308053 0.788473 0.452612 -0.28028 3.80242 3.76671 -3.24438
data/frame-000220.color.jpg 0.305551 0.779328 0.469586 -0.280671 3.65368 3.91278 -3.29398
data/frame-000221.color.jpg 0.308986 0.758933 0.492164 -0.293808 3.35814 4.03385 -3.50967
data/frame-000222.color.jpg 0.312401 0.748032 0.497234 -0.309213 3.22899 3.9891 -3.70333
data/frame-000223.color.jpg 0.317354 0.738584 0.503179 -0.317159 3.1175 3.97772 -3.82422
data/frame-000224.color.jpg 0.325902 0.728466 0.506277 -0.326817 3.02305 3.92715 -3.97707
data/frame-000225.color.jpg 0.333218 0.719883 0.511059 -0.330988 2.93819 3.9147 -4.06504
data/frame-000226.color.jpg 0.339918 0.708024 0.517144 -0.340176 2.80364 3.88558 -4.21096
data/frame-000227.color.jpg 0.33961 0.690189 0.534913 -0.349531 2.51163 3.9523 -4.34599
data/frame-000228.color.jpg 0.337721 0.664993 0.559417 -0.361638 2.08619 4.02853 -4.5021
data/frame-000229.color.jpg 0.339085 0.632865 0.582582 -0.380923 1.56502 4.00029 -4.72728
data/frame-000230.color.jpg 0.338996 0.622779 0.588696 -0.388156 1.3906 3.97867 -4.79691
data/frame-000231.color.jpg 0.334981 0.606285 0.599684 -0.400731 1.08155 3.95409 -4.89675
data/frame-000232.color.jpg 0.333966 0.595148 0.611411 -0.400552 0.873235 4.00063 -4.89925
data/frame-000233.color.jpg 0.328755 0.570411 0.631628 -0.409385 0.419899 4.01206 -4.9485
data/frame-000234.color.jpg 0.31904 0.549556 0.649151 -0.418096 0.0158775 4.0213 -4.96148
data/frame-000235.color.jpg 0.308461 0.524247 0.665468 -0.432631 -0.427229 3.96571 -4.98762
data/frame-000236.color.jpg 0.294562 0.492923 0.685977 -0.446874 -0.955379 3.90381 -4.96496
data/frame-000237.color.jpg 0.271745 0.439495 0.716172 -0.469144 -1.80759 3.74478 -4.8325
data/frame-000238.color.jpg 0.264645 0.426653 0.723099 -0.474402 -2.01163 3.69751 -4.77275
data/frame-000239.color.jpg 0.255232 0.416007 0.728903 -0.480099 -2.19081 3.67215 -4.70612
data/frame-000240.color.jpg 0.249835 0.405828 0.73685 -0.479519 -2.34224 3.67385 -4.64286
data/frame-000241.color.jpg 0.254714 0.407779 0.739002 -0.471925 -2.29922 3.70086 -4.66123
data/frame-000242.color.jpg 0.253655 0.425309 0.735673 -0.462122 -2.0906 3.87094 -4.67303
data/frame-000243.color.jpg 0.245867 0.436687 0.733262 -0.459544 -1.97429 3.99939 -4.65495
data/frame-000244.color.jpg 0.235209 0.448933 0.737723 -0.445982 -1.88948 4.22407 -4.53775
data/frame-000245.color.jpg 0.221442 0.437319 0.755292 -0.435029 -2.14302 4.34577 -4.32698
data/frame-000246.color.jpg 0.207836 0.398973 0.779743 -0.435461 -2.73309 4.23001 -4.10549
data/frame-000247.color.jpg 0.199767 0.348485 0.798058 -0.449171 -3.38638 3.90363 -3.95634
data/frame-000248.color.jpg 0.191391 0.319346 0.806201 -0.459813 -3.74957 3.71327 -3.83709
data/frame-000249.color.jpg 0.185553 0.308599 0.806256 -0.469349 -3.8853 3.62375 -3.79185
data/frame-000250.color.jpg 0.179832 0.276844 0.810131 -0.484464 -4.2417 3.33878 -3.67009
data/frame-000251.color.jpg 0.18396 0.261621 0.807363 -0.495861 -4.37132 3.14625 -3.69334
data/frame-000252.color.jpg 0.187468 0.255447 0.798742 -0.511481 -4.40493 2.98989 -3.77206
data/frame-000253.color.jpg 0.19964 0.250787 0.786534 -0.527839 -4.38748 2.7883 -3.94593
data/frame-000254.color.jpg 0.204082 0.249202 0.782306 -0.533148 -4.38242 2.72533 -4.00895
data/frame-000255.color.jpg 0.222276 0.243439 0.771746 -0.543819 -4.34185 2.48762 -4.19229
data/frame-000256.color.jpg 0.239799 0.243712 0.760552 -0.551961 -4.25911 2.32534 -4.38445
data/frame-000257.color.jpg 0.253278 0.246845 0.749871 -0.559116 -4.15722 2.20292 -4.54883
data/frame-000258.color.jpg 0.259847 0.248134 0.744162 -0.563144 -4.10495 2.13351 -4.62703
data/frame-000259.color.jpg 0.267842 0.250944 0.739374 -0.564459 -4.03268 2.08731 -4.71811
data/frame-000260.color.jpg 0.28013 0.252574 0.72699 -0.573776 -3.93257 1.93197 -4.86449
data/frame-000261.color.jpg 0.279743 0.250302 0.723748 -0.579036 -3.95912 1.88245 -4.8682
data/frame-000262.color.jpg 0.283136 0.251931 0.718506 -0.583192 -3.91029 1.83488 -4.92295
data/frame-000263.color.jpg 0.28567 0.248102 0.70987 -0.594073 -3.91692 1.70924 -4.95972
data/frame-000264.color.jpg 0.290197 0.244844 0.702192 -0.602299 -3.90428 1.58894 -5.0096
data/frame-000265.color.jpg 0.291422 0.240074 0.698662 -0.607708 -3.93798 1.50257 -5.00918
data/frame-000266.color.jpg 0.289879 0.237987 0.695806 -0.612524 -3.95922 1.46272 -4.99902
data/frame-000267.color.jpg 0.289426 0.236946 0.697796 -0.610876 -3.97676 1.48047 -4.98158
data/frame-000268.color.jpg 0.284393 0.237002 0.708233 -0.601129 -4.02293 1.59383 -4.90438
data/frame-000269.color.jpg 0.28034 0.234576 0.710984 -0.600737 -4.06662 1.6101 -4.85463
data/frame-000270.color.jpg 0.27534 0.230862 0.715385 -0.599262 -4.13477 1.63771 -4.78596
data/frame-000271.color.jpg 0.260234 0.210829 0.726957 -0.599469 -4.38732 1.60369 -4.54486
data/frame-000272.color.jpg 0.256159 0.204433 0.731045 -0.598467 -4.45962 1.59742 -4.46809
data/frame-000273.color.jpg 0.233422 0.177975 0.741198 -0.603709 -4.78325 1.53178 -4.12384
data/frame-000274.color.jpg 0.228788 0.172086 0.744738 -0.602834 -4.84533 1.5253 -4.04056
data/frame-000275.color.jpg 0.197862 0.139331 0.768791 -0.591944 -5.20516 1.54933 -3.50519
data/frame-000276.color.jpg 0.187929 0.136484 0.777509 -0.58441 -5.24757 1.62297 -3.36833
data/frame-000277.color.jpg 0.178048 0.131939 0.780028 -0.58519 -5.30897 1.65013 -3.25108
data/frame-000278.color.jpg 0.172027 0.127971 0.784696 -0.58162 -5.35869 1.67989 -3.15294
data/frame-000279.color.jpg 0.166053 0.123109 0.792723 -0.573464 -5.41402 1.71497 -3.03342
data/frame-000280.color.jpg 0.155314 0.114449 0.805244 -0.560679 -5.49139 1.75767 -2.82269
data/frame-000281.color.jpg 0.151453 0.111327 0.812521 -0.551795 -5.52178 1.79213 -2.72918
data/frame-000282.color.jpg 0.146674 0.108845 0.816988 -0.546965 -5.55533 1.81833 -2.64612
data/frame-000283.color.jpg 0.144601 0.105924 0.826988 -0.53288 -5.58166 1.85334 -2.5527
data/frame-000284.color.jpg 0.138536 0.0935501 0.851568 -0.496878 -5.67777 1.8645 -2.28458
data/frame-000285.color.jpg 0.139901 0.0928381 0.853661 -0.493023 -5.67163 1.85093 -2.28339
data/frame-000286.color.jpg 0.134243 0.0913508 0.858032 -0.487252 -5.69413 1.88424 -2.19329
data/frame-000287.color.jpg 0.132457 0.0905666 0.861369 -0.481972 -5.70297 1.90024 -2.1499
data/frame-000288.color.jpg 0.12737 0.0899446 0.867025 -0.473237 -5.7193 1.94291 -2.05928
data/frame-000289.color.jpg 0.11569 0.0810028 0.882953 -0.447715 -5.78258 1.96275 -1.79822
data/frame-000290.color.jpg 0.105144 0.0736193 0.895473 -0.426208 -5.82186 1.97222 -1.57431
data/frame-000291.color.jpg 0.101879 0.0685331 0.903119 -0.411461 -5.82534 1.96781 -1.46733
data/frame-000292.color.jpg 0.0820121 0.038812 0.915888 -0.391046 -5.90526 1.77628 -1.0445
data/frame-000293.color.jpg 0.0805023 0.0314229 0.916788 -0.389912 -5.91957 1.70458 -0.994571
data/frame-000294.color.jpg 0.0767862 0.0221553 0.917164 -0.390414 -5.93696 1.62558 -0.914081
data/frame-000295.color.jpg 0.0741843 0.0109298 0.918191 -0.388976 -5.9581 1.52307 -0.832892
data/frame-000296.color.jpg 0.0714789 0.00381467 0.917596 -0.391016 -5.97063 1.45615 -0.777278
data/frame-000297.color.jpg 0.0594737 -0.0156634 0.913286 -0.402649 -5.99965 1.3046 -0.590886
data/frame-000298.color.jpg 0.0584346 -0.0185999 0.913257 -0.402741 -5.99988 1.27804 -0.56554
data/frame-000299.color.jpg 0.0566551 -0.0273419 0.912607 -0.40397 -6.00656 1.19028 -0.507373
data/frame-000300.color.jpg 0.0551199 -0.0338727 0.912044 -0.404956 -6.01215 1.12525 -0.461656
data/frame-000301.color.jpg 0.0389947 -0.0724511 0.907328 -0.412294 -6.02389 0.772791 -0.110274
data/frame-000302.color.jpg 0.038658 -0.0799609 0.908766 -0.407746 -6.02415 0.698006 -0.0575081
data/frame-000303.color.jpg 0.0383899 -0.0832374 0.90882 -0.406993 -6.01727 0.663721 -0.0385624
data/frame-000304.color.jpg 0.0265551 -0.118036 0.906254 -0.40505 -5.99306 0.328026 0.267222
data/frame-000305.color.jpg 0.0166296 -0.142139 0.904422 -0.40192 -5.98014 0.0951166 0.50532
data/frame-000306.color.jpg 0.0137654 -0.158305 0.902457 -0.400401 -5.97677 -0.0732711 0.628788
data/frame-000307.color.jpg 0.00769809 -0.169956 0.899156 -0.403205 -5.96797 -0.177702 0.76067
data/frame-000308.color.jpg 0.00543787 -0.175784 0.899108 -0.400844 -5.96003 -0.234686 0.824508
data/frame-000309.color.jpg 0.0014331 -0.179018 0.899097 -0.399468 -5.9547 -0.259005 0.893451
data/frame-000310.color.jpg 0.00229349 -0.184738 0.900079 -0.394619 -5.94884 -0.342415 0.926391
data/frame-000311.color.jpg -0.00996197 -0.21442 0.896197 -0.388272 -5.90068 -0.643983 1.23499
data/frame-000312.color.jpg -0.0157349 -0.230144 0.89419 -0.383679 -5.85831 -0.803796 1.38081
data/frame-000313.color.jpg -0.0298994 -0.264791 0.881296 -0.390268 -5.71854 -1.0997 1.69984
data/frame-000314.color.jpg -0.0452741 -0.28473 0.866844 -0.40677 -5.60969 -1.18225 1.95934
data/frame-000315.color.jpg -0.0448598 -0.29177 0.863007 -0.409971 -5.57068 -1.24289 1.98519
data/frame-000316.color.jpg -0.0521049 -0.300923 0.855184 -0.418797 -5.49539 -1.25248 2.09925
data/frame-000317.color.jpg -0.0714499 -0.310376 0.847892 -0.423841 -5.35751 -1.19684 2.32425
data/frame-000318.color.jpg -0.0690492 -0.311959 0.847568 -0.423723 -5.32536 -1.21121 2.30173
data/frame-000319.color.jpg -0.0725367 -0.318594 0.843726 -0.425868 -5.28514 -1.25328 2.36846
data/frame-000320.color.jpg -0.0735498 -0.328178 0.837444 -0.430788 -5.20764 -1.30758 2.41023
data/frame-000321.color.jpg -0.0696416 -0.329714 0.835568 -0.433895 -5.19768 -1.3279 2.37293
data/frame-000322.color.jpg -0.0772181 -0.331504 0.827577 -0.446385 -5.14645 -1.24905 2.44582
data/frame-000323.color.jpg -0.0742796 -0.315438 0.818788 -0.473885 -5.19375 -1.02175 2.31005
data/frame-000324.color.jpg -0.0752054 -0.311439 0.817175 -0.47914 -5.21449 -0.961307 2.2931
data/frame-000325.color.jpg -0.0821481 -0.308734 0.8099 -0.491932 -5.20563 -0.852309 2.33381
data/frame-000326.color.jpg -0.0794169 -0.307984 0.800718 -0.507631 -5.20771 -0.8173 2.29856
data/frame-000327.color.jpg -0.0800811 -0.308208 0.796227 -0.51441 -5.20573 -0.800886 2.30204
data/frame-000328.color.jpg -0.0790984 -0.307816 0.792109 -0.521111 -5.20935 -0.781527 2.28551
data/frame-000329.color.jpg -0.0817497 -0.310737 0.788815 -0.523957 -5.19278 -0.781499 2.32278
data/frame-000330.color.jpg -0.0950125 -0.318027 0.771087 -0.543374 -5.13015 -0.692162 2.45971
data/frame-000331.color.jpg -0.0943092 -0.315669 0.768787 -0.548111 -5.13828 -0.659199 2.4328
data/frame-000332.color.jpg -0.110855 -0.312254 0.749178 -0.573534 -5.11553 -0.422782 2.49995
data/frame-000333.color.jpg -0.115886 -0.314299 0.738554 -0.585086 -5.09894 -0.365847 2.53927
data/frame-000334.color.jpg -0.115496 -0.313449 0.732409 -0.593286 -5.11073 -0.339089 2.52119
data/frame-000335.color.jpg -0.112719 -0.316357 0.727307 -0.59853 -5.11322 -0.363564 2.50815
data/frame-000336.color.jpg -0.115196 -0.320034 0.72342 -0.600809 -5.0862 -0.36031 2.55093
data/frame-000337.color.jpg -0.119135 -0.317829 0.720148 -0.605127 -5.07975 -0.293567 2.56062
data/frame-000338.color.jpg -0.123808 -0.313975 0.715524 -0.61165 -5.08936 -0.207465 2.55897
data/frame-000339.color.jpg -0.127732 -0.313485 0.714595 -0.612181 -5.08126 -0.164516 2.58323
data/frame-000340.color.jpg -0.134787 -0.329193 0.711182 -0.606371 -4.99895 -0.237837 2.74845
data/frame-000341.color.jpg -0.145143 -0.347039 0.699197 -0.607965 -4.90214 -0.287604 2.93455
data/frame-000342.color.jpg -0.15384 -0.357184 0.686325 -0.614582 -4.8357 -0.270766 3.06289
data/frame-000343.color.jpg -0.158764 -0.371165 0.679617 -0.612496 -4.75113 -0.339269 3.19085
data/frame-000344.color.jpg -0.168661 -0.387977 0.670817 -0.609124 -4.6267 -0.38588 3.37354
data/frame-000345.color.jpg -0.175239 -0.396128 0.664982 -0.608418 -4.54399 -0.392023 3.47587
data/frame-000346.color.jpg -0.201581 -0.423968 0.655117 -0.591978 -4.22132 -0.414359 3.8531
data/frame-000347.color.jpg -0.216733 -0.440168 0.649687 -0.580677 -4.01213 -0.43492 4.06184
data/frame-000348.color.jpg -0.231344 -0.458309 0.642827 -0.568513 -3.76979 -0.479257 4.27268
data/frame-000349.color.jpg -0.237601 -0.466888 0.639745 -0.562395 -3.65426 -0.504831 4.36686
data/frame-000350.color.jpg -0.241757 -0.474029 0.636451 -0.558373 -3.55801 -0.532275 4.43621
data/frame-000351.color.jpg -0.247833 -0.4813 0.634924 -0.551182 -3.43812 -0.556971 4.51938
data/frame-000352.color.jpg -0.256497 -0.498616 0.63114 -0.53596 -3.20959 -0.663547 4.66843
data/frame-000353.color.jpg -0.262832 -0.508367 0.628387 -0.52689 -3.05325 -0.714938 4.7561
data/frame-000354.color.jpg -0.270762 -0.515404 0.625825 -0.519028 -2.92146 -0.729352 4.83676
data/frame-000355.color.jpg -0.278589 -0.525696 0.623175 -0.507626 -2.75191 -0.778218 4.92915
data/frame-000356.color.jpg -0.277389 -0.533399 0.625274 -0.497568 -2.64836 -0.89939 4.95606
data/frame-000357.color.jpg -0.277043 -0.547952 0.629907 -0.475617 -2.47587 -1.11422 5.01225
data/frame-000358.color.jpg -0.269238 -0.554123 0.637155 -0.463133 -2.44382 -1.29648 4.973
data/frame-000359.color.jpg -0.263036 -0.560414 0.643882 -0.449627 -2.39877 -1.47106 4.94572
data/frame-000360.color.jpg -0.257514 -0.562893 0.64766 -0.444267 -2.40024 -1.57128 4.91455
data/frame-000361.color.jpg -0.244743 -0.567793 0.654343 -0.43537 -2.41603 -1.75857 4.83714
data/frame-000362.color.jpg -0.230399 -0.571621 0.663146 -0.424739 -2.44322 -1.96395 4.73388
data/frame-000363.color.jpg -0.225765 -0.574716 0.665016 -0.420102 -2.43207 -2.05295 4.70303
data/frame-000364.color.jpg -0.217516 -0.584231 0.672 -0.399722 -2.34455 -2.29485 4.63537
data/frame-000365.color.jpg -0.214722 -0.589458 0.672228 -0.393119 -2.29766 -2.39074 4.62051
data/frame-000366.color.jpg -0.205856 -0.595191 0.675839 -0.382901 -2.26708 -2.54781 4.5529
data/frame-000367.color.jpg -0.201155 -0.600145 0.67741 -0.374804 -2.21907 -2.65829 4.51251
data/frame-000368.color.jpg -0.197731 -0.616451 0.671784 -0.359997 -2.02813 -2.86326 4.50319
data/frame-000369.color.jpg -0.202153 -0.624074 0.664722 -0.357506 -1.90662 -2.89211 4.55168
data/frame-000370.color.jpg -0.205951 -0.637732 0.654348 -0.3503 -1.70262 -2.94878 4.59691
data/frame-000371.color.jpg 0.209145 0.648277 -0.64697 0.342674 -1.54571 -3.00056 4.62459
data/frame-000372.color.jpg 0.215612 0.662044 -0.633068 0.338281 -1.30609 -3.0266 4.69052
data/frame-000373.color.jpg 0.229319 0.679712 -0.613282 0.330591 -0.948908 -2.9958 4.79787
data/frame-000374.color.jpg 0.235051 0.684916 -0.606572 0.328193 -0.814021 -2.97402 4.83867
data/frame-000375.color.jpg 0.24025 0.696395 -0.594371 0.322549 -0.597546 -2.97566 4.86983
data/frame-000376.color.jpg 0.24592 0.708373 -0.579559 0.319128 -0.354557 -2.95317 4.90944
data/frame-000377.color.jpg 0.248812 0.714358 -0.570743 0.319434 -0.231118 -2.92221 4.93517
data/frame-000378.color.jpg 0.262117 0.725364 -0.548991 0.322103 0.117351 -2.71483 4.98378
data/frame-000379.color.jpg 0.264685 0.721425 -0.551581 0.324416 0.0603034 -2.68346 5.00528
data/frame-000380.color.jpg 0.272847 0.717345 -0.550845 0.327934 0.0515818 -2.58448 5.05704
data/frame-000381.color.jpg 0.283773 0.72007 -0.542935 0.325873 0.171573 -2.49084 5.10548
data/frame-000382.color.jpg 0.298396 0.722984 -0.533263 0.322312 0.33905 -2.37579 5.15521
data/frame-000383.color.jpg 0.307134 0.726812 -0.524872 0.319253 0.474919 -2.30177 5.17782
data/frame-000384.color.jpg 0.318213 0.732986 -0.513276 0.313081 0.673897 -2.22019 5.19217
data/frame-000385.color.jpg 0.338217 0.740054 -0.495108 0.304627 0.970245 -2.06042 5.21178
