data/frame-000250.color.jpg -0.14069 -0.29436 0.893312 -0.309115 4.81424 -3.63831 4.11684
data/frame-000384.color.jpg 0.508627 0.846514 -0.138496 0.0743717 0.808431 4.5909 -5.93004
data/frame-000395.color.jpg 0.477527 0.878214 0.0263222 -0.00379428 -1.85577 4.84233 -5.3025
data/frame-000133.color.jpg -0.0809109 -0.273708 0.920345 -0.267399 2.83368 -4.99748 4.62461
data/frame-000144.color.jpg 0.0398307 -0.0457236 0.957681 -0.281373 -0.725509 -5.27868 4.66487
data/frame-000289.color.jpg -0.122748 -0.22765 0.893986 -0.36592 4.81978 -3.16845 4.60617
data/frame-000027.color.jpg 0.105615 0.0686908 0.953068 -0.275298 -4.20394 -4.76451 3.77945
data/frame-000201.color.jpg -0.11023 -0.315137 0.904521 -0.265291 4.02929 -4.3352 4.11633
data/frame-000346.color.jpg -0.386107 -0.583028 0.652602 -0.291737 7.34814 0.744829 -1.06716
data/frame-000357.color.jpg 0.461439 0.725163 -0.464676 0.212811 5.65973 2.79518 -3.86488
data/frame-000084.color.jpg 0.0684192 -0.0462849 0.912834 -0.399889 -2.23608 -4.00256 5.74485
data/frame-000095.color.jpg -0.0310235 -0.201407 0.891666 -0.404233 0.622437 -3.85831 6.30514
data/frame-000106.color.jpg -0.114401 -0.360019 0.870649 -0.31507 3.49213 -4.16526 5.20191
data/frame-000482.color.jpg 0.46013 0.8005 0.362433 -0.126977 -5.04159 3.42796 -3.98777
data/frame-000231.color.jpg -0.212823 -0.481917 0.814181 -0.244073 6.47464 -2.30102 2.3131
data/frame-000414.color.jpg 0.555065 0.823485 0.108275 -0.0452942 -2.82369 3.59295 -5.6469
data/frame-000163.color.jpg 0.0592741 -0.00391734 0.92013 -0.387082 -1.2708 -4.06201 5.7367
data/frame-000319.color.jpg -0.319103 -0.566982 0.719272 -0.243622 7.4554 -0.0208658 -0.230678
data/frame-000046.color.jpg 0.00898732 -0.104728 0.956797 -0.271092 -1.27792 -5.65516 4.7941
data/frame-000068.color.jpg -0.0117958 -0.218488 0.919794 -0.325734 0.537546 -4.94369 5.47485
data/frame-000057.color.jpg -0.0510712 -0.247452 0.933621 -0.253992 1.25066 -5.75813 4.83875
data/frame-000444.color.jpg 0.525727 0.800576 0.273621 -0.0884407 -4.50355 3.13466 -4.88671
data/frame-000193.color.jpg -0.077054 -0.333955 0.916038 -0.208354 4.10733 -4.86512 3.60966
data/frame-000376.color.jpg 0.510726 0.797073 -0.297873 0.122907 3.38009 3.81295 -5.54108
data/frame-000125.color.jpg -0.115976 -0.42443 0.866253 -0.236674 4.67009 -4.20332 3.89581
data/frame-000030.color.jpg 0.0728525 -0.0106117 0.958496 -0.275438 -3.10345 -5.21818 4.21606
data/frame-000261.color.jpg -0.0775098 -0.193626 0.914397 -0.346958 3.49873 -3.88814 4.97898
data/frame-000406.color.jpg 0.517976 0.852082 0.0712256 -0.0241616 -2.3143 4.20176 -5.51305
data/frame-000087.color.jpg 0.0532576 -0.0634097 0.908383 -0.409858 -1.91742 -3.89319 5.94227
data/frame-000318.color.jpg -0.306429 -0.571402 0.726926 -0.22623 7.44996 -0.0695728 -0.232097
data/frame-000329.color.jpg -0.365411 -0.53289 0.686336 -0.333835 7.46957 0.161779 0.0512886
data/frame-000463.color.jpg 0.497492 0.857809 0.121464 -0.0437296 -1.91239 4.5216 -5.33836
data/frame-000474.color.jpg 0.476188 0.831217 0.274955 -0.0819978 -3.90287 3.91433 -4.60641
data/frame-000212.color.jpg -0.134339 -0.332411 0.874507 -0.326641 4.38452 -3.35035 4.40323
data/frame-000223.color.jpg -0.172358 -0.336403 0.866734 -0.325419 4.98023 -3.24332 4.14988
data/frame-000280.color.jpg -0.0746705 -0.126118 0.903143 -0.403548 3.22548 -3.38513 5.51606
data/frame-000291.color.jpg -0.141364 -0.255664 0.888619 -0.353564 5.23777 -3.06558 4.24642
data/frame-000425.color.jpg 0.54377 0.807048 0.208418 -0.0977246 -4.26416 3.30263 -5.01853
data/frame-000029.color.jpg 0.0767663 0.0101095 0.957948 -0.276297 -3.37545 -5.09872 4.1499
data/frame-000436.color.jpg 0.521709 0.811788 0.243264 -0.0981957 -4.36559 3.36737 -4.75677
data/frame-000174.color.jpg -0.0624875 -0.204181 0.91315 -0.34722 2.23989 -4.20457 5.39973
data/frame-000185.color.jpg -0.101253 -0.324081 0.907535 -0.247185 4.06979 -4.55185 3.99723
data/frame-000359.color.jpg 0.472038 0.736378 -0.439886 0.203538 5.36824 2.94637 -4.15884
data/frame-000493.color.jpg 0.421799 0.817846 0.375068 -0.111969 -4.93104 3.80296 -3.73728
data/frame-000242.color.jpg -0.137991 -0.326723 0.890635 -0.284569 4.97271 -3.66861 3.81768
data/frame-000253.color.jpg -0.142362 -0.282967 0.89075 -0.325927 4.73062 -3.50135 4.23706
data/frame-000387.color.jpg 0.512028 0.855089 -0.0702438 0.0414315 -0.332889 4.59936 -5.92725
data/frame-000002.color.jpg 0.0980683 0.027568 0.95732 -0.270484 -3.96378 -5.17829 3.95264
data/frame-000398.color.jpg 0.453298 0.890864 0.0291938 -0.00556265 -1.80988 5.10077 -5.0063
data/frame-000136.color.jpg -0.0648237 -0.243468 0.929252 -0.270207 2.35557 -5.09491 4.68335
data/frame-000147.color.jpg 0.0687749 0.0380351 0.950362 -0.301057 -1.87658 -4.90887 4.71014
data/frame-000455.color.jpg 0.520211 0.850517 0.0774545 0.00142658 -1.27155 4.37946 -5.74651
data/frame-000059.color.jpg -0.0542895 -0.251041 0.929064 -0.266217 1.32731 -5.58501 4.96509
data/frame-000466.color.jpg 0.491645 0.852361 0.169865 -0.0539722 -2.55731 4.38289 -5.14827
data/frame-000204.color.jpg -0.125083 -0.32276 0.895725 -0.27903 4.18302 -4.05388 4.13096
data/frame-000215.color.jpg -0.145565 -0.296792 0.881329 -0.337616 4.21969 -3.49086 4.59472
data/frame-000349.color.jpg 0.419312 0.639939 -0.591568 0.254367 6.95121 1.49563 -2.2823
data/frame-000360.color.jpg 0.479529 0.74108 -0.425775 0.198915 5.19974 3.0011 -4.32927
data/frame-000098.color.jpg -0.0562186 -0.241963 0.884279 -0.395404 1.37543 -3.82988 6.23286
data/frame-000272.color.jpg -0.0593463 -0.127252 0.910642 -0.388607 2.91306 -3.68789 5.57463
data/frame-000417.color.jpg 0.555244 0.822132 0.115772 -0.0489895 -2.92694 3.57107 -5.61492
data/frame-000021.color.jpg 0.116492 0.070813 0.94894 -0.284479 -4.39325 -4.69794 3.79205
data/frame-000428.color.jpg 0.547534 0.798495 0.229173 -0.100458 -4.46774 3.10765 -4.95698
data/frame-000166.color.jpg 0.0270949 -0.0576683 0.923704 -0.377771 -0.337375 -4.20809 5.76952
data/frame-000155.color.jpg 0.115348 0.0997324 0.927819 -0.340441 -2.88276 -4.31957 4.85782
data/frame-000177.color.jpg -0.0857009 -0.252839 0.909738 -0.317969 3.0361 -4.28849 4.97113
data/frame-000311.color.jpg -0.249619 -0.503958 0.796051 -0.223651 7.26133 -1.20173 0.82931
data/frame-000060.color.jpg -0.0530783 -0.248058 0.926116 -0.27921 1.27414 -5.43096 5.10993
data/frame-000485.color.jpg 0.429504 0.782984 0.429403 -0.134449 -5.72005 3.06041 -3.3706
data/frame-000234.color.jpg -0.192996 -0.493734 0.818151 -0.222729 6.48925 -2.32282 2.17709
data/frame-000368.color.jpg 0.505764 0.771703 -0.348376 0.165262 4.16441 3.39688 -5.09045
data/frame-000379.color.jpg 0.508686 0.806357 -0.279037 0.114739 3.05217 4.01173 -5.63353
data/frame-000390.color.jpg 0.512951 0.857727 -0.0257172 0.0228972 -1.04723 4.5359 -5.85001
data/frame-000128.color.jpg -0.0993539 -0.341933 0.90055 -0.249439 3.7061 -4.7575 4.27956
data/frame-000117.color.jpg -0.100888 -0.411392 0.877934 -0.223181 4.25266 -4.7669 4.01515
data/frame-000139.color.jpg -0.0407866 -0.190554 0.941442 -0.275158 1.54964 -5.18949 4.73464
data/frame-000022.color.jpg 0.117069 0.0710757 0.948994 -0.283997 -4.39159 -4.70137 3.78169
data/frame-000447.color.jpg 0.529714 0.81497 0.224155 -0.0705752 -3.77489 3.50678 -5.27872
data/frame-000196.color.jpg -0.0835546 -0.320075 0.916761 -0.223876 3.97811 -4.80792 3.7871
data/frame-000330.color.jpg -0.373443 -0.531965 0.681106 -0.337118 7.47056 0.175437 -0.0244486
data/frame-000341.color.jpg -0.371923 -0.535222 0.676197 -0.343466 7.4314 0.325112 -0.0432462
data/frame-000352.color.jpg 0.432928 0.68081 -0.540439 0.238738 6.48793 2.14542 -2.93307
data/frame-000079.color.jpg 0.0330075 -0.0902742 0.920368 -0.379057 -1.49314 -4.32203 5.75267
data/frame-000090.color.jpg 0.0110858 -0.127623 0.898469 -0.419931 -0.717437 -3.7749 6.3076
data/frame-000101.color.jpg -0.0803254 -0.294248 0.875344 -0.375151 2.28775 -3.85082 5.9938
data/frame-000477.color.jpg 0.475182 0.826585 0.287473 -0.091202 -4.06122 3.84644 -4.53203
data/frame-000409.color.jpg 0.536504 0.839236 0.0819711 -0.0335852 -2.47348 3.92996 -5.61796
data/frame-000158.color.jpg 0.0877608 0.0495355 0.925095 -0.366118 -2.11482 -4.20928 5.35886
data/frame-000314.color.jpg -0.273586 -0.545452 0.764505 -0.20776 7.40154 -0.645153 0.185169
data/frame-000041.color.jpg 0.0332571 -0.0587484 0.960352 -0.270492 -2.11513 -5.50561 4.56685
data/frame-000052.color.jpg -0.0305809 -0.206577 0.946259 -0.246949 0.495206 -5.96917 4.74007
data/frame-000283.color.jpg -0.0749931 -0.138758 0.904761 -0.39564 3.45212 -3.42212 5.43561
data/frame-000371.color.jpg 0.50679 0.784948 -0.325196 0.145834 3.8007 3.60807 -5.28498
data/frame-000109.color.jpg -0.107799 -0.383095 0.873866 -0.279242 3.80207 -4.43544 4.7624
data/frame-000120.color.jpg -0.119851 -0.426455 0.864934 -0.235927 4.59325 -4.31627 3.96178
data/frame-000014.color.jpg 0.114553 0.0550824 0.950341 -0.28407 -4.33421 -4.84958 3.86026
data/frame-000496.color.jpg 0.418225 0.828921 0.357464 -0.100982 -4.66945 4.01522 -3.83188
data/frame-000245.color.jpg -0.132669 -0.300083 0.897219 -0.295546 4.74969 -3.78679 4.0441
data/frame-000256.color.jpg -0.120973 -0.266557 0.896754 -0.331883 4.46968 -3.54953 4.43081
data/frame-000071.color.jpg 0.0131671 -0.171349 0.92519 -0.338364 -0.246474 -4.85976 5.51987
data/frame-000082.color.jpg 0.0761594 -0.0419776 0.915235 -0.393424 -2.32465 -4.09159 5.635
data/frame-000313.color.jpg -0.265118 -0.531269 0.775697 -0.213915 7.36174 -0.835547 0.417421
data/frame-000458.color.jpg 0.502559 0.859759 0.0902596 -0.0101124 -1.45714 4.57078 -5.52096
data/frame-000469.color.jpg 0.485971 0.840387 0.228707 -0.0726303 -3.35676 4.11593 -4.87255
data/frame-000207.color.jpg -0.131899 -0.318635 0.887433 -0.305839 4.15454 -3.74248 4.32394
data/frame-000218.color.jpg -0.144801 -0.289053 0.88149 -0.344174 4.20828 -3.47467 4.6929
data/frame-000275.color.jpg -0.0928453 -0.155473 0.900741 -0.394808 3.56259 -3.3706 5.32776
data/frame-000286.color.jpg -0.0988028 -0.183438 0.899247 -0.384633 4.16235 -3.28228 5.08444
data/frame-000420.color.jpg 0.546555 0.822856 0.144088 -0.0585122 -3.31876 3.57255 -5.42464
data/frame-000013.color.jpg 0.109424 0.047885 0.951481 -0.28358 -4.2522 -4.91066 3.92302
data/frame-000024.color.jpg 0.118872 0.0710645 0.949723 -0.280796 -4.35831 -4.73049 3.73574
data/frame-000431.color.jpg 0.540331 0.800714 0.234533 -0.109052 -4.47344 3.1907 -4.84547
data/frame-000169.color.jpg -0.00895168 -0.115744 0.923702 -0.3651 0.69113 -4.29181 5.68997
data/frame-000343.color.jpg -0.360097 -0.549275 0.682247 -0.321194 7.42586 0.385026 -0.182044
data/frame-000488.color.jpg 0.419204 0.796599 0.417114 -0.125351 -5.51706 3.33623 -3.41678
data/frame-000226.color.jpg -0.199347 -0.392223 0.846515 -0.299723 5.67748 -2.92011 3.45337
data/frame-000237.color.jpg -0.167163 -0.424559 0.855771 -0.243851 5.916 -3.0233 2.85028
data/frame-000248.color.jpg -0.139911 -0.295766 0.894904 -0.30347 4.80296 -3.71276 4.08151
data/frame-000382.color.jpg 0.506049 0.83398 -0.197937 0.0959818 1.78584 4.46286 -5.82984
data/frame-000131.color.jpg -0.0896822 -0.292657 0.914397 -0.26493 3.10728 -4.92088 4.56624
data/frame-000305.color.jpg -0.194459 -0.417077 0.851317 -0.251975 6.7096 -2.22898 2.08567
data/frame-000439.color.jpg 0.510183 0.812896 0.262232 -0.100736 -4.53227 3.38806 -4.61821
data/frame-000054.color.jpg -0.0405784 -0.226806 0.941743 -0.245017 0.870385 -5.93767 4.73418
data/frame-000450.color.jpg 0.5307 0.836601 0.132474 -0.0301073 -2.31672 4.03652 -5.73725
data/frame-000461.color.jpg 0.492554 0.862121 0.111721 -0.0407027 -1.78551 4.61889 -5.31183
data/frame-000188.color.jpg -0.0877966 -0.330221 0.91189 -0.227382 4.09229 -4.71157 3.80742
data/frame-000199.color.jpg -0.0984976 -0.315877 0.909226 -0.252643 3.98441 -4.50344 4.04491
data/frame-000210.color.jpg -0.131926 -0.329525 0.879786 -0.316205 4.2875 -3.5104 4.33864
data/frame-000344.color.jpg -0.365703 -0.557387 0.676185 -0.313615 7.41975 0.470695 -0.401082
data/frame-000093.color.jpg -0.0127927 -0.170929 0.896802 -0.40788 0.0665735 -3.88286 6.30338
data/frame-000267.color.jpg -0.0439714 -0.117854 0.914884 -0.383621 2.59142 -3.82918 5.63196
data/frame-000401.color.jpg 0.471105 0.880724 0.0452143 -0.01845 -2.00285 4.86163 -5.12207
data/frame-000016.color.jpg 0.116038 0.0611502 0.949635 -0.284584 -4.38544 -4.79162 3.82972
data/frame-000412.color.jpg 0.553433 0.826128 0.0965855 -0.043528 -2.68448 3.66107 -5.67835
data/frame-000423.color.jpg 0.548673 0.80612 0.199578 -0.0964209 -4.16502 3.28979 -5.09944
data/frame-000150.color.jpg 0.0845815 0.0750039 0.939101 -0.324515 -2.39696 -4.55342 4.84323
data/frame-000161.color.jpg 0.0711455 0.0241444 0.920842 -0.38263 -1.70427 -4.06474 5.61755
data/frame-000172.color.jpg -0.0386895 -0.16827 0.917077 -0.359387 1.5984 -4.20935 5.5934
data/frame-000306.color.jpg -0.203123 -0.430797 0.842463 -0.251816 6.80963 -2.04989 1.93531
data/frame-000055.color.jpg -0.0440123 -0.233647 0.939345 -0.247192 1.00015 -5.89487 4.76339
data/frame-000480.color.jpg 0.478406 0.813561 0.312027 -0.109022 -4.41011 3.64748 -4.43269
data/frame-000229.color.jpg -0.222752 -0.449548 0.821575 -0.270746 6.2768 -2.48538 2.68221
data/frame-000363.color.jpg 0.491357 0.750605 -0.398692 0.190275 4.86856 3.12192 -4.61935
data/frame-000374.color.jpg 0.513647 0.791686 -0.304369 0.129455 3.48942 3.70864 -5.51666
data/frame-000385.color.jpg 0.50934 0.851975 -0.106906 0.0572911 0.266138 4.62845 -5.93378
data/frame-000112.color.jpg -0.0966893 -0.394126 0.878703 -0.251392 3.93316 -4.67499 4.43275
data/frame-000123.color.jpg -0.125105 -0.447448 0.854636 -0.231812 4.91876 -4.05472 3.77259
data/frame-000006.color.jpg 0.0971905 0.0310786 0.957733 -0.268954 -4.00311 -5.16459 3.92911
data/frame-000442.color.jpg 0.528001 0.797091 0.276435 -0.0971856 -4.61155 3.05396 -4.79619
data/frame-000180.color.jpg -0.093518 -0.282728 0.908634 -0.292751 3.47188 -4.37907 4.62339
data/frame-000191.color.jpg -0.0805491 -0.333958 0.914451 -0.213923 4.11916 -4.81466 3.66789
data/frame-000325.color.jpg -0.343066 -0.543895 0.701196 -0.307908 7.46498 0.108524 0.0852844
data/frame-000336.color.jpg -0.394259 -0.521443 0.66747 -0.356568 7.45916 0.192255 -0.108792
data/frame-000074.color.jpg 0.0299898 -0.12623 0.927397 -0.350859 -0.94096 -4.70049 5.5541
data/frame-000085.color.jpg 0.0755405 -0.0450956 0.909791 -0.405635 -2.27907 -3.94392 5.77256
data/frame-000393.color.jpg 0.4996 0.866177 0.0109351 0.00409948 -1.64465 4.62402 -5.59474
data/frame-000404.color.jpg 0.491778 0.868467 0.0592258 -0.0202869 -2.16436 4.56775 -5.30011
data/frame-000142.color.jpg 0.00511476 -0.125484 0.951071 -0.282297 0.446315 -5.25885 4.78071
data/frame-000153.color.jpg 0.114303 0.105836 0.928312 -0.337594 -2.94373 -4.3184 4.80922
data/frame-000036.color.jpg 0.0494156 -0.0595999 0.960357 -0.267805 -2.30432 -5.50463 4.39783
data/frame-000047.color.jpg -0.00195708 -0.127794 0.954652 -0.268894 -0.86524 -5.72423 4.85306
data/frame-000278.color.jpg -0.0810517 -0.156896 0.900563 -0.39724 3.54876 -3.29512 5.35561
data/frame-000355.color.jpg 0.449191 0.709141 -0.49631 0.221411 6.01096 2.55992 -3.50126
data/frame-000104.color.jpg -0.0970888 -0.325089 0.869126 -0.359876 2.84554 -3.85413 5.77301
data/frame-000115.color.jpg -0.0894094 -0.401868 0.88022 -0.236054 4.0343 -4.77554 4.24409
data/frame-000491.color.jpg 0.417614 0.813313 0.387351 -0.118656 -5.1151 3.71146 -3.59937
data/frame-000240.color.jpg -0.149635 -0.358535 0.882336 -0.265603 5.30227 -3.54455 3.43939
data/frame-000066.color.jpg -0.0262911 -0.228893 0.918964 -0.320035 0.78109 -4.97751 5.45258
data/frame-000297.color.jpg -0.183057 -0.319742 0.874706 -0.314872 6.06079 -2.82906 3.25638
data/frame-000308.color.jpg -0.218522 -0.459116 0.826295 -0.242275 7.00236 -1.73145 1.55734
data/frame-000453.color.jpg 0.528755 0.843779 0.0917251 -0.00647489 -1.56346 4.22124 -5.82587
data/frame-000202.color.jpg -0.114153 -0.316712 0.902744 -0.267799 4.06655 -4.27766 4.11221
data/frame-000134.color.jpg -0.0791004 -0.271399 0.921374 -0.26675 2.7939 -5.01501 4.61943
data/frame-000281.color.jpg -0.0702206 -0.12242 0.905672 -0.3998 3.18071 -3.45322 5.52129
data/frame-000259.color.jpg -0.0941362 -0.236297 0.906251 -0.337656 4.02847 -3.70849 4.70183
data/frame-000270.color.jpg -0.0496132 -0.119109 0.913637 -0.385511 2.70864 -3.78964 5.62016
data/frame-000415.color.jpg 0.555332 0.822893 0.110808 -0.0466381 -2.85762 3.58235 -5.6377
data/frame-000019.color.jpg 0.115236 0.0685183 0.948797 -0.286023 -4.40605 -4.70513 3.82558
data/frame-000008.color.jpg 0.0978468 0.031738 0.958 -0.267685 -4.01249 -5.17206 3.907
data/frame-000164.color.jpg 0.047697 -0.0199513 0.921645 -0.384574 -0.980333 -4.11006 5.7613
data/frame-000338.color.jpg -0.392754 -0.521531 0.668959 -0.355309 7.45166 0.189201 -0.102651
data/frame-000472.color.jpg 0.476882 0.833481 0.266994 -0.0812834 -3.82485 3.96274 -4.63477
data/frame-000483.color.jpg 0.447291 0.786065 0.405992 -0.131161 -5.50592 3.11815 -3.66394
data/frame-000494.color.jpg 0.420715 0.823694 0.364941 -0.106512 -4.78318 3.91648 -3.79922
data/frame-000221.color.jpg -0.151721 -0.304519 0.87688 -0.339603 4.49986 -3.39547 4.54276
data/frame-000232.color.jpg -0.209283 -0.488343 0.81384 -0.235343 6.50505 -2.28808 2.2163
data/frame-000243.color.jpg -0.133432 -0.315251 0.893815 -0.289669 4.85426 -3.72488 3.9341
data/frame-000366.color.jpg 0.501787 0.761861 -0.369053 0.177701 4.47226 3.26261 -4.91079
data/frame-000377.color.jpg 0.504428 0.804072 -0.292226 0.116727 3.26134 3.97059 -5.52843
data/frame-000126.color.jpg -0.109188 -0.39989 0.877225 -0.242163 4.37995 -4.37264 4.03755
data/frame-000300.color.jpg -0.199146 -0.363154 0.865234 -0.282542 6.43284 -2.6438 2.59369
data/frame-000434.color.jpg 0.529571 0.807381 0.236983 -0.107379 -4.39283 3.32156 -4.78141
data/frame-000038.color.jpg 0.047399 -0.0528895 0.960244 -0.269978 -2.3438 -5.47424 4.44138
data/frame-000049.color.jpg -0.0165485 -0.16644 0.950523 -0.261784 -0.203194 -5.84068 4.86354
data/frame-000445.color.jpg 0.522729 0.804516 0.267926 -0.0878851 -4.42178 3.23572 -4.9062
data/frame-000183.color.jpg -0.101921 -0.311346 0.906541 -0.266194 3.89748 -4.44927 4.24126
data/frame-000194.color.jpg -0.0777119 -0.331082 0.916552 -0.210423 4.07896 -4.86387 3.63251
data/frame-000328.color.jpg -0.35762 -0.534113 0.691592 -0.329441 7.46834 0.141862 0.115114
data/frame-000339.color.jpg -0.385498 -0.529158 0.669322 -0.351272 7.44035 0.280419 -0.103987
data/frame-000077.color.jpg 0.0446901 -0.0891854 0.922479 -0.372935 -1.53074 -4.41878 5.66376
data/frame-000251.color.jpg -0.142726 -0.292346 0.892328 -0.312912 4.81662 -3.5958 4.12902
data/frame-000262.color.jpg -0.0714021 -0.161415 0.917696 -0.355923 3.13916 -3.96836 5.16982
data/frame-000396.color.jpg 0.475499 0.879315 0.0263295 -0.00344139 -1.84999 4.86491 -5.28083
data/frame-000000.color.jpg 0.0936891 0.0191652 0.957688 -0.271457 -3.83789 -5.22182 4.02439
data/frame-000011.color.jpg 0.109806 0.04324 0.952811 -0.279686 -4.20538 -4.98638 3.89651
data/frame-000407.color.jpg 0.523123 0.84855 0.0752761 -0.0252686 -2.36485 4.12192 -5.54438
data/frame-000145.color.jpg 0.0591065 0.0149606 0.955566 -0.288402 -1.55226 -5.09773 4.63155
data/frame-000156.color.jpg 0.108489 0.0834072 0.927868 -0.346893 -2.64952 -4.32197 5.00477
data/frame-000290.color.jpg -0.13154 -0.241785 0.891057 -0.360908 5.0305 -3.10699 4.44312
data/frame-000039.color.jpg 0.0475432 -0.0519687 0.96018 -0.270359 -2.3489 -5.46938 4.44776
data/frame-000464.color.jpg 0.493752 0.856083 0.146679 -0.0426193 -2.21916 4.46199 -5.25142
data/frame-000475.color.jpg 0.476149 0.829721 0.278994 -0.0837134 -3.94932 3.88546 -4.58951
data/frame-000213.color.jpg -0.14512 -0.307103 0.880507 -0.330659 4.25482 -3.49223 4.48306
data/frame-000224.color.jpg -0.175604 -0.347174 0.863356 -0.321326 5.10895 -3.18167 4.04191
data/frame-000347.color.jpg -0.394732 -0.599404 0.637198 -0.280856 7.27343 0.955134 -1.41165
data/frame-000358.color.jpg 0.46195 0.726662 -0.462224 0.211926 5.63279 2.81929 -3.88834
data/frame-000369.color.jpg 0.505462 0.774939 -0.343051 0.162155 4.08721 3.45082 -5.12371
data/frame-000096.color.jpg -0.0416273 -0.220894 0.888061 -0.401024 0.971161 -3.84024 6.28351
data/frame-000107.color.jpg -0.116188 -0.366724 0.872683 -0.30073 3.61181 -4.28936 5.02416
data/frame-000118.color.jpg -0.109764 -0.431365 0.865127 -0.231152 4.5748 -4.40542 3.98623
data/frame-000001.color.jpg 0.0952352 0.0209409 0.957632 -0.270986 -3.86785 -5.21644 4.0025
data/frame-000426.color.jpg 0.545345 0.803533 0.216915 -0.0994047 -4.35801 3.22659 -4.99436
data/frame-000175.color.jpg -0.0694978 -0.215584 0.912169 -0.341527 2.43958 -4.21778 5.31282
data/frame-000309.color.jpg -0.229297 -0.475335 0.816259 -0.234947 7.10574 -1.55076 1.29862
data/frame-000320.color.jpg -0.325112 -0.563615 0.71523 -0.255123 7.45885 0.00481009 -0.199474
data/frame-000331.color.jpg -0.379181 -0.532706 0.67477 -0.342243 7.46979 0.234917 -0.0807755
data/frame-000069.color.jpg -0.0022602 -0.205798 0.920914 -0.330997 0.302376 -4.90599 5.50395
data/frame-000058.color.jpg -0.0493829 -0.251466 0.929839 -0.264055 1.3039 -5.63784 4.94762
data/frame-000080.color.jpg 0.0483656 -0.0711783 0.920612 -0.380877 -1.81061 -4.28007 5.68412
data/frame-000456.color.jpg 0.51471 0.853454 0.081764 -0.00207928 -1.32898 4.43728 -5.67653
data/frame-000388.color.jpg 0.512824 0.85591 -0.0559512 0.0360461 -0.559686 4.57877 -5.91399
data/frame-000137.color.jpg -0.0578507 -0.22805 0.934696 -0.266441 2.12513 -5.17528 4.63973
data/frame-000020.color.jpg 0.116076 0.0699341 0.948847 -0.285177 -4.40122 -4.69945 3.80457
data/frame-000031.color.jpg 0.0702269 -0.020251 0.959005 -0.273801 -2.96879 -5.28035 4.23967
data/frame-000273.color.jpg -0.0731093 -0.141001 0.908939 -0.385492 3.21561 -3.61778 5.43985
data/frame-000205.color.jpg -0.128793 -0.32386 0.892042 -0.28773 4.20559 -3.92712 4.17928
data/frame-000350.color.jpg 0.421328 0.643887 -0.586566 0.252653 6.90952 1.5552 -2.3582
data/frame-000088.color.jpg 0.0541391 -0.0750721 0.904436 -0.416449 -1.73149 -3.84058 6.03049
data/frame-000099.color.jpg -0.0722986 -0.272823 0.87877 -0.384843 1.92578 -3.83252 6.11211
data/frame-000486.color.jpg 0.425177 0.785 0.432203 -0.127277 -5.70719 3.0736 -3.37117
data/frame-000235.color.jpg -0.178585 -0.482171 0.826693 -0.228467 6.36711 -2.43509 2.38788
data/frame-000061.color.jpg -0.0495956 -0.247358 0.925203 -0.283466 1.22699 -5.35973 5.14657
data/frame-000050.color.jpg -0.0218946 -0.182194 0.948774 -0.257202 0.0646863 -5.89047 4.83521
data/frame-000292.color.jpg -0.151392 -0.270031 0.885504 -0.346476 5.44225 -3.01041 4.04197
data/frame-000303.color.jpg -0.194429 -0.400972 0.858342 -0.2543 6.62225 -2.42097 2.18437
data/frame-000448.color.jpg 0.536989 0.823692 0.174611 -0.051828 -3.02739 3.72613 -5.61576
data/frame-000437.color.jpg 0.517955 0.813153 0.246758 -0.0980578 -4.38331 3.39533 -4.72752
data/frame-000186.color.jpg -0.0987593 -0.325302 0.909329 -0.239886 4.0781 -4.61963 3.91959
data/frame-000197.color.jpg -0.0901228 -0.318451 0.913446 -0.236819 3.98296 -4.66717 3.90587
data/frame-000254.color.jpg -0.134331 -0.274977 0.892465 -0.331435 4.61236 -3.50208 4.34547
data/frame-000265.color.jpg -0.0503179 -0.134854 0.918141 -0.369188 2.77268 -3.93389 5.43959
data/frame-000399.color.jpg 0.451303 0.891639 0.034782 -0.00978304 -1.86699 5.10697 -4.95588
data/frame-000003.color.jpg 0.0977889 0.0284803 0.957297 -0.270572 -3.97382 -5.17001 3.95288
data/frame-000410.color.jpg 0.544861 0.833219 0.0857458 -0.0389866 -2.54127 3.81211 -5.6596
data/frame-000148.color.jpg 0.0731755 0.0517738 0.945964 -0.311635 -2.0618 -4.76071 4.78668
data/frame-000322.color.jpg -0.329579 -0.556288 0.709297 -0.280747 7.46148 0.0831734 -0.0230898
data/frame-000333.color.jpg -0.389129 -0.529677 0.668116 -0.348772 7.46628 0.245726 -0.151954
data/frame-000467.color.jpg 0.490221 0.849213 0.187169 -0.0590578 -2.7947 4.31006 -5.07701
data/frame-000478.color.jpg 0.4789 0.822841 0.291418 -0.0930739 -4.1096 3.77767 -4.55525
data/frame-000216.color.jpg -0.143447 -0.295278 0.881424 -0.339596 4.22758 -3.47997 4.63325
data/frame-000227.color.jpg -0.209997 -0.416842 0.83593 -0.288728 5.95326 -2.73265 3.13956
data/frame-000361.color.jpg 0.485313 0.74523 -0.413367 0.195529 5.05308 3.05393 -4.46428
data/frame-000110.color.jpg -0.108596 -0.387211 0.873564 -0.274154 3.86798 -4.45939 4.68934
data/frame-000284.color.jpg -0.0829079 -0.150948 0.903128 -0.393321 3.66091 -3.38193 5.34613
data/frame-000295.color.jpg -0.170172 -0.303489 0.877541 -0.329936 5.86071 -2.84693 3.58221
data/frame-000440.color.jpg 0.517 0.806434 0.267194 -0.104801 -4.58353 3.27455 -4.65854
data/frame-000418.color.jpg 0.55458 0.821382 0.122648 -0.0522474 -3.026 3.55702 -5.57939
data/frame-000033.color.jpg 0.0581167 -0.0382754 0.960885 -0.268064 -2.66478 -5.40759 4.28957
data/frame-000044.color.jpg 0.0158105 -0.0867648 0.958732 -0.270288 -1.58304 -5.61112 4.71717
data/frame-000167.color.jpg 0.0159134 -0.0752467 0.924202 -0.374078 -0.0249226 -4.24362 5.75754
data/frame-000178.color.jpg -0.0879869 -0.259042 0.909582 -0.312756 3.13083 -4.30931 4.8992
data/frame-000189.color.jpg -0.0858801 -0.33054 0.912872 -0.22368 4.0921 -4.74554 3.77125
data/frame-000323.color.jpg -0.331812 -0.552176 0.706434 -0.293176 7.4608 0.119084 0.0637989
data/frame-000429.color.jpg 0.543304 0.798868 0.234631 -0.107603 -4.52698 3.14078 -4.8627
data/frame-000072.color.jpg 0.0214345 -0.152291 0.925815 -0.345274 -0.544638 -4.78759 5.55459
data/frame-000246.color.jpg -0.135256 -0.298449 0.896744 -0.297464 4.76446 -3.77792 4.05017
data/frame-000380.color.jpg 0.512197 0.815581 -0.247978 0.10483 2.55517 4.15152 -5.77751
data/frame-000391.color.jpg 0.510412 0.859712 -0.0114885 0.0155909 -1.28197 4.54181 -5.78313
data/frame-000402.color.jpg 0.478485 0.876503 0.0494822 -0.018612 -2.0446 4.76248 -5.18894
data/frame-000129.color.jpg -0.0929067 -0.316789 0.908498 -0.256211 3.38789 -4.86656 4.42286
data/frame-000140.color.jpg -0.0293891 -0.174639 0.943496 -0.280094 1.27535 -5.18775 4.78359
data/frame-000151.color.jpg 0.0930652 0.0884649 0.93523 -0.329936 -2.60594 -4.44927 4.84292
data/frame-000285.color.jpg -0.0912793 -0.167762 0.9012 -0.389054 3.9254 -3.33167 5.21632
data/frame-000459.color.jpg 0.499989 0.860721 0.094043 -0.018056 -1.52968 4.58982 -5.47313
data/frame-000063.color.jpg -0.0355892 -0.240011 0.921386 -0.303606 1.01194 -5.15379 5.32797
data/frame-000208.color.jpg -0.133512 -0.31939 0.884114 -0.313859 4.17154 -3.63753 4.37322
data/frame-000342.color.jpg -0.364788 -0.540775 0.680338 -0.334114 7.42615 0.340785 -0.0708074
data/frame-000353.color.jpg 0.438849 0.692874 -0.523396 0.23107 6.30438 2.32151 -3.16192
data/frame-000364.color.jpg 0.498863 0.756405 -0.381192 0.183521 4.64149 3.18808 -4.80229
data/frame-000091.color.jpg 0.00130176 -0.145242 0.898425 -0.414409 -0.401457 -3.83195 6.30663
data/frame-000102.color.jpg -0.0844191 -0.302495 0.873395 -0.372224 2.43322 -3.84057 5.94981
data/frame-000421.color.jpg 0.544572 0.820781 0.158895 -0.0671708 -3.54286 3.53498 -5.32724
data/frame-000025.color.jpg 0.117439 0.0749623 0.950115 -0.279054 -4.35451 -4.71007 3.71393
data/frame-000159.color.jpg 0.0812898 0.0410808 0.923032 -0.373785 -1.97526 -4.14006 5.47082
data/frame-000170.color.jpg -0.0184618 -0.132181 0.922324 -0.362636 0.976153 -4.28377 5.66061
data/frame-000304.color.jpg -0.193991 -0.414542 0.852498 -0.252527 6.69398 -2.25968 2.10733
data/frame-000315.color.jpg -0.279281 -0.560062 0.75277 -0.204133 7.4237 -0.419198 -0.000861162
data/frame-000053.color.jpg -0.0352493 -0.216125 0.944431 -0.245149 0.669452 -5.96247 4.72763
data/frame-000064.color.jpg -0.0311728 -0.235166 0.920587 -0.310233 0.908256 -5.0785 5.37626
data/frame-000372.color.jpg 0.506435 0.789152 -0.317937 0.140283 3.69269 3.68442 -5.33746
data/frame-000383.color.jpg 0.506278 0.842528 -0.162331 0.0864796 1.21809 4.56784 -5.88706
data/frame-000121.color.jpg -0.127413 -0.430798 0.862668 -0.232342 4.70243 -4.26553 3.85029
data/frame-000132.color.jpg -0.0897327 -0.289084 0.915194 -0.266079 3.06937 -4.92813 4.58364
data/frame-000015.color.jpg 0.115106 0.057738 0.950043 -0.284316 -4.35596 -4.82375 3.84734
data/frame-000026.color.jpg 0.116023 0.0764641 0.950683 -0.277298 -4.34791 -4.70855 3.70149
data/frame-000257.color.jpg -0.109042 -0.259261 0.899865 -0.333371 4.33451 -3.58594 4.52487
data/frame-000268.color.jpg -0.0407245 -0.117334 0.914561 -0.384907 2.5818 -3.81297 5.65421
data/frame-000345.color.jpg -0.377591 -0.568895 0.665025 -0.302532 7.39321 0.583408 -0.748935
data/frame-000083.color.jpg 0.0785738 -0.0391752 0.913696 -0.396801 -2.36966 -4.04234 5.65805
data/frame-000094.color.jpg -0.0256238 -0.190512 0.893606 -0.405606 0.431596 -3.86711 6.30919
data/frame-000470.color.jpg 0.482013 0.837412 0.246022 -0.0766664 -3.57587 4.04776 -4.76547
data/frame-000481.color.jpg 0.462369 0.806333 0.34713 -0.124674 -4.86659 3.54132 -4.07949
data/frame-000219.color.jpg -0.141693 -0.28654 0.882375 -0.345299 4.18199 -3.48272 4.7276
data/frame-000045.color.jpg 0.0102318 -0.100779 0.957252 -0.270939 -1.34375 -5.6457 4.77838
data/frame-000056.color.jpg -0.0488445 -0.240601 0.936608 -0.249982 1.13231 -5.83845 4.79298
data/frame-000276.color.jpg -0.0906965 -0.162439 0.899347 -0.39568 3.63483 -3.30512 5.30447
data/frame-000287.color.jpg -0.106012 -0.195602 0.897651 -0.380425 4.34987 -3.24913 4.96165
data/frame-000298.color.jpg -0.191523 -0.33199 0.87283 -0.302108 6.1903 -2.82331 3.00146
data/frame-000432.color.jpg 0.537392 0.803273 0.232232 -0.109678 -4.40956 3.25663 -4.84089
data/frame-000181.color.jpg -0.095856 -0.293545 0.90813 -0.282743 3.62622 -4.41017 4.48552
data/frame-000113.color.jpg -0.0930472 -0.39866 0.879221 -0.243687 3.98667 -4.72447 4.3385
data/frame-000489.color.jpg 0.419063 0.80201 0.406743 -0.125408 -5.39334 3.46927 -3.47005
data/frame-000238.color.jpg -0.159179 -0.39827 0.868106 -0.249868 5.67731 -3.27 3.06839
data/frame-000249.color.jpg -0.138275 -0.295994 0.894073 -0.306432 4.80581 -3.66754 4.11174
data/frame-000260.color.jpg -0.0924131 -0.218471 0.908567 -0.343855 3.83834 -3.76207 4.81673
data/frame-000394.color.jpg 0.489388 0.871842 0.0197832 -0.000326513 -1.7797 4.72456 -5.45792
data/frame-000143.color.jpg 0.0345982 -0.0791977 0.955641 -0.281568 -0.290059 -5.30289 4.70726
data/frame-000075.color.jpg 0.0224382 -0.118075 0.922292 -0.367331 -1.03837 -4.49992 5.72233
data/frame-000317.color.jpg -0.302582 -0.571768 0.730115 -0.220128 7.44945 -0.105361 -0.233392
data/frame-000451.color.jpg 0.527286 0.841922 0.111963 -0.0245335 -1.98255 4.18135 -5.75625
data/frame-000462.color.jpg 0.492496 0.861987 0.112661 -0.0416375 -1.79769 4.61676 -5.30697
data/frame-000473.color.jpg 0.476748 0.832715 0.2697 -0.080988 -3.85001 3.9445 -4.62843
data/frame-000200.color.jpg -0.105077 -0.314994 0.906971 -0.259114 4.00443 -4.4222 4.08132
data/frame-000211.color.jpg -0.132714 -0.336452 0.874411 -0.323408 4.39513 -3.35824 4.36873
data/frame-000222.color.jpg -0.159897 -0.320983 0.873629 -0.328901 4.74265 -3.3575 4.32697
data/frame-000356.color.jpg 0.454405 0.716159 -0.482589 0.218495 5.86548 2.66544 -3.65434
data/frame-000279.color.jpg -0.0785387 -0.145213 0.901874 -0.39921 3.42777 -3.33383 5.41055
data/frame-000413.color.jpg 0.555329 0.823984 0.103065 -0.0451332 -2.76568 3.60964 -5.66723
data/frame-000017.color.jpg 0.116944 0.0653523 0.948699 -0.286398 -4.41905 -4.73794 3.82632
data/frame-000028.color.jpg 0.0969097 0.0556925 0.954226 -0.277417 -4.01323 -4.82496 3.90244
data/frame-000424.color.jpg 0.547034 0.806497 0.201906 -0.0977288 -4.19607 3.30003 -5.06972
data/frame-000162.color.jpg 0.0658997 0.00874729 0.919785 -0.386752 -1.4781 -4.046 5.69697
data/frame-000173.color.jpg -0.0478121 -0.182387 0.915238 -0.356073 1.84788 -4.19499 5.53642
data/frame-000435.color.jpg 0.526042 0.809357 0.240321 -0.102309 -4.37407 3.33512 -4.7698
data/frame-000492.color.jpg 0.419491 0.815775 0.381664 -0.113448 -5.02232 3.75449 -3.67434
data/frame-000230.color.jpg -0.220296 -0.465338 0.817087 -0.259419 6.38697 -2.38404 2.50015
data/frame-000241.color.jpg -0.145656 -0.344667 0.885913 -0.27413 5.16335 -3.60174 3.60198
data/frame-000375.color.jpg 0.51279 0.794002 -0.300827 0.126925 3.43674 3.75276 -5.53388
data/frame-000386.color.jpg 0.510474 0.853616 -0.0908084 0.0500913 0.00101193 4.62141 -5.93513
data/frame-000124.color.jpg -0.117928 -0.445424 0.856182 -0.233757 4.88513 -4.04157 3.8101
data/frame-000135.color.jpg -0.0693797 -0.259762 0.925335 -0.267328 2.58802 -5.06401 4.64295
data/frame-000443.color.jpg 0.525395 0.798721 0.279712 -0.0881248 -4.58979 3.06409 -4.83701
data/frame-000454.color.jpg 0.525969 0.846973 0.0770621 0.00734314 -1.24913 4.29942 -5.81919
data/frame-000192.color.jpg -0.0777228 -0.334043 0.915899 -0.208575 4.11033 -4.86344 3.61209
data/frame-000203.color.jpg -0.120699 -0.319782 0.899096 -0.27349 4.13251 -4.16184 4.11715
data/frame-000337.color.jpg -0.393606 -0.521339 0.668574 -0.355372 7.45569 0.183115 -0.107295
data/frame-000348.color.jpg 0.407355 0.624923 -0.612047 0.262547 7.10556 1.27997 -1.92785
data/frame-000086.color.jpg 0.0701023 -0.0498666 0.908584 -0.408747 -2.17524 -3.90558 5.83804
data/frame-000097.color.jpg -0.0503608 -0.235256 0.885505 -0.397491 1.23511 -3.83401 6.25244
data/frame-000405.color.jpg 0.511577 0.856169 0.0687788 -0.0231039 -2.28381 4.29139 -5.46221
data/frame-000009.color.jpg 0.103444 0.0360543 0.956199 -0.271445 -4.09062 -5.11189 3.8846
data/frame-000416.color.jpg 0.556267 0.821991 0.11237 -0.0476503 -2.87993 3.56637 -5.63769
data/frame-000154.color.jpg 0.114962 0.104278 0.928458 -0.337454 -2.93019 -4.32716 4.81237
data/frame-000165.color.jpg 0.0384176 -0.0362452 0.922694 -0.381898 -0.701177 -4.15386 5.77222
data/frame-000299.color.jpg -0.196576 -0.347508 0.869174 -0.291774 6.32088 -2.74353 2.7823
data/frame-000310.color.jpg -0.238517 -0.488266 0.80739 -0.22984 7.18085 -1.39571 1.08854
data/frame-000048.color.jpg -0.00976638 -0.147813 0.952653 -0.265532 -0.522815 -5.78612 4.86803
data/frame-000367.color.jpg 0.505216 0.771137 -0.349982 0.166185 4.18783 3.39035 -5.07401
data/frame-000378.color.jpg 0.508174 0.804527 -0.284545 0.116312 3.14154 3.97861 -5.60261
data/frame-000105.color.jpg -0.101309 -0.33408 0.868257 -0.3525 3.00737 -3.88722 5.67531
data/frame-000116.color.jpg -0.0946491 -0.405973 0.880046 -0.227477 4.13729 -4.79976 4.10808
data/frame-000127.color.jpg -0.10341 -0.363794 0.891896 -0.247955 3.96345 -4.61099 4.20539
data/frame-000010.color.jpg 0.107593 0.0405924 0.953951 -0.277045 -4.16513 -5.03096 3.89646
data/frame-000252.color.jpg -0.14643 -0.290185 0.890148 -0.319353 4.81825 -3.53459 4.15397
data/frame-000184.color.jpg -0.100606 -0.323734 0.9074 -0.248395 4.06191 -4.54052 4.01541
data/frame-000340.color.jpg -0.378282 -0.532878 0.672147 -0.348083 7.4351 0.321886 -0.0700846
data/frame-000067.color.jpg -0.015609 -0.221947 0.919355 -0.324473 0.611308 -4.95095 5.47266
data/frame-000078.color.jpg 0.0480871 -0.0778002 0.922837 -0.374175 -1.70331 -4.37478 5.64028
data/frame-000089.color.jpg 0.0251301 -0.102959 0.901757 -0.419049 -1.15723 -3.78991 6.21963
data/frame-000465.color.jpg 0.492963 0.855743 0.150642 -0.0447051 -2.27757 4.45487 -5.2294
data/frame-000214.color.jpg -0.145555 -0.300456 0.881816 -0.333079 4.21542 -3.51337 4.53382
data/frame-000397.color.jpg 0.459757 0.887657 0.0261384 -0.00235152 -1.8049 5.04302 -5.10149
data/frame-000146.color.jpg 0.0620955 0.023779 0.953875 -0.292748 -1.67241 -5.03075 4.65959
data/frame-000040.color.jpg 0.0417199 -0.0546118 0.960288 -0.270416 -2.24201 -5.49082 4.50436
data/frame-000271.color.jpg -0.0539402 -0.119927 0.912115 -0.388272 2.76767 -3.74603 5.62036
data/frame-000282.color.jpg -0.0699925 -0.126218 0.90557 -0.39889 3.25098 -3.44632 5.51291
data/frame-000293.color.jpg -0.159039 -0.284672 0.882326 -0.339366 5.628 -2.94273 3.84828
data/frame-000427.color.jpg 0.54637 0.800851 0.22339 -0.101062 -4.42448 3.16928 -4.96779
data/frame-000108.color.jpg -0.112055 -0.374104 0.873604 -0.290356 3.6954 -4.36777 4.90022
data/frame-000484.color.jpg 0.438418 0.784546 0.417805 -0.133103 -5.62287 3.09181 -3.51279
data/frame-000495.color.jpg 0.418974 0.826904 0.360231 -0.104516 -4.71674 3.98138 -3.81124
data/frame-000233.color.jpg -0.201604 -0.494503 0.814623 -0.226301 6.52024 -2.28142 2.15131
data/frame-000244.color.jpg -0.127296 -0.307376 0.896638 -0.292159 4.76953 -3.76445 4.01939
data/frame-000065.color.jpg -0.0301795 -0.2335 0.920399 -0.312142 0.877662 -5.05942 5.3918
data/frame-000070.color.jpg 0.00812976 -0.186325 0.922928 -0.33678 -0.0218293 -4.8724 5.5301
data/frame-000301.color.jpg -0.197105 -0.375732 0.863407 -0.272952 6.49926 -2.574 2.45914
data/frame-000312.color.jpg -0.257704 -0.517605 0.786128 -0.218348 7.31605 -1.0228 0.617487
data/frame-000446.color.jpg 0.525073 0.809751 0.24961 -0.0793559 -4.14553 3.36748 -5.07664
data/frame-000457.color.jpg 0.506864 0.8575 0.0879864 -0.00640886 -1.41721 4.52162 -5.57618
data/frame-000195.color.jpg -0.0793982 -0.326077 0.916885 -0.21608 4.03036 -4.84608 3.70106
data/frame-000206.color.jpg -0.129246 -0.321515 0.891029 -0.293242 4.17779 -3.87292 4.22641
data/frame-000263.color.jpg -0.0644068 -0.150453 0.918475 -0.360026 2.99318 -3.97435 5.26486
data/frame-000274.color.jpg -0.0851471 -0.149544 0.905528 -0.387822 3.42044 -3.51444 5.34689
data/frame-000408.color.jpg 0.525531 0.846762 0.0785699 -0.0252849 -2.39956 4.07644 -5.55709
data/frame-000012.color.jpg 0.110404 0.0442853 0.952034 -0.281924 -4.22055 -4.95855 3.91179
data/frame-000023.color.jpg 0.117615 0.0708769 0.949547 -0.281963 -4.37126 -4.7207 3.75751
data/frame-000419.color.jpg 0.550365 0.822085 0.13453 -0.0563518 -3.19191 3.56475 -5.49315
data/frame-000157.color.jpg 0.0961851 0.0666242 0.927075 -0.356149 -2.37034 -4.27671 5.19199
data/frame-000168.color.jpg 0.00107922 -0.0983315 0.92425 -0.368906 0.387875 -4.27826 5.7244
data/frame-000302.color.jpg -0.19533 -0.388044 0.861444 -0.263024 6.56201 -2.50699 2.32039
data/frame-000051.color.jpg -0.0262004 -0.193126 0.948132 -0.251122 0.256469 -5.94012 4.7791
data/frame-000476.color.jpg 0.476064 0.828307 0.283382 -0.0834626 -3.98728 3.85627 -4.58212
data/frame-000487.color.jpg 0.420093 0.79206 0.424684 -0.125721 -5.608 3.23048 -3.37685
data/frame-000225.color.jpg -0.189251 -0.373519 0.853822 -0.309282 5.44849 -3.03458 3.70765
data/frame-000236.color.jpg -0.169884 -0.462002 0.838307 -0.234382 6.20111 -2.64772 2.59058
data/frame-000370.color.jpg 0.507127 0.777946 -0.336433 0.156316 3.98234 3.49344 -5.19196
data/frame-000381.color.jpg 0.509682 0.825106 -0.222191 0.100273 2.15979 4.31386 -5.81625
data/frame-000119.color.jpg -0.113713 -0.428044 0.864617 -0.237245 4.56108 -4.33572 4.02115
data/frame-000264.color.jpg -0.0557546 -0.142096 0.918449 -0.364899 2.8655 -3.95468 5.36372
data/frame-000438.color.jpg 0.514498 0.813403 0.252953 -0.098398 -4.437 3.39575 -4.682
data/frame-000042.color.jpg 0.0255797 -0.064709 0.959967 -0.271335 -1.97264 -5.52076 4.63476
data/frame-000449.color.jpg 0.532684 0.834205 0.138729 -0.0332174 -2.42548 3.97988 -5.73418
data/frame-000176.color.jpg -0.0763705 -0.227764 0.911527 -0.33378 2.64533 -4.24374 5.20119
data/frame-000187.color.jpg -0.092683 -0.328255 0.910774 -0.232701 4.088 -4.67148 3.85441
data/frame-000198.color.jpg -0.094007 -0.317473 0.910548 -0.24754 3.98359 -4.55909 4.00751
data/frame-000321.color.jpg -0.328884 -0.559262 0.711625 -0.269537 7.46115 0.0414828 -0.114157
data/frame-000332.color.jpg -0.38245 -0.532533 0.67185 -0.344612 7.46901 0.252841 -0.109383
data/frame-000081.color.jpg 0.0727674 -0.0451774 0.919647 -0.383293 -2.25626 -4.21459 5.57315
data/frame-000255.color.jpg -0.128195 -0.272044 0.894854 -0.329841 4.55914 -3.53424 4.36217
data/frame-000389.color.jpg 0.513503 0.856692 -0.0391451 0.0293636 -0.828012 4.54997 -5.89036
data/frame-000004.color.jpg 0.0976453 0.0316728 0.957587 -0.269237 -4.01131 -5.159 3.92836
data/frame-000400.color.jpg 0.460979 0.886312 0.0410269 -0.0163452 -1.95326 4.98733 -5.02898
data/frame-000138.color.jpg -0.0466447 -0.211204 0.938876 -0.267822 1.84889 -5.214 4.6601
data/frame-000149.color.jpg 0.0791173 0.0634679 0.942472 -0.318525 -2.23165 -4.65388 4.81988
data/frame-000160.color.jpg 0.0752639 0.0305703 0.92239 -0.377622 -1.80902 -4.11471 5.54725
data/frame-000294.color.jpg -0.166483 -0.294255 0.879749 -0.334275 5.75751 -2.89911 3.69723
data/frame-000043.color.jpg 0.0207577 -0.077362 0.959556 -0.269881 -1.75271 -5.58464 4.66986
data/frame-000032.color.jpg 0.0626912 -0.0324462 0.960467 -0.269296 -2.76948 -5.37354 4.26311
data/frame-000468.color.jpg 0.490061 0.845608 0.201895 -0.0634564 -2.99265 4.2305 -5.02188
data/frame-000217.color.jpg -0.144428 -0.291674 0.881765 -0.341405 4.21562 -3.48625 4.6597
data/frame-000351.color.jpg 0.425706 0.654016 -0.574166 0.247732 6.8017 1.70924 -2.53875
data/frame-000362.color.jpg 0.486945 0.746198 -0.410177 0.194491 5.01314 3.06436 -4.50093
data/frame-000100.color.jpg -0.0756968 -0.281807 0.877356 -0.380922 2.07859 -3.84114 6.06582
data/frame-000111.color.jpg -0.0966311 -0.392237 0.87814 -0.256285 3.89658 -4.63967 4.49598
data/frame-000005.color.jpg 0.09701 0.031404 0.957554 -0.269615 -4.00694 -5.1564 3.93736
data/frame-000430.color.jpg 0.541123 0.79941 0.236704 -0.110003 -4.5343 3.15952 -4.82467
data/frame-000179.color.jpg -0.0905362 -0.270814 0.909072 -0.303399 3.30023 -4.34219 4.77007
data/frame-000324.color.jpg -0.335052 -0.548617 0.704666 -0.300344 7.46387 0.122635 0.0989185
data/frame-000073.color.jpg 0.028862 -0.142129 0.924314 -0.353001 -0.726795 -4.71167 5.59981
data/frame-000062.color.jpg -0.0410994 -0.243693 0.923287 -0.29405 1.1069 -5.24785 5.23937
data/frame-000130.color.jpg -0.0896394 -0.301457 0.912768 -0.260659 3.20163 -4.91688 4.50662
data/frame-000035.color.jpg 0.0505972 -0.0544653 0.960517 -0.268104 -2.39364 -5.47426 4.37583
data/frame-000266.color.jpg -0.0494516 -0.124811 0.916469 -0.376909 2.68061 -3.88168 5.53595
data/frame-000277.color.jpg -0.0866556 -0.16309 0.899876 -0.395114 3.63235 -3.29151 5.30418
data/frame-000411.color.jpg 0.549939 0.829357 0.0891669 -0.0422222 -2.59558 3.7349 -5.68011
data/frame-000092.color.jpg -0.00673039 -0.159204 0.897364 -0.411518 -0.141002 -3.85366 6.31543
data/frame-000334.color.jpg -0.392965 -0.526654 0.666491 -0.352141 7.46418 0.228311 -0.159571
data/frame-000479.color.jpg 0.477616 0.81695 0.306637 -0.102219 -4.31941 3.69723 -4.47065
data/frame-000490.color.jpg 0.416244 0.810094 0.394192 -0.122887 -5.2242 3.64847 -3.525
data/frame-000228.color.jpg -0.217334 -0.432987 0.828536 -0.280741 6.12231 -2.60658 2.91607
data/frame-000239.color.jpg -0.154203 -0.374501 0.877074 -0.258286 5.45958 -3.44999 3.27634
data/frame-000373.color.jpg 0.513448 0.79119 -0.305764 0.129987 3.50804 3.7014 -5.50453
data/frame-000122.color.jpg -0.12455 -0.439599 0.859421 -0.229424 4.80862 -4.18299 3.78799
data/frame-000296.color.jpg -0.179304 -0.315153 0.874301 -0.322686 6.00853 -2.79863 3.38035
data/frame-000307.color.jpg -0.21104 -0.446919 0.833685 -0.246361 6.9182 -1.87166 1.72858
data/frame-000441.color.jpg 0.520122 0.802547 0.272815 -0.104706 -4.6307 3.20432 -4.69187
data/frame-000034.color.jpg 0.0531003 -0.0485994 0.960822 -0.267654 -2.49749 -5.45402 4.33796
data/frame-000452.color.jpg 0.528656 0.843195 0.0967798 -0.0133848 -1.68071 4.21018 -5.80856
data/frame-000190.color.jpg -0.0840308 -0.331904 0.913688 -0.218981 4.10512 -4.78172 3.71943
data/frame-000335.color.jpg -0.393962 -0.522691 0.666612 -0.356675 7.46038 0.211551 -0.115855
data/frame-000247.color.jpg -0.14091 -0.295054 0.894735 -0.304199 4.78512 -3.7236 4.08973
data/frame-000258.color.jpg -0.104956 -0.256153 0.900808 -0.334537 4.28169 -3.59569 4.56562
data/frame-000269.color.jpg -0.0432473 -0.117186 0.914134 -0.38569 2.61559 -3.80364 5.65239
data/frame-000392.color.jpg 0.504782 0.863196 -0.000198197 0.00937483 -1.46905 4.58907 -5.68607
data/frame-000007.color.jpg 0.0974373 0.0310661 0.957861 -0.268408 -4.00372 -5.16979 3.92045
data/frame-000018.color.jpg 0.115723 0.0686075 0.948219 -0.287719 -4.42958 -4.69287 3.83795
data/frame-000403.color.jpg 0.486225 0.871835 0.0558766 -0.0191512 -2.12068 4.6465 -5.2541
data/frame-000141.color.jpg -0.0103276 -0.1505 0.94837 -0.278994 0.859095 -5.24683 4.764
data/frame-000152.color.jpg 0.109852 0.102236 0.929905 -0.335792 -2.87169 -4.34381 4.81193
data/frame-000326.color.jpg -0.347688 -0.540579 0.697686 -0.31642 7.4655 0.128452 0.107252
data/frame-000460.color.jpg 0.493679 0.862266 0.107118 -0.0361093 -1.72081 4.62154 -5.34216
data/frame-000471.color.jpg 0.477692 0.834913 0.261356 -0.0801445 -3.76129 3.99275 -4.6625
data/frame-000209.color.jpg -0.1351 -0.325311 0.880946 -0.315998 4.2496 -3.5528 4.34712
data/frame-000220.color.jpg -0.146015 -0.289249 0.881094 -0.344511 4.27755 -3.46812 4.68445
data/frame-000354.color.jpg 0.43998 0.694915 -0.520352 0.229662 6.27208 2.35114 -3.20176
data/frame-000365.color.jpg 0.501398 0.760729 -0.371247 0.179073 4.50478 3.24675 -4.89145
data/frame-000103.color.jpg -0.0891247 -0.310344 0.871823 -0.368333 2.57747 -3.84011 5.8946
data/frame-000114.color.jpg -0.0908398 -0.401762 0.880034 -0.236382 4.03213 -4.77013 4.24486
data/frame-000288.color.jpg -0.11426 -0.211912 0.896293 -0.37242 4.59011 -3.22015 4.7809
data/frame-000422.color.jpg 0.544342 0.817508 0.173605 -0.0723414 -3.74456 3.4623 -5.2629
data/frame-000037.color.jpg 0.0499629 -0.0581167 0.960656 -0.266957 -2.30746 -5.51755 4.39286
data/frame-000433.color.jpg 0.535281 0.804376 0.232982 -0.110328 -4.40312 3.28074 -4.81978
data/frame-000171.color.jpg -0.02849 -0.151226 0.919736 -0.361117 1.29909 -4.2469 5.63162
data/frame-000182.color.jpg -0.100364 -0.304149 0.907283 -0.272505 3.79352 -4.43794 4.33428
data/frame-000316.color.jpg -0.294013 -0.571652 0.737133 -0.208338 7.44421 -0.187003 -0.217223
data/frame-000327.color.jpg -0.353376 -0.536844 0.694153 -0.324153 7.46539 0.137026 0.11384
data/frame-000076.color.jpg 0.0260942 -0.106656 0.923751 -0.366918 -1.20646 -4.48425 5.69484
