data/frame-000010.color.jpg 0.40161940038419786 0.7414902272743528 -0.4874209977970588 0.2265278592098239 3.4059377542640283 1.3229615788239586 0.36782824981729
data/frame-000011.color.jpg 0.40586250424821063 0.7429630179208286 -0.48216351286153786 0.2253883948040974 3.3979076289848003 1.3493561023171814 0.3249556236248835
data/frame-000012.color.jpg 0.41112291979315396 0.745326256287159 -0.47415245761750513 0.22504702496367412 3.3839518305453686 1.3976918420557363 0.2682317338332386
data/frame-000013.color.jpg 0.41314447114323716 0.7458254898522124 -0.471775157261849 0.22468686130043156 3.3784881647968974 1.4095358467238184 0.24905411560929056
data/frame-000014.color.jpg 0.416747471716951 0.746571787449922 -0.4658764727760342 0.2278403456702042 3.356113872581877 1.4536457722171208 0.22509195221605077
data/frame-000015.color.jpg 0.42105748630196493 0.7447470791610087 -0.4642333001346111 0.22923748462314106 3.3483790891164404 1.4617673328489378 0.2055356570654427
data/frame-000016.color.jpg 0.42260876970514105 0.7418179989332353 -0.46514605002240783 0.23398084617239484 3.3376971419231545 1.4704975420030322 0.21989595537268505
data/frame-000017.color.jpg 0.4259938087962679 0.7370704021120523 -0.4681518532973316 0.23683399133549218 3.339267123054922 1.4536730598663063 0.2212852556196262
data/frame-000018.color.jpg 0.42232805909676474 0.7376196524041465 -0.46942275235794745 0.23916215933009813 3.3285217548861747 1.4676737209786985 0.2479646478126976
data/frame-000019.color.jpg 0.4236518834814591 0.7373129192062544 -0.4686114247462076 0.2393576265580279 3.3289873162006294 1.4836741284477193 0.22441817887930846
data/frame-000020.color.jpg 0.4221601475813145 0.739561789577914 -0.4660839719718895 0.23998937530928888 3.309592630250931 1.5178746437243067 0.22258849771285255
data/frame-000021.color.jpg 0.42018056320131847 0.7402500311424537 -0.46618244176522877 0.24114749986518277 3.304635301012305 1.528076067041493 0.23170324353022254
data/frame-000022.color.jpg 0.4179470337457119 0.7409621104765287 -0.46702974884503146 0.24120249069003336 3.307944063616019 1.5449246222533353 0.22504347101347041
data/frame-000023.color.jpg 0.41578307467969855 0.7407337558919908 -0.4725313834639253 0.23484469194280166 3.315394811623696 1.5428412841885926 0.19681388910164158
data/frame-000024.color.jpg 0.410471865186397 0.7386408314349788 -0.4807361924519821 0.2341266394373227 3.3277982177005323 1.5296221530904732 0.22076189776861366
data/frame-000025.color.jpg 0.4100162792293522 0.7379255589540844 -0.4826046089155127 0.23333519165082073 3.3357335086076247 1.526521142099145 0.21851132557159184
data/frame-000026.color.jpg 0.4131487905159178 0.7351182410948616 -0.48514564859735926 0.23139349202576684 3.3504447560941992 1.5198269557202333 0.1801759750602951
data/frame-000027.color.jpg 0.4219593990548949 0.7330884062972498 -0.4767741813822649 0.23920291400620936 3.333860175194238 1.6375653416586762 0.059395372329173635
data/frame-000028.color.jpg 0.4243909992899549 0.7335707335840835 -0.47383884856974795 0.2392551026345702 3.327270236666283 1.6605525521933702 0.020532401045894568
data/frame-000029.color.jpg 0.4257710017297373 0.7339683613531027 -0.4742335101496396 0.23475961422239766 3.328636238540843 1.6725894939810322 -0.038855356682908335
data/frame-000030.color.jpg 0.4280709422969144 0.7350647530238884 -0.4751895725805339 0.2250109938062817 3.3360700099630387 1.6602435371406243 -0.10436229625492291
data/frame-000031.color.jpg 0.42922469081021325 0.7352201812311688 -0.475207869110207 0.2222497042630663 3.336313512433425 1.661444317590761 -0.12903951775936828
data/frame-000032.color.jpg 0.43968610643540307 0.7304571647166542 -0.47534250975939923 0.21715882836628245 3.3348422937242725 1.6445600388791295 -0.2410175754290194
data/frame-000033.color.jpg 0.4551970667818259 0.7442951673195084 -0.4363775457586807 0.21998857210245548 3.1054050933559347 1.922781486874992 -0.5448208304092134
data/frame-000034.color.jpg 0.4580679092557368 0.7467997194458329 -0.4265049312711095 0.22484997920197622 3.0405706218903688 1.997163861855598 -0.6076788073737805
data/frame-000035.color.jpg 0.46307481240399745 0.7499582779758016 -0.4172818339901953 0.22135982118341338 2.984742285429486 2.0383502794771613 -0.6934606515129735
data/frame-000036.color.jpg 0.46417640730928916 0.7545203565163637 -0.40685925384062455 0.22294582764454374 2.912508430303483 2.117636877305084 -0.7597747332246403
data/frame-000037.color.jpg 0.46706677974077476 0.7548046032691513 -0.4053300306383324 0.21869202182295278 2.8934633207075837 2.1294500531477594 -0.8163648406296036
data/frame-000038.color.jpg 0.46407316202887094 0.7534494676073082 -0.41136953341728655 0.21846076769715983 2.9059558167711455 2.1389076183927904 -0.8173612369884015
data/frame-000039.color.jpg 0.4600232089968919 0.7480741142527385 -0.423293118169577 0.22268071959525168 2.950578512714277 2.131199426549569 -0.7770096161430485
data/frame-000040.color.jpg 0.46385917186595416 0.7399072599860375 -0.429974280462923 0.22911576426814764 2.9826633699034404 2.0907790498861107 -0.7832387330537072
data/frame-000041.color.jpg 0.46225792604026766 0.7354537778325843 -0.4375709398431594 0.23228651077818646 3.023892700819428 2.086925063620186 -0.7670785397698126
data/frame-000042.color.jpg 0.4634942383493259 0.7340034224482404 -0.43786049694746937 0.23385947076003263 3.0268807416007504 2.0835501518616155 -0.7749201019169634
data/frame-000043.color.jpg 0.4601619021305077 0.7302366795408542 -0.4431479450155956 0.24212664972950648 3.042114069128749 2.105311416359148 -0.7566033994308632
data/frame-000044.color.jpg 0.46121587254714386 0.7230293927113792 -0.45237020918367055 0.24468267210636868 3.1156569930478506 2.084872145817232 -0.7779908973915081
data/frame-000045.color.jpg 0.4679691632239577 0.7187248135058859 -0.45261446812364087 0.24408942616908236 3.1225161341673804 2.0716125044539258 -0.8436818355953525
data/frame-000046.color.jpg 0.4731620397232587 0.7144322219451944 -0.45332949622205765 0.24535006066115558 3.135367333645321 2.0590550962580583 -0.8808714206661343
data/frame-000047.color.jpg 0.4786305054928449 0.7103687447912923 -0.4513301514872841 0.2501802949749899 3.1334059132631387 2.048510820522637 -0.9117008242434513
data/frame-000048.color.jpg 0.47998087429369124 0.7079509096753547 -0.45128212431471265 0.254496196584747 3.133070397835193 2.048258501501102 -0.9119576151000628
data/frame-000049.color.jpg 0.48161072701060764 0.7047975324986827 -0.45221148915365483 0.2584885198408557 3.1402201834293226 2.039402862882361 -0.9082882929190274
data/frame-000050.color.jpg 0.4821273866788486 0.704217744490933 -0.45260710334635523 0.25841316018877286 3.140287934962025 2.0358777931470864 -0.9101653693203164
data/frame-000051.color.jpg 0.48401510140860665 0.7001886472456783 -0.4555947480708692 0.2605737235542459 3.150333149609219 2.011504803653644 -0.9028428962299055
data/frame-000052.color.jpg 0.48595282681728313 0.6930958184158613 -0.46126486540585726 0.2658999070042251 3.1740354869991494 1.9571346826997011 -0.8722201251193017
data/frame-000053.color.jpg 0.47751883034694237 0.6863680552695033 -0.4787115873898122 0.2677869964512367 3.2037264097327602 1.881905283550308 -0.7430020932129161
data/frame-000054.color.jpg 0.47325203002080773 0.6844889046940682 -0.4852345777052102 0.26843036346722354 3.1989367448096306 1.857448420458293 -0.6821160059742952
data/frame-000055.color.jpg 0.4673242027232898 0.6864633830669258 -0.4880717685330638 0.26862997230085855 3.1716851108301816 1.8603922728752509 -0.6269667773323137
data/frame-000056.color.jpg 0.46687160568591174 0.6867980643314862 -0.4882967130109829 0.2681522752046908 3.162475692551913 1.8566186889994036 -0.6217446319119388
data/frame-000057.color.jpg 0.4610498715965916 0.6886130799690534 -0.4907381470294279 0.26911171109118165 3.131091767778295 1.8534817290471841 -0.566312694098642
data/frame-000058.color.jpg 0.43774542878148015 0.6943948700188828 -0.5045605124462403 0.2676067886888611 3.0602954742256916 1.8310710291167827 -0.3612162345884388
data/frame-000059.color.jpg 0.43256609834873133 0.6927944019970667 -0.5100268228056977 0.26980572110243967 3.0411257218516092 1.8082437576999377 -0.2982549770364062
data/frame-000060.color.jpg 0.42951968277095837 0.6924667383532005 -0.5124812672146623 0.2708608667579535 3.0348807554098736 1.8011208277520536 -0.26643432659238825
data/frame-000061.color.jpg 0.425571384073362 0.692404079549385 -0.5163179079989524 0.2699655636573625 3.018130810474019 1.7790017054112308 -0.22579873466041234
data/frame-000062.color.jpg 0.4185635588416756 0.6904344500044334 -0.5255861706382792 0.2680746065755882 3.0102837136093834 1.7218905758995766 -0.14951061648358394
data/frame-000063.color.jpg 0.4120851393730645 0.6885726619021892 -0.5312673464144096 0.2716772604076519 3.0029668453785483 1.7018021342969707 -0.08093706117857952
data/frame-000064.color.jpg 0.4023958827744165 0.6913083416367892 -0.5350254751720874 0.2718787803902187 2.990049014538152 1.7031178742196247 -0.012808814799505209
data/frame-000065.color.jpg 0.392760223366645 0.6915410599748882 -0.5423073918044848 0.27094844916332134 2.989735812610499 1.6695519310960223 0.06596337608986448
data/frame-000066.color.jpg 0.39049705824342196 0.6912679110442372 -0.5464571063982735 0.2665433426866938 3.001032448513946 1.6311433902633823 0.08874661880414388
data/frame-000067.color.jpg 0.3851857126603449 0.6883881241066507 -0.5542893883154297 0.2655504309018831 3.0178523591006976 1.5705227064849474 0.16069394077359597
data/frame-000068.color.jpg 0.38420657527745783 0.6883184627032103 -0.5551775600058436 0.2652939469370067 3.0198423820471088 1.5626202312153057 0.17171884581172717
data/frame-000069.color.jpg 0.3810376202040457 0.6804812994634256 -0.5695646738336064 0.2595218977092742 3.055309313262498 1.408650970710662 0.27854916745614633
data/frame-000070.color.jpg 0.37533095673442346 0.6799948128510039 -0.5737482844732653 0.2598973518074683 3.0487147921919746 1.3751150302454958 0.343700862874969
data/frame-000071.color.jpg 0.3620665496357712 0.6794095274129576 -0.5825299394091754 0.26070937341662953 3.0341541963376075 1.3133674200069534 0.4661512277590228
data/frame-000072.color.jpg 0.3616543789732999 0.6793639250918357 -0.5829318207824254 0.2605019381358554 3.030656686768393 1.304659172446718 0.4712923185945962
data/frame-000073.color.jpg 0.3574181595296176 0.6773631920699582 -0.5878130584970471 0.2605900487885237 3.030789896830063 1.2688363537853533 0.5153288977987953
data/frame-000074.color.jpg 0.35620882238568174 0.6788890029738776 -0.5891805196449517 0.25512998993972597 3.0328641341369647 1.2432811696297204 0.5144229826778899
data/frame-000075.color.jpg 0.35623099590184437 0.6794258443259316 -0.5893810736128651 0.25319942671286166 3.0315309882826584 1.2354209976482726 0.5124255430840596
data/frame-000076.color.jpg 0.3516589052537431 0.6811619317190254 -0.5910842373562487 0.25094593338312327 3.0154619664029836 1.2159218868699655 0.5424860907660972
data/frame-000077.color.jpg 0.3519596460409953 0.6818523769294189 -0.5916080235929687 0.2473897533343296 3.003931990711922 1.187528230056367 0.5464355926379983
data/frame-000078.color.jpg 0.35574424860185666 0.6860569006260264 -0.5866826188610111 0.24202368358591772 2.976646535316176 1.1720856120648357 0.5266077523929095
data/frame-000079.color.jpg 0.3552882799662014 0.6878934030773727 -0.5849713707653148 0.2416224317116224 2.9660256069858573 1.1751112213874422 0.5268798835055105
data/frame-000080.color.jpg 0.35325761961020635 0.6934538719958193 -0.5813813082541684 0.23733216388430822 2.934229356265801 1.1708143499957648 0.539684951768415
data/frame-000081.color.jpg 0.3498486728205244 0.6971177041574381 -0.5789325455907924 0.23763400499875 2.8949229187940455 1.1481669886688461 0.5834501930405649
data/frame-000082.color.jpg 0.34897550740925365 0.6982681075870933 -0.5782632052551249 0.237169581951951 2.8884706185466196 1.1460480949924854 0.5877276652302739
data/frame-000083.color.jpg 0.344167335588593 0.7010185378962106 -0.5791887000253083 0.23379971001415115 2.8754298325816867 1.1155705725811023 0.6177468743734551
data/frame-000084.color.jpg 0.3397853233430217 0.7023063435743138 -0.5838148879310854 0.22465954341173702 2.8720183628568186 1.0374053869221431 0.6442328911707235
data/frame-000085.color.jpg 0.338024553033899 0.7030957913733779 -0.5855828458000697 0.22020090918061164 2.871548742522546 0.9947249212312501 0.6563303613470933
data/frame-000086.color.jpg 0.3353490538131389 0.7046168968074336 -0.5860502525435506 0.21817686021605445 2.8664050040965607 0.983265563573986 0.6684612881433462
data/frame-000087.color.jpg 0.329230215620614 0.7055075282938472 -0.5885692724828051 0.21783664552175816 2.8583846130814075 0.9599620698866225 0.7077178080636005
data/frame-000088.color.jpg 0.3224203235636036 0.6965541842141754 -0.6030823843353373 0.217138299503496 2.8688885493355447 0.8438759904267664 0.789588170808669
data/frame-000089.color.jpg 0.3164513125283459 0.6922146691131857 -0.6106725252410464 0.21857832824718276 2.867716188852372 0.7805633681594093 0.8508476030131881
data/frame-000090.color.jpg 0.3117542184609102 0.682569819266457 -0.6251160297830385 0.21479687708780673 2.886265412756838 0.6637911646116897 0.9090805641338682
data/frame-000091.color.jpg 0.31110318561478856 0.6782520913593838 -0.6307276296268512 0.2130060226666053 2.894984524507935 0.6120019671934432 0.9259915934143277
data/frame-000092.color.jpg 0.30724211548371944 0.6716988472296938 -0.6395052244780982 0.21320414857269238 2.8949357136147733 0.5336188586017153 0.9779542364660658
data/frame-000093.color.jpg 0.3026320073264985 0.6614443340536728 -0.6528674728714428 0.211351186313876 2.8954219954168248 0.4245573112480628 1.0374987224004435
data/frame-000094.color.jpg -0.2872541441345729 -0.6336106380091915 0.681322250304791 -0.22764579354496078 2.8303603921626532 0.23708435713545944 1.2561352773822527
data/frame-000095.color.jpg -0.27757004237397137 -0.6104885604134521 0.7023710673344693 -0.23860736147960984 2.75812725081037 0.09968543387990633 1.40509914683762
data/frame-000096.color.jpg -0.2772379657837472 -0.589264064397289 0.718260063984178 -0.24496826983003758 2.7067951109495754 -0.012242056660227372 1.4856549689749339
data/frame-000097.color.jpg -0.2773284829347708 -0.5753324157731731 0.7282525332109859 -0.24845476808764244 2.6712338260053112 -0.07946535832820527 1.5303825497654924
data/frame-000098.color.jpg -0.2792227596012355 -0.5602127653739207 0.7365421239087768 -0.2563240288008966 2.625432325719477 -0.12431945489723153 1.5819676919083863
data/frame-000099.color.jpg -0.27335721698693616 -0.5463748405160366 0.745820630467087 -0.2655220381473251 2.556612916773251 -0.1613409409105937 1.6629537578135813
data/frame-000100.color.jpg -0.2706801917040761 -0.53988082739811 0.7499223321806903 -0.26995818513920083 2.525025534337842 -0.1758436526608716 1.698434021689271
data/frame-000101.color.jpg -0.2663765507561129 -0.5265117122766759 0.7583379595767729 -0.2770423958669438 2.4656975063045192 -0.2133632457386834 1.7622565723747683
data/frame-000102.color.jpg -0.2608566212102501 -0.5134292877457265 0.7672473065627722 -0.28226895016607756 2.400222946338808 -0.25573322177155533 1.8230070943126784
data/frame-000103.color.jpg -0.2578227014391226 -0.503339224856006 0.7739877764865307 -0.2848157319977695 2.360127963384371 -0.2928283750258382 1.858452600028975
data/frame-000104.color.jpg -0.2530992068627755 -0.4927046073666201 0.7811332004150556 -0.288121301840859 2.3080734465354578 -0.3245360503901965 1.8988350593329324
data/frame-000105.color.jpg -0.2451610742307283 -0.479950694850553 0.7886681617638918 -0.2958815790387618 2.2328928629443463 -0.3291022584459367 1.9538321157589915
data/frame-000106.color.jpg -0.24385768963197849 -0.47478761265895364 0.7909940373384158 -0.2990628411689395 2.2072909013963526 -0.32584482817318605 1.9673970949884267
data/frame-000107.color.jpg -0.2390950496017162 -0.46052589532846366 0.7971758145342256 -0.3086424755434092 2.1249096896074775 -0.30695421053638267 2.0078262005793146
data/frame-000108.color.jpg -0.239194691577066 -0.4491696363336659 0.8021574927931384 -0.3123714040578305 2.0735006082355754 -0.3062864127520226 2.011934753262565
data/frame-000109.color.jpg -0.2383544831513757 -0.4461686924597435 0.8032420832049308 -0.3145199421324603 2.0489979818198174 -0.29504027148293527 2.0115506420314997
data/frame-000110.color.jpg -0.2382644227091595 -0.44499265912164626 0.8026638047573935 -0.31771436028499206 2.024672281356071 -0.2645997353650154 2.0008416100294473
data/frame-000111.color.jpg -0.24111560583966873 -0.4415170728862859 0.8021366462134452 -0.3217184168989108 2.0094629543626756 -0.24144971234000825 1.9863821221487186
data/frame-000112.color.jpg -0.24540002096738728 -0.43966971998847965 0.8023622532906637 -0.3204437259937954 2.0075857538883453 -0.24162686387151408 1.9583612523910177
data/frame-000113.color.jpg -0.24544081397636175 -0.4437276757808532 0.8016007313435148 -0.3167030534906241 2.0121239576786962 -0.2331192326939285 1.930056672504634
data/frame-000114.color.jpg -0.2473096997601586 -0.44598208015195767 0.8006463363965107 -0.3144890150748005 2.0147886233572794 -0.21584251326786155 1.898847914010841
data/frame-000115.color.jpg -0.25538758469975054 -0.4446395944664078 0.800350124387087 -0.31066459567763866 2.028987427780456 -0.19334374124842396 1.843204757245959
data/frame-000116.color.jpg -0.26390848569343833 -0.44573841642773177 0.7963041947063844 -0.31236069661932525 2.0500898875674514 -0.15223106569284278 1.800993570367337
data/frame-000117.color.jpg -0.2765985622976821 -0.4565284095714562 0.7850715308519334 -0.3142256164522764 2.0947255453594114 -0.0697818021878212 1.718183745186765
data/frame-000118.color.jpg -0.2852356005074099 -0.46727736873477066 0.7757847459860104 -0.31376829152562247 2.1182275056221407 -0.0017538673354197101 1.6457009189172827
data/frame-000119.color.jpg -0.29188580542633974 -0.4867771446583566 0.761711118181103 -0.31248497638793493 2.1403870785761656 0.09452755465719997 1.565861079619069
data/frame-000120.color.jpg -0.29112736198946476 -0.5040517784832615 0.7523438862962699 -0.3084725927234727 2.146091965277737 0.1606060127846802 1.5159004787918327
data/frame-000121.color.jpg -0.29259346524955177 -0.5265625531138565 0.7400227611893793 -0.29914420381000917 2.1544131915977047 0.24237122659266785 1.4263715370956191
data/frame-000122.color.jpg -0.2963828202306094 -0.5415794336033037 0.7285329877113572 -0.29679728230972524 2.1575841291669033 0.3304544105604978 1.3619753556211345
data/frame-000123.color.jpg -0.32112905807613973 -0.572547949200614 0.692670959199146 -0.2987840628404348 2.1879757190713858 0.5516527025533534 1.1768640656793892
data/frame-000124.color.jpg -0.3357568692034072 -0.5839826475613972 0.6753286505546914 -0.3002712205155292 2.1941481298831196 0.6403831010866643 1.084575339188153
data/frame-000125.color.jpg -0.344468617058857 -0.5935959570017092 0.6618312119960783 -0.30160347895968476 2.185995950545375 0.7135666861732223 1.0202064978677265
data/frame-000126.color.jpg -0.3519774406216378 -0.6052877938788106 0.644451611732341 -0.3072794949396267 2.1666891157772885 0.8102758010173081 0.957843332293574
data/frame-000127.color.jpg -0.3643337874617052 -0.6208332211822962 0.6236823401965962 -0.30470861707067054 2.1473410867081615 0.9110340929823174 0.8524104655874546
data/frame-000128.color.jpg 0.3672637626592048 0.6237555815015557 -0.6194948355137456 0.3037638094883201 2.1330560831375323 0.9373010794120155 0.827627499898633
data/frame-000129.color.jpg 0.37267969038227666 0.6239970920605105 -0.6164948018134739 0.30277324322595434 2.1258322173943442 0.9548424250283454 0.7990115949984771
data/frame-000130.color.jpg 0.3806473175739216 0.6196252185146476 -0.6157519183329496 0.3033509243001353 2.112762290214057 0.9618600495768194 0.7710953049803829
data/frame-000131.color.jpg -0.3811658724059357 -0.6113357088868163 0.61933354757501 -0.31210124254963956 2.0817156129575576 0.9597696351975351 0.7926043452523961
data/frame-000132.color.jpg -0.37549054520581027 -0.6102920044292556 0.6225296934950272 -0.3146542555055522 2.0655508532017253 0.9578257604763316 0.8210211420077964
data/frame-000133.color.jpg -0.3707340708811632 -0.6076301378006089 0.6283176078219888 -0.3139408352303792 2.0409970732373255 0.9510102482190772 0.8424587782161335
data/frame-000134.color.jpg -0.3622922316239468 -0.6026216568630325 0.636490405484639 -0.3169723036963852 2.0169823865274243 0.9426962750313271 0.8845213763279329
data/frame-000135.color.jpg -0.34889353124925265 -0.5876837081321775 0.6532032943707038 -0.3259242538868506 1.9660989225201302 0.9402295273994169 0.9333203050681669
data/frame-000136.color.jpg -0.340389674161424 -0.5698498900697935 0.6637774219210278 -0.34468174691967385 1.9212505124081587 0.9897957473297887 0.9610524076844872
data/frame-000137.color.jpg -0.33954204452292697 -0.566913241114737 0.6659357304134009 -0.34619384744496123 1.9209769598850486 1.0038756231394823 0.9522399073857
data/frame-000138.color.jpg -0.3399426725684612 -0.5653178777634379 0.6667242504999454 -0.3468911215977438 1.91789708540066 1.0156892606981505 0.9427653931738612
data/frame-000139.color.jpg -0.33740252995754877 -0.5622595305050492 0.6698651847715612 -0.3482877938795001 1.9106206579891047 1.023505249944373 0.9441179069323412
data/frame-000140.color.jpg -0.3355293191768403 -0.55468481883413 0.676966404101188 -0.34851300613604275 1.9122683681823622 1.0108264868007142 0.9473565778445483
data/frame-000141.color.jpg -0.33639636529146905 -0.5477135621328124 0.6812545729687035 -0.35034204155896653 1.910597683648152 0.997214800787757 0.9422582847248384
data/frame-000142.color.jpg -0.33117699335525996 -0.5442349673449743 0.6855625748251526 -0.35232663167903194 1.8984390299221199 1.0014608853647737 0.9638960654467567
data/frame-000143.color.jpg -0.3224508149096214 -0.5406514459596903 0.6920149071198826 -0.3533225923567253 1.8790688066311425 0.9993435639439918 0.9974061842913234
data/frame-000144.color.jpg -0.3161179619856006 -0.5382635643025141 0.6967981854543649 -0.3532903313167912 1.8587193156464963 0.9990947872174981 1.0178754769236376
data/frame-000145.color.jpg -0.30350737670604133 -0.5332598548132347 0.7050403670282444 -0.35557739015615636 1.830489920457797 0.9967210309495275 1.0679375972747114
data/frame-000146.color.jpg -0.2849385114374936 -0.5262660888531397 0.7169105113665315 -0.35762182136327003 1.789004807231261 0.989140476279282 1.1492348545426818
data/frame-000147.color.jpg -0.2747863610345782 -0.5153555342592433 0.7271201407275211 -0.3608288098893072 1.7610455765528426 0.98129942986816 1.1949723968174235
data/frame-000148.color.jpg -0.2579382360918649 -0.4933457047860859 0.7430742877145303 -0.3713737805344914 1.7277668673213495 0.9665310287458885 1.2794339485276325
data/frame-000149.color.jpg -0.25065996808989927 -0.47910835579557254 0.7506405957529263 -0.3796886353470766 1.7010886449345803 0.948882424458059 1.3110382726939702
data/frame-000150.color.jpg -0.24164202718961716 -0.45847911859975976 0.7619305994975032 -0.38841703110581455 1.65144799287961 0.9188406943495699 1.3681540758869193
data/frame-000151.color.jpg -0.23738755699320824 -0.4473585303011765 0.7678436162466526 -0.39234382133637613 1.62554348429729 0.8985028173116749 1.395724402191233
data/frame-000152.color.jpg -0.22999089209168513 -0.4290870072364332 0.7777024886427181 -0.39770261368851423 1.575908291062758 0.8614959279619107 1.4428900516905412
data/frame-000153.color.jpg -0.22589470703167283 -0.4191979015498408 0.7831864216783858 -0.39982962567810065 1.5513016363773318 0.8407009736728186 1.4687739702166713
data/frame-000154.color.jpg -0.22206903378772308 -0.40807352327250185 0.7882698577327276 -0.4034748755828289 1.519607028558988 0.8221523402166906 1.4952196328185663
data/frame-000155.color.jpg -0.2190308774717391 -0.3970197345337259 0.7925696138522162 -0.40771830018148425 1.4893115678731972 0.8063221311820569 1.5200933348581969
data/frame-000156.color.jpg -0.2171822767348005 -0.3899644053232339 0.7956984232576271 -0.40941866161486967 1.4718118741301534 0.7915434025763357 1.5378176128085057
data/frame-000157.color.jpg -0.21762016928329925 -0.38344385895244193 0.7984100235427195 -0.4100654865497487 1.4553848473038098 0.7706781282749526 1.5513133264273844
data/frame-000158.color.jpg -0.21486876775731156 -0.3789780434489025 0.8018611939723466 -0.4089323670576086 1.4340643330907794 0.7414584203214855 1.5754994599068257
data/frame-000159.color.jpg -0.22003715419471936 -0.3773166384584819 0.8038365176341372 -0.4038101757436339 1.4444269369542497 0.711538945519327 1.5729464463112195
data/frame-000160.color.jpg -0.22482617465579077 -0.3797638677703229 0.803825085524457 -0.3988706905845148 1.445301531688106 0.684191951709787 1.5747878466753742
data/frame-000161.color.jpg -0.22619552282850605 -0.3891688117141477 0.8004578144842657 -0.3957909911460974 1.4297201579561756 0.6763219797811711 1.585486087464612
data/frame-000162.color.jpg -0.22389437586006086 -0.39899876213361735 0.7958242912251691 -0.3966547538729771 1.4097869531935527 0.6853103663207516 1.6023536892819659
data/frame-000163.color.jpg -0.22625612548990529 -0.4059516744535333 0.7915651264162215 -0.3967821245070643 1.4044848561412393 0.6898818549170113 1.6043727718225376
data/frame-000164.color.jpg -0.2348991116872856 -0.4172048868972039 0.7838505593297875 -0.3953995325186847 1.4088340304867077 0.6831970144065691 1.6113851391728182
data/frame-000165.color.jpg -0.23803774346355794 -0.4179590443847216 0.7831965825251583 -0.39401952112135397 1.4048120300504714 0.6600156810631583 1.627614259396713
data/frame-000166.color.jpg -0.23643072163799989 -0.41500450097988795 0.7862373527082696 -0.39204923573252987 1.3926958173306558 0.6255171368299665 1.657495032139567
data/frame-000167.color.jpg -0.2372741351963392 -0.4096951507932947 0.788882044333396 -0.3918111640977711 1.3831573758114832 0.591491066729414 1.6878902316581177
data/frame-000168.color.jpg -0.2351397845481934 -0.40278470249124 0.7924164721649577 -0.3931283502920074 1.3683915645639277 0.5584387285344308 1.7305122655437424
data/frame-000169.color.jpg -0.23452745683770992 -0.3938459440786817 0.7960157603473539 -0.39527351745422057 1.3585480271614834 0.5205349586730635 1.781659568591229
data/frame-000170.color.jpg -0.23503475096690396 -0.3863192705773602 0.7978823156424025 -0.39862249987126863 1.3502685001273897 0.49858255967496046 1.820958628587366
data/frame-000171.color.jpg -0.23375355947819446 -0.38388341102683843 0.7986005284677168 -0.40028739188332796 1.3446629959418264 0.4811871836576127 1.8523246135713034
data/frame-000172.color.jpg -0.23213992747475154 -0.3821422615033169 0.7996852999964204 -0.4007265489267999 1.3378299114108863 0.4614834195146816 1.8758433109384955
data/frame-000173.color.jpg -0.2256294459508551 -0.37943352395043095 0.8020923693926596 -0.4022056501151347 1.3111640935210291 0.42420240943635884 1.9322071503953564
data/frame-000174.color.jpg -0.22298312043295546 -0.3778886241086544 0.8034305865962347 -0.40246491560492537 1.2994985510569803 0.3985229066664473 1.963677238131072
data/frame-000175.color.jpg -0.213711239981329 -0.3734440910565563 0.8074352711819412 -0.4036276744871817 1.258187032875541 0.35550260475098555 2.0276176952724665
data/frame-000176.color.jpg -0.20999040024838986 -0.3680568882582999 0.8113120016453799 -0.4027542610517065 1.2320742652234888 0.3151503751001503 2.0671451045489655
data/frame-000177.color.jpg -0.21095930565635101 -0.3559817046784794 0.817600391348151 -0.40037831779274075 1.210908056279743 0.25443606042265765 2.108496980248426
data/frame-000178.color.jpg -0.21070085749489484 -0.3519285452179618 0.8191340275814734 -0.4009624578060124 1.196571612683397 0.2328849045551225 2.135045402833446
data/frame-000179.color.jpg -0.2111066197036049 -0.34785190518159925 0.818795755131754 -0.4049772321465375 1.1814461404140244 0.2343841653945319 2.161465680749715
data/frame-000180.color.jpg -0.21257316170510213 -0.3487163720945594 0.8150209141064131 -0.4110358285174801 1.1744191156783392 0.2539630146514561 2.1841335395900634
data/frame-000181.color.jpg -0.21432251946250427 -0.3511069227589377 0.8122276930958567 -0.41361329887973464 1.1694031871237547 0.2488872521654814 2.2101656275258708
data/frame-000182.color.jpg -0.2147883001544699 -0.35336169852186583 0.8120309899379498 -0.41183390767989103 1.165738882006334 0.21655855143658834 2.230260028081905
data/frame-000183.color.jpg -0.21440018642050593 -0.3652016987391615 0.8142450214767243 -0.39707093107057306 1.1769655535529344 0.12929186124089787 2.2427102550574665
data/frame-000184.color.jpg -0.21180094385070924 -0.3739071425268498 0.810605138138515 -0.39781040581512367 1.1596960082290653 0.11898297929767666 2.2667406566626833
data/frame-000185.color.jpg -0.20678264245244632 -0.37959288009823916 0.8088150799972926 -0.39870835271922817 1.1396821581858618 0.10832589179552438 2.29000253124006
data/frame-000186.color.jpg -0.21012144227984766 -0.3818156771532046 0.8077580080816495 -0.3969795568467508 1.142971670367489 0.08165172498844794 2.306267096513819
data/frame-000187.color.jpg -0.21369494733548808 -0.3837876146271248 0.8071859228947824 -0.3943252746434122 1.1532643797557707 0.048918576345035575 2.3164036448263357
data/frame-000188.color.jpg -0.21453944563123703 -0.38548245233493433 0.8065022599278646 -0.39361175025821293 1.1599085401694937 0.04294431881758084 2.319947912108877
data/frame-000189.color.jpg -0.21339864048688645 -0.3910799464388462 0.8064745525285135 -0.38873678994362254 1.1685008385990416 0.0010405650634893707 2.3249246679847735
data/frame-000190.color.jpg -0.21389955318986553 -0.39560517622375435 0.8099405597422882 -0.3764834861909572 1.1934795374711125 -0.10402131843802237 2.34289429026254
data/frame-000191.color.jpg -0.21250264171330502 -0.3931488699274836 0.8119220850907232 -0.37557838207429073 1.1835569548418958 -0.12110330877360644 2.3502085710614753
data/frame-000192.color.jpg -0.2107795410182243 -0.3843568442841398 0.8161925014280433 -0.37639288244162894 1.143504397764494 -0.1623529374825314 2.375772515333098
data/frame-000193.color.jpg -0.1993162150741213 -0.3650490422453316 0.8293490622183989 -0.3730849449679739 1.0381388422689148 -0.26798764255879326 2.421568388444134
data/frame-000194.color.jpg -0.19705542384154653 -0.35776001258900963 0.8361862384663019 -0.3660184529863449 1.012893746159548 -0.3399830934510235 2.423095678905463
data/frame-000195.color.jpg -0.19247487489692217 -0.35010362230428177 0.8433032503732297 -0.3594725359367252 0.9729403811056017 -0.4199869312047755 2.42917162967202
data/frame-000196.color.jpg -0.1888369249052144 -0.3436033480338904 0.8481890426536802 -0.3561638709000077 0.9399392874234602 -0.47059855869206696 2.4415801477512353
data/frame-000197.color.jpg -0.1739394788883627 -0.3386342272395158 0.8542064734695723 -0.3541231685566737 0.8528504844410323 -0.5451447325042005 2.4615265134239985
data/frame-000198.color.jpg -0.16799990134770001 -0.33816313637895895 0.8553309754990516 -0.3547261601480073 0.8266603093198968 -0.5549512163010866 2.467467814682794
data/frame-000199.color.jpg -0.15669187183696848 -0.32425153843408994 0.8630051648937237 -0.3543030941018006 0.7002722827245513 -0.6176699860423758 2.483552327094027
data/frame-000200.color.jpg -0.15071145844751446 -0.3210651544629153 0.8635387825045676 -0.35847453744004854 0.6304856077275272 -0.6139852171742313 2.491375767796347
data/frame-000201.color.jpg -0.1522649276509244 -0.32473947751312615 0.8638190608789231 -0.3538026195694655 0.6262337610155456 -0.638976208508113 2.471633730742385
data/frame-000202.color.jpg -0.1399151829091226 -0.3359789252449293 0.862362894321224 -0.35195474408038646 0.5307467685007841 -0.6562220433056771 2.4313691612215322
data/frame-000203.color.jpg -0.13790727368550176 -0.32579397617042694 0.8632493932964583 -0.3600560427613901 0.4261822583766167 -0.6044843219357758 2.421172559284275
data/frame-000204.color.jpg -0.13668371369823173 -0.3239544805343553 0.8636404547220046 -0.3612426081166861 0.408890100010671 -0.5983928733663918 2.419610324548438
data/frame-000205.color.jpg -0.13428822987337147 -0.3185528960392678 0.8652951579496078 -0.3629807341601412 0.36715573792187867 -0.5872855788046296 2.4122558018973614
data/frame-000206.color.jpg -0.13426646752738808 -0.312063155984168 0.8665723350333248 -0.3655700897636574 0.323232744306008 -0.5653097278881217 2.403454507444769
data/frame-000207.color.jpg -0.1362387897403066 -0.3032187501979587 0.8693563642478571 -0.365673206073719 0.28411626413033264 -0.5407796559174957 2.37769097965961
data/frame-000208.color.jpg -0.13600909949261514 -0.3002548673844252 0.8689286863210487 -0.36920384282337254 0.26049604324213393 -0.5129392498332125 2.369121137806997
data/frame-000209.color.jpg -0.13318024520727934 -0.2965713463457713 0.8689654601506283 -0.3731051967989618 0.23007453261657562 -0.4891854661899162 2.361644616330621
data/frame-000210.color.jpg -0.13072156610414468 -0.299177291060332 0.8640063033833061 -0.38327265540734373 0.1818433286724852 -0.3703566850695087 2.3139232502700775
data/frame-000211.color.jpg -0.12893696987057793 -0.3037289646880103 0.8629631748924005 -0.38264674647744196 0.17991722003563532 -0.34687762884653917 2.2874214887528224
data/frame-000212.color.jpg -0.1322561169915915 -0.30663468858598286 0.8597114113090286 -0.3864968001667295 0.18388914647875762 -0.28159955149111865 2.2498953172557856
data/frame-000213.color.jpg -0.1375432089255503 -0.30673927072996987 0.8604653208730242 -0.3828737612391212 0.19370680892926764 -0.2651226670030822 2.2195422848817485
data/frame-000214.color.jpg -0.14510071616490966 -0.3128980920822395 0.859730749580885 -0.37670094818677397 0.23163886088960303 -0.25360298359020317 2.186153199313541
data/frame-000215.color.jpg -0.14778792751597983 -0.31582825145707544 0.8587975825840666 -0.37533712341022263 0.24092321403643416 -0.2359335088849783 2.1635808082715764
data/frame-000216.color.jpg -0.16201027241463345 -0.32083901854510033 0.856173529153614 -0.3711898217729024 0.29525266734664113 -0.20653353419769285 2.1325664195142506
data/frame-000217.color.jpg -0.17027404082594977 -0.32773240123646086 0.85263844584984 -0.3696023604623698 0.32833180154826413 -0.18067449454506512 2.1071428492701023
data/frame-000218.color.jpg -0.17965307205405256 -0.34499561952977087 0.8446624557225736 -0.3677609714196476 0.37296608259168595 -0.14411760302163115 2.071092958429224
data/frame-000219.color.jpg -0.184192851453789 -0.3554361912280414 0.8396129821268765 -0.3671350537372302 0.3926138701872184 -0.11609268699407607 2.0475063740624604
data/frame-000220.color.jpg -0.1903131736397546 -0.3701412299849709 0.8330562025034597 -0.3644087392954406 0.42454248720158566 -0.09275519776622153 2.016195250341789
data/frame-000221.color.jpg -0.1966376335193383 -0.39393572057477133 0.8206271750242409 -0.36430664110181205 0.46592490848522394 -0.04271323661626288 1.9785467026379018
data/frame-000222.color.jpg -0.21872006386378293 -0.41614843846888566 0.7992109310270992 -0.37449151999761965 0.5377786961217765 0.1032281777202653 1.9217735628191817
data/frame-000223.color.jpg -0.21944946894512452 -0.4169957801299014 0.7979083517602824 -0.3758972095197665 0.5371337161650305 0.1176511041058193 1.9194655474246998
data/frame-000224.color.jpg -0.22664117943314285 -0.42204827272392037 0.7901695006234358 -0.38228417644524487 0.5424572879418768 0.19574563202850728 1.8920110691883194
data/frame-000225.color.jpg -0.22803605629688023 -0.4198169647871214 0.7902278736621102 -0.3837879372686887 0.5305167499726057 0.22686433118781768 1.8770032046175853
data/frame-000226.color.jpg -0.23033968895489115 -0.42135650036218647 0.7889686881812991 -0.38331545281161705 0.532706836053068 0.2539025705273354 1.8566858167701161
data/frame-000227.color.jpg -0.2262118423773683 -0.42950545165518356 0.7864315649307106 -0.38194065382903075 0.5303732099621499 0.27793840357755784 1.8291272877263767
data/frame-000228.color.jpg -0.22263374008074135 -0.4369796580764127 0.7798698777148895 -0.38895497173586224 0.5102407275040556 0.33430743442856525 1.8022964124130223
data/frame-000229.color.jpg -0.2207727937406625 -0.4423317319108085 0.7763459079160174 -0.39101028599102483 0.5031028263475101 0.37619989381737684 1.7699278305102673
data/frame-000230.color.jpg -0.22186506523980576 -0.43903784272456603 0.7749079964166518 -0.3969121597676579 0.48006952939745967 0.42634364290970284 1.7429859440740472
data/frame-000231.color.jpg -0.23317669739521638 -0.43742784434838633 0.7767874273376298 -0.38844150333193084 0.5126571084836314 0.44069075593207996 1.696716875951502
data/frame-000232.color.jpg -0.23890283836189258 -0.4404006479657583 0.7763333892961737 -0.3824646019671463 0.5311775316473342 0.45352455428076055 1.662155199798271
data/frame-000233.color.jpg -0.24806102267527727 -0.44940979507595646 0.7707183075668279 -0.37747828480643364 0.5628623152558248 0.48768198402298607 1.6187197865002114
data/frame-000234.color.jpg -0.25426744970228576 -0.45785831018185735 0.7628826730478856 -0.37910929688234013 0.5728874864548019 0.5297278775942482 1.5854873537870804
data/frame-000235.color.jpg -0.26099526541863544 -0.47401851219459573 0.7515360499297872 -0.37733471504992766 0.5848744904171005 0.578479666594544 1.5414068541245838
data/frame-000236.color.jpg -0.26657570786101303 -0.48452440603079505 0.7417243265075724 -0.37949771462525755 0.5781570826365315 0.6226979010850046 1.5032343389682323
data/frame-000237.color.jpg -0.2733063150134282 -0.49812048749877597 0.7310682948165053 -0.37778140031220375 0.579175901020304 0.6616194383185592 1.4641203089602484
data/frame-000238.color.jpg -0.27307693919239706 -0.5072791461392372 0.7249503892454151 -0.3775497136887804 0.5670181690455175 0.6780160463051227 1.4440345183206356
data/frame-000239.color.jpg -0.2744209883622915 -0.5108379901106797 0.7224696273849452 -0.37653061829312306 0.5698259487874335 0.6847015150774047 1.4357625496976296
data/frame-000240.color.jpg -0.2827385231715617 -0.5250140033792513 0.7104814288140219 -0.3736781544067592 0.5769220877044391 0.7156988864358748 1.398402262570065
data/frame-000241.color.jpg -0.2841362104256338 -0.5326801866844111 0.7051794838630328 -0.3718068425641035 0.5733744457801299 0.7284980185901432 1.3835838291377232
data/frame-000242.color.jpg -0.29056330391935487 -0.5385554789641189 0.7011065732959018 -0.36603351673647977 0.5869244643490694 0.7386541370279249 1.3606782135500253
data/frame-000243.color.jpg -0.2900886535388156 -0.5438242445227044 0.6994929410669566 -0.36168133702866867 0.5841096241175088 0.7405668146093122 1.3496402625305062
data/frame-000244.color.jpg -0.294172862514283 -0.5417183791461211 0.7006884632596805 -0.35922026962608755 0.5886551272354452 0.749297727271124 1.332831998796681
data/frame-000245.color.jpg -0.2928797482615988 -0.5394041556258713 0.701884447291966 -0.3614178089156856 0.572952583523045 0.7637840159621436 1.3202223112169262
data/frame-000246.color.jpg -0.291655866826375 -0.5361067614345716 0.7036149779789123 -0.36394004788374956 0.5612339350821482 0.7772726848275621 1.3087169261140272
data/frame-000247.color.jpg -0.29244680752909635 -0.5309672266760393 0.7063219406462856 -0.36559264916524264 0.5543223107826486 0.8018090154396728 1.2836275976903788
data/frame-000248.color.jpg -0.2827345876993088 -0.5299794230213227 0.7088228766237902 -0.36980142464201404 0.5264988497593958 0.8200474938035798 1.2704280073618495
data/frame-000249.color.jpg -0.28003632755005625 -0.5246754093304893 0.7127669490411713 -0.37183147587408727 0.5152874588386173 0.8370729580226721 1.2553807973478668
data/frame-000250.color.jpg -0.27839166279755406 -0.5199930819860705 0.7155768136974241 -0.37423936253430495 0.5104104496071866 0.8548898181170178 1.2356855191431992
data/frame-000251.color.jpg -0.274681414520223 -0.5188630666623147 0.7174347896522786 -0.3749914147917773 0.5029901027269545 0.8649957847258581 1.2253317801916224
data/frame-000252.color.jpg -0.2725094141361738 -0.5156555307186085 0.7196005756235676 -0.37684612829203873 0.49705316739076855 0.876719380309345 1.2124679444434487
data/frame-000253.color.jpg -0.2721955473903643 -0.5146069789514013 0.720132487467861 -0.3774896577241862 0.49566771051601205 0.8809480431544924 1.2073126255122246
data/frame-000254.color.jpg -0.2724833846572732 -0.5113595598173553 0.7212060102904446 -0.3796394294459632 0.49551786748752447 0.9010636686680618 1.1858135908742136
data/frame-000255.color.jpg -0.26777652579175976 -0.5104432318421274 0.7220838742522613 -0.3825419164566199 0.4807277312878471 0.9209847560992837 1.1630553092991003
data/frame-000256.color.jpg -0.26957235386836037 -0.5072066929357789 0.724423424921697 -0.3811598327417789 0.4843504419432161 0.9300263294457616 1.1453483795688943
data/frame-000257.color.jpg -0.2706577097073611 -0.5056679253893506 0.7250675802880289 -0.3812103847269368 0.4858536246931531 0.9322722083034797 1.1402128791136463
data/frame-000258.color.jpg -0.27343421560376696 -0.5049714847753004 0.7258961110446133 -0.37856619668333796 0.4902281421861177 0.9352316860751502 1.1269568511109482
data/frame-000259.color.jpg -0.2830420531345873 -0.5133046116588499 0.719044356582614 -0.3733373609402216 0.4756887887994966 0.9628996623006256 1.0799775491251136
data/frame-000260.color.jpg -0.27971713634920836 -0.5236647272110744 0.7144110260470008 -0.370338308806989 0.4533347946446191 0.9736572824653342 1.0753436147840814
data/frame-000261.color.jpg -0.28229316090451173 -0.5340445353090436 0.7061109571387155 -0.3694784456794926 0.4415832994871584 0.9899508203376937 1.0540701912885748
data/frame-000262.color.jpg -0.27636899386682146 -0.5531368770353181 0.695338390238861 -0.36628444896376017 0.4033843764902377 1.0019010912812836 1.046150857807939
data/frame-000263.color.jpg -0.27791863310596976 -0.561746197568767 0.6903635488414153 -0.36138706855756264 0.40485658632893323 1.0085545270414413 1.0270781224151133
data/frame-000264.color.jpg -0.2803891825005248 -0.5692873791108849 0.6866949830125709 -0.354603703628589 0.3999968799319472 1.0160110580736466 1.0090178296478125
data/frame-000265.color.jpg -0.28427269668541727 -0.5726154045618476 0.6850598783483898 -0.34927581573158195 0.4041320986539724 1.0312773049786534 0.9848749716313554
data/frame-000266.color.jpg -0.2817964647608197 -0.5728541520761173 0.6850770526592743 -0.35085368006782836 0.3919025323924374 1.0483273093898529 0.9689045451396489
data/frame-000267.color.jpg -0.2825814063006359 -0.5720756811640888 0.6861091556173265 -0.3494730181457194 0.39027145028506405 1.0865240936257918 0.9353196305153183
data/frame-000268.color.jpg -0.2826377504534613 -0.5657452541004833 0.6871800829002336 -0.3575356529727003 0.37330042758256166 1.1366984859526705 0.8924883605113847
data/frame-000269.color.jpg -0.2790965150338321 -0.5557754880800061 0.6939486703240954 -0.3628415426888456 0.3613447515180936 1.1733238045793037 0.8572666904293372
data/frame-000270.color.jpg -0.27569390419562684 -0.5415883764702587 0.7010093216815165 -0.37317667742947463 0.3459866929705468 1.2454240903034612 0.79107663429618
data/frame-000271.color.jpg -0.2755915349337843 -0.5398254942269173 0.6991405004418305 -0.37926284064939964 0.3339525965098294 1.2760869487083157 0.7593358202403552
data/frame-000272.color.jpg -0.2783517362151584 -0.5373356758114287 0.697348341256135 -0.3840520451626311 0.32684466401780804 1.3091522739410495 0.7167828711013267
data/frame-000273.color.jpg -0.2814075920229766 -0.5337660316078523 0.7007659839235547 -0.3805661919155289 0.33309560484303324 1.3221159711374095 0.6912048813907848
data/frame-000274.color.jpg -0.2857053681469256 -0.5354295191807861 0.7042893872216861 -0.3683261213228888 0.3339362645554401 1.3222002295387587 0.6762960326129083
data/frame-000275.color.jpg -0.2843416225823574 -0.5394045585918446 0.7043988871506759 -0.3633383706938457 0.31312606942643506 1.3269278571364778 0.6721839252044709
data/frame-000276.color.jpg -0.2946256520410086 -0.5485611597825735 0.6951539654109924 -0.3592176826254258 0.2712450608999012 1.3507163963088873 0.6364701650880122
data/frame-000277.color.jpg -0.2893807138031841 -0.5590621224525564 0.6879260161108326 -0.36120097186397715 0.2017472434739505 1.3612174203130676 0.6327096774903122
data/frame-000278.color.jpg -0.294063140984115 -0.571570429878426 0.678437661743522 -0.3557477363682448 0.14146135193708034 1.380765074425309 0.6269691976236865
data/frame-000279.color.jpg -0.28326857911082065 -0.5769438354010871 0.6787693046120177 -0.35519987893823673 0.10076538084763716 1.3819610829267055 0.6430100671132144
data/frame-000280.color.jpg -0.2871313536589179 -0.5757550348279769 0.6840106517252145 -0.3437894034764307 0.10275435823970905 1.4147990994432404 0.6456465091644429
data/frame-000281.color.jpg -0.28792234156491275 -0.5734979050515187 0.687322000424173 -0.34027833586963563 0.11613414098621123 1.4437351871280237 0.6463652167357851
data/frame-000282.color.jpg -0.29218867199817716 -0.5729944293618594 0.6861161706740927 -0.33992317399044647 0.11810859875718482 1.4570419024365306 0.6339902860974836
data/frame-000283.color.jpg -0.29933074276881966 -0.5634861183927569 0.685511943387658 -0.3506534988917227 0.1145717598879782 1.4840466323291412 0.58342120196209
data/frame-000284.color.jpg -0.29734750180382075 -0.5626566734816327 0.6857903682960882 -0.35311967052250987 0.10963205870371134 1.5018729783389915 0.5695429604317344
data/frame-000285.color.jpg -0.28887788917696333 -0.5598484916435835 0.6906912371046067 -0.35505611744620624 0.09782693039658956 1.5138734835936045 0.5655739744414209
data/frame-000286.color.jpg -0.28820815922276993 -0.5571025351468091 0.6922568561917137 -0.3568658954649288 0.09247291720163635 1.5287983964351117 0.5465704627552798
data/frame-000287.color.jpg -0.2792132137938802 -0.5573530836797818 0.6944075309513149 -0.3594380368208543 0.07602712738624952 1.5355585086124746 0.546167324185234
data/frame-000288.color.jpg -0.27020490497360605 -0.5592039525071174 0.6963732515673167 -0.3596450240587019 0.05433609272155445 1.5357673089419683 0.5514976563506869
data/frame-000289.color.jpg -0.2643078117565358 -0.5627555294726321 0.6998266281467367 -0.35169629686594445 0.050822903080359395 1.531014953483845 0.5729324776656946
data/frame-000290.color.jpg -0.26844573029298635 -0.5667677096249083 0.6995150137917532 -0.3426222390533418 0.04472413705510736 1.531932142940756 0.578758904621937
data/frame-000291.color.jpg -0.2697884869263162 -0.5666308704895977 0.6998092412228565 -0.3411900567562003 0.04386578655370173 1.5313665910763625 0.5791543025727519
data/frame-000292.color.jpg -0.27788040043828355 -0.5777886165512645 0.6902059820322796 -0.33549739194648215 -0.05598391681222511 1.5071091210869794 0.5956771979374358
data/frame-000293.color.jpg -0.2788241362631997 -0.5800844838595831 0.6888073753701339 -0.33362178025145367 -0.10185813230834147 1.4899147134813997 0.6098740616113473
data/frame-000294.color.jpg -0.2842690656776559 -0.5918408883274947 0.6778674992475444 -0.3307735096200356 -0.20725826216801288 1.456420373360928 0.6345742084576796
data/frame-000295.color.jpg -0.29460931401895124 -0.5959436057122733 0.6738101106491695 -0.32254690463697105 -0.21739727717432336 1.4466825378014467 0.6454582533915305
data/frame-000296.color.jpg -0.3073097799727415 -0.5953138012156941 0.6731093918373772 -0.31318672359399696 -0.21077710083530027 1.4519905646649762 0.6525759170497437
data/frame-000297.color.jpg -0.3241314430006268 -0.5905000686635777 0.6691145161803186 -0.3139016419253318 -0.22555172958454067 1.472926433984384 0.6232471880934152
data/frame-000298.color.jpg -0.33249561701120156 -0.5890968655505222 0.6654323387117461 -0.315612658591994 -0.24018305804538334 1.4843136169079365 0.599658129679821
data/frame-000299.color.jpg -0.3370473697854279 -0.5993119855766025 0.6525303637144341 -0.31847816078290725 -0.2982156962800304 1.4718666096039104 0.5893260841028488
data/frame-000300.color.jpg -0.3518759888914659 -0.6059651548978356 0.6372555331865546 -0.32077235684269184 -0.3379032903047237 1.4679762641046894 0.5685839229416442
data/frame-000301.color.jpg -0.349317798851201 -0.6095142694145481 0.6347349864721644 -0.3218399101012536 -0.3577982484912757 1.4611535457821752 0.5732305837471119
data/frame-000302.color.jpg 0.36333723474574753 0.6264869262889029 -0.6227072078909525 0.29620249539301663 -0.38502426926564526 1.4030156116624213 0.6506438183664169
data/frame-000303.color.jpg 0.3655451029845685 0.6380445483314403 -0.6148543635247761 0.28500884842943464 -0.4059556345882962 1.3695302568743586 0.6961947750193284
data/frame-000304.color.jpg 0.3660995097130155 0.6464576607439274 -0.6088331678621826 0.27818306124614767 -0.42318893253354256 1.346532754477164 0.7246843429446663
data/frame-000305.color.jpg 0.36677611860237885 0.6638539877692621 -0.5947583926679207 0.26652507592512403 -0.47849343579312087 1.3143530851767087 0.7871720068584118
data/frame-000306.color.jpg 0.3656143072741006 0.6670654963350556 -0.5903123614743156 0.2699650307102063 -0.5194068110678898 1.3011215955568414 0.7981072297265179
data/frame-000307.color.jpg 0.3689414542552696 0.6651741172876585 -0.5881444688918184 0.2747938877314277 -0.5748704254040585 1.2998157885390567 0.8041632006564325
data/frame-000308.color.jpg 0.3630873217942043 0.6605854792970538 -0.5930161097241143 0.2830659197110642 -0.6289111897347398 1.2938464639341047 0.798928840992181
data/frame-000309.color.jpg 0.3626493206234659 0.6550169502598641 -0.5978557569414941 0.2863682227753605 -0.652579883996319 1.2989423891746825 0.7930981834074864
data/frame-000310.color.jpg 0.359618671445542 0.6478628193874718 -0.6041104126793738 0.29325549900285924 -0.7002119339594107 1.3071421792622884 0.7848449158715733
data/frame-000311.color.jpg 0.3557463193290584 0.6401408357258596 -0.6114166835424161 0.29972304850648174 -0.7252829270404098 1.3162783560431892 0.7726743295002029
data/frame-000312.color.jpg 0.3474352396530682 0.6286572583368918 -0.6242447242657797 0.30724148485173236 -0.7668355738235412 1.3220370519297913 0.7568838293653841
data/frame-000313.color.jpg -0.34247435625454714 -0.6196682872049788 0.6351672698031432 -0.3086827959431872 -0.7812196495384647 1.3326228854324846 0.7518135318888889
data/frame-000314.color.jpg -0.33338010063140794 -0.6053931771035964 0.6505550209559017 -0.3148570696815814 -0.8115070370300057 1.3546984171405418 0.7221534083071236
data/frame-000315.color.jpg -0.32966822517233896 -0.5990711786098668 0.6545562656223313 -0.32247275761721794 -0.8396293567934346 1.3650831119268685 0.6952846229944664
data/frame-000316.color.jpg -0.32484389272040803 -0.5924072537149357 0.6601880244566806 -0.328149148211853 -0.8501208719094562 1.376576032843989 0.6689002014453435
data/frame-000317.color.jpg -0.32418538880600145 -0.5844275370684656 0.6664045700929915 -0.3305347736017556 -0.8627388030775915 1.3975240750666627 0.6449776885759729
data/frame-000318.color.jpg -0.31902112828980317 -0.5800173578404371 0.6714854569908205 -0.33303553167541855 -0.8783897757225797 1.410849560846694 0.6214058671900442
data/frame-000319.color.jpg -0.31686415452005867 -0.5790751327828069 0.6727989186828884 -0.3340818959357111 -0.9027046214529211 1.4166349725998117 0.6004002798074017
data/frame-000320.color.jpg -0.315406662684016 -0.5790126660606408 0.6735463990401777 -0.3340631946442019 -0.9193857202323319 1.4273450246427544 0.5815843833775697
data/frame-000321.color.jpg -0.3169172526370133 -0.5828258810339036 0.6705295458032859 -0.33206561939306634 -0.9504444000003918 1.4291314774443973 0.5677047254831277
data/frame-000322.color.jpg -0.3170294642067563 -0.5864000821934643 0.6686202617466214 -0.32950600603047375 -0.985157062663859 1.4406663168817746 0.5557535560648684
data/frame-000323.color.jpg -0.3203179726771634 -0.5810691669838053 0.6692495609399606 -0.33445484709061846 -1.009026326631925 1.4589338242150858 0.5120446258959828
data/frame-000324.color.jpg -0.3192792169298304 -0.5820422363808326 0.6708374302868247 -0.3305522028842679 -1.0259713452442527 1.4573156639478577 0.5032960187052675
data/frame-000325.color.jpg -0.3243869614230661 -0.5850245437331234 0.6700974162741222 -0.3216968063119492 -1.0386774296943948 1.4746874435390056 0.5183952513086947
data/frame-000326.color.jpg -0.326679964692825 -0.5884787106704353 0.6657984370407083 -0.322002249976777 -1.06286539761356 1.4803954434726865 0.5077912854937163
data/frame-000327.color.jpg -0.3360961673788191 -0.5958148722004749 0.6559965039597776 -0.3189241150031609 -1.0989738386152312 1.4677609498236903 0.5206046503387586
data/frame-000328.color.jpg -0.33633138643002386 -0.5974526035544317 0.6530254872229952 -0.32169752570583837 -1.1465974716424838 1.4642743923900046 0.5047528681816632
data/frame-000329.color.jpg -0.332547628362362 -0.5904645651076179 0.6600633818688836 -0.3241604604800726 -1.1723795608833232 1.4738554578896932 0.47776351181235915
data/frame-000330.color.jpg -0.3294956230229592 -0.5820821767819071 0.6687263989251228 -0.3246813472655724 -1.1777926206003173 1.4951684767580504 0.4567518543426356
data/frame-000331.color.jpg -0.32222415927220066 -0.575700711644494 0.6764478478244664 -0.32735086828507814 -1.1912560493411515 1.4984884404686307 0.4340233533157762
data/frame-000332.color.jpg -0.3158797786437315 -0.5688211966371834 0.6863553530475689 -0.32492882458036365 -1.1888207048944248 1.5116823818209895 0.42624289376863866
data/frame-000333.color.jpg -0.30253454678176556 -0.5614390936209379 0.7021023475375222 -0.3167195695563388 -1.186703383899009 1.5145057043953447 0.43837103240732894
data/frame-000334.color.jpg -0.29259133985292607 -0.5591464709473699 0.7121252355224679 -0.3076088113208749 -1.1854711564683875 1.509823074986441 0.46107778571012636
data/frame-000335.color.jpg -0.27990695329063453 -0.5636037277726836 0.7171910871553927 -0.2993991984711292 -1.1987075260764972 1.4803074627286115 0.48998485673866726
data/frame-000336.color.jpg -0.2685190906236246 -0.5697918530715866 0.7221877491420982 -0.28579642603255057 -1.2123254358727455 1.4461832070543776 0.5390330784518279
data/frame-000337.color.jpg -0.2622413730598252 -0.5722246719167963 0.724636221651786 -0.2805186863216711 -1.2208003624134072 1.4276571267986604 0.5578855774450852
data/frame-000338.color.jpg -0.25356139175760506 -0.5748708958065476 0.7282667366580846 -0.2736012317989598 -1.234525019717056 1.4012893983143895 0.5822737012000752
data/frame-000339.color.jpg -0.2480277448969504 -0.578768646260121 0.7293698885225933 -0.26744842041803074 -1.2484758044210045 1.3716368960237508 0.6061783400015747
data/frame-000340.color.jpg -0.2450148765841666 -0.580667148253399 0.73143032708685 -0.2603901876210666 -1.2560409433030353 1.3581764062994985 0.6302237613277639
data/frame-000341.color.jpg -0.24299780008259497 -0.579361368761141 0.7327951896071149 -0.26134973432339653 -1.2765936612808286 1.3403578802858271 0.6310568620528046
data/frame-000342.color.jpg -0.23809077119868943 -0.5781774051477822 0.7360925322349281 -0.25921314942448986 -1.2982787559889502 1.3264929043105076 0.6374271572886031
data/frame-000343.color.jpg -0.22974422394661334 -0.5727839279206525 0.7421746985034864 -0.26136732844832855 -1.3311133237842818 1.3164529105207683 0.6250060214338353
data/frame-000344.color.jpg -0.22850457796302776 -0.5628066861921245 0.7495614497306756 -0.26304357985897897 -1.3447876308235565 1.3339587623526599 0.6095269276977197
data/frame-000345.color.jpg -0.2174296866573358 -0.5353137032167574 0.7702081062585472 -0.27007969853744473 -1.3376835751615892 1.4022517785536242 0.5482970125346462
data/frame-000346.color.jpg -0.21017204968981043 -0.5094424261145283 0.7861719858649209 -0.279695785890553 -1.332886330332244 1.4722764724622681 0.4786709038802593
data/frame-000347.color.jpg -0.2016463849536917 -0.4824758270444607 0.8019839097470444 -0.288751831612745 -1.3079452645749776 1.5470927423339385 0.4119124637016848
data/frame-000348.color.jpg -0.1936685651095855 -0.4593797165307589 0.8153452477038956 -0.2944059951413813 -1.2907355483904457 1.608130703001831 0.35741172923777115
data/frame-000349.color.jpg -0.18971872741754048 -0.4492726788998969 0.8209360956312188 -0.2970265835762016 -1.2915944147127885 1.632693840709222 0.32929798593799553
data/frame-000350.color.jpg -0.1756912135125638 -0.4360742439754918 0.8297762947445264 -0.30073767957429326 -1.3096436075477158 1.6691415669340839 0.2774502378383288
data/frame-000351.color.jpg -0.16944951052932317 -0.43761836384467956 0.8296231544537954 -0.3024937232430012 -1.3473592671041 1.6667971002811097 0.2604927970145208
data/frame-000352.color.jpg -0.16868124817020322 -0.4410467330039153 0.8279295125978464 -0.30258410069236613 -1.3762484986647139 1.6655419954745838 0.25414622924647784
data/frame-000353.color.jpg -0.169159230940249 -0.44861199573673566 0.8234432892591349 -0.30343628860586763 -1.4320764102704855 1.6537578555517167 0.2555017522309001
data/frame-000354.color.jpg -0.16456271667581182 -0.44969364331148576 0.8220476403794332 -0.3081110455535879 -1.4592648374721235 1.6529262772315638 0.2280648125682563
data/frame-000355.color.jpg -0.16807222870350855 -0.4489297149187779 0.8200626276581964 -0.312587785621759 -1.4805097875029656 1.6639235899292844 0.21053261255464575
data/frame-000356.color.jpg -0.16832729407770694 -0.45291486245834073 0.8177297241258559 -0.3128132793119098 -1.5139810602066288 1.6612957151102095 0.20769756593926267
data/frame-000357.color.jpg -0.17180156555496087 -0.44879856477281554 0.8184185836043661 -0.31504776200085516 -1.5248472225206278 1.686382138517986 0.18962623027970466
data/frame-000358.color.jpg -0.17561288099825106 -0.44688558467378 0.8179052857411484 -0.31699263996969723 -1.5365895787302442 1.7040195445547197 0.17946411593969527
data/frame-000359.color.jpg -0.1886493139450439 -0.4487774392442028 0.8088781000705445 -0.32973696426052557 -1.5728452137107256 1.7170145334156128 0.14393861934701205
data/frame-000360.color.jpg -0.20034944337303603 -0.4519358790363143 0.8010050565660978 -0.3376462070501184 -1.597881104992132 1.7217575673564247 0.12897494779034965
data/frame-000361.color.jpg -0.20683201800396456 -0.455187424529152 0.7927452253093688 -0.34868314072826034 -1.6390445818924015 1.7212215914882463 0.09477549579958149
data/frame-000362.color.jpg -0.21036126176270764 -0.4557529951516158 0.7886461740254768 -0.35506979476563466 -1.664345866464426 1.7236292938506697 0.07608732434625019
data/frame-000363.color.jpg -0.21526404650623482 -0.4546695791575888 0.7853119376722721 -0.36086302750468063 -1.67282204378359 1.731944532476236 0.05656924976333778
data/frame-000364.color.jpg -0.21777644254583495 -0.45546626850409694 0.7818696174410663 -0.36579201829673064 -1.6833793691970356 1.730043425890591 0.040846209514925756
data/frame-000365.color.jpg -0.22110524537298767 -0.4563379682312752 0.7796908133148854 -0.3673559103260425 -1.6883566087065853 1.733172890044361 0.04113493902765302
data/frame-000366.color.jpg -0.2255846540698494 -0.4574730657610258 0.7769752778442273 -0.36897069744124633 -1.6908107031252348 1.7342305256229507 0.040509999656125784
data/frame-000367.color.jpg -0.22992792144986457 -0.45979303992808795 0.7731515149300562 -0.37143000192874925 -1.6997253695134296 1.7326020484696012 0.03826028674688314
data/frame-000368.color.jpg -0.23192782948344784 -0.45801321128316813 0.7720234060020733 -0.37471754800934365 -1.6995188493314555 1.7429060894649824 0.020763891204856614
data/frame-000369.color.jpg -0.23375990714102302 -0.45492308007161864 0.770904790124758 -0.3796144117315279 -1.6997134665993412 1.7529938142810049 -0.0039351758524056165
data/frame-000370.color.jpg -0.23320453052344908 -0.45300564762083284 0.7710768585128513 -0.381892666115651 -1.701361619659477 1.7609668613141347 -0.02278390500687433
data/frame-000371.color.jpg -0.22572099586833197 -0.4497124467086324 0.7737412460472534 -0.3848808016318666 -1.7049443843318186 1.7740124717154173 -0.061465974202230975
data/frame-000372.color.jpg -0.21836528391203872 -0.4402558738673445 0.7787936016520969 -0.3898357273686837 -1.6923917431083346 1.8102310166157511 -0.12643419670328823
data/frame-000373.color.jpg -0.21158034957318925 -0.42869039738842735 0.783885543749958 -0.39620922902081945 -1.6686823611652133 1.8517146719401605 -0.20801561958309125
data/frame-000374.color.jpg -0.20327970852262886 -0.41967103533134653 0.7874422771527204 -0.40309830359281956 -1.6553587147062212 1.8883428823502506 -0.2988812014130797
data/frame-000375.color.jpg -0.20265933254352209 -0.4175023906129996 0.7896586275120177 -0.4013230628325285 -1.6534563480821785 1.9161525673701933 -0.3268465825952018
data/frame-000376.color.jpg -0.2053242783007422 -0.4180092732610093 0.7908147409276631 -0.39714258615715836 -1.669253568751829 1.946337289736636 -0.33935615306650596
data/frame-000377.color.jpg -0.21174825722270868 -0.4243124317139089 0.7885668515462567 -0.3915149505428866 -1.713436039874073 1.9624192634106952 -0.3284988641026012
data/frame-000378.color.jpg -0.21880961878264865 -0.43635500280309897 0.781207153222112 -0.38914270648632665 -1.7930365817142326 1.9506366916132682 -0.3220595724533996
data/frame-000379.color.jpg -0.2348818344948363 -0.4589530534796987 0.7662333686343595 -0.3835088568954346 -1.9198312905568367 1.9156381369576752 -0.27052347407758665
data/frame-000380.color.jpg -0.240321891821639 -0.47745956494017916 0.7553936142674865 -0.3790227429618264 -2.0441096609103893 1.8841858362291075 -0.2402659756469173
data/frame-000381.color.jpg -0.24694964428187902 -0.47958559298770603 0.7543271144254693 -0.37417126644122367 -2.0816388340836838 1.909771294298687 -0.2342867978620305
data/frame-000382.color.jpg -0.24967316650519214 -0.4805929740707763 0.7572410889140576 -0.3650748367955939 -2.1190825209763724 1.9583956968166176 -0.2244644373936629
data/frame-000383.color.jpg -0.25142008893816675 -0.47806246703594224 0.7592992748497678 -0.36291710858328124 -2.1341283964309556 1.9955567434755859 -0.24595149818218282
data/frame-000384.color.jpg -0.24733152504692207 -0.47279906743231365 0.760149340081844 -0.37075752093010333 -2.1658176573716483 2.025915926629246 -0.34807043542439314
data/frame-000385.color.jpg -0.23919039423004992 -0.47361665712676704 0.7604493267347847 -0.3744222734677425 -2.217186607111864 2.037277739361433 -0.4126858367424469
data/frame-000386.color.jpg -0.2374329653423318 -0.47054865081588093 0.7604580841194135 -0.37935874377893564 -2.2418516897440925 2.0517591215499964 -0.48294188819613026
data/frame-000387.color.jpg -0.23149190517279283 -0.4571047993956142 0.7708127064441954 -0.37856897891023894 -2.236224566756237 2.155123145273645 -0.5737548137832499
data/frame-000388.color.jpg -0.2201168906116806 -0.44909264033984686 0.778445889320359 -0.3793235456180715 -2.2441016413743884 2.2149388800265544 -0.6584667485148772
data/frame-000389.color.jpg -0.2202863953033195 -0.4473273672067791 0.7804344012004135 -0.37721913527162554 -2.261350596971062 2.2507814657648297 -0.6740627433031294
data/frame-000390.color.jpg -0.22658205291748684 -0.4515178912177682 0.7766762162311676 -0.3762528702173483 -2.3233736296787275 2.2542503893116956 -0.6862371767206212
data/frame-000391.color.jpg -0.2377182868394833 -0.45955870080800476 0.7689676484984886 -0.3754791234895282 -2.4313797122002043 2.2529982450004407 -0.6874302180572429
data/frame-000392.color.jpg -0.2374104506289556 -0.4772099150749272 0.7596843046183126 -0.3725409134617674 -2.5621818059935433 2.1982409627099826 -0.6481156544863335
data/frame-000393.color.jpg -0.2496206338798479 -0.4961481653561019 0.7449538862635857 -0.36955411578817227 -2.6950895435985984 2.1187164865521293 -0.5750206419169979
data/frame-000394.color.jpg -0.25656365555284516 -0.5034900157370774 0.7406292327778949 -0.363512357777923 -2.754932078365967 2.1261275599573115 -0.5256062590001693
data/frame-000395.color.jpg -0.25877910800670434 -0.5086049732975972 0.7375954579562835 -0.3609810172273119 -2.804723867176375 2.122476564634994 -0.5141415736248056
data/frame-000396.color.jpg -0.2633373787945651 -0.5075161699950079 0.7375526368704124 -0.35930052876207585 -2.8224700269195706 2.1515233534265055 -0.5192059729562767
data/frame-000397.color.jpg -0.26329964543638584 -0.5031663529945836 0.739795937736822 -0.3608308307715677 -2.8421369534982754 2.1995145357259536 -0.5802097990475837
data/frame-000398.color.jpg -0.2614094791124399 -0.5031190584197228 0.7377757365857633 -0.3663649270745613 -2.881739835350219 2.1944271847557357 -0.6505037933349073
data/frame-000399.color.jpg -0.2559934432029475 -0.522215690059773 0.7300808732795795 -0.3588036351039683 -3.0059461466333417 2.124416526551208 -0.5988909439729312
data/frame-000400.color.jpg -0.25221343379453237 -0.5293650189781306 0.7271714574304249 -0.35690717559943513 -3.0737527370724953 2.1026176586144625 -0.6116749950328901
data/frame-000401.color.jpg -0.25240562508233594 -0.5326807754884242 0.7313697695373802 -0.34298812232887166 -3.09279944276937 2.151082319389303 -0.5357640791012335
data/frame-000402.color.jpg -0.2566046327033371 -0.5317377054326615 0.7329986785988426 -0.33781949657878535 -3.119901539741902 2.190269071912209 -0.5251485391238183
data/frame-000403.color.jpg -0.266480043236715 -0.5332600400712942 0.7311033779097181 -0.3318282191567204 -3.153151783050216 2.2181669979397762 -0.47836144838276834
data/frame-000404.color.jpg -0.2712028034292794 -0.5392156275116339 0.7249319102432846 -0.33191756803513306 -3.2126402443336524 2.182857447028612 -0.455858819504537
data/frame-000405.color.jpg -0.27093477374795133 -0.5489877235719067 0.7137334959753034 -0.3402812431862109 -3.3244884336227027 2.0820169163524063 -0.4871309886143603
data/frame-000406.color.jpg -0.26682700382099694 -0.5540989469099464 0.7092516220864661 -0.3445864820809356 -3.38267686271253 2.0265429076655317 -0.5099747008442127
data/frame-000407.color.jpg -0.2673340055941834 -0.5606800324802222 0.7042446681023276 -0.3438166343858151 -3.4540764471148906 1.9819014349460808 -0.48662858527057523
data/frame-000408.color.jpg -0.2650459355124172 -0.5611383549196913 0.7029548047595006 -0.3474607045003828 -3.488404916176706 1.9603932035178846 -0.5209857304374369
data/frame-000409.color.jpg -0.26915555059688107 -0.5624751472942425 0.7033764471730796 -0.3412309655078011 -3.5154935138090138 1.9802076857811899 -0.4692458854992595
data/frame-000410.color.jpg -0.26863116690893324 -0.5624873297414499 0.7034829173006052 -0.3414045768757485 -3.519696265168087 1.9789590509895578 -0.47286272965449894
data/frame-000411.color.jpg -0.26847686837366497 -0.561093239558508 0.704950388646809 -0.3407924547532142 -3.5260288875552694 1.9947442396856936 -0.4772964467185089
data/frame-000412.color.jpg -0.26506440735513376 -0.557933246478697 0.708461376557446 -0.3413705176982073 -3.524856341940488 2.014896165885202 -0.5099309780894399
data/frame-000413.color.jpg -0.2629288190822377 -0.5565084571496688 0.7102535014711338 -0.3416236772603879 -3.5238974554143576 2.0254269809232155 -0.5258083557527324
data/frame-000414.color.jpg -0.2622672066465574 -0.5554533374079558 0.711428357720724 -0.341404736509278 -3.518830706337921 2.034486839200694 -0.5293686161871172
