data/frame-000050.color.jpg 0.446617 0.685876 -0.486388 0.305833 0.696446 1.54383 -0.450746
data/frame-000061.color.jpg 0.380556 0.640598 -0.56421 0.355638 0.967158 1.56055 -0.34448
data/frame-000794.color.jpg 0.698574 0.51458 0.292811 -0.401826 -0.91726 1.48484 -0.473937
data/frame-000195.color.jpg -0.21859 -0.497938 0.74814 -0.380213 0.502229 0.890224 0.622812
data/frame-000206.color.jpg -0.26468 -0.504669 0.701291 -0.428304 0.381892 1.08766 0.546224
data/frame-000688.color.jpg 0.539263 0.661346 0.399767 -0.334668 -0.0131562 1.58322 0.123618
data/frame-000699.color.jpg 0.500836 0.645535 0.446234 -0.365133 -0.226347 1.55002 0.201127
data/frame-000437.color.jpg -0.179529 -0.454381 0.763069 -0.423123 -1.28465 1.11286 0.470056
data/frame-000448.color.jpg -0.252945 -0.473728 0.699284 -0.471808 -1.34929 1.20644 0.453969
data/frame-000525.color.jpg 0.183239 0.193309 0.854717 -0.445549 0.0116317 1.81146 -0.266243
data/frame-000274.color.jpg -0.150521 -0.438458 0.799037 -0.382933 -0.293461 0.780096 0.841725
data/frame-000263.color.jpg -0.168864 -0.493505 0.770948 -0.365482 -0.257801 0.846819 0.933643
data/frame-000012.color.jpg 0.273516 0.773932 -0.522065 0.231662 0.935691 1.53208 0.392355
data/frame-000023.color.jpg 0.332099 0.716837 -0.532738 0.303389 0.998002 1.60982 0.177762
data/frame-000756.color.jpg 0.547713 0.69606 0.355654 -0.298363 -0.895188 1.33878 0.184963
data/frame-000767.color.jpg 0.577085 0.649636 0.359426 -0.340235 -0.891147 1.43517 0.110128
data/frame-000650.color.jpg 0.513957 0.800822 0.244734 -0.186111 0.700872 1.18171 0.954156
data/frame-000661.color.jpg 0.544911 0.781772 0.215762 -0.212958 0.767942 1.40219 0.62834
data/frame-000399.color.jpg -0.112883 -0.301609 0.837137 -0.442144 -0.247064 1.28644 0.365245
data/frame-000410.color.jpg -0.0889999 -0.3477 0.856001 -0.372083 -0.594586 1.15334 0.616886
data/frame-000148.color.jpg -0.204188 -0.519239 0.757109 -0.33983 1.20811 0.915843 0.90177
data/frame-000236.color.jpg -0.258864 -0.47609 0.710177 -0.449418 0.281826 1.20998 0.629892
data/frame-000718.color.jpg 0.437654 0.71256 0.466385 -0.288448 -0.6727 1.25251 0.60058
data/frame-000729.color.jpg 0.417309 0.753327 0.442395 -0.250276 -0.773106 1.11213 0.562806
data/frame-000467.color.jpg -0.114551 -0.328354 0.807606 -0.47627 -1.15845 1.4293 0.0909921
data/frame-000478.color.jpg -0.0332871 -0.194168 0.866062 -0.459487 -0.861247 1.58565 -0.0372637
data/frame-000612.color.jpg 0.422278 0.831608 0.320275 -0.165934 0.861648 0.835632 1.09143
data/frame-000623.color.jpg 0.41935 0.88525 0.177408 -0.0948967 0.743601 0.584612 1.33514
data/frame-000361.color.jpg -0.231567 -0.494471 0.695119 -0.467638 -0.403581 1.19728 0.261215
data/frame-000110.color.jpg -0.369012 -0.557072 0.590628 -0.452393 1.09966 1.57238 -0.0195001
data/frame-000042.color.jpg 0.452519 0.668542 -0.481546 0.341161 0.762464 1.58252 -0.46436
data/frame-000535.color.jpg 0.222079 0.301028 0.829952 -0.413814 0.274876 1.83424 -0.209694
data/frame-000680.color.jpg 0.564709 0.700157 0.327227 -0.289495 0.288612 1.61256 0.100494
data/frame-000691.color.jpg 0.52241 0.654342 0.416063 -0.354706 -0.0605796 1.56916 0.162213
data/frame-000418.color.jpg -0.0760849 -0.323476 0.865567 -0.374657 -0.743325 1.17302 0.586275
data/frame-000429.color.jpg -0.0638653 -0.321909 0.851091 -0.409806 -1.01415 1.24647 0.297693
data/frame-000440.color.jpg -0.214431 -0.473697 0.738657 -0.428972 -1.30563 1.12756 0.521783
data/frame-000574.color.jpg 0.347973 0.711225 0.54464 -0.276478 1.31876 1.12744 0.65959
data/frame-000167.color.jpg -0.180776 -0.514726 0.771148 -0.328189 0.901267 0.801342 0.901266
data/frame-000178.color.jpg -0.148316 -0.479216 0.788875 -0.355008 0.733462 0.790629 0.930123
data/frame-000189.color.jpg -0.157934 -0.445174 0.788139 -0.394607 0.569558 0.868518 0.714843
data/frame-000323.color.jpg -0.274647 -0.548752 0.675939 -0.408101 -0.413469 1.10034 0.621478
data/frame-000072.color.jpg -0.287294 -0.558638 0.621985 -0.467462 1.25381 1.47176 -0.14928
data/frame-000748.color.jpg 0.507295 0.753946 0.350753 -0.226251 -0.924332 1.19778 0.219142
data/frame-000004.color.jpg 0.265572 0.789391 -0.508587 0.218341 0.907534 1.53546 0.419092
data/frame-000497.color.jpg 0.0379953 -0.0703609 0.888784 -0.451297 -0.691451 1.5981 -0.0194961
data/frame-000631.color.jpg 0.460115 0.865676 0.161578 -0.113101 0.764526 0.730854 1.3496
data/frame-000642.color.jpg 0.513011 0.814061 0.216094 -0.165614 0.705321 1.05956 1.08631
data/frame-000653.color.jpg 0.527929 0.791114 0.232029 -0.203943 0.763723 1.2749 0.824333
data/frame-000787.color.jpg 0.679456 0.541275 0.314828 -0.38242 -0.94131 1.47665 -0.343663
data/frame-000380.color.jpg -0.114993 -0.310011 0.760526 -0.558811 -0.299292 1.30279 -0.0207482
data/frame-000402.color.jpg -0.0977788 -0.309535 0.845841 -0.423297 -0.35209 1.2668 0.4387
data/frame-000391.color.jpg -0.109327 -0.304438 0.78777 -0.524199 -0.204287 1.29408 0.084964
data/frame-000536.color.jpg 0.22015 0.319879 0.822301 -0.415971 0.356734 1.82886 -0.206648
data/frame-000129.color.jpg 0.391285 0.637752 -0.553975 0.365075 1.08695 1.5684 -0.0315331
data/frame-000140.color.jpg -0.276277 -0.578511 0.680229 -0.355367 1.21906 1.25154 0.567041
data/frame-000151.color.jpg -0.191094 -0.516915 0.766676 -0.32938 1.18527 0.852168 0.931369
data/frame-000285.color.jpg -0.129022 -0.4214 0.824367 -0.355238 -0.25055 0.596983 0.878238
data/frame-000710.color.jpg 0.459178 0.67908 0.469969 -0.327314 -0.560994 1.39345 0.50994
data/frame-000459.color.jpg -0.210281 -0.415966 0.729233 -0.500973 -1.30743 1.31149 0.233526
data/frame-000593.color.jpg 0.445473 0.730459 0.435745 -0.279481 1.25407 1.14339 0.728046
data/frame-000208.color.jpg -0.270651 -0.501953 0.696283 -0.435868 0.382352 1.11341 0.532204
data/frame-000604.color.jpg 0.445753 0.793921 0.361459 -0.20085 0.984556 0.998253 0.971648
data/frame-000615.color.jpg 0.400864 0.859847 0.283737 -0.139516 0.838869 0.698948 1.17473
data/frame-000342.color.jpg 0.39992 0.639834 -0.526246 0.392098 -0.597197 1.12603 0.510206
data/frame-000353.color.jpg -0.262511 -0.544146 0.652199 -0.457853 -0.510508 1.16972 0.319134
data/frame-000749.color.jpg 0.509936 0.750781 0.350656 -0.230939 -0.920706 1.20125 0.214905
data/frame-000498.color.jpg 0.0396159 -0.0660423 0.888872 -0.451637 -0.682556 1.60257 -0.021304
data/frame-000091.color.jpg -0.311336 -0.608344 0.617782 -0.389014 1.09448 1.4778 0.227708
data/frame-000102.color.jpg 0.362278 0.590911 -0.589638 0.414615 1.09924 1.56549 0.0366779
data/frame-000364.color.jpg -0.214619 -0.464395 0.710876 -0.48263 -0.400158 1.21984 0.218742
data/frame-000672.color.jpg 0.578665 0.719717 0.274247 -0.268222 0.496279 1.56942 0.226272
data/frame-000806.color.jpg 0.723949 0.490139 0.248094 -0.417266 -0.863683 1.48713 -0.679797
data/frame-000421.color.jpg -0.0812355 -0.299496 0.87002 -0.383102 -0.739251 1.23125 0.531092
data/frame-000555.color.jpg 0.286246 0.51911 0.720155 -0.360507 0.93686 1.61947 0.117588
data/frame-000159.color.jpg -0.183709 -0.542439 0.755911 -0.317189 1.02589 0.850949 0.886372
data/frame-000170.color.jpg -0.176511 -0.502668 0.780145 -0.327937 0.882864 0.77183 0.916494
data/frame-000566.color.jpg 0.300144 0.610804 0.664389 -0.308899 1.09621 1.40884 0.389893
data/frame-000304.color.jpg -0.193438 -0.478569 0.763735 -0.387638 -0.423025 0.83449 0.8773
data/frame-000315.color.jpg -0.220596 -0.500342 0.73455 -0.401786 -0.479196 0.961504 0.840226
data/frame-000577.color.jpg 0.367676 0.70897 0.53038 -0.284383 1.32412 1.13132 0.63326
data/frame-000053.color.jpg 0.42496 0.690994 -0.499253 0.304439 0.691382 1.54818 -0.383442
data/frame-000064.color.jpg 0.371737 0.599982 -0.592137 0.388854 1.16492 1.51354 -0.369578
data/frame-000634.color.jpg 0.469103 0.857161 0.173189 -0.123384 0.762199 0.794963 1.32125
data/frame-000372.color.jpg -0.166746 -0.386075 0.741156 -0.523288 -0.370438 1.26239 0.0957884
data/frame-000383.color.jpg -0.112367 -0.296967 0.760833 -0.565966 -0.25118 1.30625 -0.0511308
data/frame-000517.color.jpg 0.153913 0.162261 0.859691 -0.459252 -0.0381014 1.79916 -0.255714
data/frame-000121.color.jpg 0.412612 0.589596 -0.555461 0.416643 1.12564 1.56981 -0.170096
data/frame-000132.color.jpg 0.353552 0.628748 -0.592232 0.35908 1.12803 1.49916 0.159153
data/frame-000528.color.jpg 0.19955 0.200122 0.853001 -0.438772 -0.0123971 1.81769 -0.268052
data/frame-000266.color.jpg -0.158729 -0.491579 0.780236 -0.352684 -0.270362 0.795726 0.949655
data/frame-000277.color.jpg -0.152524 -0.428863 0.804021 -0.382574 -0.29632 0.746323 0.83925
data/frame-000015.color.jpg 0.28863 0.762141 -0.525626 0.244032 0.956846 1.55082 0.342749
data/frame-000026.color.jpg 0.349927 0.697225 -0.533016 0.327601 1.00312 1.62675 0.100262
data/frame-000585.color.jpg 0.42163 0.70122 0.482185 -0.313076 1.34717 1.19098 0.56517
data/frame-000596.color.jpg 0.44809 0.754243 0.409331 -0.250562 1.18541 1.09835 0.831884
data/frame-000334.color.jpg 0.40471 0.6424 -0.533797 0.372279 -0.512393 1.14191 0.562741
data/frame-000345.color.jpg 0.362309 0.605263 -0.571379 0.419422 -0.583523 1.1586 0.424548
data/frame-000490.color.jpg 0.0129153 -0.123342 0.886243 -0.44631 -0.774865 1.59695 -0.0130924
data/frame-000083.color.jpg -0.265621 -0.564932 0.660742 -0.416795 1.20311 1.36307 0.184169
data/frame-000094.color.jpg 0.32063 0.614792 -0.606853 0.388531 1.08735 1.51043 0.195395
data/frame-000228.color.jpg -0.314263 -0.479368 0.673582 -0.466618 0.392566 1.25666 0.471244
data/frame-000239.color.jpg -0.233285 -0.457979 0.737043 -0.438864 0.235727 1.17041 0.703116
data/frame-000721.color.jpg 0.432278 0.726887 0.453992 -0.280467 -0.658097 1.26553 0.600831
data/frame-000732.color.jpg 0.417623 0.753639 0.444758 -0.244559 -0.83187 1.06238 0.557369
data/frame-000547.color.jpg 0.282388 0.456029 0.747267 -0.392284 0.806292 1.73337 -0.0818223
data/frame-000558.color.jpg 0.279544 0.527686 0.721816 -0.349835 0.915458 1.58831 0.17074
data/frame-000296.color.jpg -0.120146 -0.378691 0.835201 -0.380259 -0.290725 0.711436 0.847363
data/frame-000307.color.jpg -0.202691 -0.486077 0.751613 -0.397144 -0.462031 0.87318 0.86684
data/frame-000034.color.jpg 0.389591 0.675123 -0.520043 0.349261 0.945741 1.64573 -0.133054
data/frame-000045.color.jpg 0.457187 0.676188 -0.475275 0.328426 0.714187 1.56537 -0.488653
data/frame-000056.color.jpg 0.419491 0.68521 -0.504581 0.316092 0.702106 1.5633 -0.393035
data/frame-000190.color.jpg -0.16166 -0.448642 0.786809 -0.391813 0.56195 0.861927 0.706857
data/frame-000789.color.jpg 0.683021 0.538194 0.309343 -0.384884 -0.935088 1.48648 -0.375332
data/frame-000683.color.jpg 0.567546 0.688299 0.342264 -0.294942 0.193444 1.61737 0.0689576
data/frame-000694.color.jpg 0.515702 0.660637 0.412784 -0.356678 -0.0642115 1.56051 0.178422
data/frame-000432.color.jpg -0.0940507 -0.348504 0.835418 -0.414459 -1.06981 1.24409 0.308345
data/frame-000520.color.jpg 0.168108 0.183819 0.856161 -0.4527 0.0108527 1.80516 -0.250848
data/frame-000113.color.jpg -0.38295 -0.556594 0.582004 -0.452574 1.11184 1.57322 -0.0717278
data/frame-000247.color.jpg -0.192955 -0.433576 0.783281 -0.401561 0.0551917 1.13431 0.73412
data/frame-000258.color.jpg -0.203276 -0.489594 0.756517 -0.382962 -0.147501 0.977916 0.868749
data/frame-000269.color.jpg -0.141849 -0.483371 0.788135 -0.35366 -0.300768 0.765737 0.92488
data/frame-000007.color.jpg 0.262621 0.785131 -0.51658 0.218504 0.916478 1.51101 0.435915
data/frame-000018.color.jpg 0.304222 0.746341 -0.530671 0.262321 0.980269 1.56504 0.286631
data/frame-000751.color.jpg 0.523463 0.727629 0.353093 -0.268082 -0.896595 1.25642 0.210096
data/frame-000762.color.jpg 0.563027 0.677348 0.35681 -0.311266 -0.904778 1.38471 0.150152
data/frame-000489.color.jpg 0.0126527 -0.12555 0.886033 -0.446119 -0.778287 1.59598 -0.0151653
data/frame-000645.color.jpg 0.519945 0.801872 0.230128 -0.183575 0.717831 1.11249 1.01644
data/frame-000790.color.jpg 0.688379 0.530801 0.304155 -0.389712 -0.929125 1.48593 -0.406655
data/frame-000394.color.jpg -0.106005 -0.309212 0.82126 -0.467635 -0.200585 1.27921 0.265723
data/frame-000143.color.jpg -0.248628 -0.537259 0.720695 -0.360742 1.23574 1.08888 0.732459
data/frame-000326.color.jpg -0.29625 -0.552229 0.660008 -0.414329 -0.417556 1.14227 0.55461
data/frame-000075.color.jpg -0.280675 -0.548126 0.634162 -0.467565 1.27708 1.44108 -0.0914917
data/frame-000702.color.jpg 0.482231 0.658324 0.456038 -0.355095 -0.289457 1.52408 0.2996
data/frame-000713.color.jpg 0.439327 0.686119 0.481045 -0.32377 -0.620228 1.3278 0.605677
data/frame-000724.color.jpg 0.417678 0.764013 0.418155 -0.258796 -0.627738 1.24279 0.580538
data/frame-000451.color.jpg -0.248931 -0.456935 0.700414 -0.488532 -1.35041 1.25281 0.373656
data/frame-000462.color.jpg -0.171794 -0.386649 0.763903 -0.48728 -1.26155 1.34806 0.192986
data/frame-000473.color.jpg -0.0709975 -0.25921 0.83689 -0.476849 -1.00543 1.52186 -0.0296042
data/frame-000607.color.jpg 0.441209 0.813187 0.33331 -0.181563 0.90962 0.924862 1.03048
data/frame-000356.color.jpg -0.241963 -0.519681 0.678202 -0.459812 -0.44075 1.1795 0.298331
data/frame-000288.color.jpg -0.113591 -0.395683 0.843808 -0.344266 -0.23763 0.562632 0.879336
data/frame-000037.color.jpg 0.401902 0.674184 -0.512354 0.348488 0.890006 1.64369 -0.216698
data/frame-000781.color.jpg 0.651737 0.562141 0.334081 -0.384222 -0.914886 1.48948 -0.213455
data/frame-000530.color.jpg 0.202247 0.206884 0.850902 -0.438475 -0.000996728 1.82007 -0.273855
data/frame-000664.color.jpg 0.565458 0.756932 0.238678 -0.224375 0.64624 1.50125 0.456002
data/frame-000675.color.jpg 0.572294 0.722554 0.278589 -0.269785 0.454041 1.58584 0.207101
data/frame-000686.color.jpg 0.557213 0.675026 0.369743 -0.31168 0.0966411 1.60898 0.0768611
data/frame-000413.color.jpg -0.0891427 -0.358764 0.85645 -0.360326 -0.651211 1.115 0.659007
data/frame-000424.color.jpg -0.069091 -0.291061 0.874488 -0.381813 -0.785247 1.24389 0.503881
data/frame-000435.color.jpg -0.166863 -0.434964 0.774855 -0.427274 -1.24868 1.14447 0.42054
data/frame-000569.color.jpg 0.319206 0.654944 0.615039 -0.301468 1.22723 1.30276 0.481626
data/frame-000162.color.jpg -0.17761 -0.536152 0.759498 -0.322736 0.953727 0.838195 0.892753
data/frame-000173.color.jpg -0.169581 -0.487453 0.787914 -0.335893 0.847435 0.756571 0.928827
data/frame-000743.color.jpg 0.420677 0.796678 0.388572 -0.193251 -0.909012 1.04756 0.440215
data/frame-000492.color.jpg 0.0158245 -0.104447 0.888639 -0.446275 -0.736142 1.59646 -0.00241433
data/frame-000626.color.jpg 0.441003 0.876763 0.165363 -0.0972563 0.741203 0.641055 1.34773
data/frame-000230.color.jpg -0.30726 -0.48329 0.677 -0.462268 0.382247 1.25905 0.49457
data/frame-000637.color.jpg 0.479514 0.848223 0.184513 -0.128604 0.740145 0.866348 1.27338
data/frame-000648.color.jpg 0.520719 0.7967 0.248019 -0.180576 0.671684 1.18021 0.979124
data/frame-000375.color.jpg -0.16178 -0.368053 0.744524 -0.532962 -0.354226 1.27491 0.0643358
data/frame-000386.color.jpg -0.108314 -0.298841 0.760674 -0.565984 -0.243227 1.29899 -0.0492973
data/frame-000771.color.jpg 0.589769 0.629221 0.35911 -0.356781 -0.87792 1.46094 0.0584113
data/frame-000782.color.jpg 0.655715 0.559784 0.330709 -0.383812 -0.916995 1.48851 -0.232265
data/frame-000124.color.jpg 0.415647 0.61122 -0.54775 0.391941 1.11493 1.5733 -0.165723
data/frame-000135.color.jpg -0.325773 -0.614532 0.621638 -0.360262 1.15647 1.43224 0.286303
data/frame-000705.color.jpg 0.468033 0.663401 0.471575 -0.344182 -0.405425 1.479 0.408058
data/frame-000443.color.jpg -0.236157 -0.482519 0.712187 -0.451879 -1.33448 1.14455 0.495675
data/frame-000454.color.jpg -0.249605 -0.440946 0.700205 -0.502967 -1.3247 1.29795 0.301001
data/frame-000588.color.jpg 0.443222 0.698247 0.462785 -0.319117 1.34159 1.21878 0.566301
data/frame-000192.color.jpg -0.188485 -0.450468 0.779746 -0.391853 0.569643 0.858374 0.654875
data/frame-000203.color.jpg -0.252924 -0.509536 0.704672 -0.424074 0.376568 1.05429 0.560205
data/frame-000599.color.jpg 0.451146 0.763435 0.396318 -0.237837 1.12717 1.08021 0.866401
data/frame-000337.color.jpg 0.420439 0.658673 -0.504522 0.367202 -0.558837 1.11599 0.572525
data/frame-000348.color.jpg -0.318744 -0.572445 0.611133 -0.444101 -0.556651 1.17701 0.351321
data/frame-000744.color.jpg 0.432286 0.795126 0.379 -0.193036 -0.904356 1.07146 0.404332
data/frame-000482.color.jpg -0.0188495 -0.1676 0.877574 -0.448796 -0.801738 1.60448 -0.017949
data/frame-000086.color.jpg -0.280537 -0.587456 0.641946 -0.405091 1.12881 1.39132 0.206131
data/frame-000097.color.jpg 0.346166 0.610251 -0.599837 0.384654 1.11316 1.52546 0.120297
data/frame-000231.color.jpg -0.298483 -0.482928 0.683076 -0.459452 0.366129 1.24848 0.524008
data/frame-000656.color.jpg 0.524068 0.794089 0.226023 -0.20902 0.798019 1.32345 0.752129
data/frame-000667.color.jpg 0.569779 0.744112 0.255165 -0.237782 0.568989 1.5345 0.360949
data/frame-000801.color.jpg 0.720396 0.492261 0.255227 -0.416614 -0.872856 1.49061 -0.652607
data/frame-000405.color.jpg -0.0925943 -0.318208 0.855747 -0.397325 -0.441984 1.23009 0.52395
data/frame-000416.color.jpg -0.0856872 -0.3495 0.860783 -0.359945 -0.695077 1.12059 0.654323
data/frame-000550.color.jpg 0.292165 0.484607 0.729484 -0.384251 0.888079 1.68948 -0.0191493
data/frame-000154.color.jpg -0.193759 -0.535933 0.759277 -0.314217 1.13164 0.84002 0.885128
data/frame-000165.color.jpg -0.182227 -0.521009 0.766318 -0.328784 0.911759 0.819932 0.89121
data/frame-000561.color.jpg 0.277552 0.532061 0.725569 -0.336786 0.893811 1.56821 0.220996
data/frame-000299.color.jpg -0.139208 -0.408073 0.818989 -0.378621 -0.324702 0.743736 0.85964
data/frame-000310.color.jpg -0.216489 -0.485041 0.74438 -0.40468 -0.47392 0.930991 0.853542
data/frame-000444.color.jpg -0.240253 -0.484427 0.70683 -0.456071 -1.3412 1.14347 0.49231
data/frame-000048.color.jpg 0.453415 0.681841 -0.483855 0.308856 0.706306 1.53949 -0.471855
data/frame-000193.color.jpg -0.206434 -0.457707 0.772632 -0.388497 0.568921 0.862614 0.631334
data/frame-000629.color.jpg 0.446624 0.873288 0.161526 -0.10865 0.76618 0.677211 1.36164
data/frame-000618.color.jpg 0.396525 0.879298 0.238017 -0.113799 0.801973 0.606229 1.25557
data/frame-000378.color.jpg -0.134866 -0.325529 0.755024 -0.552974 -0.321123 1.29253 -0.000942618
data/frame-000367.color.jpg -0.194174 -0.434815 0.724338 -0.498564 -0.397549 1.23587 0.17336
data/frame-000501.color.jpg 0.0602918 -0.0274021 0.890624 -0.449893 -0.599448 1.63907 -0.0457632
data/frame-000105.color.jpg -0.360843 -0.574922 0.593783 -0.432063 1.10306 1.56699 0.0290371
data/frame-000116.color.jpg 0.402175 0.5725 -0.565981 0.436077 1.12423 1.57092 -0.135544
data/frame-000127.color.jpg 0.410092 0.625915 -0.545747 0.377114 1.10055 1.57804 -0.128158
data/frame-000261.color.jpg -0.176873 -0.495041 0.766282 -0.369407 -0.242775 0.868349 0.925217
data/frame-000523.color.jpg 0.181611 0.189564 0.857787 -0.44191 -0.000436318 1.81101 -0.248508
data/frame-000512.color.jpg 0.121266 0.106445 0.873157 -0.459958 -0.194993 1.77012 -0.212256
data/frame-000010.color.jpg 0.26611 0.780153 -0.521352 0.22077 0.930605 1.50768 0.423291
data/frame-000580.color.jpg 0.390881 0.706939 0.507097 -0.300502 1.34413 1.14598 0.604331
data/frame-000184.color.jpg -0.141059 -0.439456 0.806106 -0.370369 0.646268 0.816861 0.879401
data/frame-000318.color.jpg -0.228509 -0.523698 0.718178 -0.39717 -0.468766 0.970184 0.818124
data/frame-000329.color.jpg 0.344617 0.599514 -0.602395 0.398675 -0.475376 1.14935 0.541054
data/frame-000340.color.jpg 0.409934 0.647165 -0.515955 0.383305 -0.58749 1.12232 0.533488
data/frame-000067.color.jpg -0.327108 -0.568004 0.620961 -0.429859 1.26668 1.47632 -0.23833
data/frame-000078.color.jpg -0.263578 -0.540608 0.660914 -0.448846 1.28988 1.37662 0.0702819
data/frame-000089.color.jpg -0.302777 -0.606779 0.623088 -0.389753 1.08554 1.44853 0.23716
data/frame-000212.color.jpg -0.281472 -0.501936 0.691481 -0.436678 0.391293 1.1524 0.523091
data/frame-000223.color.jpg -0.316287 -0.475184 0.677927 -0.463225 0.399125 1.25195 0.448067
data/frame-000716.color.jpg 0.427048 0.700596 0.47975 -0.310862 -0.661888 1.28449 0.652573
data/frame-000397.color.jpg -0.116056 -0.313292 0.82729 -0.451631 -0.213705 1.28552 0.317264
data/frame-000531.color.jpg 0.201931 0.218305 0.847882 -0.438933 0.0255412 1.82317 -0.276892
data/frame-000146.color.jpg -0.217935 -0.521011 0.749866 -0.344605 1.22899 0.95585 0.861482
data/frame-000542.color.jpg 0.250464 0.389947 0.787002 -0.407231 0.609056 1.79649 -0.171921
data/frame-000280.color.jpg -0.154793 -0.430216 0.801743 -0.384919 -0.295868 0.726844 0.844228
data/frame-000291.color.jpg -0.112548 -0.378326 0.842573 -0.366433 -0.252163 0.630508 0.852757
data/frame-000029.color.jpg 0.354905 0.68164 -0.536412 0.348815 1.0086 1.63565 0.0614564
data/frame-000040.color.jpg 0.434238 0.666612 -0.495765 0.348257 0.813985 1.60658 -0.379876
data/frame-000773.color.jpg 0.601371 0.615183 0.360074 -0.360901 -0.888678 1.46197 0.0145679
data/frame-000185.color.jpg -0.142954 -0.437 0.806539 -0.371605 0.631842 0.822196 0.851078
data/frame-000784.color.jpg 0.669894 0.549009 0.322274 -0.38206 -0.936063 1.48167 -0.294697
data/frame-000678.color.jpg 0.570774 0.702254 0.319915 -0.280554 0.298688 1.60709 0.107796
data/frame-000427.color.jpg -0.0572166 -0.285498 0.865954 -0.406622 -0.889703 1.27936 0.33637
data/frame-000610.color.jpg 0.432001 0.82452 0.320632 -0.175321 0.882124 0.873299 1.05983
data/frame-000359.color.jpg -0.241667 -0.504829 0.687033 -0.463389 -0.402733 1.18958 0.275205
data/frame-000108.color.jpg -0.364979 -0.560072 0.592286 -0.449786 1.09706 1.57288 -0.00423133
data/frame-000242.color.jpg -0.212487 -0.431383 0.763199 -0.431608 0.184293 1.14841 0.737117
data/frame-000253.color.jpg -0.18897 -0.436441 0.785783 -0.395417 -0.0512693 1.09547 0.778238
data/frame-000002.color.jpg 0.268208 0.792586 -0.502813 0.216914 0.897212 1.55617 0.408983
data/frame-000746.color.jpg 0.466015 0.784541 0.359284 -0.195552 -0.906951 1.12503 0.303239
data/frame-000757.color.jpg 0.549695 0.694736 0.354663 -0.298984 -0.894713 1.34173 0.177555
data/frame-000735.color.jpg 0.405235 0.760621 0.453478 -0.227152 -0.90385 0.98291 0.585518
data/frame-000484.color.jpg -0.012105 -0.164565 0.880066 -0.445258 -0.805828 1.60015 -0.0094261
data/frame-000640.color.jpg 0.499389 0.829509 0.20451 -0.143879 0.704818 0.98934 1.17659
data/frame-000070.color.jpg -0.303246 -0.551897 0.628666 -0.456323 1.29615 1.44461 -0.175468
data/frame-000059.color.jpg 0.390265 0.663162 -0.536302 0.346828 0.823072 1.57777 -0.353439
data/frame-000708.color.jpg 0.462897 0.67106 0.47386 -0.332959 -0.509504 1.43411 0.47587
data/frame-000719.color.jpg 0.438454 0.712614 0.462992 -0.292538 -0.673376 1.27187 0.592658
data/frame-000697.color.jpg 0.503282 0.65819 0.419538 -0.370785 -0.0998839 1.55811 0.178343
data/frame-000446.color.jpg -0.249782 -0.483146 0.702533 -0.45894 -1.33863 1.16989 0.498306
data/frame-000457.color.jpg -0.224867 -0.425438 0.716494 -0.505048 -1.31971 1.30336 0.250468
data/frame-000591.color.jpg 0.445959 0.70972 0.451323 -0.306145 1.30438 1.1855 0.622095
data/frame-000272.color.jpg -0.141659 -0.46221 0.794635 -0.36722 -0.303037 0.769014 0.878059
data/frame-000021.color.jpg 0.320739 0.730529 -0.530757 0.285921 0.989774 1.59342 0.224862
data/frame-000776.color.jpg 0.612606 0.594506 0.355623 -0.380539 -0.874165 1.4853 -0.0441144
data/frame-000514.color.jpg 0.128117 0.11956 0.869641 -0.461537 -0.1557 1.77853 -0.230109
data/frame-000659.color.jpg 0.541247 0.784888 0.215742 -0.210853 0.779947 1.38333 0.658683
data/frame-000670.color.jpg 0.57773 0.723815 0.27071 -0.262745 0.507337 1.56531 0.246781
data/frame-000804.color.jpg 0.722165 0.48964 0.248332 -0.420786 -0.856394 1.49268 -0.67456
data/frame-000408.color.jpg -0.0887032 -0.335268 0.858084 -0.378707 -0.522086 1.18475 0.584829
data/frame-000419.color.jpg -0.0753547 -0.320911 0.866288 -0.375345 -0.744286 1.17693 0.579724
data/frame-000553.color.jpg 0.288495 0.511951 0.715388 -0.378017 0.959916 1.62958 0.0441296
data/frame-000157.color.jpg -0.188266 -0.544366 0.754941 -0.313507 1.06261 0.852157 0.880965
data/frame-000168.color.jpg -0.179804 -0.511509 0.773806 -0.327495 0.895246 0.791466 0.905185
data/frame-000302.color.jpg -0.172599 -0.463193 0.78441 -0.374652 -0.373366 0.777619 0.890281
data/frame-000051.color.jpg 0.435324 0.689679 -0.493023 0.302927 0.694087 1.54511 -0.412232
data/frame-000727.color.jpg 0.426658 0.753482 0.414841 -0.279526 -0.640168 1.21988 0.521619
data/frame-000738.color.jpg 0.398016 0.771143 0.448819 -0.213268 -0.924415 0.949021 0.58294
data/frame-000476.color.jpg -0.0537229 -0.222408 0.854976 -0.465473 -0.91899 1.5648 -0.0315764
data/frame-000487.color.jpg 0.00189721 -0.146737 0.886881 -0.438071 -0.795967 1.59837 0.00269446
data/frame-000632.color.jpg 0.46131 0.86485 0.162341 -0.113455 0.763666 0.737454 1.35097
data/frame-000621.color.jpg 0.40357 0.886818 0.201811 -0.0997908 0.761534 0.568777 1.3055
data/frame-000225.color.jpg -0.321465 -0.474647 0.673087 -0.467252 0.400937 1.2595 0.434816
data/frame-000766.color.jpg 0.576596 0.653466 0.358462 -0.334699 -0.897897 1.42568 0.112147
data/frame-000370.color.jpg -0.185843 -0.41571 0.73094 -0.508305 -0.385628 1.24714 0.141275
data/frame-000381.color.jpg -0.114263 -0.30822 0.760128 -0.56049 -0.294643 1.30383 -0.0269723
data/frame-000515.color.jpg 0.140502 0.139736 0.864388 -0.462132 -0.0989702 1.78966 -0.249761
data/frame-000119.color.jpg 0.404248 0.583978 -0.561483 0.424606 1.12556 1.5715 -0.14014
data/frame-000754.color.jpg 0.53836 0.705531 0.355339 -0.293478 -0.890553 1.31959 0.205437
data/frame-000264.color.jpg -0.161426 -0.490983 0.777183 -0.358975 -0.270176 0.816581 0.943046
data/frame-000689.color.jpg 0.536203 0.660914 0.403295 -0.336203 -0.021806 1.58192 0.134024
data/frame-000438.color.jpg -0.188502 -0.461685 0.755929 -0.424128 -1.29675 1.10902 0.485923
data/frame-000449.color.jpg -0.252139 -0.472635 0.699539 -0.472955 -1.35015 1.2101 0.448014
data/frame-000572.color.jpg 0.330225 0.689707 0.577102 -0.286721 1.29586 1.19277 0.589366
data/frame-000176.color.jpg -0.157819 -0.47697 0.792537 -0.345655 0.788367 0.76162 0.934196
data/frame-000187.color.jpg -0.158039 -0.436466 0.798791 -0.382694 0.615073 0.851027 0.770861
data/frame-000583.color.jpg 0.406572 0.704783 0.491015 -0.311261 1.35793 1.15033 0.572506
data/frame-000321.color.jpg -0.264286 -0.544665 0.686278 -0.403133 -0.417691 1.06641 0.692736
data/frame-000332.color.jpg 0.387713 0.632466 -0.55262 0.379838 -0.506448 1.14575 0.556266
data/frame-000594.color.jpg 0.445014 0.734643 0.431222 -0.276243 1.24582 1.13153 0.743444
data/frame-000477.color.jpg -0.0450357 -0.211949 0.859421 -0.463081 -0.898873 1.57226 -0.0350818
data/frame-000081.color.jpg -0.269453 -0.549241 0.66309 -0.431324 1.2654 1.36033 0.11603
data/frame-000198.color.jpg -0.241299 -0.521082 0.714234 -0.400148 0.427658 0.98119 0.572734
data/frame-000651.color.jpg 0.514175 0.800644 0.241975 -0.189844 0.715087 1.18703 0.937514
data/frame-000255.color.jpg -0.193383 -0.464505 0.773501 -0.385402 -0.0898305 1.02945 0.829265
data/frame-000785.color.jpg 0.674569 0.544568 0.320331 -0.381826 -0.944259 1.47869 -0.3152
data/frame-000389.color.jpg -0.106686 -0.30661 0.775078 -0.542091 -0.228315 1.28978 0.0282926
data/frame-000796.color.jpg 0.706865 0.506557 0.28126 -0.405752 -0.912449 1.48376 -0.534653
data/frame-000400.color.jpg -0.103587 -0.310269 0.841225 -0.430515 -0.327803 1.27495 0.414378
data/frame-000534.color.jpg 0.220768 0.295367 0.832545 -0.413386 0.255922 1.83444 -0.206386
data/frame-000160.color.jpg -0.181507 -0.540477 0.756812 -0.319649 0.999338 0.84643 0.8879
data/frame-000138.color.jpg -0.297345 -0.589578 0.660681 -0.357051 1.21891 1.3152 0.454873
data/frame-000149.color.jpg -0.195633 -0.518915 0.760988 -0.336679 1.19407 0.8945 0.923672
data/frame-000283.color.jpg -0.14773 -0.423431 0.811745 -0.374103 -0.257162 0.670156 0.863369
data/frame-000294.color.jpg -0.111612 -0.375174 0.837718 -0.380809 -0.278838 0.680033 0.839572
data/frame-000545.color.jpg 0.266336 0.425553 0.766445 -0.400665 0.721094 1.76591 -0.13421
data/frame-000032.color.jpg 0.373874 0.670819 -0.531801 0.356943 1.00045 1.63708 -0.0437545
data/frame-000043.color.jpg 0.455441 0.671494 -0.478426 0.335823 0.742797 1.57315 -0.476902
data/frame-000468.color.jpg -0.11364 -0.325247 0.808637 -0.476872 -1.15038 1.4332 0.0844683
data/frame-000602.color.jpg 0.451766 0.772128 0.386315 -0.224694 1.06202 1.06491 0.896115
data/frame-000217.color.jpg -0.295115 -0.490811 0.690304 -0.442146 0.388183 1.18364 0.507639
data/frame-000613.color.jpg 0.410289 0.845404 0.30611 -0.152486 0.8443 0.767694 1.13288
data/frame-000351.color.jpg -0.274625 -0.552269 0.643062 -0.453929 -0.523235 1.16913 0.330234
data/frame-000362.color.jpg -0.228009 -0.485384 0.700482 -0.470891 -0.399377 1.20513 0.250124
data/frame-000496.color.jpg 0.0365764 -0.0723685 0.888976 -0.450718 -0.695202 1.59742 -0.0179702
data/frame-000100.color.jpg 0.361932 0.59761 -0.590881 0.403394 1.109 1.55749 0.0474363
data/frame-000111.color.jpg -0.373133 -0.555562 0.588288 -0.453916 1.10169 1.56981 -0.0368573
data/frame-000507.color.jpg 0.0836365 0.0494756 0.885097 -0.455149 -0.354507 1.72592 -0.127123
data/frame-000245.color.jpg -0.215697 -0.429571 0.76719 -0.424692 0.144751 1.16297 0.707543
data/frame-000256.color.jpg -0.197309 -0.474047 0.766094 -0.386586 -0.112239 1.01398 0.843181
data/frame-000005.color.jpg 0.266107 0.78799 -0.510522 0.218232 0.908886 1.52913 0.41912
data/frame-000430.color.jpg -0.0800698 -0.33217 0.844183 -0.413047 -1.03716 1.25457 0.298405
data/frame-000564.color.jpg 0.297843 0.558445 0.712119 -0.303834 0.903425 1.5318 0.338749
data/frame-000179.color.jpg -0.146177 -0.476794 0.78932 -0.358152 0.7132 0.798534 0.928398
data/frame-000575.color.jpg 0.3516 0.711131 0.542101 -0.277123 1.31869 1.12704 0.658436
data/frame-000313.color.jpg -0.218377 -0.4953 0.736724 -0.40525 -0.491643 0.947823 0.849665
data/frame-000324.color.jpg -0.283584 -0.548064 0.670762 -0.411442 -0.412574 1.1219 0.58554
data/frame-000062.color.jpg 0.373769 0.624056 -0.579934 0.366779 1.06369 1.54933 -0.34643
data/frame-000073.color.jpg -0.283213 -0.558515 0.623247 -0.468418 1.24983 1.4726 -0.133275
data/frame-000207.color.jpg -0.270138 -0.502042 0.697985 -0.433354 0.384119 1.10326 0.53253
data/frame-000218.color.jpg -0.291419 -0.492285 0.690232 -0.44307 0.373751 1.18804 0.514747
data/frame-000700.color.jpg 0.499137 0.644809 0.448854 -0.365531 -0.234667 1.54825 0.211165
data/frame-000711.color.jpg 0.449592 0.682244 0.473726 -0.328625 -0.573231 1.37772 0.553554
data/frame-000526.color.jpg 0.19173 0.193903 0.854231 -0.442641 -0.00814337 1.81391 -0.271663
data/frame-000130.color.jpg 0.383691 0.639273 -0.559508 0.362024 1.08893 1.55912 0.00772757
data/frame-000537.color.jpg 0.22024 0.324925 0.819828 -0.416894 0.378273 1.82615 -0.209361
data/frame-000275.color.jpg -0.152593 -0.43551 0.799619 -0.38426 -0.294354 0.769456 0.840182
data/frame-000286.color.jpg -0.120488 -0.412884 0.832772 -0.348568 -0.24691 0.574293 0.880299
data/frame-000013.color.jpg 0.278132 0.770623 -0.522598 0.235953 0.9385 1.53943 0.375243
data/frame-000024.color.jpg 0.3404 0.708119 -0.533608 0.312983 1.00685 1.61474 0.143448
data/frame-000035.color.jpg 0.389903 0.676318 -0.518791 0.348463 0.933775 1.64943 -0.13802
data/frame-000768.color.jpg 0.577936 0.648158 0.359092 -0.341958 -0.888862 1.43625 0.105416
data/frame-000779.color.jpg 0.642007 0.568751 0.340041 -0.385645 -0.90381 1.48911 -0.171862
data/frame-000662.color.jpg 0.554215 0.771457 0.223329 -0.218688 0.726039 1.44523 0.553765
data/frame-000673.color.jpg 0.575198 0.72242 0.275642 -0.26698 0.464875 1.57514 0.226025
data/frame-000411.color.jpg -0.0894071 -0.349173 0.856094 -0.370388 -0.600799 1.14881 0.623084
data/frame-000301.color.jpg -0.166393 -0.455088 0.790286 -0.375042 -0.360305 0.767931 0.885714
data/frame-000343.color.jpg 0.378806 0.62381 -0.549761 0.406363 -0.595777 1.13952 0.4669
data/frame-000092.color.jpg -0.314957 -0.613379 0.612678 -0.386256 1.0903 1.49344 0.222287
data/frame-000226.color.jpg -0.322421 -0.474973 0.67045 -0.470045 0.398902 1.26763 0.430429
data/frame-000237.color.jpg -0.255441 -0.475945 0.71259 -0.447708 0.276873 1.20494 0.638462
data/frame-000248.color.jpg -0.193062 -0.430404 0.783463 -0.404556 0.031364 1.14216 0.717674
data/frame-000730.color.jpg 0.420743 0.752107 0.441613 -0.249577 -0.79044 1.09341 0.550141
data/frame-000741.color.jpg 0.4036 0.788049 0.42032 -0.198539 -0.926989 0.986099 0.522825
data/frame-000479.color.jpg -0.0325097 -0.191667 0.867038 -0.458751 -0.855525 1.58795 -0.0356234
data/frame-000624.color.jpg 0.427392 0.882412 0.171995 -0.0954032 0.741517 0.605509 1.33826
data/frame-000373.color.jpg -0.166771 -0.38215 0.741554 -0.525592 -0.366074 1.26539 0.0876129
data/frame-000122.color.jpg 0.415643 0.598153 -0.551055 0.407175 1.13147 1.56555 -0.174914
data/frame-000556.color.jpg 0.285406 0.519765 0.721404 -0.357721 0.931093 1.61855 0.129396
data/frame-000305.color.jpg -0.199461 -0.480412 0.757701 -0.394092 -0.439793 0.858415 0.870122
data/frame-000054.color.jpg 0.421588 0.690644 -0.501279 0.306585 0.690042 1.55141 -0.37845
data/frame-000798.color.jpg 0.71091 0.501904 0.274175 -0.409301 -0.904647 1.48352 -0.569051
data/frame-000210.color.jpg -0.275835 -0.502326 0.693473 -0.436669 0.388723 1.12935 0.525967
data/frame-000681.color.jpg 0.566938 0.693094 0.334032 -0.29432 0.244944 1.6156 0.0772359
data/frame-000692.color.jpg 0.520651 0.654764 0.416428 -0.356082 -0.0642523 1.56874 0.16619
data/frame-000703.color.jpg 0.480402 0.660269 0.45729 -0.352341 -0.298673 1.52123 0.312764
data/frame-000441.color.jpg -0.221387 -0.475438 0.731729 -0.435338 -1.31013 1.13611 0.513662
data/frame-000452.color.jpg -0.248155 -0.454102 0.701893 -0.489445 -1.34415 1.26349 0.365241
data/frame-000586.color.jpg 0.423795 0.700643 0.479708 -0.315241 1.35004 1.19473 0.562563
data/frame-000335.color.jpg 0.415071 0.651229 -0.517893 0.367972 -0.526148 1.13008 0.570203
data/frame-000267.color.jpg -0.153344 -0.491079 0.780288 -0.355637 -0.285984 0.787466 0.939453
data/frame-000016.color.jpg 0.292319 0.758144 -0.52701 0.249054 0.960406 1.55841 0.330608
data/frame-000760.color.jpg 0.56162 0.683438 0.353161 -0.304588 -0.90492 1.37337 0.145887
data/frame-000509.color.jpg 0.0914657 0.0600084 0.883059 -0.456333 -0.323042 1.73276 -0.14631
data/frame-000643.color.jpg 0.51402 0.812452 0.217896 -0.168009 0.706425 1.06585 1.07833
data/frame-000654.color.jpg 0.521542 0.795005 0.231181 -0.206195 0.779465 1.28608 0.819892
data/frame-000665.color.jpg 0.567318 0.752894 0.243416 -0.228144 0.623729 1.51264 0.425543
data/frame-000799.color.jpg 0.713293 0.500517 0.270546 -0.40927 -0.898045 1.4855 -0.584917
data/frame-000392.color.jpg -0.113302 -0.302906 0.796742 -0.510502 -0.187068 1.29712 0.127611
data/frame-000403.color.jpg -0.0916602 -0.310359 0.853706 -0.407998 -0.404781 1.25017 0.487793
data/frame-000548.color.jpg 0.283711 0.458904 0.745593 -0.391159 0.814571 1.7303 -0.0750089
data/frame-000141.color.jpg -0.269353 -0.568842 0.689825 -0.357784 1.22021 1.2125 0.610406
data/frame-000152.color.jpg -0.186964 -0.520027 0.768453 -0.32264 1.17631 0.834462 0.937197
data/frame-000722.color.jpg 0.42235 0.74736 0.432408 -0.275857 -0.630779 1.26048 0.596202
data/frame-000460.color.jpg -0.200321 -0.409553 0.737494 -0.498237 -1.29952 1.31513 0.22178
data/frame-000471.color.jpg -0.0851308 -0.288305 0.826242 -0.476401 -1.0742 1.48148 0.0124195
data/frame-000605.color.jpg 0.443358 0.807917 0.341143 -0.185272 0.926969 0.946795 1.018
data/frame-000209.color.jpg -0.272526 -0.501392 0.695255 -0.436985 0.387632 1.12336 0.530672
data/frame-000220.color.jpg -0.294044 -0.489331 0.68769 -0.448526 0.365592 1.2039 0.502272
data/frame-000616.color.jpg 0.396413 0.867514 0.268134 -0.13557 0.842794 0.661214 1.1953
data/frame-000354.color.jpg -0.244562 -0.532932 0.667497 -0.458934 -0.482944 1.16837 0.31392
data/frame-000365.color.jpg -0.207852 -0.454712 0.715345 -0.488176 -0.400072 1.22399 0.20341
data/frame-000761.color.jpg 0.561433 0.681442 0.355415 -0.306774 -0.906151 1.37964 0.153289
data/frame-000103.color.jpg -0.36208 -0.583997 0.590964 -0.42262 1.10122 1.56517 0.0302067
data/frame-000114.color.jpg -0.392153 -0.559853 0.575586 -0.448867 1.11761 1.5732 -0.103899
data/frame-000539.color.jpg 0.237009 0.363863 0.802085 -0.409987 0.5212 1.81128 -0.182799
data/frame-000684.color.jpg 0.56272 0.680029 0.359465 -0.302808 0.129752 1.61555 0.0693646
data/frame-000422.color.jpg -0.0783369 -0.295226 0.872283 -0.381874 -0.761797 1.24366 0.525145
data/frame-000433.color.jpg -0.112627 -0.370063 0.82123 -0.419464 -1.11691 1.22575 0.323407
data/frame-000567.color.jpg 0.300183 0.616349 0.658498 -0.310458 1.11997 1.3943 0.393858
data/frame-000171.color.jpg -0.17398 -0.497604 0.783254 -0.329596 0.872061 0.763908 0.922246
data/frame-000182.color.jpg -0.138032 -0.455151 0.801496 -0.362476 0.67064 0.79784 0.921291
data/frame-000578.color.jpg 0.380969 0.707741 0.515653 -0.296761 1.34357 1.13978 0.611233
data/frame-000316.color.jpg -0.227046 -0.505188 0.729856 -0.400682 -0.465647 0.972427 0.83237
data/frame-000327.color.jpg -0.306862 -0.560019 0.648253 -0.414708 -0.432028 1.1527 0.533319
data/frame-000065.color.jpg -0.359318 -0.590619 0.600828 -0.401331 1.20068 1.50037 -0.337782
data/frame-000076.color.jpg -0.279651 -0.543987 0.640066 -0.464961 1.28832 1.4225 -0.0664974
data/frame-000635.color.jpg 0.47033 0.855202 0.180379 -0.121997 0.744445 0.818826 1.30948
data/frame-000250.color.jpg -0.185123 -0.423297 0.791212 -0.400665 -0.000812044 1.12841 0.736103
data/frame-000646.color.jpg 0.522887 0.795742 0.244539 -0.183262 0.685054 1.16235 0.986222
data/frame-000780.color.jpg 0.650423 0.562789 0.334795 -0.384878 -0.912589 1.48869 -0.208317
data/frame-000384.color.jpg -0.11171 -0.297693 0.760629 -0.565989 -0.251212 1.30613 -0.0497251
data/frame-000395.color.jpg -0.111957 -0.310624 0.823762 -0.460863 -0.201489 1.28158 0.285743
data/frame-000791.color.jpg 0.692725 0.523312 0.299288 -0.395857 -0.920882 1.48524 -0.435577
data/frame-000529.color.jpg 0.201676 0.205313 0.851682 -0.437962 -0.00402756 1.81994 -0.270377
data/frame-000133.color.jpg 0.340047 0.62255 -0.606421 0.359239 1.13906 1.47031 0.222692
data/frame-000144.color.jpg -0.236624 -0.52925 0.733843 -0.354089 1.23867 1.03277 0.789775
data/frame-000540.color.jpg 0.24078 0.37022 0.79834 -0.409408 0.541361 1.8081 -0.182219
data/frame-000278.color.jpg -0.149482 -0.43191 0.803957 -0.380475 -0.303491 0.729491 0.847021
data/frame-000289.color.jpg -0.112794 -0.391598 0.844787 -0.346791 -0.237944 0.572458 0.875614
data/frame-000027.color.jpg 0.348779 0.692606 -0.534953 0.335374 1.00132 1.63364 0.0979034
data/frame-000597.color.jpg 0.448324 0.757443 0.404701 -0.247999 1.16911 1.08652 0.84182
data/frame-000201.color.jpg -0.245558 -0.515226 0.707699 -0.416419 0.378115 1.02746 0.573053
data/frame-000608.color.jpg 0.439974 0.815658 0.329679 -0.180103 0.902786 0.914519 1.03658
data/frame-000346.color.jpg 0.345786 0.593596 -0.586257 0.429392 -0.579575 1.16679 0.39558
data/frame-000357.color.jpg -0.243513 -0.513153 0.681747 -0.461083 -0.420442 1.18441 0.287704
data/frame-000491.color.jpg 0.0155898 -0.10724 0.888007 -0.446878 -0.74212 1.59639 -0.0058499
data/frame-000084.color.jpg -0.267523 -0.57134 0.656518 -0.413506 1.1795 1.367 0.200844
data/frame-000095.color.jpg 0.330246 0.614619 -0.603785 0.385518 1.09631 1.5192 0.167109
data/frame-000106.color.jpg -0.363011 -0.571947 0.592978 -0.43529 1.10131 1.56793 0.0161226
data/frame-000240.color.jpg -0.224811 -0.451707 0.746289 -0.434134 0.223498 1.15405 0.725759
data/frame-000502.color.jpg 0.061371 -0.0220169 0.889768 -0.451732 -0.584649 1.64611 -0.0548369
data/frame-000733.color.jpg 0.415859 0.755019 0.446671 -0.239775 -0.857278 1.03639 0.560532
data/frame-000414.color.jpg -0.0888001 -0.354708 0.859272 -0.357699 -0.674359 1.11392 0.66539
data/frame-000559.color.jpg 0.280039 0.528038 0.721981 -0.348565 0.912777 1.58728 0.176447
data/frame-000163.color.jpg -0.179556 -0.531681 0.76124 -0.324945 0.940982 0.834039 0.889388
data/frame-000570.color.jpg 0.321912 0.666637 0.604349 -0.294499 1.24817 1.26944 0.522629
data/frame-000297.color.jpg -0.123222 -0.389534 0.831206 -0.377062 -0.302652 0.714977 0.85389
data/frame-000308.color.jpg -0.208248 -0.486108 0.748246 -0.400575 -0.466481 0.892321 0.86033
data/frame-000319.color.jpg -0.242058 -0.537189 0.703735 -0.396979 -0.447298 1.00875 0.766418
data/frame-000046.color.jpg 0.458914 0.678581 -0.477175 0.318168 0.703298 1.54364 -0.494196
data/frame-000057.color.jpg 0.410982 0.677976 -0.512942 0.32914 0.729722 1.56833 -0.385673
data/frame-000068.color.jpg -0.317281 -0.559118 0.625861 -0.441608 1.28398 1.46197 -0.209828
data/frame-000202.color.jpg -0.249992 -0.513157 0.705575 -0.419927 0.375136 1.03941 0.563699
data/frame-000695.color.jpg 0.506625 0.661671 0.41497 -0.365132 -0.0808563 1.56027 0.184921
data/frame-000627.color.jpg 0.439695 0.877235 0.163301 -0.102277 0.753948 0.642877 1.36085
data/frame-000376.color.jpg -0.145798 -0.345935 0.750229 -0.544268 -0.34477 1.28319 0.0294879
data/frame-000510.color.jpg 0.106877 0.0829865 0.878428 -0.458317 -0.26008 1.75309 -0.180632
data/frame-000125.color.jpg 0.413945 0.614314 -0.547511 0.38923 1.11535 1.57477 -0.155743
data/frame-000521.color.jpg 0.171359 0.187075 0.85658 -0.449344 0.0126613 1.80651 -0.245959
data/frame-000532.color.jpg 0.198502 0.228998 0.84547 -0.439702 0.0615834 1.82456 -0.275476
data/frame-000259.color.jpg -0.19318 -0.499747 0.755046 -0.377942 -0.205257 0.921244 0.902189
data/frame-000270.color.jpg -0.143608 -0.473584 0.791905 -0.357744 -0.292093 0.775873 0.909707
data/frame-000281.color.jpg -0.155283 -0.429176 0.802429 -0.384452 -0.293669 0.724446 0.844584
data/frame-000008.color.jpg 0.261925 0.784292 -0.519387 0.215682 0.922434 1.50174 0.440089
data/frame-000019.color.jpg 0.309322 0.74097 -0.531383 0.270031 0.986893 1.57266 0.267258
data/frame-000030.color.jpg 0.359733 0.677347 -0.536307 0.352376 1.01391 1.63925 0.0322215
data/frame-000752.color.jpg 0.528847 0.720903 0.35341 -0.275176 -0.894228 1.2734 0.204558
data/frame-000763.color.jpg 0.566798 0.669679 0.358338 -0.319162 -0.903627 1.39756 0.143721
data/frame-000774.color.jpg 0.606312 0.60689 0.359835 -0.366863 -0.88759 1.46694 -0.00673165
data/frame-000657.color.jpg 0.527202 0.792383 0.224543 -0.209207 0.794928 1.33849 0.728626
data/frame-000406.color.jpg -0.0897782 -0.32336 0.856803 -0.391494 -0.462596 1.21742 0.541761
data/frame-000589.color.jpg 0.448648 0.700054 0.45689 -0.316055 1.31834 1.20198 0.57801
data/frame-000338.color.jpg 0.420133 0.657928 -0.505315 0.3678 -0.560792 1.11843 0.570432
data/frame-000087.color.jpg -0.295825 -0.594404 0.633605 -0.397135 1.11356 1.39691 0.212971
data/frame-000221.color.jpg -0.296698 -0.484692 0.687214 -0.452527 0.368448 1.21601 0.49285
data/frame-000232.color.jpg -0.291365 -0.481854 0.687286 -0.458869 0.350936 1.24209 0.542196
data/frame-000243.color.jpg -0.213124 -0.425772 0.767258 -0.429664 0.182251 1.15353 0.72982
data/frame-000714.color.jpg 0.438913 0.686868 0.480077 -0.324183 -0.621608 1.32738 0.606955
data/frame-000725.color.jpg 0.4169 0.764172 0.414561 -0.265282 -0.620382 1.24634 0.578134
data/frame-000736.color.jpg 0.398859 0.765064 0.454923 -0.220531 -0.916718 0.963375 0.597016
data/frame-000463.color.jpg -0.160538 -0.379928 0.772723 -0.482474 -1.2503 1.35646 0.187032
data/frame-000474.color.jpg -0.0679955 -0.247668 0.842277 -0.473926 -0.975725 1.53823 -0.0310221
data/frame-000619.color.jpg 0.399672 0.881975 0.224522 -0.109423 0.788731 0.593992 1.27179
data/frame-000551.color.jpg 0.292817 0.487351 0.727862 -0.383359 0.895751 1.68418 -0.0117739
data/frame-000300.color.jpg -0.160453 -0.446728 0.795319 -0.377037 -0.354908 0.761806 0.876283
data/frame-000038.color.jpg 0.420271 0.668118 -0.505967 0.347833 0.85442 1.61976 -0.309079
data/frame-000049.color.jpg 0.448592 0.685164 -0.485169 0.306473 0.695801 1.54269 -0.45687
data/frame-000793.color.jpg 0.696816 0.517963 0.29484 -0.399037 -0.917551 1.48305 -0.460736
data/frame-000676.color.jpg 0.584016 0.704607 0.293241 -0.276521 0.378834 1.60047 0.118644
data/frame-000687.color.jpg 0.547541 0.672557 0.379972 -0.321695 0.0579843 1.60108 0.102769
data/frame-000425.color.jpg -0.0602413 -0.276304 0.869341 -0.405306 -0.831826 1.28358 0.368148
data/frame-000436.color.jpg -0.170118 -0.438947 0.772257 -0.426619 -1.25468 1.13827 0.430482
data/frame-000174.color.jpg -0.167848 -0.484038 0.789809 -0.337247 0.83958 0.75606 0.930909
data/frame-000251.color.jpg -0.183864 -0.420667 0.792315 -0.401834 -0.0125165 1.12649 0.741507
data/frame-000262.color.jpg -0.174151 -0.494447 0.767702 -0.368548 -0.247416 0.861262 0.926152
data/frame-000011.color.jpg 0.268301 0.778352 -0.521198 0.224801 0.930247 1.517 0.413133
data/frame-000000.color.jpg 0.279339 0.794897 -0.50131 0.196967 0.907683 1.54154 0.374936
data/frame-000755.color.jpg 0.541853 0.701235 0.356754 -0.295621 -0.894493 1.32613 0.201026
data/frame-000493.color.jpg 0.018816 -0.0961198 0.889715 -0.445887 -0.723347 1.59478 0.000469941
data/frame-000504.color.jpg 0.0626731 -0.00841611 0.88884 -0.453834 -0.542552 1.6643 -0.0679375
data/frame-000638.color.jpg 0.490831 0.83696 0.198845 -0.137999 0.718964 0.943251 1.21489
data/frame-000649.color.jpg 0.51421 0.800488 0.245996 -0.185184 0.695489 1.18048 0.960504
data/frame-000387.color.jpg -0.109339 -0.301446 0.766167 -0.556922 -0.229254 1.29202 -0.0188197
data/frame-000398.color.jpg -0.113659 -0.302919 0.83293 -0.448942 -0.23188 1.28948 0.338284
data/frame-000136.color.jpg -0.318972 -0.602387 0.637208 -0.359656 1.19013 1.38418 0.331575
data/frame-000147.color.jpg -0.212525 -0.520072 0.752656 -0.343318 1.22045 0.941006 0.877638
data/frame-000706.color.jpg 0.466817 0.662923 0.473864 -0.343612 -0.419286 1.47313 0.420101
data/frame-000717.color.jpg 0.427124 0.702773 0.47871 -0.307428 -0.669623 1.28122 0.650894
data/frame-000455.color.jpg -0.245622 -0.436363 0.70261 -0.505565 -1.32334 1.30301 0.282439
data/frame-000466.color.jpg -0.127918 -0.345207 0.797897 -0.477316 -1.19287 1.40257 0.122152
data/frame-000600.color.jpg 0.451825 0.763836 0.394906 -0.237608 1.12218 1.07698 0.866159
data/frame-000204.color.jpg -0.258139 -0.506016 0.704117 -0.426066 0.384534 1.06054 0.551368
data/frame-000215.color.jpg -0.291718 -0.492878 0.692674 -0.438377 0.400688 1.16945 0.513318
data/frame-000611.color.jpg 0.423803 0.829653 0.321326 -0.169757 0.86766 0.845141 1.08085
data/frame-000349.color.jpg -0.309979 -0.565923 0.619135 -0.447566 -0.547268 1.17861 0.339912
data/frame-000360.color.jpg -0.240501 -0.504113 0.687732 -0.46374 -0.402605 1.18907 0.273998
data/frame-000745.color.jpg 0.453113 0.789092 0.367325 -0.192599 -0.910377 1.10468 0.339896
data/frame-000098.color.jpg 0.3509 0.608133 -0.596945 0.388202 1.11298 1.53356 0.0977704
data/frame-000668.color.jpg 0.572436 0.738478 0.259595 -0.244086 0.544843 1.54512 0.325376
data/frame-000679.color.jpg 0.565285 0.70244 0.325517 -0.284727 0.291868 1.61318 0.113136
data/frame-000417.color.jpg -0.0798167 -0.333807 0.862684 -0.371456 -0.728637 1.15535 0.606232
data/frame-000428.color.jpg -0.0518852 -0.297874 0.859054 -0.413044 -0.949429 1.26018 0.306675
data/frame-000562.color.jpg 0.279232 0.536928 0.723285 -0.33256 0.897797 1.55565 0.237509
data/frame-000155.color.jpg -0.190142 -0.543245 0.755808 -0.312226 1.10347 0.850054 0.884533
data/frame-000166.color.jpg -0.181976 -0.518503 0.768128 -0.328662 0.907352 0.812033 0.894496
data/frame-000177.color.jpg -0.154402 -0.477545 0.790921 -0.350077 0.766753 0.77435 0.931046
data/frame-000311.color.jpg -0.214024 -0.488966 0.743874 -0.40219 -0.484219 0.929038 0.857818
data/frame-000573.color.jpg 0.333324 0.698425 0.566456 -0.283242 1.30905 1.16186 0.617602
data/frame-000456.color.jpg -0.243768 -0.434666 0.703819 -0.506243 -1.32357 1.3043 0.276478
data/frame-000060.color.jpg 0.389996 0.659582 -0.540293 0.347762 0.844008 1.57508 -0.354473
data/frame-000485.color.jpg -0.000761588 -0.15904 0.882876 -0.441855 -0.811727 1.59324 -0.0070897
data/frame-000630.color.jpg 0.453257 0.869639 0.16111 -0.111039 0.767004 0.702261 1.35596
data/frame-000234.color.jpg -0.282028 -0.481435 0.692515 -0.457278 0.32928 1.23441 0.565205
data/frame-000641.color.jpg 0.507839 0.823253 0.204907 -0.149556 0.695685 1.01934 1.14362
data/frame-000775.color.jpg 0.610947 0.596989 0.356943 -0.378075 -0.87693 1.48107 -0.034652
data/frame-000368.color.jpg -0.190135 -0.424147 0.728482 -0.503252 -0.389183 1.24442 0.157449
data/frame-000379.color.jpg -0.132262 -0.319239 0.756884 -0.554725 -0.311396 1.29563 -0.00722256
data/frame-000390.color.jpg -0.109515 -0.304472 0.785573 -0.527426 -0.207109 1.29205 0.0752659
data/frame-000524.color.jpg 0.182807 0.193107 0.855188 -0.44491 0.0113303 1.81081 -0.263981
data/frame-000117.color.jpg 0.403557 0.575981 -0.564545 0.432062 1.12375 1.571 -0.139619
data/frame-000128.color.jpg 0.399639 0.633941 -0.548611 0.37072 1.08784 1.57581 -0.0777362
data/frame-000139.color.jpg -0.285377 -0.583617 0.671736 -0.35598 1.22002 1.27791 0.520793
data/frame-000273.color.jpg -0.146241 -0.446136 0.798249 -0.377327 -0.298578 0.776495 0.853835
data/frame-000786.color.jpg 0.679095 0.542065 0.315439 -0.381436 -0.942234 1.47575 -0.340216
data/frame-000022.color.jpg 0.327679 0.722715 -0.531536 0.296275 0.992128 1.60516 0.196087
data/frame-000698.color.jpg 0.502421 0.651349 0.436023 -0.364967 -0.183277 1.55661 0.191544
data/frame-000447.color.jpg -0.251944 -0.481148 0.700991 -0.462204 -1.34267 1.17862 0.489998
data/frame-000581.color.jpg 0.396585 0.705634 0.50279 -0.30332 1.34394 1.15095 0.591112
data/frame-000196.color.jpg -0.226967 -0.516904 0.730601 -0.384081 0.462703 0.926119 0.602731
data/frame-000592.color.jpg 0.447357 0.712452 0.448267 -0.302225 1.28961 1.17441 0.639545
data/frame-000603.color.jpg 0.451816 0.77379 0.383657 -0.223426 1.06041 1.06093 0.901306
data/frame-000330.color.jpg 0.347461 0.604566 -0.597036 0.396633 -0.482232 1.14565 0.545206
data/frame-000341.color.jpg 0.40758 0.645663 -0.518373 0.385081 -0.590026 1.1234 0.528974
data/frame-000352.color.jpg -0.271709 -0.550796 0.645525 -0.453977 -0.521311 1.16996 0.331053
data/frame-000486.color.jpg 0.00183059 -0.148935 0.886892 -0.437307 -0.80196 1.59566 0.00452808
data/frame-000079.color.jpg -0.260469 -0.541056 0.663163 -0.4468 1.28648 1.37619 0.0950119
data/frame-000090.color.jpg -0.304225 -0.609457 0.619444 -0.390255 1.07817 1.46824 0.238993
data/frame-000101.color.jpg -0.362782 -0.592287 0.589484 -0.412425 1.10134 1.56344 0.0362035
data/frame-000235.color.jpg -0.267695 -0.47697 0.705285 -0.451012 0.303591 1.2192 0.608893
data/frame-000728.color.jpg 0.421157 0.751918 0.427668 -0.272666 -0.677461 1.19662 0.547358
data/frame-000660.color.jpg 0.543785 0.782761 0.215586 -0.212379 0.773125 1.39504 0.638156
data/frame-000805.color.jpg 0.722081 0.491764 0.249633 -0.417673 -0.864146 1.4933 -0.66968
data/frame-000409.color.jpg -0.0879872 -0.340246 0.85733 -0.376132 -0.546649 1.17454 0.595153
data/frame-000543.color.jpg 0.259496 0.408044 0.776828 -0.403362 0.665697 1.78284 -0.153284
data/frame-000158.color.jpg -0.187227 -0.543408 0.755133 -0.31532 1.04913 0.852171 0.880665
data/frame-000554.color.jpg 0.288519 0.513394 0.715086 -0.376611 0.961444 1.62693 0.0512911
data/frame-000565.color.jpg 0.300405 0.571343 0.699759 -0.306042 0.947584 1.50396 0.347154
data/frame-000292.color.jpg -0.110543 -0.376139 0.841992 -0.370606 -0.260967 0.642566 0.847445
data/frame-000303.color.jpg -0.18694 -0.478228 0.76776 -0.38327 -0.417996 0.815438 0.88308
data/frame-000314.color.jpg -0.21958 -0.496293 0.735796 -0.405069 -0.486862 0.955728 0.846397
data/frame-000041.color.jpg 0.446375 0.667029 -0.486298 0.34545 0.781447 1.59184 -0.438577
data/frame-000052.color.jpg 0.428531 0.690237 -0.497839 0.303465 0.70132 1.54716 -0.390892
data/frame-000186.color.jpg -0.151045 -0.433644 0.803345 -0.379178 0.624263 0.83752 0.804567
data/frame-000197.color.jpg -0.23675 -0.521229 0.719137 -0.393843 0.442873 0.961207 0.579484
data/frame-000690.color.jpg 0.530599 0.659984 0.409997 -0.338805 -0.0413124 1.57735 0.154466
data/frame-000622.color.jpg 0.417034 0.885935 0.179532 -0.094708 0.744693 0.579538 1.33288
data/frame-000371.color.jpg -0.176219 -0.401387 0.73593 -0.515987 -0.381122 1.25069 0.119114
data/frame-000505.color.jpg 0.0669784 0.0203419 0.889838 -0.450875 -0.442286 1.69976 -0.0766257
data/frame-000109.color.jpg -0.367154 -0.558263 0.591405 -0.45142 1.0981 1.57231 -0.0127664
data/frame-000120.color.jpg 0.406953 0.587829 -0.559824 0.41886 1.12656 1.57154 -0.148196
data/frame-000516.color.jpg 0.152233 0.160119 0.860052 -0.45989 -0.0422342 1.79819 -0.255853
data/frame-000254.color.jpg -0.197388 -0.445441 0.782268 -0.388171 -0.0561497 1.07517 0.800474
data/frame-000265.color.jpg -0.160789 -0.490946 0.777872 -0.35782 -0.269398 0.813223 0.94527
data/frame-000003.color.jpg 0.268686 0.790159 -0.506101 0.217528 0.903763 1.53924 0.407143
data/frame-000014.color.jpg 0.283944 0.766523 -0.52399 0.239276 0.948966 1.54343 0.356283
data/frame-000747.color.jpg 0.487234 0.77271 0.350863 -0.205955 -0.915766 1.1643 0.25171
data/frame-000758.color.jpg 0.556294 0.689496 0.350576 -0.303692 -0.890111 1.35975 0.153556
data/frame-000584.color.jpg 0.412945 0.703971 0.488554 -0.308571 1.35196 1.16371 0.575995
data/frame-000322.color.jpg -0.267893 -0.545411 0.684311 -0.403087 -0.412431 1.07246 0.682785
data/frame-000333.color.jpg 0.400238 0.640154 -0.538642 0.374002 -0.510481 1.1433 0.56193
data/frame-000071.color.jpg -0.294393 -0.555562 0.626075 -0.461209 1.27632 1.45867 -0.158542
data/frame-000082.color.jpg -0.266387 -0.556887 0.66247 -0.424321 1.23634 1.36313 0.14776
data/frame-000216.color.jpg -0.294022 -0.491879 0.69171 -0.439481 0.396695 1.17571 0.510176
data/frame-000227.color.jpg -0.32039 -0.476379 0.670307 -0.470215 0.398853 1.26651 0.44805
data/frame-000709.color.jpg 0.462794 0.6723 0.473534 -0.331059 -0.517315 1.42739 0.482196
data/frame-000720.color.jpg 0.431312 0.722018 0.458202 -0.287594 -0.67026 1.26829 0.610462
data/frame-000458.color.jpg -0.213079 -0.418269 0.726751 -0.50148 -1.31075 1.30958 0.238494
data/frame-000469.color.jpg -0.0951436 -0.303542 0.820629 -0.474739 -1.10597 1.46059 0.044589
data/frame-000284.color.jpg -0.137152 -0.424542 0.817498 -0.364212 -0.256597 0.63197 0.87337
data/frame-000295.color.jpg -0.112381 -0.373339 0.836963 -0.384032 -0.286766 0.697784 0.835331
data/frame-000033.color.jpg 0.37823 0.675061 -0.525331 0.353924 0.964491 1.64862 -0.0756804
data/frame-000044.color.jpg 0.455406 0.672763 -0.478007 0.333923 0.736973 1.57434 -0.47821
data/frame-000777.color.jpg 0.618203 0.588001 0.351508 -0.385384 -0.871501 1.49359 -0.0727882
data/frame-000788.color.jpg 0.680352 0.539462 0.314197 -0.383904 -0.943778 1.47561 -0.348361
data/frame-000671.color.jpg 0.579467 0.720135 0.273223 -0.266408 0.497657 1.56855 0.230158
data/frame-000682.color.jpg 0.567286 0.688413 0.341802 -0.295712 0.203419 1.61892 0.0693927
data/frame-000420.color.jpg -0.0757959 -0.312975 0.868238 -0.377444 -0.745591 1.19423 0.562408
data/frame-000431.color.jpg -0.0886454 -0.343644 0.838719 -0.413038 -1.05882 1.24663 0.307044
data/frame-000169.color.jpg -0.178642 -0.507973 0.776441 -0.327398 0.891325 0.782679 0.910334
data/frame-000246.color.jpg -0.194171 -0.43507 0.781852 -0.402143 0.0806301 1.12658 0.745588
data/frame-000739.color.jpg 0.399292 0.775785 0.441513 -0.209262 -0.924802 0.955937 0.567256
data/frame-000750.color.jpg 0.514815 0.741084 0.352443 -0.248081 -0.911859 1.22323 0.215656
data/frame-000488.color.jpg 0.00453212 -0.141109 0.887226 -0.439201 -0.789158 1.59834 -0.00142068
data/frame-000499.color.jpg 0.0441722 -0.0517256 0.890906 -0.449066 -0.650074 1.61685 -0.0131625
data/frame-000633.color.jpg 0.463672 0.862888 0.165054 -0.114844 0.759436 0.753393 1.34715
data/frame-000644.color.jpg 0.518249 0.806037 0.224177 -0.177392 0.714355 1.09164 1.04027
data/frame-000778.color.jpg 0.633713 0.574877 0.343742 -0.386995 -0.889535 1.49353 -0.138885
data/frame-000382.color.jpg -0.112425 -0.305558 0.759561 -0.563083 -0.288149 1.3038 -0.0351849
data/frame-000527.color.jpg 0.198247 0.198572 0.85333 -0.439426 -0.0141358 1.81738 -0.269359
data/frame-000131.color.jpg 0.363711 0.633876 -0.580639 0.358851 1.11486 1.52267 0.112312
data/frame-000063.color.jpg 0.373489 0.616783 -0.584531 0.372033 1.09933 1.54107 -0.354398
data/frame-000701.color.jpg 0.486336 0.650812 0.456099 -0.363172 -0.263048 1.53601 0.267815
data/frame-000712.color.jpg 0.440403 0.685895 0.477237 -0.328388 -0.593213 1.34753 0.592582
data/frame-000439.color.jpg -0.21155 -0.472851 0.741024 -0.42725 -1.30368 1.12449 0.521633
data/frame-000450.color.jpg -0.252103 -0.469383 0.698648 -0.477508 -1.35414 1.21976 0.430067
data/frame-000461.color.jpg -0.196432 -0.407457 0.740666 -0.496797 -1.29677 1.31748 0.21915
data/frame-000595.color.jpg 0.445362 0.738692 0.427181 -0.271115 1.23189 1.12033 0.762587
data/frame-000188.color.jpg -0.153879 -0.44359 0.792983 -0.388236 0.585882 0.864833 0.749487
data/frame-000199.color.jpg -0.246454 -0.517385 0.710807 -0.407833 0.413661 0.999265 0.571322
data/frame-000740.color.jpg 0.40003 0.780775 0.43353 -0.205957 -0.926052 0.968413 0.552428
data/frame-000344.color.jpg 0.375405 0.620633 -0.554293 0.408222 -0.593921 1.14334 0.462157
data/frame-000093.color.jpg -0.314036 -0.613403 0.612509 -0.387234 1.09313 1.4997 0.220338
data/frame-000025.color.jpg 0.346435 0.701506 -0.533214 0.321799 1.00538 1.62254 0.117188
data/frame-000769.color.jpg 0.581385 0.63897 0.359451 -0.35285 -0.874452 1.45547 0.0907392
data/frame-000518.color.jpg 0.156521 0.16699 0.858744 -0.458448 -0.0252815 1.80008 -0.256183
data/frame-000652.color.jpg 0.52804 0.791428 0.232256 -0.202169 0.758052 1.26914 0.833801
data/frame-000663.color.jpg 0.563757 0.758685 0.237605 -0.223873 0.65522 1.49658 0.468014
data/frame-000674.color.jpg 0.571275 0.724535 0.277903 -0.267329 0.455567 1.58168 0.219927
data/frame-000797.color.jpg 0.710382 0.503892 0.274265 -0.407712 -0.899459 1.48548 -0.564314
data/frame-000401.color.jpg -0.102323 -0.310142 0.842091 -0.429215 -0.338084 1.27078 0.419086
data/frame-000412.color.jpg -0.0892974 -0.356366 0.855773 -0.364255 -0.629244 1.12808 0.644001
data/frame-000423.color.jpg -0.0755995 -0.293378 0.872773 -0.382729 -0.767734 1.24323 0.516209
data/frame-000546.color.jpg 0.276168 0.444885 0.754352 -0.395932 0.777588 1.74632 -0.103597
data/frame-000150.color.jpg -0.193029 -0.516269 0.764644 -0.333954 1.18966 0.869926 0.927747
data/frame-000161.color.jpg -0.180339 -0.539473 0.757607 -0.320122 0.982437 0.844186 0.889643
data/frame-000172.color.jpg -0.171297 -0.492458 0.785812 -0.332631 0.85838 0.760349 0.926432
data/frame-000306.color.jpg -0.201127 -0.485643 0.753276 -0.395315 -0.458685 0.867306 0.869821
data/frame-000557.color.jpg 0.283172 0.523999 0.721816 -0.352449 0.925068 1.60495 0.152396
data/frame-000055.color.jpg 0.416986 0.690667 -0.502558 0.310703 0.688164 1.56967 -0.375606
data/frame-000731.color.jpg 0.420329 0.75231 0.442349 -0.248355 -0.811007 1.07775 0.550097
data/frame-000480.color.jpg -0.0261361 -0.183432 0.871277 -0.454474 -0.839979 1.59239 -0.0267636
data/frame-000614.color.jpg 0.402738 0.853897 0.295968 -0.145135 0.841663 0.72755 1.15909
data/frame-000229.color.jpg -0.310999 -0.481622 0.675549 -0.463631 0.388291 1.25822 0.483011
data/frame-000625.color.jpg 0.43439 0.879736 0.168575 -0.0946174 0.734833 0.625566 1.34522
data/frame-000770.color.jpg 0.584963 0.634654 0.359327 -0.354848 -0.874601 1.45913 0.0762606
data/frame-000759.color.jpg 0.559362 0.686518 0.350633 -0.304736 -0.894685 1.3731 0.148664
data/frame-000363.color.jpg -0.222547 -0.477004 0.704807 -0.475591 -0.399769 1.21086 0.236728
data/frame-000374.color.jpg -0.165845 -0.37787 0.742307 -0.527912 -0.360282 1.26753 0.0803371
data/frame-000385.color.jpg -0.108865 -0.299413 0.760326 -0.566043 -0.252101 1.30077 -0.0485673
data/frame-000508.color.jpg 0.0882873 0.0559035 0.884523 -0.454642 -0.336815 1.73295 -0.133472
data/frame-000112.color.jpg -0.377004 -0.55549 0.586111 -0.453622 1.10687 1.57428 -0.0485819
data/frame-000123.color.jpg 0.414925 0.603002 -0.550052 0.402081 1.12739 1.56787 -0.167719
data/frame-000519.color.jpg 0.167275 0.182257 0.855854 -0.454219 0.00845198 1.80475 -0.253951
data/frame-000257.color.jpg -0.201058 -0.483178 0.759999 -0.385378 -0.131296 0.997589 0.856163
data/frame-000268.color.jpg -0.147781 -0.49177 0.781446 -0.354494 -0.295819 0.773993 0.936374
data/frame-000006.color.jpg 0.263513 0.78589 -0.515179 0.218009 0.920565 1.51606 0.433636
data/frame-000693.color.jpg 0.516317 0.659396 0.41436 -0.356257 -0.0663994 1.56372 0.180216
data/frame-000442.color.jpg -0.234435 -0.482058 0.714028 -0.45036 -1.33258 1.14272 0.497006
data/frame-000576.color.jpg 0.362348 0.7112 0.533871 -0.27907 1.32107 1.12644 0.651221
data/frame-000180.color.jpg -0.142609 -0.469289 0.794035 -0.359081 0.69909 0.794621 0.926982
data/frame-000191.color.jpg -0.174046 -0.450244 0.782837 -0.392625 0.563295 0.858542 0.675304
data/frame-000587.color.jpg 0.431577 0.697514 0.473266 -0.321302 1.35585 1.20375 0.542598
data/frame-000325.color.jpg -0.294213 -0.550712 0.662191 -0.414316 -0.415505 1.13782 0.559547
data/frame-000336.color.jpg 0.419118 0.660296 -0.505462 0.364497 -0.549875 1.11693 0.580793
data/frame-000470.color.jpg -0.0924605 -0.300239 0.822027 -0.474953 -1.10021 1.46453 0.0378464
data/frame-000074.color.jpg -0.28218 -0.558156 0.62418 -0.468226 1.2498 1.47189 -0.127739
data/frame-000085.color.jpg -0.275367 -0.58296 0.647298 -0.406615 1.14519 1.38251 0.201102
data/frame-000481.color.jpg -0.0188596 -0.169237 0.876562 -0.450159 -0.806678 1.60263 -0.0218327
data/frame-000219.color.jpg -0.292834 -0.491319 0.688351 -0.446124 0.366774 1.19814 0.507344
data/frame-000800.color.jpg 0.718825 0.495791 0.262677 -0.410466 -0.890304 1.48401 -0.625797
data/frame-000393.color.jpg -0.108104 -0.309569 0.814881 -0.477964 -0.203647 1.27829 0.236463
data/frame-000404.color.jpg -0.0922844 -0.311627 0.854085 -0.406093 -0.411521 1.24719 0.493692
data/frame-000538.color.jpg 0.23059 0.353597 0.806963 -0.413048 0.487016 1.81478 -0.192458
data/frame-000142.color.jpg -0.257709 -0.544816 0.709902 -0.364417 1.23045 1.13159 0.684644
data/frame-000153.color.jpg -0.192002 -0.532924 0.761793 -0.314324 1.14126 0.832075 0.894117
data/frame-000549.color.jpg 0.290142 0.475412 0.735788 -0.385249 0.860473 1.70656 -0.0354468
data/frame-000276.color.jpg -0.152622 -0.429675 0.803126 -0.383504 -0.292625 0.758845 0.840154
data/frame-000287.color.jpg -0.11909 -0.406072 0.836961 -0.347014 -0.24066 0.568502 0.880642
data/frame-000298.color.jpg -0.125011 -0.39198 0.829414 -0.377883 -0.305246 0.718667 0.852484
data/frame-000036.color.jpg 0.394385 0.675966 -0.515397 0.349136 0.90704 1.64922 -0.175418
data/frame-000047.color.jpg 0.455888 0.679995 -0.481457 0.313004 0.707521 1.54085 -0.482525
data/frame-000181.color.jpg -0.140879 -0.462184 0.798002 -0.360183 0.688796 0.794359 0.927902
data/frame-000606.color.jpg 0.442556 0.809416 0.339285 -0.184052 0.921512 0.94136 1.02204
data/frame-000355.color.jpg -0.242347 -0.528194 0.672209 -0.45871 -0.467185 1.17022 0.308828
data/frame-000500.color.jpg 0.0452268 -0.0495467 0.891167 -0.448689 -0.646342 1.61883 -0.0140544
data/frame-000104.color.jpg -0.361873 -0.579148 0.592606 -0.427147 1.10507 1.56356 0.0300988
data/frame-000115.color.jpg -0.39514 -0.563162 0.572388 -0.446189 1.11829 1.57246 -0.115619
data/frame-000511.color.jpg 0.120059 0.103486 0.873799 -0.459729 -0.203169 1.76748 -0.209882
data/frame-000238.color.jpg -0.247389 -0.471843 0.720057 -0.444612 0.258267 1.19466 0.661334
data/frame-000249.color.jpg -0.19014 -0.4246 0.788439 -0.4024 0.0242068 1.13734 0.727466
data/frame-000260.color.jpg -0.186895 -0.496744 0.76036 -0.374391 -0.21989 0.898321 0.912563
data/frame-000742.color.jpg 0.408637 0.795312 0.404603 -0.191808 -0.919134 1.00928 0.485044
data/frame-000753.color.jpg 0.53757 0.709414 0.351486 -0.290186 -0.884765 1.31421 0.195929
data/frame-000636.color.jpg 0.477588 0.849923 0.18337 -0.126155 0.738588 0.855217 1.28284
data/frame-000568.color.jpg 0.31764 0.650859 0.61928 -0.303282 1.217 1.3137 0.469722
data/frame-000317.color.jpg -0.227052 -0.520796 0.72068 -0.397289 -0.470411 0.967058 0.822707
data/frame-000066.color.jpg -0.355065 -0.588648 0.603168 -0.404489 1.20782 1.49823 -0.325221
data/frame-000200.color.jpg -0.242953 -0.517633 0.708998 -0.412738 0.388321 1.01219 0.575675
data/frame-000211.color.jpg -0.280136 -0.502427 0.692003 -0.436146 0.39204 1.13811 0.523557
data/frame-000222.color.jpg -0.305546 -0.478419 0.682791 -0.459951 0.381957 1.23784 0.471393
data/frame-000704.color.jpg 0.467801 0.664238 0.467347 -0.348622 -0.363812 1.49459 0.388115
data/frame-000715.color.jpg 0.428226 0.693584 0.481543 -0.321992 -0.644683 1.30243 0.651161
data/frame-000453.color.jpg -0.248876 -0.452351 0.70169 -0.490988 -1.34093 1.26889 0.357566
data/frame-000598.color.jpg 0.44773 0.758683 0.40415 -0.246173 1.1627 1.08646 0.847505
data/frame-000134.color.jpg 0.335753 0.620715 -0.609997 0.360397 1.14301 1.46289 0.240543
data/frame-000279.color.jpg -0.1537 -0.431765 0.801883 -0.383326 -0.299361 0.727523 0.84286
data/frame-000017.color.jpg 0.296585 0.753726 -0.52845 0.254314 0.967316 1.56172 0.314418
data/frame-000028.color.jpg 0.353115 0.684884 -0.536921 0.343451 1.01456 1.63221 0.0752143
data/frame-000772.color.jpg 0.594756 0.622544 0.361069 -0.358237 -0.885627 1.46017 0.0417079
data/frame-000783.color.jpg 0.665778 0.551582 0.323276 -0.384694 -0.92599 1.48689 -0.278155
data/frame-000655.color.jpg 0.523889 0.794252 0.226002 -0.208871 0.798285 1.31807 0.758156
data/frame-000666.color.jpg 0.569314 0.745438 0.254058 -0.23592 0.573354 1.53228 0.370055
data/frame-000415.color.jpg -0.0887347 -0.353469 0.85959 -0.358178 -0.678823 1.11533 0.664654
data/frame-000164.color.jpg -0.18215 -0.527266 0.762993 -0.326579 0.933405 0.83095 0.886367
data/frame-000241.color.jpg -0.216868 -0.442021 0.755586 -0.43206 0.205462 1.14506 0.739502
data/frame-000723.color.jpg 0.412897 0.76134 0.425539 -0.262285 -0.629396 1.25196 0.601124
data/frame-000734.color.jpg 0.412336 0.756124 0.448188 -0.239547 -0.868417 1.02518 0.571006
data/frame-000472.color.jpg -0.0718304 -0.2634 0.835668 -0.476571 -1.01631 1.51605 -0.0243283
data/frame-000483.color.jpg -0.0144533 -0.165158 0.879764 -0.445567 -0.803002 1.60302 -0.00873707
data/frame-000494.color.jpg 0.0292446 -0.0871532 0.890362 -0.445875 -0.72043 1.58781 -0.00208807
data/frame-000617.color.jpg 0.394605 0.870751 0.262198 -0.131653 0.837023 0.645531 1.20956
data/frame-000628.color.jpg 0.440289 0.876945 0.162625 -0.10328 0.757682 0.645383 1.35762
data/frame-000366.color.jpg -0.201573 -0.445968 0.719446 -0.492827 -0.400941 1.22931 0.190543
data/frame-000377.color.jpg -0.135953 -0.329662 0.754417 -0.551085 -0.327809 1.29134 0.00592675
data/frame-000126.color.jpg 0.413409 0.618117 -0.546332 0.385417 1.11116 1.57489 -0.151222
data/frame-000802.color.jpg 0.721387 0.491303 0.250919 -0.418643 -0.862126 1.49373 -0.66583
data/frame-000685.color.jpg 0.558798 0.676154 0.36759 -0.308932 0.102437 1.61052 0.0758266
data/frame-000696.color.jpg 0.50435 0.658546 0.418031 -0.370403 -0.095525 1.55799 0.176298
data/frame-000434.color.jpg -0.154589 -0.415779 0.788416 -0.426181 -1.20559 1.17902 0.388579
data/frame-000445.color.jpg -0.249883 -0.483733 0.70263 -0.458117 -1.33755 1.16642 0.501563
data/frame-000579.color.jpg 0.388995 0.707515 0.508114 -0.299877 1.34542 1.14427 0.605164
data/frame-000183.color.jpg -0.137413 -0.453423 0.80203 -0.363694 0.667156 0.801132 0.91783
data/frame-000194.color.jpg -0.209895 -0.461663 0.770174 -0.386837 0.56386 0.866334 0.628955
data/frame-000590.color.jpg 0.446924 0.705493 0.45436 -0.309993 1.3123 1.19436 0.604236
data/frame-000328.color.jpg -0.33345 -0.583716 0.619375 -0.405539 -0.456563 1.15741 0.52791
data/frame-000339.color.jpg 0.417268 0.650502 -0.510217 0.377377 -0.576 1.12486 0.544886
data/frame-000077.color.jpg -0.271677 -0.538975 0.65343 -0.456866 1.30292 1.39092 0.00536027
data/frame-000009.color.jpg 0.262601 0.782895 -0.520951 0.216161 0.926824 1.49953 0.437206
data/frame-000764.color.jpg 0.569769 0.664607 0.358605 -0.324134 -0.901667 1.40418 0.13365
data/frame-000513.color.jpg 0.12638 0.116372 0.870384 -0.46143 -0.165348 1.77676 -0.228357
data/frame-000647.color.jpg 0.522984 0.795269 0.24573 -0.183444 0.682979 1.16723 0.982037
data/frame-000658.color.jpg 0.529274 0.791013 0.223643 -0.210121 0.794304 1.34467 0.716019
data/frame-000792.color.jpg 0.696437 0.518903 0.295524 -0.397972 -0.918583 1.48229 -0.457103
data/frame-000396.color.jpg -0.117303 -0.312287 0.826087 -0.454199 -0.207319 1.28225 0.307857
data/frame-000407.color.jpg -0.0885923 -0.333791 0.858019 -0.380183 -0.51581 1.18886 0.581221
data/frame-000803.color.jpg 0.721769 0.490861 0.249903 -0.419112 -0.85992 1.49344 -0.669698
data/frame-000541.color.jpg 0.248692 0.386537 0.788746 -0.408192 0.598274 1.79837 -0.176207
data/frame-000145.color.jpg -0.233419 -0.527466 0.736686 -0.352972 1.238 1.02047 0.802712
data/frame-000156.color.jpg -0.188486 -0.544695 0.75491 -0.312875 1.08893 0.853116 0.884479
data/frame-000552.color.jpg 0.29076 0.503335 0.719554 -0.37994 0.940623 1.64969 0.022846
data/frame-000290.color.jpg -0.112564 -0.391036 0.844736 -0.347622 -0.238971 0.574112 0.875495
data/frame-000039.color.jpg 0.432383 0.665963 -0.497881 0.348787 0.824573 1.60679 -0.369086
data/frame-000464.color.jpg -0.15802 -0.377812 0.774525 -0.482077 -1.24752 1.35697 0.183397
data/frame-000475.color.jpg -0.0562684 -0.228233 0.852733 -0.466465 -0.931073 1.55869 -0.029396
data/frame-000609.color.jpg 0.437865 0.818864 0.325976 -0.177414 0.89198 0.900039 1.04681
data/frame-000213.color.jpg -0.282921 -0.500923 0.690559 -0.438361 0.390743 1.15582 0.518893
data/frame-000224.color.jpg -0.320905 -0.474667 0.674083 -0.46618 0.401575 1.25807 0.437692
data/frame-000765.color.jpg 0.573518 0.659345 0.357612 -0.329324 -0.898095 1.41448 0.120269
data/frame-000620.color.jpg 0.402002 0.884403 0.212967 -0.104263 0.774066 0.582533 1.28816
data/frame-000347.color.jpg -0.321571 -0.574729 0.608246 -0.443076 -0.559774 1.17534 0.353893
data/frame-000358.color.jpg -0.241809 -0.508816 0.684603 -0.462551 -0.410839 1.18724 0.280378
data/frame-000369.color.jpg -0.189407 -0.422003 0.72874 -0.504952 -0.38825 1.24476 0.151999
data/frame-000503.color.jpg 0.0620739 -0.0126625 0.889281 -0.452952 -0.555986 1.66003 -0.0608686
data/frame-000096.color.jpg 0.339268 0.612173 -0.602206 0.384044 1.10821 1.52019 0.145349
data/frame-000107.color.jpg -0.362554 -0.564195 0.593198 -0.44537 1.09422 1.57294 0.00907949
data/frame-000118.color.jpg 0.404958 0.579158 -0.56253 0.429121 1.12082 1.57091 -0.144954
data/frame-000252.color.jpg -0.186347 -0.42674 0.791399 -0.39605 -0.0268922 1.11163 0.762499
data/frame-000001.color.jpg 0.272111 0.79451 -0.505996 0.196666 0.916349 1.53771 0.40309
data/frame-000677.color.jpg 0.573666 0.701902 0.316873 -0.278985 0.302673 1.60629 0.106728
data/frame-000426.color.jpg -0.0601157 -0.281761 0.867901 -0.404655 -0.870577 1.28178 0.351199
data/frame-000560.color.jpg 0.277016 0.531362 0.725456 -0.338571 0.89661 1.57076 0.215949
data/frame-000175.color.jpg -0.161841 -0.477516 0.79309 -0.341752 0.808324 0.755893 0.935047
data/frame-000571.color.jpg 0.329608 0.686927 0.579654 -0.288949 1.29352 1.20107 0.577745
data/frame-000582.color.jpg 0.404437 0.705235 0.491329 -0.312521 1.35947 1.14732 0.57009
data/frame-000309.color.jpg -0.213617 -0.484792 0.745699 -0.404077 -0.468495 0.913196 0.853171
data/frame-000320.color.jpg -0.251721 -0.543306 0.692856 -0.401753 -0.437769 1.03834 0.725135
data/frame-000331.color.jpg 0.355189 0.616545 -0.583551 0.391385 -0.499362 1.14032 0.553515
data/frame-000465.color.jpg -0.137515 -0.360007 0.789327 -0.477962 -1.21995 1.38029 0.150688
data/frame-000058.color.jpg 0.401806 0.673367 -0.521191 0.336881 0.759583 1.57393 -0.370667
data/frame-000069.color.jpg -0.307806 -0.552966 0.629264 -0.451122 1.29551 1.44737 -0.183131
data/frame-000080.color.jpg -0.268338 -0.545675 0.663135 -0.436447 1.27562 1.36305 0.104877
data/frame-000214.color.jpg -0.289603 -0.495956 0.6895 -0.441303 0.398248 1.16365 0.505184
data/frame-000707.color.jpg 0.464112 0.66744 0.474456 -0.337662 -0.480287 1.45238 0.459874
data/frame-000639.color.jpg 0.497314 0.831082 0.203768 -0.143042 0.708576 0.980241 1.1849
data/frame-000795.color.jpg 0.704403 0.510698 0.284285 -0.402723 -0.909316 1.48464 -0.515291
data/frame-000388.color.jpg -0.109067 -0.303117 0.767785 -0.553833 -0.230069 1.29146 -0.00892237
data/frame-000522.color.jpg 0.172994 0.188815 0.856289 -0.448544 0.0159635 1.80746 -0.249394
data/frame-000137.color.jpg -0.308019 -0.594765 0.650848 -0.357457 1.20805 1.34012 0.39351
data/frame-000533.color.jpg 0.198229 0.232097 0.844941 -0.439217 0.0706671 1.82466 -0.273179
data/frame-000544.color.jpg 0.265229 0.422251 0.768303 -0.401333 0.711103 1.76908 -0.138793
data/frame-000293.color.jpg -0.109482 -0.374519 0.841255 -0.374219 -0.267779 0.654353 0.843847
data/frame-000271.color.jpg -0.140004 -0.467211 0.795031 -0.360609 -0.298397 0.766308 0.896163
data/frame-000282.color.jpg -0.150605 -0.423763 0.8098 -0.376785 -0.260297 0.679119 0.857249
data/frame-000020.color.jpg 0.315454 0.73556 -0.531712 0.276989 0.991726 1.5811 0.244079
data/frame-000031.color.jpg 0.368253 0.672603 -0.534786 0.354964 1.00829 1.6372 -0.00839378
data/frame-000669.color.jpg 0.573137 0.737232 0.260104 -0.245662 0.541047 1.54563 0.317282
data/frame-000601.color.jpg 0.451361 0.769666 0.390339 -0.226985 1.07633 1.069 0.890395
data/frame-000205.color.jpg -0.258469 -0.505885 0.70429 -0.425734 0.384562 1.06278 0.552713
data/frame-000350.color.jpg -0.28628 -0.557989 0.634737 -0.451443 -0.53395 1.17059 0.337666
data/frame-000495.color.jpg 0.0301122 -0.0851503 0.890307 -0.446314 -0.716963 1.58955 -0.00267587
data/frame-000088.color.jpg -0.298944 -0.601471 0.628067 -0.392932 1.09865 1.42239 0.227372
data/frame-000099.color.jpg -0.359182 -0.601138 0.592068 -0.398845 1.1111 1.5513 0.0561312
data/frame-000506.color.jpg 0.0812117 0.0466413 0.885827 -0.454466 -0.362538 1.72365 -0.120538
data/frame-000233.color.jpg -0.288935 -0.481844 0.688607 -0.458436 0.345257 1.23999 0.548773
data/frame-000244.color.jpg -0.218809 -0.428624 0.766445 -0.4254 0.156877 1.16315 0.705235
data/frame-000726.color.jpg 0.423203 0.760212 0.409883 -0.273813 -0.614194 1.2271 0.525531
data/frame-000737.color.jpg 0.398247 0.766377 0.454288 -0.218373 -0.917992 0.957819 0.595502
data/frame-000563.color.jpg 0.294349 0.555295 0.715406 -0.305286 0.899011 1.53607 0.333561
data/frame-000312.color.jpg -0.217904 -0.495244 0.737119 -0.404855 -0.492653 0.945157 0.850372
