data/frame-000000.color.jpg 0.092212 0.019128 0.959118 -0.266876 -3.833567 -5.246101 3.985443 0.582678 0.017135
data/frame-000001.color.jpg 0.092578 0.020709 0.959040 -0.266914 -3.858953 -5.237593 3.977030 0.597452 0.017445
data/frame-000002.color.jpg 0.095677 0.027908 0.958892 -0.265695 -3.960515 -5.201077 3.915025 0.649197 0.017170
data/frame-000003.color.jpg 0.094928 0.028879 0.958769 -0.266302 -3.970178 -5.188560 3.924857 0.632217 0.016288
data/frame-000004.color.jpg 0.094944 0.031612 0.960135 -0.261012 -3.999662 -5.203874 3.855337 1.021109 0.026531
data/frame-000005.color.jpg 0.096694 0.033054 0.958352 -0.266681 -4.025427 -5.161750 3.899195 0.383624 0.010578
data/frame-000006.color.jpg 0.094403 0.032417 0.959447 -0.263626 -4.007913 -5.181540 3.884352 0.733225 0.018501
data/frame-000007.color.jpg 0.093707 0.031629 0.958706 -0.266647 -4.001447 -5.168218 3.923612 0.579692 0.014879
data/frame-000008.color.jpg 0.096672 0.033696 0.958728 -0.265254 -4.031695 -5.169450 3.883170 0.386548 0.009254
data/frame-000009.color.jpg 0.100818 0.038180 0.957026 -0.269221 -4.108132 -5.103632 3.873664 0.529287 0.012085
data/frame-000010.color.jpg 0.104446 0.041579 0.955831 -0.271567 -4.164971 -5.050489 3.856464 0.773033 0.019794
data/frame-000011.color.jpg 0.110998 0.045589 0.953399 -0.276825 -4.233969 -4.987875 3.850527 0.436440 0.010157
data/frame-000012.color.jpg 0.111359 0.047337 0.952448 -0.279645 -4.256038 -4.949655 3.867663 0.458732 0.009876
data/frame-000013.color.jpg 0.114991 0.052428 0.951704 -0.279799 -4.314595 -4.908540 3.821898 0.922941 0.018434
data/frame-000014.color.jpg 0.113663 0.057690 0.950488 -0.283416 -4.363684 -4.830153 3.847264 0.343151 0.007791
data/frame-000015.color.jpg 0.114629 0.059297 0.951745 -0.278433 -4.369552 -4.845426 3.783737 0.668647 0.018643
data/frame-000016.color.jpg 0.117000 0.062163 0.950374 -0.281490 -4.399977 -4.802170 3.787030 0.396125 0.011878
data/frame-000017.color.jpg 0.120048 0.065755 0.949692 -0.281693 -4.429284 -4.768071 3.753994 0.666908 0.015307
data/frame-000018.color.jpg 0.117425 0.069067 0.948852 -0.284819 -4.439977 -4.708424 3.790128 0.356626 0.010403
data/frame-000019.color.jpg 0.120039 0.072581 0.948158 -0.285163 -4.464625 -4.685303 3.761654 0.723400 0.010669
data/frame-000020.color.jpg 0.119278 0.070885 0.949534 -0.281305 -4.418495 -4.720222 3.734367 0.558286 0.013125
data/frame-000021.color.jpg 0.122686 0.072761 0.948725 -0.282091 -4.430926 -4.706487 3.710451 0.731707 0.012754
data/frame-000022.color.jpg 0.121553 0.073305 0.949470 -0.279925 -4.425153 -4.715456 3.694324 0.695669 0.014718
data/frame-000023.color.jpg 0.121940 0.072443 0.950070 -0.277938 -4.396348 -4.739144 3.673741 0.613858 0.014398
data/frame-000024.color.jpg 0.124258 0.072824 0.950558 -0.275129 -4.386494 -4.758568 3.624091 0.848669 0.020122
data/frame-000025.color.jpg 0.124320 0.074376 0.950084 -0.276322 -4.363729 -4.742476 3.632646 0.817259 0.014695
data/frame-000026.color.jpg 0.119170 0.075458 0.951189 -0.274490 -4.343883 -4.737789 3.645592 0.449238 0.010964
data/frame-000027.color.jpg 0.110192 0.067502 0.953683 -0.271642 -4.200961 -4.802633 3.704492 0.567801 0.012507
data/frame-000028.color.jpg 0.105129 0.056809 0.954650 -0.272698 -4.042577 -4.859849 3.777309 1.115821 0.027548
data/frame-000029.color.jpg 0.076057 0.008345 0.957918 -0.276658 -3.358101 -5.106950 4.155982 0.304464 0.011298
data/frame-000030.color.jpg 0.077503 -0.009931 0.959122 -0.271992 -3.125316 -5.244927 4.140745 0.642622 0.014325
data/frame-000031.color.jpg 0.074723 -0.020815 0.958179 -0.275455 -2.981024 -5.279719 4.228025 0.529413 0.008619
data/frame-000032.color.jpg 0.067049 -0.034662 0.960218 -0.268857 -2.757578 -5.394128 4.231192 0.538612 0.009687
data/frame-000033.color.jpg 0.060714 -0.039951 0.960799 -0.267549 -2.654373 -5.421996 4.268382 0.343039 0.005284
data/frame-000034.color.jpg 0.057480 -0.049877 0.961077 -0.265591 -2.495440 -5.478864 4.289444 0.521605 0.009549
data/frame-000035.color.jpg 0.052654 -0.057576 0.959891 -0.269300 -2.364664 -5.481921 4.378871 0.470156 0.006261
data/frame-000036.color.jpg 0.051325 -0.060131 0.959622 -0.269955 -2.307686 -5.494802 4.411226 0.353490 0.006058
data/frame-000037.color.jpg 0.053936 -0.058973 0.960968 -0.264866 -2.308777 -5.540823 4.350812 0.477931 0.007292
data/frame-000038.color.jpg 0.050100 -0.054385 0.960655 -0.267719 -2.332880 -5.500330 4.401783 0.406616 0.005720
data/frame-000039.color.jpg 0.047537 -0.052418 0.960560 -0.268916 -2.342806 -5.481213 4.429654 0.168217 0.002760
data/frame-000040.color.jpg 0.044567 -0.057921 0.960644 -0.267996 -2.209492 -5.525197 4.464334 0.618687 0.006783
data/frame-000041.color.jpg 0.037466 -0.058510 0.960483 -0.269527 -2.132693 -5.517879 4.528581 0.450343 0.010434
data/frame-000042.color.jpg 0.027893 -0.066802 0.961340 -0.265678 -1.953089 -5.571940 4.555053 0.873834 0.017997
data/frame-000043.color.jpg 0.020607 -0.078242 0.960432 -0.266502 -1.740102 -5.612069 4.629859 0.523899 0.010227
data/frame-000044.color.jpg 0.016763 -0.087594 0.959988 -0.265460 -1.575215 -5.651076 4.656095 0.620911 0.010729
data/frame-000045.color.jpg 0.009294 -0.100147 0.957575 -0.270062 -1.349446 -5.650191 4.766582 0.284555 0.008526
data/frame-000046.color.jpg 0.007307 -0.104243 0.957250 -0.269726 -1.278646 -5.660907 4.776983 0.346601 0.009518
data/frame-000047.color.jpg 0.001035 0.126579 -0.954970 0.268344 -0.885153 -5.729293 4.838841 0.304032 0.005937
data/frame-000048.color.jpg 0.009370 0.145677 -0.952862 0.265977 -0.551215 -5.783085 4.864535 0.219654 0.004232
data/frame-000049.color.jpg 0.014827 0.162116 -0.950220 0.265669 -0.266867 -5.813507 4.898790 0.563309 0.010713
data/frame-000050.color.jpg 0.020720 0.177364 -0.948529 0.261545 -0.002971 -5.860569 4.880503 0.669428 0.012993
data/frame-000051.color.jpg 0.025188 0.190570 -0.948045 0.253494 0.219947 -5.926679 4.798637 0.470772 0.007758
data/frame-000052.color.jpg 0.030232 0.201586 -0.946024 0.251966 0.428864 -5.938168 4.793789 0.783347 0.015003
data/frame-000053.color.jpg 0.038564 0.211752 -0.943720 0.251132 0.624163 -5.920600 4.798859 0.927813 0.018663
data/frame-000054.color.jpg 0.040244 0.220908 -0.940720 0.254214 0.788727 -5.879142 4.835411 1.187117 0.024468
data/frame-000055.color.jpg 0.040593 0.227151 -0.940032 0.251186 0.901098 -5.882410 4.799238 0.842674 0.018844
data/frame-000056.color.jpg 0.041217 0.232799 -0.937497 0.255355 0.997714 -5.826128 4.845798 0.970972 0.023098
data/frame-000057.color.jpg 0.045255 0.242562 -0.934115 0.257964 1.163374 -5.748021 4.874057 0.574271 0.012723
data/frame-000058.color.jpg 0.045427 0.246887 -0.929740 0.269381 1.226744 -5.613737 4.993522 0.858752 0.022651
data/frame-000059.color.jpg 0.045400 0.245764 -0.930378 0.268208 1.222422 -5.596183 4.980874 0.933248 0.023929
data/frame-000060.color.jpg 0.046265 0.243190 -0.926526 0.283316 1.181269 -5.419827 5.151405 1.780261 0.039830
data/frame-000061.color.jpg 0.042721 0.244019 -0.921854 0.298019 1.146212 -5.253738 5.292456 1.828377 0.040131
data/frame-000062.color.jpg 0.035190 0.239187 -0.921757 0.303175 1.017461 -5.188458 5.330286 1.392731 0.029706
data/frame-000063.color.jpg 0.032836 0.237479 -0.920512 0.308519 0.963807 -5.119365 5.374649 0.852182 0.016880
data/frame-000064.color.jpg 0.029361 0.233425 -0.919814 0.313995 0.874657 -5.049788 5.412045 0.613254 0.010875
data/frame-000065.color.jpg 0.028873 0.231685 -0.921561 0.310184 0.850461 -5.080825 5.369536 0.313297 0.005553
data/frame-000066.color.jpg 0.026216 0.228691 -0.918627 0.321151 0.775417 -4.966217 5.464134 0.256717 0.004094
data/frame-000067.color.jpg 0.017789 0.220625 -0.921655 0.318686 0.609754 -5.000618 5.414020 0.731884 0.015320
data/frame-000068.color.jpg 0.012607 0.216705 -0.922374 0.319540 0.524346 -4.999785 5.413303 0.821921 0.017494
data/frame-000069.color.jpg 0.006586 0.205274 -0.921566 0.329447 0.317723 -4.912136 5.491720 0.777880 0.016861
data/frame-000070.color.jpg 0.005683 -0.184898 0.924226 -0.334045 -0.024458 -4.892000 5.503966 0.195735 0.002415
data/frame-000071.color.jpg 0.014261 -0.169489 0.925606 -0.338119 -0.275298 -4.863750 5.520823 0.371713 0.009151
data/frame-000072.color.jpg 0.019418 -0.151309 0.926241 -0.344684 -0.545566 -4.788747 5.556041 0.342390 0.005782
data/frame-000073.color.jpg 0.019307 -0.141234 0.925280 -0.351478 -0.688771 -4.708592 5.613302 1.080491 0.019166
data/frame-000074.color.jpg 0.029786 -0.122742 0.926730 -0.353863 -0.983452 -4.668493 5.586407 0.312991 0.005707
data/frame-000075.color.jpg 0.040874 -0.100621 0.923256 -0.368514 -1.339431 -4.494845 5.667825 0.770207 0.019088
data/frame-000076.color.jpg 0.029709 -0.093083 0.921017 -0.377068 -1.394898 -4.369679 5.766160 2.616710 0.051961
data/frame-000077.color.jpg 0.056779 -0.079370 0.921808 -0.375162 -1.709205 -4.399926 5.637615 1.596120 0.036096
data/frame-000078.color.jpg 0.044543 -0.070696 0.918683 -0.386055 -1.779528 -4.235269 5.758731 2.703733 0.053581
data/frame-000079.color.jpg 0.053211 -0.066814 0.918343 -0.386460 -1.876005 -4.235616 5.727571 2.304784 0.048838
data/frame-000080.color.jpg 0.064112 -0.052423 0.918881 -0.385745 -2.110222 -4.214037 5.653417 1.343232 0.033632
data/frame-000081.color.jpg 0.073166 -0.042499 0.921176 -0.379836 -2.285458 -4.240344 5.541818 0.401572 0.013494
data/frame-000082.color.jpg 0.075458 -0.038094 0.917996 -0.387477 -2.358963 -4.138983 5.592581 0.340445 0.010636
data/frame-000083.color.jpg 0.057999 -0.045487 0.914826 -0.397064 -2.194767 -4.021446 5.767725 2.303934 0.045618
data/frame-000084.color.jpg 0.052492 -0.048519 0.911826 -0.404306 -2.130719 -3.935381 5.858734 2.919710 0.056557
data/frame-000085.color.jpg 0.062666 -0.048643 0.910486 -0.405859 -2.171944 -3.928178 5.842469 1.494056 0.030547
data/frame-000086.color.jpg 0.055897 -0.054108 0.908578 -0.410408 -2.053013 -3.873498 5.927134 1.703822 0.035084
data/frame-000087.color.jpg 0.059018 -0.055775 0.908211 -0.410559 -2.033104 -3.876820 5.929528 0.651227 0.016805
data/frame-000088.color.jpg 0.055701 -0.071472 0.898874 -0.428736 -1.793644 -3.701406 6.140945 2.071704 0.045428
data/frame-000089.color.jpg 0.035581 -0.101536 0.901026 -0.420210 -1.230657 -3.793835 6.200134 1.114428 0.025146
data/frame-000090.color.jpg 0.012878 -0.126537 0.897632 -0.421995 -0.740420 -3.753856 6.323487 0.632914 0.013405
data/frame-000091.color.jpg 0.003521 -0.145851 0.900875 -0.408827 -0.398488 -3.896883 6.257879 0.526307 0.011828
data/frame-000092.color.jpg 0.004910 0.159129 -0.898886 0.408236 -0.146607 -3.891979 6.282814 0.409833 0.012340
data/frame-000093.color.jpg 0.016638 0.172125 -0.897807 0.405017 0.106739 -3.905553 6.278879 0.459241 0.009843
data/frame-000094.color.jpg 0.029456 0.191150 -0.893809 0.404599 0.463615 -3.870470 6.295933 0.528285 0.012771
data/frame-000095.color.jpg 0.032971 0.202012 -0.892048 0.402932 0.642181 -3.867092 6.297451 0.276057 0.006837
data/frame-000096.color.jpg 0.045697 0.222360 -0.888987 0.397706 1.014487 -3.866798 6.252612 0.792764 0.018350
data/frame-000097.color.jpg 0.051909 0.236339 -0.886101 0.395315 1.257809 -3.851717 6.233736 0.408386 0.010337
data/frame-000098.color.jpg 0.060622 0.243320 -0.885238 0.391757 1.418949 -3.857775 6.197122 0.701660 0.016973
data/frame-000099.color.jpg 0.073258 0.274197 -0.877701 0.386121 1.946023 -3.812172 6.115422 0.264872 0.008080
data/frame-000100.color.jpg 0.075356 0.282080 -0.877012 0.381578 2.080135 -3.833373 6.068733 0.109897 0.005211
data/frame-000101.color.jpg 0.081610 0.295485 -0.874123 0.376746 2.308392 -3.826081 5.999623 0.288502 0.007314
data/frame-000102.color.jpg 0.083965 0.303360 -0.872564 0.373569 2.440902 -3.822080 5.959553 0.226629 0.005107
data/frame-000103.color.jpg 0.090841 0.311463 -0.870620 0.369811 2.598813 -3.815403 5.896757 0.273524 0.007128
data/frame-000104.color.jpg 0.098600 0.326425 -0.867785 0.361488 2.867882 -3.827234 5.775101 0.301169 0.008644
data/frame-000105.color.jpg 0.101967 0.334695 -0.867920 0.352559 3.018476 -3.881472 5.669177 0.075064 0.002095
data/frame-000106.color.jpg 0.116821 0.359331 -0.870547 0.315248 3.495067 -4.166811 5.193779 0.248148 0.006683
data/frame-000107.color.jpg 0.117134 0.365635 -0.873411 0.299572 3.604149 -4.308161 5.011592 0.198429 0.001228
data/frame-000108.color.jpg 0.112688 0.373219 -0.874245 0.289318 3.689857 -4.384870 4.891759 0.200673 0.004298
data/frame-000109.color.jpg 0.109604 0.382810 -0.873949 0.278671 3.807171 -4.442310 4.752537 0.137129 0.003167
data/frame-000110.color.jpg 0.110544 0.386940 -0.873286 0.274643 3.873611 -4.456542 4.688615 0.210191 0.004086
data/frame-000111.color.jpg 0.097787 0.391784 -0.878067 0.256792 3.896401 -4.638750 4.500674 0.128510 0.002745
data/frame-000112.color.jpg 0.096655 0.394211 -0.878439 0.252190 3.934815 -4.669046 4.443386 0.181442 0.004284
data/frame-000113.color.jpg 0.094160 0.398021 -0.879470 0.243406 3.984412 -4.732615 4.333953 0.315522 0.005863
data/frame-000114.color.jpg 0.089460 0.401868 -0.880034 0.236725 4.029759 -4.770736 4.254559 0.288595 0.004516
data/frame-000115.color.jpg 0.090782 0.402325 -0.880175 0.234914 4.045472 -4.780722 4.225604 0.360893 0.006966
data/frame-000116.color.jpg 0.097053 0.406183 -0.879431 0.228468 4.149815 -4.789644 4.107957 0.476141 0.009546
data/frame-000117.color.jpg 0.097756 0.410795 -0.878482 0.223519 4.236336 -4.774209 4.029607 0.371708 0.007717
data/frame-000118.color.jpg 0.108473 0.432147 -0.865222 0.229943 4.580262 -4.405665 3.977027 0.380260 0.010723
data/frame-000119.color.jpg 0.112678 0.428642 -0.864889 0.235663 4.563558 -4.338957 4.002681 0.199275 0.008441
data/frame-000120.color.jpg 0.118340 0.426480 -0.865385 0.234989 4.589008 -4.321435 3.951261 0.413621 0.013521
data/frame-000121.color.jpg 0.127131 0.431785 -0.862610 0.230875 4.711509 -4.263471 3.828516 0.177987 0.006999
data/frame-000122.color.jpg 0.121961 0.439510 -0.860031 0.228697 4.799696 -4.188555 3.789410 0.283732 0.009425
data/frame-000123.color.jpg 0.125055 0.448156 -0.854427 0.231242 4.925024 -4.050227 3.763857 0.156600 0.004340
data/frame-000124.color.jpg 0.118770 0.446250 -0.855819 0.233084 4.896241 -4.035217 3.794011 0.122939 0.006016
data/frame-000125.color.jpg 0.115778 0.424837 -0.866209 0.236200 4.674112 -4.201091 3.886697 0.139654 0.007877
data/frame-000126.color.jpg 0.107253 0.398835 -0.878013 0.241911 4.362167 -4.384869 4.044996 0.403132 0.008282
data/frame-000127.color.jpg 0.102693 0.361497 -0.893015 0.247585 3.935624 -4.631777 4.207041 0.351577 0.005748
data/frame-000128.color.jpg 0.099500 0.339538 -0.901710 0.248459 3.678802 -4.780913 4.271472 0.376351 0.005733
data/frame-000129.color.jpg 0.094047 0.315912 -0.909100 0.254740 3.382212 -4.881692 4.405406 0.268461 0.005632
data/frame-000130.color.jpg 0.092784 0.301741 -0.912461 0.260303 3.217002 -4.913550 4.490318 0.415673 0.010448
data/frame-000131.color.jpg 0.091628 0.292058 -0.914680 0.263944 3.107508 -4.929882 4.553339 0.297403 0.007170
data/frame-000132.color.jpg 0.092594 0.288947 -0.915352 0.264702 3.078008 -4.937715 4.561320 0.440676 0.009568
data/frame-000133.color.jpg 0.084476 0.274415 -0.920034 0.266643 2.853454 -4.996381 4.602460 0.510401 0.014126
data/frame-000134.color.jpg 0.082193 0.271170 -0.921904 0.264206 2.802044 -5.031825 4.580209 0.526424 0.014190
data/frame-000135.color.jpg 0.069274 0.258482 -0.926109 0.265914 2.571040 -5.079514 4.625648 0.210916 0.007806
data/frame-000136.color.jpg 0.065555 0.243182 -0.929625 0.269004 2.353893 -5.103409 4.665004 0.183506 0.008012
data/frame-000137.color.jpg 0.059118 0.228131 -0.934982 0.265085 2.129597 -5.182855 4.620872 0.287850 0.008274
data/frame-000138.color.jpg 0.045009 0.209399 -0.939273 0.268128 1.819681 -5.217712 4.664404 0.260334 0.004877
data/frame-000139.color.jpg 0.040849 0.190356 -0.940940 0.277000 1.545372 -5.174924 4.751766 0.210740 0.005113
data/frame-000140.color.jpg 0.025053 0.174468 -0.942482 0.284009 1.252632 -5.161406 4.826747 0.682682 0.012721
data/frame-000141.color.jpg 0.007765 0.148945 -0.948005 0.281143 0.828026 -5.234409 4.785444 0.433196 0.007853
data/frame-000142.color.jpg 0.013675 -0.122919 0.951183 -0.282764 0.379461 -5.263684 4.779815 1.147967 0.021361
data/frame-000143.color.jpg 0.037445 -0.078186 0.955820 -0.280878 -0.313742 -5.310920 4.696975 0.319946 0.005280
data/frame-000144.color.jpg 0.043518 -0.043518 0.958454 -0.278529 -0.763899 -5.300601 4.627598 0.580703 0.011266
data/frame-000145.color.jpg 0.065097 0.017865 0.954794 -0.289502 -1.610756 -5.084157 4.620902 0.769056 0.014003
data/frame-000146.color.jpg 0.067819 0.026379 0.952556 -0.295538 -1.726960 -5.004675 4.667011 0.775640 0.014511
data/frame-000147.color.jpg 0.073841 0.040807 0.949036 -0.303664 -1.931213 -4.880837 4.714910 0.719055 0.012215
data/frame-000148.color.jpg 0.074732 0.054017 0.945242 -0.313072 -2.094394 -4.740947 4.793020 0.346141 0.005471
data/frame-000149.color.jpg 0.088439 0.065922 0.940064 -0.322665 -2.299821 -4.615769 4.823923 1.205908 0.023625
data/frame-000150.color.jpg 0.092234 0.078475 0.936619 -0.328754 -2.467477 -4.508559 4.848646 1.097829 0.023269
data/frame-000151.color.jpg 0.096386 0.092375 0.934563 -0.329801 -2.661955 -4.434369 4.822042 0.542455 0.009481
data/frame-000152.color.jpg 0.111273 0.104887 0.929509 -0.335604 -2.903659 -4.333579 4.799407 0.370398 0.008591
data/frame-000153.color.jpg 0.114401 0.107654 0.928814 -0.335601 -2.961733 -4.325928 4.788827 0.281324 0.006837
data/frame-000154.color.jpg 0.116140 0.106696 0.928129 -0.337201 -2.959988 -4.317582 4.798387 0.285112 0.005002
data/frame-000155.color.jpg 0.115527 0.100647 0.926650 -0.343283 -2.894789 -4.290047 4.880791 0.368433 0.006841
data/frame-000156.color.jpg 0.113604 0.085484 0.926534 -0.348312 -2.693297 -4.304348 4.989334 0.635797 0.014767
data/frame-000157.color.jpg 0.100948 0.067426 0.924846 -0.360447 -2.402812 -4.237062 5.207355 0.745836 0.016137
data/frame-000158.color.jpg 0.087887 0.049470 0.922777 -0.371903 -2.118407 -4.153838 5.403689 0.541697 0.011489
data/frame-000159.color.jpg 0.085762 0.041657 0.921777 -0.375814 -2.003729 -4.121353 5.470084 0.587927 0.013147
data/frame-000160.color.jpg 0.075130 0.030619 0.922194 -0.378121 -1.808725 -4.108899 5.546114 0.288735 0.007632
data/frame-000161.color.jpg 0.072152 0.024031 0.920887 -0.382340 -1.708522 -4.067271 5.606934 0.394825 0.009824
data/frame-000162.color.jpg 0.066683 0.008146 0.918907 -0.388713 -1.476472 -4.027652 5.709108 0.120301 0.003515
data/frame-000163.color.jpg 0.058543 -0.004506 0.920143 -0.387155 -1.260691 -4.061563 5.737824 0.135415 0.003397
data/frame-000164.color.jpg 0.047325 -0.020196 0.921477 -0.385011 -0.975181 -4.106104 5.765678 0.128452 0.002329
data/frame-000165.color.jpg 0.039399 -0.036262 0.922861 -0.381392 -0.705427 -4.159940 5.767811 0.118956 0.002682
data/frame-000166.color.jpg 0.028255 -0.057159 0.924968 -0.374657 -0.345980 -4.239161 5.739965 0.482026 0.010623
data/frame-000167.color.jpg 0.018184 -0.074070 0.925236 -0.371646 -0.046009 -4.268697 5.734877 0.467429 0.011963
data/frame-000168.color.jpg 0.001817 -0.097251 0.925340 -0.366449 0.373708 -4.303492 5.701776 0.400467 0.008571
data/frame-000169.color.jpg 0.007611 0.115484 -0.923719 0.365170 0.682335 -4.292334 5.693854 0.126712 0.004796
data/frame-000170.color.jpg 0.016212 0.131505 -0.922753 0.361898 0.958387 -4.293473 5.656454 0.321638 0.008236
data/frame-000171.color.jpg 0.028125 0.151575 -0.919937 0.360485 1.301777 -4.252056 5.625580 0.164488 0.004087
data/frame-000172.color.jpg 0.039450 0.168816 -0.917177 0.358791 1.608645 -4.212876 5.586229 0.083293 0.002560
data/frame-000173.color.jpg 0.049037 0.182724 -0.916104 0.353498 1.858482 -4.217021 5.508913 0.332636 0.007623
data/frame-000174.color.jpg 0.062965 0.204310 -0.913972 0.344887 2.245273 -4.224864 5.374683 0.321708 0.007270
data/frame-000175.color.jpg 0.070176 0.216145 -0.912753 0.339468 2.449851 -4.233702 5.290440 0.155222 0.003774
data/frame-000176.color.jpg 0.077638 0.228140 -0.911859 0.332321 2.656140 -4.255330 5.183059 0.165321 0.002411
data/frame-000177.color.jpg 0.084916 0.254011 -0.909782 0.317118 3.047843 -4.289951 4.965440 0.179972 0.006018
data/frame-000178.color.jpg 0.087213 0.259221 -0.910081 0.311369 3.131644 -4.321097 4.890384 0.163101 0.005781
data/frame-000179.color.jpg 0.090336 0.271497 -0.909179 0.302525 3.307692 -4.347440 4.766613 0.098621 0.005935
data/frame-000180.color.jpg 0.093653 0.283212 -0.909440 0.289724 3.478559 -4.402233 4.596128 0.350035 0.007989
data/frame-000181.color.jpg 0.095134 0.293120 -0.909356 0.279466 3.620366 -4.441167 4.462929 0.419565 0.011164
data/frame-000182.color.jpg 0.099732 0.304089 -0.907517 0.272021 3.792293 -4.444074 4.335294 0.132726 0.005637
data/frame-000183.color.jpg 0.101638 0.311620 -0.906903 0.264746 3.900555 -4.459448 4.230629 0.295605 0.007871
data/frame-000184.color.jpg 0.102069 0.323598 -0.907409 0.247942 4.065556 -4.545689 4.007185 0.163328 0.003680
data/frame-000185.color.jpg 0.101206 0.324254 -0.908243 0.244359 4.071857 -4.571886 3.972488 0.389154 0.009849
data/frame-000186.color.jpg 0.098599 0.326247 -0.909434 0.238268 4.087727 -4.624210 3.902036 0.188700 0.003324
data/frame-000187.color.jpg 0.092933 0.329507 -0.910454 0.232081 4.102482 -4.665524 3.844998 0.213982 0.004408
data/frame-000188.color.jpg 0.088602 0.331345 -0.911815 0.225729 4.107327 -4.712911 3.784467 0.389192 0.008797
data/frame-000189.color.jpg 0.085331 0.331763 -0.913115 0.221073 4.104763 -4.752954 3.741712 0.396506 0.007185
data/frame-000190.color.jpg 0.083222 0.332211 -0.913676 0.218874 4.106532 -4.781328 3.720456 0.220653 0.003680
data/frame-000191.color.jpg 0.082512 0.334193 -0.914313 0.213398 4.127363 -4.816704 3.653710 0.256896 0.005396
data/frame-000192.color.jpg 0.078553 0.334416 -0.915934 0.207508 4.118152 -4.867469 3.598150 0.274356 0.004753
data/frame-000193.color.jpg 0.076809 0.334443 -0.916345 0.206301 4.112919 -4.874516 3.589219 0.390124 0.007898
data/frame-000194.color.jpg 0.078295 0.331303 -0.916443 0.210333 4.083422 -4.862651 3.630985 0.257345 0.006372
data/frame-000195.color.jpg 0.080848 0.326854 -0.916767 0.214868 4.043522 -4.846677 3.679598 0.357174 0.007841
data/frame-000196.color.jpg 0.084984 0.321177 -0.916267 0.223780 3.995075 -4.798049 3.776022 0.404644 0.010073
data/frame-000197.color.jpg 0.091682 0.318550 -0.913428 0.236157 3.988431 -4.669402 3.892203 0.498347 0.013128
data/frame-000198.color.jpg 0.095138 0.318176 -0.910125 0.247760 3.995105 -4.550589 4.005176 0.290783 0.008483
data/frame-000199.color.jpg 0.099096 0.315944 -0.909103 0.252768 3.988053 -4.500436 4.045835 0.144693 0.003811
data/frame-000200.color.jpg 0.106685 0.316088 -0.906430 0.259022 4.022288 -4.413239 4.072216 0.292988 0.006080
data/frame-000201.color.jpg 0.112100 0.315235 -0.903798 0.266851 4.038302 -4.322801 4.123877 0.246369 0.003979
data/frame-000202.color.jpg 0.115512 0.317868 -0.902027 0.268262 4.083607 -4.265662 4.111308 0.293851 0.007580
data/frame-000203.color.jpg 0.122165 0.320128 -0.898462 0.274517 4.142318 -4.150408 4.119811 0.269956 0.004693
data/frame-000204.color.jpg 0.127043 0.323687 -0.895345 0.278289 4.199154 -4.050654 4.111677 0.476673 0.010170
data/frame-000205.color.jpg 0.130368 0.323922 -0.891611 0.288285 4.211420 -3.920834 4.175046 0.388786 0.008337
data/frame-000206.color.jpg 0.130709 0.321426 -0.891338 0.291750 4.182899 -3.882866 4.203014 0.657599 0.014922
data/frame-000207.color.jpg 0.133210 0.318451 -0.888737 0.301646 4.158367 -3.776417 4.280500 0.618490 0.013666
data/frame-000208.color.jpg 0.133570 0.319907 -0.884420 0.312442 4.177538 -3.645453 4.361326 0.143459 0.004215
data/frame-000209.color.jpg 0.133630 0.324820 -0.882097 0.313910 4.240888 -3.574425 4.341646 0.279134 0.007898
data/frame-000210.color.jpg 0.130668 0.329493 -0.881385 0.312282 4.284290 -3.543914 4.315902 0.380031 0.009639
data/frame-000211.color.jpg 0.131193 0.336206 -0.876516 0.318548 4.390596 -3.402105 4.342198 0.451611 0.011048
data/frame-000212.color.jpg 0.134512 0.331915 -0.876189 0.322540 4.384133 -3.390584 4.375122 0.287012 0.006004
data/frame-000213.color.jpg 0.145832 0.307393 -0.881850 0.326470 4.260932 -3.526589 4.447136 0.412035 0.009173
data/frame-000214.color.jpg 0.144099 0.300015 -0.883254 0.330285 4.205494 -3.541449 4.520794 0.333827 0.007631
data/frame-000215.color.jpg 0.144503 0.296644 -0.882748 0.334479 4.213724 -3.520013 4.579648 0.308910 0.009737
data/frame-000216.color.jpg 0.143637 0.295795 -0.882278 0.336837 4.232852 -3.500153 4.612175 0.324920 0.010116
data/frame-000217.color.jpg 0.143913 0.292356 -0.882454 0.339253 4.219369 -3.500892 4.648084 0.261333 0.009596
data/frame-000218.color.jpg 0.143829 0.289360 -0.882311 0.342216 4.206386 -3.489996 4.685072 0.206987 0.007505
data/frame-000219.color.jpg 0.141221 0.286846 -0.883176 0.343186 4.182149 -3.499672 4.717237 0.270824 0.009671
data/frame-000220.color.jpg 0.145406 0.289334 -0.882081 0.342164 4.274296 -3.488088 4.672690 0.276255 0.010108
data/frame-000221.color.jpg 0.151857 0.304281 -0.877812 0.337340 4.497078 -3.417705 4.526863 0.237996 0.007146
data/frame-000222.color.jpg 0.161291 0.320399 -0.874501 0.326462 4.740966 -3.382530 4.303464 0.398299 0.011502
data/frame-000223.color.jpg 0.172562 0.335650 -0.867083 0.325159 4.974360 -3.252249 4.152085 0.120195 0.003361
data/frame-000224.color.jpg 0.175476 0.346549 -0.863681 0.321196 5.103187 -3.188213 4.044338 0.104247 0.002196
data/frame-000225.color.jpg 0.187058 0.374226 -0.853883 0.309593 5.447811 -3.020613 3.723350 0.247560 0.006628
data/frame-000226.color.jpg 0.196439 0.392705 -0.846934 0.299831 5.674460 -2.910985 3.474830 0.317148 0.008868
data/frame-000227.color.jpg 0.208824 0.417209 -0.835896 0.289150 5.954607 -2.724296 3.150249 0.168624 0.004337
data/frame-000228.color.jpg 0.214707 0.433437 -0.828424 0.282393 6.122168 -2.587719 2.945258 0.346570 0.008793
data/frame-000229.color.jpg 0.221236 0.450141 -0.821371 0.271619 6.280898 -2.471764 2.700576 0.141483 0.005226
data/frame-000230.color.jpg 0.219184 0.465385 -0.817141 0.260109 6.388581 -2.379170 2.516502 0.063928 0.004111
data/frame-000231.color.jpg 0.209872 0.482436 -0.814815 0.243486 6.476295 -2.298285 2.333089 0.297598 0.007853
data/frame-000232.color.jpg 0.207091 0.489625 -0.813586 0.235497 6.511831 -2.269855 2.229570 0.183750 0.003650
data/frame-000233.color.jpg 0.197443 0.495923 -0.814479 0.227376 6.527092 -2.255103 2.189227 0.451216 0.010191
data/frame-000234.color.jpg 0.191554 0.494671 -0.818174 0.221809 6.493724 -2.317123 2.178044 0.170230 0.001699
data/frame-000235.color.jpg 0.175371 0.482364 -0.827155 0.228875 6.364185 -2.431392 2.415997 0.313464 0.006255
data/frame-000236.color.jpg 0.166359 0.463566 -0.838046 0.234756 6.205873 -2.625669 2.618119 0.320643 0.005512
data/frame-000237.color.jpg 0.165454 0.426306 -0.855512 0.242873 5.924913 -3.008239 2.848323 0.249563 0.003450
data/frame-000238.color.jpg 0.159122 0.400201 -0.867270 0.249724 5.692210 -3.248580 3.059173 0.252755 0.003846
data/frame-000239.color.jpg 0.153581 0.375672 -0.876848 0.257723 5.466915 -3.439988 3.271833 0.188204 0.004070
data/frame-000240.color.jpg 0.149345 0.359768 -0.881863 0.265671 5.311293 -3.529792 3.437513 0.155680 0.003282
data/frame-000241.color.jpg 0.145843 0.345607 -0.885734 0.273424 5.171096 -3.596895 3.590567 0.136218 0.003525
data/frame-000242.color.jpg 0.138601 0.327386 -0.890340 0.284436 4.980409 -3.662229 3.809862 0.137994 0.002381
data/frame-000243.color.jpg 0.132931 0.315847 -0.893465 0.290328 4.858067 -3.713303 3.941784 0.171516 0.000954
data/frame-000244.color.jpg 0.128336 0.307266 -0.896513 0.292203 4.771469 -3.765003 4.013250 0.075026 0.002259
data/frame-000245.color.jpg 0.133480 0.299666 -0.897147 0.295823 4.748556 -3.788149 4.042648 0.113884 0.001677
data/frame-000246.color.jpg 0.136408 0.298572 -0.896598 0.297253 4.769379 -3.778746 4.041627 0.141947 0.002992
data/frame-000247.color.jpg 0.142444 0.294968 -0.894220 0.305081 4.789061 -3.717222 4.088117 0.223678 0.004533
data/frame-000248.color.jpg 0.142069 0.295634 -0.894765 0.303004 4.808327 -3.717218 4.062449 0.208294 0.004660
data/frame-000249.color.jpg 0.139245 0.296218 -0.894162 0.305514 4.810347 -3.671737 4.097371 0.092174 0.003901
data/frame-000250.color.jpg 0.142517 0.294652 -0.893505 0.307436 4.822506 -3.647933 4.089624 0.191695 0.005788
data/frame-000251.color.jpg 0.143710 0.292454 -0.892637 0.311477 4.820175 -3.605108 4.110434 0.229929 0.007146
data/frame-000252.color.jpg 0.145454 0.289835 -0.890689 0.318610 4.811793 -3.541939 4.155514 0.175988 0.004985
data/frame-000253.color.jpg 0.142088 0.282179 -0.891418 0.324901 4.722135 -3.515583 4.231288 0.163078 0.004048
data/frame-000254.color.jpg 0.132978 0.274166 -0.892774 0.331820 4.602484 -3.504435 4.361905 0.245319 0.007537
data/frame-000255.color.jpg 0.127560 0.271995 -0.895003 0.329722 4.557287 -3.535067 4.363939 0.097274 0.003079
data/frame-000256.color.jpg 0.122030 0.266730 -0.896407 0.332293 4.477062 -3.544824 4.425010 0.108876 0.002492
data/frame-000257.color.jpg 0.109730 0.259897 -0.899217 0.334399 4.344087 -3.571900 4.525669 0.226078 0.004107
data/frame-000258.color.jpg 0.106522 0.256776 -0.900038 0.335634 4.294503 -3.582150 4.562797 0.236716 0.003743
data/frame-000259.color.jpg 0.096230 0.235800 -0.905629 0.339077 4.031605 -3.701148 4.705880 0.254918 0.005506
data/frame-000260.color.jpg 0.092636 0.217747 -0.908776 0.343701 3.833769 -3.769637 4.817543 0.137877 0.004888
data/frame-000261.color.jpg 0.077799 0.192367 -0.914560 0.347163 3.487897 -3.894798 4.985053 0.197142 0.003354
data/frame-000262.color.jpg 0.071314 0.160308 -0.918337 0.354785 3.127210 -3.985713 5.163740 0.246220 0.005078
data/frame-000263.color.jpg 0.065014 0.149761 -0.919129 0.358534 2.989248 -3.992802 5.250106 0.120783 0.001525
data/frame-000264.color.jpg 0.056569 0.140883 -0.918817 0.364318 2.856445 -3.967557 5.356789 0.231130 0.002770
data/frame-000265.color.jpg 0.051299 0.135182 -0.918349 0.368415 2.780222 -3.939871 5.427845 0.269076 0.007352
data/frame-000266.color.jpg 0.048167 0.124085 -0.917515 0.374765 2.666340 -3.905581 5.521884 0.491917 0.011124
data/frame-000267.color.jpg 0.042629 0.116973 -0.915533 0.382491 2.575524 -3.843389 5.629747 0.180271 0.003487
data/frame-000268.color.jpg 0.040471 0.117536 -0.915142 0.383487 2.581622 -3.824889 5.643433 0.132477 0.004075
data/frame-000269.color.jpg 0.041264 0.117246 -0.915442 0.382776 2.606209 -3.828952 5.638410 0.245156 0.007704
data/frame-000270.color.jpg 0.048963 0.119046 -0.914782 0.382889 2.703575 -3.814290 5.602623 0.336088 0.008783
data/frame-000271.color.jpg 0.052786 0.120191 -0.913279 0.385602 2.763322 -3.769312 5.601562 0.173718 0.003885
data/frame-000272.color.jpg 0.057852 0.128167 -0.912100 0.385098 2.913969 -3.715969 5.546227 0.627579 0.014728
data/frame-000273.color.jpg 0.075276 0.142919 -0.908589 0.385193 3.244571 -3.611149 5.415960 0.455666 0.013110
data/frame-000274.color.jpg 0.086762 0.148737 -0.904568 0.390007 3.419576 -3.499282 5.351652 0.423615 0.011832
data/frame-000275.color.jpg 0.091044 0.157393 -0.901058 0.393742 3.572198 -3.367285 5.308993 0.513209 0.016991
data/frame-000276.color.jpg 0.088327 0.163454 -0.900084 0.394118 3.633386 -3.312234 5.293819 0.424331 0.012240
data/frame-000277.color.jpg 0.087131 0.164279 -0.899764 0.394772 3.644983 -3.288164 5.286208 0.082293 0.007514
data/frame-000278.color.jpg 0.080371 0.157718 -0.901401 0.395148 3.552551 -3.310687 5.338178 0.512877 0.009494
data/frame-000279.color.jpg 0.078045 0.146339 -0.902857 0.396665 3.435676 -3.352052 5.386487 0.466105 0.009597
data/frame-000280.color.jpg 0.077566 0.127675 -0.903805 0.401022 3.254113 -3.405042 5.479074 0.313313 0.007805
data/frame-000281.color.jpg 0.070560 0.124023 -0.906917 0.396411 3.197828 -3.478370 5.490334 0.357549 0.007365
data/frame-000282.color.jpg 0.071107 0.127572 -0.906442 0.396272 3.270472 -3.465287 5.484023 0.441304 0.010014
data/frame-000283.color.jpg 0.075904 0.139299 -0.904948 0.394845 3.461719 -3.426129 5.424895 0.086050 0.001195
data/frame-000284.color.jpg 0.082078 0.150384 -0.903559 0.392721 3.651180 -3.388891 5.348717 0.193524 0.002948
data/frame-000285.color.jpg 0.087201 0.166849 -0.902062 0.388382 3.897008 -3.338969 5.235484 0.387587 0.008164
data/frame-000286.color.jpg 0.099070 0.184004 -0.899303 0.384164 4.168757 -3.281723 5.078440 0.120413 0.005178
data/frame-000287.color.jpg 0.104588 0.195803 -0.898292 0.379202 4.346462 -3.256533 4.963087 0.175340 0.006620
data/frame-000288.color.jpg 0.114033 0.212257 -0.896285 0.372312 4.594220 -3.216760 4.781027 0.476632 0.008914
data/frame-000289.color.jpg 0.122881 0.227921 -0.893787 0.366192 4.824063 -3.161992 4.609368 0.560102 0.011081
data/frame-000290.color.jpg 0.131063 0.241917 -0.891382 0.360189 5.031715 -3.109956 4.441212 0.604670 0.011309
data/frame-000291.color.jpg 0.140214 0.256312 -0.889703 0.350817 5.239292 -3.080010 4.229973 0.686683 0.015164
data/frame-000292.color.jpg 0.149075 0.270375 -0.886486 0.344699 5.437147 -3.017332 4.042800 0.662430 0.014579
data/frame-000293.color.jpg 0.157411 0.284966 -0.882946 0.338263 5.625710 -2.945719 3.848461 0.273570 0.006948
data/frame-000294.color.jpg 0.165736 0.294965 -0.880337 0.332466 5.761433 -2.904523 3.681975 0.347947 0.007634
data/frame-000295.color.jpg 0.168958 0.303897 -0.877552 0.330153 5.861565 -2.837379 3.590761 0.165519 0.004540
data/frame-000296.color.jpg 0.179177 0.315581 -0.874416 0.322025 6.011809 -2.797765 3.372125 0.279862 0.006779
data/frame-000297.color.jpg 0.182375 0.321029 -0.875224 0.312509 6.066922 -2.830197 3.234440 0.460725 0.010843
data/frame-000298.color.jpg 0.191809 0.333127 -0.873262 0.299414 6.197867 -2.829178 2.965787 0.581147 0.012193
data/frame-000299.color.jpg 0.197319 0.348804 -0.870080 0.286988 6.327054 -2.761907 2.726355 0.804598 0.016830
data/frame-000300.color.jpg 0.198380 0.364171 -0.865323 0.281498 6.437276 -2.637108 2.585178 0.410701 0.008936
data/frame-000301.color.jpg 0.194661 0.375042 -0.864863 0.271041 6.489277 -2.593048 2.471346 0.575191 0.010998
data/frame-000302.color.jpg 0.192811 0.386899 -0.862311 0.263729 6.551593 -2.515607 2.356624 0.127279 0.000766
data/frame-000303.color.jpg 0.195016 0.401313 -0.856888 0.258185 6.624631 -2.395110 2.213629 0.674553 0.015967
data/frame-000304.color.jpg 0.193044 0.413215 -0.850868 0.260790 6.689600 -2.229148 2.201509 0.869463 0.019366
data/frame-000305.color.jpg 0.194727 0.415610 -0.849550 0.260027 6.705718 -2.204812 2.164307 0.785915 0.018859
data/frame-000306.color.jpg 0.204134 0.430476 -0.840973 0.256486 6.810016 -2.032374 1.972510 0.519410 0.015524
data/frame-000307.color.jpg 0.210057 0.446214 -0.832330 0.252973 6.919557 -1.848464 1.807842 0.564841 0.017779
data/frame-000308.color.jpg 0.218951 0.458312 -0.824803 0.248417 7.003462 -1.715623 1.622840 0.608171 0.022230
data/frame-000309.color.jpg 0.227030 0.474795 -0.814908 0.242800 7.110084 -1.519735 1.409677 0.616754 0.023169
data/frame-000310.color.jpg 0.240040 0.492134 -0.804595 0.229806 7.188482 -1.342180 1.053143 0.778453 0.016124
data/frame-000311.color.jpg 0.255545 0.508414 -0.791080 0.224508 7.264290 -1.138172 0.742044 1.230922 0.028376
data/frame-000312.color.jpg 0.257641 0.517606 -0.785316 0.221321 7.319881 -1.015295 0.648805 0.420521 0.014814
data/frame-000313.color.jpg 0.266892 0.531404 -0.773817 0.218141 7.364864 -0.823599 0.432219 0.645257 0.020120
data/frame-000314.color.jpg 0.275793 0.544918 -0.763619 0.209496 7.400051 -0.655532 0.176719 0.605972 0.016381
data/frame-000315.color.jpg 0.279619 0.558088 -0.755572 0.198651 7.414012 -0.483660 -0.036634 1.158856 0.020152
data/frame-000316.color.jpg 0.298752 0.570899 -0.733839 0.215178 7.441588 -0.184026 -0.225187 0.759603 0.022500
data/frame-000317.color.jpg 0.306198 0.569686 -0.728504 0.225793 7.450100 -0.127814 -0.229858 0.505648 0.016795
data/frame-000318.color.jpg 0.307216 0.569235 -0.726857 0.230802 7.456350 -0.093314 -0.195928 0.267563 0.010808
data/frame-000319.color.jpg 0.319925 0.565192 -0.720324 0.243595 7.455030 -0.055853 -0.226452 0.334096 0.006200
data/frame-000320.color.jpg 0.328446 0.562396 -0.715172 0.253700 7.448371 -0.033148 -0.242519 0.563421 0.012426
data/frame-000321.color.jpg 0.331252 0.558477 -0.710948 0.270054 7.455892 0.022618 -0.135798 0.380054 0.010956
data/frame-000322.color.jpg 0.331030 0.555540 -0.708811 0.281747 7.459179 0.071236 -0.028242 0.308839 0.009211
data/frame-000323.color.jpg 0.334397 0.551970 -0.705803 0.292148 7.453039 0.101784 0.025361 0.456997 0.012378
data/frame-000324.color.jpg 0.336580 0.548567 -0.704133 0.299976 7.459262 0.114110 0.079283 0.280721 0.008347
data/frame-000325.color.jpg 0.343736 0.543647 -0.700446 0.309305 7.464653 0.110084 0.087640 0.181449 0.005864
data/frame-000326.color.jpg 0.349145 0.539724 -0.697691 0.316263 7.462596 0.108778 0.096490 0.235451 0.006750
data/frame-000327.color.jpg 0.356940 0.536116 -0.693019 0.323879 7.457615 0.112351 0.073649 0.517485 0.013705
data/frame-000328.color.jpg 0.360747 0.534090 -0.690605 0.328137 7.459624 0.123505 0.070635 0.447617 0.011945
data/frame-000329.color.jpg 0.368551 0.532916 -0.684284 0.334554 7.462347 0.156597 0.013418 0.473554 0.013154
data/frame-000330.color.jpg 0.376233 0.531164 -0.679591 0.338334 7.466035 0.161178 -0.047038 0.364515 0.010758
data/frame-000331.color.jpg 0.381701 0.532750 -0.673596 0.341688 7.462081 0.223117 -0.115406 0.396774 0.011204
data/frame-000332.color.jpg 0.382310 0.532719 -0.671917 0.344350 7.469927 0.252810 -0.109267 0.154421 0.002840
data/frame-000333.color.jpg 0.391653 0.529758 -0.667240 0.347498 7.458628 0.229153 -0.190183 0.441254 0.010858
data/frame-000334.color.jpg 0.395503 0.526448 -0.665771 0.350968 7.456614 0.207191 -0.195234 0.444960 0.011407
data/frame-000335.color.jpg 0.396363 0.522494 -0.665150 0.357030 7.453710 0.201929 -0.144818 0.411706 0.012025
data/frame-000336.color.jpg 0.396520 0.521703 -0.665947 0.356529 7.452275 0.188318 -0.140062 0.364665 0.010138
data/frame-000337.color.jpg 0.394309 0.521596 -0.668333 0.354667 7.452553 0.179602 -0.119639 0.240093 0.006494
data/frame-000338.color.jpg 0.394663 0.521400 -0.667267 0.356563 7.447819 0.189841 -0.118077 0.382677 0.011060
data/frame-000339.color.jpg 0.385832 0.528374 -0.669892 0.350999 7.441420 0.263595 -0.099355 0.264816 0.005346
data/frame-000340.color.jpg 0.379420 0.532621 -0.671531 0.348428 7.432335 0.315570 -0.080611 0.249569 0.007691
data/frame-000341.color.jpg 0.372060 0.535697 -0.676423 0.342127 7.429139 0.322402 -0.054715 0.307616 0.006430
data/frame-000342.color.jpg 0.364200 0.541479 -0.680088 0.334124 7.426376 0.354355 -0.068096 0.299846 0.006446
data/frame-000343.color.jpg 0.359860 0.550241 -0.682194 0.319918 7.422986 0.394028 -0.195495 0.260984 0.006638
data/frame-000344.color.jpg 0.365208 0.557543 -0.676404 0.313444 7.420894 0.474064 -0.401885 0.057088 0.005322
data/frame-000345.color.jpg 0.377413 0.569203 -0.665522 0.301078 7.391912 0.582176 -0.763074 0.224125 0.008399
data/frame-000346.color.jpg 0.386287 0.583418 -0.653283 0.289185 7.342987 0.737751 -1.094343 0.328540 0.010794
data/frame-000347.color.jpg 0.395697 0.600194 -0.636640 0.279070 7.262236 0.959368 -1.446818 0.329744 0.009426
data/frame-000348.color.jpg 0.408330 0.625081 -0.611649 0.261583 7.096979 1.276366 -1.950840 0.288473 0.007826
data/frame-000349.color.jpg 0.419553 0.639710 -0.592495 0.252381 6.948959 1.483059 -2.296586 0.354957 0.008690
data/frame-000350.color.jpg 0.422690 0.643823 -0.586110 0.251596 6.898995 1.545598 -2.386530 0.308380 0.008347
data/frame-000351.color.jpg 0.426254 0.653502 -0.574967 0.246283 6.800715 1.692238 -2.551746 0.279092 0.006633
data/frame-000352.color.jpg 0.432673 0.679660 -0.542901 0.236885 6.501291 2.118360 -2.932299 0.517069 0.011414
data/frame-000353.color.jpg 0.439206 0.691199 -0.524987 0.231801 6.323106 2.292459 -3.156217 0.297616 0.007721
data/frame-000354.color.jpg 0.440504 0.693316 -0.521631 0.230588 6.289623 2.322006 -3.197766 0.270647 0.006563
data/frame-000355.color.jpg 0.448410 0.707997 -0.498540 0.221645 6.037178 2.543974 -3.480846 0.491147 0.011451
data/frame-000356.color.jpg 0.454276 0.714822 -0.484585 0.218725 5.888348 2.642096 -3.647217 0.388751 0.009982
data/frame-000357.color.jpg 0.458267 0.724464 -0.468008 0.214736 5.715284 2.799583 -3.798967 0.594747 0.014592
data/frame-000358.color.jpg 0.460650 0.724870 -0.465398 0.213940 5.683588 2.796627 -3.848925 0.444471 0.008911
data/frame-000359.color.jpg 0.472182 0.735604 -0.440877 0.203859 5.382291 2.930253 -4.154047 0.141677 0.001306
data/frame-000360.color.jpg 0.480237 0.741105 -0.425641 0.197398 5.186258 2.992891 -4.344678 0.321166 0.009478
data/frame-000361.color.jpg 0.486659 0.744710 -0.412932 0.195085 5.043732 3.035354 -4.481641 0.127847 0.003081
data/frame-000362.color.jpg 0.487796 0.745856 -0.410167 0.193693 5.005361 3.051991 -4.515555 0.194429 0.005946
data/frame-000363.color.jpg 0.492715 0.749582 -0.399151 0.189835 4.871231 3.094049 -4.634416 0.217015 0.005192
data/frame-000364.color.jpg 0.500086 0.755495 -0.381474 0.183352 4.642898 3.164226 -4.817770 0.125870 0.004598
data/frame-000365.color.jpg 0.502301 0.760250 -0.371549 0.177949 4.499302 3.230217 -4.906857 0.249210 0.006740
data/frame-000366.color.jpg 0.502688 0.760658 -0.370268 0.177779 4.488362 3.234686 -4.918144 0.160182 0.003759
data/frame-000367.color.jpg 0.505920 0.770152 -0.351062 0.166331 4.202246 3.368619 -5.078841 0.133442 0.003654
data/frame-000368.color.jpg 0.506716 0.770563 -0.349290 0.165736 4.178888 3.371607 -5.097632 0.125382 0.004075
data/frame-000369.color.jpg 0.506965 0.773372 -0.344691 0.161462 4.103727 3.412197 -5.139987 0.227933 0.005336
data/frame-000370.color.jpg 0.509459 0.775127 -0.339209 0.156737 4.023962 3.429245 -5.209503 0.282828 0.003007
data/frame-000371.color.jpg 0.506797 0.784940 -0.325324 0.145567 3.800241 3.608401 -5.288818 0.249952 0.006224
data/frame-000372.color.jpg 0.508349 0.787455 -0.319243 0.139931 3.708124 3.643322 -5.357656 0.100718 0.000998
data/frame-000373.color.jpg 0.514655 0.790603 -0.305975 0.128280 3.497360 3.683666 -5.524884 0.300388 0.008346
data/frame-000374.color.jpg 0.514747 0.790864 -0.304780 0.129148 3.491684 3.688536 -5.531068 0.101667 0.003993
data/frame-000375.color.jpg 0.513349 0.793719 -0.301027 0.125961 3.431727 3.744818 -5.544535 0.223953 0.006211
data/frame-000376.color.jpg 0.511234 0.796957 -0.297879 0.121521 3.369246 3.807829 -5.551290 0.355938 0.010229
data/frame-000377.color.jpg 0.504464 0.804581 -0.291537 0.114765 3.236659 3.979313 -5.538397 0.449455 0.010493
data/frame-000378.color.jpg 0.509400 0.803670 -0.285001 0.115758 3.143258 3.956679 -5.619270 0.140514 0.004285
data/frame-000379.color.jpg 0.508027 0.807352 -0.277742 0.113803 3.025656 4.034301 -5.633365 0.425112 0.010273
data/frame-000380.color.jpg 0.512316 0.815748 -0.247613 0.103799 2.542211 4.154048 -5.780858 0.228658 0.005361
data/frame-000381.color.jpg 0.509065 0.825689 -0.221571 0.099984 2.148730 4.327958 -5.810936 0.360578 0.007671
data/frame-000382.color.jpg 0.506086 0.833857 -0.198041 0.096642 1.792942 4.461073 -5.832061 0.106763 0.001878
data/frame-000383.color.jpg 0.507115 0.842262 -0.161933 0.084892 1.200879 4.558578 -5.896654 0.273903 0.005026
data/frame-000384.color.jpg 0.509212 0.846574 -0.137494 0.071490 0.772046 4.588829 -5.936182 0.434074 0.008458
data/frame-000385.color.jpg 0.510250 0.851579 -0.106286 0.056224 0.250049 4.616633 -5.944512 0.227337 0.003523
data/frame-000386.color.jpg 0.510334 0.853935 -0.089756 0.047940 -0.030163 4.628189 -5.931646 0.346662 0.006010
data/frame-000387.color.jpg 0.512274 0.855095 -0.069157 0.040062 -0.358378 4.597785 -5.930696 0.314479 0.005829
data/frame-000388.color.jpg 0.512694 0.856127 -0.054743 0.034554 -0.587905 4.582506 -5.910931 0.251618 0.004143
data/frame-000389.color.jpg 0.514505 0.856213 -0.037523 0.027860 -0.862591 4.534223 -5.899776 0.356296 0.006765
data/frame-000390.color.jpg 0.513448 0.857511 -0.024296 0.021370 -1.078449 4.528338 -5.854458 0.299196 0.005743
data/frame-000391.color.jpg 0.511128 0.859334 -0.010100 0.013824 -1.314851 4.530661 -5.787713 0.402152 0.007651
data/frame-000392.color.jpg 0.505187 0.862967 0.000339 0.008557 -1.482615 4.582220 -5.688557 0.149540 0.002704
data/frame-000393.color.jpg 0.499712 0.866108 0.011466 0.003508 -1.656053 4.621469 -5.593840 0.155484 0.002267
data/frame-000394.color.jpg 0.488834 0.872151 0.019859 -0.000506 -1.781927 4.732033 -5.449476 0.105521 0.002755
data/frame-000395.color.jpg 0.476654 0.878709 0.025595 -0.003914 -1.846094 4.856442 -5.291709 0.194487 0.003388
data/frame-000396.color.jpg 0.474522 0.879860 0.025687 -0.003778 -1.843202 4.880657 -5.268636 0.207491 0.003425
data/frame-000397.color.jpg 0.459284 0.887902 0.026093 -0.002589 -1.806209 5.048934 -5.096084 0.220926 0.003354
data/frame-000398.color.jpg 0.453089 0.890998 0.028258 -0.005827 -1.798061 5.106295 -5.005834 0.109724 0.003103
data/frame-000399.color.jpg 0.451733 0.891431 0.034524 -0.009741 -1.863584 5.101898 -4.963916 0.103260 0.003965
data/frame-000400.color.jpg 0.461496 0.886060 0.040934 -0.015597 -1.947980 4.979535 -5.037513 0.083202 0.000874
data/frame-000401.color.jpg 0.471378 0.880668 0.044049 -0.016887 -1.975400 4.859917 -5.129879 0.173436 0.004344
data/frame-000402.color.jpg 0.478891 0.876338 0.048687 -0.018007 -2.029358 4.758461 -5.195493 0.095570 0.002579
data/frame-000403.color.jpg 0.486384 0.871788 0.055351 -0.018769 -2.111176 4.645658 -5.256997 0.064382 0.001845
data/frame-000404.color.jpg 0.492396 0.868102 0.059481 -0.020150 -2.168126 4.558295 -5.308444 0.117960 0.002454
data/frame-000405.color.jpg 0.511981 0.855843 0.069970 -0.022648 -2.298381 4.280167 -5.464794 0.208720 0.002991
data/frame-000406.color.jpg 0.518406 0.851787 0.071873 -0.023419 -2.319039 4.191495 -5.518058 0.151828 0.001915
data/frame-000407.color.jpg 0.523673 0.848209 0.075530 -0.024568 -2.364381 4.111283 -5.549295 0.161004 0.004014
data/frame-000408.color.jpg 0.526275 0.846311 0.078686 -0.024532 -2.395745 4.062941 -5.564359 0.134884 0.003710
data/frame-000409.color.jpg 0.537360 0.838581 0.083158 -0.033336 -2.488313 3.911263 -5.625449 0.151084 0.002042
data/frame-000410.color.jpg 0.545508 0.832782 0.086088 -0.038531 -2.542627 3.800200 -5.669187 0.117003 0.002939
data/frame-000411.color.jpg 0.550603 0.828901 0.089609 -0.041583 -2.597014 3.721615 -5.689599 0.087545 0.002184
data/frame-000412.color.jpg 0.553799 0.825868 0.096978 -0.042950 -2.685921 3.652249 -5.684642 0.081164 0.001820
data/frame-000413.color.jpg 0.556095 0.823434 0.103518 -0.044705 -2.768311 3.593796 -5.675998 0.105224 0.002003
data/frame-000414.color.jpg 0.555667 0.822934 0.109326 -0.045410 -2.837882 3.577899 -5.652187 0.140670 0.002769
data/frame-000415.color.jpg 0.556132 0.822306 0.111195 -0.046534 -2.861054 3.566206 -5.647116 0.082645 0.003169
data/frame-000416.color.jpg 0.556554 0.821621 0.113711 -0.047496 -2.896107 3.554183 -5.639949 0.148738 0.002657
data/frame-000417.color.jpg 0.555747 0.821612 0.116856 -0.049428 -2.944024 3.557442 -5.618900 0.166718 0.003792
data/frame-000418.color.jpg 0.554994 0.821065 0.122998 -0.052016 -3.027887 3.547951 -5.586068 0.080429 0.002773
data/frame-000419.color.jpg 0.550895 0.821681 0.134872 -0.056261 -3.195213 3.553926 -5.500284 0.155147 0.003127
data/frame-000420.color.jpg 0.547149 0.822509 0.144044 -0.057946 -3.313414 3.562679 -5.436206 0.127487 0.003265
data/frame-000421.color.jpg 0.544447 0.820813 0.159168 -0.067158 -3.546114 3.535595 -5.330757 0.105152 0.003397
data/frame-000422.color.jpg 0.544715 0.817235 0.173644 -0.072527 -3.745201 3.457274 -5.271879 0.197910 0.005566
data/frame-000423.color.jpg 0.547884 0.806543 0.199692 -0.097136 -4.170634 3.303962 -5.094494 0.084132 0.005343
data/frame-000424.color.jpg 0.545679 0.807230 0.202067 -0.098914 -4.205463 3.323742 -5.056676 0.162409 0.006019
data/frame-000425.color.jpg 0.542694 0.807522 0.208859 -0.098833 -4.276995 3.318819 -5.008219 0.121933 0.005929
data/frame-000426.color.jpg 0.544734 0.803884 0.217073 -0.099570 -4.360498 3.236969 -4.992289 0.055669 0.003863
data/frame-000427.color.jpg 0.545685 0.801017 0.224162 -0.101736 -4.437685 3.176248 -4.959999 0.109564 0.003555
data/frame-000428.color.jpg 0.546570 0.799067 0.229300 -0.100866 -4.471514 3.123607 -4.949698 0.109609 0.003647
data/frame-000429.color.jpg 0.542473 0.799295 0.234828 -0.108197 -4.533262 3.154371 -4.856550 0.101520 0.002750
data/frame-000430.color.jpg 0.540548 0.799382 0.237648 -0.110995 -4.551865 3.162907 -4.814766 0.095444 0.003897
data/frame-000431.color.jpg 0.539458 0.801285 0.234627 -0.108985 -4.473858 3.205008 -4.840808 0.127811 0.004248
data/frame-000432.color.jpg 0.537444 0.803319 0.232157 -0.109248 -4.406013 3.256415 -4.844121 0.084499 0.001654
data/frame-000433.color.jpg 0.534589 0.805070 0.232151 -0.110376 -4.393699 3.299048 -4.816717 0.139693 0.002033
data/frame-000434.color.jpg 0.529605 0.807339 0.237031 -0.107418 -4.393468 3.321082 -4.784390 0.072011 0.002440
data/frame-000435.color.jpg 0.526381 0.809149 0.240534 -0.101708 -4.372831 3.327446 -4.775498 0.159621 0.002948
data/frame-000436.color.jpg 0.522747 0.810645 0.244569 -0.098876 -4.386165 3.339901 -4.756937 0.255272 0.005588
data/frame-000437.color.jpg 0.518647 0.812466 0.247465 -0.098308 -4.393489 3.378191 -4.730650 0.172463 0.004319
data/frame-000438.color.jpg 0.515680 0.812490 0.253474 -0.098411 -4.443239 3.371981 -4.689627 0.234396 0.005614
data/frame-000439.color.jpg 0.512133 0.811636 0.262477 -0.100361 -4.532584 3.354443 -4.634032 0.237823 0.007026
data/frame-000440.color.jpg 0.518748 0.805429 0.267153 -0.103986 -4.575956 3.246004 -4.677245 0.261858 0.006776
data/frame-000441.color.jpg 0.525167 0.799515 0.272962 -0.102311 -4.613792 3.120048 -4.749785 0.464283 0.009680
data/frame-000442.color.jpg 0.528688 0.797125 0.275830 -0.094859 -4.587575 3.046549 -4.817040 0.379636 0.007883
data/frame-000443.color.jpg 0.526469 0.798206 0.279483 -0.087104 -4.578263 3.047543 -4.856052 0.189510 0.006305
data/frame-000444.color.jpg 0.527232 0.799431 0.274054 -0.088493 -4.507156 3.106080 -4.900288 0.287950 0.006090
data/frame-000445.color.jpg 0.524671 0.803303 0.267985 -0.087225 -4.415623 3.203345 -4.928474 0.221834 0.004468
data/frame-000446.color.jpg 0.526660 0.808755 0.249532 -0.079235 -4.141837 3.341697 -5.096475 0.301535 0.008166
data/frame-000447.color.jpg 0.531198 0.813838 0.224724 -0.070682 -3.781019 3.477375 -5.292630 0.238942 0.003938
data/frame-000448.color.jpg 0.540104 0.821490 0.175743 -0.050561 -3.028690 3.666669 -5.648759 0.695220 0.015022
data/frame-000449.color.jpg 0.532294 0.834420 0.138610 -0.034556 -2.433663 3.986915 -5.724040 0.111469 0.003739
data/frame-000450.color.jpg 0.529657 0.837390 0.131659 -0.030142 -2.306748 4.057106 -5.721805 0.092390 0.006485
data/frame-000451.color.jpg 0.529356 0.840381 0.113281 -0.026623 -2.014973 4.142982 -5.769088 0.324399 0.006415
data/frame-000452.color.jpg 0.527307 0.844165 0.095789 -0.012547 -1.661202 4.235544 -5.794635 0.219002 0.007010
data/frame-000453.color.jpg 0.529152 0.843398 0.092710 -0.009117 -1.595799 4.212438 -5.823941 0.366338 0.005721
data/frame-000454.color.jpg 0.524606 0.847690 0.078614 0.005414 -1.286339 4.318597 -5.800197 0.432504 0.006729
data/frame-000455.color.jpg 0.522032 0.849423 0.077211 0.001132 -1.267670 4.351366 -5.770512 0.407905 0.007697
data/frame-000456.color.jpg 0.515332 0.853154 0.080983 -0.001767 -1.313769 4.429931 -5.686811 0.437337 0.008679
data/frame-000457.color.jpg 0.507458 0.857032 0.088853 -0.009342 -1.448168 4.510409 -5.585157 0.695722 0.013150
data/frame-000458.color.jpg 0.504021 0.859002 0.089349 -0.009756 -1.439465 4.550863 -5.541733 0.384955 0.007685
data/frame-000459.color.jpg 0.500147 0.860437 0.095482 -0.019631 -1.560843 4.583005 -5.475461 0.500326 0.009602
data/frame-000460.color.jpg 0.494278 0.862163 0.105602 -0.034809 -1.689561 4.616597 -5.357242 0.381344 0.009412
data/frame-000461.color.jpg 0.489223 0.864307 0.109974 -0.039241 -1.750295 4.674682 -5.281984 0.335905 0.005576
data/frame-000462.color.jpg 0.489024 0.864332 0.110277 -0.040309 -1.754255 4.676519 -5.276421 0.426357 0.006365
data/frame-000463.color.jpg 0.496207 0.858977 0.119175 -0.041647 -1.864352 4.549003 -5.333653 0.322399 0.005113
data/frame-000464.color.jpg 0.491210 0.858481 0.142211 -0.038716 -2.129429 4.519462 -5.240453 0.476633 0.008801
data/frame-000465.color.jpg 0.490946 0.857446 0.147909 -0.043360 -2.229180 4.497232 -5.217792 0.255983 0.003271
data/frame-000466.color.jpg 0.488206 0.854876 0.167093 -0.054056 -2.519596 4.448318 -5.118013 0.404582 0.004650
data/frame-000467.color.jpg 0.487398 0.850969 0.186066 -0.060611 -2.790734 4.358736 -5.046445 0.401130 0.007123
data/frame-000468.color.jpg 0.488240 0.846501 0.201780 -0.065903 -3.008484 4.258380 -4.996974 0.327076 0.006622
data/frame-000469.color.jpg 0.483992 0.841666 0.227824 -0.073801 -3.353973 4.151488 -4.851840 0.430774 0.009704
data/frame-000470.color.jpg 0.481118 0.838262 0.244652 -0.077379 -3.562840 4.071040 -4.759677 0.290227 0.006256
data/frame-000471.color.jpg 0.478580 0.834216 0.261326 -0.082178 -3.773479 3.979311 -4.666496 0.509310 0.012390
data/frame-000472.color.jpg 0.478670 0.832366 0.266833 -0.082720 -3.831201 3.937392 -4.653248 0.528617 0.013659
data/frame-000473.color.jpg 0.477380 0.832132 0.269782 -0.082962 -3.864439 3.933835 -4.629574 0.503089 0.012969
data/frame-000474.color.jpg 0.476069 0.831338 0.274203 -0.083947 -3.906898 3.921644 -4.601577 0.494546 0.012239
data/frame-000475.color.jpg 0.477314 0.829220 0.278251 -0.084507 -3.945534 3.873893 -4.602007 0.348566 0.009644
data/frame-000476.color.jpg 0.476647 0.827889 0.283206 -0.084859 -3.994344 3.849002 -4.584302 0.396363 0.010096
data/frame-000477.color.jpg 0.478057 0.825205 0.286464 -0.091848 -4.051239 3.812471 -4.563598 0.358328 0.008641
data/frame-000478.color.jpg 0.480429 0.822359 0.290256 -0.093084 -4.094378 3.765132 -4.576600 0.328055 0.007152
data/frame-000479.color.jpg 0.477500 0.817181 0.306172 -0.102313 -4.314605 3.704103 -4.471817 0.345485 0.009255
data/frame-000480.color.jpg 0.478078 0.813500 0.312186 -0.110445 -4.422588 3.650602 -4.420271 0.554971 0.014411
data/frame-000481.color.jpg 0.460840 0.807069 0.347194 -0.125392 -4.873268 3.562915 -4.059687 0.314498 0.008382
data/frame-000482.color.jpg 0.459835 0.800381 0.362733 -0.127931 -5.051623 3.429346 -3.981159 0.097230 0.003698
data/frame-000483.color.jpg 0.447119 0.786431 0.405776 -0.130215 -5.498141 3.123898 -3.666797 0.066461 0.003823
data/frame-000484.color.jpg 0.437663 0.785261 0.417070 -0.133671 -5.618608 3.111620 -3.505726 0.129393 0.004475
data/frame-000485.color.jpg 0.429756 0.783179 0.429119 -0.133407 -5.711205 3.060831 -3.378704 0.077117 0.001682
data/frame-000486.color.jpg 0.425999 0.784665 0.432172 -0.126698 -5.702814 3.062763 -3.383223 0.106427 0.002672
data/frame-000487.color.jpg 0.421724 0.791099 0.424744 -0.126110 -5.609456 3.207198 -3.392191 0.305045 0.007061
data/frame-000488.color.jpg 0.420327 0.795881 0.417075 -0.126280 -5.521476 3.320657 -3.423313 0.189986 0.005188
data/frame-000489.color.jpg 0.419511 0.801756 0.406591 -0.126026 -5.394338 3.464835 -3.472843 0.169738 0.003821
data/frame-000490.color.jpg 0.416235 0.810029 0.394228 -0.123226 -5.226792 3.647688 -3.522724 0.098001 0.002773
data/frame-000491.color.jpg 0.417784 0.813066 0.387523 -0.119190 -5.120169 3.706570 -3.596959 0.147706 0.003548
data/frame-000492.color.jpg 0.420034 0.815443 0.381743 -0.113567 -5.024173 3.745884 -3.680754 0.109183 0.003729
data/frame-000493.color.jpg 0.422374 0.817367 0.375137 -0.113069 -4.938671 3.793683 -3.739022 0.278692 0.007271
data/frame-000494.color.jpg 0.420043 0.823895 0.364946 -0.107587 -4.790260 3.924282 -3.785859 0.191410 0.004850
data/frame-000495.color.jpg 0.419311 0.826769 0.360122 -0.104616 -4.716437 3.977221 -3.813734 0.210072 0.005321
data/frame-000496.color.jpg 0.417858 0.828867 0.357597 -0.102462 -4.679567 4.017626 -3.819774 0.278656 0.006042
