frame-000000.color.jpg 0.370346 0.912493 0.167208 -0.047351 1.163650 1.212740 0.849021 0.316340 0.009371
frame-000001.color.jpg 0.370960 0.907976 0.180394 -0.073659 1.181537 1.242822 0.778231 0.109423 0.003414
frame-000002.color.jpg 0.370873 0.904814 0.191192 -0.084916 1.181630 1.260634 0.747304 0.220349 0.007128
frame-000003.color.jpg 0.370702 0.903389 0.195756 -0.090264 1.166076 1.266643 0.736850 0.120849 0.003661
frame-000004.color.jpg 0.376350 0.899041 0.205018 -0.089737 1.135189 1.292804 0.727151 0.100556 0.002696
frame-000005.color.jpg 0.375638 0.895947 0.218607 -0.091578 1.103597 1.312504 0.717166 0.098406 0.002186
frame-000006.color.jpg 0.374353 0.895624 0.221284 -0.093546 1.101333 1.312877 0.710226 0.146121 0.003903
frame-000007.color.jpg 0.376076 0.893623 0.226123 -0.094196 1.090134 1.325391 0.703535 0.119545 0.002816
frame-000008.color.jpg 0.369886 0.895386 0.227651 -0.098204 1.102645 1.314966 0.703433 0.159001 0.004752
frame-000009.color.jpg 0.368161 0.894594 0.233672 -0.097756 1.100296 1.322166 0.701917 0.065044 0.001922
frame-000010.color.jpg 0.369488 0.893511 0.235933 -0.097222 1.094437 1.326256 0.695673 0.173841 0.004642
frame-000011.color.jpg 0.369766 0.893640 0.234968 -0.097322 1.100645 1.326740 0.699871 0.137435 0.004663
frame-000012.color.jpg 0.367750 0.893959 0.236652 -0.097943 1.102134 1.326598 0.702367 0.102881 0.003516
frame-000013.color.jpg 0.368463 0.893540 0.236243 -0.100054 1.107967 1.324014 0.696373 0.104705 0.004065
frame-000014.color.jpg 0.369984 0.892731 0.237764 -0.098037 1.101137 1.328682 0.695543 0.141618 0.003806
frame-000015.color.jpg 0.371249 0.891862 0.239527 -0.096867 1.093936 1.335173 0.699784 0.179369 0.005557
frame-000016.color.jpg 0.371144 0.892597 0.236563 -0.097782 1.106397 1.327495 0.698522 0.071857 0.003117
frame-000017.color.jpg 0.369867 0.892827 0.236915 -0.099651 1.106723 1.327700 0.698215 0.161870 0.006730
frame-000018.color.jpg 0.371112 0.892627 0.234977 -0.101386 1.111701 1.326097 0.690862 0.226011 0.007361
frame-000019.color.jpg 0.371243 0.892295 0.235863 -0.101774 1.111195 1.328729 0.686777 0.168837 0.003879
frame-000020.color.jpg 0.373728 0.892682 0.232996 -0.095703 1.099304 1.330620 0.699113 0.111674 0.003062
frame-000021.color.jpg 0.379441 0.893352 0.224284 -0.087427 1.081183 1.330323 0.714365 0.173622 0.003856
frame-000022.color.jpg 0.384109 0.894983 0.212938 -0.078248 1.069233 1.323615 0.735168 0.124324 0.003326
frame-000023.color.jpg 0.386006 0.898493 0.197446 -0.068732 1.059996 1.303857 0.758508 0.193596 0.002536
frame-000024.color.jpg 0.386357 0.901664 0.184352 -0.061189 1.050490 1.290714 0.779790 0.232184 0.004456
frame-000025.color.jpg 0.391396 0.902876 0.168758 -0.056085 1.048872 1.280596 0.788813 0.326587 0.007590
frame-000026.color.jpg 0.402368 0.900271 0.157123 -0.054073 1.052624 1.293400 0.769821 0.121611 0.002235
frame-000027.color.jpg 0.411625 0.897772 0.147019 -0.054364 1.059825 1.305329 0.749859 0.041665 0.002613
frame-000028.color.jpg 0.421470 0.894881 0.136502 -0.054024 1.067272 1.318912 0.732479 0.091060 0.003748
frame-000029.color.jpg 0.431977 0.890247 0.132479 -0.057496 1.079565 1.339738 0.697093 0.058278 0.003504
frame-000030.color.jpg 0.440618 0.885553 0.132542 -0.063914 1.091940 1.356607 0.654909 0.117398 0.003947
frame-000031.color.jpg 0.443775 0.883557 0.133161 -0.068263 1.099107 1.365712 0.628767 0.150823 0.003315
frame-000032.color.jpg 0.443491 0.883984 0.131888 -0.067038 1.101464 1.371033 0.629367 0.111346 0.002408
frame-000033.color.jpg 0.445476 0.883535 0.129740 -0.063907 1.117891 1.383114 0.629373 0.086617 0.002616
frame-000034.color.jpg 0.438740 0.886141 0.134604 -0.064372 1.123127 1.390808 0.636511 0.112106 0.002906
frame-000035.color.jpg 0.439113 0.886008 0.134253 -0.064395 1.156420 1.411881 0.628967 0.082384 0.003255
frame-000036.color.jpg 0.445620 0.882064 0.135916 -0.070096 1.204682 1.436827 0.586666 0.073181 0.004617
frame-000037.color.jpg 0.445436 0.882382 0.133913 -0.071102 1.245204 1.449283 0.573542 0.056902 0.002862
frame-000038.color.jpg 0.438744 0.886085 0.131611 -0.070957 1.267846 1.446326 0.583549 0.047931 0.004828
frame-000039.color.jpg 0.430674 0.890136 0.133265 -0.066472 1.260983 1.464858 0.592260 0.074531 0.005817
frame-000040.color.jpg 0.426626 0.890938 0.137417 -0.073046 1.284766 1.499472 0.552990 0.415975 0.018687
frame-000041.color.jpg 0.436823 0.881378 0.151835 -0.096463 1.289697 1.570702 0.402890 0.301655 0.010500
frame-000042.color.jpg 0.445921 0.876118 0.158631 -0.091691 1.259786 1.614325 0.345681 0.266235 0.009645
frame-000043.color.jpg 0.445759 0.877646 0.151781 -0.089438 1.278191 1.620750 0.322563 0.274844 0.011159
frame-000044.color.jpg 0.451554 0.877488 0.138713 -0.082898 1.321772 1.626726 0.310078 0.313640 0.012930
frame-000045.color.jpg 0.455986 0.877272 0.123038 -0.085629 1.392140 1.603770 0.278806 0.379339 0.012553
frame-000046.color.jpg 0.455893 0.877685 0.116909 -0.090345 1.429554 1.583903 0.257898 0.324134 0.010226
frame-000047.color.jpg 0.457257 0.877982 0.111677 -0.087130 1.469962 1.573855 0.249005 0.796852 0.025833
frame-000048.color.jpg 0.455914 0.879731 0.106848 -0.082459 1.479349 1.571150 0.262849 0.561455 0.017813
frame-000049.color.jpg 0.454846 0.881964 0.098959 -0.073904 1.479574 1.571408 0.300115 0.353829 0.012426
frame-000050.color.jpg 0.457207 0.882018 0.091118 -0.068585 1.483586 1.560824 0.315258 0.255103 0.009162
frame-000051.color.jpg 0.461648 0.881694 0.077640 -0.058901 1.497607 1.530954 0.353356 0.583272 0.017976
frame-000052.color.jpg 0.461602 0.883509 0.061242 -0.050839 1.490737 1.500823 0.400866 0.407857 0.011234
frame-000053.color.jpg 0.463235 0.884102 0.045065 -0.041786 1.485434 1.468123 0.452150 0.485680 0.014175
frame-000054.color.jpg 0.458640 0.887363 0.032548 -0.034301 1.454136 1.437729 0.514424 0.314954 0.007811
frame-000055.color.jpg 0.457387 0.888775 0.015207 -0.025402 1.439485 1.402642 0.573872 0.308519 0.009124
frame-000056.color.jpg 0.457833 0.888883 0.001582 -0.016516 1.413249 1.376373 0.623999 0.154344 0.004919
frame-000057.color.jpg 0.455121 0.890359 -0.006197 -0.009361 1.387486 1.360750 0.666116 0.173221 0.006469
frame-000058.color.jpg 0.453841 0.890936 -0.015525 -0.004459 1.375406 1.339761 0.696368 0.180285 0.006956
frame-000059.color.jpg 0.453207 0.891098 -0.023238 0.002908 1.342310 1.329509 0.730358 0.160848 0.005498
frame-000060.color.jpg 0.456824 0.888978 -0.030588 0.009727 1.318570 1.316390 0.743812 0.120982 0.003072
frame-000061.color.jpg 0.456639 0.888793 -0.035575 0.016216 1.308742 1.311249 0.770948 0.167430 0.006763
frame-000062.color.jpg 0.455498 0.889051 -0.041991 0.018618 1.294633 1.303319 0.788772 0.197090 0.006971
frame-000063.color.jpg 0.457705 0.887328 -0.050714 0.024168 1.270779 1.286763 0.806029 0.095828 0.003713
frame-000064.color.jpg 0.455151 0.887800 -0.061453 0.029531 1.259154 1.261938 0.835380 0.071953 0.003004
frame-000065.color.jpg 0.451933 0.888432 -0.071672 0.036184 1.237340 1.240513 0.871894 0.141049 0.004136
frame-000066.color.jpg 0.448552 0.889315 -0.077486 0.043773 1.221102 1.231820 0.906671 0.195276 0.007582
frame-000067.color.jpg 0.447791 0.889009 -0.082238 0.048808 1.208391 1.221301 0.922240 0.154508 0.005384
frame-000068.color.jpg 0.444426 0.890435 -0.083833 0.050834 1.196331 1.208472 0.935266 0.100747 0.002226
frame-000069.color.jpg 0.456186 0.885482 -0.075238 0.046420 1.183775 1.234761 0.887476 0.131567 0.004601
frame-000070.color.jpg 0.453301 0.885415 -0.086251 0.055852 1.161670 1.211845 0.930584 0.067302 0.002317
frame-000071.color.jpg 0.450554 0.885722 -0.092621 0.062603 1.144280 1.196768 0.956771 0.099964 0.003350
frame-000072.color.jpg 0.445969 0.886988 -0.099254 0.067183 1.130903 1.180877 0.991553 0.225573 0.006812
frame-000073.color.jpg 0.442536 0.887251 -0.108504 0.071927 1.103728 1.148536 1.016489 0.093688 0.002046
frame-000074.color.jpg 0.438944 0.887754 -0.115747 0.076309 1.084203 1.124651 1.041041 0.105927 0.002050
frame-000075.color.jpg 0.435468 0.888443 -0.122694 0.077349 1.077712 1.099986 1.058959 0.102467 0.003146
frame-000076.color.jpg 0.431296 0.889093 -0.131737 0.078374 1.067945 1.066837 1.078823 0.072211 0.002043
frame-000077.color.jpg 0.423909 0.891692 -0.139151 0.076308 1.068152 1.026391 1.099307 0.049271 0.001291
frame-000078.color.jpg 0.418464 0.893331 -0.145273 0.075785 1.069635 0.995368 1.117189 0.136170 0.002559
frame-000079.color.jpg 0.414558 0.893807 -0.153352 0.075723 1.067128 0.962016 1.132331 0.184522 0.004286
frame-000080.color.jpg 0.411642 0.893247 -0.165006 0.073717 1.064640 0.920218 1.152599 0.145275 0.004704
frame-000081.color.jpg 0.408461 0.891912 -0.177337 0.078762 1.048786 0.881741 1.180819 0.143732 0.006579
frame-000082.color.jpg 0.401289 0.893113 -0.185261 0.083636 1.024156 0.842228 1.212723 0.266761 0.007113
frame-000083.color.jpg 0.398493 0.892550 -0.188935 0.094135 0.991482 0.828568 1.234831 0.140776 0.004550
frame-000084.color.jpg 0.395053 0.892257 -0.195624 0.097681 0.975768 0.798830 1.259432 0.085026 0.002732
frame-000085.color.jpg 0.391801 0.890975 -0.205652 0.101796 0.958223 0.764340 1.285036 0.083087 0.002789
frame-000086.color.jpg 0.387726 0.892206 -0.206089 0.105660 0.945895 0.752519 1.302572 0.081583 0.001948
frame-000087.color.jpg 0.386223 0.892255 -0.201398 0.118962 0.901875 0.760643 1.321195 0.117145 0.003350
frame-000088.color.jpg 0.377356 0.896613 -0.202771 0.112119 0.915075 0.717590 1.328990 0.087891 0.003010
frame-000089.color.jpg 0.365240 0.902693 -0.205170 0.098235 0.942792 0.657169 1.315728 0.134004 0.003446
frame-000090.color.jpg 0.358664 0.904907 -0.209901 0.091900 0.951017 0.616518 1.317328 0.085206 0.001615
frame-000091.color.jpg 0.340727 0.911484 -0.215052 0.082788 0.959544 0.547948 1.323729 0.125266 0.001366
frame-000092.color.jpg 0.327748 0.915502 -0.219588 0.078856 0.956423 0.502070 1.331221 0.129033 0.002179
frame-000093.color.jpg 0.317433 0.917681 -0.226143 0.077184 0.943717 0.459011 1.342293 0.035195 0.002128
frame-000094.color.jpg 0.308901 0.918773 -0.233887 0.075718 0.926166 0.421178 1.347925 0.142463 0.002978
frame-000095.color.jpg 0.298991 0.920147 -0.239819 0.080127 0.886068 0.386935 1.362518 0.198326 0.006104
frame-000096.color.jpg 0.286691 0.922981 -0.244644 0.077866 0.857095 0.345583 1.365090 0.156569 0.004233
frame-000097.color.jpg 0.288389 0.921276 -0.248902 0.078292 0.836617 0.344178 1.356131 0.345733 0.010846
frame-000098.color.jpg 0.284249 0.920837 -0.254647 0.080106 0.821080 0.327234 1.370547 0.391489 0.008060
frame-000099.color.jpg 0.273569 0.917196 -0.276375 0.086766 0.776939 0.273121 1.391010 0.150603 0.005648
frame-000100.color.jpg 0.267031 0.916784 -0.283031 0.089978 0.747289 0.252645 1.399995 0.154595 0.004013
frame-000101.color.jpg 0.275753 0.915944 -0.275174 0.096368 0.704645 0.304635 1.386675 0.046307 0.004270
frame-000102.color.jpg 0.270946 0.920427 -0.262520 0.102400 0.660244 0.326053 1.382630 0.125034 0.004877
frame-000103.color.jpg 0.269217 0.928364 -0.236767 0.097999 0.644944 0.362686 1.361100 0.065683 0.002645
frame-000104.color.jpg 0.265473 0.936110 -0.209736 0.096082 0.618033 0.395576 1.346534 0.052479 0.002022
frame-000105.color.jpg 0.275051 0.936710 -0.197192 0.089648 0.612956 0.435838 1.321408 0.099095 0.004848
frame-000106.color.jpg 0.284837 0.930344 -0.210012 0.096032 0.570521 0.455887 1.322412 0.128144 0.003700
frame-000107.color.jpg 0.292000 0.925590 -0.218726 0.100882 0.528995 0.472909 1.329010 0.216046 0.005759
frame-000108.color.jpg 0.303148 0.921217 -0.223336 0.097887 0.500979 0.498810 1.325661 0.273600 0.005866
frame-000109.color.jpg 0.310669 0.923997 -0.200903 0.096710 0.462622 0.541019 1.326558 0.108206 0.002749
frame-000110.color.jpg 0.315099 0.929733 -0.170277 0.085525 0.448144 0.559448 1.319031 0.102545 0.004746
frame-000111.color.jpg 0.318037 0.934486 -0.139870 0.077621 0.424597 0.578691 1.308458 0.097127 0.002223
frame-000112.color.jpg 0.323500 0.936686 -0.116257 0.066713 0.409013 0.594604 1.299948 0.159245 0.003817
frame-000113.color.jpg 0.328087 0.936766 -0.105488 0.060829 0.377086 0.612792 1.300590 0.194162 0.002288
frame-000114.color.jpg 0.326798 0.936383 -0.108699 0.067635 0.313645 0.611184 1.306062 0.137899 0.003284
frame-000115.color.jpg 0.333356 0.934680 -0.104218 0.066222 0.283955 0.641621 1.289772 0.183853 0.003070
frame-000116.color.jpg 0.331308 0.934959 -0.106322 0.069151 0.242342 0.656544 1.272753 0.105377 0.002192
frame-000117.color.jpg 0.334640 0.931399 -0.121787 0.075371 0.188526 0.689273 1.243156 0.174995 0.003210
frame-000118.color.jpg 0.330396 0.933835 -0.114463 0.075420 0.141504 0.707908 1.219568 0.162400 0.002696
frame-000119.color.jpg 0.332410 0.934634 -0.100602 0.076437 0.102480 0.749312 1.184227 0.252022 0.006917
frame-000120.color.jpg 0.343354 0.931990 -0.088827 0.074913 0.074601 0.797805 1.146408 0.122264 0.002434
frame-000121.color.jpg 0.345081 0.931333 -0.092526 0.070551 0.068644 0.815383 1.128704 0.137572 0.001892
frame-000122.color.jpg 0.346738 0.932103 -0.077596 0.070257 0.050024 0.841948 1.115586 0.311158 0.004826
frame-000123.color.jpg 0.353550 0.930007 -0.074475 0.067401 0.049117 0.862274 1.105821 0.151539 0.001926
frame-000124.color.jpg 0.350796 0.931572 -0.075234 0.058783 0.052704 0.861777 1.102053 0.121394 0.002176
frame-000125.color.jpg 0.356851 0.931134 -0.058321 0.047386 0.051432 0.883675 1.081722 0.158424 0.003285
frame-000126.color.jpg 0.363713 0.930006 -0.033241 0.041183 0.026574 0.917802 1.054365 0.375133 0.008001
frame-000127.color.jpg 0.375462 0.926365 -0.009626 0.027994 0.001609 0.949438 1.030901 0.200240 0.004077
frame-000128.color.jpg 0.374502 0.926398 0.031797 0.022872 -0.075347 0.947892 1.018177 0.327328 0.005530
frame-000129.color.jpg 0.381887 0.921620 0.069120 0.001141 -0.088368 0.964575 0.994698 0.365031 0.007500
frame-000130.color.jpg 0.386258 0.916850 0.098824 -0.020584 -0.086400 0.981055 0.985271 0.238077 0.004982
frame-000131.color.jpg 0.390091 0.912444 0.118554 -0.034916 -0.085454 0.996922 0.972587 0.112916 0.003102
frame-000132.color.jpg 0.395597 0.908969 0.124427 -0.042379 -0.093326 1.027260 0.941255 0.115407 0.003422
frame-000133.color.jpg 0.396045 0.909955 0.119016 -0.031079 -0.154906 1.060674 0.900567 0.102807 0.003110
frame-000134.color.jpg 0.392466 0.910567 0.125566 -0.032739 -0.174254 1.077422 0.876480 0.071161 0.002234
frame-000135.color.jpg 0.384841 0.913040 0.131710 -0.030137 -0.202102 1.101555 0.844493 0.158949 0.002943
frame-000136.color.jpg 0.376222 0.916431 0.132840 -0.031045 -0.201883 1.110943 0.836737 0.086912 0.001823
frame-000137.color.jpg 0.380506 0.915385 0.127390 -0.032525 -0.205448 1.153472 0.799507 0.034269 0.002046
frame-000138.color.jpg 0.394637 0.909940 0.123023 -0.033694 -0.214725 1.213301 0.741834 0.094189 0.003394
frame-000139.color.jpg 0.420203 0.895817 0.129948 -0.063676 -0.185275 1.285115 0.656603 0.190242 0.003970
frame-000140.color.jpg 0.434876 0.886775 0.137566 -0.074760 -0.217102 1.335373 0.603391 0.111043 0.003836
frame-000141.color.jpg 0.438981 0.884749 0.138503 -0.073019 -0.251826 1.360671 0.576765 0.165812 0.005203
frame-000142.color.jpg 0.444287 0.882712 0.133840 -0.074272 -0.264646 1.386268 0.549386 0.177304 0.006976
frame-000143.color.jpg 0.438158 0.886699 0.123804 -0.080347 -0.243593 1.412291 0.537628 0.165473 0.004912
frame-000144.color.jpg 0.437957 0.888529 0.115044 -0.073990 -0.257337 1.427346 0.513696 0.060907 0.005254
frame-000145.color.jpg 0.440943 0.888920 0.106885 -0.062982 -0.273252 1.465107 0.470877 0.349008 0.011669
frame-000146.color.jpg 0.444668 0.889104 0.093465 -0.055041 -0.271683 1.506049 0.424800 0.338765 0.011493
frame-000147.color.jpg 0.459408 0.884428 0.071698 -0.039890 -0.257465 1.536108 0.331808 0.523170 0.013916
frame-000148.color.jpg 0.472912 0.879065 0.053872 -0.026386 -0.229315 1.578812 0.262011 0.364701 0.010598
frame-000149.color.jpg 0.481633 0.875212 0.041985 -0.016458 -0.215837 1.596166 0.209070 0.155999 0.005536
frame-000150.color.jpg 0.482048 0.875384 0.035048 -0.010204 -0.209397 1.608415 0.190521 0.298145 0.008454
frame-000151.color.jpg 0.475082 0.879305 0.029332 -0.016115 -0.164947 1.612234 0.200907 0.134244 0.002688
frame-000152.color.jpg 0.446780 0.893477 0.029852 -0.034579 -0.096964 1.611068 0.274028 0.476654 0.008538
frame-000153.color.jpg 0.423496 0.901157 0.055991 -0.073707 -0.083791 1.614483 0.327668 0.223222 0.001993
frame-000154.color.jpg 0.412809 0.901637 0.092780 -0.089619 -0.155471 1.617002 0.358544 0.097941 0.004623
frame-000155.color.jpg 0.411003 0.894783 0.141335 -0.102292 -0.281268 1.590154 0.371899 0.473233 0.009631
frame-000156.color.jpg 0.403177 0.889043 0.184914 -0.113393 -0.390501 1.562679 0.409881 0.287600 0.006355
frame-000157.color.jpg 0.396680 0.888219 0.196466 -0.122937 -0.409584 1.563142 0.436136 0.405173 0.007618
frame-000158.color.jpg 0.393156 0.881895 0.220607 -0.137924 -0.458351 1.546531 0.454234 0.445619 0.009350
frame-000159.color.jpg 0.389321 0.875677 0.244046 -0.148528 -0.502867 1.532612 0.474819 0.421124 0.007828
frame-000160.color.jpg 0.381284 0.871243 0.262506 -0.163244 -0.518374 1.524120 0.508123 0.185436 0.003218
frame-000161.color.jpg 0.370034 0.869177 0.278665 -0.173069 -0.529740 1.501298 0.542720 0.344090 0.006134
frame-000162.color.jpg 0.358499 0.867456 0.295208 -0.178470 -0.546844 1.486364 0.568809 0.444392 0.008777
frame-000163.color.jpg 0.349761 0.866431 0.310580 -0.174656 -0.563176 1.475054 0.583470 0.483971 0.010059
frame-000164.color.jpg 0.337563 0.866280 0.323798 -0.175400 -0.568554 1.487782 0.607341 0.517587 0.011912
frame-000165.color.jpg 0.339489 0.862637 0.330091 -0.177892 -0.582118 1.484420 0.596559 0.381251 0.008768
frame-000166.color.jpg 0.340179 0.857533 0.341243 -0.180188 -0.594796 1.468896 0.586412 0.624200 0.011731
frame-000167.color.jpg 0.331957 0.854481 0.356137 -0.181201 -0.607074 1.452229 0.612741 0.797437 0.015782
frame-000168.color.jpg 0.324501 0.847285 0.374883 -0.190449 -0.614937 1.438026 0.637064 0.617056 0.013662
frame-000169.color.jpg 0.317573 0.838801 0.394653 -0.199523 -0.628808 1.417985 0.665650 0.456966 0.008035
frame-000170.color.jpg 0.311009 0.834186 0.406736 -0.204873 -0.636032 1.411841 0.702502 0.461137 0.011473
frame-000171.color.jpg 0.315184 0.826685 0.418171 -0.205872 -0.653577 1.390319 0.696282 0.067071 0.006364
frame-000172.color.jpg 0.314920 0.824382 0.422553 -0.206565 -0.653561 1.387013 0.696910 0.336153 0.007412
frame-000173.color.jpg 0.307965 0.824347 0.428272 -0.205410 -0.659142 1.379320 0.736020 0.846227 0.021510
frame-000174.color.jpg 0.322709 0.824744 0.418704 -0.200859 -0.680179 1.377408 0.671777 0.728511 0.015003
frame-000175.color.jpg 0.338392 0.829044 0.402231 -0.190756 -0.703107 1.396605 0.614372 1.098099 0.021755
frame-000176.color.jpg 0.373301 0.843110 0.348597 -0.168205 -0.678438 1.475688 0.485249 0.808288 0.016760
frame-000177.color.jpg 0.382327 0.850534 0.323296 -0.160929 -0.659890 1.508119 0.441584 0.493501 0.007522
frame-000178.color.jpg 0.393343 0.862403 0.286561 -0.139377 -0.616494 1.539255 0.388448 0.754629 0.020671
frame-000179.color.jpg 0.391521 0.877663 0.249613 -0.118798 -0.587227 1.572619 0.366112 0.485452 0.009735
frame-000180.color.jpg 0.397731 0.884596 0.220581 -0.103166 -0.550827 1.595410 0.323367 0.592446 0.011537
frame-000181.color.jpg 0.401362 0.893729 0.182836 -0.082027 -0.497009 1.624195 0.290791 0.384321 0.008040
frame-000182.color.jpg 0.406991 0.897727 0.151898 -0.073290 -0.446022 1.645279 0.257326 0.507468 0.009865
frame-000183.color.jpg 0.411215 0.902432 0.115182 -0.057017 -0.385655 1.671540 0.226979 0.109914 0.003976
frame-000184.color.jpg 0.417373 0.903969 0.085883 -0.035568 -0.355079 1.691404 0.199049 0.322150 0.005478
frame-000185.color.jpg 0.423159 0.903310 0.067609 -0.019901 -0.339888 1.698786 0.180996 0.182230 0.002307
frame-000186.color.jpg 0.424719 0.903496 0.056361 -0.011523 -0.341201 1.698208 0.187204 0.289547 0.005651
frame-000187.color.jpg 0.425583 0.903246 0.054004 -0.010464 -0.359698 1.695849 0.192126 0.459166 0.010200
frame-000188.color.jpg 0.433481 0.900140 0.042325 -0.007125 -0.345360 1.700408 0.172002 0.294887 0.005944
frame-000189.color.jpg 0.438782 0.897970 0.033455 -0.000537 -0.342929 1.710485 0.166839 0.432228 0.009736
frame-000190.color.jpg 0.444383 0.895436 0.026794 0.000412 -0.336824 1.710951 0.157201 0.508537 0.011694
frame-000191.color.jpg 0.446318 0.894590 0.022210 0.003980 -0.330346 1.697594 0.157948 0.081115 0.001777
frame-000192.color.jpg 0.451822 0.891910 0.018367 0.004000 -0.329890 1.698964 0.154681 0.363660 0.008911
frame-000193.color.jpg 0.457459 0.889060 0.014683 0.009310 -0.329392 1.697181 0.145410 0.364867 0.008810
frame-000194.color.jpg 0.463432 0.885984 0.007895 0.014195 -0.324869 1.692089 0.135097 0.320804 0.007723
frame-000195.color.jpg 0.462879 0.886313 0.002914 0.013517 -0.323994 1.702628 0.148547 0.879346 0.020972
frame-000196.color.jpg 0.464303 0.885468 -0.001593 0.019149 -0.323687 1.705244 0.152082 1.068497 0.025889
frame-000197.color.jpg 0.470860 0.881928 -0.004713 0.021717 -0.317211 1.694784 0.126563 0.681175 0.016500
frame-000198.color.jpg 0.472500 0.880971 -0.006714 0.024260 -0.316381 1.699416 0.127420 0.844472 0.020824
frame-000199.color.jpg 0.478586 0.877550 -0.013473 0.026088 -0.301339 1.698300 0.107907 0.499122 0.012212
frame-000200.color.jpg 0.473752 0.879650 -0.027186 0.032187 -0.283582 1.706846 0.129184 0.748756 0.018146
frame-000201.color.jpg 0.471850 0.879535 -0.043216 0.043678 -0.260497 1.704506 0.135479 0.594766 0.015142
frame-000202.color.jpg 0.467228 0.879374 -0.071151 0.057762 -0.209130 1.707754 0.144184 0.666168 0.016274
frame-000203.color.jpg 0.465595 0.877518 -0.092305 0.068292 -0.175985 1.698135 0.135113 0.314381 0.007947
frame-000204.color.jpg 0.447869 0.881673 -0.123985 0.081813 -0.114804 1.703290 0.171329 0.509135 0.012277
frame-000205.color.jpg 0.444568 0.878101 -0.151014 0.092158 -0.060850 1.701283 0.169730 0.426954 0.010443
frame-000206.color.jpg 0.433535 0.872295 -0.189480 0.123476 0.001745 1.705006 0.178718 0.407338 0.009433
frame-000207.color.jpg 0.432224 0.865663 -0.213192 0.135500 0.050000 1.702061 0.169202 0.189857 0.004275
frame-000208.color.jpg 0.428897 0.860686 -0.233551 0.143950 0.076583 1.702340 0.173209 0.388440 0.009544
frame-000209.color.jpg 0.424631 0.856525 -0.251719 0.150633 0.112873 1.701033 0.166780 0.259944 0.006677
frame-000210.color.jpg 0.430124 0.844569 -0.267229 0.174026 0.113703 1.704821 0.130115 0.280524 0.008590
frame-000211.color.jpg 0.424534 0.839130 -0.283366 0.187979 0.127643 1.697430 0.137568 0.208055 0.006959
frame-000212.color.jpg 0.409802 0.830653 -0.317957 0.202440 0.180026 1.682719 0.177945 0.084510 0.004346
frame-000213.color.jpg 0.403663 0.817196 -0.349106 0.217650 0.228384 1.670690 0.203710 0.083242 0.003038
frame-000214.color.jpg 0.399252 0.803169 -0.378093 0.229267 0.281199 1.654782 0.221233 0.114777 0.004266
frame-000215.color.jpg 0.385617 0.790423 -0.405479 0.249233 0.298847 1.631674 0.256084 0.184379 0.006131
frame-000216.color.jpg 0.372964 0.778165 -0.429029 0.267006 0.290469 1.620396 0.291615 0.072637 0.003650
frame-000217.color.jpg 0.370294 0.773974 -0.436926 0.270079 0.283176 1.613205 0.304386 0.112467 0.005011
frame-000218.color.jpg 0.364225 0.769549 -0.453316 0.263890 0.283384 1.583540 0.344045 0.143126 0.004967
frame-000219.color.jpg 0.361674 0.764707 -0.461587 0.267119 0.260594 1.578392 0.360852 0.183456 0.007507
frame-000220.color.jpg 0.365389 0.759505 -0.465762 0.269646 0.239475 1.567526 0.365623 0.047194 0.003062
frame-000221.color.jpg 0.360287 0.759602 -0.471555 0.266147 0.216077 1.541508 0.395419 0.164045 0.003984
frame-000222.color.jpg 0.358662 0.755999 -0.479686 0.264063 0.208111 1.520798 0.419381 0.139251 0.005281
frame-000223.color.jpg 0.357409 0.751238 -0.485901 0.267954 0.198692 1.503567 0.435608 0.229737 0.006208
frame-000224.color.jpg 0.357073 0.746254 -0.494838 0.265968 0.206718 1.487844 0.459443 0.167980 0.004192
frame-000225.color.jpg 0.356057 0.745034 -0.496345 0.267936 0.201841 1.478108 0.466277 0.136272 0.003188
frame-000226.color.jpg 0.351299 0.740953 -0.507528 0.264561 0.225054 1.465563 0.484024 0.301596 0.008699
frame-000227.color.jpg 0.346497 0.728646 -0.524557 0.271762 0.256721 1.461611 0.489174 0.160413 0.006301
frame-000228.color.jpg 0.341681 0.717577 -0.538965 0.279022 0.282009 1.456839 0.486673 0.262165 0.007968
frame-000229.color.jpg 0.333019 0.707608 -0.554029 0.285379 0.298455 1.445382 0.496577 0.267267 0.008705
frame-000230.color.jpg 0.312356 0.696230 -0.579371 0.286402 0.315519 1.418467 0.543487 0.292899 0.006390
frame-000231.color.jpg 0.302959 0.680614 -0.598625 0.294327 0.333379 1.409607 0.562412 0.370354 0.010949
frame-000232.color.jpg 0.301022 0.669867 -0.608769 0.300107 0.342192 1.386243 0.573803 0.458702 0.009483
frame-000233.color.jpg 0.300421 0.682078 -0.601380 0.287854 0.336738 1.373231 0.609629 0.488118 0.008700
frame-000234.color.jpg 0.310825 0.694705 -0.585442 0.279339 0.314782 1.365944 0.612859 0.478602 0.010798
frame-000235.color.jpg 0.323687 0.711630 -0.561618 0.270915 0.267560 1.352490 0.647151 0.296730 0.002931
frame-000236.color.jpg 0.333287 0.725788 -0.542697 0.260062 0.240176 1.328783 0.675343 0.276765 0.005152
frame-000237.color.jpg 0.342534 0.736913 -0.525757 0.251413 0.212795 1.307052 0.703232 0.211024 0.002233
frame-000238.color.jpg 0.345111 0.746233 -0.515883 0.240623 0.211599 1.276165 0.749122 0.312013 0.005314
frame-000239.color.jpg 0.352607 0.755388 -0.499096 0.236561 0.190415 1.270655 0.770279 0.206798 0.003899
frame-000240.color.jpg 0.355055 0.753935 -0.501442 0.232539 0.211295 1.251339 0.790343 0.142858 0.001522
frame-000241.color.jpg 0.345789 0.749166 -0.510971 0.241017 0.217014 1.225281 0.815788 0.321846 0.002649
frame-000242.color.jpg 0.347295 0.748293 -0.513733 0.235632 0.231787 1.206715 0.826472 0.207038 0.002855
frame-000243.color.jpg 0.346749 0.743225 -0.517380 0.244334 0.204702 1.187174 0.856810 0.238682 0.003042
frame-000244.color.jpg 0.346072 0.761895 -0.490292 0.243648 0.135282 1.159308 0.900516 0.273806 0.003920
frame-000245.color.jpg 0.352308 0.770478 -0.472199 0.243457 0.108198 1.155936 0.921430 0.214108 0.005128
frame-000246.color.jpg 0.362902 0.775318 -0.458214 0.239215 0.098028 1.143346 0.942650 0.095647 0.003107
frame-000247.color.jpg 0.367066 0.777145 -0.455882 0.231257 0.118848 1.124846 0.975525 0.187648 0.005368
frame-000248.color.jpg 0.369368 0.777931 -0.454023 0.228590 0.121487 1.097492 1.010099 0.195192 0.004428
frame-000249.color.jpg 0.369837 0.777396 -0.454867 0.227972 0.118599 1.077089 1.035468 0.147983 0.004634
frame-000250.color.jpg 0.366784 0.773581 -0.462562 0.230389 0.104603 1.051960 1.052733 0.098751 0.002866
frame-000251.color.jpg 0.356630 0.765418 -0.478624 0.240559 0.080464 1.032575 1.066481 0.177327 0.005324
frame-000252.color.jpg 0.346729 0.762570 -0.488388 0.244426 0.068638 1.011106 1.079387 0.171303 0.005916
frame-000253.color.jpg 0.326896 0.743572 -0.525859 0.252411 0.070000 0.972211 1.119251 0.197013 0.004862
frame-000254.color.jpg 0.324931 0.738029 -0.532521 0.257205 0.064431 0.968724 1.120410 0.299692 0.006375
frame-000255.color.jpg 0.311359 0.719230 -0.560418 0.267761 0.044365 0.955838 1.136546 0.037346 0.003142
frame-000256.color.jpg 0.301541 0.701032 -0.579949 0.285106 0.006711 0.953038 1.134693 0.199058 0.005074
frame-000257.color.jpg 0.287567 0.675773 -0.609762 0.298037 -0.023804 0.941516 1.147102 0.147456 0.004564
frame-000258.color.jpg 0.277456 0.662480 -0.625127 0.305542 -0.053858 0.927679 1.155600 0.139345 0.003140
frame-000259.color.jpg 0.271603 0.650853 -0.636566 0.312099 -0.089912 0.928431 1.155643 0.137136 0.005838
frame-000260.color.jpg 0.268850 0.639453 -0.645702 0.319200 -0.141450 0.938845 1.153928 0.093882 0.003785
frame-000261.color.jpg 0.266531 0.630066 -0.654228 0.322435 -0.169316 0.943588 1.154152 0.132567 0.003449
frame-000262.color.jpg 0.264718 0.625275 -0.657225 0.327125 -0.196914 0.952326 1.145366 0.129040 0.003904
frame-000263.color.jpg 0.263898 0.621144 -0.659730 0.330598 -0.218538 0.959689 1.133302 0.096210 0.005194
frame-000264.color.jpg 0.262343 0.614330 -0.664299 0.335381 -0.241977 0.966954 1.119770 0.090500 0.006742
frame-000265.color.jpg 0.260433 0.611274 -0.667119 0.336853 -0.267514 0.968255 1.119310 0.090164 0.002542
frame-000266.color.jpg 0.252453 0.605770 -0.672715 0.341708 -0.305450 0.960606 1.108309 0.218101 0.008898
frame-000267.color.jpg 0.250836 0.602455 -0.675210 0.343833 -0.320608 0.961594 1.105295 0.266013 0.009431
frame-000268.color.jpg 0.251876 0.597999 -0.675738 0.349762 -0.340916 0.972477 1.092420 0.370650 0.011631
frame-000269.color.jpg 0.255578 0.592802 -0.675728 0.355889 -0.346093 0.987751 1.074569 0.392541 0.013479
frame-000270.color.jpg 0.258380 0.583127 -0.679974 0.361715 -0.350174 1.010903 1.052588 0.289269 0.012141
frame-000271.color.jpg 0.247237 0.569033 -0.691655 0.369715 -0.368482 1.029735 1.028349 0.515702 0.014573
frame-000272.color.jpg 0.239735 0.536461 -0.717886 0.373332 -0.345249 1.067385 0.991860 0.475037 0.013509
frame-000273.color.jpg 0.220866 0.499631 -0.749031 0.374887 -0.334190 1.084468 0.974192 0.271688 0.007505
frame-000274.color.jpg 0.195832 0.470663 -0.773625 0.376339 -0.342364 1.084178 0.958193 0.163485 0.005175
frame-000275.color.jpg 0.178395 0.443636 -0.792987 0.377536 -0.342200 1.089810 0.941248 0.266476 0.005990
frame-000276.color.jpg 0.166582 0.418840 -0.807858 0.379722 -0.335784 1.102002 0.923662 0.352046 0.007967
frame-000277.color.jpg 0.157448 0.395489 -0.819579 0.383522 -0.324713 1.110380 0.907753 0.205435 0.004082
frame-000278.color.jpg 0.148720 0.365722 -0.837278 0.378280 -0.295403 1.103531 0.908272 0.247060 0.005298
frame-000279.color.jpg 0.139175 0.345797 -0.850457 0.371184 -0.285977 1.093140 0.915366 0.148068 0.002645
frame-000280.color.jpg 0.130435 0.331749 -0.857539 0.370885 -0.290664 1.085633 0.912307 0.226277 0.006318
frame-000281.color.jpg 0.140593 0.331300 -0.858131 0.366176 -0.294062 1.072219 0.930968 0.378039 0.012150
frame-000282.color.jpg 0.141550 0.332758 -0.856463 0.368384 -0.313434 1.069728 0.936915 0.253215 0.009869
frame-000283.color.jpg 0.133014 0.334945 -0.855727 0.371283 -0.343569 1.060433 0.940400 0.462227 0.011304
frame-000284.color.jpg 0.129324 0.311790 -0.863922 0.373766 -0.333583 1.088321 0.921748 0.311083 0.005337
frame-000285.color.jpg 0.118090 0.270074 -0.879602 0.373383 -0.280765 1.101262 0.907337 0.183521 0.004938
frame-000286.color.jpg 0.107137 0.229281 -0.891404 0.375966 -0.243028 1.117838 0.888721 0.312128 0.006612
frame-000287.color.jpg 0.096008 0.210048 -0.894074 0.383789 -0.228098 1.125748 0.871757 0.227839 0.004977
frame-000288.color.jpg 0.086103 0.183648 -0.895421 0.396335 -0.208465 1.153172 0.843196 0.158155 0.002483
frame-000289.color.jpg 0.076678 0.161972 -0.895124 0.408214 -0.195865 1.182341 0.821161 0.380656 0.008008
frame-000290.color.jpg 0.077636 0.145610 -0.891129 0.422682 -0.172222 1.203758 0.793119 0.216417 0.005536
frame-000291.color.jpg 0.070423 0.138857 -0.885608 0.437560 -0.171554 1.219114 0.764099 0.344828 0.007322
frame-000292.color.jpg 0.059860 0.124062 -0.881833 0.450994 -0.182580 1.234555 0.738635 0.151041 0.004290
frame-000293.color.jpg 0.049246 0.106557 -0.876341 0.467169 -0.179530 1.256270 0.699393 0.246729 0.004989
frame-000294.color.jpg 0.060323 0.104530 -0.866829 0.483779 -0.160347 1.293501 0.663755 0.284940 0.005958
frame-000295.color.jpg 0.046617 0.128899 -0.870435 0.472816 -0.208242 1.260705 0.702322 1.039192 0.021206
frame-000296.color.jpg 0.050259 0.157184 -0.875465 0.454233 -0.232772 1.239187 0.749318 0.349455 0.007656
frame-000297.color.jpg 0.065158 0.156776 -0.870738 0.461510 -0.157602 1.257408 0.724814 1.118077 0.022344
frame-000298.color.jpg 0.074422 0.123801 -0.878560 0.455265 -0.003768 1.263873 0.730001 0.253452 0.008376
frame-000299.color.jpg 0.069062 0.089030 -0.881156 0.459205 0.095380 1.255489 0.728743 0.099802 0.004813
frame-000300.color.jpg 0.060768 0.064299 -0.881621 0.463591 0.163439 1.240828 0.736222 0.250906 0.004883
frame-000301.color.jpg 0.047056 0.056578 -0.883617 0.462391 0.161759 1.239138 0.759750 0.494959 0.012381
frame-000302.color.jpg 0.033089 0.051205 -0.878388 0.474044 0.144674 1.248461 0.740574 0.406000 0.010457
frame-000303.color.jpg 0.005236 0.030141 -0.867265 0.496906 0.112527 1.273207 0.696379 0.287092 0.008651
frame-000304.color.jpg 0.012969 -0.012438 0.859895 -0.510155 0.069854 1.302515 0.663039 0.399426 0.010165
frame-000305.color.jpg 0.024023 0.010092 0.859979 -0.509663 0.052453 1.314520 0.663258 0.849711 0.020582
frame-000306.color.jpg 0.037363 0.026634 0.853026 -0.519848 0.038150 1.314982 0.633574 0.311702 0.007298
frame-000307.color.jpg 0.056153 0.042715 0.844555 -0.530800 0.019343 1.338552 0.598968 0.185330 0.003702
frame-000308.color.jpg 0.065527 0.052405 0.835547 -0.542974 0.014198 1.342022 0.565731 0.704958 0.015750
frame-000309.color.jpg 0.073311 0.068934 0.834570 -0.541632 0.011265 1.359066 0.569322 0.190759 0.003399
frame-000310.color.jpg 0.083335 0.079074 0.833800 -0.539982 -0.002279 1.364373 0.569567 0.168814 0.002882
frame-000311.color.jpg 0.090469 0.092612 0.830423 -0.541882 0.000782 1.364241 0.561682 0.386725 0.008296
frame-000312.color.jpg 0.094237 0.099512 0.832051 -0.537502 -0.009421 1.367236 0.569314 0.124069 0.003819
frame-000313.color.jpg 0.094218 0.105723 0.828900 -0.541175 -0.004253 1.370426 0.559747 0.331791 0.008041
frame-000314.color.jpg 0.091388 0.101064 0.827788 -0.544244 -0.004449 1.376226 0.551562 0.346113 0.008619
frame-000315.color.jpg 0.089005 0.100447 0.827617 -0.545012 0.007739 1.383671 0.550857 0.593157 0.014503
frame-000316.color.jpg 0.085035 0.089311 0.829006 -0.545474 -0.010242 1.389236 0.549268 0.647034 0.016494
frame-000317.color.jpg 0.085326 0.087653 0.825054 -0.551654 -0.015480 1.391932 0.533737 0.192360 0.003081
frame-000318.color.jpg 0.089573 0.097715 0.818731 -0.558666 -0.010674 1.395727 0.509868 0.430059 0.010590
frame-000319.color.jpg 0.093665 0.099406 0.816241 -0.561333 -0.028718 1.402191 0.505898 0.254328 0.006151
frame-000320.color.jpg 0.092526 0.098985 0.817285 -0.560076 -0.040253 1.405212 0.512911 0.383487 0.009242
frame-000321.color.jpg 0.093438 0.100064 0.817326 -0.559673 -0.041655 1.407636 0.508193 0.311666 0.007869
frame-000322.color.jpg 0.092409 0.104861 0.814671 -0.562829 -0.044336 1.413152 0.501097 0.559110 0.013105
frame-000323.color.jpg 0.095463 0.112221 0.813552 -0.562519 -0.038944 1.413321 0.497616 0.411320 0.009843
frame-000324.color.jpg 0.098391 0.116088 0.812761 -0.562373 -0.044082 1.410191 0.495427 0.260643 0.005914
frame-000325.color.jpg 0.107474 0.125407 0.812794 -0.558648 -0.050072 1.410729 0.495995 0.236521 0.006620
frame-000326.color.jpg 0.110408 0.131541 0.810409 -0.560128 -0.049478 1.409986 0.487924 0.210761 0.006423
