frame-000000.color.jpg 0.245966 0.653694 -0.622784 0.352598 -1.282956 -2.567396 4.888392 0.337112 0.008432
frame-000001.color.jpg 0.244022 0.651043 -0.623571 0.357429 -1.335229 -2.548219 4.882632 0.212546 0.005543
frame-000002.color.jpg 0.240971 0.646426 -0.630963 0.354898 -1.412382 -2.576294 4.840018 0.206538 0.005502
frame-000003.color.jpg 0.225631 0.649754 -0.641629 0.339445 -1.436853 -2.805730 4.698050 0.108590 0.002354
frame-000004.color.jpg 0.213031 0.656140 -0.645423 0.327912 -1.406945 -2.990794 4.586932 0.110235 0.002526
frame-000005.color.jpg 0.189754 0.665440 -0.655024 0.303523 -1.374881 -3.330413 4.353343 0.201872 0.006661
frame-000006.color.jpg 0.169871 0.673562 -0.660270 0.285485 -1.336068 -3.602116 4.145724 0.072845 0.001992
frame-000007.color.jpg 0.157370 0.680585 -0.666130 0.261359 -1.257587 -3.831198 3.945598 0.299377 0.008377
frame-000008.color.jpg 0.148474 0.683715 -0.669672 0.249055 -1.224595 -3.960806 3.818796 0.140441 0.002487
frame-000009.color.jpg 0.146764 0.685489 -0.667444 0.251165 -1.210173 -3.965109 3.816420 0.193268 0.003294
frame-000010.color.jpg 0.150494 0.680386 -0.668534 0.259784 -1.283194 -3.887154 3.875138 0.201051 0.004483
frame-000011.color.jpg 0.166787 0.673926 -0.661216 0.284251 -1.335349 -3.630505 4.100693 0.209348 0.003690
frame-000012.color.jpg 0.194927 0.670871 -0.651154 0.296538 -1.252267 -3.354649 4.364802 0.202280 0.003466
frame-000013.color.jpg 0.217349 0.664571 -0.641445 0.315677 -1.239031 -3.059988 4.593468 0.121014 0.002151
frame-000014.color.jpg 0.222682 0.661068 -0.638119 0.325892 -1.267875 -2.942373 4.662948 0.256397 0.006763
frame-000015.color.jpg 0.232520 0.659274 -0.631908 0.334641 -1.251262 -2.807810 4.761720 0.107799 0.003289
frame-000016.color.jpg 0.242566 0.660213 -0.623541 0.341288 -1.197843 -2.685014 4.855500 0.133562 0.002134
frame-000017.color.jpg 0.261198 0.658734 -0.613038 0.349328 -1.110498 -2.474469 4.996089 0.050526 0.002029
frame-000018.color.jpg 0.272619 0.654786 -0.605552 0.360890 -1.106143 -2.289353 5.090316 0.256579 0.006127
frame-000019.color.jpg 0.285293 0.652501 -0.597717 0.368219 -1.065909 -2.106725 5.180841 0.129637 0.003629
frame-000020.color.jpg 0.284765 0.656306 -0.588130 0.377194 -1.043515 -2.040724 5.214664 0.261985 0.007495
frame-000021.color.jpg 0.285541 0.664505 -0.574327 0.383470 -0.937255 -1.982996 5.261412 0.257937 0.006864
frame-000022.color.jpg 0.298000 0.675297 -0.554210 0.384736 -0.697107 -1.855313 5.346432 0.183418 0.005674
frame-000023.color.jpg 0.307637 0.690713 -0.536614 0.374595 -0.379628 -1.830982 5.380804 0.262800 0.006705
frame-000024.color.jpg 0.321484 0.709159 -0.516856 0.355811 0.049794 -1.819383 5.396910 0.111578 0.004679
frame-000025.color.jpg 0.339488 0.725122 -0.493318 0.339974 0.492620 -1.731998 5.411247 0.084330 0.001084
frame-000026.color.jpg 0.347097 0.735387 -0.477146 0.333257 0.738967 -1.668794 5.404790 0.070790 0.002473
frame-000027.color.jpg 0.358532 0.742339 -0.463365 0.325084 0.987841 -1.584916 5.395743 0.412615 0.010351
frame-000028.color.jpg 0.367815 0.750330 -0.449600 0.315558 1.219603 -1.526507 5.368011 0.156948 0.002996
frame-000029.color.jpg 0.380462 0.764385 -0.426666 0.298196 1.609755 -1.446912 5.289526 0.094535 0.003309
frame-000030.color.jpg 0.388328 0.775385 -0.407578 0.286112 1.902097 -1.380633 5.214841 0.122593 0.002148
frame-000031.color.jpg 0.394418 0.785687 -0.390411 0.273330 2.173012 -1.327504 5.121131 0.079672 0.002222
frame-000032.color.jpg 0.398318 0.791380 -0.382499 0.262211 2.355616 -1.322151 5.043365 0.195156 0.004123
frame-000033.color.jpg 0.408610 0.787715 -0.387282 0.250112 2.478671 -1.330717 4.987197 0.086613 0.001314
frame-000034.color.jpg 0.416873 0.784976 -0.385339 0.248080 2.556431 -1.264589 4.976372 0.146522 0.003389
frame-000035.color.jpg 0.415376 0.780989 -0.393086 0.251001 2.513482 -1.303411 5.001534 0.135734 0.003564
frame-000036.color.jpg 0.421421 0.770066 -0.408163 0.250610 2.447241 -1.336908 5.045225 0.069774 0.000613
frame-000037.color.jpg 0.413161 0.766592 -0.418865 0.257268 2.327721 -1.420088 5.095169 0.137016 0.002740
frame-000038.color.jpg 0.409996 0.767749 -0.417515 0.261046 2.335705 -1.419526 5.108300 0.191989 0.004718
frame-000039.color.jpg 0.412800 0.774150 -0.406708 0.254708 2.487724 -1.381556 5.047983 0.214498 0.001368
frame-000040.color.jpg 0.419503 0.792576 -0.374159 0.236317 2.880529 -1.283378 4.852942 0.142437 0.000545
frame-000041.color.jpg 0.422359 0.802520 -0.357764 0.222667 3.088306 -1.251278 4.712944 0.150899 0.003329
frame-000042.color.jpg 0.424326 0.819764 -0.319891 0.213553 3.373777 -1.046528 4.523162 0.164251 0.004288
frame-000043.color.jpg 0.422917 0.826821 -0.309149 0.204781 3.477916 -1.042361 4.415771 0.103273 0.001265
frame-000044.color.jpg 0.425812 0.828962 -0.303057 0.199155 3.541648 -1.011429 4.351912 0.071632 0.001775
frame-000045.color.jpg 0.436488 0.832106 -0.284158 0.190610 3.700691 -0.857661 4.235848 0.179436 0.003628
frame-000046.color.jpg 0.442364 0.839085 -0.263496 0.175555 3.902713 -0.762115 4.056269 0.213269 0.004472
frame-000047.color.jpg 0.446519 0.845137 -0.245231 0.161948 4.077540 -0.678703 3.887940 0.301088 0.006526
frame-000048.color.jpg 0.449517 0.850196 -0.228466 0.151342 4.221650 -0.597754 3.744630 0.307725 0.005558
frame-000049.color.jpg 0.455332 0.852140 -0.215809 0.141266 4.331586 -0.521098 3.617944 0.235583 0.004540
frame-000050.color.jpg 0.461898 0.855096 -0.197022 0.129005 4.466903 -0.394963 3.441821 0.540565 0.010651
frame-000051.color.jpg 0.468297 0.854334 -0.187292 0.125431 4.507345 -0.306929 3.368593 0.434044 0.008469
frame-000052.color.jpg 0.462422 0.859845 -0.181208 0.118305 4.534584 -0.331222 3.273190 0.359856 0.007741
frame-000053.color.jpg 0.452915 0.859713 -0.193431 0.135447 4.371693 -0.383290 3.435659 0.153839 0.003966
frame-000054.color.jpg 0.443969 0.856324 -0.214858 0.153087 4.183845 -0.490837 3.635234 0.371854 0.008048
frame-000055.color.jpg 0.445607 0.847318 -0.235386 0.167571 4.009563 -0.550903 3.807294 0.316475 0.007009
frame-000056.color.jpg 0.437974 0.834873 -0.271099 0.194088 3.682962 -0.688914 4.089924 0.204713 0.004178
frame-000057.color.jpg 0.434002 0.830292 -0.282579 0.205929 3.552575 -0.718633 4.190801 0.113619 0.001791
frame-000058.color.jpg 0.433500 0.825024 -0.290686 0.216598 3.451632 -0.714578 4.277901 0.045383 0.000490
frame-000059.color.jpg 0.425063 0.822148 -0.300613 0.230273 3.317450 -0.763565 4.372517 0.171551 0.004570
frame-000060.color.jpg 0.409945 0.825432 -0.309718 0.233843 3.237712 -0.915488 4.396102 0.359970 0.006989
frame-000061.color.jpg 0.393573 0.842751 -0.294646 0.219216 3.410128 -1.038725 4.219394 0.623130 0.009847
frame-000062.color.jpg 0.405245 0.846213 -0.279470 0.203952 3.602134 -0.962007 4.084197 0.525337 0.009356
frame-000063.color.jpg 0.406568 0.850292 -0.273072 0.192713 3.702512 -0.989001 3.994184 0.206277 0.003948
frame-000064.color.jpg 0.405921 0.858907 -0.256557 0.178002 3.874802 -0.965981 3.851594 0.516628 0.009449
frame-000065.color.jpg 0.407756 0.864325 -0.242653 0.166727 4.001136 -0.928112 3.732923 0.480301 0.009728
frame-000066.color.jpg 0.396344 0.875253 -0.231227 0.152898 4.115189 -1.007451 3.602216 0.107135 0.002533
frame-000067.color.jpg 0.393661 0.879159 -0.223103 0.149447 4.167125 -0.986144 3.555562 0.077190 0.004044
frame-000068.color.jpg 0.379585 0.888564 -0.216163 0.140155 4.233716 -1.062888 3.456136 0.142539 0.003021
frame-000069.color.jpg 0.370925 0.893736 -0.218390 0.126321 4.273616 -1.210953 3.356890 0.251796 0.004059
frame-000070.color.jpg 0.362867 0.899319 -0.213579 0.118053 4.333924 -1.283981 3.288044 0.137761 0.001911
frame-000071.color.jpg 0.352596 0.906358 -0.205365 0.109619 4.414565 -1.324725 3.185545 0.175112 0.004066
frame-000072.color.jpg 0.342867 0.913237 -0.196531 0.099080 4.513271 -1.358873 3.058681 0.265813 0.005000
frame-000073.color.jpg 0.339577 0.915181 -0.193742 0.097953 4.539282 -1.366347 3.034142 0.297016 0.004840
frame-000074.color.jpg 0.332666 0.918721 -0.188220 0.099288 4.581098 -1.355680 3.017397 0.126981 0.002431
frame-000075.color.jpg 0.330743 0.918941 -0.189774 0.100711 4.586533 -1.373425 3.034887 0.233326 0.003794
frame-000076.color.jpg 0.336879 0.913941 -0.200680 0.104654 4.553039 -1.422996 3.116803 0.105507 0.001949
frame-000077.color.jpg 0.338300 0.912460 -0.204434 0.105723 4.552609 -1.438534 3.148269 0.109076 0.002287
frame-000078.color.jpg 0.336330 0.911024 -0.208382 0.116162 4.524658 -1.433515 3.256045 0.145980 0.001379
frame-000079.color.jpg 0.337707 0.906454 -0.220030 0.126025 4.434216 -1.479670 3.383943 0.272268 0.004624
frame-000080.color.jpg 0.339413 0.896287 -0.244664 0.146994 4.215736 -1.576402 3.646400 0.133013 0.001198
frame-000081.color.jpg 0.334705 0.889953 -0.265337 0.159849 4.036379 -1.704631 3.809270 0.237509 0.006021
frame-000082.color.jpg 0.337083 0.879836 -0.285491 0.175382 3.834877 -1.769101 3.997829 0.268927 0.005780
frame-000083.color.jpg 0.347112 0.868423 -0.302225 0.184432 3.707673 -1.782528 4.143020 0.168638 0.002569
frame-000084.color.jpg 0.356186 0.855318 -0.319491 0.198717 3.521020 -1.763266 4.335980 0.143436 0.004165
frame-000085.color.jpg 0.356811 0.849589 -0.329288 0.206044 3.410552 -1.785675 4.433341 0.246705 0.008887
frame-000086.color.jpg 0.354056 0.846631 -0.334108 0.215018 3.324646 -1.788667 4.509139 0.183689 0.004096
frame-000087.color.jpg 0.348397 0.847600 -0.333711 0.220978 3.292719 -1.793954 4.552651 0.206023 0.006356
frame-000088.color.jpg 0.341839 0.846893 -0.338670 0.226321 3.214113 -1.845676 4.595246 0.223306 0.006707
frame-000089.color.jpg 0.339681 0.842612 -0.350694 0.227235 3.113800 -1.941521 4.630301 0.306254 0.009574
frame-000090.color.jpg 0.348782 0.843904 -0.341106 0.223213 3.234976 -1.840578 4.594106 0.130329 0.003690
frame-000091.color.jpg 0.370268 0.854870 -0.304907 0.197817 3.682496 -1.565739 4.346701 0.307632 0.005345
frame-000092.color.jpg 0.392689 0.860809 -0.274079 0.172291 4.035526 -1.313526 4.080193 0.202596 0.005098
frame-000093.color.jpg 0.407121 0.865079 -0.247784 0.156504 4.265935 -1.096828 3.870016 0.240802 0.004490
frame-000094.color.jpg 0.416648 0.867897 -0.227929 0.145627 4.423626 -0.935677 3.712484 0.060118 0.003335
frame-000095.color.jpg 0.441682 0.872273 -0.181133 0.106055 4.813879 -0.610036 3.194808 0.172652 0.005042
frame-000096.color.jpg 0.450355 0.873045 -0.167143 0.083885 4.972218 -0.565855 2.939744 0.334314 0.006107
frame-000097.color.jpg 0.464483 0.873407 -0.134109 0.058575 5.182802 -0.339512 2.564296 0.409027 0.007534
frame-000098.color.jpg 0.475362 0.870665 -0.117517 0.046504 5.283468 -0.209368 2.375330 0.312968 0.006294
frame-000099.color.jpg 0.483420 0.868976 -0.102803 0.024854 5.398977 -0.152796 2.111472 0.111154 0.003933
frame-000100.color.jpg 0.488367 0.867377 -0.093799 0.018893 5.442456 -0.078675 2.008007 0.164469 0.003545
frame-000101.color.jpg 0.500256 0.863082 -0.069232 0.006328 5.539236 0.127067 1.754944 0.140516 0.002778
frame-000102.color.jpg 0.504805 0.861568 -0.052859 -0.008834 5.620782 0.212564 1.524147 0.238119 0.005905
frame-000103.color.jpg 0.510003 0.858589 -0.049369 -0.016881 5.654504 0.219876 1.424503 0.301472 0.006116
frame-000104.color.jpg 0.516768 0.854617 -0.045579 -0.022411 5.676485 0.240865 1.347153 0.398418 0.007874
frame-000105.color.jpg 0.525644 0.849701 -0.024841 -0.033004 5.728278 0.399539 1.119711 0.269078 0.005930
frame-000106.color.jpg 0.525251 0.849894 -0.015174 -0.039519 5.753585 0.455793 1.004266 0.228260 0.005559
frame-000107.color.jpg 0.525692 0.849478 -0.005466 -0.044786 5.769963 0.514507 0.894715 0.149776 0.003348
frame-000108.color.jpg 0.524146 0.850251 -0.000572 -0.048417 5.785998 0.529868 0.835347 0.251098 0.006367
frame-000109.color.jpg 0.520250 0.851451 0.017287 -0.063814 5.821545 0.592408 0.582202 0.289763 0.006215
frame-000110.color.jpg 0.516563 0.853138 0.026387 -0.067988 5.835786 0.652345 0.495891 0.231808 0.005672
frame-000111.color.jpg 0.504746 0.856924 0.054501 -0.089121 5.865121 0.769759 0.136872 0.101821 0.002443
frame-000112.color.jpg 0.500769 0.857410 0.069072 -0.096477 5.866130 0.853063 -0.014311 0.177078 0.003517
frame-000113.color.jpg 0.482882 0.863658 0.091157 -0.112295 5.862460 0.950898 -0.273057 0.106639 0.002195
frame-000114.color.jpg 0.473686 0.866372 0.099000 -0.123366 5.858909 0.950325 -0.422165 0.098177 0.001471
frame-000115.color.jpg 0.467527 0.868576 0.102183 -0.128662 5.852682 0.942272 -0.487913 0.256613 0.005995
frame-000116.color.jpg 0.460249 0.872509 0.103397 -0.127313 5.856319 0.945928 -0.469135 0.190846 0.006361
frame-000117.color.jpg 0.430737 0.886831 0.112785 -0.123594 5.845176 1.014857 -0.445149 0.206213 0.003161
frame-000118.color.jpg 0.425053 0.889394 0.113489 -0.124209 5.844271 1.011189 -0.445044 0.346056 0.006609
frame-000119.color.jpg 0.418280 0.892727 0.115665 -0.121253 5.841132 1.033756 -0.417213 0.255709 0.004572
frame-000120.color.jpg 0.412359 0.895663 0.118912 -0.116653 5.838103 1.074949 -0.374750 0.132122 0.004085
frame-000121.color.jpg 0.404810 0.900774 0.112390 -0.110014 5.874830 1.018350 -0.259328 0.172168 0.004130
frame-000122.color.jpg 0.396403 0.906617 0.102137 -0.102363 5.919518 0.925582 -0.113147 0.160876 0.003455
frame-000123.color.jpg 0.383501 0.913087 0.090187 -0.105192 5.967402 0.756909 -0.067080 0.120782 0.004970
frame-000124.color.jpg 0.378969 0.915258 0.089661 -0.103182 5.977414 0.752300 -0.034773 0.142197 0.004752
frame-000125.color.jpg 0.377222 0.916764 0.086113 -0.099159 5.994319 0.723753 0.030027 0.172751 0.005842
frame-000126.color.jpg 0.366453 0.922236 0.078036 -0.095418 6.010250 0.626894 0.114620 0.238334 0.007941
frame-000127.color.jpg 0.352071 0.928373 0.076621 -0.091100 6.033453 0.591449 0.185448 0.194332 0.003963
frame-000128.color.jpg 0.348235 0.929631 0.078720 -0.091224 6.037786 0.604030 0.177303 0.318744 0.006996
frame-000129.color.jpg 0.343854 0.930863 0.078333 -0.095508 6.052186 0.573346 0.135936 0.385813 0.007519
frame-000130.color.jpg 0.332062 0.934623 0.088152 -0.091890 6.073353 0.668056 0.146807 0.227492 0.003862
frame-000131.color.jpg 0.324815 0.937653 0.080884 -0.093589 6.091021 0.557100 0.154925 0.208070 0.004671
frame-000132.color.jpg 0.320879 0.939215 0.078554 -0.093494 6.092958 0.519842 0.168297 0.297140 0.006854
frame-000133.color.jpg 0.313721 0.942002 0.074783 -0.092843 6.099709 0.464615 0.194164 0.133410 0.004378
frame-000134.color.jpg 0.307337 0.943844 0.075497 -0.094878 6.099767 0.447122 0.170334 0.112640 0.004272
frame-000135.color.jpg 0.300132 0.946198 0.072722 -0.096650 6.104474 0.397687 0.163645 0.301499 0.004567
frame-000136.color.jpg 0.300181 0.946329 0.071952 -0.095788 6.103786 0.389452 0.173108 0.337509 0.005009
frame-000137.color.jpg 0.310253 0.943060 0.068151 -0.098675 6.102459 0.357085 0.152799 0.475311 0.009144
frame-000138.color.jpg 0.326652 0.937292 0.068399 -0.100519 6.108105 0.396255 0.129461 0.392362 0.007069
frame-000139.color.jpg 0.346608 0.929860 0.069845 -0.101713 6.121770 0.465639 0.106804 0.236672 0.003324
frame-000140.color.jpg 0.357452 0.924943 0.071989 -0.107361 6.127214 0.499957 0.028436 0.131395 0.001145
frame-000141.color.jpg 0.370767 0.918568 0.081447 -0.110139 6.133084 0.630538 -0.048949 0.069092 0.000196
frame-000142.color.jpg 0.376047 0.915562 0.088847 -0.111543 6.134810 0.720936 -0.101527 0.074686 0.002015
frame-000143.color.jpg 0.393384 0.904383 0.111401 -0.122190 6.127619 0.962908 -0.329047 0.170996 0.003292
frame-000144.color.jpg 0.394573 0.902393 0.117315 -0.127420 6.118472 1.009349 -0.412469 0.060663 0.002057
frame-000145.color.jpg 0.398185 0.899820 0.122760 -0.129237 6.108090 1.071879 -0.458786 0.144440 0.003181
frame-000146.color.jpg 0.446504 0.876508 0.108798 -0.143286 6.106295 0.943849 -0.593014 0.121595 0.000888
frame-000147.color.jpg 0.455569 0.873989 0.101633 -0.135170 6.108530 0.923371 -0.481313 0.253607 0.007010
frame-000148.color.jpg 0.456576 0.875331 0.094955 -0.127743 6.119811 0.900467 -0.367777 0.056387 0.003460
frame-000149.color.jpg 0.463326 0.874857 0.087141 -0.111180 6.112113 0.925752 -0.177568 0.126161 0.005097
frame-000150.color.jpg 0.470476 0.873426 0.074764 -0.100942 6.095037 0.904636 -0.072058 0.159513 0.004418
frame-000151.color.jpg 0.473206 0.872693 0.072253 -0.096240 6.084851 0.915764 -0.029938 0.173008 0.003119
frame-000152.color.jpg 0.476454 0.872023 0.067644 -0.089391 6.076537 0.918245 0.045138 0.151346 0.003352
frame-000153.color.jpg 0.480619 0.870814 0.062298 -0.082505 6.067086 0.915361 0.126135 0.201469 0.003729
frame-000154.color.jpg 0.485113 0.869628 0.052079 -0.075503 6.065496 0.852282 0.238945 0.140014 0.002553
frame-000155.color.jpg 0.482786 0.871874 0.045760 -0.068254 6.065963 0.828866 0.353077 0.150279 0.001472
frame-000156.color.jpg 0.474609 0.878749 0.017807 -0.047206 6.093173 0.643240 0.744925 0.214865 0.003869
frame-000157.color.jpg 0.476108 0.878401 -0.000340 -0.041620 6.113460 0.483275 0.906495 0.071046 0.002176
frame-000158.color.jpg 0.470244 0.881523 -0.020325 -0.037078 6.158966 0.286524 1.080211 0.084328 0.002347
frame-000159.color.jpg 0.471784 0.880603 -0.024210 -0.037042 6.175295 0.247122 1.102511 0.203367 0.004292
frame-000160.color.jpg 0.474447 0.879513 -0.028572 -0.023231 6.208432 0.300670 1.275371 0.043049 0.002099
frame-000161.color.jpg 0.477757 0.877805 -0.027976 -0.020592 6.249839 0.340386 1.304314 0.153263 0.003101
frame-000162.color.jpg 0.482413 0.875181 -0.028046 -0.023415 6.277120 0.337735 1.271932 0.123419 0.003107
frame-000163.color.jpg 0.489575 0.871099 -0.011403 -0.037054 6.358448 0.448195 1.020397 0.106953 0.001711
frame-000164.color.jpg 0.489127 0.871240 -0.004584 -0.040938 6.376863 0.500985 0.938861 0.107521 0.002559
frame-000165.color.jpg 0.495471 0.867159 0.007865 -0.049823 6.431126 0.597610 0.759635 0.085928 0.001952
frame-000166.color.jpg 0.497125 0.865785 0.012949 -0.055817 6.450185 0.620741 0.660614 0.197283 0.004708
frame-000167.color.jpg 0.502334 0.861481 0.029281 -0.068221 6.488589 0.729359 0.407943 0.055392 0.001196
frame-000168.color.jpg 0.500844 0.861602 0.035096 -0.074608 6.497855 0.747024 0.297276 0.032204 0.001246
frame-000169.color.jpg 0.505395 0.857756 0.047130 -0.081293 6.501597 0.839761 0.127949 0.112199 0.001742
frame-000170.color.jpg 0.502900 0.858462 0.052400 -0.085956 6.504151 0.870773 0.045162 0.144544 0.003908
frame-000171.color.jpg 0.505342 0.855987 0.057360 -0.092875 6.503568 0.882037 -0.070250 0.094881 0.003064
frame-000172.color.jpg 0.510058 0.851843 0.065065 -0.099852 6.505195 0.926275 -0.214647 0.295343 0.005550
frame-000173.color.jpg 0.510050 0.851299 0.069847 -0.101295 6.495243 0.970302 -0.263988 0.148516 0.003058
frame-000174.color.jpg 0.521393 0.840363 0.091387 -0.116564 6.445882 1.125600 -0.623677 0.311193 0.006556
frame-000175.color.jpg 0.525950 0.836384 0.096910 -0.120200 6.425675 1.162838 -0.715254 0.292045 0.005477
frame-000176.color.jpg 0.523274 0.831182 0.129848 -0.135870 6.296253 1.419873 -1.131925 0.217769 0.004453
frame-000177.color.jpg 0.519187 0.829559 0.144427 -0.146347 6.211315 1.509908 -1.361645 0.106078 0.000942
frame-000178.color.jpg 0.513306 0.830260 0.154085 -0.153112 6.146511 1.575213 -1.511777 0.094395 0.001958
frame-000179.color.jpg 0.510059 0.832499 0.154630 -0.151246 6.145925 1.596037 -1.493916 0.103140 0.002190
frame-000180.color.jpg 0.504487 0.833863 0.161828 -0.154846 6.103193 1.652085 -1.581806 0.101486 0.002130
frame-000181.color.jpg 0.503872 0.831564 0.171172 -0.159107 6.050015 1.723374 -1.695459 0.251355 0.003891
frame-000182.color.jpg 0.499950 0.830486 0.183856 -0.162913 5.979741 1.838894 -1.816746 0.129470 0.002114
frame-000183.color.jpg 0.491417 0.825661 0.212772 -0.177544 5.798589 2.057459 -2.136751 0.094894 0.001622
frame-000184.color.jpg 0.489570 0.821661 0.224298 -0.186773 5.709835 2.117662 -2.298175 0.070097 0.000677
frame-000185.color.jpg 0.486377 0.815767 0.241690 -0.198864 5.578111 2.211431 -2.511730 0.108028 0.002347
frame-000186.color.jpg 0.478637 0.815077 0.251734 -0.207814 5.491741 2.262306 -2.639478 0.188184 0.004051
frame-000187.color.jpg 0.468017 0.812697 0.268364 -0.220146 5.360727 2.365710 -2.811370 0.070364 0.001470
frame-000188.color.jpg 0.466935 0.810953 0.271150 -0.225395 5.334361 2.357970 -2.872858 0.230388 0.003961
frame-000189.color.jpg 0.466354 0.807100 0.277366 -0.232748 5.270434 2.373336 -2.974372 0.198863 0.002604
frame-000190.color.jpg 0.461217 0.799560 0.294875 -0.247045 5.113509 2.459990 -3.175987 0.153067 0.003540
frame-000191.color.jpg 0.466222 0.793684 0.292743 -0.258853 5.127599 2.326477 -3.244463 0.111207 0.002177
frame-000192.color.jpg 0.466256 0.792874 0.292714 -0.261296 5.123842 2.309318 -3.259217 0.094049 0.002609
frame-000193.color.jpg 0.467692 0.788595 0.298252 -0.265383 5.092236 2.316919 -3.299237 0.093774 0.002405
frame-000194.color.jpg 0.467962 0.786195 0.301939 -0.267848 5.059889 2.325056 -3.330175 0.090901 0.000382
frame-000195.color.jpg 0.467475 0.786353 0.302949 -0.267090 5.060728 2.338069 -3.313940 0.067136 0.001105
frame-000196.color.jpg 0.467658 0.784366 0.308743 -0.265976 5.058929 2.355833 -3.249692 0.094521 0.001806
frame-000197.color.jpg 0.466960 0.783889 0.309513 -0.267709 5.055664 2.341864 -3.256540 0.236919 0.003395
frame-000198.color.jpg 0.464421 0.784417 0.311302 -0.268502 5.045548 2.359776 -3.258593 0.110102 0.000809
frame-000199.color.jpg 0.463094 0.782551 0.317330 -0.269184 4.999322 2.410589 -3.280402 0.142032 0.002593
frame-000200.color.jpg 0.458959 0.773672 0.333685 -0.281855 4.811285 2.482654 -3.472161 0.036175 0.001337
frame-000201.color.jpg 0.450512 0.765800 0.358217 -0.286827 4.571192 2.690958 -3.608500 0.073245 0.001961
frame-000202.color.jpg 0.447330 0.760856 0.368047 -0.292466 4.455935 2.748447 -3.692877 0.068296 0.002076
frame-000203.color.jpg 0.436795 0.758250 0.380996 -0.298511 4.306797 2.837389 -3.756501 0.136032 0.001464
frame-000204.color.jpg 0.427097 0.760813 0.386248 -0.299273 4.256843 2.904202 -3.743436 0.112783 0.003042
frame-000205.color.jpg 0.423930 0.760993 0.388517 -0.300379 4.230817 2.919224 -3.749299 0.058947 0.000725
frame-000206.color.jpg 0.413985 0.762696 0.396754 -0.299160 4.162883 3.020337 -3.727254 0.106484 0.002188
frame-000207.color.jpg 0.405962 0.762170 0.404006 -0.301780 4.075449 3.080106 -3.749490 0.069342 0.001246
frame-000208.color.jpg 0.392807 0.768416 0.404238 -0.303036 4.067019 3.097287 -3.709171 0.050353 0.001745
frame-000209.color.jpg 0.387775 0.771884 0.406798 -0.297224 4.072927 3.164725 -3.633834 0.072185 0.003086
frame-000210.color.jpg 0.378897 0.775012 0.411376 -0.294216 4.047396 3.236599 -3.582203 0.056457 0.002452
frame-000211.color.jpg 0.368719 0.777751 0.416070 -0.293318 4.012921 3.301283 -3.540491 0.137792 0.003821
frame-000212.color.jpg 0.356255 0.776961 0.430067 -0.290615 3.892835 3.449964 -3.501281 0.074525 0.002971
frame-000213.color.jpg 0.353190 0.775295 0.435867 -0.290164 3.834249 3.501715 -3.498564 0.091688 0.003844
frame-000214.color.jpg 0.346818 0.771079 0.445597 -0.294276 3.713223 3.558187 -3.528653 0.055504 0.003632
frame-000215.color.jpg 0.339648 0.772582 0.450879 -0.290626 3.682594 3.636863 -3.474445 0.172486 0.004111
frame-000216.color.jpg 0.333926 0.776942 0.450333 -0.286452 3.718698 3.662920 -3.405903 0.024827 0.003426
frame-000217.color.jpg 0.320649 0.784616 0.445884 -0.287661 3.808051 3.651525 -3.352957 0.132602 0.003218
frame-000218.color.jpg 0.309964 0.787928 0.449937 -0.283987 3.806416 3.725953 -3.285319 0.089538 0.001519
frame-000219.color.jpg 0.307615 0.788547 0.452990 -0.279940 3.799983 3.772867 -3.241969 0.044031 0.000945
frame-000220.color.jpg 0.305407 0.778806 0.470308 -0.281065 3.640893 3.916464 -3.299678 0.146462 0.003556
frame-000221.color.jpg 0.311125 0.757642 0.492668 -0.294038 3.347490 4.025449 -3.523840 0.291326 0.004276
frame-000222.color.jpg 0.314309 0.747644 0.497320 -0.308075 3.234935 3.986211 -3.698259 0.186799 0.002485
frame-000223.color.jpg 0.317453 0.738274 0.504015 -0.316453 3.111240 3.987450 -3.818890 0.158660 0.003945
frame-000224.color.jpg 0.327625 0.728128 0.505993 -0.326285 3.029782 3.918285 -3.973885 0.113615 0.002402
frame-000225.color.jpg 0.333997 0.720047 0.511002 -0.329932 2.946832 3.917847 -4.055930 0.085596 0.001630
frame-000226.color.jpg 0.339526 0.709253 0.516952 -0.338294 2.823933 3.901782 -4.187332 0.183341 0.004140
frame-000227.color.jpg 0.339664 0.690661 0.535327 -0.347910 2.520565 3.967359 -4.328307 0.091551 0.002215
frame-000228.color.jpg 0.337184 0.664282 0.559999 -0.362543 2.067949 4.028473 -4.510846 0.118201 0.003437
frame-000229.color.jpg 0.340021 0.632566 0.582718 -0.380376 1.567630 3.999473 -4.725557 0.201104 0.005742
frame-000230.color.jpg 0.339664 0.622204 0.589106 -0.387872 1.385144 3.978792 -4.797531 0.177463 0.003885
frame-000231.color.jpg 0.336135 0.604791 0.600547 -0.400729 1.064958 3.948548 -4.901995 0.161536 0.001536
frame-000232.color.jpg 0.334892 0.594130 0.612132 -0.400189 0.863325 3.998619 -4.900774 0.107292 0.000625
frame-000233.color.jpg 0.330208 0.570003 0.631114 -0.409577 0.427359 3.995760 -4.957187 0.203181 0.005118
frame-000234.color.jpg 0.318712 0.549135 0.649596 -0.418209 0.006366 4.022892 -4.958370 0.126863 0.002536
frame-000235.color.jpg 0.310089 0.525221 0.665334 -0.430488 -0.396009 3.976758 -4.983515 0.166945 0.005214
frame-000236.color.jpg 0.296260 0.493903 0.685713 -0.445072 -0.925921 3.911829 -4.963050 0.178877 0.006345
frame-000237.color.jpg 0.272555 0.440173 0.716211 -0.467977 -1.791143 3.752963 -4.835042 0.070876 0.002686
frame-000238.color.jpg 0.262436 0.426877 0.724339 -0.473535 -2.026554 3.727807 -4.753285 0.349874 0.010589
frame-000239.color.jpg 0.254298 0.416247 0.729322 -0.479750 -2.193084 3.684505 -4.698136 0.175935 0.004099
frame-000240.color.jpg 0.249420 0.406488 0.736389 -0.479884 -2.334411 3.674838 -4.641675 0.052988 0.001336
frame-000241.color.jpg 0.252691 0.407160 0.740259 -0.471577 -2.323939 3.719273 -4.634857 0.207651 0.005203
frame-000242.color.jpg 0.251957 0.424867 0.736649 -0.461902 -2.109968 3.883608 -4.650274 0.239796 0.005228
frame-000243.color.jpg 0.243919 0.435964 0.735077 -0.458367 -2.001536 4.024693 -4.626571 0.263186 0.005907
frame-000244.color.jpg 0.233404 0.449017 0.740002 -0.443061 -1.901809 4.267810 -4.504258 0.394668 0.009080
frame-000245.color.jpg 0.220672 0.436150 0.757152 -0.433356 -2.166417 4.363788 -4.308597 0.392737 0.009214
frame-000246.color.jpg 0.208612 0.397982 0.781980 -0.431972 -2.744240 4.251763 -4.089873 0.223248 0.005835
frame-000247.color.jpg 0.200999 0.347989 0.800625 -0.444413 -3.387369 3.932467 -3.933205 0.450653 0.010685
frame-000248.color.jpg 0.190134 0.318325 0.807738 -0.458342 -3.770243 3.727385 -3.804464 0.390381 0.009869
frame-000249.color.jpg 0.185748 0.307809 0.806091 -0.470073 -3.892307 3.609599 -3.787513 0.063883 0.005310
frame-000250.color.jpg 0.181972 0.277535 0.810094 -0.483330 -4.221644 3.336850 -3.681153 0.093398 0.007362
frame-000251.color.jpg 0.185784 0.262712 0.806507 -0.495998 -4.346886 3.139938 -3.712622 0.149747 0.004245
frame-000252.color.jpg 0.188490 0.255204 0.798385 -0.511784 -4.399477 2.977291 -3.777800 0.113665 0.004818
frame-000253.color.jpg 0.200290 0.252209 0.786625 -0.526779 -4.366633 2.803134 -3.950828 0.179026 0.003985
frame-000254.color.jpg 0.206215 0.250060 0.781611 -0.532945 -4.356785 2.716015 -4.026019 0.229983 0.005828
frame-000255.color.jpg 0.223440 0.245003 0.772778 -0.541167 -4.316648 2.514833 -4.201861 0.312203 0.008811
frame-000256.color.jpg 0.239350 0.245197 0.760636 -0.551382 -4.245235 2.347102 -4.382346 0.346385 0.008860
frame-000257.color.jpg 0.253876 0.247841 0.749148 -0.559374 -4.139612 2.203766 -4.559274 0.162942 0.004398
frame-000258.color.jpg 0.262193 0.249906 0.743577 -0.562045 -4.067594 2.138330 -4.658147 0.184681 0.006276
frame-000259.color.jpg 0.268051 0.251666 0.738067 -0.565748 -4.020250 2.078470 -4.720439 0.115851 0.006119
frame-000260.color.jpg 0.280809 0.252784 0.727700 -0.572450 -3.925105 1.942406 -4.863318 0.133003 0.004201
frame-000261.color.jpg 0.282490 0.252114 0.722020 -0.579073 -3.912545 1.869287 -4.900783 0.068826 0.003409
frame-000262.color.jpg 0.281731 0.251669 0.719022 -0.583350 -3.924981 1.847212 -4.904444 0.236443 0.008605
frame-000263.color.jpg 0.283787 0.247616 0.709525 -0.595589 -3.935408 1.708513 -4.942185 0.356532 0.010230
frame-000264.color.jpg 0.291195 0.245446 0.703437 -0.600115 -3.890974 1.610175 -5.014560 0.303947 0.008195
frame-000265.color.jpg 0.292776 0.240451 0.700213 -0.605118 -3.923701 1.523181 -5.013384 0.222419 0.004713
frame-000266.color.jpg 0.289783 0.238737 0.697106 -0.610798 -3.953015 1.490317 -4.998537 0.107422 0.001127
frame-000267.color.jpg 0.288070 0.236994 0.698877 -0.610263 -3.988986 1.503708 -4.969299 0.261450 0.006952
frame-000268.color.jpg 0.284186 0.236434 0.710611 -0.598640 -4.033811 1.621980 -4.892426 0.309245 0.007883
frame-000269.color.jpg 0.280816 0.234214 0.712627 -0.598706 -4.068596 1.626872 -4.854681 0.151184 0.006615
frame-000270.color.jpg 0.274567 0.229196 0.717119 -0.598183 -4.162011 1.646447 -4.766002 0.365773 0.009445
frame-000271.color.jpg 0.260470 0.211949 0.727655 -0.598123 -4.374906 1.625906 -4.549388 0.139267 0.004755
frame-000272.color.jpg 0.256341 0.205757 0.729840 -0.599405 -4.443450 1.597420 -4.479641 0.116564 0.002547
frame-000273.color.jpg 0.236506 0.181129 0.742352 -0.600143 -4.734114 1.566924 -4.161699 0.413679 0.011652
frame-000274.color.jpg 0.229769 0.173790 0.745858 -0.600582 -4.825728 1.555303 -4.055894 0.247003 0.009147
frame-000275.color.jpg 0.199989 0.141609 0.768571 -0.590974 -5.173089 1.560963 -3.538648 0.029973 0.003144
frame-000276.color.jpg 0.186885 0.135355 0.780928 -0.580434 -5.266472 1.655977 -3.338017 0.309040 0.009038
frame-000277.color.jpg 0.177946 0.133163 0.781985 -0.582324 -5.301328 1.687259 -3.243431 0.255069 0.008667
frame-000278.color.jpg 0.171844 0.128569 0.787765 -0.577378 -5.357880 1.722469 -3.135788 0.298613 0.009206
frame-000279.color.jpg 0.168451 0.126094 0.793531 -0.570994 -5.378128 1.745291 -3.061543 0.218929 0.006102
frame-000280.color.jpg 0.159327 0.117897 0.805461 -0.558524 -5.445297 1.777331 -2.872207 0.527345 0.012300
frame-000281.color.jpg 0.154906 0.115159 0.812509 -0.550065 -5.476327 1.816857 -2.779531 0.539084 0.011989
frame-000282.color.jpg 0.154417 0.113057 0.816019 -0.545424 -5.485248 1.812544 -2.740222 0.853834 0.021007
frame-000283.color.jpg 0.150252 0.109947 0.826069 -0.531926 -5.523798 1.859401 -2.629076 0.625126 0.014947
frame-000284.color.jpg 0.144532 0.097705 0.850942 -0.495441 -5.622176 1.876336 -2.365596 0.525534 0.012217
frame-000285.color.jpg 0.140137 0.094359 0.854788 -0.490710 -5.662498 1.879931 -2.285167 0.122431 0.002547
frame-000286.color.jpg 0.136310 0.093349 0.858038 -0.486289 -5.671185 1.897277 -2.219050 0.441168 0.011147
frame-000287.color.jpg 0.132717 0.092015 0.861754 -0.480936 -5.692865 1.919973 -2.154502 0.188207 0.004673
frame-000288.color.jpg 0.128120 0.090830 0.867925 -0.471213 -5.710176 1.958539 -2.060820 0.358766 0.009146
frame-000289.color.jpg 0.115477 0.081491 0.884144 -0.445324 -5.781035 1.981434 -1.785527 0.392756 0.009516
frame-000290.color.jpg 0.108214 0.073959 0.895624 -0.425062 -5.808670 1.963976 -1.607791 0.325366 0.007766
frame-000291.color.jpg 0.101792 0.068778 0.902041 -0.413800 -5.822505 1.960161 -1.476852 0.131706 0.003842
frame-000292.color.jpg 0.081218 0.037379 0.916223 -0.390565 -5.914960 1.765545 -1.024884 0.159780 0.003695
frame-000293.color.jpg 0.080197 0.030688 0.916854 -0.389879 -5.923799 1.696863 -0.986703 0.146806 0.003918
frame-000294.color.jpg 0.074414 0.021555 0.917812 -0.389383 -5.947359 1.633539 -0.880559 0.373786 0.008842
frame-000295.color.jpg 0.073827 0.010996 0.917654 -0.390308 -5.958789 1.520700 -0.833897 0.108741 0.002474
frame-000296.color.jpg 0.071786 0.003893 0.918070 -0.389844 -5.970853 1.458714 -0.778435 0.224772 0.004395
frame-000297.color.jpg 0.059432 -0.014949 0.913433 -0.402349 -5.998907 1.313346 -0.594037 0.258635 0.005827
frame-000298.color.jpg 0.057736 -0.017978 0.913503 -0.402313 -6.000802 1.290127 -0.558613 0.214196 0.005086
frame-000299.color.jpg 0.058287 -0.027064 0.912847 -0.403213 -6.002913 1.187294 -0.526054 0.081774 0.000973
frame-000300.color.jpg 0.055578 -0.033533 0.911509 -0.406125 -6.010046 1.123094 -0.473096 0.187810 0.003824
frame-000301.color.jpg 0.040650 -0.071549 0.907973 -0.410868 -6.019592 0.778664 -0.130490 0.156121 0.002405
frame-000302.color.jpg 0.040065 -0.078950 0.908520 -0.408355 -6.020779 0.701102 -0.081169 0.211164 0.003416
frame-000303.color.jpg 0.039805 -0.083386 0.908657 -0.407191 -6.015773 0.654502 -0.053634 0.172341 0.003355
frame-000304.color.jpg 0.026817 -0.117455 0.906671 -0.404269 -5.991996 0.334978 0.262782 0.162299 0.002670
frame-000305.color.jpg 0.017783 -0.141145 0.905609 -0.399542 -5.978896 0.105433 0.493778 0.167721 0.002640
frame-000306.color.jpg 0.014222 -0.158175 0.903309 -0.398510 -5.975270 -0.070859 0.630087 0.291691 0.006630
frame-000307.color.jpg 0.008236 -0.169212 0.900844 -0.399724 -5.966542 -0.165079 0.760875 0.464206 0.010705
frame-000308.color.jpg 0.005655 -0.174991 0.899847 -0.399527 -5.959568 -0.224625 0.823638 0.339275 0.008423
frame-000309.color.jpg 0.002101 -0.178625 0.899680 -0.398328 -5.954231 -0.256019 0.886564 0.359539 0.008492
frame-000310.color.jpg 0.001637 -0.184755 0.900730 -0.393126 -5.949149 -0.337245 0.937967 0.373774 0.009028
frame-000311.color.jpg 0.007783 0.214433 -0.897151 0.386106 -5.899201 -0.651623 1.212454 0.473404 0.010468
frame-000312.color.jpg 0.014727 0.231227 -0.894505 0.382332 -5.855754 -0.820071 1.375480 0.443193 0.009954
frame-000313.color.jpg 0.030530 0.263927 -0.881939 0.389352 -5.720902 -1.086911 1.702120 0.217932 0.004280
frame-000314.color.jpg 0.046000 0.284207 -0.868023 0.404532 -5.611733 -1.172841 1.963116 0.351554 0.007023
frame-000315.color.jpg 0.047415 0.292623 -0.863355 0.408341 -5.570450 -1.238547 2.013929 0.158841 0.004278
frame-000316.color.jpg 0.053093 0.301442 -0.855581 0.417488 -5.494813 -1.253507 2.107212 0.263487 0.006283
frame-000317.color.jpg 0.067513 0.308892 -0.848944 0.423465 -5.363569 -1.199957 2.278084 0.361940 0.010404
frame-000318.color.jpg 0.068796 0.312270 -0.847486 0.423700 -5.324706 -1.215666 2.305085 0.603817 0.016886
frame-000319.color.jpg 0.068163 0.317061 -0.845151 0.424908 -5.292651 -1.258735 2.316973 0.517562 0.014655
frame-000320.color.jpg 0.069664 0.327824 -0.839055 0.428561 -5.210575 -1.321833 2.369426 0.685165 0.018196
frame-000321.color.jpg 0.069148 0.330419 -0.836893 0.430872 -5.195564 -1.335366 2.373051 0.758132 0.019529
frame-000322.color.jpg 0.076076 0.332484 -0.829536 0.442195 -5.143780 -1.262654 2.438905 0.719045 0.017542
frame-000323.color.jpg 0.075292 0.316461 -0.818106 0.474221 -5.189664 -1.026438 2.323591 0.204250 0.004963
frame-000324.color.jpg 0.075023 0.311736 -0.816775 0.479657 -5.213246 -0.965655 2.292681 0.223678 0.005815
frame-000325.color.jpg 0.082268 0.308252 -0.808179 0.495035 -5.206028 -0.849528 2.333792 0.247128 0.008353
frame-000326.color.jpg 0.079962 0.308539 -0.800390 0.507726 -5.205791 -0.819401 2.307445 0.250470 0.006782
frame-000327.color.jpg 0.080657 0.308397 -0.795994 0.514567 -5.204484 -0.800074 2.307173 0.058329 0.001791
frame-000328.color.jpg 0.080239 0.308940 -0.791256 0.521567 -5.205503 -0.786070 2.298582 0.068629 0.002115
frame-000329.color.jpg 0.081668 0.311335 -0.788509 0.524075 -5.191449 -0.787654 2.325458 0.094577 0.002196
frame-000330.color.jpg 0.093173 0.316470 -0.771716 0.543710 -5.136154 -0.689140 2.435039 0.154712 0.004526
frame-000331.color.jpg 0.094175 0.316240 -0.769011 0.547489 -5.136684 -0.664479 2.437224 0.169497 0.004940
frame-000332.color.jpg 0.110623 0.313206 -0.748400 0.574075 -5.114444 -0.432701 2.503599 0.057295 0.001094
frame-000333.color.jpg 0.115763 0.313134 -0.738986 0.585189 -5.101947 -0.356810 2.531710 0.231324 0.005169
frame-000334.color.jpg 0.115567 0.314628 -0.732787 0.592180 -5.107809 -0.347341 2.527799 0.101591 0.002898
frame-000335.color.jpg 0.112727 0.317168 -0.727035 0.598429 -5.112005 -0.370101 2.514102 0.128798 0.002527
frame-000336.color.jpg 0.115073 0.319447 -0.724435 0.599922 -5.088771 -0.355234 2.545944 0.108226 0.003759
frame-000337.color.jpg 0.119933 0.318101 -0.718523 0.606755 -5.078527 -0.291344 2.568073 0.219853 0.004883
frame-000338.color.jpg 0.122890 0.312499 -0.717725 0.610011 -5.093447 -0.198809 2.544321 0.294626 0.007025
frame-000339.color.jpg 0.127731 0.313480 -0.714432 0.612374 -5.081718 -0.164606 2.584280 0.105088 0.002750
frame-000340.color.jpg 0.134986 0.328725 -0.711763 0.605898 -5.000578 -0.231124 2.745984 0.246866 0.006539
frame-000341.color.jpg 0.145130 0.346709 -0.698615 0.608824 -4.903181 -0.284771 2.932535 0.051507 0.001464
frame-000342.color.jpg 0.153836 0.356202 -0.685866 0.615664 -4.840300 -0.261697 3.053453 0.179625 0.002964
frame-000343.color.jpg 0.158619 0.370646 -0.679561 0.612910 -4.753856 -0.334626 3.187940 0.226472 0.005731
frame-000344.color.jpg 0.168125 0.388188 -0.669954 0.610086 -4.627913 -0.390201 3.371427 0.070258 0.001782
frame-000345.color.jpg 0.175689 0.397013 -0.665505 0.607138 -4.538701 -0.395331 3.485387 0.089999 0.002615
frame-000346.color.jpg 0.199553 0.423350 -0.654563 0.593718 -4.232219 -0.422065 3.836327 0.198556 0.004188
frame-000347.color.jpg 0.215199 0.437550 -0.649383 0.583559 -4.032940 -0.422759 4.033893 0.221973 0.004656
frame-000348.color.jpg 0.230478 0.456916 -0.642165 0.570729 -3.782412 -0.472598 4.256979 0.231354 0.004895
frame-000349.color.jpg 0.235708 0.464588 -0.639633 0.565217 -3.676393 -0.497127 4.339164 0.268730 0.006637
frame-000350.color.jpg 0.241208 0.472689 -0.636320 0.559894 -3.569373 -0.523599 4.424971 0.154178 0.003100
frame-000351.color.jpg 0.249690 0.481727 -0.633331 0.551802 -3.428789 -0.543512 4.534119 0.199467 0.003856
frame-000352.color.jpg 0.256090 0.497039 -0.630396 0.538489 -3.223087 -0.649977 4.657791 0.347275 0.007666
frame-000353.color.jpg 0.265410 0.509270 -0.627046 0.526322 -3.035939 -0.702548 4.777763 0.168803 0.003003
frame-000354.color.jpg 0.270353 0.515551 -0.625522 0.519460 -2.923031 -0.731012 4.836232 0.268912 0.005771
frame-000355.color.jpg 0.278396 0.524392 -0.622253 0.510207 -2.764665 -0.763233 4.922974 0.319788 0.006806
frame-000356.color.jpg 0.276813 0.533452 -0.625582 0.497444 -2.652663 -0.902850 4.948812 0.390171 0.010086
frame-000357.color.jpg 0.275504 0.544681 -0.631746 0.477826 -2.514058 -1.097699 4.983044 0.335540 0.006392
frame-000358.color.jpg 0.269389 0.551333 -0.637617 0.465732 -2.467542 -1.271416 4.963479 0.426967 0.008581
frame-000359.color.jpg 0.262293 0.557777 -0.643903 0.453295 -2.427423 -1.450400 4.931497 0.348240 0.007336
frame-000360.color.jpg 0.256440 0.561182 -0.647904 0.446691 -2.421574 -1.561819 4.899740 0.308033 0.006572
frame-000361.color.jpg 0.245384 0.566769 -0.653062 0.438258 -2.425003 -1.740397 4.838591 0.329326 0.008025
frame-000362.color.jpg 0.231566 0.570947 -0.661787 0.427124 -2.445466 -1.946540 4.741398 0.247887 0.006325
frame-000363.color.jpg 0.226743 0.573530 -0.664048 0.422718 -2.440701 -2.033514 4.707826 0.269946 0.007481
frame-000364.color.jpg 0.219778 0.584026 -0.669735 0.402576 -2.339421 -2.272690 4.655071 0.323218 0.007722
frame-000365.color.jpg 0.214118 0.588487 -0.672078 0.395156 -2.311093 -2.382805 4.612497 0.192353 0.005157
frame-000366.color.jpg 0.208288 0.595737 -0.673383 0.385058 -2.254385 -2.530996 4.578521 0.319961 0.008032
frame-000367.color.jpg 0.205053 0.599931 -0.675018 0.377342 -2.210292 -2.629482 4.550830 0.226335 0.005979
frame-000368.color.jpg 0.197302 0.615599 -0.671699 0.361843 -2.040389 -2.857945 4.499459 0.195371 0.004977
frame-000369.color.jpg 0.201150 0.623732 -0.665992 0.356302 -1.914831 -2.899377 4.535358 0.155897 0.004852
frame-000370.color.jpg 0.205965 0.636539 -0.654728 0.351751 -1.716146 -2.940066 4.597013 0.142694 0.003168
frame-000371.color.jpg 0.206772 0.645715 -0.648616 0.345825 -1.583889 -2.992675 4.609696 0.200723 0.004122
frame-000372.color.jpg 0.214529 0.661831 -0.634673 0.336374 -1.313274 -3.039140 4.674717 0.327417 0.008016
frame-000373.color.jpg 0.230074 0.678719 -0.613996 0.330780 -0.957153 -2.987335 4.803158 0.168220 0.002517
frame-000374.color.jpg 0.237850 0.683923 -0.606690 0.328030 -0.813760 -2.956222 4.854584 0.271699 0.004295
frame-000375.color.jpg 0.241244 0.695586 -0.594534 0.323251 -0.602481 -2.965267 4.876820 0.194175 0.004344
frame-000376.color.jpg 0.246814 0.706789 -0.580207 0.320767 -0.369963 -2.938654 4.918050 0.235018 0.004079
frame-000377.color.jpg 0.248862 0.712357 -0.571737 0.322075 -0.256697 -2.908189 4.941231 0.325425 0.007700
frame-000378.color.jpg 0.262124 0.724677 -0.550500 0.321067 0.107274 -2.722572 4.981223 0.272242 0.005005
frame-000379.color.jpg 0.264574 0.721147 -0.552615 0.323364 0.055412 -2.690842 5.005903 0.148147 0.005191
frame-000380.color.jpg 0.273617 0.716247 -0.551332 0.328872 0.040732 -2.574848 5.064931 0.080674 0.001619
frame-000381.color.jpg 0.284908 0.719591 -0.542852 0.326080 0.171322 -2.482312 5.111497 0.213709 0.004137
frame-000382.color.jpg 0.298060 0.723333 -0.534086 0.320470 0.342359 -2.388774 5.148182 0.262301 0.005735
frame-000383.color.jpg 0.307126 0.726599 -0.525937 0.317989 0.472875 -2.310767 5.174012 0.182330 0.002861
frame-000384.color.jpg 0.319963 0.731730 -0.513590 0.313719 0.668079 -2.205819 5.201786 0.240540 0.002960
frame-000385.color.jpg 0.336517 0.740011 -0.496005 0.305155 0.957544 -2.068871 5.210301 0.157461 0.003188
