frame-000000.color.jpg 0.104840 0.022788 0.956489 -0.271328 -3.907579 -5.212995 3.935929 1.343621 0.029090
frame-000001.color.jpg 0.107438 0.024355 0.956561 -0.269917 -3.937511 -5.217314 3.896118 1.416211 0.029555
frame-000002.color.jpg 0.108817 0.029863 0.956216 -0.270032 -4.015582 -5.179735 3.866020 1.173970 0.025659
frame-000003.color.jpg 0.109216 0.031110 0.956507 -0.268699 -4.028802 -5.179157 3.844941 1.282769 0.029038
frame-000004.color.jpg 0.108707 0.034221 0.956227 -0.269520 -4.066159 -5.152925 3.845686 1.257086 0.028258
frame-000005.color.jpg 0.109991 0.033863 0.956527 -0.267976 -4.063875 -5.166661 3.820048 1.389459 0.031279
frame-000006.color.jpg 0.108495 0.033257 0.956706 -0.268022 -4.051979 -5.169111 3.832228 1.216235 0.029031
frame-000007.color.jpg 0.111106 0.035059 0.955976 -0.269327 -4.081751 -5.152848 3.821163 1.523078 0.033747
frame-000008.color.jpg 0.110304 0.034679 0.956561 -0.267621 -4.073481 -5.166961 3.807457 1.389563 0.032100
frame-000009.color.jpg 0.115512 0.039761 0.956004 -0.266706 -4.154549 -5.129789 3.737438 1.446817 0.034184
frame-000010.color.jpg 0.117692 0.044018 0.953894 -0.272576 -4.221732 -5.047042 3.766748 1.254714 0.029409
frame-000011.color.jpg 0.120892 0.045902 0.952301 -0.276407 -4.256089 -5.000942 3.775968 1.200983 0.030019
frame-000012.color.jpg 0.119588 0.048216 0.951887 -0.278003 -4.282025 -4.965845 3.793414 1.208868 0.027611
frame-000013.color.jpg 0.116806 0.052100 0.949973 -0.284943 -4.320828 -4.877256 3.870387 0.961271 0.017019
frame-000014.color.jpg 0.122460 0.057332 0.948502 -0.286461 -4.381896 -4.825290 3.820544 0.965282 0.017810
frame-000015.color.jpg 0.125227 0.062358 0.948490 -0.284246 -4.431982 -4.800620 3.757358 1.266850 0.024158
frame-000016.color.jpg 0.127215 0.064757 0.947891 -0.284827 -4.453500 -4.774313 3.738676 1.319154 0.025605
frame-000017.color.jpg 0.129866 0.071009 0.947306 -0.284086 -4.509551 -4.724721 3.687637 1.648005 0.032755
frame-000018.color.jpg 0.129833 0.072673 0.946566 -0.286137 -4.508318 -4.690157 3.704089 1.698859 0.032033
frame-000019.color.jpg 0.129109 0.072706 0.947237 -0.284229 -4.483582 -4.700737 3.689441 1.678472 0.033584
frame-000020.color.jpg 0.132408 0.073460 0.946655 -0.284456 -4.475280 -4.697722 3.664640 1.896347 0.040046
frame-000021.color.jpg 0.119202 0.069092 0.948291 -0.285940 -4.389719 -4.698999 3.780083 0.410931 0.012824
frame-000022.color.jpg 0.120950 0.070248 0.948061 -0.285688 -4.399650 -4.695298 3.759711 0.550331 0.013556
frame-000023.color.jpg 0.120120 0.069509 0.948777 -0.283834 -4.369490 -4.716014 3.748890 0.430931 0.013670
frame-000024.color.jpg 0.121994 0.071084 0.949818 -0.279126 -4.367689 -4.739862 3.680350 0.361273 0.017901
frame-000025.color.jpg 0.121684 0.074826 0.949934 -0.277882 -4.363614 -4.720955 3.655997 0.469518 0.018400
frame-000026.color.jpg 0.120105 0.075751 0.950226 -0.277321 -4.351331 -4.715423 3.657577 0.463702 0.018193
frame-000027.color.jpg 0.110589 0.069655 0.952771 -0.274127 -4.226857 -4.769349 3.714431 0.440906 0.016086
frame-000028.color.jpg 0.101654 0.055567 0.954597 -0.274449 -4.022903 -4.850746 3.823756 0.662886 0.020371
frame-000029.color.jpg 0.080020 0.010840 0.958734 -0.272594 -3.390725 -5.120166 4.071367 0.463917 0.021592
frame-000030.color.jpg 0.075981 -0.009167 0.959689 -0.270443 -3.126430 -5.244672 4.125011 0.666579 0.023078
frame-000031.color.jpg 0.074229 -0.018476 0.959819 -0.269992 -2.998688 -5.297302 4.155094 0.559867 0.022728
frame-000032.color.jpg 0.067852 -0.032986 0.961155 -0.265498 -2.775618 -5.403242 4.176962 0.682660 0.024673
frame-000033.color.jpg 0.064155 -0.036245 0.961215 -0.265774 -2.706557 -5.416844 4.211587 0.702922 0.023006
frame-000034.color.jpg 0.058817 -0.048356 0.960810 -0.266546 -2.520042 -5.463366 4.280340 0.595352 0.018888
frame-000035.color.jpg 0.054600 -0.055206 0.960633 -0.266750 -2.397116 -5.487006 4.326557 0.457281 0.018525
frame-000036.color.jpg 0.053379 -0.058794 0.961204 -0.264162 -2.324306 -5.526267 4.318920 0.555609 0.023363
frame-000037.color.jpg 0.054447 -0.055295 0.961553 -0.263427 -2.354109 -5.531172 4.309747 0.613104 0.022333
frame-000038.color.jpg 0.051471 -0.051322 0.961481 -0.265087 -2.371460 -5.502134 4.349244 0.644721 0.023079
frame-000039.color.jpg 0.051898 -0.050954 0.961125 -0.266361 -2.371213 -5.493614 4.363518 0.632061 0.023650
frame-000040.color.jpg 0.046721 -0.055403 0.961016 -0.266824 -2.246935 -5.521217 4.425364 0.696910 0.022157
frame-000041.color.jpg 0.037586 -0.054347 0.960561 -0.270103 -2.186831 -5.492768 4.518895 0.599868 0.018395
frame-000042.color.jpg 0.031734 -0.061386 0.960694 -0.268873 -2.036240 -5.531704 4.558095 0.735611 0.022395
frame-000043.color.jpg 0.025420 -0.073244 0.959877 -0.269492 -1.820807 -5.577218 4.624421 0.515379 0.018956
frame-000044.color.jpg 0.019103 -0.081481 0.959188 -0.270100 -1.660634 -5.599319 4.680566 0.563182 0.017885
frame-000045.color.jpg 0.012805 -0.096022 0.957792 -0.270648 -1.411529 -5.637466 4.745282 0.454892 0.016480
frame-000046.color.jpg 0.011995 -0.098313 0.956858 -0.273156 -1.371759 -5.625423 4.783069 0.696458 0.017624
frame-000047.color.jpg 0.000302 -0.124672 0.955473 -0.267446 -0.910738 -5.733071 4.812641 0.519510 0.017069
frame-000048.color.jpg 0.007237 0.146447 -0.953723 0.262514 -0.545119 -5.810500 4.810925 0.474013 0.015360
frame-000049.color.jpg 0.015322 0.165116 -0.951601 0.258760 -0.217613 -5.863455 4.810965 0.436064 0.012547
frame-000050.color.jpg 0.021171 0.179498 -0.950113 0.254199 0.035130 -5.913066 4.782781 0.464129 0.010711
frame-000051.color.jpg 0.025296 0.190417 -0.948765 0.250892 0.224691 -5.944264 4.755918 0.572812 0.010902
frame-000052.color.jpg 0.032565 0.201625 -0.947615 0.245588 0.445042 -5.981504 4.709693 0.768922 0.010560
frame-000053.color.jpg 0.036632 0.209656 -0.944842 0.248951 0.595172 -5.941884 4.760355 0.666740 0.015242
frame-000054.color.jpg 0.041665 0.220724 -0.942573 0.247187 0.800663 -5.930790 4.745145 0.621256 0.014044
frame-000055.color.jpg 0.044353 0.226299 -0.941003 0.247660 0.910820 -5.906160 4.753316 0.688131 0.015279
frame-000056.color.jpg 0.048469 0.233596 -0.938590 0.249262 1.044535 -5.862547 4.772899 0.589896 0.010398
frame-000057.color.jpg 0.051689 0.241857 -0.934674 0.255379 1.185781 -5.763793 4.842288 0.753407 0.008678
frame-000058.color.jpg 0.050055 0.248339 -0.931385 0.261429 1.272721 -5.668428 4.901629 0.622283 0.011091
frame-000059.color.jpg 0.052604 0.247913 -0.929698 0.267269 1.284958 -5.589421 4.965590 0.287579 0.014799
frame-000060.color.jpg 0.054762 0.246027 -0.925982 0.281123 1.259272 -5.418828 5.119427 0.788488 0.021579
frame-000061.color.jpg 0.046086 0.244595 -0.923807 0.290913 1.174240 -5.310302 5.212941 0.911270 0.026250
frame-000062.color.jpg 0.037108 0.239787 -0.921759 0.302465 1.035311 -5.190413 5.320030 1.188231 0.027269
frame-000063.color.jpg 0.032410 0.236398 -0.920694 0.308849 0.947812 -5.119239 5.373465 0.943206 0.019949
frame-000064.color.jpg 0.028840 0.233389 -0.918999 0.316446 0.870234 -5.027441 5.433000 0.885316 0.016776
frame-000065.color.jpg 0.027781 0.231136 -0.919496 0.316751 0.833755 -5.022120 5.429256 0.761461 0.015010
frame-000066.color.jpg 0.022761 0.227262 -0.917676 0.325122 0.737155 -4.937016 5.494321 0.828193 0.015809
frame-000067.color.jpg 0.012810 0.219575 -0.918035 0.329899 0.562457 -4.905743 5.517255 0.784284 0.014787
frame-000068.color.jpg 0.008615 0.216339 -0.917987 0.332300 0.489135 -4.885526 5.528417 0.842714 0.014672
frame-000069.color.jpg 0.001041 -0.204115 0.918325 -0.339139 0.256318 -4.832314 5.572509 0.740264 0.013498
frame-000070.color.jpg 0.010285 -0.184048 0.920735 -0.343901 -0.067662 -4.804033 5.586750 1.352724 0.022430
frame-000071.color.jpg 0.015763 -0.170371 0.922165 -0.346897 -0.279323 -4.777763 5.592900 0.919756 0.014016
frame-000072.color.jpg 0.022383 -0.152813 0.922045 -0.354937 -0.551346 -4.689252 5.639954 1.559503 0.024114
frame-000073.color.jpg 0.029384 -0.141414 0.922860 -0.357027 -0.738942 -4.666302 5.629177 1.413640 0.024209
frame-000074.color.jpg 0.035140 -0.123953 0.923542 -0.361207 -1.000174 -4.602108 5.631021 1.047566 0.018182
frame-000075.color.jpg 0.038797 -0.103850 0.923272 -0.367803 -1.283400 -4.497442 5.652895 0.693037 0.010792
frame-000076.color.jpg 0.043832 -0.091378 0.923779 -0.369272 -1.472544 -4.460540 5.631170 0.923503 0.015926
frame-000077.color.jpg 0.050441 -0.079055 0.923492 -0.371980 -1.670340 -4.412299 5.611611 1.073241 0.018536
frame-000078.color.jpg 0.056932 -0.068126 0.922315 -0.376101 -1.853227 -4.343587 5.605915 0.875973 0.013325
frame-000079.color.jpg 0.060464 -0.063587 0.922775 -0.375217 -1.927568 -4.343249 5.576220 0.717785 0.011997
frame-000080.color.jpg 0.063155 -0.051964 0.922996 -0.376017 -2.091584 -4.298612 5.549404 0.557920 0.005263
frame-000081.color.jpg 0.068723 -0.039349 0.921473 -0.380285 -2.289950 -4.212079 5.541372 0.804118 0.010631
frame-000082.color.jpg 0.070451 -0.035028 0.918079 -0.388510 -2.359487 -4.103165 5.602325 0.847264 0.007465
frame-000083.color.jpg 0.071442 -0.034322 0.916226 -0.392745 -2.374922 -4.049736 5.637258 0.945410 0.008860
frame-000084.color.jpg 0.075227 -0.037144 0.915457 -0.393574 -2.355544 -4.046694 5.641705 0.910841 0.021808
frame-000085.color.jpg 0.071094 -0.040975 0.913113 -0.399363 -2.283617 -3.982342 5.724856 0.825522 0.016057
frame-000086.color.jpg 0.064589 -0.054997 0.911089 -0.403387 -2.069017 -3.962745 5.824958 1.017554 0.012598
frame-000087.color.jpg 0.062284 -0.055503 0.910533 -0.404933 -2.037774 -3.937982 5.854506 0.740535 0.017416
frame-000088.color.jpg 0.051965 -0.078363 0.906090 -0.412504 -1.667509 -3.883384 6.018184 0.375269 0.017370
frame-000089.color.jpg 0.029701 -0.105541 0.903176 -0.415033 -1.139416 -3.842644 6.173504 0.793112 0.020133
frame-000090.color.jpg 0.013596 -0.128897 0.899532 -0.417185 -0.705805 -3.806962 6.275208 0.336447 0.013005
frame-000091.color.jpg 0.002979 -0.145284 0.899313 -0.412456 -0.402349 -3.853857 6.282951 0.136308 0.011008
frame-000092.color.jpg 0.006514 0.158497 -0.899898 0.406227 -0.140583 -3.909571 6.261966 0.496762 0.016894
frame-000093.color.jpg 0.011592 0.171547 -0.897201 0.406777 0.072027 -3.891680 6.285871 0.194284 0.011825
frame-000094.color.jpg 0.024930 0.188784 -0.894695 0.404056 0.410932 -3.884151 6.290433 0.298176 0.010058
frame-000095.color.jpg 0.028654 0.199475 -0.892658 0.403176 0.587904 -3.873412 6.291770 0.366392 0.011007
frame-000096.color.jpg 0.040509 0.218433 -0.889164 0.400043 0.937859 -3.855428 6.275779 0.371247 0.010020
frame-000097.color.jpg 0.048253 0.231977 -0.887167 0.395971 1.185051 -3.861247 6.242737 0.529040 0.011194
frame-000098.color.jpg 0.054399 0.239091 -0.885770 0.394065 1.332047 -3.854781 6.224564 0.522252 0.011013
frame-000099.color.jpg 0.070180 0.271298 -0.880103 0.383263 1.899289 -3.856937 6.100263 0.409141 0.011435
frame-000100.color.jpg 0.073934 0.280582 -0.878322 0.379946 2.056253 -3.857575 6.056911 0.310143 0.009972
frame-000101.color.jpg 0.079325 0.293510 -0.876059 0.374272 2.274792 -3.863606 5.982998 0.217353 0.007955
frame-000102.color.jpg 0.082591 0.302276 -0.873774 0.371924 2.421484 -3.845675 5.946288 0.258094 0.008217
frame-000103.color.jpg 0.086814 0.310712 -0.871750 0.368746 2.569613 -3.834497 5.896613 0.312184 0.009168
frame-000104.color.jpg 0.094092 0.326190 -0.868683 0.360745 2.841552 -3.840734 5.780463 0.375588 0.008445
frame-000105.color.jpg 0.098442 0.334376 -0.868008 0.353643 2.997623 -3.875825 5.686321 0.371561 0.011520
frame-000106.color.jpg 0.112292 0.359094 -0.870425 0.317494 3.471079 -4.153408 5.228484 0.396234 0.011330
frame-000107.color.jpg 0.114740 0.365613 -0.872891 0.302032 3.593686 -4.290426 5.039341 0.317476 0.011084
frame-000108.color.jpg 0.109093 0.372908 -0.873885 0.292169 3.671614 -4.367649 4.925022 0.458242 0.015202
frame-000109.color.jpg 0.105558 0.382436 -0.873847 0.281056 3.787469 -4.430843 4.783708 0.455285 0.016021
frame-000110.color.jpg 0.106270 0.385182 -0.874381 0.275315 3.839394 -4.472032 4.707466 0.376318 0.013749
frame-000111.color.jpg 0.094304 0.391108 -0.878209 0.258633 3.877570 -4.636156 4.526211 0.337631 0.012950
frame-000112.color.jpg 0.093285 0.393714 -0.878506 0.253995 3.919579 -4.664429 4.466851 0.496088 0.015810
frame-000113.color.jpg 0.090007 0.397914 -0.879400 0.245394 3.970997 -4.724933 4.362886 0.347188 0.012125
frame-000114.color.jpg 0.086827 0.401846 -0.879813 0.238556 4.022971 -4.762370 4.280457 0.446914 0.011498
frame-000115.color.jpg 0.086317 0.401308 -0.880395 0.237501 4.020540 -4.777615 4.266943 0.361682 0.011553
frame-000116.color.jpg 0.089558 0.405967 -0.880037 0.229574 4.123939 -4.794218 4.145231 0.495730 0.011899
frame-000117.color.jpg 0.094761 0.411444 -0.878049 0.225308 4.238439 -4.761790 4.058553 0.702352 0.018879
frame-000118.color.jpg 0.107080 0.432220 -0.864432 0.233402 4.577491 -4.383308 4.017231 0.278468 0.007238
frame-000119.color.jpg 0.111495 0.429740 -0.863476 0.239378 4.570967 -4.303262 4.047265 0.364537 0.004172
frame-000120.color.jpg 0.119484 0.427731 -0.863998 0.237230 4.606316 -4.293475 3.967894 0.255925 0.008528
frame-000121.color.jpg 0.125610 0.432015 -0.861794 0.234301 4.706171 -4.238822 3.873027 0.373375 0.005431
frame-000122.color.jpg 0.122668 0.439806 -0.858674 0.232812 4.802606 -4.155410 3.827217 0.299929 0.008863
frame-000123.color.jpg 0.123817 0.447831 -0.853723 0.235106 4.914373 -4.026571 3.808883 0.427444 0.008742
frame-000124.color.jpg 0.116574 0.444905 -0.855900 0.236446 4.872342 -4.026738 3.842997 0.456171 0.009891
frame-000125.color.jpg 0.116456 0.424000 -0.865848 0.238682 4.664392 -4.191382 3.911888 0.284092 0.008756
frame-000126.color.jpg 0.109489 0.398767 -0.877180 0.244032 4.367446 -4.369884 4.059009 0.406323 0.007553
frame-000127.color.jpg 0.104000 0.361219 -0.893162 0.246916 3.936710 -4.640165 4.195173 0.422958 0.005401
frame-000128.color.jpg 0.100108 0.338823 -0.901961 0.248282 3.672881 -4.789279 4.269070 0.479547 0.004635
frame-000129.color.jpg 0.092889 0.313670 -0.909964 0.254851 3.351877 -4.898782 4.412078 0.428432 0.004222
frame-000130.color.jpg 0.090636 0.299904 -0.913708 0.258806 3.188302 -4.941501 4.484322 0.333964 0.004937
frame-000131.color.jpg 0.089945 0.289657 -0.916186 0.261938 3.072877 -4.964022 4.536852 0.483986 0.005741
frame-000132.color.jpg 0.089983 0.287423 -0.916586 0.262986 3.047515 -4.965400 4.549766 0.492486 0.007575
frame-000133.color.jpg 0.080031 0.270455 -0.921911 0.265574 2.788400 -5.031682 4.607544 0.482079 0.005688
frame-000134.color.jpg 0.078255 0.268225 -0.922966 0.264698 2.751994 -5.048633 4.599664 0.448645 0.007163
frame-000135.color.jpg 0.068037 0.255876 -0.926762 0.266478 2.534212 -5.091188 4.638105 0.481567 0.006159
frame-000136.color.jpg 0.064125 0.241375 -0.929953 0.269840 2.326688 -5.107397 4.678469 0.251590 0.006213
frame-000137.color.jpg 0.056512 0.227318 -0.934534 0.267917 2.108109 -5.165573 4.651892 0.197442 0.007503
frame-000138.color.jpg 0.045874 0.211092 -0.938321 0.269981 1.842111 -5.194868 4.677366 0.217210 0.008008
frame-000139.color.jpg 0.038306 0.190549 -0.940216 0.279673 1.537072 -5.151683 4.777422 0.528149 0.011076
frame-000140.color.jpg 0.024769 0.173678 -0.942947 0.282973 1.240707 -5.167806 4.808537 0.618539 0.013352
frame-000141.color.jpg 0.007357 0.151009 -0.946797 0.284107 0.847744 -5.204319 4.808297 0.738129 0.015321
frame-000142.color.jpg 0.009113 -0.127239 0.949154 -0.287809 0.444803 -5.213717 4.827222 1.028520 0.021322
frame-000143.color.jpg 0.034899 -0.079836 0.955384 -0.282223 -0.284691 -5.295654 4.702936 0.214249 0.012964
frame-000144.color.jpg 0.041023 -0.047325 0.957226 -0.282483 -0.710617 -5.269429 4.665693 0.269989 0.010558
frame-000145.color.jpg 0.058396 0.008508 0.954307 -0.292943 -1.475502 -5.073937 4.679495 0.902419 0.012798
frame-000146.color.jpg 0.060919 0.017576 0.952168 -0.298924 -1.595243 -4.995240 4.725261 1.035724 0.015871
frame-000147.color.jpg 0.067843 0.032726 0.948727 -0.306992 -1.810997 -4.872812 4.771850 0.936256 0.014034
frame-000148.color.jpg 0.073873 0.047599 0.944877 -0.315413 -2.011207 -4.741295 4.820685 0.665464 0.012674
frame-000149.color.jpg 0.079428 0.056893 0.941463 -0.322648 -2.154866 -4.641040 4.862768 0.855015 0.011206
frame-000150.color.jpg 0.083984 0.070215 0.938739 -0.326781 -2.333663 -4.550526 4.867854 0.642291 0.010893
frame-000151.color.jpg 0.092723 0.085008 0.934352 -0.333411 -2.560443 -4.432483 4.875788 0.678236 0.013907
frame-000152.color.jpg 0.107277 0.098240 0.929556 -0.338770 -2.808398 -4.334703 4.850362 0.595816 0.011535
frame-000153.color.jpg 0.112614 0.101450 0.928122 -0.340022 -2.882804 -4.317443 4.839832 0.644344 0.012596
frame-000154.color.jpg 0.112823 0.100236 0.928133 -0.340283 -2.869841 -4.320828 4.848756 0.625368 0.011772
frame-000155.color.jpg 0.113987 0.095613 0.926928 -0.344485 -2.826608 -4.302736 4.902226 0.717761 0.014528
frame-000156.color.jpg 0.104323 0.080643 0.926912 -0.351350 -2.596813 -4.290152 5.058298 0.844597 0.015752
frame-000157.color.jpg 0.092555 0.063286 0.926030 -0.360412 -2.311317 -4.247004 5.241841 0.699976 0.012238
frame-000158.color.jpg 0.087654 0.045528 0.922825 -0.372342 -2.069482 -4.162555 5.415618 0.733275 0.013854
frame-000159.color.jpg 0.080051 0.038082 0.921003 -0.379335 -1.934881 -4.094689 5.521392 0.635677 0.013589
frame-000160.color.jpg 0.075074 0.027674 0.920327 -0.382878 -1.776142 -4.070962 5.591631 0.405356 0.008893
frame-000161.color.jpg 0.071868 0.021245 0.918679 -0.387830 -1.676532 -4.021879 5.658670 0.455640 0.010565
frame-000162.color.jpg 0.066935 0.005602 0.918517 -0.389634 -1.447298 -4.024549 5.717909 0.383526 0.007524
frame-000163.color.jpg 0.060483 -0.007624 0.919072 -0.389346 -1.233307 -4.046075 5.753223 0.471686 0.007950
frame-000164.color.jpg 0.048347 -0.023054 0.920339 -0.387437 -0.948566 -4.085458 5.782914 0.523438 0.009632
frame-000165.color.jpg 0.040501 -0.040109 0.920978 -0.385421 -0.668980 -4.123209 5.798961 0.643205 0.010805
frame-000166.color.jpg 0.026350 -0.062456 0.922681 -0.379557 -0.276875 -4.189586 5.784616 0.583501 0.006454
frame-000167.color.jpg 0.016071 -0.079642 0.923028 -0.376057 0.028238 -4.221382 5.771602 0.527365 0.006619
frame-000168.color.jpg 0.001511 -0.099605 0.923316 -0.370896 0.401545 -4.256674 5.736780 0.239557 0.006908
frame-000169.color.jpg 0.007907 0.117844 -0.922325 0.367922 0.708941 -4.260429 5.710230 0.446937 0.008317
frame-000170.color.jpg 0.016605 0.133615 -0.921030 0.365478 0.981318 -4.253349 5.681462 0.421316 0.008553
frame-000171.color.jpg 0.028558 0.151902 -0.918588 0.363739 1.306824 -4.218590 5.649950 0.283108 0.006989
frame-000172.color.jpg 0.040353 0.169178 -0.915857 0.361878 1.614912 -4.181345 5.608565 0.332915 0.007815
frame-000173.color.jpg 0.049134 0.183663 -0.914012 0.358380 1.866852 -4.167854 5.550097 0.290088 0.006812
frame-000174.color.jpg 0.062198 0.204510 -0.912088 0.349860 2.242322 -4.177944 5.420249 0.297453 0.007306
frame-000175.color.jpg 0.069456 0.215201 -0.912111 0.341933 2.435414 -4.215637 5.314598 0.257332 0.007266
frame-000176.color.jpg 0.075509 0.225821 -0.911603 0.335086 2.620765 -4.242255 5.217001 0.377438 0.009135
frame-000177.color.jpg 0.085339 0.253359 -0.909980 0.316959 3.041119 -4.294171 4.960393 0.120518 0.004192
frame-000178.color.jpg 0.087319 0.259495 -0.910179 0.310824 3.135090 -4.323175 4.879269 0.187256 0.005968
frame-000179.color.jpg 0.089349 0.270790 -0.909790 0.301615 3.297354 -4.357810 4.754463 0.257522 0.007084
frame-000180.color.jpg 0.091882 0.281963 -0.909511 0.291281 3.459949 -4.396638 4.613487 0.303133 0.008815
frame-000181.color.jpg 0.094345 0.293388 -0.908616 0.281849 3.621272 -4.419226 4.478545 0.241609 0.008097
frame-000182.color.jpg 0.099569 0.305746 -0.906760 0.272748 3.809110 -4.423907 4.331490 0.192084 0.004699
frame-000183.color.jpg 0.101337 0.311788 -0.906743 0.265209 3.899934 -4.452603 4.227334 0.256201 0.007547
frame-000184.color.jpg 0.101206 0.324331 -0.907265 0.247864 4.070450 -4.538070 4.000856 0.061833 0.005106
frame-000185.color.jpg 0.100282 0.324267 -0.908072 0.245358 4.068282 -4.563543 3.977090 0.296793 0.007002
frame-000186.color.jpg 0.098374 0.326977 -0.909016 0.238951 4.093880 -4.611526 3.903342 0.199433 0.004871
frame-000187.color.jpg 0.092457 0.329741 -0.910349 0.232350 4.102170 -4.661256 3.843441 0.224584 0.005478
frame-000188.color.jpg 0.087625 0.332014 -0.911205 0.227584 4.111571 -4.693821 3.800856 0.269836 0.006894
frame-000189.color.jpg 0.086254 0.331558 -0.912584 0.223205 4.104056 -4.739789 3.756039 0.161326 0.006025
frame-000190.color.jpg 0.083571 0.333405 -0.913305 0.218475 4.119972 -4.772283 3.705732 0.300590 0.007822
frame-000191.color.jpg 0.081077 0.334770 -0.914070 0.214082 4.129894 -4.806266 3.658903 0.142958 0.007087
frame-000192.color.jpg 0.076431 0.334633 -0.915894 0.208127 4.113091 -4.860854 3.604563 0.190673 0.006926
frame-000193.color.jpg 0.076412 0.334629 -0.915709 0.208955 4.113429 -4.854874 3.612283 0.116038 0.005367
frame-000194.color.jpg 0.076808 0.331090 -0.916447 0.211200 4.076457 -4.858137 3.640764 0.181596 0.005188
frame-000195.color.jpg 0.080050 0.328281 -0.915780 0.217188 4.055795 -4.816948 3.700786 0.347986 0.010016
frame-000196.color.jpg 0.084025 0.321082 -0.916065 0.225103 3.990000 -4.788714 3.791068 0.265161 0.009813
frame-000197.color.jpg 0.090555 0.319454 -0.912881 0.237479 3.993705 -4.649412 3.903362 0.375601 0.014411
frame-000198.color.jpg 0.095110 0.318947 -0.909920 0.247534 4.001450 -4.541914 3.994314 0.348242 0.013306
frame-000199.color.jpg 0.099990 0.315880 -0.908911 0.253184 3.988694 -4.494358 4.038845 0.245352 0.008129
frame-000200.color.jpg 0.106799 0.317018 -0.905750 0.260213 4.030855 -4.394512 4.077124 0.358936 0.007698
frame-000201.color.jpg 0.111828 0.316916 -0.903257 0.266807 4.052294 -4.308081 4.117130 0.328379 0.007510
frame-000202.color.jpg 0.115936 0.318832 -0.901292 0.269401 4.091932 -4.246718 4.112622 0.351723 0.009374
frame-000203.color.jpg 0.122675 0.321449 -0.897611 0.275528 4.154027 -4.131367 4.122841 0.402099 0.009778
frame-000204.color.jpg 0.125829 0.323904 -0.894383 0.281661 4.193766 -4.022964 4.149885 0.366685 0.009424
frame-000205.color.jpg 0.128053 0.324513 -0.891022 0.290471 4.205877 -3.899536 4.207836 0.211876 0.006572
frame-000206.color.jpg 0.129300 0.322642 -0.889917 0.295349 4.186476 -3.843584 4.241765 0.269487 0.009221
frame-000207.color.jpg 0.131274 0.318963 -0.886589 0.308205 4.152198 -3.718449 4.348831 0.219421 0.003240
frame-000208.color.jpg 0.133111 0.320230 -0.883685 0.314379 4.174752 -3.625499 4.379476 0.138499 0.002849
frame-000209.color.jpg 0.134621 0.325578 -0.881240 0.315107 4.247231 -3.557906 4.342603 0.065647 0.003964
frame-000210.color.jpg 0.131524 0.330915 -0.880064 0.314140 4.295846 -3.515059 4.320218 0.141464 0.004776
frame-000211.color.jpg 0.131704 0.336970 -0.875597 0.320054 4.394972 -3.382223 4.347381 0.230795 0.005270
frame-000212.color.jpg 0.134120 0.331837 -0.875902 0.323559 4.378179 -3.381474 4.383924 0.224836 0.003114
frame-000213.color.jpg 0.141998 0.306173 -0.882688 0.327043 4.235689 -3.531545 4.475887 0.575138 0.013391
frame-000214.color.jpg 0.142358 0.300026 -0.883769 0.329654 4.199202 -3.547215 4.523638 0.509232 0.011315
frame-000215.color.jpg 0.142195 0.296121 -0.883146 0.334881 4.201345 -3.521874 4.594452 0.404460 0.009992
frame-000216.color.jpg 0.140569 0.295761 -0.882316 0.338059 4.223030 -3.492627 4.638055 0.312514 0.008496
frame-000217.color.jpg 0.141090 0.291848 -0.882944 0.339600 4.205420 -3.503870 4.665654 0.343944 0.008806
frame-000218.color.jpg 0.141354 0.290074 -0.882230 0.342850 4.205608 -3.482158 4.703207 0.352094 0.010060
frame-000219.color.jpg 0.138602 0.287659 -0.883392 0.343016 4.182612 -3.497425 4.726018 0.433457 0.010474
frame-000220.color.jpg 0.143999 0.288787 -0.882103 0.343163 4.265669 -3.487362 4.689756 0.218824 0.006384
frame-000221.color.jpg 0.149650 0.304093 -0.877976 0.338067 4.487732 -3.416070 4.546132 0.236353 0.005529
frame-000222.color.jpg 0.160125 0.320425 -0.874076 0.328143 4.737585 -3.372572 4.323235 0.163019 0.004395
frame-000223.color.jpg 0.171660 0.335430 -0.867151 0.325682 4.970204 -3.253465 4.163228 0.167514 0.006263
frame-000224.color.jpg 0.175503 0.346462 -0.863624 0.321430 5.104192 -3.191581 4.049007 0.095609 0.004792
frame-000225.color.jpg 0.189073 0.374364 -0.853688 0.308738 5.454730 -3.032229 3.703108 0.085822 0.004799
frame-000226.color.jpg 0.199504 0.392222 -0.846453 0.299796 5.678124 -2.923278 3.456753 0.121204 0.005684
frame-000227.color.jpg 0.210911 0.417863 -0.835225 0.288627 5.965241 -2.726678 3.132282 0.132851 0.009064
frame-000228.color.jpg 0.217345 0.433294 -0.828377 0.280729 6.127613 -2.607192 2.918648 0.048534 0.006827
frame-000229.color.jpg 0.221798 0.447886 -0.822042 0.272857 6.269340 -2.497007 2.721057 0.371454 0.013738
frame-000230.color.jpg 0.221133 0.464391 -0.816842 0.261172 6.387352 -2.391416 2.513808 0.304122 0.012526
frame-000231.color.jpg 0.212134 0.480535 -0.814686 0.245709 6.470325 -2.315040 2.342170 0.229400 0.010525
frame-000232.color.jpg 0.208333 0.487008 -0.813887 0.238766 6.500386 -2.289850 2.260684 0.408604 0.013852
frame-000233.color.jpg 0.200441 0.493965 -0.814518 0.228871 6.519290 -2.277602 2.186084 0.259630 0.010304
frame-000234.color.jpg 0.192493 0.493800 -0.817680 0.224740 6.492411 -2.315958 2.202417 0.205134 0.011008
frame-000235.color.jpg 0.177671 0.482057 -0.826216 0.231132 6.367388 -2.426378 2.423803 0.236937 0.011291
frame-000236.color.jpg 0.168722 0.462717 -0.837415 0.236986 6.205024 -2.627458 2.625077 0.274446 0.011226
frame-000237.color.jpg 0.165461 0.424301 -0.855359 0.246883 5.912778 -3.010289 2.896868 0.304184 0.010563
frame-000238.color.jpg 0.157492 0.397732 -0.867655 0.253338 5.670766 -3.254970 3.118000 0.344808 0.009147
frame-000239.color.jpg 0.152490 0.374733 -0.876300 0.261574 5.458542 -3.425350 3.320727 0.380100 0.008185
frame-000240.color.jpg 0.147731 0.358389 -0.881825 0.268548 5.296688 -3.524341 3.481817 0.309214 0.006219
frame-000241.color.jpg 0.144305 0.344552 -0.885754 0.275500 5.158172 -3.592052 3.623555 0.213261 0.003484
frame-000242.color.jpg 0.136970 0.326943 -0.890105 0.286462 4.972282 -3.651111 3.839929 0.275736 0.005124
frame-000243.color.jpg 0.132043 0.315700 -0.893551 0.290627 4.855146 -3.712460 3.947429 0.222490 0.005223
frame-000244.color.jpg 0.128236 0.307295 -0.896313 0.292827 4.773850 -3.759824 4.016420 0.104043 0.003345
frame-000245.color.jpg 0.133547 0.299588 -0.897514 0.294755 4.750548 -3.796173 4.027385 0.115839 0.006116
frame-000246.color.jpg 0.136581 0.298093 -0.897357 0.295357 4.766883 -3.796834 4.017958 0.283408 0.007183
frame-000247.color.jpg 0.143011 0.294965 -0.895306 0.301614 4.793191 -3.743430 4.048395 0.319296 0.007632
frame-000248.color.jpg 0.142446 0.295481 -0.895611 0.300467 4.810100 -3.736968 4.034076 0.397571 0.009537
frame-000249.color.jpg 0.140197 0.296331 -0.894591 0.303710 4.817020 -3.684837 4.070539 0.326686 0.007715
frame-000250.color.jpg 0.143359 0.294336 -0.893753 0.306627 4.825285 -3.657372 4.074706 0.328275 0.006284
frame-000251.color.jpg 0.146305 0.291620 -0.892552 0.311292 4.823350 -3.615396 4.094144 0.439092 0.007499
frame-000252.color.jpg 0.147887 0.289706 -0.890796 0.317306 4.819379 -3.556868 4.128802 0.191143 0.003523
frame-000253.color.jpg 0.144156 0.282907 -0.890493 0.325892 4.736516 -3.502901 4.227973 0.203886 0.004359
frame-000254.color.jpg 0.135891 0.276045 -0.891966 0.331255 4.628702 -3.495191 4.328070 0.199221 0.003699
frame-000255.color.jpg 0.130620 0.272975 -0.894037 0.330334 4.576300 -3.523306 4.346975 0.334412 0.007773
frame-000256.color.jpg 0.122149 0.267754 -0.895625 0.333531 4.486286 -3.526017 4.430772 0.279016 0.006088
frame-000257.color.jpg 0.109601 0.260407 -0.898403 0.336225 4.348461 -3.551827 4.539133 0.451325 0.009126
frame-000258.color.jpg 0.104819 0.257428 -0.899406 0.337362 4.294939 -3.560096 4.582432 0.436058 0.008168
frame-000259.color.jpg 0.095117 0.235855 -0.905038 0.340927 4.028480 -3.682694 4.723664 0.393177 0.008087
frame-000260.color.jpg 0.091353 0.219969 -0.906771 0.347901 3.850962 -3.714136 4.850763 0.689849 0.013373
frame-000261.color.jpg 0.077883 0.193605 -0.913231 0.349944 3.500731 -3.861063 5.001128 0.394817 0.008269
frame-000262.color.jpg 0.070827 0.161313 -0.917635 0.356241 3.135886 -3.964396 5.171355 0.101615 0.004581
frame-000263.color.jpg 0.064373 0.150030 -0.917866 0.361759 2.989030 -3.960423 5.277795 0.320878 0.007761
frame-000264.color.jpg 0.056615 0.140498 -0.918356 0.365618 2.853589 -3.956834 5.367130 0.281168 0.003749
frame-000265.color.jpg 0.050729 0.133109 -0.918528 0.368803 2.757255 -3.945714 5.436501 0.236000 0.003985
frame-000266.color.jpg 0.049547 0.121828 -0.917507 0.375344 2.649651 -3.912618 5.525939 0.516763 0.008662
frame-000267.color.jpg 0.043640 0.114884 -0.916161 0.381506 2.558653 -3.864297 5.618096 0.426080 0.005265
frame-000268.color.jpg 0.039437 0.114957 -0.916162 0.381939 2.550917 -3.852826 5.637544 0.468679 0.009090
frame-000269.color.jpg 0.041407 0.116618 -0.916003 0.381607 2.602657 -3.844441 5.624215 0.391684 0.009322
frame-000270.color.jpg 0.048480 0.118367 -0.915636 0.381117 2.695439 -3.836036 5.587980 0.578776 0.012877
frame-000271.color.jpg 0.051012 0.120805 -0.914349 0.383105 2.762666 -3.790007 5.586550 0.504104 0.010500
frame-000272.color.jpg 0.055852 0.128757 -0.912337 0.384634 2.911740 -3.717350 5.552496 0.759323 0.014608
frame-000273.color.jpg 0.073216 0.143401 -0.908984 0.384479 3.242020 -3.614425 5.415987 0.282742 0.011348
frame-000274.color.jpg 0.085614 0.153197 -0.904340 0.389063 3.461425 -3.479681 5.336993 0.426623 0.012152
frame-000275.color.jpg 0.094080 0.160344 -0.898251 0.398227 3.618493 -3.307228 5.327695 0.702661 0.013712
frame-000276.color.jpg 0.091269 0.165546 -0.898497 0.396190 3.669354 -3.280229 5.291590 0.303863 0.006493
frame-000277.color.jpg 0.085686 0.167904 -0.898722 0.395936 3.675954 -3.250656 5.297063 0.485397 0.004479
frame-000278.color.jpg 0.081077 0.161339 -0.900290 0.396075 3.594171 -3.277522 5.331930 0.514967 0.007575
frame-000279.color.jpg 0.079510 0.149065 -0.901479 0.398489 3.472646 -3.317593 5.389905 0.391404 0.004092
frame-000280.color.jpg 0.074665 0.129070 -0.903399 0.402041 3.256234 -3.382660 5.498860 0.344882 0.005863
frame-000281.color.jpg 0.069505 0.125672 -0.906080 0.397989 3.209627 -3.452010 5.502913 0.380823 0.003217
frame-000282.color.jpg 0.069101 0.127982 -0.906170 0.397116 3.265522 -3.451217 5.498630 0.395082 0.008472
frame-000283.color.jpg 0.072402 0.140214 -0.905411 0.394119 3.454852 -3.424189 5.431453 0.374119 0.008852
frame-000284.color.jpg 0.079196 0.150924 -0.904131 0.391788 3.642091 -3.391782 5.351509 0.394215 0.008178
frame-000285.color.jpg 0.087017 0.167775 -0.901595 0.389109 3.903830 -3.325750 5.238450 0.386985 0.005713
frame-000286.color.jpg 0.094501 0.183635 -0.899911 0.384068 4.144150 -3.281168 5.104006 0.432581 0.007739
frame-000287.color.jpg 0.102361 0.194654 -0.898720 0.379386 4.324890 -3.262949 4.979180 0.276918 0.005298
frame-000288.color.jpg 0.111384 0.210704 -0.897502 0.371063 4.566829 -3.240126 4.793430 0.326440 0.006693
frame-000289.color.jpg 0.119623 0.227637 -0.895509 0.363229 4.806579 -3.188795 4.605253 0.504329 0.011004
frame-000290.color.jpg 0.128088 0.242576 -0.892316 0.358500 5.024337 -3.117424 4.441824 0.586136 0.011496
frame-000291.color.jpg 0.139826 0.257545 -0.889855 0.349681 5.247394 -3.078812 4.214068 0.843474 0.017563
frame-000292.color.jpg 0.150353 0.271368 -0.886812 0.342516 5.448313 -3.028928 4.007808 0.973746 0.020475
frame-000293.color.jpg 0.159818 0.286131 -0.882814 0.336492 5.642061 -2.951930 3.809435 0.620261 0.012674
frame-000294.color.jpg 0.167578 0.295325 -0.879970 0.332194 5.768510 -2.905757 3.663623 0.508772 0.010739
frame-000295.color.jpg 0.171716 0.306417 -0.876816 0.328354 5.887687 -2.827991 3.538159 0.626909 0.012057
frame-000296.color.jpg 0.180739 0.316898 -0.873658 0.321916 6.025757 -2.786330 3.349643 0.464775 0.009343
frame-000297.color.jpg 0.184346 0.322952 -0.873537 0.314089 6.088379 -2.799135 3.216919 0.571754 0.010564
frame-000298.color.jpg 0.193117 0.333321 -0.872474 0.300651 6.203158 -2.819714 2.964611 0.583101 0.011271
frame-000299.color.jpg 0.198315 0.349288 -0.868806 0.289559 6.334392 -2.740059 2.735427 0.628839 0.012941
frame-000300.color.jpg 0.198342 0.363821 -0.865477 0.281503 6.435950 -2.642386 2.585858 0.412280 0.007816
frame-000301.color.jpg 0.196027 0.376091 -0.863892 0.271697 6.499265 -2.577992 2.452572 0.431430 0.007569
frame-000302.color.jpg 0.193177 0.388379 -0.862162 0.261766 6.560112 -2.508890 2.323575 0.201528 0.005784
frame-000303.color.jpg 0.191513 0.400222 -0.857084 0.261825 6.619519 -2.379754 2.275791 0.884733 0.017173
frame-000304.color.jpg 0.191558 0.413683 -0.851686 0.258464 6.690186 -2.231462 2.181285 0.605164 0.012481
frame-000305.color.jpg 0.193069 0.417907 -0.849777 0.256820 6.713603 -2.184011 2.131769 0.458270 0.007316
frame-000306.color.jpg 0.199531 0.429793 -0.843058 0.254397 6.802076 -2.042963 1.993529 0.455089 0.009528
frame-000307.color.jpg 0.208108 0.447274 -0.833304 0.249482 6.918890 -1.844015 1.779399 0.260027 0.005949
frame-000308.color.jpg 0.216866 0.460799 -0.825195 0.244308 7.008001 -1.691850 1.578015 0.330759 0.004997
frame-000309.color.jpg 0.228946 0.476286 -0.816649 0.231993 7.102396 -1.552173 1.267115 0.760698 0.019683
frame-000310.color.jpg 0.238527 0.489413 -0.807564 0.226761 7.176181 -1.393713 1.050578 0.654219 0.018599
frame-000311.color.jpg 0.249756 0.505670 -0.796298 0.218699 7.254653 -1.200738 0.772638 0.859258 0.021291
frame-000312.color.jpg 0.257834 0.517832 -0.786745 0.215415 7.307302 -1.033519 0.586150 0.795469 0.023292
frame-000313.color.jpg 0.264780 0.531588 -0.776979 0.208827 7.353476 -0.855182 0.373979 0.867949 0.019366
frame-000314.color.jpg 0.271438 0.543580 -0.768145 0.201981 7.395355 -0.702543 0.173097 0.945591 0.016434
frame-000315.color.jpg 0.276908 0.557906 -0.756264 0.200319 7.423308 -0.473272 0.009441 0.968155 0.016521
frame-000316.color.jpg 0.293448 0.570256 -0.738671 0.207512 7.446025 -0.217581 -0.211915 0.595170 0.009381
frame-000317.color.jpg 0.300939 0.571256 -0.731093 0.220465 7.454780 -0.113920 -0.211966 0.492469 0.008621
frame-000318.color.jpg 0.303440 0.570187 -0.730146 0.222928 7.454369 -0.105926 -0.214076 0.932354 0.015306
frame-000319.color.jpg 0.318802 0.567150 -0.720362 0.240384 7.451025 -0.037048 -0.252816 0.677322 0.013260
frame-000320.color.jpg 0.324818 0.564487 -0.715690 0.252261 7.454359 0.002184 -0.222443 0.575284 0.010507
frame-000321.color.jpg 0.328927 0.561648 -0.710354 0.267872 7.456591 0.072174 -0.145214 0.480255 0.008309
frame-000322.color.jpg 0.329195 0.557435 -0.708710 0.280405 7.462203 0.102557 -0.030735 0.288961 0.004869
frame-000323.color.jpg 0.331227 0.553621 -0.706025 0.292099 7.461266 0.139981 0.049753 0.360585 0.008334
frame-000324.color.jpg 0.335235 0.550491 -0.703834 0.298655 7.460817 0.144620 0.067358 0.424239 0.009239
frame-000325.color.jpg 0.342925 0.544540 -0.701603 0.305994 7.465017 0.108610 0.067538 0.352417 0.008806
frame-000326.color.jpg 0.347717 0.541408 -0.697997 0.314279 7.463461 0.129919 0.083605 0.341526 0.009423
frame-000327.color.jpg 0.352545 0.537843 -0.694785 0.322042 7.465155 0.142711 0.101144 0.344857 0.009309
frame-000328.color.jpg 0.357796 0.535183 -0.691985 0.326676 7.466361 0.141128 0.085391 0.438248 0.010317
frame-000329.color.jpg 0.365594 0.533458 -0.686357 0.332682 7.470134 0.162789 0.033564 0.272019 0.005545
frame-000330.color.jpg 0.373296 0.532435 -0.682380 0.333946 7.470130 0.160599 -0.047532 0.506307 0.010831
frame-000331.color.jpg 0.379324 0.533593 -0.676223 0.337809 7.466931 0.217125 -0.116294 0.653624 0.012912
frame-000332.color.jpg 0.382755 0.532756 -0.673398 0.340888 7.468005 0.227960 -0.137936 0.557485 0.010239
frame-000333.color.jpg 0.390495 0.529677 -0.669092 0.345358 7.462983 0.215872 -0.190448 0.530537 0.008530
frame-000334.color.jpg 0.394407 0.526684 -0.667306 0.348928 7.460620 0.199937 -0.196693 0.520689 0.007837
frame-000335.color.jpg 0.394170 0.523059 -0.668016 0.353261 7.459250 0.189660 -0.142080 0.504882 0.008302
frame-000336.color.jpg 0.394654 0.521341 -0.668956 0.353483 7.458842 0.165344 -0.133193 0.445964 0.008363
frame-000337.color.jpg 0.393859 0.521205 -0.669735 0.353095 7.456646 0.161646 -0.125225 0.370595 0.006814
frame-000338.color.jpg 0.392549 0.521231 -0.670699 0.352683 7.453731 0.164202 -0.114581 0.422733 0.008075
frame-000339.color.jpg 0.384652 0.528648 -0.670809 0.350128 7.447460 0.265181 -0.102055 0.308909 0.010430
frame-000340.color.jpg 0.377183 0.532824 -0.673335 0.347060 7.440977 0.316234 -0.064782 0.236905 0.007239
frame-000341.color.jpg 0.370826 0.535300 -0.677183 0.342585 7.438141 0.322725 -0.041098 0.266577 0.009665
frame-000342.color.jpg 0.362819 0.541514 -0.680674 0.334376 7.433809 0.360016 -0.058200 0.261305 0.010098
frame-000343.color.jpg 0.359693 0.550110 -0.681091 0.322669 7.429074 0.409133 -0.182460 0.229090 0.007025
frame-000344.color.jpg 0.366279 0.556733 -0.675550 0.315468 7.423730 0.469331 -0.397019 0.246697 0.007261
frame-000345.color.jpg 0.377842 0.568340 -0.665131 0.303029 7.397464 0.577027 -0.748891 0.064310 0.003683
frame-000346.color.jpg 0.386050 0.583290 -0.652602 0.291288 7.348661 0.748313 -1.077317 0.096006 0.006139
frame-000347.color.jpg 0.394574 0.600525 -0.636796 0.279594 7.267848 0.971353 -1.429170 0.250346 0.006772
frame-000348.color.jpg 0.407233 0.624898 -0.612195 0.262453 7.107315 1.279938 -1.929071 0.178169 0.004826
frame-000349.color.jpg 0.420150 0.640130 -0.590706 0.254508 6.943124 1.497053 -2.298979 0.109279 0.003871
frame-000350.color.jpg 0.421826 0.643845 -0.586276 0.252601 6.905869 1.552557 -2.367575 0.177832 0.005055
frame-000351.color.jpg 0.426262 0.653901 -0.573971 0.247529 6.796228 1.704171 -2.549326 0.105653 0.003941
frame-000352.color.jpg 0.433440 0.680458 -0.540209 0.239333 6.484747 2.137878 -2.937685 0.130028 0.002205
frame-000353.color.jpg 0.439113 0.693217 -0.522106 0.232456 6.294335 2.331652 -3.166296 0.158616 0.003713
frame-000354.color.jpg 0.439666 0.695590 -0.518898 0.231500 6.263325 2.371416 -3.199418 0.226585 0.005369
frame-000355.color.jpg 0.448416 0.709192 -0.495838 0.223860 6.017987 2.572231 -3.481991 0.265293 0.005162
frame-000356.color.jpg 0.453570 0.716364 -0.482219 0.220365 5.870963 2.678442 -3.637714 0.288013 0.004700
frame-000357.color.jpg 0.459205 0.726081 -0.464225 0.215484 5.669086 2.829185 -3.830524 0.365907 0.006279
frame-000358.color.jpg 0.460581 0.727255 -0.461349 0.214761 5.637498 2.843647 -3.864225 0.329416 0.002758
frame-000359.color.jpg 0.471470 0.737056 -0.439137 0.204017 5.360772 2.962242 -4.153782 0.202256 0.004983
frame-000360.color.jpg 0.478603 0.741785 -0.426389 0.197198 5.195425 3.015596 -4.326313 0.327511 0.009907
frame-000361.color.jpg 0.484410 0.745542 -0.414162 0.194897 5.059958 3.063347 -4.454606 0.371791 0.010074
frame-000362.color.jpg 0.485733 0.746480 -0.411689 0.193243 5.025593 3.073180 -4.488325 0.381710 0.009410
frame-000363.color.jpg 0.490329 0.750855 -0.399768 0.189684 4.880024 3.131012 -4.607598 0.175350 0.005190
frame-000364.color.jpg 0.498483 0.755611 -0.383082 0.183888 4.671421 3.175575 -4.789977 0.227947 0.005512
frame-000365.color.jpg 0.500219 0.760611 -0.373116 0.178988 4.531638 3.250402 -4.874447 0.309099 0.007609
frame-000366.color.jpg 0.500378 0.761845 -0.370723 0.178266 4.501804 3.269832 -4.888339 0.298318 0.007290
frame-000367.color.jpg 0.504604 0.769920 -0.353061 0.167171 4.239627 3.372764 -5.057117 0.303847 0.006358
frame-000368.color.jpg 0.504304 0.771131 -0.351074 0.166679 4.214158 3.396017 -5.065568 0.302030 0.007450
frame-000369.color.jpg 0.504810 0.774011 -0.346368 0.161565 4.131020 3.436231 -5.113910 0.347964 0.007466
frame-000370.color.jpg 0.507953 0.775774 -0.340073 0.156554 4.037232 3.449747 -5.196060 0.313539 0.005896
frame-000371.color.jpg 0.507514 0.783081 -0.328250 0.146509 3.850087 3.572272 -5.291204 0.268120 0.010011
frame-000372.color.jpg 0.507511 0.787469 -0.320530 0.139948 3.727917 3.649060 -5.352688 0.237975 0.010185
frame-000373.color.jpg 0.515126 0.789769 -0.307801 0.127155 3.515100 3.665721 -5.537170 0.399339 0.011895
frame-000374.color.jpg 0.513882 0.791530 -0.305207 0.127496 3.486699 3.703838 -5.533616 0.301711 0.010712
frame-000375.color.jpg 0.513745 0.793387 -0.302223 0.123549 3.432580 3.734365 -5.559127 0.476419 0.010259
frame-000376.color.jpg 0.512410 0.796001 -0.298527 0.121244 3.376474 3.783672 -5.572626 0.307378 0.008972
frame-000377.color.jpg 0.505720 0.803273 -0.292522 0.115893 3.259523 3.950135 -5.553130 0.210939 0.006644
frame-000378.color.jpg 0.508997 0.803421 -0.286576 0.115373 3.164920 3.954362 -5.616292 0.215288 0.005183
frame-000379.color.jpg 0.509584 0.805237 -0.281363 0.112928 3.074096 3.987387 -5.648402 0.406310 0.005917
frame-000380.color.jpg 0.511804 0.815561 -0.249624 0.102975 2.566536 4.154878 -5.779585 0.297924 0.007571
frame-000381.color.jpg 0.509921 0.824604 -0.224098 0.098935 2.182171 4.304222 -5.822851 0.321874 0.005579
frame-000382.color.jpg 0.506920 0.833235 -0.198919 0.095833 1.802362 4.445674 -5.842395 0.133739 0.003075
frame-000383.color.jpg 0.508621 0.840992 -0.163284 0.085879 1.230684 4.528858 -5.915133 0.287919 0.004243
frame-000384.color.jpg 0.509754 0.845912 -0.139452 0.071668 0.805040 4.576760 -5.943648 0.397468 0.004038
frame-000385.color.jpg 0.510728 0.851318 -0.106796 0.054860 0.249352 4.611260 -5.949804 0.361975 0.004126
frame-000386.color.jpg 0.512283 0.852689 -0.090119 0.048648 -0.018995 4.595584 -5.956231 0.346466 0.005685
frame-000387.color.jpg 0.513734 0.854234 -0.068819 0.040324 -0.360923 4.573010 -5.946711 0.409241 0.007296
frame-000388.color.jpg 0.514241 0.855190 -0.054541 0.035084 -0.587161 4.555924 -5.929726 0.302394 0.005957
frame-000389.color.jpg 0.514520 0.856123 -0.038491 0.029011 -0.840003 4.533329 -5.902206 0.234308 0.004815
frame-000390.color.jpg 0.514513 0.856876 -0.024228 0.021269 -1.079885 4.510623 -5.864998 0.392087 0.007373
frame-000391.color.jpg 0.511025 0.859384 -0.010829 0.013940 -1.303072 4.533284 -5.787734 0.344535 0.006768
frame-000392.color.jpg 0.505438 0.862824 0.001076 0.008109 -1.495042 4.577360 -5.690723 0.241754 0.003444
frame-000393.color.jpg 0.499833 0.866015 0.013387 0.002194 -1.693249 4.616077 -5.593252 0.418561 0.007908
frame-000394.color.jpg 0.489008 0.872031 0.020686 -0.002209 -1.806324 4.729725 -5.449688 0.281889 0.005951
frame-000395.color.jpg 0.476578 0.878729 0.026008 -0.005652 -1.863550 4.858969 -5.287507 0.302579 0.004571
frame-000396.color.jpg 0.473556 0.880346 0.026620 -0.005156 -1.865058 4.893641 -5.254497 0.393918 0.006407
frame-000397.color.jpg 0.459165 0.887953 0.026451 -0.002817 -1.814298 5.051077 -5.095891 0.258868 0.006315
frame-000398.color.jpg 0.452797 0.891163 0.027927 -0.004919 -1.787059 5.112284 -5.005796 0.083399 0.003667
frame-000399.color.jpg 0.452043 0.891286 0.034542 -0.008538 -1.854168 5.097719 -4.970732 0.124585 0.003693
frame-000400.color.jpg 0.459968 0.886884 0.040404 -0.015320 -1.937294 5.005221 -5.022738 0.173015 0.006672
frame-000401.color.jpg 0.469967 0.881420 0.044100 -0.016892 -1.976325 4.882193 -5.116268 0.203795 0.006192
frame-000402.color.jpg 0.478214 0.876693 0.049339 -0.016930 -2.030845 4.766045 -5.192906 0.157699 0.003827
frame-000403.color.jpg 0.485538 0.872246 0.056025 -0.017352 -2.110246 4.654147 -5.253340 0.172880 0.003766
frame-000404.color.jpg 0.491122 0.868886 0.059029 -0.018756 -2.150100 4.576670 -5.298749 0.158349 0.004170
frame-000405.color.jpg 0.511024 0.856534 0.068591 -0.022354 -2.274656 4.299158 -5.460682 0.064641 0.002020
frame-000406.color.jpg 0.518024 0.852065 0.071076 -0.024158 -2.310637 4.200747 -5.514663 0.060867 0.002092
frame-000407.color.jpg 0.523228 0.848500 0.075137 -0.025196 -2.360749 4.120368 -5.547067 0.095666 0.001596
frame-000408.color.jpg 0.526067 0.846359 0.079269 -0.025416 -2.407886 4.064362 -5.560859 0.147017 0.002511
frame-000409.color.jpg 0.536325 0.839302 0.082420 -0.033673 -2.477362 3.931606 -5.614274 0.043144 0.002716
frame-000410.color.jpg 0.544493 0.833406 0.086098 -0.039353 -2.544410 3.817493 -5.653065 0.073148 0.004084
frame-000411.color.jpg 0.549071 0.829879 0.089462 -0.042647 -2.599532 3.749507 -5.669666 0.172796 0.004188
frame-000412.color.jpg 0.552852 0.826477 0.096507 -0.044463 -2.687201 3.672848 -5.670564 0.147446 0.002752
frame-000413.color.jpg 0.554803 0.824429 0.102027 -0.045825 -2.752958 3.625051 -5.663834 0.185722 0.004161
frame-000414.color.jpg 0.554440 0.823943 0.107697 -0.045993 -2.815932 3.608162 -5.641842 0.141388 0.005008
frame-000415.color.jpg 0.555608 0.822792 0.109987 -0.047068 -2.845670 3.582838 -5.642680 0.130604 0.004615
frame-000416.color.jpg 0.556206 0.822073 0.111786 -0.048313 -2.872607 3.571496 -5.637879 0.106725 0.004069
frame-000417.color.jpg 0.555561 0.821958 0.115095 -0.049904 -2.919536 3.571108 -5.618708 0.144044 0.004096
frame-000418.color.jpg 0.555481 0.820893 0.121800 -0.052345 -3.010068 3.547505 -5.592810 0.165438 0.006696
frame-000419.color.jpg 0.551942 0.821275 0.132913 -0.056581 -3.166889 3.548290 -5.516911 0.337529 0.008573
frame-000420.color.jpg 0.547881 0.822277 0.142241 -0.058774 -3.290396 3.563056 -5.447489 0.323653 0.008858
frame-000421.color.jpg 0.546680 0.819504 0.158314 -0.067016 -3.530250 3.504457 -5.356329 0.384262 0.008910
frame-000422.color.jpg 0.546389 0.816413 0.172220 -0.072587 -3.724113 3.439460 -5.290683 0.445848 0.009617
frame-000423.color.jpg 0.548729 0.806081 0.199948 -0.095660 -4.161787 3.288029 -5.109155 0.158968 0.007327
frame-000424.color.jpg 0.546854 0.806604 0.202182 -0.097276 -4.194336 3.303258 -5.076444 0.104940 0.007517
frame-000425.color.jpg 0.542816 0.807742 0.208757 -0.096561 -4.260045 3.316681 -5.022035 0.167826 0.007799
frame-000426.color.jpg 0.544660 0.804384 0.216212 -0.097801 -4.338480 3.244471 -5.005858 0.227431 0.007343
frame-000427.color.jpg 0.545534 0.801704 0.222948 -0.099793 -4.410523 3.188566 -4.975236 0.214346 0.007158
frame-000428.color.jpg 0.546262 0.799806 0.228604 -0.098232 -4.446700 3.134111 -4.966507 0.300257 0.009026
frame-000429.color.jpg 0.542548 0.799706 0.234071 -0.106410 -4.512846 3.159653 -4.872136 0.240305 0.006528
frame-000430.color.jpg 0.539445 0.800931 0.235589 -0.109572 -4.518465 3.197609 -4.825204 0.270789 0.008510
frame-000431.color.jpg 0.539241 0.802154 0.232504 -0.108216 -4.443596 3.225865 -4.855464 0.344038 0.007912
frame-000432.color.jpg 0.536931 0.804166 0.230164 -0.109758 -4.384761 3.281288 -4.851377 0.250923 0.005093
frame-000433.color.jpg 0.534289 0.805489 0.231079 -0.111018 -4.383881 3.313459 -4.822424 0.276867 0.005990
frame-000434.color.jpg 0.529533 0.807801 0.235040 -0.108666 -4.377035 3.339370 -4.788726 0.345145 0.004708
frame-000435.color.jpg 0.525219 0.809417 0.241153 -0.104086 -4.397460 3.343165 -4.757319 0.284989 0.009081
frame-000436.color.jpg 0.521429 0.811661 0.243444 -0.100267 -4.380812 3.371672 -4.747651 0.308163 0.007678
frame-000437.color.jpg 0.518338 0.812365 0.247638 -0.100317 -4.407858 3.383234 -4.720034 0.382503 0.008823
frame-000438.color.jpg 0.515452 0.811803 0.254809 -0.101769 -4.480879 3.366424 -4.670916 0.581041 0.013795
frame-000439.color.jpg 0.511938 0.811480 0.262809 -0.101744 -4.545198 3.356414 -4.628303 0.311810 0.007063
frame-000440.color.jpg 0.517999 0.805795 0.267026 -0.105207 -4.584212 3.259329 -4.669894 0.185274 0.005842
frame-000441.color.jpg 0.524263 0.799915 0.273269 -0.102996 -4.624885 3.131664 -4.732595 0.345628 0.008722
frame-000442.color.jpg 0.527428 0.797338 0.276511 -0.098049 -4.620731 3.061662 -4.789946 0.166637 0.005914
frame-000443.color.jpg 0.526055 0.799042 0.277599 -0.087962 -4.564354 3.071088 -4.852587 0.234774 0.004597
frame-000444.color.jpg 0.526769 0.800091 0.272513 -0.090028 -4.500299 3.127542 -4.894268 0.316470 0.006662
frame-000445.color.jpg 0.522541 0.804923 0.266668 -0.089094 -4.414733 3.248932 -4.905062 0.235665 0.001326
frame-000446.color.jpg 0.526020 0.809245 0.249157 -0.079667 -4.142550 3.354316 -5.083750 0.230297 0.005749
frame-000447.color.jpg 0.530411 0.814343 0.224300 -0.072112 -3.788347 3.493987 -5.277469 0.193360 0.006519
frame-000448.color.jpg 0.537155 0.823317 0.175802 -0.052025 -3.043996 3.716339 -5.613486 0.436451 0.008344
frame-000449.color.jpg 0.533747 0.833374 0.138998 -0.035789 -2.443136 3.961371 -5.740566 0.352196 0.006749
frame-000450.color.jpg 0.531652 0.835901 0.132175 -0.033837 -2.334216 4.023123 -5.741951 0.505723 0.008754
frame-000451.color.jpg 0.531008 0.839132 0.114991 -0.025768 -2.028274 4.108823 -5.788167 0.573570 0.007498
frame-000452.color.jpg 0.530542 0.841915 0.097488 -0.014170 -1.690990 4.176324 -5.828564 0.394717 0.008727
frame-000453.color.jpg 0.530798 0.842109 0.095131 -0.007542 -1.614112 4.177377 -5.844308 0.632023 0.008670
frame-000454.color.jpg 0.529174 0.844729 0.079705 0.007450 -1.277572 4.239579 -5.858039 0.865662 0.016632
frame-000455.color.jpg 0.526225 0.846642 0.079241 0.002513 -1.279432 4.276778 -5.817900 0.999228 0.020010
frame-000456.color.jpg 0.519013 0.850661 0.083637 -0.002456 -1.351336 4.363586 -5.727569 1.002189 0.019682
frame-000457.color.jpg 0.510226 0.855378 0.089016 -0.008624 -1.442732 4.467350 -5.617455 0.915733 0.016915
frame-000458.color.jpg 0.506869 0.857077 0.091357 -0.012535 -1.484459 4.500778 -5.572004 0.903073 0.017877
frame-000459.color.jpg 0.501901 0.859449 0.095435 -0.018298 -1.548864 4.555770 -5.500698 0.575645 0.012561
frame-000460.color.jpg 0.489834 0.864358 0.107614 -0.036978 -1.734236 4.678210 -5.303870 0.305328 0.008041
frame-000461.color.jpg 0.487135 0.865382 0.110103 -0.041124 -1.764991 4.706071 -5.258119 0.598714 0.010755
frame-000462.color.jpg 0.489210 0.863855 0.112252 -0.042745 -1.799747 4.668258 -5.274367 0.411417 0.009152
frame-000463.color.jpg 0.493712 0.860326 0.119483 -0.042571 -1.878456 4.586486 -5.305758 0.577843 0.010623
frame-000464.color.jpg 0.488759 0.859296 0.144279 -0.043679 -2.193422 4.547819 -5.203349 0.618480 0.011229
frame-000465.color.jpg 0.488712 0.858461 0.148684 -0.045802 -2.257371 4.528068 -5.189490 0.589422 0.011126
frame-000466.color.jpg 0.488174 0.854720 0.167399 -0.055837 -2.535069 4.448121 -5.115986 0.522095 0.007752
frame-000467.color.jpg 0.486860 0.851667 0.184095 -0.061148 -2.766024 4.378386 -5.046033 0.565047 0.007583
frame-000468.color.jpg 0.486869 0.847530 0.200956 -0.065331 -2.992360 4.285236 -4.988359 0.396274 0.007134
frame-000469.color.jpg 0.482438 0.843095 0.226102 -0.072954 -3.325094 4.186942 -4.845150 0.546590 0.010057
frame-000470.color.jpg 0.480060 0.839332 0.243208 -0.076904 -3.539472 4.097239 -4.757270 0.386136 0.005751
frame-000471.color.jpg 0.476623 0.836369 0.258695 -0.079964 -3.722995 4.029551 -4.665811 0.358674 0.005614
frame-000472.color.jpg 0.476232 0.834893 0.263973 -0.080460 -3.778077 3.996353 -4.647016 0.425767 0.007003
frame-000473.color.jpg 0.475525 0.834121 0.267776 -0.080091 -3.817643 3.978455 -4.630780 0.381494 0.007303
frame-000474.color.jpg 0.475328 0.832136 0.273676 -0.081941 -3.885385 3.937780 -4.606739 0.396745 0.008065
frame-000475.color.jpg 0.475672 0.830799 0.276575 -0.083759 -3.919286 3.911433 -4.596914 0.396232 0.007026
frame-000476.color.jpg 0.475511 0.829088 0.281867 -0.083981 -3.971326 3.877400 -4.583398 0.353150 0.007084
frame-000477.color.jpg 0.475549 0.826976 0.285926 -0.090612 -4.038184 3.854579 -4.547003 0.385585 0.008359
frame-000478.color.jpg 0.478856 0.823529 0.289989 -0.091669 -4.082819 3.791080 -4.568199 0.389820 0.007963
frame-000479.color.jpg 0.476043 0.818015 0.306889 -0.100264 -4.313629 3.718368 -4.462278 0.613662 0.012818
frame-000480.color.jpg 0.476153 0.815310 0.311985 -0.105892 -4.395276 3.680905 -4.423304 0.981995 0.019820
frame-000481.color.jpg 0.460666 0.807781 0.346737 -0.122679 -4.854605 3.568410 -4.070825 0.320105 0.005762
frame-000482.color.jpg 0.459279 0.800888 0.363277 -0.125182 -5.043805 3.430860 -3.982793 0.335184 0.003210
frame-000483.color.jpg 0.447339 0.786152 0.405992 -0.130477 -5.503487 3.114273 -3.666554 0.095053 0.006704
frame-000484.color.jpg 0.439060 0.784389 0.417466 -0.132974 -5.616840 3.085334 -3.521712 0.195390 0.007015
frame-000485.color.jpg 0.430273 0.782761 0.428956 -0.134711 -5.714848 3.053797 -3.380254 0.197914 0.006402
frame-000486.color.jpg 0.425865 0.784654 0.432177 -0.127203 -5.704765 3.063790 -3.379878 0.071545 0.003270
frame-000487.color.jpg 0.420831 0.791798 0.424306 -0.126182 -5.605000 3.224433 -3.384587 0.190411 0.005109
frame-000488.color.jpg 0.419948 0.796748 0.416173 -0.125045 -5.504092 3.337079 -3.430244 0.094665 0.002599
frame-000489.color.jpg 0.419846 0.801803 0.406153 -0.126024 -5.388422 3.465669 -3.477638 0.196288 0.004262
frame-000490.color.jpg 0.417223 0.809696 0.394159 -0.122294 -5.220518 3.636660 -3.538177 0.161648 0.002633
frame-000491.color.jpg 0.417936 0.813088 0.387772 -0.117684 -5.115527 3.703426 -3.605603 0.129402 0.000627
frame-000492.color.jpg 0.420051 0.815576 0.381832 -0.112241 -5.018945 3.745830 -3.684905 0.128732 0.000930
frame-000493.color.jpg 0.422617 0.817439 0.375215 -0.111365 -4.930226 3.790455 -3.747539 0.208208 0.004200
frame-000494.color.jpg 0.420374 0.823895 0.365191 -0.105441 -4.781524 3.919098 -3.798874 0.114342 0.001071
frame-000495.color.jpg 0.418869 0.826837 0.360936 -0.103028 -4.718613 3.976909 -3.813803 0.214063 0.002214
frame-000496.color.jpg 0.417884 0.828814 0.358523 -0.099506 -4.676342 4.010543 -3.830509 0.191351 0.003158
