data/frame-000000.color.jpg 0.325179 0.840714 0.430684 -0.044393 -3.63149 -2.28548 2.23018
data/frame-000001.color.jpg 0.321792 0.841772 0.431221 -0.0437984 -3.62561 -2.30373 2.22131
data/frame-000002.color.jpg 0.315913 0.84268 0.433144 -0.0497537 -3.59454 -2.31404 2.27021
data/frame-000003.color.jpg 0.316465 0.842822 0.432327 -0.0509369 -3.5982 -2.3077 2.28041
data/frame-000004.color.jpg 0.315592 0.843466 0.431658 -0.0513527 -3.60184 -2.30355 2.28182
data/frame-000005.color.jpg 0.313783 0.844147 0.431961 -0.0486353 -3.60464 -2.32433 2.25664
data/frame-000006.color.jpg 0.309815 0.84359 0.435118 -0.055163 -3.56325 -2.33767 2.31752
data/frame-000007.color.jpg 0.307998 0.843438 0.43664 -0.0556208 -3.54968 -2.35308 2.32669
data/frame-000008.color.jpg 0.307056 0.841563 0.440024 -0.0621879 -3.50566 -2.35741 2.38308
data/frame-000009.color.jpg 0.295259 0.839453 0.452341 -0.0594032 -3.41127 -2.49653 2.38058
data/frame-000010.color.jpg 0.295176 0.838769 0.453504 -0.060588 -3.39814 -2.49886 2.38886
data/frame-000011.color.jpg 0.294528 0.837887 0.455473 -0.0611682 -3.38285 -2.51393 2.40314
data/frame-000012.color.jpg 0.291127 0.839036 0.4561 -0.0568974 -3.38891 -2.54658 2.35418
data/frame-000013.color.jpg 0.292782 0.838233 0.456215 -0.0592634 -3.38796 -2.52902 2.37474
data/frame-000014.color.jpg 0.298702 0.835904 0.45633 -0.0616737 -3.38566 -2.50221 2.40135
data/frame-000015.color.jpg 0.300531 0.833488 0.458919 -0.0661208 -3.36048 -2.49721 2.4447
data/frame-000016.color.jpg 0.303656 0.830984 0.46 -0.0752283 -3.33581 -2.45503 2.52756
data/frame-000017.color.jpg 0.30917 0.823089 0.469482 -0.0807775 -3.27977 -2.47523 2.60077
data/frame-000018.color.jpg 0.309168 0.819686 0.476911 -0.0713157 -3.26231 -2.5635 2.53849
data/frame-000019.color.jpg 0.312678 0.816269 0.481191 -0.0662823 -3.25434 -2.60463 2.50752
data/frame-000020.color.jpg 0.311491 0.811194 0.489999 -0.0695683 -3.20496 -2.65516 2.54892
data/frame-000021.color.jpg 0.311644 0.804814 0.500705 -0.0666878 -3.15918 -2.74004 2.55582
data/frame-000022.color.jpg 0.308829 0.800311 0.50974 -0.0655087 -3.1101 -2.81578 2.55419
data/frame-000023.color.jpg 0.310354 0.794318 0.516278 -0.078719 -3.04612 -2.7944 2.68129
data/frame-000024.color.jpg 0.310211 0.789487 0.522502 -0.0864362 -2.99592 -2.80022 2.75686
data/frame-000025.color.jpg 0.310705 0.786517 0.525147 -0.0952617 -2.96531 -2.77501 2.8338
data/frame-000026.color.jpg 0.312757 0.783964 0.525577 -0.106544 -2.95293 -2.72051 2.92962
data/frame-000027.color.jpg 0.312225 0.783193 0.526732 -0.108058 -2.95405 -2.72369 2.94039
data/frame-000028.color.jpg 0.312455 0.782198 0.527276 -0.111883 -2.9596 -2.71059 2.97433
data/frame-000029.color.jpg 0.312862 0.780897 0.528141 -0.115694 -2.96873 -2.69701 3.00856
data/frame-000030.color.jpg 0.316641 0.779746 0.527938 -0.114093 -3.00398 -2.68999 2.99698
data/frame-000031.color.jpg 0.322753 0.777718 0.525426 -0.122122 -3.0261 -2.61378 3.05771
data/frame-000032.color.jpg 0.321929 0.776767 0.525604 -0.129365 -3.01739 -2.57617 3.11614
data/frame-000033.color.jpg 0.31924 0.782277 0.519569 -0.127188 -3.10339 -2.55213 3.06951
data/frame-000034.color.jpg 0.314851 0.788553 0.513333 -0.124669 -3.17512 -2.53041 3.00511
data/frame-000035.color.jpg 0.312854 0.787203 0.515897 -0.127606 -3.16512 -2.52951 3.01642
data/frame-000036.color.jpg 0.316632 0.783171 0.519596 -0.12809 -3.15489 -2.53212 3.02243
data/frame-000037.color.jpg 0.316045 0.776207 0.5293 -0.132137 -3.092 -2.56653 3.06187
data/frame-000038.color.jpg 0.308364 0.770967 0.54197 -0.12958 -3.01328 -2.67486 3.0445
data/frame-000039.color.jpg 0.304357 0.770407 0.544566 -0.13148 -3.00049 -2.68921 3.04674
data/frame-000040.color.jpg 0.299725 0.76902 0.548821 -0.132544 -2.97878 -2.71837 3.04298
data/frame-000041.color.jpg 0.299281 0.768662 0.547715 -0.139993 -2.96609 -2.67029 3.08776
data/frame-000042.color.jpg 0.290797 0.765275 0.555616 -0.145197 -2.89017 -2.71172 3.13107
data/frame-000043.color.jpg 0.288562 0.762556 0.558657 -0.152125 -2.83975 -2.70356 3.17773
data/frame-000044.color.jpg 0.280793 0.754171 0.569227 -0.168413 -2.69213 -2.71068 3.31343
data/frame-000045.color.jpg 0.276929 0.749139 0.57529 -0.176471 -2.60748 -2.71883 3.37938
data/frame-000046.color.jpg 0.274927 0.746645 0.578122 -0.180864 -2.56532 -2.72124 3.41285
data/frame-000047.color.jpg 0.259286 0.72265 0.610416 -0.194781 -2.21791 -2.89111 3.5613
data/frame-000048.color.jpg 0.256635 0.719077 0.614839 -0.197583 -2.16481 -2.91409 3.58489
data/frame-000049.color.jpg 0.253656 0.706007 0.629572 -0.202121 -2.00165 -2.97858 3.63958
data/frame-000050.color.jpg 0.244165 0.67857 0.661125 -0.20698 -1.66253 -3.14929 3.71986
data/frame-000051.color.jpg 0.237061 0.668339 0.673607 -0.208276 -1.52959 -3.22515 3.73664
data/frame-000052.color.jpg 0.236685 0.665873 0.675926 -0.209087 -1.50399 -3.23493 3.74614
data/frame-000053.color.jpg 0.235048 0.660718 0.681814 -0.208167 -1.45256 -3.27192 3.74772
data/frame-000054.color.jpg 0.232531 0.650981 0.68999 -0.214631 -1.35794 -3.28293 3.79748
data/frame-000055.color.jpg 0.232942 0.647637 0.693954 -0.211499 -1.34981 -3.32151 3.78376
data/frame-000056.color.jpg 0.231291 0.646029 0.696381 -0.210249 -1.33182 -3.34189 3.77274
data/frame-000057.color.jpg 0.231499 0.644754 0.697753 -0.209386 -1.32328 -3.35356 3.76959
data/frame-000058.color.jpg 0.222723 0.648424 0.694905 -0.216906 -1.38107 -3.33802 3.77589
data/frame-000059.color.jpg 0.223924 0.647395 0.69269 -0.225651 -1.38499 -3.27312 3.82971
data/frame-000060.color.jpg 0.226863 0.642773 0.69413 -0.231429 -1.36123 -3.23131 3.86568
data/frame-000061.color.jpg 0.229481 0.638737 0.69552 -0.235809 -1.33329 -3.20361 3.90643
data/frame-000062.color.jpg 0.222424 0.63484 0.702321 -0.232919 -1.27097 -3.26041 3.87021
data/frame-000063.color.jpg 0.217061 0.606815 0.723036 -0.248754 -0.951587 -3.25803 3.97025
data/frame-000064.color.jpg 0.211921 0.596592 0.732696 -0.249647 -0.814586 -3.30605 3.97116
data/frame-000065.color.jpg 0.207771 0.589966 0.737427 -0.254899 -0.721265 -3.30417 4.00263
data/frame-000066.color.jpg 0.204574 0.585142 0.741186 -0.257683 -0.652871 -3.30617 4.01903
data/frame-000067.color.jpg 0.200689 0.574546 0.748728 -0.262731 -0.520753 -3.31815 4.05341
data/frame-000068.color.jpg 0.194667 0.551907 0.764711 -0.269667 -0.256984 -3.33234 4.09586
data/frame-000069.color.jpg 0.193467 0.532303 0.777579 -0.273121 -0.0510621 -3.32238 4.13194
data/frame-000070.color.jpg 0.194527 0.51811 0.786174 -0.27505 0.0985345 -3.30512 4.16205
data/frame-000071.color.jpg 0.19218 0.500216 0.795279 -0.283516 0.285798 -3.25277 4.21127
data/frame-000072.color.jpg 0.198487 0.486574 0.798359 -0.294062 0.386711 -3.14743 4.31372
data/frame-000073.color.jpg 0.204545 0.481794 0.801376 -0.289539 0.376972 -3.13773 4.32048
data/frame-000074.color.jpg 0.212258 0.475444 0.801775 -0.293353 0.388032 -3.04537 4.38649
data/frame-000075.color.jpg 0.226625 0.471443 0.796067 -0.304401 0.340249 -2.87323 4.51518
data/frame-000076.color.jpg 0.226353 0.47492 0.790354 -0.313936 0.301972 -2.7876 4.56999
data/frame-000077.color.jpg 0.22889 0.476572 0.785239 -0.322318 0.281511 -2.69762 4.62547
data/frame-000078.color.jpg 0.226509 0.471149 0.785418 -0.331407 0.36248 -2.61948 4.66848
data/frame-000079.color.jpg 0.225112 0.465288 0.787904 -0.334723 0.448249 -2.58592 4.68696
data/frame-000080.color.jpg 0.220897 0.458223 0.79077 -0.340469 0.545828 -2.54394 4.69844
data/frame-000081.color.jpg 0.221287 0.451189 0.790412 -0.350299 0.634419 -2.43939 4.74404
data/frame-000082.color.jpg 0.222202 0.448464 0.788981 -0.356391 0.667129 -2.37279 4.77678
data/frame-000083.color.jpg 0.222109 0.443892 0.785621 -0.369361 0.736956 -2.24735 4.83544
data/frame-000084.color.jpg 0.218936 0.435934 0.784484 -0.382901 0.859684 -2.1283 4.8748
data/frame-000085.color.jpg 0.218468 0.430172 0.784068 -0.390463 0.934985 -2.04923 4.89746
data/frame-000086.color.jpg 0.218998 0.430961 0.779974 -0.397433 0.938135 -1.97823 4.92462
data/frame-000087.color.jpg 0.224373 0.429406 0.77585 -0.404135 0.929807 -1.87871 4.96828
data/frame-000088.color.jpg 0.227498 0.426896 0.772368 -0.411647 0.933269 -1.7838 5.00079
data/frame-000089.color.jpg 0.233577 0.425313 0.76865 -0.416806 0.912852 -1.68851 5.03725
data/frame-000090.color.jpg 0.237223 0.424953 0.766592 -0.4189 0.888346 -1.63954 5.05677
data/frame-000091.color.jpg 0.244726 0.424658 0.763822 -0.419942 0.842919 -1.58746 5.08048
data/frame-000092.color.jpg 0.248768 0.428726 0.76133 -0.417953 0.785269 -1.56699 5.07138
data/frame-000093.color.jpg 0.2529 0.43187 0.757752 -0.418739 0.736105 -1.551 5.0735
data/frame-000094.color.jpg 0.251139 0.436657 0.756088 -0.417841 0.70824 -1.57932 5.0464
data/frame-000095.color.jpg 0.256928 0.447077 0.754432 -0.406131 0.581407 -1.65918 4.98067
data/frame-000096.color.jpg 0.255147 0.452317 0.751513 -0.406864 0.566401 -1.66446 4.95245
data/frame-000097.color.jpg 0.254412 0.457925 0.748107 -0.407325 0.549551 -1.66079 4.904
data/frame-000098.color.jpg 0.260427 0.456279 0.744262 -0.412385 0.546746 -1.57167 4.89948
data/frame-000099.color.jpg 0.263416 0.454628 0.741611 -0.417059 0.572771 -1.50973 4.87081
data/frame-000100.color.jpg 0.262914 0.448719 0.743329 -0.420701 0.655504 -1.47265 4.82301
data/frame-000101.color.jpg 0.262683 0.441256 0.745029 -0.425703 0.750764 -1.41974 4.77446
data/frame-000102.color.jpg 0.261317 0.432996 0.749704 -0.426815 0.850826 -1.41352 4.71901
data/frame-000103.color.jpg 0.260208 0.426105 0.75461 -0.425781 0.937228 -1.42829 4.65129
data/frame-000104.color.jpg 0.258746 0.426532 0.755833 -0.424072 0.953418 -1.45615 4.60866
data/frame-000105.color.jpg 0.262548 0.429682 0.753049 -0.423508 0.914034 -1.45382 4.58486
data/frame-000106.color.jpg 0.260037 0.433944 0.751133 -0.424115 0.901825 -1.47518 4.55021
data/frame-000107.color.jpg 0.261752 0.43743 0.749938 -0.421586 0.865446 -1.49707 4.52613
data/frame-000108.color.jpg 0.265749 0.440457 0.748739 -0.41805 0.811595 -1.51308 4.50924
data/frame-000109.color.jpg 0.266108 0.448826 0.745361 -0.414945 0.731253 -1.54792 4.49742
data/frame-000110.color.jpg 0.272506 0.456627 0.736948 -0.4173 0.61629 -1.50538 4.51523
data/frame-000111.color.jpg 0.280174 0.463315 0.730853 -0.415566 0.499986 -1.47679 4.52951
data/frame-000112.color.jpg 0.286781 0.470384 0.722033 -0.418525 0.383175 -1.41678 4.55446
data/frame-000113.color.jpg 0.294065 0.474803 0.716848 -0.417394 0.283224 -1.38481 4.56682
data/frame-000114.color.jpg 0.304733 0.483693 0.709085 -0.412768 0.104065 -1.35694 4.57424
data/frame-000115.color.jpg 0.315863 0.491331 0.701985 -0.407481 -0.0640671 -1.33044 4.58157
data/frame-000116.color.jpg 0.325449 0.49931 0.696267 -0.399981 -0.229327 -1.32188 4.57721
data/frame-000117.color.jpg 0.33259 0.504271 0.689552 -0.399516 -0.337748 -1.27502 4.58158
data/frame-000118.color.jpg 0.346006 0.514067 0.678206 -0.395034 -0.548994 -1.21095 4.58062
data/frame-000119.color.jpg 0.350114 0.518601 0.674033 -0.392622 -0.632879 -1.19457 4.57398
data/frame-000120.color.jpg 0.355552 0.522336 0.669943 -0.389775 -0.729138 -1.17158 4.56983
data/frame-000121.color.jpg 0.361463 0.52324 0.667694 -0.386974 -0.797203 -1.14514 4.56812
data/frame-000122.color.jpg 0.365608 0.524161 0.664778 -0.386854 -0.847943 -1.10908 4.57103
data/frame-000123.color.jpg 0.372733 0.527484 0.658953 -0.385501 -0.95411 -1.05919 4.5683
data/frame-000124.color.jpg 0.379068 0.529352 0.655642 -0.382398 -1.03631 -1.04088 4.55843
data/frame-000125.color.jpg 0.381891 0.532221 0.654334 -0.377819 -1.09798 -1.05419 4.54426
data/frame-000126.color.jpg 0.384502 0.535125 0.651389 -0.376153 -1.15851 -1.04032 4.53899
data/frame-000127.color.jpg 0.387825 0.536272 0.649088 -0.375086 -1.20428 -1.02106 4.53876
data/frame-000128.color.jpg 0.396305 0.542069 0.641474 -0.370965 -1.32809 -0.980812 4.51233
data/frame-000129.color.jpg 0.399446 0.545821 0.635752 -0.371944 -1.40447 -0.928587 4.51039
data/frame-000130.color.jpg 0.405961 0.549641 0.629143 -0.3705 -1.50348 -0.885776 4.49643
data/frame-000131.color.jpg 0.406687 0.550133 0.627964 -0.370972 -1.51823 -0.876283 4.49771
data/frame-000132.color.jpg 0.409801 0.552481 0.626207 -0.367004 -1.57748 -0.88747 4.48399
data/frame-000133.color.jpg 0.411515 0.554063 0.624737 -0.365202 -1.62073 -0.892646 4.47671
data/frame-000134.color.jpg 0.4111 0.558042 0.623017 -0.362541 -1.66971 -0.912818 4.46622
data/frame-000135.color.jpg 0.410877 0.56352 0.620219 -0.359102 -1.73338 -0.938648 4.4514
data/frame-000136.color.jpg 0.408876 0.567677 0.619962 -0.355261 -1.7717 -0.98031 4.43696
data/frame-000137.color.jpg 0.408519 0.570764 0.618436 -0.353381 -1.81011 -0.99792 4.43054
data/frame-000138.color.jpg 0.406339 0.574744 0.617995 -0.3502 -1.84475 -1.03366 4.42154
data/frame-000139.color.jpg 0.404178 0.58109 0.617812 -0.342467 -1.90712 -1.10981 4.39256
data/frame-000140.color.jpg 0.400009 0.583636 0.62047 -0.338199 -1.91762 -1.18279 4.38649
data/frame-000141.color.jpg 0.395678 0.586926 0.62337 -0.332214 -1.93404 -1.26995 4.36861
data/frame-000142.color.jpg 0.390147 0.591529 0.627555 -0.322573 -1.95837 -1.39688 4.33583
data/frame-000143.color.jpg 0.387847 0.592657 0.628449 -0.321535 -1.95704 -1.42151 4.33477
data/frame-000144.color.jpg 0.382886 0.596453 0.629838 -0.317721 -1.97237 -1.48531 4.31904
data/frame-000145.color.jpg 0.379 0.601532 0.630665 -0.311095 -2.01115 -1.56048 4.28787
data/frame-000146.color.jpg 0.377799 0.606523 0.62976 -0.304632 -2.07 -1.61837 4.25499
data/frame-000147.color.jpg 0.373122 0.610648 0.632281 -0.296832 -2.10448 -1.72109 4.2275
data/frame-000148.color.jpg 0.370486 0.613357 0.634174 -0.290443 -2.13076 -1.79916 4.20178
data/frame-000149.color.jpg 0.363194 0.619547 0.634013 -0.286842 -2.15602 -1.86432 4.18217
data/frame-000150.color.jpg 0.357425 0.624179 0.63465 -0.282609 -2.17441 -1.92803 4.16039
data/frame-000151.color.jpg 0.34823 0.62866 0.637716 -0.277203 -2.17943 -2.03189 4.13183
data/frame-000152.color.jpg 0.335046 0.629677 0.646607 -0.270464 -2.13917 -2.19966 4.11488
data/frame-000153.color.jpg 0.324374 0.630234 0.652203 -0.268732 -2.08929 -2.29555 4.11591
data/frame-000154.color.jpg 0.321474 0.629599 0.654475 -0.268183 -2.06818 -2.32498 4.11774
data/frame-000155.color.jpg 0.316988 0.628078 0.658346 -0.267612 -2.031 -2.3778 4.12139
data/frame-000156.color.jpg 0.316047 0.625536 0.660653 -0.268991 -2.00428 -2.39577 4.14332
data/frame-000157.color.jpg 0.315496 0.626002 0.661516 -0.266423 -2.01146 -2.42673 4.12928
data/frame-000158.color.jpg 0.309722 0.628692 0.661975 -0.265722 -2.01463 -2.46937 4.11705
data/frame-000159.color.jpg 0.303606 0.633143 0.66122 -0.264086 -2.02652 -2.50556 4.09474
data/frame-000160.color.jpg 0.29754 0.635433 0.663696 -0.259234 -2.01936 -2.5908 4.0566
data/frame-000161.color.jpg 0.288794 0.638268 0.669304 -0.247476 -2.01374 -2.73856 3.96272
data/frame-000162.color.jpg 0.281151 0.640268 0.672705 -0.241823 -2.00518 -2.84335 3.91387
data/frame-000163.color.jpg 0.279221 0.641335 0.674314 -0.236696 -2.00989 -2.91388 3.87435
data/frame-000164.color.jpg 0.269089 0.647699 0.673524 -0.233329 -2.04425 -2.9669 3.82131
data/frame-000165.color.jpg 0.265866 0.653509 0.671597 -0.226272 -2.10075 -3.0062 3.75688
data/frame-000166.color.jpg 0.263487 0.658458 0.668309 -0.224434 -2.1632 -3.01795 3.72734
data/frame-000167.color.jpg 0.258587 0.666805 0.665951 -0.212164 -2.25301 -3.08536 3.61314
data/frame-000168.color.jpg 0.260278 0.669418 0.662763 -0.211847 -2.30589 -3.07783 3.60541
data/frame-000169.color.jpg 0.255362 0.674935 0.662237 -0.201729 -2.3741 -3.13637 3.50237
data/frame-000170.color.jpg 0.257796 0.676218 0.660028 -0.201578 -2.41931 -3.12764 3.49969
data/frame-000171.color.jpg 0.255966 0.680077 0.658095 -0.1972 -2.48684 -3.14176 3.44903
data/frame-000172.color.jpg 0.26093 0.686926 0.651354 -0.189172 -2.62523 -3.12406 3.36471
data/frame-000173.color.jpg 0.266403 0.692922 0.643369 -0.186989 -2.748 -3.06118 3.33391
data/frame-000174.color.jpg 0.268027 0.700903 0.634839 -0.184053 -2.88328 -3.00372 3.28737
data/frame-000175.color.jpg 0.274762 0.705248 0.62986 -0.174374 -3.00899 -2.97958 3.18415
data/frame-000176.color.jpg 0.280736 0.70996 0.622584 -0.171853 -3.11911 -2.90744 3.14467
data/frame-000177.color.jpg 0.288154 0.713988 0.615387 -0.16878 -3.23596 -2.83206 3.09238
data/frame-000178.color.jpg 0.293569 0.716764 0.610094 -0.16689 -3.32609 -2.77006 3.05372
data/frame-000179.color.jpg 0.295665 0.720363 0.605124 -0.165786 -3.40069 -2.71661 3.01491
data/frame-000180.color.jpg 0.297383 0.722522 0.60188 -0.165121 -3.46464 -2.67235 2.98202
data/frame-000181.color.jpg 0.297547 0.721781 0.601316 -0.17005 -3.48311 -2.62876 3.00827
data/frame-000182.color.jpg 0.300607 0.716709 0.60592 -0.169778 -3.47425 -2.64467 3.0063
data/frame-000183.color.jpg 0.30468 0.712971 0.607492 -0.172611 -3.47873 -2.6202 3.02358
data/frame-000184.color.jpg 0.30615 0.712717 0.605475 -0.178065 -3.50782 -2.56285 3.05329
data/frame-000185.color.jpg 0.307531 0.71422 0.603279 -0.177114 -3.55436 -2.5383 3.0273
data/frame-000186.color.jpg 0.313857 0.717584 0.596262 -0.176176 -3.65343 -2.46252 2.98853
data/frame-000187.color.jpg 0.313982 0.716402 0.596747 -0.179098 -3.6673 -2.44728 3.0143
data/frame-000188.color.jpg 0.311268 0.714478 0.599417 -0.182571 -3.64692 -2.45499 3.04872
data/frame-000189.color.jpg 0.305752 0.707211 0.608579 -0.189738 -3.55794 -2.50147 3.14735
data/frame-000190.color.jpg 0.304531 0.694749 0.620643 -0.19846 -3.43232 -2.55764 3.2714
data/frame-000191.color.jpg 0.301266 0.684987 0.630314 -0.206726 -3.32338 -2.59411 3.38236
data/frame-000192.color.jpg 0.301755 0.677906 0.636076 -0.211645 -3.26054 -2.61122 3.45243
data/frame-000193.color.jpg 0.300314 0.671949 0.640947 -0.217906 -3.20402 -2.61508 3.52897
data/frame-000194.color.jpg 0.300901 0.667591 0.644203 -0.220867 -3.17726 -2.62281 3.57442
data/frame-000195.color.jpg 0.301968 0.66486 0.645318 -0.224369 -3.16807 -2.60701 3.61623
data/frame-000196.color.jpg 0.303474 0.660838 0.647648 -0.227484 -3.15101 -2.60401 3.66102
data/frame-000197.color.jpg 0.308523 0.653606 0.651926 -0.229359 -3.12655 -2.61365 3.70921
data/frame-000198.color.jpg 0.312501 0.651791 0.651373 -0.230706 -3.13737 -2.58954 3.72611
data/frame-000199.color.jpg 0.318677 0.647747 0.649753 -0.238097 -3.13816 -2.51162 3.80049
data/frame-000200.color.jpg 0.324871 0.644517 0.647655 -0.244131 -3.14954 -2.43729 3.86139
data/frame-000201.color.jpg 0.328954 0.64426 0.644345 -0.248067 -3.17934 -2.37204 3.88945
data/frame-000202.color.jpg 0.335764 0.643722 0.638241 -0.255995 -3.22002 -2.24903 3.94216
data/frame-000203.color.jpg 0.341183 0.643232 0.632681 -0.263745 -3.24811 -2.13221 3.98993
data/frame-000204.color.jpg 0.344479 0.641814 0.631518 -0.265696 -3.25694 -2.09554 4.0086
data/frame-000205.color.jpg 0.348437 0.640613 0.628656 -0.270181 -3.27188 -2.02815 4.03719
data/frame-000206.color.jpg 0.354054 0.639109 0.625639 -0.273424 -3.29455 -1.9663 4.05517
data/frame-000207.color.jpg 0.359568 0.636594 0.624064 -0.275689 -3.31055 -1.91726 4.07067
data/frame-000208.color.jpg 0.367299 0.633946 0.62103 -0.278433 -3.33887 -1.84906 4.08069
data/frame-000209.color.jpg 0.371654 0.631552 0.618901 -0.282803 -3.34943 -1.78445 4.10764
data/frame-000210.color.jpg 0.376626 0.628351 0.618006 -0.2853 -3.35373 -1.74434 4.12269
data/frame-000211.color.jpg 0.380295 0.625864 0.618901 -0.283957 -3.36092 -1.74226 4.11691
data/frame-000212.color.jpg 0.384391 0.621463 0.618886 -0.288111 -3.35138 -1.6967 4.14716
data/frame-000213.color.jpg 0.390553 0.62012 0.61541 -0.290155 -3.38282 -1.63065 4.147
data/frame-000214.color.jpg 0.393837 0.617577 0.614823 -0.292377 -3.38399 -1.5932 4.16243
data/frame-000215.color.jpg 0.399834 0.611909 0.613137 -0.299605 -3.37227 -1.50857 4.20765
data/frame-000216.color.jpg 0.404211 0.612216 0.610751 -0.297975 -3.41455 -1.48327 4.18398
data/frame-000217.color.jpg 0.407536 0.612563 0.605205 -0.303988 -3.44072 -1.38818 4.19887
data/frame-000218.color.jpg 0.411635 0.612979 0.601189 -0.305589 -3.47746 -1.33161 4.18705
data/frame-000219.color.jpg 0.413036 0.61363 0.598614 -0.307443 -3.50185 -1.28375 4.17991
data/frame-000220.color.jpg 0.418235 0.615611 0.59226 -0.308757 -3.55435 -1.20866 4.14227
data/frame-000221.color.jpg 0.422789 0.61107 0.589606 -0.316556 -3.54209 -1.12055 4.17489
data/frame-000222.color.jpg 0.427618 0.602593 0.588268 -0.328581 -3.49392 -1.00532 4.23673
data/frame-000223.color.jpg 0.4321 0.597558 0.588128 -0.332143 -3.48279 -0.973976 4.24346
data/frame-000224.color.jpg 0.435113 0.595155 0.588433 -0.331984 -3.49859 -0.978205 4.21886
data/frame-000225.color.jpg 0.439746 0.592483 0.588034 -0.331366 -3.51746 -0.980796 4.18942
data/frame-000226.color.jpg 0.438795 0.591644 0.587225 -0.335533 -3.50417 -0.956446 4.18929
data/frame-000227.color.jpg 0.432255 0.592302 0.591107 -0.336045 -3.4604 -1.02298 4.18275
data/frame-000228.color.jpg 0.420032 0.596994 0.59568 -0.335166 -3.41545 -1.10163 4.18801
data/frame-000229.color.jpg 0.416287 0.600697 0.595232 -0.334017 -3.42142 -1.12852 4.16698
data/frame-000230.color.jpg 0.404704 0.607747 0.599642 -0.327548 -3.41105 -1.25167 4.13117
data/frame-000231.color.jpg 0.393794 0.611127 0.606405 -0.322061 -3.37428 -1.37209 4.12153
data/frame-000232.color.jpg 0.388113 0.614631 0.606213 -0.32265 -3.36879 -1.38319 4.12263
data/frame-000233.color.jpg 0.383323 0.613286 0.607386 -0.328673 -3.32233 -1.36453 4.17295
data/frame-000234.color.jpg 0.379682 0.608326 0.611991 -0.333539 -3.25553 -1.38497 4.23229
data/frame-000235.color.jpg 0.378654 0.607767 0.613892 -0.332229 -3.24849 -1.41108 4.23177
data/frame-000236.color.jpg 0.377716 0.602739 0.617888 -0.335038 -3.22128 -1.42193 4.28108
data/frame-000237.color.jpg 0.382751 0.602116 0.616978 -0.33211 -3.27727 -1.42286 4.25879
data/frame-000238.color.jpg 0.388245 0.603806 0.614937 -0.326399 -3.36996 -1.43337 4.20597
data/frame-000239.color.jpg 0.396419 0.608759 0.609098 -0.31822 -3.49873 -1.42431 4.11206
data/frame-000240.color.jpg 0.406292 0.612372 0.600437 -0.315283 -3.63719 -1.35905 4.03463
data/frame-000241.color.jpg 0.41502 0.618057 0.59263 -0.307495 -3.77297 -1.33423 3.92373
data/frame-000242.color.jpg 0.421422 0.619383 0.588796 -0.303458 -3.84685 -1.322 3.86544
data/frame-000243.color.jpg 0.430206 0.623669 0.580474 -0.298343 -3.96705 -1.27761 3.76622
data/frame-000244.color.jpg 0.437462 0.628606 0.572274 -0.293231 -4.08065 -1.23243 3.66787
data/frame-000245.color.jpg 0.443876 0.630286 0.567274 -0.289679 -4.15487 -1.20665 3.6012
data/frame-000246.color.jpg 0.452004 0.634165 0.559469 -0.283762 -4.26091 -1.1654 3.49473
data/frame-000247.color.jpg 0.457746 0.636286 0.552687 -0.2831 -4.33053 -1.10571 3.4383
data/frame-000248.color.jpg 0.462075 0.640957 0.546909 -0.27668 -4.41041 -1.08832 3.3446
data/frame-000249.color.jpg 0.473712 0.643983 0.535826 -0.271611 -4.53045 -1.01604 3.21497
data/frame-000250.color.jpg 0.475725 0.649207 0.529415 -0.268209 -4.59786 -0.971183 3.14203
data/frame-000251.color.jpg 0.483504 0.652353 0.521064 -0.262967 -4.68735 -0.927433 3.03043
data/frame-000252.color.jpg 0.490566 0.65539 0.51321 -0.257729 -4.76717 -0.889316 2.92608
data/frame-000253.color.jpg 0.494533 0.659742 0.508077 -0.249068 -4.83369 -0.896081 2.81262
data/frame-000254.color.jpg 0.499462 0.661211 0.501953 -0.247752 -4.88862 -0.850858 2.75021
data/frame-000255.color.jpg 0.501737 0.663739 0.497626 -0.24511 -4.93072 -0.822995 2.69567
data/frame-000256.color.jpg 0.505405 0.665153 0.492768 -0.243552 -4.96977 -0.786354 2.64237
data/frame-000257.color.jpg 0.507713 0.666228 0.490288 -0.240801 -5.00157 -0.77931 2.59883
data/frame-000258.color.jpg 0.509801 0.667797 0.488286 -0.236065 -5.03221 -0.788201 2.54341
data/frame-000259.color.jpg 0.511074 0.669112 0.48653 -0.233197 -5.05553 -0.786325 2.50482
data/frame-000260.color.jpg 0.512959 0.668553 0.48606 -0.231639 -5.06843 -0.790199 2.4861
data/frame-000261.color.jpg 0.514945 0.668361 0.483828 -0.232455 -5.0812 -0.755255 2.47702
data/frame-000262.color.jpg 0.517105 0.668727 0.479575 -0.235404 -5.09751 -0.686574 2.47447
data/frame-000263.color.jpg 0.515604 0.670863 0.47751 -0.236809 -5.10401 -0.645895 2.48003
data/frame-000264.color.jpg 0.510254 0.673486 0.477866 -0.240213 -5.09003 -0.616462 2.52818
data/frame-000265.color.jpg 0.496996 0.680021 0.483807 -0.237693 -5.06651 -0.676913 2.58244
data/frame-000266.color.jpg 0.476648 0.690299 0.493018 -0.230707 -5.03852 -0.806936 2.6264
data/frame-000267.color.jpg 0.456 0.70065 0.500842 -0.224299 -5.01294 -0.928636 2.66413
data/frame-000268.color.jpg 0.442058 0.707682 0.505401 -0.219865 -4.99865 -1.00172 2.68002
data/frame-000269.color.jpg 0.431096 0.713817 0.507359 -0.217275 -4.99624 -1.03867 2.69123
data/frame-000270.color.jpg 0.418812 0.720175 0.511204 -0.211223 -4.99176 -1.11852 2.68121
data/frame-000271.color.jpg 0.411368 0.723165 0.514584 -0.207394 -4.98747 -1.18625 2.67897
data/frame-000272.color.jpg 0.404901 0.725414 0.51888 -0.201478 -4.9797 -1.27252 2.65746
data/frame-000273.color.jpg 0.393116 0.727559 0.528112 -0.192915 -4.94894 -1.43502 2.6449
data/frame-000274.color.jpg 0.384839 0.729268 0.533874 -0.187206 -4.92913 -1.54037 2.63252
data/frame-000275.color.jpg 0.371573 0.732599 0.540141 -0.182973 -4.90318 -1.64136 2.64283
data/frame-000276.color.jpg 0.363306 0.734944 0.543974 -0.17877 -4.88847 -1.71844 2.62847
data/frame-000277.color.jpg 0.357796 0.735915 0.546978 -0.17671 -4.87443 -1.77299 2.62756
data/frame-000278.color.jpg 0.348648 0.737768 0.550886 -0.17512 -4.85169 -1.83942 2.63904
data/frame-000279.color.jpg 0.344249 0.738952 0.552975 -0.172227 -4.84184 -1.8829 2.6227
data/frame-000280.color.jpg 0.335701 0.739316 0.557239 -0.173788 -4.80445 -1.93983 2.6665
data/frame-000281.color.jpg 0.322899 0.74081 0.561849 -0.176814 -4.75639 -1.99541 2.7279
data/frame-000282.color.jpg 0.31628 0.735446 0.571118 -0.181411 -4.67451 -2.10133 2.81267
data/frame-000283.color.jpg 0.318449 0.728393 0.575427 -0.192141 -4.60819 -2.10782 2.92575
data/frame-000284.color.jpg 0.320497 0.721158 0.580407 -0.200851 -4.54495 -2.13237 3.02221
data/frame-000285.color.jpg 0.319072 0.717148 0.584017 -0.206922 -4.49452 -2.15662 3.09131
data/frame-000286.color.jpg 0.321322 0.708853 0.59231 -0.208443 -4.42535 -2.26019 3.1301
data/frame-000287.color.jpg 0.324892 0.704843 0.597013 -0.203019 -4.41682 -2.35304 3.08432
data/frame-000288.color.jpg 0.33239 0.704311 0.595372 -0.197472 -4.46227 -2.38467 3.00284
data/frame-000289.color.jpg 0.335182 0.707223 0.591869 -0.192821 -4.51958 -2.38889 2.92476
data/frame-000290.color.jpg 0.335015 0.713596 0.587342 -0.183233 -4.59171 -2.391 2.7999
data/frame-000291.color.jpg 0.3397 0.724081 0.575188 -0.171667 -4.73489 -2.32065 2.61535
data/frame-000292.color.jpg 0.345932 0.728319 0.566998 -0.168511 -4.81297 -2.24689 2.53854
data/frame-000293.color.jpg 0.356549 0.733465 0.556881 -0.157432 -4.92243 -2.19144 2.36199
data/frame-000294.color.jpg 0.369737 0.738012 0.54452 -0.148763 -5.02843 -2.10596 2.19598
data/frame-000295.color.jpg 0.385722 0.74691 0.523834 -0.137631 -5.18773 -1.94483 1.95258
data/frame-000296.color.jpg 0.386095 0.758913 0.508335 -0.128753 -5.30327 -1.79644 1.76694
data/frame-000297.color.jpg 0.38916 0.76118 0.503259 -0.126055 -5.33416 -1.75606 1.70509
data/frame-000298.color.jpg 0.390371 0.770273 0.49022 -0.118214 -5.41472 -1.63907 1.54814
data/frame-000299.color.jpg 0.393538 0.779662 0.474105 -0.111713 -5.50359 -1.48038 1.38241
data/frame-000300.color.jpg 0.399293 0.785479 0.460776 -0.106175 -5.56449 -1.35513 1.23862
data/frame-000301.color.jpg 0.407331 0.793641 0.440157 -0.10236 -5.64124 -1.1355 1.06496
data/frame-000302.color.jpg 0.408476 0.800241 0.428667 -0.0949039 -5.67873 -1.02988 0.918882
data/frame-000303.color.jpg 0.422905 0.81666 0.384145 -0.081551 -5.78782 -0.580934 0.495835
data/frame-000304.color.jpg 0.425177 0.821327 0.372502 -0.0767364 -5.80247 -0.460164 0.376729
data/frame-000305.color.jpg 0.426645 0.822167 0.368957 -0.0767182 -5.80636 -0.420852 0.35443
data/frame-000306.color.jpg 0.429447 0.824439 0.361011 -0.0744744 -5.81204 -0.333658 0.28075
data/frame-000307.color.jpg 0.43404 0.827927 0.347806 -0.0719453 -5.81646 -0.189737 0.173084
data/frame-000308.color.jpg 0.434641 0.832378 0.337391 -0.0663471 -5.81999 -0.0798264 0.0674374
data/frame-000309.color.jpg 0.438839 0.834877 0.325751 -0.0654685 -5.82145 0.0467377 -0.00648249
data/frame-000310.color.jpg 0.440473 0.83798 0.315245 -0.0662861 -5.81724 0.17643 -0.0494772
data/frame-000311.color.jpg 0.439973 0.84112 0.307711 -0.0652369 -5.81383 0.264392 -0.0883023
data/frame-000312.color.jpg 0.440316 0.846272 0.29353 -0.0615225 -5.79898 0.413778 -0.193026
data/frame-000313.color.jpg 0.442771 0.847018 0.287451 -0.0623384 -5.79975 0.483716 -0.215031
data/frame-000314.color.jpg 0.443076 0.847652 0.285173 -0.0620211 -5.79999 0.509807 -0.228334
data/frame-000315.color.jpg 0.445785 0.848773 0.278262 -0.0585693 -5.79471 0.563719 -0.295466
data/frame-000316.color.jpg 0.44851 0.850651 0.268894 -0.0541138 -5.78732 0.642646 -0.385233
data/frame-000317.color.jpg 0.449425 0.85309 0.260236 -0.0503254 -5.77999 0.719284 -0.458729
data/frame-000318.color.jpg 0.450263 0.853599 0.257823 -0.0464738 -5.77341 0.724087 -0.510314
data/frame-000319.color.jpg 0.45094 0.855315 0.251623 -0.0421376 -5.77349 0.764607 -0.57483
data/frame-000320.color.jpg 0.44987 0.858785 0.242683 -0.0347822 -5.75703 0.829237 -0.679127
data/frame-000321.color.jpg 0.455697 0.860906 0.224098 -0.0309864 -5.72525 0.987689 -0.812253
data/frame-000322.color.jpg 0.456711 0.860906 0.22213 -0.0302327 -5.72801 0.995131 -0.821658
data/frame-000323.color.jpg 0.456092 0.862069 0.219152 -0.0281095 -5.73149 1.01588 -0.846847
data/frame-000324.color.jpg 0.456052 0.863986 0.211669 -0.0272197 -5.72559 1.08679 -0.874185
data/frame-000325.color.jpg 0.45533 0.864121 0.212594 -0.0277924 -5.73819 1.07571 -0.855654
data/frame-000326.color.jpg 0.451829 0.866984 0.208927 -0.0232024 -5.72936 1.10214 -0.891299
data/frame-000327.color.jpg 0.453735 0.86661 0.206438 -0.0222526 -5.73052 1.11065 -0.910758
data/frame-000328.color.jpg 0.462208 0.86526 0.19285 -0.0223172 -5.70938 1.21366 -0.997419
data/frame-000329.color.jpg 0.467341 0.864375 0.184516 -0.0200495 -5.69564 1.26922 -1.07086
data/frame-000330.color.jpg 0.472534 0.863162 0.177296 -0.0151417 -5.68043 1.29386 -1.16472
data/frame-000331.color.jpg 0.474327 0.863954 0.168664 -0.0122454 -5.66083 1.36063 -1.23192
data/frame-000332.color.jpg 0.47487 0.865033 0.161526 -0.0111829 -5.65166 1.4248 -1.26983
data/frame-000333.color.jpg 0.475341 0.866356 0.153027 -0.00775024 -5.62597 1.48817 -1.34087
data/frame-000334.color.jpg 0.473798 0.868063 0.148145 -0.00598424 -5.61729 1.53822 -1.36795
data/frame-000335.color.jpg 0.474149 0.869255 0.139885 -0.00322493 -5.58974 1.60436 -1.42938
data/frame-000336.color.jpg 0.474929 0.8704 0.12978 0.00202305 -5.54524 1.6712 -1.52863
data/frame-000337.color.jpg 0.472323 0.872503 0.125078 0.0023448 -5.54121 1.73083 -1.54048
data/frame-000338.color.jpg 0.473104 0.87229 0.123589 0.00288485 -5.53733 1.73508 -1.55614
data/frame-000339.color.jpg 0.470396 0.874863 0.115135 0.00927215 -5.48951 1.80146 -1.64155
data/frame-000340.color.jpg 0.463092 0.880635 0.0992054 0.0136013 -5.43165 1.97229 -1.71736
data/frame-000341.color.jpg 0.464839 0.880661 0.0878223 0.0254456 -5.35048 1.99877 -1.89252
data/frame-000342.color.jpg 0.460726 0.883159 0.0826259 0.0305722 -5.33099 2.03792 -1.94429
data/frame-000343.color.jpg 0.447846 0.890331 0.0729246 0.0377725 -5.2897 2.15922 -1.98337
data/frame-000344.color.jpg 0.43181 0.898537 0.0650274 0.0440718 -5.24826 2.28492 -1.98241
data/frame-000345.color.jpg 0.421311 0.904018 0.0560808 0.04586 -5.19722 2.40433 -1.97308
data/frame-000346.color.jpg 0.410624 0.909389 0.046419 0.0473769 -5.13783 2.52635 -1.96379
data/frame-000347.color.jpg 0.401532 0.913426 0.0412378 0.0522047 -5.1045 2.59173 -1.97359
data/frame-000348.color.jpg 0.393871 0.916797 0.0262437 0.060505 -4.99142 2.72806 -2.05836
data/frame-000349.color.jpg 0.388762 0.91892 0.0148227 0.0650415 -4.90168 2.83677 -2.10183
data/frame-000350.color.jpg 0.383385 0.921436 0.00459269 0.0628566 -4.8463 2.95512 -2.07843
data/frame-000351.color.jpg 0.380453 0.922407 -0.00534169 0.0662688 -4.77147 3.04459 -2.11911
data/frame-000352.color.jpg 0.377881 0.922992 -0.0177046 0.0705603 -4.67832 3.1456 -2.17744
data/frame-000353.color.jpg 0.375182 0.923467 -0.0275728 0.0754133 -4.5997 3.22227 -2.23208
data/frame-000354.color.jpg 0.374432 0.922242 -0.0445932 0.0853324 -4.45841 3.3337 -2.36741
data/frame-000355.color.jpg 0.374013 0.920989 -0.060997 0.0904051 -4.33014 3.45879 -2.46028
data/frame-000356.color.jpg 0.373321 0.91864 -0.0809358 0.1009 -4.15669 3.59163 -2.60397
data/frame-000357.color.jpg 0.374146 0.915362 -0.0970529 0.112729 -3.99425 3.67215 -2.7632
data/frame-000358.color.jpg 0.378683 0.910533 -0.115817 0.118811 -3.8301 3.77868 -2.90674
data/frame-000359.color.jpg 0.383116 0.902233 -0.138493 0.141481 -3.57417 3.85166 -3.19316
data/frame-000360.color.jpg 0.391242 0.895954 -0.151142 0.146122 -3.45152 3.89551 -3.33247
data/frame-000361.color.jpg 0.392314 0.895267 -0.152213 0.146351 -3.44473 3.89986 -3.34465
data/frame-000362.color.jpg 0.394262 0.893238 -0.154996 0.150533 -3.40949 3.89422 -3.4015
data/frame-000363.color.jpg 0.399662 0.888635 -0.162706 0.155322 -3.33064 3.90617 -3.50878
data/frame-000364.color.jpg 0.399947 0.887745 -0.165392 0.156831 -3.31047 3.9255 -3.53118
data/frame-000365.color.jpg 0.401639 0.885209 -0.171359 0.160396 -3.24992 3.95146 -3.59536
data/frame-000366.color.jpg 0.403568 0.883203 -0.174957 0.16271 -3.21428 3.96104 -3.64314
data/frame-000367.color.jpg 0.406896 0.880845 -0.177362 0.164589 -3.19036 3.95427 -3.6957
data/frame-000368.color.jpg 0.408785 0.880067 -0.177251 0.16419 -3.19581 3.94803 -3.71165
data/frame-000369.color.jpg 0.410358 0.879779 -0.17609 0.163058 -3.21537 3.94217 -3.71646
data/frame-000370.color.jpg 0.413755 0.879277 -0.172987 0.160478 -3.25993 3.91743 -3.72003
data/frame-000371.color.jpg 0.415179 0.879501 -0.169999 0.158758 -3.29979 3.90254 -3.71174
data/frame-000372.color.jpg 0.419133 0.878651 -0.165589 0.157736 -3.34701 3.85106 -3.72825
data/frame-000373.color.jpg 0.420603 0.879724 -0.158043 0.155565 -3.43503 3.80504 -3.70499
data/frame-000374.color.jpg 0.425366 0.878855 -0.152054 0.153484 -3.50049 3.74813 -3.71282
data/frame-000375.color.jpg 0.425624 0.879318 -0.150104 0.152031 -3.53024 3.74244 -3.69681
data/frame-000376.color.jpg 0.430648 0.877001 -0.14838 0.152952 -3.53873 3.69266 -3.74171
data/frame-000377.color.jpg 0.440828 0.872866 -0.144145 0.15165 -3.59094 3.61323 -3.80004
data/frame-000378.color.jpg 0.443776 0.871776 -0.141932 0.15141 -3.61803 3.59212 -3.81632
data/frame-000379.color.jpg 0.449472 0.868362 -0.14184 0.154288 -3.60241 3.54307 -3.88522
data/frame-000380.color.jpg 0.457806 0.863636 -0.143222 0.155027 -3.58385 3.4959 -3.96001
data/frame-000381.color.jpg 0.456061 0.864226 -0.145432 0.154828 -3.564 3.53441 -3.95123
data/frame-000382.color.jpg 0.462086 0.860048 -0.147204 0.158507 -3.52457 3.48617 -4.03718
data/frame-000383.color.jpg 0.463956 0.855655 -0.159237 0.165053 -3.37518 3.54554 -4.14997
data/frame-000384.color.jpg 0.46911 0.849901 -0.170908 0.168509 -3.23426 3.57518 -4.2546
data/frame-000385.color.jpg 0.472584 0.844992 -0.179927 0.174012 -3.1041 3.58224 -4.35522
data/frame-000386.color.jpg 0.47011 0.843267 -0.19058 0.177701 -2.97142 3.66459 -4.39743
data/frame-000387.color.jpg 0.472953 0.835913 -0.209514 0.183493 -2.72346 3.73285 -4.52052
data/frame-000388.color.jpg 0.472408 0.833427 -0.216954 0.187514 -2.61251 3.76299 -4.57166
data/frame-000389.color.jpg 0.479035 0.824502 -0.23231 0.191715 -2.39986 3.76484 -4.69232
data/frame-000390.color.jpg 0.475624 0.811939 -0.266306 0.208849 -1.89969 3.87477 -4.86396
data/frame-000391.color.jpg 0.471157 0.80476 -0.288238 0.217465 -1.57479 3.97254 -4.93101
data/frame-000392.color.jpg 0.469463 0.799077 -0.301942 0.22341 -1.36346 4.01429 -4.98022
data/frame-000393.color.jpg 0.473992 0.788097 -0.318307 0.230034 -1.10112 3.98069 -5.08474
data/frame-000394.color.jpg 0.474763 0.778864 -0.332961 0.238974 -0.841463 3.9611 -5.16257
data/frame-000395.color.jpg 0.471009 0.778795 -0.336827 0.241197 -0.777355 4.00628 -5.14945
data/frame-000396.color.jpg 0.473839 0.773788 -0.34098 0.24589 -0.695327 3.9568 -5.20102
data/frame-000397.color.jpg 0.471978 0.762088 -0.35934 0.259489 -0.363167 3.94535 -5.27575
data/frame-000398.color.jpg 0.473892 0.753551 -0.370062 0.265784 -0.178871 3.9021 -5.32896
data/frame-000399.color.jpg 0.472317 0.748239 -0.378712 0.271353 -0.0294078 3.90095 -5.34326
data/frame-000400.color.jpg 0.471089 0.740901 -0.38915 0.278753 0.156118 3.88249 -5.36813
data/frame-000401.color.jpg 0.469715 0.733499 -0.397807 0.288265 0.334735 3.84379 -5.3958
data/frame-000402.color.jpg 0.468486 0.729018 -0.403191 0.294093 0.441029 3.82622 -5.40944
data/frame-000403.color.jpg 0.468595 0.727157 -0.405059 0.295953 0.479397 3.81275 -5.41648
data/frame-000404.color.jpg 0.4689 0.722215 -0.409917 0.300842 0.576674 3.7773 -5.43686
data/frame-000405.color.jpg 0.467879 0.712929 -0.421866 0.307979 0.779788 3.73693 -5.44742
data/frame-000406.color.jpg 0.464731 0.705583 -0.436771 0.308882 0.979772 3.75261 -5.41922
data/frame-000407.color.jpg 0.463261 0.70468 -0.438712 0.310398 1.01384 3.75776 -5.41123
data/frame-000408.color.jpg 0.460582 0.701353 -0.443979 0.314405 1.11025 3.75518 -5.39791
data/frame-000409.color.jpg 0.457943 0.691169 -0.457909 0.320769 1.34705 3.71179 -5.38156
data/frame-000410.color.jpg 0.45196 0.683592 -0.47252 0.324282 1.56076 3.72882 -5.32347
data/frame-000411.color.jpg 0.453157 0.675066 -0.480509 0.328704 1.7031 3.65591 -5.33468
data/frame-000412.color.jpg 0.453946 0.671054 -0.483433 0.33153 1.76737 3.61299 -5.34074
data/frame-000413.color.jpg 0.459532 0.665355 -0.486735 0.330487 1.79713 3.53606 -5.37996
data/frame-000414.color.jpg 0.473701 0.657636 -0.476975 0.340026 1.70506 3.30542 -5.55735
data/frame-000415.color.jpg 0.480111 0.663756 -0.464294 0.336678 1.47082 3.28282 -5.6377
data/frame-000416.color.jpg 0.489624 0.667577 -0.450314 0.334405 1.23674 3.20372 -5.73191
data/frame-000417.color.jpg 0.503746 0.670405 -0.434481 0.328669 0.959433 3.08042 -5.84507
data/frame-000418.color.jpg 0.509215 0.674338 -0.425353 0.324102 0.782532 3.07156 -5.8863
data/frame-000419.color.jpg 0.513169 0.672298 -0.421767 0.326782 0.755658 2.99124 -5.92124
data/frame-000420.color.jpg 0.518917 0.673983 -0.41085 0.328137 0.601158 2.90538 -5.97789
data/frame-000421.color.jpg 0.528021 0.676775 -0.394607 0.327802 0.352661 2.79474 -6.05643
data/frame-000422.color.jpg 0.536158 0.67962 -0.378236 0.328008 0.123626 2.68706 -6.121
data/frame-000423.color.jpg 0.539257 0.682877 -0.369828 0.325743 -0.0209078 2.66109 -6.13882
data/frame-000424.color.jpg 0.540378 0.682154 -0.368272 0.32716 -0.0265976 2.63376 -6.15241
data/frame-000425.color.jpg 0.546306 0.681978 -0.361863 0.324826 -0.140882 2.56928 -6.18435
data/frame-000426.color.jpg 0.553843 0.675316 -0.361807 0.326041 -0.14174 2.44858 -6.24836
data/frame-000427.color.jpg 0.553473 0.671449 -0.364847 0.331226 -0.0625768 2.40325 -6.27131
data/frame-000428.color.jpg 0.551479 0.668694 -0.366074 0.338687 0.0146482 2.36292 -6.29743
data/frame-000429.color.jpg 0.552363 0.669775 -0.362806 0.338627 -0.0405905 2.34684 -6.30442
data/frame-000430.color.jpg 0.548889 0.668204 -0.361658 0.348464 0.0168038 2.29413 -6.32875
data/frame-000431.color.jpg 0.548964 0.661187 -0.372138 0.350691 0.170078 2.26133 -6.34082
data/frame-000432.color.jpg 0.544088 0.658709 -0.387083 0.346753 0.309976 2.33286 -6.30856
data/frame-000433.color.jpg 0.526711 0.6651 -0.400886 0.345699 0.455232 2.57922 -6.21405
data/frame-000434.color.jpg 0.505182 0.671029 -0.417246 0.34701 0.659893 2.84566 -6.07798
data/frame-000435.color.jpg 0.500113 0.673685 -0.420697 0.345035 0.676557 2.92495 -6.03453
data/frame-000436.color.jpg 0.469405 0.685759 -0.444373 0.334554 0.86531 3.38154 -5.77617
data/frame-000437.color.jpg 0.441105 0.698453 -0.462002 0.322714 0.980119 3.78763 -5.49078
data/frame-000438.color.jpg 0.42225 0.705736 -0.470842 0.319297 1.05892 4.01336 -5.29737
data/frame-000439.color.jpg 0.410803 0.710682 -0.47595 0.315664 1.08698 4.15477 -5.17368
data/frame-000440.color.jpg 0.404883 0.710633 -0.482609 0.313304 1.16149 4.22268 -5.09235
data/frame-000441.color.jpg 0.40217 0.711681 -0.484766 0.31108 1.17115 4.26607 -5.05496
data/frame-000442.color.jpg 0.3931 0.711273 -0.491299 0.313352 1.27978 4.33353 -4.95849
data/frame-000443.color.jpg 0.36902 0.71729 -0.512175 0.29495 1.45115 4.64607 -4.61559
data/frame-000444.color.jpg 0.360017 0.720885 -0.517676 0.287619 1.48597 4.75393 -4.48358
data/frame-000445.color.jpg 0.352685 0.72552 -0.522249 0.276568 1.49133 4.86868 -4.354
data/frame-000446.color.jpg 0.344968 0.729353 -0.52739 0.266274 1.51203 4.97832 -4.22282
data/frame-000447.color.jpg 0.344714 0.729413 -0.527726 0.265772 1.51769 4.97682 -4.21791
data/frame-000448.color.jpg 0.344723 0.728517 -0.531415 0.260821 1.55973 4.98685 -4.18745
data/frame-000449.color.jpg 0.33994 0.731214 -0.536874 0.248059 1.60161 5.0771 -4.06179
data/frame-000450.color.jpg 0.339439 0.732742 -0.53641 0.245225 1.59405 5.09374 -4.03856
data/frame-000451.color.jpg 0.337884 0.733861 -0.538376 0.239655 1.61233 5.13031 -3.98879
data/frame-000452.color.jpg 0.342109 0.734596 -0.536854 0.23477 1.57836 5.10973 -4.00867
data/frame-000453.color.jpg 0.339766 0.734501 -0.54332 0.223317 1.67945 5.14176 -3.90611
data/frame-000454.color.jpg 0.342298 0.733948 -0.543962 0.219677 1.7008 5.11874 -3.9047
data/frame-000455.color.jpg 0.342718 0.734331 -0.543903 0.217881 1.69366 5.12127 -3.89943
data/frame-000456.color.jpg 0.340572 0.735083 -0.545669 0.214263 1.72184 5.13974 -3.8487
data/frame-000457.color.jpg 0.342554 0.735026 -0.545261 0.212331 1.71411 5.12355 -3.85732
data/frame-000458.color.jpg 0.344836 0.73515 -0.545101 0.208585 1.71251 5.10672 -3.85606
data/frame-000459.color.jpg 0.343805 0.735772 -0.545559 0.206891 1.7293 5.11187 -3.82383
data/frame-000460.color.jpg 0.346282 0.736359 -0.544219 0.20418 1.70363 5.09561 -3.82968
data/frame-000461.color.jpg 0.341669 0.737263 -0.544939 0.206752 1.72971 5.10298 -3.7811
data/frame-000462.color.jpg 0.334491 0.736515 -0.550031 0.207671 1.81017 5.12064 -3.69657
data/frame-000463.color.jpg 0.334521 0.730268 -0.559055 0.205579 1.94998 5.07956 -3.66657
data/frame-000464.color.jpg 0.332491 0.728016 -0.563137 0.205716 2.01196 5.07046 -3.63306
data/frame-000465.color.jpg 0.335106 0.726918 -0.562576 0.206888 2.00406 5.03037 -3.6565
data/frame-000466.color.jpg 0.33407 0.727393 -0.562531 0.207017 1.9903 5.0321 -3.63822
data/frame-000467.color.jpg 0.332696 0.724161 -0.565793 0.21162 2.0509 4.99909 -3.62535
data/frame-000468.color.jpg 0.33646 0.722629 -0.565718 0.211106 2.02392 4.94703 -3.65371
data/frame-000469.color.jpg 0.328845 0.720825 -0.569956 0.217768 2.0973 4.94373 -3.57151
data/frame-000470.color.jpg 0.328578 0.718354 -0.572244 0.220319 2.12084 4.9152 -3.55755
data/frame-000471.color.jpg 0.328125 0.715286 -0.574582 0.224844 2.16797 4.87484 -3.55616
data/frame-000472.color.jpg 0.325489 0.712109 -0.578009 0.229919 2.22509 4.84465 -3.52152
data/frame-000473.color.jpg 0.324977 0.706091 -0.583176 0.236076 2.31522 4.78096 -3.5146
data/frame-000474.color.jpg 0.324607 0.698511 -0.591482 0.238456 2.42794 4.7267 -3.48523
data/frame-000475.color.jpg 0.325072 0.686419 -0.600812 0.249363 2.61271 4.59801 -3.487
data/frame-000476.color.jpg 0.326543 0.676985 -0.609787 0.251437 2.7405 4.50671 -3.46944
data/frame-000477.color.jpg 0.33129 0.666597 -0.617567 0.253979 2.86089 4.38722 -3.49102
data/frame-000478.color.jpg 0.333868 0.658256 -0.623724 0.257293 2.95527 4.29019 -3.49522
data/frame-000479.color.jpg 0.332731 0.654307 -0.628624 0.256913 3.01002 4.26932 -3.46366
data/frame-000480.color.jpg 0.334118 0.643841 -0.636744 0.261516 3.13262 4.15411 -3.45485
data/frame-000481.color.jpg -0.335158 -0.628185 0.647082 -0.272651 3.32509 3.97976 -3.44956
data/frame-000482.color.jpg -0.330916 -0.614455 0.661109 -0.275452 3.52062 3.8951 -3.35033
data/frame-000483.color.jpg -0.329872 -0.598745 0.672013 -0.284758 3.70882 3.73173 -3.30542
data/frame-000484.color.jpg -0.328387 -0.588287 0.679721 -0.289929 3.83348 3.63749 -3.25788
data/frame-000485.color.jpg -0.328023 -0.564563 0.696 -0.298754 4.08841 3.40846 -3.17825
data/frame-000486.color.jpg -0.325874 -0.546307 0.705953 -0.311425 4.28519 3.22714 -3.09702
data/frame-000487.color.jpg -0.325086 -0.540533 0.708722 -0.316 4.34385 3.16556 -3.066
data/frame-000488.color.jpg -0.32273 -0.530732 0.714071 -0.322912 4.44404 3.07729 -3.00912
data/frame-000489.color.jpg -0.32028 -0.516815 0.720228 -0.334058 4.57548 2.93946 -2.91809
data/frame-000490.color.jpg -0.314448 -0.510024 0.724655 -0.340401 4.64322 2.89732 -2.82738
data/frame-000491.color.jpg -0.31136 -0.5019 0.72946 -0.345021 4.71435 2.82982 -2.75603
data/frame-000492.color.jpg -0.310894 -0.494783 0.733439 -0.347279 4.76521 2.75872 -2.71831
data/frame-000493.color.jpg -0.308821 -0.489612 0.736587 -0.349783 4.80239 2.70942 -2.6673
data/frame-000494.color.jpg -0.312129 -0.484136 0.738815 -0.349771 4.81917 2.63568 -2.67533
data/frame-000495.color.jpg -0.311468 -0.48428 0.73859 -0.350637 4.79857 2.6319 -2.66601
data/frame-000496.color.jpg -0.307258 -0.487366 0.740519 -0.345974 4.77624 2.68876 -2.62356
data/frame-000497.color.jpg -0.30754 -0.488689 0.737293 -0.350717 4.75272 2.68742 -2.63533
data/frame-000498.color.jpg -0.309016 -0.494591 0.734307 -0.347393 4.67489 2.7408 -2.67851
data/frame-000499.color.jpg -0.311701 -0.503633 0.729295 -0.342528 4.55681 2.81447 -2.73752
data/frame-000500.color.jpg -0.310004 -0.509811 0.726139 -0.341632 4.49064 2.87827 -2.7446
data/frame-000501.color.jpg -0.308748 -0.51207 0.725183 -0.341422 4.46103 2.90388 -2.7363
data/frame-000502.color.jpg -0.306996 -0.513746 0.725635 -0.33952 4.43558 2.93119 -2.72119
data/frame-000503.color.jpg -0.307133 -0.514031 0.726273 -0.337594 4.41513 2.92889 -2.72201
data/frame-000504.color.jpg -0.308523 -0.513639 0.726179 -0.337124 4.39383 2.91742 -2.73546
data/frame-000505.color.jpg -0.306896 -0.514291 0.727143 -0.335534 4.38961 2.94074 -2.71451
data/frame-000506.color.jpg -0.308765 -0.512032 0.726579 -0.338484 4.38833 2.90326 -2.73371
data/frame-000507.color.jpg -0.31156 -0.509278 0.725371 -0.342641 4.36845 2.86349 -2.76244
data/frame-000508.color.jpg -0.311448 -0.506818 0.724864 -0.34743 4.37629 2.83815 -2.75861
data/frame-000509.color.jpg -0.311959 -0.505957 0.724011 -0.349997 4.35827 2.83281 -2.76782
data/frame-000510.color.jpg -0.312312 -0.504843 0.724279 -0.350734 4.36168 2.82099 -2.76752
data/frame-000511.color.jpg -0.310935 -0.505142 0.724389 -0.351299 4.35047 2.84012 -2.75806
data/frame-000512.color.jpg -0.307689 -0.504354 0.724414 -0.355218 4.3468 2.85496 -2.72699
data/frame-000513.color.jpg -0.304928 -0.500423 0.7249 -0.362099 4.37441 2.82747 -2.69371
data/frame-000514.color.jpg -0.300995 -0.498911 0.726224 -0.364814 4.37972 2.83484 -2.6483
data/frame-000515.color.jpg -0.294047 -0.50084 0.729756 -0.360766 4.38852 2.90687 -2.57193
data/frame-000516.color.jpg -0.290398 -0.498868 0.730804 -0.364316 4.40184 2.8928 -2.5346
data/frame-000517.color.jpg -0.279244 -0.488575 0.740808 -0.366772 4.4996 2.85168 -2.38233
data/frame-000518.color.jpg -0.272798 -0.479853 0.748777 -0.366954 4.57815 2.80579 -2.28063
data/frame-000519.color.jpg -0.268738 -0.474075 0.753866 -0.36704 4.6285 2.78235 -2.2132
data/frame-000520.color.jpg -0.26702 -0.466069 0.757777 -0.370478 4.67025 2.72016 -2.17574
data/frame-000521.color.jpg -0.266343 -0.461148 0.757868 -0.376882 4.68901 2.68246 -2.16434
data/frame-000522.color.jpg -0.267175 -0.459885 0.758303 -0.376963 4.68302 2.67054 -2.1746
data/frame-000523.color.jpg -0.267928 -0.458451 0.757484 -0.379809 4.67726 2.6576 -2.19138
data/frame-000524.color.jpg -0.267643 -0.461094 0.757722 -0.376321 4.65083 2.69018 -2.20528
data/frame-000525.color.jpg -0.269623 -0.462467 0.755092 -0.378501 4.61854 2.70449 -2.2509
data/frame-000526.color.jpg -0.271777 -0.460121 0.7547 -0.380595 4.62848 2.6692 -2.27047
data/frame-000527.color.jpg -0.274335 -0.461188 0.753919 -0.379015 4.60249 2.67848 -2.30777
data/frame-000528.color.jpg -0.280185 -0.466328 0.751309 -0.373589 4.51551 2.71573 -2.40095
data/frame-000529.color.jpg -0.284896 -0.466417 0.749078 -0.374396 4.48616 2.70872 -2.46324
data/frame-000530.color.jpg -0.290302 -0.465631 0.746319 -0.376723 4.46145 2.68192 -2.52712
data/frame-000531.color.jpg -0.296222 -0.467139 0.742017 -0.378741 4.41019 2.67858 -2.60946
data/frame-000532.color.jpg -0.298256 -0.471534 0.737704 -0.380121 4.35174 2.71507 -2.65991
data/frame-000533.color.jpg -0.302581 -0.479335 0.72931 -0.383133 4.2473 2.77115 -2.76238
data/frame-000534.color.jpg -0.31271 -0.486219 0.720452 -0.383084 4.12197 2.78821 -2.90607
data/frame-000535.color.jpg -0.317761 -0.494673 0.712977 -0.382088 4.00185 2.84121 -2.99222
data/frame-000536.color.jpg -0.319909 -0.508871 0.70308 -0.379983 3.83284 2.96041 -3.07705
data/frame-000537.color.jpg -0.32203 -0.520673 0.693161 -0.380427 3.68751 3.05157 -3.15905
data/frame-000538.color.jpg -0.328784 -0.530965 0.68278 -0.379196 3.52441 3.10004 -3.2745
data/frame-000539.color.jpg -0.334777 -0.537694 0.676569 -0.375584 3.4116 3.12976 -3.35508
data/frame-000540.color.jpg -0.337835 -0.546159 0.670646 -0.37123 3.28854 3.19379 -3.41015
data/frame-000541.color.jpg -0.341881 -0.549173 0.666389 -0.370746 3.22151 3.2007 -3.46409
data/frame-000542.color.jpg -0.34883 -0.549043 0.66503 -0.366885 3.17839 3.17862 -3.52626
data/frame-000543.color.jpg -0.349873 -0.549364 0.665505 -0.364544 3.17131 3.18584 -3.53102
data/frame-000544.color.jpg -0.350523 -0.554212 0.664615 -0.358147 3.10487 3.24342 -3.54345
data/frame-000545.color.jpg -0.349553 -0.552685 0.66625 -0.358418 3.12725 3.24866 -3.54203
data/frame-000546.color.jpg -0.352104 -0.551569 0.666857 -0.356504 3.12126 3.24054 -3.57007
data/frame-000547.color.jpg -0.350254 -0.551719 0.668956 -0.354156 3.13238 3.26567 -3.55213
data/frame-000548.color.jpg -0.3529 -0.551791 0.66801 -0.353202 3.11366 3.26341 -3.59656
data/frame-000549.color.jpg -0.354929 -0.55133 0.667947 -0.352005 3.10615 3.26975 -3.62959
data/frame-000550.color.jpg -0.355347 -0.54952 0.67002 -0.35047 3.12687 3.27619 -3.63715
data/frame-000551.color.jpg -0.355201 -0.549129 0.670417 -0.350471 3.13147 3.28416 -3.6489
data/frame-000552.color.jpg -0.354266 -0.549268 0.669988 -0.352018 3.13245 3.29986 -3.661
data/frame-000553.color.jpg -0.356421 -0.54805 0.671661 -0.348536 3.13433 3.31393 -3.69116
data/frame-000554.color.jpg -0.355364 -0.54817 0.672726 -0.34737 3.14457 3.33052 -3.68002
data/frame-000555.color.jpg -0.35488 -0.549852 0.673492 -0.343703 3.13147 3.36102 -3.67401
data/frame-000556.color.jpg -0.348881 -0.5544 0.674534 -0.34048 3.11667 3.45156 -3.62965
data/frame-000557.color.jpg -0.348399 -0.556262 0.673173 -0.340629 3.09573 3.47373 -3.64137
data/frame-000558.color.jpg -0.343999 -0.560187 0.674893 -0.335224 3.08036 3.5527 -3.59829
data/frame-000559.color.jpg -0.347466 -0.565287 0.673243 -0.326285 3.00187 3.60471 -3.63544
data/frame-000560.color.jpg -0.344505 -0.573241 0.669947 -0.322308 2.9206 3.69792 -3.62397
data/frame-000561.color.jpg -0.344245 -0.576215 0.669076 -0.319073 2.888 3.73166 -3.62209
data/frame-000562.color.jpg -0.347368 -0.586847 0.661204 -0.312658 2.73331 3.82258 -3.67278
data/frame-000563.color.jpg -0.346372 -0.595937 0.655556 -0.308433 2.61432 3.9137 -3.67566
data/frame-000564.color.jpg -0.345714 -0.604916 0.64791 -0.30785 2.4904 3.98748 -3.70151
data/frame-000565.color.jpg -0.346277 -0.612123 0.642276 -0.30476 2.38902 4.05306 -3.72013
data/frame-000566.color.jpg -0.346701 -0.619533 0.636158 -0.302128 2.28277 4.12066 -3.73656
data/frame-000567.color.jpg -0.348794 -0.620981 0.633056 -0.303259 2.24426 4.11538 -3.76667
data/frame-000568.color.jpg -0.34594 -0.625046 0.630923 -0.30262 2.20465 4.16412 -3.74922
data/frame-000569.color.jpg 0.345911 0.631696 -0.62968 0.291218 2.13144 4.25904 -3.724
data/frame-000570.color.jpg 0.341398 0.633275 -0.631659 0.288819 2.1538 4.3095 -3.68033
data/frame-000571.color.jpg -0.337153 -0.633392 0.636065 -0.283838 2.19733 4.35803 -3.61902
data/frame-000572.color.jpg -0.335682 -0.632091 0.641606 -0.2759 2.25652 4.39398 -3.56767
data/frame-000573.color.jpg -0.335611 -0.630768 0.644212 -0.272924 2.30037 4.40235 -3.55568
data/frame-000574.color.jpg -0.332712 -0.630752 0.647208 -0.2694 2.33593 4.43196 -3.51516
data/frame-000575.color.jpg -0.330912 -0.630175 0.649131 -0.268341 2.36496 4.44099 -3.49272
data/frame-000576.color.jpg -0.326507 -0.630394 0.653272 -0.26312 2.41208 4.48477 -3.42724
data/frame-000577.color.jpg -0.319939 -0.633884 0.655944 -0.256062 2.43868 4.56715 -3.34168
data/frame-000578.color.jpg -0.317205 -0.63741 0.656701 -0.248664 2.42787 4.62381 -3.28962
data/frame-000579.color.jpg -0.312842 -0.637458 0.658458 -0.249421 2.46825 4.64453 -3.24954
data/frame-000580.color.jpg -0.312558 -0.639819 0.658267 -0.244178 2.45841 4.67957 -3.23125
data/frame-000581.color.jpg -0.311433 -0.64166 0.65805 -0.241353 2.45014 4.70508 -3.2108
data/frame-000582.color.jpg -0.309277 -0.642857 0.659099 -0.238058 2.46606 4.72943 -3.17989
data/frame-000583.color.jpg -0.303437 -0.64565 0.661218 -0.232063 2.4803 4.79045 -3.09936
data/frame-000584.color.jpg -0.299934 -0.646971 0.663079 -0.227584 2.50367 4.82594 -3.04792
data/frame-000585.color.jpg -0.295514 -0.646127 0.665481 -0.228747 2.55655 4.83146 -3.00634
data/frame-000586.color.jpg -0.294794 -0.64787 0.666903 -0.220457 2.55031 4.86624 -2.96804
data/frame-000587.color.jpg -0.292522 -0.649345 0.669348 -0.211556 2.56219 4.90486 -2.91301
data/frame-000588.color.jpg -0.288479 -0.64843 0.671863 -0.211943 2.61159 4.91197 -2.87119
data/frame-000589.color.jpg -0.28702 -0.652064 0.670766 -0.206166 2.57662 4.95838 -2.83963
data/frame-000590.color.jpg -0.282895 -0.651801 0.672172 -0.208112 2.61798 4.97066 -2.80455
data/frame-000591.color.jpg -0.287539 -0.649736 0.669341 -0.217132 2.62925 4.92147 -2.89997
data/frame-000592.color.jpg -0.290601 -0.648078 0.667455 -0.223719 2.63098 4.8821 -2.9667
data/frame-000593.color.jpg -0.289918 -0.645947 0.667219 -0.23134 2.66136 4.86514 -2.98764
data/frame-000594.color.jpg -0.296164 -0.642446 0.662869 -0.245265 2.66111 4.7824 -3.11774
data/frame-000595.color.jpg -0.298874 -0.639978 0.660347 -0.25504 2.66995 4.73505 -3.1872
data/frame-000596.color.jpg -0.303896 -0.63697 0.658509 -0.26131 2.67573 4.68122 -3.26651
data/frame-000597.color.jpg -0.309722 -0.631896 0.6545 -0.276422 2.69999 4.57755 -3.38822
data/frame-000598.color.jpg -0.314608 -0.629754 0.651945 -0.281778 2.69263 4.5281 -3.46174
data/frame-000599.color.jpg -0.321804 -0.625482 0.647095 -0.294079 2.69239 4.42955 -3.58599
data/frame-000600.color.jpg -0.326658 -0.623116 0.64293 -0.302758 2.6809 4.36788 -3.67226
data/frame-000601.color.jpg -0.329846 -0.619922 0.639842 -0.312252 2.69702 4.29993 -3.73923
data/frame-000602.color.jpg -0.33715 -0.617255 0.634782 -0.319965 2.67725 4.21885 -3.84433
data/frame-000603.color.jpg -0.355725 -0.611154 0.623871 -0.33277 2.62168 4.02982 -4.07606
data/frame-000604.color.jpg -0.359353 -0.609704 0.621893 -0.335225 2.61445 3.98789 -4.12084
data/frame-000605.color.jpg -0.365532 -0.608327 0.617436 -0.339261 2.58297 3.92551 -4.19719
data/frame-000606.color.jpg -0.374547 -0.605815 0.611279 -0.345023 2.54091 3.82903 -4.30449
data/frame-000607.color.jpg -0.375939 -0.604872 0.610099 -0.347245 2.54185 3.80692 -4.3248
data/frame-000608.color.jpg -0.380402 -0.602797 0.605375 -0.354191 2.52484 3.73879 -4.39015
data/frame-000609.color.jpg -0.385505 -0.600401 0.601918 -0.358606 2.5095 3.67349 -4.45245
data/frame-000610.color.jpg -0.392986 -0.595936 0.596554 -0.366805 2.49914 3.56414 -4.54238
data/frame-000611.color.jpg -0.399846 -0.59086 0.59128 -0.376026 2.50267 3.44783 -4.62951
data/frame-000612.color.jpg -0.40387 -0.588719 0.589279 -0.378219 2.49614 3.39683 -4.66682
data/frame-000613.color.jpg 0.414723 0.581173 -0.579831 0.392478 2.48724 3.20494 -4.79677
data/frame-000614.color.jpg 0.418302 0.577719 -0.576987 0.397932 2.49898 3.13307 -4.83653
data/frame-000615.color.jpg 0.428949 0.572467 -0.570602 0.403358 2.46716 2.98862 -4.93374
data/frame-000616.color.jpg 0.432926 0.57009 -0.566421 0.408338 2.45656 2.91732 -4.98008
data/frame-000617.color.jpg 0.436643 0.568435 -0.56404 0.40998 2.43976 2.86602 -5.01212
data/frame-000618.color.jpg 0.447841 0.560298 -0.556103 0.419827 2.42535 2.67846 -5.11432
data/frame-000619.color.jpg 0.456192 0.551829 -0.549557 0.430535 2.43887 2.49309 -5.18756
data/frame-000620.color.jpg 0.455937 0.550739 -0.549124 0.432747 2.45078 2.47893 -5.1865
data/frame-000621.color.jpg -0.455841 -0.547088 0.547197 -0.439863 2.48904 2.41555 -5.19286
data/frame-000622.color.jpg -0.460656 -0.539921 0.544468 -0.44703 2.51848 2.28634 -5.22265
data/frame-000623.color.jpg -0.463059 -0.539294 0.543081 -0.446991 2.49441 2.25906 -5.23901
data/frame-000624.color.jpg -0.464809 -0.539238 0.541504 -0.447156 2.47226 2.2403 -5.25182
data/frame-000625.color.jpg -0.464232 -0.53776 0.539934 -0.451413 2.49129 2.20431 -5.24957
data/frame-000626.color.jpg 0.472045 0.544394 -0.526024 0.451783 2.28777 2.12626 -5.33922
data/frame-000627.color.jpg 0.469142 0.550443 -0.525379 0.448213 2.23058 2.20563 -5.32484
data/frame-000628.color.jpg 0.473403 0.550343 -0.52289 0.446763 2.18252 2.1622 -5.35429
data/frame-000629.color.jpg 0.47551 0.552959 -0.521535 0.442863 2.1211 2.16837 -5.36654
data/frame-000630.color.jpg 0.484244 0.556141 -0.513474 0.438816 1.96461 2.08115 -5.42866
data/frame-000631.color.jpg 0.487238 0.55799 -0.507664 0.439913 1.89194 2.03257 -5.45687
data/frame-000632.color.jpg 0.487681 0.558648 -0.506008 0.440494 1.87277 2.02317 -5.46305
data/frame-000633.color.jpg 0.491578 0.556853 -0.504109 0.440614 1.84842 1.96103 -5.4835
data/frame-000634.color.jpg 0.490659 0.556412 -0.500935 0.445784 1.8411 1.89909 -5.4877
data/frame-000635.color.jpg 0.488044 0.558372 -0.499826 0.447446 1.83491 1.91086 -5.48108
data/frame-000636.color.jpg 0.487726 0.558291 -0.499762 0.447965 1.83984 1.90519 -5.48123
data/frame-000637.color.jpg 0.492666 0.556186 -0.499983 0.44492 1.82292 1.85294 -5.50057
data/frame-000638.color.jpg 0.50602 0.550951 -0.497039 0.439715 1.76042 1.69577 -5.56231
data/frame-000639.color.jpg 0.509624 0.552108 -0.490543 0.441393 1.69621 1.63147 -5.59818
data/frame-000640.color.jpg 0.510336 0.551845 -0.487854 0.443872 1.68703 1.59806 -5.60691
data/frame-000641.color.jpg 0.509847 0.553095 -0.484693 0.446335 1.66646 1.58104 -5.61727
data/frame-000642.color.jpg 0.509811 0.551794 -0.481373 0.451548 1.67485 1.52831 -5.62664
data/frame-000643.color.jpg 0.511355 0.548169 -0.48377 0.451657 1.6973 1.46867 -5.63386
data/frame-000644.color.jpg 0.508902 0.548508 -0.484773 0.452937 1.71771 1.48103 -5.6266
data/frame-000645.color.jpg 0.509122 0.548102 -0.484725 0.453235 1.71967 1.47032 -5.63007
data/frame-000646.color.jpg 0.506904 0.550583 -0.485291 0.452106 1.71051 1.50267 -5.62249
data/frame-000647.color.jpg 0.506464 0.552996 -0.484389 0.450619 1.68302 1.52051 -5.62646
data/frame-000648.color.jpg 0.507982 0.55215 -0.48099 0.453578 1.6703 1.46824 -5.64689
data/frame-000649.color.jpg 0.508959 0.550381 -0.480755 0.454881 1.67922 1.43852 -5.64931
data/frame-000650.color.jpg 0.507464 0.548856 -0.481318 0.45779 1.70981 1.42434 -5.64673
data/frame-000651.color.jpg 0.507276 0.548598 -0.481202 0.458428 1.71328 1.4203 -5.64937
data/frame-000652.color.jpg 0.507586 0.548151 -0.480845 0.458993 1.71192 1.40878 -5.65177
data/frame-000653.color.jpg 0.502878 0.546087 -0.487186 0.459948 1.77532 1.45571 -5.6169
data/frame-000654.color.jpg 0.499062 0.544349 -0.490938 0.46217 1.83421 1.47876 -5.58996
data/frame-000655.color.jpg 0.490686 0.543908 -0.49715 0.465009 1.9149 1.55682 -5.53808
data/frame-000656.color.jpg 0.47948 0.541193 -0.507147 0.469053 2.05514 1.64884 -5.46026
data/frame-000657.color.jpg 0.476441 0.539961 -0.510119 0.470345 2.09835 1.66897 -5.43834
data/frame-000658.color.jpg 0.471385 0.539335 -0.517569 0.468013 2.15249 1.74016 -5.38816
data/frame-000659.color.jpg 0.453521 0.544107 -0.533324 0.462419 2.25698 1.99432 -5.2531
data/frame-000660.color.jpg 0.44831 0.544593 -0.538099 0.461395 2.29635 2.06051 -5.20943
data/frame-000661.color.jpg 0.447008 0.544725 -0.540484 0.459712 2.30577 2.08721 -5.19191
data/frame-000662.color.jpg -0.443953 -0.544715 0.54527 -0.457025 2.33422 2.13955 -5.15577
data/frame-000663.color.jpg -0.440373 -0.547501 0.549216 -0.452412 2.3268 2.22414 -5.11756
data/frame-000664.color.jpg -0.432955 -0.55085 0.556101 -0.447064 2.34191 2.35532 -5.0436
data/frame-000665.color.jpg -0.432235 -0.550644 0.558966 -0.444434 2.34961 2.37951 -5.02544
data/frame-000666.color.jpg -0.431989 -0.54989 0.560669 -0.443459 2.36058 2.38428 -5.01644
data/frame-000667.color.jpg -0.427547 -0.549928 0.56749 -0.439019 2.39325 2.45493 -4.95833
data/frame-000668.color.jpg -0.415806 -0.550582 0.577672 -0.436188 2.46786 2.58807 -4.84442
data/frame-000669.color.jpg -0.410678 -0.549111 0.584376 -0.433965 2.52213 2.64141 -4.78311
data/frame-000670.color.jpg -0.409229 -0.547821 0.586719 -0.433802 2.54862 2.64965 -4.76373
data/frame-000671.color.jpg -0.407906 -0.5469 0.588967 -0.433164 2.56831 2.65988 -4.74424
data/frame-000672.color.jpg -0.394509 -0.545434 0.602011 -0.429473 2.68153 2.79395 -4.59853
data/frame-000673.color.jpg -0.390501 -0.546247 0.605653 -0.426974 2.69812 2.84794 -4.55124
data/frame-000674.color.jpg -0.388344 -0.546866 0.607413 -0.425648 2.70699 2.878 -4.5266
data/frame-000675.color.jpg -0.387731 -0.54644 0.609354 -0.423976 2.71923 2.88983 -4.51138
data/frame-000676.color.jpg -0.382895 -0.54947 0.612898 -0.41932 2.71664 2.96788 -4.458
data/frame-000677.color.jpg -0.371454 -0.55531 0.622656 -0.407372 2.73686 3.14668 -4.3208
data/frame-000678.color.jpg -0.369818 -0.555728 0.62489 -0.404861 2.74595 3.17231 -4.29588
data/frame-000679.color.jpg -0.367054 -0.556732 0.631935 -0.394942 2.76219 3.24194 -4.22999
data/frame-000680.color.jpg -0.359787 -0.555499 0.643066 -0.385281 2.83601 3.32314 -4.11462
data/frame-000681.color.jpg -0.351567 -0.54418 0.66102 -0.378579 3.03605 3.33491 -3.96397
data/frame-000682.color.jpg -0.345692 -0.534396 0.67382 -0.375345 3.19695 3.3183 -3.85256
data/frame-000683.color.jpg -0.343253 -0.533038 0.676406 -0.374864 3.22881 3.32679 -3.81836
data/frame-000684.color.jpg -0.338326 -0.531763 0.68106 -0.372722 3.27293 3.35601 -3.7546
data/frame-000685.color.jpg -0.317932 -0.531662 0.694631 -0.365708 3.39372 3.49849 -3.51502
data/frame-000686.color.jpg -0.310512 -0.52823 0.700964 -0.364973 3.47525 3.52042 -3.41906
data/frame-000687.color.jpg -0.308864 -0.526588 0.703523 -0.363819 3.50308 3.51828 -3.39002
data/frame-000688.color.jpg -0.301439 -0.519802 0.715385 -0.356601 3.62851 3.52802 -3.24917
data/frame-000689.color.jpg -0.299182 -0.509968 0.725704 -0.351817 3.75498 3.47271 -3.16225
data/frame-000690.color.jpg -0.285951 -0.493152 0.745138 -0.346126 3.9998 3.40823 -2.92381
data/frame-000691.color.jpg -0.284302 -0.485066 0.751404 -0.345363 4.08977 3.3426 -2.86785
data/frame-000692.color.jpg -0.284145 -0.482475 0.753294 -0.345004 4.115 3.31854 -2.85299
data/frame-000693.color.jpg -0.283282 -0.477628 0.758392 -0.34127 4.16451 3.28135 -2.80791
data/frame-000694.color.jpg -0.279106 -0.4704 0.765241 -0.339456 4.24496 3.22718 -2.72366
data/frame-000695.color.jpg -0.259483 -0.465318 0.777784 -0.333467 4.35018 3.26131 -2.45679
data/frame-000696.color.jpg -0.252991 -0.462213 0.781602 -0.333847 4.38725 3.25114 -2.36558
data/frame-000697.color.jpg -0.252234 -0.461079 0.783152 -0.332352 4.39509 3.24174 -2.3465
data/frame-000698.color.jpg -0.249188 -0.459161 0.785333 -0.332159 4.4208 3.23653 -2.3027
data/frame-000699.color.jpg -0.249623 -0.451929 0.788418 -0.334433 4.44762 3.14257 -2.26864
data/frame-000700.color.jpg -0.247008 -0.45246 0.789761 -0.332481 4.4402 3.15284 -2.22845
data/frame-000701.color.jpg -0.245872 -0.453068 0.789596 -0.332888 4.42316 3.15323 -2.21444
data/frame-000702.color.jpg -0.243922 -0.453822 0.790486 -0.33118 4.41759 3.16522 -2.18524
data/frame-000703.color.jpg -0.246104 -0.453855 0.790029 -0.330609 4.39422 3.13929 -2.19963
data/frame-000704.color.jpg -0.24427 -0.457112 0.789267 -0.329298 4.36094 3.17028 -2.18171
data/frame-000705.color.jpg -0.245072 -0.463297 0.787249 -0.324862 4.28324 3.19668 -2.18342
data/frame-000706.color.jpg -0.243304 -0.464795 0.787219 -0.324123 4.26942 3.20723 -2.16506
data/frame-000707.color.jpg -0.241798 -0.465028 0.788279 -0.322334 4.26302 3.20703 -2.13823
data/frame-000708.color.jpg -0.242695 -0.464712 0.788691 -0.321105 4.24771 3.18203 -2.13436
data/frame-000709.color.jpg -0.239352 -0.465684 0.790664 -0.317331 4.23757 3.1949 -2.08525
data/frame-000710.color.jpg -0.239422 -0.462724 0.793829 -0.313688 4.25146 3.15441 -2.05987
data/frame-000711.color.jpg -0.240007 -0.461959 0.794547 -0.312546 4.24462 3.13782 -2.05768
data/frame-000712.color.jpg -0.237852 -0.460346 0.797596 -0.308786 4.24961 3.12658 -2.01742
data/frame-000713.color.jpg -0.232798 -0.459599 0.799687 -0.308341 4.25584 3.13043 -1.95736
data/frame-000714.color.jpg -0.223748 -0.454656 0.806232 -0.305311 4.29323 3.11136 -1.84067
data/frame-000715.color.jpg -0.220849 -0.449026 0.809837 -0.306212 4.32845 3.06616 -1.79855
data/frame-000716.color.jpg -0.219524 -0.436203 0.816827 -0.307132 4.41105 2.9507 -1.74573
data/frame-000717.color.jpg -0.219164 -0.429399 0.822107 -0.302859 4.45046 2.88967 -1.71397
data/frame-000718.color.jpg -0.220909 -0.419576 0.828331 -0.298366 4.47565 2.79099 -1.7045
data/frame-000719.color.jpg -0.212135 -0.417099 0.831518 -0.29934 4.49267 2.80089 -1.61731
data/frame-000720.color.jpg -0.20726 -0.415577 0.833997 -0.297972 4.50771 2.8065 -1.56322
data/frame-000721.color.jpg -0.198719 -0.417644 0.83791 -0.289813 4.47492 2.87281 -1.4821
data/frame-000722.color.jpg -0.19337 -0.419657 0.839293 -0.286503 4.4507 2.92188 -1.43685
data/frame-000723.color.jpg -0.191768 -0.422024 0.838102 -0.287586 4.41264 2.96394 -1.43905
data/frame-000724.color.jpg -0.18869 -0.424178 0.83914 -0.283396 4.38553 3.00833 -1.41136
data/frame-000725.color.jpg -0.188745 -0.427771 0.838064 -0.281133 4.33888 3.06547 -1.42799
data/frame-000726.color.jpg -0.186776 -0.435966 0.835205 -0.278354 4.26151 3.17327 -1.43904
data/frame-000727.color.jpg -0.187228 -0.437825 0.834635 -0.276839 4.24387 3.21184 -1.45404
data/frame-000728.color.jpg -0.200718 -0.439029 0.830381 -0.278267 4.19623 3.1949 -1.61193
data/frame-000729.color.jpg -0.209637 -0.444642 0.824888 -0.279117 4.11852 3.23056 -1.73149
data/frame-000730.color.jpg -0.214635 -0.450345 0.819918 -0.280811 4.0566 3.28169 -1.81494
data/frame-000731.color.jpg -0.227341 -0.45994 0.81127 -0.280379 3.92714 3.33489 -1.97551
data/frame-000732.color.jpg -0.239723 -0.473061 0.799505 -0.282026 3.7603 3.4097 -2.15047
data/frame-000733.color.jpg -0.249681 -0.492458 0.784694 -0.28178 3.52753 3.5379 -2.3094
data/frame-000734.color.jpg -0.25727 -0.521074 0.763289 -0.282283 3.18968 3.73775 -2.45553
data/frame-000735.color.jpg -0.265375 -0.537631 0.749838 -0.279772 2.96797 3.8287 -2.57139
data/frame-000736.color.jpg -0.269707 -0.556605 0.735205 -0.27735 2.72363 3.94943 -2.64397
data/frame-000737.color.jpg -0.275372 -0.57364 0.719995 -0.276974 2.47768 4.03428 -2.72502
data/frame-000738.color.jpg -0.2791 -0.586443 0.708364 -0.276419 2.28922 4.09512 -2.78434
data/frame-000739.color.jpg -0.2832 -0.598086 0.698554 -0.272237 2.10551 4.15058 -2.82025
data/frame-000740.color.jpg -0.286481 -0.607735 0.688316 -0.27351 1.9419 4.18285 -2.87286
data/frame-000741.color.jpg -0.289429 -0.610485 0.684191 -0.27463 1.88177 4.18361 -2.90928
data/frame-000742.color.jpg -0.295051 -0.613296 0.677944 -0.277858 1.80188 4.16339 -2.97867
data/frame-000743.color.jpg -0.298251 -0.617641 0.671483 -0.280491 1.71193 4.16585 -3.02742
data/frame-000744.color.jpg -0.301006 -0.620564 0.666445 -0.283103 1.64548 4.16223 -3.07363
data/frame-000745.color.jpg -0.304131 -0.621056 0.663845 -0.284789 1.61818 4.1495 -3.10878
data/frame-000746.color.jpg -0.305529 -0.621935 0.660459 -0.289211 1.59077 4.14104 -3.15158
data/frame-000747.color.jpg -0.304378 -0.623786 0.656517 -0.295349 1.55643 4.14069 -3.18045
data/frame-000748.color.jpg -0.304997 -0.624375 0.65471 -0.297467 1.53609 4.14594 -3.21103
data/frame-000749.color.jpg -0.307076 -0.626718 0.649844 -0.301053 1.48387 4.14483 -3.26189
data/frame-000750.color.jpg -0.309249 -0.628256 0.647281 -0.301141 1.44982 4.15259 -3.29995
data/frame-000751.color.jpg -0.310285 -0.628863 0.645404 -0.302834 1.43108 4.16077 -3.33235
data/frame-000752.color.jpg -0.314769 -0.626989 0.644127 -0.304803 1.4303 4.13791 -3.39329
data/frame-000753.color.jpg -0.315754 -0.62438 0.644554 -0.30822 1.45327 4.1373 -3.43772
data/frame-000754.color.jpg -0.313968 -0.622883 0.645409 -0.31127 1.47926 4.1384 -3.44557
data/frame-000755.color.jpg -0.313707 -0.622591 0.645203 -0.312539 1.48081 4.13655 -3.45149
data/frame-000756.color.jpg -0.314677 -0.61985 0.64493 -0.317537 1.50419 4.11059 -3.49543
data/frame-000757.color.jpg -0.316359 -0.617785 0.644101 -0.321547 1.51787 4.08989 -3.5381
data/frame-000758.color.jpg -0.320489 -0.613259 0.642975 -0.328304 1.54586 4.03154 -3.60901
data/frame-000759.color.jpg -0.323309 -0.611764 0.6412 -0.331782 1.54434 3.99646 -3.65061
data/frame-000760.color.jpg -0.325298 -0.610607 0.639893 -0.334481 1.54109 3.97926 -3.68158
data/frame-000761.color.jpg -0.332658 -0.605327 0.637239 -0.341825 1.56039 3.89112 -3.77601
data/frame-000762.color.jpg -0.334912 -0.603864 0.636884 -0.342872 1.56296 3.87293 -3.79779
data/frame-000763.color.jpg -0.341169 -0.597794 0.634734 -0.351224 1.5978 3.77615 -3.88996
data/frame-000764.color.jpg -0.349119 -0.591064 0.632737 -0.358334 1.62883 3.6751 -3.98376
data/frame-000765.color.jpg -0.354095 -0.583579 0.632025 -0.366874 1.6891 3.58305 -4.05702
data/frame-000766.color.jpg -0.359973 -0.575334 0.628423 -0.380125 1.74245 3.44683 -4.15893
data/frame-000767.color.jpg -0.366534 -0.565654 0.625489 -0.393005 1.8118 3.29745 -4.2585
data/frame-000768.color.jpg -0.369967 -0.561616 0.622984 -0.399505 1.82942 3.22021 -4.3143
data/frame-000769.color.jpg -0.368413 -0.558607 0.620833 -0.408408 1.8698 3.17354 -4.34151
data/frame-000770.color.jpg -0.368111 -0.552821 0.618597 -0.419787 1.93632 3.09202 -4.38531
data/frame-000771.color.jpg -0.377112 -0.545509 0.612259 -0.430518 1.94707 2.92538 -4.50091
data/frame-000772.color.jpg -0.37581 -0.54303 0.612401 -0.434569 1.98632 2.90127 -4.50435
data/frame-000773.color.jpg -0.375066 -0.534858 0.612692 -0.444815 2.08607 2.80863 -4.54139
data/frame-000774.color.jpg -0.398101 -0.512739 0.610529 -0.453727 2.17637 2.44765 -4.70967
data/frame-000775.color.jpg -0.391912 -0.508441 0.615029 -0.457856 2.27372 2.44365 -4.67338
data/frame-000776.color.jpg -0.390068 -0.499605 0.615744 -0.468083 2.3771 2.33896 -4.68662
data/frame-000777.color.jpg -0.389146 -0.492237 0.616048 -0.476185 2.46218 2.24632 -4.69624
data/frame-000778.color.jpg -0.38825 -0.486529 0.61561 -0.483296 2.52421 2.16578 -4.70897
data/frame-000779.color.jpg -0.386124 -0.480295 0.617254 -0.489104 2.60445 2.10547 -4.70055
data/frame-000780.color.jpg -0.384734 -0.478249 0.61688 -0.492663 2.63237 2.08052 -4.69632
data/frame-000781.color.jpg -0.383294 -0.471633 0.617786 -0.498988 2.70785 2.00918 -4.69001
data/frame-000782.color.jpg -0.383424 -0.459218 0.616705 -0.511644 2.82982 1.84632 -4.69638
data/frame-000783.color.jpg -0.382364 -0.456984 0.613591 -0.51814 2.85438 1.79495 -4.71164
data/frame-000784.color.jpg -0.383281 -0.453452 0.611821 -0.522641 2.88168 1.73432 -4.72243
data/frame-000785.color.jpg -0.382651 -0.449224 0.608629 -0.530421 2.92532 1.66016 -4.72877
data/frame-000786.color.jpg -0.379396 -0.447788 0.609261 -0.53324 2.96171 1.65915 -4.70893
data/frame-000787.color.jpg -0.385214 -0.441593 0.606505 -0.537361 2.98498 1.54202 -4.73831
data/frame-000788.color.jpg -0.388773 -0.43648 0.606589 -0.53888 3.01387 1.47325 -4.74335
data/frame-000789.color.jpg -0.390856 -0.433062 0.606247 -0.540512 3.03427 1.42709 -4.74796
data/frame-000790.color.jpg -0.400579 -0.422912 0.603872 -0.544078 3.06566 1.26398 -4.77452
data/frame-000791.color.jpg -0.420156 -0.41153 0.591908 -0.551141 3.03481 0.995148 -4.8657
data/frame-000792.color.jpg -0.42441 -0.413198 0.588112 -0.550698 2.99119 0.973963 -4.89901
data/frame-000793.color.jpg -0.430863 -0.417157 0.582908 -0.54823 2.91144 0.963021 -4.95002
data/frame-000794.color.jpg -0.440784 -0.420093 0.578446 -0.5428 2.80931 0.93288 -5.01362
data/frame-000795.color.jpg -0.446835 -0.419834 0.577392 -0.539162 2.76719 0.907277 -5.04242
data/frame-000796.color.jpg -0.456679 -0.41886 0.575237 -0.533951 2.7023 0.86004 -5.08306
data/frame-000797.color.jpg -0.459569 -0.420024 0.575108 -0.530686 2.66978 0.867501 -5.09903
data/frame-000798.color.jpg -0.463216 -0.422749 0.573587 -0.526984 2.61702 0.88745 -5.12137
data/frame-000799.color.jpg -0.474032 -0.425345 0.569711 -0.519427 2.503 0.86918 -5.16953
data/frame-000800.color.jpg -0.474566 -0.433762 0.568397 -0.513384 2.41481 0.958995 -5.19025
data/frame-000801.color.jpg -0.469641 -0.446004 0.567049 -0.508895 2.33804 1.10834 -5.18421
data/frame-000802.color.jpg -0.466305 -0.449967 0.568751 -0.506569 2.33148 1.18254 -5.16779
data/frame-000803.color.jpg -0.460911 -0.457815 0.571013 -0.501907 2.3008 1.31459 -5.14368
data/frame-000804.color.jpg -0.456334 -0.462094 0.575452 -0.497074 2.30088 1.41613 -5.11031
data/frame-000805.color.jpg -0.445817 -0.474255 0.587266 -0.481091 2.27576 1.68581 -5.017
data/frame-000806.color.jpg -0.434071 -0.485276 0.597899 -0.467553 2.26114 1.93334 -4.91473
data/frame-000807.color.jpg -0.421987 -0.491192 0.607676 -0.459769 2.30056 2.11436 -4.80988
data/frame-000808.color.jpg -0.416028 -0.493897 0.61154 -0.457171 2.3197 2.19484 -4.76022
data/frame-000809.color.jpg -0.407748 -0.496489 0.618187 -0.452864 2.35464 2.30085 -4.67907
data/frame-000810.color.jpg -0.380365 -0.507681 0.636891 -0.438124 2.429 2.65706 -4.40863
data/frame-000811.color.jpg -0.361224 -0.514869 0.646013 -0.432545 2.4744 2.86458 -4.23661
data/frame-000812.color.jpg -0.354527 -0.516398 0.651815 -0.42753 2.50286 2.93963 -4.15625
data/frame-000813.color.jpg -0.345545 -0.523161 0.658553 -0.416184 2.47761 3.09633 -4.03387
data/frame-000814.color.jpg -0.330836 -0.524386 0.668208 -0.411174 2.54943 3.21666 -3.88088
data/frame-000815.color.jpg -0.328154 -0.524105 0.671831 -0.407765 2.56633 3.24322 -3.83719
data/frame-000816.color.jpg -0.315282 -0.523696 0.680753 -0.403627 2.63579 3.33272 -3.68771
data/frame-000817.color.jpg -0.291433 -0.523503 0.696688 -0.394508 2.75137 3.49737 -3.41566
data/frame-000818.color.jpg -0.277687 -0.517805 0.71088 -0.386547 2.87649 3.54888 -3.22589
data/frame-000819.color.jpg -0.272963 -0.511582 0.720978 -0.379428 2.96794 3.54236 -3.12446
data/frame-000820.color.jpg -0.271497 -0.50891 0.727168 -0.372192 3.00176 3.54388 -3.06351
data/frame-000821.color.jpg -0.264499 -0.505681 0.733052 -0.370082 3.06009 3.5561 -2.97277
data/frame-000822.color.jpg -0.276501 -0.497889 0.736799 -0.364392 3.08592 3.44535 -3.01245
data/frame-000823.color.jpg -0.273142 -0.500338 0.739104 -0.358861 3.06106 3.47788 -2.95235
data/frame-000824.color.jpg -0.27225 -0.498816 0.741551 -0.356601 3.06863 3.46309 -2.91795
data/frame-000825.color.jpg -0.267973 -0.496103 0.746256 -0.353799 3.10307 3.45716 -2.84508
data/frame-000826.color.jpg -0.263812 -0.489003 0.753082 -0.352346 3.16947 3.41467 -2.76931
data/frame-000827.color.jpg -0.263662 -0.48141 0.757935 -0.352508 3.23464 3.35387 -2.7378
data/frame-000828.color.jpg -0.262561 -0.471361 0.763851 -0.354136 3.31377 3.27082 -2.69197
data/frame-000829.color.jpg -0.259679 -0.464125 0.768501 -0.355754 3.38224 3.22228 -2.64218
data/frame-000830.color.jpg -0.25525 -0.455518 0.774661 -0.356722 3.45796 3.16723 -2.57228
data/frame-000831.color.jpg -0.253689 -0.450791 0.778308 -0.355902 3.49385 3.13635 -2.5368
data/frame-000832.color.jpg -0.252319 -0.440869 0.784394 -0.355945 3.56938 3.05354 -2.48909
data/frame-000833.color.jpg -0.249759 -0.430308 0.791258 -0.35548 3.65898 2.97675 -2.42719
data/frame-000834.color.jpg -0.249382 -0.419294 0.798462 -0.352789 3.73575 2.89036 -2.38011
data/frame-000835.color.jpg -0.248561 -0.412657 0.802535 -0.35195 3.78295 2.83873 -2.34748
data/frame-000836.color.jpg -0.247895 -0.403079 0.806982 -0.353349 3.84444 2.74979 -2.31218
data/frame-000837.color.jpg -0.242741 -0.397284 0.81277 -0.35021 3.90036 2.73125 -2.24104
data/frame-000838.color.jpg -0.242518 -0.395014 0.813272 -0.351763 3.91012 2.70341 -2.23394
data/frame-000839.color.jpg -0.237668 -0.386604 0.820911 -0.346636 3.97495 2.66371 -2.15196
data/frame-000840.color.jpg -0.231092 -0.380094 0.826629 -0.344687 4.03766 2.63677 -2.06605
data/frame-000841.color.jpg -0.225682 -0.366124 0.837502 -0.337064 4.13807 2.54512 -1.95463
data/frame-000842.color.jpg -0.22255 -0.353244 0.844791 -0.33469 4.22268 2.44368 -1.88566
data/frame-000843.color.jpg -0.215352 -0.339685 0.852551 -0.333757 4.31832 2.3494 -1.77841
data/frame-000844.color.jpg -0.213342 -0.332636 0.855382 -0.334904 4.35608 2.29199 -1.74517
data/frame-000845.color.jpg -0.204721 -0.319304 0.861061 -0.338687 4.44045 2.19997 -1.63473
data/frame-000846.color.jpg -0.198034 -0.30571 0.867085 -0.339836 4.52128 2.10289 -1.53264
data/frame-000847.color.jpg -0.19537 -0.294686 0.871281 -0.340383 4.57772 2.01434 -1.47516
data/frame-000848.color.jpg -0.190105 -0.276359 0.877628 -0.342424 4.6675 1.8649 -1.36967
data/frame-000849.color.jpg -0.182056 -0.261254 0.883621 -0.343242 4.73393 1.74735 -1.25139
data/frame-000850.color.jpg -0.175378 -0.24751 0.890989 -0.337817 4.79169 1.65401 -1.13382
data/frame-000851.color.jpg -0.169843 -0.229333 0.898355 -0.333944 4.84518 1.51496 -1.02212
data/frame-000852.color.jpg -0.171434 -0.22263 0.899287 -0.335156 4.85692 1.45656 -1.0188
data/frame-000853.color.jpg -0.169918 -0.219398 0.899633 -0.337125 4.86633 1.44586 -0.995703
data/frame-000854.color.jpg -0.164761 -0.219359 0.897664 -0.344869 4.8678 1.47061 -0.952217
data/frame-000855.color.jpg -0.162491 -0.221123 0.897793 -0.344485 4.85911 1.51193 -0.938499
data/frame-000856.color.jpg -0.163448 -0.226613 0.894715 -0.34845 4.83378 1.57122 -0.965417
data/frame-000857.color.jpg -0.162968 -0.23195 0.892942 -0.349708 4.81802 1.63388 -0.978461
data/frame-000858.color.jpg -0.162831 -0.234368 0.892122 -0.350252 4.81203 1.66401 -0.984991
data/frame-000859.color.jpg -0.171597 -0.24134 0.887665 -0.352648 4.77626 1.7098 -1.09133
data/frame-000860.color.jpg -0.174888 -0.244522 0.886436 -0.351929 4.76829 1.73466 -1.12637
data/frame-000861.color.jpg -0.176175 -0.249344 0.886174 -0.348548 4.75934 1.78687 -1.14891
data/frame-000862.color.jpg -0.180935 -0.254464 0.883067 -0.350291 4.73589 1.82723 -1.21034
data/frame-000863.color.jpg -0.17569 -0.254216 0.883019 -0.353249 4.76547 1.85198 -1.14997
data/frame-000864.color.jpg -0.169483 -0.256398 0.88699 -0.344651 4.77164 1.90694 -1.07446
data/frame-000865.color.jpg -0.168185 -0.252232 0.88823 -0.345166 4.80458 1.88105 -1.03873
data/frame-000866.color.jpg -0.165854 -0.249106 0.8897 -0.344778 4.83613 1.8658 -0.994796
data/frame-000867.color.jpg -0.165647 -0.244977 0.892996 -0.339273 4.87092 1.83663 -0.956375
data/frame-000868.color.jpg -0.164006 -0.241928 0.895292 -0.336191 4.90415 1.81677 -0.909421
data/frame-000869.color.jpg -0.156762 -0.238076 0.899668 -0.33067 4.95423 1.80756 -0.797481
data/frame-000870.color.jpg -0.157736 -0.237941 0.900568 -0.327842 4.96121 1.80792 -0.792937
data/frame-000871.color.jpg -0.155482 -0.236872 0.901893 -0.326046 4.9909 1.80568 -0.749806
data/frame-000872.color.jpg -0.151169 -0.238042 0.903409 -0.32301 5.01015 1.82824 -0.693041
data/frame-000873.color.jpg -0.144454 -0.238254 0.906188 -0.318106 5.03276 1.84681 -0.604168
data/frame-000874.color.jpg -0.146533 -0.238016 0.908172 -0.311608 5.0414 1.83862 -0.610487
data/frame-000875.color.jpg -0.148344 -0.237621 0.905828 -0.317814 5.06418 1.83117 -0.628409
data/frame-000876.color.jpg -0.143449 -0.238625 0.907299 -0.315101 5.07444 1.85424 -0.570751
data/frame-000877.color.jpg -0.140674 -0.237229 0.909541 -0.310917 5.10098 1.84993 -0.524695
data/frame-000878.color.jpg -0.137101 -0.236366 0.91194 -0.306105 5.12941 1.84624 -0.470205
data/frame-000879.color.jpg -0.136144 -0.23964 0.913272 -0.299952 5.13479 1.87393 -0.458037
data/frame-000880.color.jpg -0.13257 -0.242865 0.915325 -0.292612 5.15253 1.90941 -0.415452
data/frame-000881.color.jpg -0.133647 -0.249038 0.915382 -0.286696 5.13928 1.96143 -0.439253
data/frame-000882.color.jpg -0.136033 -0.256276 0.914046 -0.283438 5.12632 2.02158 -0.480248
data/frame-000883.color.jpg -0.134306 -0.26159 0.91357 -0.280933 5.12981 2.07804 -0.476502
data/frame-000884.color.jpg -0.133292 -0.266448 0.913116 -0.278311 5.13011 2.12998 -0.478538
data/frame-000885.color.jpg -0.131351 -0.274015 0.9121 -0.275201 5.11968 2.21356 -0.48265
data/frame-000886.color.jpg -0.133831 -0.278512 0.910732 -0.27402 5.10759 2.26213 -0.52769
data/frame-000887.color.jpg -0.136145 -0.279344 0.908058 -0.280825 5.12344 2.27532 -0.575237
data/frame-000888.color.jpg -0.141196 -0.283425 0.905174 -0.283539 5.10528 2.31395 -0.651832
data/frame-000889.color.jpg -0.142218 -0.286321 0.90376 -0.284625 5.09323 2.34642 -0.675476
data/frame-000890.color.jpg -0.143089 -0.290892 0.900971 -0.288372 5.07805 2.40907 -0.717523
data/frame-000891.color.jpg -0.145054 -0.292586 0.89828 -0.294018 5.07408 2.4374 -0.765777
data/frame-000892.color.jpg -0.139987 -0.290261 0.899022 -0.296499 5.10014 2.45191 -0.719232
data/frame-000893.color.jpg -0.137825 -0.285151 0.900189 -0.298919 5.13074 2.41682 -0.691839
data/frame-000894.color.jpg -0.136399 -0.280744 0.902259 -0.297502 5.15795 2.38377 -0.667661
data/frame-000895.color.jpg -0.13518 -0.26935 0.906625 -0.29531 5.23433 2.28269 -0.621323
data/frame-000896.color.jpg -0.132681 -0.258544 0.910635 -0.29376 5.30147 2.18475 -0.565592
data/frame-000897.color.jpg -0.128434 -0.24182 0.916191 -0.292611 5.39361 2.03387 -0.472177
data/frame-000898.color.jpg -0.120305 -0.230244 0.921857 -0.287567 5.45976 1.93733 -0.343067
data/frame-000899.color.jpg -0.115213 -0.209696 0.928616 -0.283596 5.55485 1.73705 -0.223559
data/frame-000900.color.jpg -0.112731 -0.195818 0.932512 -0.281724 5.61607 1.6006 -0.155067
data/frame-000901.color.jpg -0.111638 -0.178092 0.936414 -0.280979 5.68376 1.41743 -0.0915313
data/frame-000902.color.jpg -0.107725 -0.166828 0.939249 -0.279955 5.72423 1.31153 -0.0177447
data/frame-000903.color.jpg -0.103214 -0.149412 0.942379 -0.280971 5.77411 1.14468 0.0797708
data/frame-000904.color.jpg -0.103893 -0.119723 0.946356 -0.281572 5.84353 0.824534 0.155015
data/frame-000905.color.jpg -0.105363 -0.107323 0.948596 -0.27847 5.8696 0.686301 0.17424
data/frame-000906.color.jpg -0.108246 -0.0929148 0.949033 -0.281045 5.89514 0.522438 0.177146
data/frame-000907.color.jpg -0.113965 -0.0809393 0.950036 -0.279094 5.90232 0.371392 0.146092
data/frame-000908.color.jpg -0.114042 -0.073528 0.951271 -0.276896 5.90756 0.292347 0.161808
data/frame-000909.color.jpg -0.118384 -0.0638748 0.95175 -0.275821 5.90036 0.179268 0.138892
data/frame-000910.color.jpg -0.117321 -0.0507012 0.950842 -0.282071 5.90602 0.0494685 0.18883
data/frame-000911.color.jpg -0.117669 -0.0481118 0.949121 -0.288114 5.89957 0.0196846 0.191742
data/frame-000912.color.jpg -0.109059 -0.0381919 0.950816 -0.287397 5.89774 -0.0437064 0.314232
data/frame-000913.color.jpg -0.103289 -0.0313746 0.950523 -0.291295 5.88629 -0.0831191 0.394426
data/frame-000914.color.jpg -0.100332 -0.0232971 0.949328 -0.29693 5.87241 -0.147302 0.450902
data/frame-000915.color.jpg -0.10155 -0.0147115 0.947414 -0.303114 5.86104 -0.222773 0.465668
data/frame-000916.color.jpg -0.105227 -0.0115223 0.945118 -0.309105 5.84977 -0.249978 0.436373
data/frame-000917.color.jpg -0.102538 -0.00128933 0.941953 -0.319702 5.84059 -0.311014 0.508954
data/frame-000918.color.jpg -0.102181 0.00452208 0.938043 -0.331079 5.8276 -0.343143 0.537586
data/frame-000919.color.jpg -0.0999325 0.0125933 0.936092 -0.337026 5.81183 -0.394811 0.595073
data/frame-000920.color.jpg -0.0980585 0.0202612 0.933245 -0.345003 5.79159 -0.441364 0.647099
data/frame-000921.color.jpg -0.0937104 0.0334406 0.930544 -0.352404 5.76519 -0.537916 0.752177
data/frame-000922.color.jpg -0.0926721 0.0400736 0.930047 -0.353297 5.74172 -0.58783 0.790521
data/frame-000923.color.jpg -0.0874453 0.0518251 0.927894 -0.35872 5.70814 -0.669145 0.895965
data/frame-000924.color.jpg -0.0868006 0.0545903 0.927063 -0.360609 5.69832 -0.689119 0.915322
data/frame-000925.color.jpg -0.0833935 0.0615192 0.925877 -0.363335 5.67855 -0.734832 0.981207
data/frame-000926.color.jpg -0.0803165 0.0703454 0.923507 -0.368424 5.63512 -0.785603 1.05224
data/frame-000927.color.jpg -0.077642 0.0736576 0.922398 -0.371117 5.6215 -0.796913 1.09585
data/frame-000928.color.jpg -0.0749609 0.0753438 0.920335 -0.376414 5.6079 -0.785278 1.13455
data/frame-000929.color.jpg -0.074049 0.0733833 0.917284 -0.384346 5.60341 -0.735049 1.14034
data/frame-000930.color.jpg -0.0741265 0.0714276 0.912589 -0.395707 5.6082 -0.679443 1.14095
data/frame-000931.color.jpg -0.0763178 0.0691977 0.910816 -0.399752 5.61286 -0.654725 1.11027
data/frame-000932.color.jpg -0.0822715 0.0643729 0.905751 -0.410735 5.62877 -0.602228 1.03753
data/frame-000933.color.jpg -0.100692 0.0549651 0.896529 -0.427873 5.66139 -0.544324 0.817168
data/frame-000934.color.jpg -0.110391 0.0501262 0.890986 -0.437545 5.66917 -0.518846 0.699949
data/frame-000935.color.jpg -0.120635 0.0427926 0.886047 -0.445575 5.68065 -0.476396 0.567877
data/frame-000936.color.jpg -0.128556 0.034736 0.881958 -0.452125 5.69984 -0.426604 0.452896
data/frame-000937.color.jpg -0.140455 0.0275916 0.87818 -0.456412 5.6909 -0.414704 0.29676
data/frame-000938.color.jpg -0.141456 0.0213992 0.877943 -0.456891 5.70908 -0.347588 0.259235
data/frame-000939.color.jpg -0.154983 0.00460585 0.86864 -0.470557 5.71897 -0.234835 0.040078
data/frame-000940.color.jpg -0.160512 0.000319063 0.868111 -0.4697 5.72143 -0.209458 -0.0361035
data/frame-000941.color.jpg -0.166474 -0.0115636 0.861719 -0.479158 5.72146 -0.111804 -0.156199
data/frame-000942.color.jpg -0.168848 -0.0150408 0.859333 -0.482504 5.71879 -0.0878516 -0.197012
data/frame-000943.color.jpg -0.172255 -0.0215862 0.858825 -0.481956 5.7147 -0.0354962 -0.262332
data/frame-000944.color.jpg -0.179657 -0.0299707 0.854643 -0.486221 5.70393 0.00684957 -0.374452
data/frame-000945.color.jpg -0.185454 -0.0332794 0.852211 -0.488094 5.69301 0.0072062 -0.444849
data/frame-000946.color.jpg -0.189161 -0.0364085 0.852314 -0.486265 5.68171 0.0206246 -0.498331
data/frame-000947.color.jpg -0.194232 -0.0423935 0.848425 -0.490563 5.66634 0.0543012 -0.58091
data/frame-000948.color.jpg -0.196644 -0.044725 0.845414 -0.494576 5.65888 0.0657772 -0.614839
data/frame-000949.color.jpg -0.197598 -0.05403 0.841539 -0.499848 5.63263 0.152872 -0.671067
data/frame-000950.color.jpg -0.192875 -0.0556754 0.84178 -0.501105 5.63006 0.1892 -0.631846
data/frame-000951.color.jpg -0.189011 -0.0566598 0.842584 -0.501116 5.63297 0.217563 -0.596739
data/frame-000952.color.jpg -0.184998 -0.0575623 0.844185 -0.499814 5.62495 0.245846 -0.559497
data/frame-000953.color.jpg -0.17035 -0.0542175 0.849418 -0.496519 5.60567 0.284009 -0.387274
data/frame-000954.color.jpg -0.156776 -0.0493004 0.852336 -0.496503 5.5995 0.301064 -0.224127
data/frame-000955.color.jpg -0.155307 -0.0476726 0.854482 -0.493424 5.58825 0.29184 -0.198691
data/frame-000956.color.jpg -0.147234 -0.0438578 0.85808 -0.489998 5.57873 0.292455 -0.0938907
data/frame-000957.color.jpg -0.139187 -0.0409381 0.858646 -0.491608 5.56455 0.297666 -1.31514e-05
data/frame-000958.color.jpg -0.12405 -0.0317668 0.863626 -0.487599 5.52095 0.276338 0.196566
data/frame-000959.color.jpg -0.115877 -0.0263762 0.867939 -0.482244 5.50292 0.263391 0.30425
data/frame-000960.color.jpg -0.11138 -0.0227815 0.868872 -0.481807 5.4948 0.248998 0.370311
data/frame-000961.color.jpg -0.103324 -0.0172978 0.870652 -0.480615 5.4777 0.230948 0.478339
data/frame-000962.color.jpg -0.0897585 -0.00582059 0.876336 -0.473227 5.42478 0.175159 0.668481
data/frame-000963.color.jpg -0.0923954 -0.00591357 0.875768 -0.47377 5.40297 0.1584 0.64214
data/frame-000964.color.jpg -0.0872659 2.94631e-05 0.876915 -0.472657 5.3838 0.123128 0.721267
data/frame-000965.color.jpg -0.0862951 0.000652047 0.877026 -0.472629 5.37618 0.119229 0.73189
data/frame-000966.color.jpg -0.0813233 0.00399649 0.879124 -0.469586 5.36568 0.107937 0.79616
data/frame-000967.color.jpg -0.0769643 0.00727807 0.880793 -0.467148 5.3366 0.0866705 0.852319
data/frame-000968.color.jpg -0.0799945 0.00734437 0.880654 -0.4669 5.32765 0.0716258 0.822035
data/frame-000969.color.jpg -0.0784617 0.00901836 0.881241 -0.466022 5.32406 0.0633449 0.847271
data/frame-000970.color.jpg -0.0777854 0.00895048 0.879815 -0.468823 5.31647 0.0707102 0.852013
data/frame-000971.color.jpg -0.0796366 0.00832697 0.87947 -0.46917 5.31365 0.0682143 0.829735
data/frame-000972.color.jpg -0.0776388 0.0087324 0.878309 -0.471667 5.3098 0.0761174 0.851856
data/frame-000973.color.jpg -0.0741813 0.010469 0.878267 -0.472265 5.2956 0.0794358 0.89278
data/frame-000974.color.jpg -0.0748935 0.0112204 0.876649 -0.475134 5.28997 0.0741075 0.886682
data/frame-000975.color.jpg -0.0728152 0.0130026 0.875297 -0.477895 5.27983 0.0705482 0.913187
data/frame-000976.color.jpg -0.0696669 0.0157361 0.874839 -0.47912 5.26797 0.0642911 0.957383
data/frame-000977.color.jpg -0.0699907 0.0162463 0.875407 -0.478017 5.26359 0.057824 0.957065
data/frame-000978.color.jpg -0.0695408 0.0174124 0.874889 -0.478988 5.25396 0.0490502 0.966
data/frame-000979.color.jpg -0.0644875 0.0216386 0.875711 -0.47802 5.22916 0.0301497 1.03289
data/frame-000980.color.jpg -0.0608479 0.0235256 0.875937 -0.477994 5.21851 0.0282074 1.07341
data/frame-000981.color.jpg -0.0580914 0.0254911 0.876636 -0.476953 5.20221 0.0197462 1.10677
data/frame-000982.color.jpg -0.0569739 0.0268563 0.875801 -0.478545 5.19634 0.0130046 1.12162
data/frame-000983.color.jpg -0.0529968 0.0297217 0.876158 -0.478179 5.18421 0.00451046 1.17234
data/frame-000984.color.jpg -0.0517874 0.0311526 0.880154 -0.470825 5.16388 -0.0164303 1.19103
data/frame-000985.color.jpg -0.0461323 0.0374966 0.884499 -0.462739 5.13211 -0.0767897 1.26795
data/frame-000986.color.jpg -0.0435684 0.0403428 0.886012 -0.459845 5.11848 -0.103534 1.30393
data/frame-000987.color.jpg -0.0408033 0.0434004 0.889807 -0.452433 5.09708 -0.143626 1.34049
data/frame-000988.color.jpg -0.0371996 0.0480022 0.894359 -0.443208 5.07313 -0.198972 1.38849
data/frame-000989.color.jpg -0.0356193 0.0489347 0.895423 -0.441082 5.06697 -0.207291 1.40545
data/frame-000990.color.jpg -0.0344827 0.0503454 0.897457 -0.436861 5.05541 -0.229681 1.41814
data/frame-000991.color.jpg -0.0326689 0.0546092 0.903055 -0.424785 5.02957 -0.300892 1.44466
data/frame-000992.color.jpg -0.0293283 0.0556115 0.906571 -0.417345 5.01646 -0.317457 1.47293
data/frame-000993.color.jpg -0.026537 0.0578185 0.909561 -0.410673 4.99969 -0.3535 1.50066
data/frame-000994.color.jpg -0.0276455 0.0610414 0.91218 -0.404273 4.99017 -0.410264 1.49617
data/frame-000995.color.jpg -0.0281638 0.0634798 0.913527 -0.400806 4.98352 -0.448272 1.49721
data/frame-000996.color.jpg -0.0296614 0.0659593 0.915796 -0.395079 4.97423 -0.499921 1.48552
data/frame-000997.color.jpg -0.0290906 0.0669981 0.918146 -0.389452 4.96893 -0.524621 1.49013
data/frame-000998.color.jpg -0.0293572 0.0685834 0.920907 -0.382576 4.96056 -0.563546 1.48593
data/frame-000999.color.jpg -0.0288305 0.0696599 0.921919 -0.379975 4.95676 -0.57913 1.49185
data/frame-001000.color.jpg -0.0274435 0.0714552 0.923545 -0.375774 4.94781 -0.605855 1.50618
data/frame-001001.color.jpg -0.0247829 0.074696 0.928251 -0.363534 4.92591 -0.67013 1.52608
data/frame-001002.color.jpg -0.022232 0.0764629 0.931229 -0.355628 4.91209 -0.708487 1.54324
data/frame-001003.color.jpg -0.0192069 0.0783932 0.935125 -0.345002 4.89554 -0.750723 1.56206
data/frame-001004.color.jpg -0.0187855 0.0799552 0.936238 -0.341631 4.88564 -0.780055 1.56293
data/frame-001005.color.jpg -0.0183682 0.0831461 0.93712 -0.338462 4.872 -0.827187 1.56698
data/frame-001006.color.jpg -0.0189553 0.0868778 0.936952 -0.337956 4.85781 -0.872291 1.56731
data/frame-001007.color.jpg -0.0175082 0.0925394 0.937784 -0.334202 4.83818 -0.932271 1.59068
data/frame-001008.color.jpg -0.0208065 0.0940408 0.937271 -0.335032 4.83275 -0.961961 1.55925
data/frame-001009.color.jpg -0.022885 0.099122 0.937345 -0.33322 4.82257 -1.02747 1.55006
data/frame-001010.color.jpg -0.0282439 0.0988057 0.938076 -0.330836 4.82518 -1.05623 1.48813
data/frame-001011.color.jpg -0.0276743 0.100454 0.936443 -0.334989 4.8171 -1.07609 1.48753
data/frame-001012.color.jpg -0.034033 0.105954 0.935602 -0.335058 4.80874 -1.14659 1.4385
data/frame-001013.color.jpg -0.0315707 0.112756 0.934476 -0.33622 4.78749 -1.20559 1.476
data/frame-001014.color.jpg -0.0299726 0.112851 0.933611 -0.338729 4.77943 -1.20179 1.48179
data/frame-001015.color.jpg -0.0257434 0.113686 0.932085 -0.342974 4.76481 -1.20501 1.50989
data/frame-001016.color.jpg -0.0210446 0.117815 0.927664 -0.353719 4.74705 -1.21271 1.56972
data/frame-001017.color.jpg -0.0131731 0.119583 0.91599 -0.382739 4.72822 -1.13543 1.67655
data/frame-001018.color.jpg -0.0104571 0.119953 0.913614 -0.388345 4.72005 -1.10981 1.70449
data/frame-001019.color.jpg -0.00014218 0.120079 0.901186 -0.416467 4.69722 -0.995472 1.82503
data/frame-001020.color.jpg 0.0129504 0.120249 0.894247 -0.430923 4.66283 -0.891958 1.94807
data/frame-001021.color.jpg 0.0268721 0.122609 0.888373 -0.441631 4.61447 -0.820789 2.08267
data/frame-001022.color.jpg 0.0409589 0.118538 0.886245 -0.445916 4.57589 -0.711396 2.1862
data/frame-001023.color.jpg 0.0653224 0.116267 0.880344 -0.455203 4.48828 -0.553371 2.38328
data/frame-001024.color.jpg 0.0724019 0.12005 0.878792 -0.456147 4.44238 -0.541296 2.46083
data/frame-001025.color.jpg 0.0807747 0.125151 0.876362 -0.458042 4.38115 -0.523482 2.54701
data/frame-001026.color.jpg 0.0857179 0.129105 0.873585 -0.461339 4.34827 -0.519318 2.60514
data/frame-001027.color.jpg 0.0916248 0.138892 0.870909 -0.462419 4.27488 -0.548505 2.68885
data/frame-001028.color.jpg 0.100785 0.145935 0.868312 -0.463228 4.19922 -0.550251 2.79177
data/frame-001029.color.jpg 0.106265 0.154196 0.865608 -0.464385 4.14053 -0.584481 2.86738
data/frame-001030.color.jpg 0.103399 0.159823 0.866273 -0.461883 4.11074 -0.644922 2.86981
data/frame-001031.color.jpg 0.104177 0.164218 0.865058 -0.462445 4.08246 -0.665596 2.88979
data/frame-001032.color.jpg 0.104967 0.167134 0.863208 -0.464671 4.06104 -0.666957 2.91098
data/frame-001033.color.jpg 0.106059 0.169624 0.859665 -0.470059 4.04651 -0.644706 2.93129
data/frame-001034.color.jpg 0.109452 0.170739 0.856308 -0.474979 4.02812 -0.596876 2.96367
data/frame-001035.color.jpg 0.111149 0.170925 0.854517 -0.477735 4.01274 -0.555923 2.98103
data/frame-001036.color.jpg 0.114303 0.171799 0.850284 -0.484188 3.9935 -0.500231 3.01226
data/frame-001037.color.jpg 0.112448 0.175281 0.845927 -0.490958 3.98017 -0.485765 3.01702
data/frame-001038.color.jpg 0.112769 0.178566 0.84171 -0.496912 3.96311 -0.461126 3.03574
data/frame-001039.color.jpg 0.114221 0.183168 0.83653 -0.503608 3.94237 -0.441489 3.06758
data/frame-001040.color.jpg 0.113883 0.185765 0.832479 -0.509411 3.93799 -0.416917 3.07672
data/frame-001041.color.jpg 0.110795 0.186001 0.82905 -0.515562 3.9509 -0.388386 3.05922
data/frame-001042.color.jpg 0.110341 0.186753 0.828382 -0.51646 3.95186 -0.388182 3.05978
data/frame-001043.color.jpg 0.107126 0.187354 0.827517 -0.518303 3.96628 -0.385933 3.04262
data/frame-001044.color.jpg 0.1041 0.187679 0.825472 -0.522049 3.97983 -0.377992 3.0252
data/frame-001045.color.jpg 0.103567 0.187418 0.825049 -0.522917 3.98409 -0.368604 3.02295
data/frame-001046.color.jpg 0.10394 0.186059 0.824716 -0.523853 3.98581 -0.345602 3.02165
data/frame-001047.color.jpg 0.104308 0.186178 0.824953 -0.523365 3.98321 -0.343371 3.02586
data/frame-001048.color.jpg 0.0992922 0.186622 0.825604 -0.523156 4.00567 -0.366932 2.9992
data/frame-001049.color.jpg 0.0920513 0.184794 0.826123 -0.524308 4.04706 -0.38454 2.94514
data/frame-001050.color.jpg 0.093079 0.182874 0.828072 -0.521719 4.05285 -0.371782 2.94514
data/frame-001051.color.jpg 0.0911288 0.181726 0.827234 -0.523788 4.07225 -0.362336 2.92796
data/frame-001052.color.jpg 0.0896046 0.180602 0.826146 -0.526153 4.08643 -0.348721 2.91471
