data/frame-000413.color.jpg -0.0895714 -0.358356 0.856555 -0.360377 -0.651247 1.11616 0.657973
data/frame-000017.color.jpg 0.297226 0.753743 -0.528241 0.253946 0.97545 1.55183 0.316446
data/frame-000028.color.jpg 0.353457 0.685518 -0.536464 0.342549 1.01272 1.63217 0.0768441
data/frame-000424.color.jpg -0.0696062 -0.289848 0.874249 -0.383186 -0.776784 1.24331 0.500736
data/frame-000162.color.jpg -0.177642 -0.53496 0.760035 -0.323431 0.958935 0.833871 0.892988
data/frame-000173.color.jpg -0.168508 -0.488574 0.787648 -0.335427 0.841429 0.758491 0.928033
data/frame-000435.color.jpg -0.165111 -0.434712 0.774955 -0.428029 -1.2458 1.14495 0.41749
data/frame-000743.color.jpg 0.42079 0.796415 0.388308 -0.19462 -0.903677 1.05293 0.437861
data/frame-000492.color.jpg 0.0160261 -0.103884 0.888767 -0.446144 -0.727431 1.60047 -0.000457175
data/frame-000637.color.jpg 0.479964 0.847804 0.184982 -0.129013 0.734594 0.869125 1.26306
data/frame-000648.color.jpg 0.519778 0.79678 0.24994 -0.180284 0.66781 1.18156 0.975504
data/frame-000241.color.jpg -0.216598 -0.442412 0.755447 -0.432037 0.205988 1.14485 0.740901
data/frame-000626.color.jpg 0.44124 0.876655 0.164949 -0.097852 0.735574 0.64759 1.33899
data/frame-000375.color.jpg -0.162311 -0.368035 0.744342 -0.533067 -0.354591 1.27331 0.0657042
data/frame-000386.color.jpg -0.107106 -0.298554 0.760686 -0.566349 -0.242403 1.29844 -0.048649
data/frame-000230.color.jpg -0.30776 -0.48309 0.676731 -0.462539 0.384439 1.25821 0.489082
data/frame-000124.color.jpg 0.416171 0.610358 -0.547133 0.393585 1.11631 1.5682 -0.170093
data/frame-000135.color.jpg -0.324908 -0.614322 0.622196 -0.360438 1.16466 1.43052 0.296359
data/frame-000705.color.jpg 0.467954 0.663371 0.471338 -0.344673 -0.399499 1.47805 0.409157
data/frame-000443.color.jpg -0.236104 -0.482582 0.711893 -0.452302 -1.33077 1.14443 0.492901
data/frame-000454.color.jpg -0.251762 -0.441141 0.699607 -0.502555 -1.3222 1.29706 0.301992
data/frame-000192.color.jpg -0.188794 -0.450751 0.77967 -0.391529 0.571459 0.86167 0.659811
data/frame-000203.color.jpg -0.254051 -0.508612 0.705014 -0.423943 0.380859 1.05753 0.558379
data/frame-000337.color.jpg 0.420573 0.658333 -0.505427 0.366414 -0.556289 1.11718 0.572194
data/frame-000348.color.jpg -0.317934 -0.571423 0.612857 -0.443621 -0.552275 1.17895 0.353949
data/frame-000086.color.jpg -0.280268 -0.587607 0.641777 -0.405327 1.12858 1.39265 0.203453
data/frame-000097.color.jpg 0.345425 0.610921 -0.600067 0.383897 1.11252 1.52837 0.126506
data/frame-000579.color.jpg 0.390677 0.707787 0.507454 -0.29816 1.34048 1.14505 0.60888
data/frame-000590.color.jpg 0.445968 0.7067 0.453974 -0.309185 1.30906 1.19482 0.608963
data/frame-000667.color.jpg 0.569291 0.74459 0.255752 -0.236823 0.566875 1.53561 0.366511
data/frame-000405.color.jpg -0.0922935 -0.318755 0.855372 -0.397764 -0.44299 1.2279 0.523932
data/frame-000009.color.jpg 0.260243 0.781625 -0.524166 0.215838 0.947641 1.49283 0.443516
data/frame-000416.color.jpg -0.0870176 -0.34966 0.860774 -0.359491 -0.693842 1.12141 0.656393
data/frame-000154.color.jpg -0.193836 -0.535522 0.759589 -0.314115 1.13298 0.837684 0.884149
data/frame-000165.color.jpg -0.181444 -0.520915 0.766548 -0.328831 0.912818 0.817222 0.892276
data/frame-000048.color.jpg 0.455543 0.680756 -0.483198 0.309145 0.710406 1.53335 -0.484333
data/frame-000792.color.jpg 0.696114 0.517196 0.297025 -0.399637 -0.930955 1.47704 -0.452638
data/frame-000803.color.jpg 0.721314 0.489295 0.25152 -0.420754 -0.872976 1.4886 -0.665428
data/frame-000541.color.jpg 0.248598 0.386441 0.788992 -0.407864 0.596392 1.79978 -0.170116
data/frame-000552.color.jpg 0.290099 0.503284 0.719951 -0.379762 0.938145 1.65103 0.0264006
data/frame-000290.color.jpg -0.113429 -0.390961 0.844712 -0.347484 -0.237069 0.576695 0.87701
data/frame-000378.color.jpg -0.134513 -0.325401 0.755239 -0.552842 -0.320913 1.29215 0.00181711
data/frame-000367.color.jpg -0.193435 -0.434631 0.724801 -0.498339 -0.395209 1.23587 0.177225
data/frame-000127.color.jpg 0.411183 0.625363 -0.544802 0.378207 1.10031 1.57259 -0.13701
data/frame-000116.color.jpg 0.402138 0.572495 -0.565958 0.43615 1.12294 1.57151 -0.136728
data/frame-000105.color.jpg -0.360669 -0.574612 0.593336 -0.433235 1.10098 1.56729 0.0260372
data/frame-000609.color.jpg 0.437285 0.818867 0.326774 -0.177363 0.888587 0.900698 1.04877
data/frame-000620.color.jpg 0.401862 0.884568 0.212631 -0.104088 0.769797 0.588704 1.28535
data/frame-000754.color.jpg 0.537759 0.705816 0.355654 -0.293513 -0.892853 1.3216 0.205408
data/frame-000765.color.jpg 0.573212 0.659792 0.357514 -0.329069 -0.899797 1.41391 0.119929
data/frame-000503.color.jpg 0.0621864 -0.0125071 0.889175 -0.453149 -0.551553 1.66232 -0.0621542
data/frame-000252.color.jpg -0.185493 -0.426664 0.791074 -0.39718 -0.0191386 1.1078 0.763765
data/frame-000184.color.jpg -0.141507 -0.439945 0.805853 -0.370168 0.643079 0.818731 0.879226
data/frame-000089.color.jpg -0.302298 -0.606969 0.622467 -0.390819 1.08508 1.44759 0.234562
data/frame-000067.color.jpg -0.328289 -0.568105 0.619636 -0.430737 1.26246 1.47333 -0.244228
data/frame-000078.color.jpg -0.261477 -0.540987 0.661819 -0.448284 1.28996 1.38271 0.078321
data/frame-000560.color.jpg 0.27611 0.531467 0.725987 -0.338006 0.895272 1.57367 0.220225
data/frame-000571.color.jpg 0.330117 0.688159 0.578907 -0.286926 1.29342 1.20113 0.587707
data/frame-000582.color.jpg 0.405232 0.705934 0.490761 -0.310801 1.3557 1.14866 0.578268
data/frame-000716.color.jpg 0.427729 0.701887 0.478776 -0.308506 -0.651161 1.28177 0.646927
data/frame-000309.color.jpg -0.213234 -0.484449 0.746228 -0.403714 -0.46436 0.915591 0.852437
data/frame-000320.color.jpg -0.250274 -0.544004 0.69295 -0.40155 -0.439699 1.0407 0.723647
data/frame-000465.color.jpg -0.139197 -0.359788 0.788437 -0.479106 -1.21741 1.37728 0.144795
data/frame-000214.color.jpg -0.289621 -0.495209 0.689728 -0.441773 0.402193 1.16526 0.503131
data/frame-000397.color.jpg -0.116233 -0.313358 0.826852 -0.452342 -0.214359 1.28332 0.315143
data/frame-000146.color.jpg -0.218536 -0.520679 0.749733 -0.345016 1.22829 0.952754 0.859008
data/frame-000639.color.jpg 0.49694 0.831092 0.204702 -0.142944 0.704171 0.982879 1.17705
data/frame-000795.color.jpg 0.704106 0.50901 0.28581 -0.404298 -0.922041 1.47948 -0.511031
data/frame-000773.color.jpg 0.60173 0.614847 0.360067 -0.360882 -0.893287 1.45782 0.0131633
data/frame-000784.color.jpg 0.6703 0.547621 0.322532 -0.383123 -0.943299 1.47523 -0.295677
data/frame-000544.color.jpg 0.264711 0.422083 0.76878 -0.400939 0.707834 1.77109 -0.132424
data/frame-000522.color.jpg 0.172987 0.188042 0.856497 -0.448474 0.0125157 1.80758 -0.249064
data/frame-000533.color.jpg 0.198188 0.231848 0.845053 -0.439152 0.0714038 1.82562 -0.271612
data/frame-000678.color.jpg 0.570494 0.702467 0.319954 -0.280548 0.300326 1.60674 0.111241
data/frame-000293.color.jpg -0.109473 -0.374294 0.841345 -0.374244 -0.265043 0.656572 0.844114
data/frame-000271.color.jpg -0.140719 -0.467217 0.795143 -0.360076 -0.298012 0.766541 0.898744
data/frame-000282.color.jpg -0.150941 -0.423332 0.810052 -0.376594 -0.25741 0.6802 0.859742
data/frame-000427.color.jpg -0.0560063 -0.284131 0.866143 -0.407344 -0.880863 1.28141 0.335245
data/frame-000020.color.jpg 0.315732 0.736653 -0.530614 0.275872 0.98937 1.58018 0.249711
data/frame-000031.color.jpg 0.36844 0.673552 -0.534298 0.353703 1.00531 1.63817 -0.00674253
data/frame-000108.color.jpg -0.364721 -0.558925 0.591908 -0.451914 1.09905 1.57028 -0.00637553
data/frame-000601.color.jpg 0.450744 0.770042 0.390696 -0.226321 1.07286 1.07167 0.891168
data/frame-000735.color.jpg 0.404009 0.760701 0.454046 -0.227933 -0.902275 0.98929 0.584148
data/frame-000350.color.jpg -0.285879 -0.557798 0.635137 -0.451371 -0.531946 1.17063 0.336841
data/frame-000746.color.jpg 0.466221 0.783152 0.36019 -0.198933 -0.910482 1.12724 0.304507
data/frame-000757.color.jpg 0.549143 0.695017 0.355053 -0.298883 -0.897805 1.34305 0.177902
data/frame-000484.color.jpg -0.0123779 -0.164816 0.879752 -0.445779 -0.801712 1.59883 -0.00839489
data/frame-000495.color.jpg 0.0308325 -0.0847679 0.890002 -0.446945 -0.708208 1.59165 -0.00332241
data/frame-000506.color.jpg 0.0815164 0.0467573 0.885726 -0.454596 -0.358781 1.7243 -0.119486
data/frame-000640.color.jpg 0.498761 0.829697 0.205282 -0.143869 0.7009 0.992226 1.1689
data/frame-000233.color.jpg -0.28921 -0.481974 0.6889 -0.457685 0.347675 1.24101 0.546973
data/frame-000244.color.jpg -0.218439 -0.428885 0.766142 -0.425874 0.160025 1.1615 0.707095
data/frame-000563.color.jpg 0.292007 0.554537 0.716953 -0.305285 0.892936 1.53996 0.33946
data/frame-000697.color.jpg 0.502019 0.658584 0.420068 -0.371196 -0.0971772 1.5597 0.18427
data/frame-000301.color.jpg -0.166585 -0.454893 0.79057 -0.374594 -0.359799 0.769229 0.887942
data/frame-000312.color.jpg -0.217319 -0.494589 0.737838 -0.404661 -0.487647 0.947252 0.848018
data/frame-000708.color.jpg 0.464109 0.671061 0.472674 -0.332955 -0.499909 1.43284 0.47506
data/frame-000446.color.jpg -0.250472 -0.48312 0.702192 -0.459113 -1.33434 1.1701 0.496009
data/frame-000050.color.jpg 0.448161 0.684644 -0.486062 0.30685 0.703237 1.53869 -0.461235
data/frame-000061.color.jpg 0.380361 0.640972 -0.564378 0.354906 0.968646 1.56247 -0.34649
data/frame-000457.color.jpg -0.225916 -0.425611 0.716078 -0.505025 -1.31654 1.30131 0.248858
data/frame-000195.color.jpg -0.218678 -0.49798 0.748291 -0.379812 0.508134 0.893183 0.624
data/frame-000206.color.jpg -0.265309 -0.503811 0.701618 -0.428389 0.385954 1.09037 0.54566
data/frame-000591.color.jpg 0.445552 0.710889 0.450617 -0.305065 1.30233 1.1853 0.628559
data/frame-000776.color.jpg 0.612785 0.593607 0.356213 -0.3811 -0.881949 1.48025 -0.0431522
data/frame-000514.color.jpg 0.128202 0.119586 0.869646 -0.461497 -0.154581 1.77819 -0.227673
data/frame-000525.color.jpg 0.183289 0.192108 0.854872 -0.445751 0.00627735 1.8109 -0.266889
data/frame-000659.color.jpg 0.540886 0.784801 0.216101 -0.21173 0.775277 1.38006 0.656378
data/frame-000263.color.jpg -0.170065 -0.493283 0.771265 -0.364555 -0.260018 0.849599 0.934925
data/frame-000274.color.jpg -0.150905 -0.437676 0.799589 -0.382523 -0.289714 0.780107 0.843427
data/frame-000670.color.jpg 0.576952 0.724038 0.271819 -0.262697 0.505053 1.56613 0.250383
data/frame-000408.color.jpg -0.0879055 -0.335457 0.858049 -0.378806 -0.522892 1.18368 0.586666
data/frame-000012.color.jpg 0.272469 0.773696 -0.523142 0.231253 0.94919 1.52352 0.397302
data/frame-000023.color.jpg 0.333431 0.717683 -0.531657 0.301822 0.99475 1.60833 0.176843
data/frame-000419.color.jpg -0.0766351 -0.320495 0.866404 -0.375172 -0.741062 1.17837 0.579781
data/frame-000157.color.jpg -0.188449 -0.543804 0.755142 -0.313887 1.06522 0.849209 0.879069
data/frame-000168.color.jpg -0.178824 -0.511795 0.773811 -0.327575 0.893809 0.789598 0.905489
data/frame-000302.color.jpg -0.172949 -0.462705 0.784685 -0.374517 -0.372058 0.779065 0.891316
data/frame-000051.color.jpg 0.436695 0.688621 -0.49268 0.303915 0.69953 1.5417 -0.424012
data/frame-000727.color.jpg 0.425094 0.754018 0.415435 -0.279582 -0.641486 1.22233 0.520761
data/frame-000738.color.jpg 0.396228 0.771835 0.449232 -0.213223 -0.920023 0.958264 0.58258
data/frame-000476.color.jpg -0.0526937 -0.221875 0.855048 -0.465712 -0.909297 1.5644 -0.0327873
data/frame-000487.color.jpg 0.000930093 -0.147738 0.886363 -0.438785 -0.794833 1.59584 0.00505628
data/frame-000621.color.jpg 0.403336 0.886983 0.201651 -0.0995875 0.757085 0.57508 1.30193
data/frame-000225.color.jpg -0.321001 -0.474375 0.673671 -0.467005 0.406251 1.26101 0.434832
data/frame-000236.color.jpg -0.258618 -0.476028 0.71011 -0.44973 0.282526 1.20966 0.628567
data/frame-000632.color.jpg 0.4622 0.864341 0.161796 -0.11449 0.758915 0.740035 1.33896
data/frame-000370.color.jpg -0.18522 -0.415847 0.731354 -0.507824 -0.384544 1.24736 0.146309
data/frame-000381.color.jpg -0.114264 -0.308039 0.759848 -0.56097 -0.293693 1.30193 -0.0268498
data/frame-000119.color.jpg 0.404519 0.584526 -0.56133 0.423797 1.12159 1.57361 -0.14188
data/frame-000689.color.jpg 0.536656 0.660677 0.40302 -0.336274 -0.0210734 1.5813 0.132705
data/frame-000438.color.jpg -0.187078 -0.46193 0.756325 -0.423787 -1.29421 1.11098 0.488281
data/frame-000042.color.jpg 0.453698 0.667513 -0.480869 0.342564 0.766055 1.577 -0.474031
data/frame-000449.color.jpg -0.253368 -0.472295 0.699195 -0.473148 -1.34498 1.2103 0.444938
data/frame-000176.color.jpg -0.157405 -0.478511 0.792134 -0.344636 0.781937 0.764931 0.933613
data/frame-000187.color.jpg -0.157951 -0.436358 0.798838 -0.382754 0.615082 0.852456 0.774595
data/frame-000198.color.jpg -0.242389 -0.520661 0.71439 -0.399757 0.435913 0.983346 0.573511
data/frame-000321.color.jpg -0.262676 -0.545387 0.686323 -0.403132 -0.419774 1.06851 0.690633
data/frame-000332.color.jpg 0.389642 0.632661 -0.550394 0.38077 -0.511346 1.1402 0.548276
data/frame-000081.color.jpg -0.268596 -0.54946 0.66341 -0.43109 1.26595 1.36375 0.11679
data/frame-000574.color.jpg 0.349732 0.711666 0.543797 -0.274778 1.31516 1.12762 0.665534
data/frame-000255.color.jpg -0.195768 -0.46589 0.773021 -0.383483 -0.0966359 1.03016 0.832744
data/frame-000389.color.jpg -0.105398 -0.305895 0.774994 -0.542866 -0.227608 1.28859 0.0256368
data/frame-000004.color.jpg 0.264678 0.788277 -0.51081 0.218261 0.924677 1.52694 0.420719
data/frame-000400.color.jpg -0.103929 -0.309925 0.840842 -0.431428 -0.325699 1.2724 0.411105
data/frame-000138.color.jpg -0.296408 -0.591107 0.660122 -0.356335 1.21591 1.31822 0.46038
data/frame-000149.color.jpg -0.195989 -0.518634 0.761005 -0.336867 1.1934 0.891875 0.921475
data/frame-000160.color.jpg -0.181715 -0.539683 0.757203 -0.319947 1.00346 0.843041 0.887173
data/frame-000032.color.jpg 0.374668 0.671592 -0.531104 0.355692 0.997507 1.63627 -0.0438949
data/frame-000043.color.jpg 0.456589 0.670436 -0.47787 0.337168 0.746341 1.56793 -0.486407
data/frame-000787.color.jpg 0.679989 0.539556 0.315148 -0.383635 -0.949355 1.46877 -0.344952
data/frame-000536.color.jpg 0.220071 0.319895 0.822571 -0.415467 0.357199 1.83103 -0.20027
data/frame-000285.color.jpg -0.128774 -0.420898 0.825207 -0.353972 -0.247061 0.599792 0.882761
data/frame-000468.color.jpg -0.11445 -0.325709 0.807853 -0.47769 -1.14974 1.43028 0.0791287
data/frame-000217.color.jpg -0.294928 -0.49018 0.690457 -0.44273 0.392231 1.18474 0.505582
data/frame-000362.color.jpg -0.22811 -0.485456 0.700917 -0.470121 -0.397212 1.205 0.252604
data/frame-000100.color.jpg 0.361346 0.597537 -0.590908 0.403989 1.10756 1.55941 0.0482428
data/frame-000111.color.jpg -0.372751 -0.554085 0.588151 -0.456207 1.106 1.56647 -0.0380181
data/frame-000593.color.jpg 0.445612 0.731025 0.435136 -0.278728 1.25138 1.14274 0.731387
data/frame-000604.color.jpg 0.445229 0.793947 0.361578 -0.201694 0.981674 0.996798 0.972345
data/frame-000615.color.jpg 0.401169 0.859482 0.284661 -0.139003 0.833831 0.704942 1.16986
data/frame-000749.color.jpg 0.5091 0.750844 0.351134 -0.231853 -0.921812 1.20597 0.216777
data/frame-000498.color.jpg 0.0399044 -0.0656605 0.888671 -0.452063 -0.674871 1.6057 -0.0217264
data/frame-000430.color.jpg -0.078008 -0.331242 0.844094 -0.414366 -1.03194 1.25558 0.293986
data/frame-000179.color.jpg -0.14563 -0.478047 0.789211 -0.356944 0.707357 0.802185 0.926464
data/frame-000062.color.jpg 0.373811 0.624415 -0.579594 0.366664 1.0646 1.5496 -0.348916
data/frame-000073.color.jpg -0.28237 -0.558891 0.62314 -0.468619 1.24636 1.47629 -0.129455
data/frame-000806.color.jpg 0.723164 0.489402 0.249729 -0.418516 -0.874848 1.48557 -0.67314
data/frame-000555.color.jpg 0.285176 0.519106 0.720404 -0.360863 0.935244 1.61972 0.119139
data/frame-000566.color.jpg 0.298577 0.610808 0.665553 -0.307904 1.09332 1.41283 0.397158
data/frame-000577.color.jpg 0.369265 0.709155 0.529939 -0.282679 1.31913 1.13475 0.642853
data/frame-000700.color.jpg 0.49666 0.645193 0.450216 -0.366552 -0.233251 1.55001 0.221933
data/frame-000304.color.jpg -0.19368 -0.478205 0.763929 -0.387583 -0.419911 0.836484 0.8777
data/frame-000315.color.jpg -0.22034 -0.499726 0.735174 -0.40155 -0.474137 0.963806 0.837009
data/frame-000711.color.jpg 0.449684 0.682426 0.474131 -0.327535 -0.565565 1.37724 0.555642
data/frame-000130.color.jpg 0.385054 0.639147 -0.559069 0.361477 1.09054 1.55435 0.000347963
data/frame-000634.color.jpg 0.469793 0.856669 0.173366 -0.123921 0.756262 0.797978 1.30902
data/frame-000768.color.jpg 0.577657 0.648592 0.35904 -0.34166 -0.890845 1.43534 0.105565
data/frame-000779.color.jpg 0.642059 0.568108 0.340498 -0.3861 -0.910298 1.48474 -0.169994
data/frame-000517.color.jpg 0.154004 0.162039 0.859749 -0.459193 -0.0392409 1.79939 -0.255312
data/frame-000528.color.jpg 0.199691 0.199768 0.853063 -0.438748 -0.0129425 1.81803 -0.267515
data/frame-000662.color.jpg 0.554205 0.771378 0.223404 -0.218913 0.72292 1.44223 0.554902
data/frame-000266.color.jpg -0.15965 -0.491251 0.780564 -0.352 -0.27162 0.797618 0.952238
data/frame-000277.color.jpg -0.152615 -0.428183 0.804411 -0.382481 -0.291952 0.746242 0.841736
data/frame-000673.color.jpg 0.574311 0.722571 0.276665 -0.267422 0.463468 1.57551 0.227583
data/frame-000411.color.jpg -0.0896279 -0.349119 0.856068 -0.370446 -0.601639 1.14873 0.62319
data/frame-000015.color.jpg 0.288518 0.762098 -0.525907 0.243692 0.967181 1.54076 0.345364
data/frame-000092.color.jpg 0.31613 0.616036 -0.611112 0.38354 1.07942 1.49675 0.222031
data/frame-000596.color.jpg 0.448883 0.753832 0.408918 -0.251052 1.18197 1.09664 0.830143
data/frame-000585.color.jpg 0.419898 0.702565 0.482986 -0.311148 1.33937 1.19792 0.57488
data/frame-000741.color.jpg 0.402203 0.789127 0.420338 -0.197047 -0.918557 0.995312 0.521537
data/frame-000334.color.jpg 0.406265 0.642517 -0.531581 0.373553 -0.516842 1.13629 0.55406
data/frame-000345.color.jpg 0.361793 0.604351 -0.574073 0.417499 -0.577352 1.16278 0.427153
data/frame-000730.color.jpg 0.418624 0.752509 0.442689 -0.250023 -0.790822 1.098 0.549528
data/frame-000479.color.jpg -0.032322 -0.191452 0.866991 -0.458942 -0.848143 1.5881 -0.0348337
data/frame-000490.color.jpg 0.0130358 -0.123545 0.88589 -0.446952 -0.768624 1.59688 -0.0132
data/frame-000624.color.jpg 0.427519 0.882356 0.171496 -0.0962534 0.737404 0.61066 1.33387
data/frame-000228.color.jpg -0.314293 -0.479524 0.673661 -0.466324 0.395247 1.25738 0.46661
data/frame-000239.color.jpg -0.232839 -0.458043 0.736955 -0.43918 0.236264 1.17027 0.703507
data/frame-000373.color.jpg -0.166701 -0.381979 0.741786 -0.525411 -0.365417 1.26489 0.0907299
data/frame-000122.color.jpg 0.416359 0.599555 -0.550448 0.405199 1.12269 1.56974 -0.17842
data/frame-000798.color.jpg 0.710627 0.501949 0.274739 -0.409359 -0.909956 1.48247 -0.564832
data/frame-000547.color.jpg 0.282084 0.455895 0.747612 -0.392001 0.803004 1.73481 -0.076469
data/frame-000558.color.jpg 0.278497 0.527934 0.722218 -0.349466 0.91492 1.59016 0.175381
data/frame-000681.color.jpg 0.566432 0.692799 0.334998 -0.294891 0.243363 1.61513 0.0797526
data/frame-000296.color.jpg -0.120294 -0.377278 0.835575 -0.380795 -0.285605 0.713313 0.846218
data/frame-000307.color.jpg -0.202585 -0.485895 0.75196 -0.396765 -0.458706 0.87547 0.866963
data/frame-000692.color.jpg 0.52053 0.654577 0.416267 -0.356791 -0.0624009 1.56834 0.166233
data/frame-000441.color.jpg -0.221581 -0.475597 0.731482 -0.435481 -1.30682 1.13696 0.513478
data/frame-000034.color.jpg 0.390335 0.675803 -0.519321 0.348186 0.943235 1.6455 -0.134832
data/frame-000045.color.jpg 0.458186 0.674722 -0.475057 0.330359 0.720408 1.55959 -0.497637
data/frame-000056.color.jpg 0.420301 0.685327 -0.504196 0.315373 0.702361 1.56463 -0.398943
data/frame-000190.color.jpg -0.161686 -0.44862 0.787035 -0.391375 0.563222 0.864389 0.71125
data/frame-000586.color.jpg 0.422667 0.702548 0.479902 -0.312207 1.34396 1.20196 0.573829
data/frame-000452.color.jpg -0.2495 -0.453959 0.701395 -0.489608 -1.33966 1.26236 0.362804
data/frame-000335.color.jpg 0.416005 0.651385 -0.516384 0.368761 -0.52917 1.12613 0.563209
data/frame-000760.color.jpg 0.561379 0.683926 0.352959 -0.30417 -0.906032 1.37395 0.144959
data/frame-000509.color.jpg 0.0908912 0.0597706 0.883322 -0.45597 -0.32205 1.73451 -0.142238
data/frame-000520.color.jpg 0.167478 0.183095 0.856508 -0.452571 0.00684245 1.80597 -0.250859
data/frame-000654.color.jpg 0.522085 0.794585 0.230668 -0.20701 0.777653 1.28241 0.811302
data/frame-000643.color.jpg 0.512845 0.8128 0.219814 -0.167417 0.701789 1.06966 1.07437
data/frame-000247.color.jpg -0.19206 -0.433797 0.782816 -0.402656 0.059931 1.13071 0.735819
data/frame-000258.color.jpg -0.204174 -0.489786 0.756733 -0.381808 -0.152966 0.980306 0.869254
data/frame-000269.color.jpg -0.14305 -0.483045 0.788471 -0.352871 -0.301427 0.766301 0.929226
data/frame-000392.color.jpg -0.112067 -0.302932 0.79672 -0.510795 -0.188848 1.29639 0.127221
data/frame-000007.color.jpg 0.260142 0.784098 -0.519713 0.217749 0.936081 1.50494 0.443499
data/frame-000018.color.jpg 0.304747 0.74675 -0.530001 0.261901 0.983876 1.55982 0.291279
data/frame-000141.color.jpg -0.269454 -0.569125 0.689504 -0.357877 1.21956 1.21182 0.607798
data/frame-000152.color.jpg -0.186693 -0.520025 0.76859 -0.322473 1.1755 0.833059 0.93636
data/frame-000403.color.jpg -0.0910195 -0.310846 0.853535 -0.408127 -0.406105 1.24817 0.489247
data/frame-000790.color.jpg 0.688805 0.528733 0.305039 -0.391076 -0.939974 1.47737 -0.406504
data/frame-000722.color.jpg 0.418349 0.747243 0.434567 -0.278863 -0.636268 1.26165 0.602523
data/frame-000326.color.jpg -0.294863 -0.552815 0.660232 -0.414181 -0.418489 1.14445 0.554225
data/frame-000460.color.jpg -0.201429 -0.409872 0.737236 -0.497909 -1.2973 1.31418 0.223289
data/frame-000075.color.jpg -0.279601 -0.548554 0.634246 -0.467595 1.27419 1.44541 -0.0872837
data/frame-000471.color.jpg -0.0859239 -0.288465 0.825507 -0.477434 -1.07258 1.47888 0.00661623
data/frame-000616.color.jpg 0.396901 0.867197 0.268558 -0.135333 0.838177 0.666833 1.19033
data/frame-000209.color.jpg -0.274747 -0.501077 0.694213 -0.437612 0.387479 1.12339 0.522009
data/frame-000220.color.jpg -0.293969 -0.488655 0.688173 -0.448573 0.370675 1.20503 0.502298
data/frame-000354.color.jpg -0.244546 -0.532869 0.667773 -0.458615 -0.481052 1.16725 0.313002
data/frame-000365.color.jpg -0.20792 -0.455032 0.715712 -0.48731 -0.398686 1.22425 0.207396
data/frame-000103.color.jpg -0.361344 -0.583949 0.591074 -0.423161 1.09966 1.56791 0.0312101
data/frame-000114.color.jpg -0.39217 -0.558035 0.575432 -0.451307 1.12309 1.56718 -0.107249
data/frame-000664.color.jpg 0.565186 0.757164 0.23911 -0.223816 0.643533 1.50079 0.460833
data/frame-000539.color.jpg 0.236424 0.363361 0.802414 -0.410127 0.517492 1.81219 -0.178365
data/frame-000684.color.jpg 0.562568 0.680214 0.359599 -0.302515 0.129311 1.61505 0.0735121
data/frame-000288.color.jpg -0.114592 -0.395586 0.843795 -0.344079 -0.235934 0.564888 0.881449
data/frame-000422.color.jpg -0.0788074 -0.293697 0.871883 -0.383863 -0.753254 1.24255 0.517996
data/frame-000037.color.jpg 0.402571 0.674647 -0.511726 0.347742 0.889182 1.64332 -0.218576
data/frame-000433.color.jpg -0.110101 -0.370599 0.821556 -0.419022 -1.11748 1.22754 0.32548
data/frame-000171.color.jpg -0.173686 -0.498147 0.782788 -0.330041 0.868252 0.762782 0.920338
data/frame-000182.color.jpg -0.137699 -0.455958 0.801258 -0.362115 0.666204 0.800765 0.919642
data/frame-000316.color.jpg -0.22625 -0.504363 0.730409 -0.401164 -0.461006 0.974395 0.826438
data/frame-000327.color.jpg -0.305492 -0.56034 0.648736 -0.414531 -0.432201 1.15475 0.53341
data/frame-000065.color.jpg -0.359861 -0.591235 0.60016 -0.400936 1.19752 1.5001 -0.340043
data/frame-000076.color.jpg -0.278312 -0.544326 0.640289 -0.46506 1.28635 1.42669 -0.061343
data/frame-000569.color.jpg 0.318383 0.655421 0.615269 -0.300833 1.22589 1.30349 0.487416
data/frame-000646.color.jpg 0.52148 0.796045 0.246631 -0.183149 0.680875 1.16506 0.983207
data/frame-000250.color.jpg -0.183962 -0.422728 0.791303 -0.40162 0.00718728 1.12482 0.739047
data/frame-000384.color.jpg -0.111445 -0.297549 0.7602 -0.566692 -0.25081 1.30404 -0.0501643
data/frame-000395.color.jpg -0.112087 -0.310751 0.823439 -0.461322 -0.202518 1.28013 0.285042
data/frame-000133.color.jpg 0.341044 0.621416 -0.60633 0.360409 1.14765 1.46312 0.220582
data/frame-000144.color.jpg -0.237505 -0.528589 0.733736 -0.354705 1.23873 1.02905 0.784711
data/frame-000027.color.jpg 0.349309 0.692828 -0.534556 0.334996 1.00129 1.63235 0.0979684
data/frame-000771.color.jpg 0.589977 0.629276 0.358928 -0.356525 -0.880942 1.45793 0.057295
data/frame-000782.color.jpg 0.655837 0.558719 0.331085 -0.384829 -0.924017 1.48362 -0.231452
data/frame-000201.color.jpg -0.24712 -0.51449 0.707895 -0.416072 0.382008 1.03094 0.570844
data/frame-000357.color.jpg -0.243103 -0.513216 0.682162 -0.460615 -0.419004 1.18407 0.288945
data/frame-000084.color.jpg -0.266806 -0.572147 0.656667 -0.412615 1.17909 1.37222 0.199004
data/frame-000095.color.jpg 0.33076 0.616581 -0.603191 0.382865 1.08968 1.52325 0.173562
data/frame-000106.color.jpg -0.362636 -0.57149 0.592561 -0.436768 1.10009 1.56808 0.0141081
data/frame-000588.color.jpg 0.443944 0.697989 0.462824 -0.318621 1.33169 1.22143 0.561047
data/frame-000599.color.jpg 0.451487 0.76328 0.396449 -0.23747 1.12309 1.08285 0.863943
data/frame-000733.color.jpg 0.41404 0.754969 0.44779 -0.240991 -0.858179 1.04184 0.56074
data/frame-000744.color.jpg 0.43229 0.794559 0.379251 -0.194859 -0.902403 1.07607 0.402604
data/frame-000482.color.jpg -0.0194247 -0.168162 0.877318 -0.449062 -0.798936 1.60387 -0.0156339
data/frame-000231.color.jpg -0.298778 -0.482848 0.683497 -0.458717 0.369128 1.24938 0.521911
data/frame-000414.color.jpg -0.0897364 -0.354679 0.859352 -0.357302 -0.674225 1.11511 0.666729
data/frame-000163.color.jpg -0.17948 -0.530673 0.761646 -0.325681 0.945464 0.829735 0.889663
data/frame-000656.color.jpg 0.524364 0.793755 0.225746 -0.209844 0.794446 1.31945 0.746291
data/frame-000068.color.jpg -0.318016 -0.559077 0.625081 -0.442235 1.28162 1.45996 -0.21188
data/frame-000057.color.jpg 0.411101 0.678182 -0.512897 0.328636 0.730379 1.57089 -0.389913
data/frame-000801.color.jpg 0.719865 0.490971 0.256774 -0.418102 -0.884921 1.48687 -0.64775
data/frame-000550.color.jpg 0.291773 0.484251 0.72986 -0.384284 0.883972 1.69053 -0.016365
data/frame-000561.color.jpg 0.276575 0.532211 0.726105 -0.336198 0.892692 1.57119 0.226173
data/frame-000695.color.jpg 0.506055 0.661581 0.415319 -0.36569 -0.0791851 1.56092 0.186401
data/frame-000299.color.jpg -0.139084 -0.406858 0.819445 -0.378988 -0.318667 0.744176 0.858657
data/frame-000310.color.jpg -0.217019 -0.484717 0.744482 -0.404596 -0.469812 0.932684 0.850319
data/frame-000444.color.jpg -0.240576 -0.484394 0.706444 -0.456533 -1.33726 1.14342 0.489489
data/frame-000193.color.jpg -0.206674 -0.45774 0.772674 -0.388245 0.572167 0.866091 0.635122
data/frame-000125.color.jpg 0.415029 0.614159 -0.546327 0.389982 1.11282 1.57067 -0.163047
data/frame-000629.color.jpg 0.447708 0.872733 0.160903 -0.109569 0.761273 0.680544 1.35025
data/frame-000618.color.jpg 0.396452 0.879414 0.237805 -0.113603 0.797444 0.612035 1.25143
data/frame-000763.color.jpg 0.56668 0.669978 0.358218 -0.318878 -0.905389 1.39681 0.142409
data/frame-000774.color.jpg 0.606757 0.606489 0.359729 -0.366896 -0.89205 1.46236 -0.00813798
data/frame-000752.color.jpg 0.52884 0.721019 0.353264 -0.275071 -0.8949 1.27541 0.202383
data/frame-000501.color.jpg 0.0607951 -0.0270036 0.890301 -0.450488 -0.592582 1.64027 -0.0481474
data/frame-000512.color.jpg 0.121338 0.106538 0.873091 -0.460042 -0.193242 1.76974 -0.210115
data/frame-000523.color.jpg 0.182129 0.189007 0.857849 -0.441814 -0.0023703 1.81102 -0.247722
data/frame-000657.color.jpg 0.526948 0.792261 0.224754 -0.210081 0.790301 1.33515 0.72415
data/frame-000261.color.jpg -0.178396 -0.494539 0.766786 -0.368302 -0.244455 0.871036 0.927336
data/frame-000406.color.jpg -0.0895144 -0.323878 0.856566 -0.391643 -0.463856 1.21573 0.543218
data/frame-000010.color.jpg 0.263728 0.779518 -0.523848 0.219958 0.948439 1.50144 0.429807
data/frame-000087.color.jpg -0.294427 -0.595135 0.6337 -0.396927 1.11252 1.40118 0.213829
data/frame-000580.color.jpg 0.392649 0.707588 0.506051 -0.298426 1.34024 1.14667 0.608556
data/frame-000714.color.jpg 0.438782 0.687675 0.480091 -0.322623 -0.611397 1.32705 0.609573
data/frame-000318.color.jpg -0.227409 -0.523519 0.718391 -0.397652 -0.465906 0.972754 0.811511
data/frame-000329.color.jpg -0.344885 -0.599597 0.60177 -0.399263 -0.477281 1.14712 0.539023
data/frame-000340.color.jpg 0.409812 0.646707 -0.518153 0.381236 -0.582359 1.1263 0.53645
data/frame-000463.color.jpg -0.161773 -0.380031 0.771926 -0.483255 -1.24869 1.35325 0.184404
data/frame-000474.color.jpg -0.0686646 -0.246808 0.841704 -0.475296 -0.967772 1.53703 -0.0395688
data/frame-000725.color.jpg 0.416172 0.764544 0.414716 -0.26511 -0.620512 1.24574 0.573261
data/frame-000619.color.jpg 0.399574 0.882107 0.22427 -0.109227 0.784361 0.599843 1.26852
data/frame-000212.color.jpg -0.282209 -0.50146 0.691291 -0.437051 0.393999 1.15388 0.520503
data/frame-000223.color.jpg -0.315834 -0.474966 0.67821 -0.463344 0.403116 1.25335 0.448558
data/frame-000793.color.jpg 0.696604 0.516147 0.296316 -0.400665 -0.930089 1.4773 -0.456918
data/frame-000531.color.jpg 0.202137 0.217479 0.848015 -0.438992 0.0237742 1.82324 -0.27579
data/frame-000542.color.jpg 0.250286 0.389921 0.787323 -0.406744 0.607479 1.79826 -0.16503
data/frame-000676.color.jpg 0.5833 0.704741 0.294268 -0.2766 0.377929 1.60103 0.122193
data/frame-000280.color.jpg -0.155165 -0.42952 0.801977 -0.385058 -0.291969 0.726812 0.846679
data/frame-000291.color.jpg -0.112438 -0.378371 0.842624 -0.366304 -0.249866 0.633375 0.853387
data/frame-000687.color.jpg 0.547144 0.672101 0.380668 -0.322499 0.0569351 1.6005 0.103921
data/frame-000425.color.jpg -0.0605905 -0.274958 0.869573 -0.405671 -0.823042 1.28584 0.370252
data/frame-000029.color.jpg 0.355562 0.682214 -0.536001 0.347653 1.0068 1.63483 0.0613477
data/frame-000040.color.jpg 0.434734 0.66607 -0.495363 0.349244 0.817579 1.60424 -0.385509
data/frame-000436.color.jpg -0.169006 -0.439013 0.772225 -0.427052 -1.25299 1.13892 0.429959
data/frame-000174.color.jpg -0.167375 -0.484986 0.789417 -0.337039 0.834 0.756931 0.929624
data/frame-000185.color.jpg -0.14344 -0.437478 0.806294 -0.371387 0.62943 0.82384 0.852039
data/frame-000610.color.jpg 0.432306 0.823978 0.321545 -0.175443 0.878019 0.874171 1.05951
data/frame-000755.color.jpg 0.541451 0.701583 0.356841 -0.295426 -0.896252 1.32774 0.200131
data/frame-000359.color.jpg -0.241308 -0.505017 0.687398 -0.462831 -0.401573 1.18945 0.276347
data/frame-000493.color.jpg 0.0194102 -0.0959863 0.889597 -0.446124 -0.715142 1.59707 0.00124139
data/frame-000504.color.jpg 0.062874 -0.00822435 0.888732 -0.45402 -0.537788 1.6666 -0.0690909
data/frame-000638.color.jpg 0.490493 0.836895 0.199796 -0.13822 0.713946 0.946245 1.20776
data/frame-000242.color.jpg -0.211965 -0.431743 0.763088 -0.431701 0.18564 1.14783 0.738793
data/frame-000253.color.jpg -0.188942 -0.436901 0.784704 -0.397063 -0.0458603 1.09106 0.775825
data/frame-000649.color.jpg 0.51301 0.800773 0.247521 -0.185245 0.692114 1.18191 0.957379
data/frame-000387.color.jpg -0.107515 -0.300835 0.76611 -0.557687 -0.228013 1.29087 -0.0212827
data/frame-000002.color.jpg 0.270149 0.791331 -0.503245 0.218083 0.909419 1.54533 0.395619
data/frame-000398.color.jpg -0.113405 -0.3024 0.832654 -0.449867 -0.229893 1.28732 0.335602
data/frame-000136.color.jpg -0.316937 -0.603209 0.637658 -0.35928 1.1964 1.38637 0.349629
data/frame-000147.color.jpg -0.213243 -0.519751 0.752519 -0.343658 1.21974 0.938045 0.874497
data/frame-000706.color.jpg 0.467079 0.663236 0.473181 -0.343592 -0.412313 1.4725 0.419739
data/frame-000717.color.jpg 0.427773 0.704155 0.477319 -0.305523 -0.657536 1.27965 0.646379
data/frame-000455.color.jpg -0.247943 -0.436529 0.701955 -0.505198 -1.32079 1.30187 0.282838
data/frame-000070.color.jpg -0.30265 -0.552095 0.628401 -0.456844 1.29347 1.4473 -0.172528
data/frame-000059.color.jpg 0.390923 0.664375 -0.535997 0.344227 0.8183 1.58207 -0.355274
data/frame-000466.color.jpg -0.12886 -0.345308 0.797114 -0.478296 -1.19106 1.39952 0.116907
data/frame-000204.color.jpg -0.259369 -0.505525 0.704327 -0.425554 0.386909 1.06374 0.550375
data/frame-000215.color.jpg -0.291553 -0.492298 0.693154 -0.43838 0.405595 1.17157 0.513169
data/frame-000611.color.jpg 0.424219 0.829334 0.321559 -0.169834 0.865695 0.845207 1.08093
data/frame-000349.color.jpg -0.308887 -0.564768 0.620639 -0.447697 -0.542397 1.18002 0.341891
data/frame-000360.color.jpg -0.240364 -0.504286 0.688127 -0.463036 -0.4015 1.18901 0.27564
data/frame-000098.color.jpg 0.349658 0.60899 -0.597348 0.387356 1.11161 1.5383 0.10658
data/frame-000668.color.jpg 0.572079 0.738774 0.260299 -0.243275 0.543093 1.54584 0.330192
data/frame-000272.color.jpg -0.141848 -0.462064 0.794831 -0.366905 -0.300823 0.768917 0.880047
data/frame-000679.color.jpg 0.565043 0.701757 0.326029 -0.286302 0.293086 1.61102 0.111072
data/frame-000417.color.jpg -0.0810482 -0.334017 0.862854 -0.370603 -0.72686 1.15651 0.609602
data/frame-000021.color.jpg 0.321805 0.731121 -0.530168 0.284299 0.988657 1.59185 0.225064
data/frame-000428.color.jpg -0.0507745 -0.297272 0.859072 -0.413578 -0.941768 1.26164 0.305826
data/frame-000155.color.jpg -0.190162 -0.542856 0.756073 -0.31225 1.10508 0.847725 0.883134
data/frame-000166.color.jpg -0.181085 -0.518705 0.76838 -0.328245 0.908248 0.809916 0.895656
data/frame-000177.color.jpg -0.154099 -0.47886 0.790586 -0.349171 0.760398 0.777831 0.92964
data/frame-000311.color.jpg -0.214003 -0.488537 0.744086 -0.40233 -0.479961 0.930651 0.854093
data/frame-000060.color.jpg 0.390586 0.660631 -0.539825 0.345829 0.839931 1.57843 -0.357917
data/frame-000804.color.jpg 0.721592 0.488014 0.250279 -0.422502 -0.870982 1.48823 -0.669518
data/frame-000553.color.jpg 0.288096 0.512097 0.715624 -0.377678 0.959275 1.63057 0.0479003
data/frame-000485.color.jpg -0.000849819 -0.159609 0.882487 -0.442427 -0.808579 1.59119 -0.00616651
data/frame-000641.color.jpg 0.506896 0.823605 0.206208 -0.14903 0.691575 1.02317 1.13755
data/frame-000234.color.jpg -0.28205 -0.481475 0.693106 -0.456326 0.331862 1.23573 0.565683
data/frame-000368.color.jpg -0.189379 -0.424109 0.728742 -0.503192 -0.387396 1.2438 0.160837
data/frame-000379.color.jpg -0.131571 -0.319001 0.757001 -0.554867 -0.310574 1.29473 -0.00553609
data/frame-000390.color.jpg -0.108102 -0.303799 0.785464 -0.528267 -0.206711 1.29081 0.0726798
data/frame-000117.color.jpg 0.403302 0.575712 -0.56481 0.432311 1.12468 1.57148 -0.139931
data/frame-000128.color.jpg 0.400979 0.633942 -0.547839 0.370412 1.08783 1.57093 -0.0861103
data/frame-000139.color.jpg -0.284798 -0.584317 0.671362 -0.356001 1.2182 1.27886 0.520618
data/frame-000022.color.jpg 0.328773 0.723268 -0.530769 0.295087 0.991021 1.60332 0.196336
data/frame-000766.color.jpg 0.576329 0.653947 0.358306 -0.334387 -0.899305 1.42478 0.111801
data/frame-000515.color.jpg 0.140745 0.139666 0.864406 -0.462047 -0.098788 1.78952 -0.248281
data/frame-000264.color.jpg -0.162202 -0.490668 0.777731 -0.357869 -0.271394 0.819177 0.946238
data/frame-000698.color.jpg 0.500255 0.651747 0.437383 -0.365605 -0.182433 1.5585 0.20078
data/frame-000447.color.jpg -0.252229 -0.480805 0.700634 -0.462946 -1.3376 1.1781 0.484675
data/frame-000196.color.jpg -0.227484 -0.517135 0.730545 -0.383571 0.469428 0.928078 0.605018
data/frame-000352.color.jpg -0.271237 -0.550567 0.646056 -0.453782 -0.518746 1.16977 0.3303
data/frame-000079.color.jpg -0.259089 -0.541387 0.66368 -0.446433 1.28603 1.38079 0.0992378
data/frame-000090.color.jpg -0.304571 -0.610197 0.618196 -0.390808 1.07503 1.4673 0.235831
data/frame-000101.color.jpg 0.362122 0.592747 -0.589483 0.412345 1.09751 1.56741 0.0370785
data/frame-000572.color.jpg 0.331628 0.691111 0.575735 -0.284461 1.29662 1.19175 0.599478
data/frame-000583.color.jpg 0.406315 0.705403 0.491281 -0.309771 1.35096 1.15464 0.578926
data/frame-000594.color.jpg 0.445187 0.735266 0.430399 -0.275588 1.24381 1.12977 0.746396
data/frame-000728.color.jpg 0.419072 0.752331 0.428485 -0.273453 -0.680991 1.19924 0.547548
data/frame-000477.color.jpg -0.044403 -0.21145 0.859425 -0.463363 -0.889526 1.57153 -0.0345457
data/frame-000409.color.jpg -0.087996 -0.340204 0.857332 -0.376163 -0.5471 1.17374 0.5976
data/frame-000158.color.jpg -0.187302 -0.542754 0.755422 -0.31571 1.05233 0.849126 0.879162
data/frame-000651.color.jpg 0.512835 0.801023 0.24338 -0.190076 0.711911 1.18844 0.934565
data/frame-000052.color.jpg 0.431061 0.689976 -0.496374 0.302874 0.697764 1.54398 -0.406113
data/frame-000785.color.jpg 0.675078 0.542976 0.320467 -0.383077 -0.951405 1.47136 -0.31686
data/frame-000796.color.jpg 0.706835 0.506145 0.281753 -0.405977 -0.918661 1.48075 -0.531895
data/frame-000534.color.jpg 0.22004 0.294917 0.832988 -0.413204 0.254061 1.83655 -0.200604
data/frame-000545.color.jpg 0.265827 0.425329 0.766788 -0.400583 0.717788 1.76706 -0.129395
data/frame-000690.color.jpg 0.531004 0.659145 0.410102 -0.339676 -0.0419934 1.57606 0.151679
data/frame-000283.color.jpg -0.148536 -0.42298 0.812089 -0.373545 -0.254256 0.671362 0.865793
data/frame-000294.color.jpg -0.111295 -0.375157 0.837801 -0.380737 -0.276426 0.681955 0.839751
data/frame-000109.color.jpg -0.366965 -0.556955 0.590968 -0.453756 1.10065 1.56896 -0.0158939
data/frame-000120.color.jpg 0.407145 0.587697 -0.559833 0.418846 1.12626 1.57164 -0.149881
data/frame-000602.color.jpg 0.451471 0.7726 0.386114 -0.224006 1.06001 1.06652 0.89725
data/frame-000613.color.jpg 0.410849 0.844924 0.307125 -0.151596 0.839411 0.772624 1.12877
data/frame-000747.color.jpg 0.486865 0.772018 0.351665 -0.208046 -0.917658 1.16746 0.251902
data/frame-000351.color.jpg -0.274886 -0.552144 0.643628 -0.45312 -0.52117 1.17001 0.33161
data/frame-000758.color.jpg 0.555762 0.689908 0.350798 -0.303472 -0.892627 1.36105 0.15377
data/frame-000496.color.jpg 0.0374158 -0.0718353 0.888767 -0.451147 -0.685516 1.60038 -0.0186123
data/frame-000507.color.jpg 0.0838802 0.0497783 0.885034 -0.455194 -0.350181 1.72693 -0.125862
data/frame-000245.color.jpg -0.215917 -0.429712 0.766682 -0.425355 0.147852 1.1606 0.707598
data/frame-000256.color.jpg -0.199903 -0.475242 0.765702 -0.384558 -0.118612 1.01522 0.844029
data/frame-000005.color.jpg 0.264903 0.786455 -0.513336 0.218635 0.928715 1.52074 0.421127
data/frame-000082.color.jpg -0.265252 -0.557193 0.663146 -0.423573 1.23784 1.36748 0.149762
data/frame-000564.color.jpg 0.296145 0.558122 0.713139 -0.303696 0.899975 1.53477 0.344951
data/frame-000575.color.jpg 0.352695 0.711885 0.541358 -0.27524 1.31551 1.1277 0.665506
data/frame-000709.color.jpg 0.462979 0.672321 0.473398 -0.330951 -0.510026 1.42672 0.484324
data/frame-000313.color.jpg -0.218271 -0.494734 0.737261 -0.40502 -0.486789 0.950196 0.846418
data/frame-000324.color.jpg -0.28152 -0.54863 0.67132 -0.411195 -0.413551 1.12435 0.586499
data/frame-000720.color.jpg 0.428419 0.721134 0.458951 -0.292895 -0.670349 1.26835 0.617789
data/frame-000458.color.jpg -0.214333 -0.41841 0.726346 -0.501414 -1.30776 1.30801 0.238005
data/frame-000469.color.jpg -0.0962052 -0.303382 0.819769 -0.476112 -1.10346 1.45757 0.0373474
data/frame-000207.color.jpg -0.270632 -0.501245 0.698266 -0.433516 0.387976 1.10609 0.531551
data/frame-000218.color.jpg -0.291347 -0.491831 0.690504 -0.443197 0.377605 1.18942 0.513331
data/frame-000777.color.jpg 0.618347 0.587402 0.351825 -0.385779 -0.877705 1.48881 -0.0718181
data/frame-000788.color.jpg 0.680752 0.537945 0.314309 -0.385229 -0.950509 1.46871 -0.349588
data/frame-000526.color.jpg 0.191969 0.193121 0.854304 -0.442738 -0.0109405 1.81363 -0.271152
data/frame-000537.color.jpg 0.220233 0.324892 0.820101 -0.416385 0.378476 1.82822 -0.202196
data/frame-000671.color.jpg 0.578577 0.72047 0.274084 -0.266551 0.496257 1.56931 0.233364
data/frame-000275.color.jpg -0.152953 -0.434893 0.799974 -0.384078 -0.290874 0.76968 0.841707
data/frame-000286.color.jpg -0.120945 -0.412563 0.833103 -0.348 -0.244329 0.576666 0.882774
data/frame-000682.color.jpg 0.566682 0.688732 0.342239 -0.295621 0.203329 1.619 0.0748749
data/frame-000420.color.jpg -0.0770409 -0.312829 0.868248 -0.37729 -0.742289 1.19488 0.563941
data/frame-000013.color.jpg 0.276989 0.770463 -0.523597 0.235606 0.952026 1.53018 0.381354
data/frame-000024.color.jpg 0.341219 0.709073 -0.532665 0.311533 1.00341 1.61491 0.143943
data/frame-000035.color.jpg 0.390577 0.676981 -0.518065 0.347498 0.931355 1.64939 -0.140233
data/frame-000169.color.jpg -0.178198 -0.508352 0.77635 -0.327269 0.888883 0.780639 0.90913
data/frame-000431.color.jpg -0.0863168 -0.344421 0.838888 -0.412542 -1.0609 1.24858 0.309257
data/frame-000739.color.jpg 0.397618 0.776311 0.442019 -0.209428 -0.920738 0.964798 0.567309
data/frame-000343.color.jpg 0.378364 0.623075 -0.552516 0.404158 -0.589877 1.14415 0.471025
data/frame-000750.color.jpg 0.514211 0.741261 0.35241 -0.24885 -0.91128 1.22745 0.216776
data/frame-000488.color.jpg 0.0039727 -0.141896 0.886858 -0.439696 -0.786778 1.59709 0.00105693
data/frame-000499.color.jpg 0.0444655 -0.0513792 0.890898 -0.449093 -0.642958 1.62072 -0.0124299
data/frame-000633.color.jpg 0.464552 0.862362 0.164769 -0.115649 0.754332 0.75672 1.33553
data/frame-000226.color.jpg -0.321945 -0.474472 0.670796 -0.470383 0.404023 1.26814 0.429246
data/frame-000237.color.jpg -0.25516 -0.476237 0.712548 -0.447624 0.276683 1.2055 0.638241
data/frame-000248.color.jpg -0.192051 -0.43051 0.783647 -0.404567 0.0378281 1.13938 0.723853
data/frame-000382.color.jpg -0.112177 -0.30533 0.759345 -0.563548 -0.286962 1.30208 -0.0354006
data/frame-000644.color.jpg 0.516961 0.806326 0.226387 -0.177024 0.709478 1.09582 1.0374
data/frame-000131.color.jpg 0.365776 0.633336 -0.580073 0.358619 1.11759 1.51538 0.102991
data/frame-000556.color.jpg 0.284389 0.519949 0.72139 -0.35829 0.930656 1.61783 0.129644
data/frame-000701.color.jpg 0.48471 0.652443 0.456253 -0.362225 -0.258096 1.53782 0.276453
data/frame-000305.color.jpg -0.199875 -0.480114 0.757969 -0.393731 -0.436408 0.860482 0.870393
data/frame-000712.color.jpg 0.439401 0.687034 0.477722 -0.326638 -0.583597 1.34872 0.598499
data/frame-000439.color.jpg -0.211182 -0.472919 0.741078 -0.427261 -1.30012 1.12593 0.521761
data/frame-000054.color.jpg 0.422955 0.689993 -0.500859 0.306852 0.693299 1.54972 -0.389503
data/frame-000450.color.jpg -0.253309 -0.469098 0.698265 -0.477711 -1.349 1.2196 0.426856
data/frame-000461.color.jpg -0.197429 -0.407736 0.740282 -0.496744 -1.29447 1.31584 0.219464
data/frame-000188.color.jpg -0.154261 -0.443701 0.792891 -0.388146 0.58567 0.866303 0.753647
data/frame-000199.color.jpg -0.248276 -0.517258 0.710937 -0.40666 0.41595 1.004 0.568211
data/frame-000210.color.jpg -0.276689 -0.501828 0.693456 -0.436727 0.3909 1.13128 0.523071
data/frame-000344.color.jpg 0.375217 0.619965 -0.556749 0.406062 -0.588674 1.14722 0.464704
data/frame-000093.color.jpg 0.316352 0.616951 -0.61029 0.383196 1.07735 1.50344 0.220176
data/frame-000769.color.jpg 0.581338 0.639209 0.359358 -0.352592 -0.877002 1.45341 0.0904898
data/frame-000518.color.jpg 0.156467 0.166434 0.858962 -0.458259 -0.0282044 1.80086 -0.255798
data/frame-000652.color.jpg 0.526459 0.792023 0.233173 -0.202905 0.754559 1.2693 0.830253
data/frame-000267.color.jpg -0.154506 -0.490893 0.780441 -0.355053 -0.287472 0.787967 0.942364
data/frame-000663.color.jpg 0.564025 0.758649 0.237706 -0.223211 0.652737 1.49538 0.470979
data/frame-000674.color.jpg 0.570286 0.724992 0.278754 -0.267313 0.454801 1.58217 0.224259
data/frame-000401.color.jpg -0.102548 -0.309896 0.841804 -0.4299 -0.336109 1.26858 0.416847
data/frame-000016.color.jpg 0.292924 0.757929 -0.527087 0.248834 0.970784 1.54694 0.3316
data/frame-000412.color.jpg -0.0900518 -0.356201 0.855721 -0.364352 -0.630333 1.12835 0.64431
data/frame-000423.color.jpg -0.0757114 -0.292317 0.872651 -0.383794 -0.760322 1.2434 0.511847
data/frame-000150.color.jpg -0.193391 -0.516035 0.764677 -0.334032 1.18868 0.867168 0.925332
data/frame-000161.color.jpg -0.180465 -0.538702 0.758037 -0.320331 0.986822 0.840743 0.889141
data/frame-000172.color.jpg -0.170894 -0.493419 0.785355 -0.332491 0.853407 0.760587 0.924933
data/frame-000306.color.jpg -0.200998 -0.4854 0.753603 -0.395055 -0.455379 0.869314 0.869981
data/frame-000055.color.jpg 0.418408 0.690696 -0.501815 0.309928 0.687766 1.56966 -0.384572
data/frame-000799.color.jpg 0.713062 0.499003 0.271866 -0.410643 -0.909688 1.48017 -0.58136
data/frame-000548.color.jpg 0.28323 0.458657 0.74602 -0.390983 0.810541 1.73183 -0.0701774
data/frame-000731.color.jpg 0.418488 0.752451 0.443356 -0.24924 -0.811368 1.0823 0.549572
data/frame-000480.color.jpg -0.0259832 -0.183439 0.871278 -0.454477 -0.833667 1.59251 -0.0242708
data/frame-000229.color.jpg -0.311122 -0.481555 0.675488 -0.463708 0.390843 1.25821 0.478425
data/frame-000363.color.jpg -0.222741 -0.477679 0.705188 -0.474257 -0.399141 1.21154 0.242078
data/frame-000374.color.jpg -0.166163 -0.378089 0.742467 -0.527429 -0.361049 1.26737 0.0838742
data/frame-000385.color.jpg -0.108069 -0.299145 0.760029 -0.566735 -0.251331 1.29904 -0.0492644
data/frame-000112.color.jpg -0.37738 -0.553252 0.585434 -0.456907 1.11223 1.56613 -0.0553965
data/frame-000123.color.jpg 0.415819 0.604061 -0.549494 0.400326 1.12053 1.5707 -0.172955
data/frame-000605.color.jpg 0.442552 0.807932 0.342018 -0.18552 0.922967 0.947325 1.01961
data/frame-000006.color.jpg 0.2635 0.78504 -0.516605 0.217713 0.934167 1.51037 0.428239
data/frame-000761.color.jpg 0.561346 0.681638 0.355255 -0.306682 -0.907825 1.37919 0.151834
data/frame-000693.color.jpg 0.516138 0.659272 0.414368 -0.356736 -0.0654067 1.56373 0.17975
data/frame-000442.color.jpg -0.234867 -0.482104 0.713705 -0.450598 -1.32894 1.14313 0.495348
data/frame-000180.color.jpg -0.14253 -0.470272 0.793856 -0.358221 0.693788 0.797592 0.925019
data/frame-000191.color.jpg -0.174335 -0.450579 0.782722 -0.392341 0.564344 0.861283 0.680428
data/frame-000336.color.jpg 0.419534 0.659907 -0.505359 0.364865 -0.549035 1.11528 0.577155
data/frame-000074.color.jpg -0.281051 -0.558532 0.624116 -0.468542 1.2465 1.4761 -0.123061
data/frame-000085.color.jpg -0.274105 -0.583001 0.647604 -0.406922 1.14627 1.38533 0.202654
data/frame-000567.color.jpg 0.29848 0.616296 0.659665 -0.309728 1.11683 1.39795 0.399999
data/frame-000578.color.jpg 0.382421 0.707993 0.515127 -0.295201 1.33785 1.14099 0.614218
data/frame-000393.color.jpg -0.106089 -0.310063 0.814015 -0.479569 -0.206979 1.27518 0.23014
data/frame-000404.color.jpg -0.091685 -0.312301 0.853861 -0.406181 -0.413272 1.24512 0.495871
data/frame-000142.color.jpg -0.258352 -0.544724 0.70964 -0.364612 1.22982 1.12943 0.681386
data/frame-000153.color.jpg -0.192226 -0.53247 0.762082 -0.314254 1.14223 0.829439 0.892594
data/frame-000635.color.jpg 0.470883 0.854834 0.180438 -0.12235 0.740094 0.821376 1.30016
data/frame-000047.color.jpg 0.4573 0.67937 -0.480954 0.313075 0.710549 1.53783 -0.492466
data/frame-000780.color.jpg 0.650519 0.561668 0.335325 -0.385889 -0.920127 1.48319 -0.206682
data/frame-000791.color.jpg 0.69263 0.521419 0.300675 -0.397467 -0.933181 1.47895 -0.432059
data/frame-000529.color.jpg 0.201861 0.204629 0.851771 -0.438024 -0.00587975 1.81997 -0.269475
data/frame-000540.color.jpg 0.240379 0.370065 0.798787 -0.408912 0.53953 1.81034 -0.175202
data/frame-000278.color.jpg -0.149858 -0.431316 0.804182 -0.380527 -0.299375 0.729506 0.849009
data/frame-000289.color.jpg -0.11392 -0.391408 0.844679 -0.346899 -0.236161 0.574637 0.877486
data/frame-000104.color.jpg -0.361451 -0.579327 0.592297 -0.427689 1.10147 1.56606 0.0290461
data/frame-000115.color.jpg -0.394727 -0.561958 0.572675 -0.447701 1.1227 1.5699 -0.115561
data/frame-000597.color.jpg 0.448992 0.757091 0.404838 -0.24764 1.16406 1.08896 0.839225
data/frame-000608.color.jpg 0.439523 0.815641 0.330425 -0.179913 0.899616 0.915144 1.0392
data/frame-000742.color.jpg 0.408597 0.795593 0.403964 -0.192079 -0.911689 1.01627 0.482169
data/frame-000346.color.jpg 0.344922 0.592713 -0.58851 0.428224 -0.57427 1.16999 0.398235
data/frame-000753.color.jpg 0.53717 0.709695 0.351559 -0.290151 -0.88617 1.31607 0.19491
data/frame-000491.color.jpg 0.0157221 -0.106796 0.887979 -0.447036 -0.734171 1.59945 -0.00474582
data/frame-000502.color.jpg 0.0616543 -0.0217811 0.889572 -0.45209 -0.578826 1.64815 -0.0558197
data/frame-000636.color.jpg 0.477939 0.849593 0.183671 -0.126618 0.733309 0.858326 1.27244
data/frame-000240.color.jpg -0.224281 -0.451773 0.74622 -0.434459 0.224378 1.15374 0.727135
data/frame-000559.color.jpg 0.278632 0.528176 0.722424 -0.348566 0.911827 1.58875 0.180226
data/frame-000570.color.jpg 0.32174 0.667574 0.60407 -0.293134 1.24776 1.26967 0.530858
data/frame-000704.color.jpg 0.468149 0.664604 0.466497 -0.348596 -0.357151 1.49358 0.387296
data/frame-000297.color.jpg -0.123022 -0.388786 0.83142 -0.377428 -0.298033 0.715936 0.853682
data/frame-000308.color.jpg -0.207916 -0.48591 0.748755 -0.400036 -0.462975 0.894708 0.860508
data/frame-000319.color.jpg -0.24009 -0.537727 0.704184 -0.39665 -0.448237 1.01154 0.764918
data/frame-000453.color.jpg -0.250133 -0.45211 0.701271 -0.49117 -1.33634 1.2679 0.355527
data/frame-000046.color.jpg 0.459562 0.677951 -0.477144 0.318621 0.707598 1.5422 -0.501892
data/frame-000715.color.jpg 0.427991 0.694527 0.481714 -0.320012 -0.6332 1.30298 0.653875
data/frame-000598.color.jpg 0.448719 0.758043 0.404246 -0.246186 1.15744 1.08843 0.843089
data/frame-000202.color.jpg -0.250749 -0.512047 0.706047 -0.420038 0.379201 1.04257 0.563267
data/frame-000134.color.jpg 0.336855 0.620145 -0.609812 0.360663 1.14888 1.45716 0.239273
data/frame-000627.color.jpg 0.44062 0.876873 0.162365 -0.102883 0.748905 0.648221 1.34779
data/frame-000772.color.jpg 0.595185 0.622184 0.360929 -0.358291 -0.889658 1.45599 0.0397196
data/frame-000376.color.jpg -0.145804 -0.345977 0.75027 -0.544184 -0.344934 1.28238 0.0318708
data/frame-000783.color.jpg 0.66617 0.550102 0.323558 -0.385896 -0.933527 1.48043 -0.279254
data/frame-000510.color.jpg 0.106766 0.083212 0.878467 -0.458227 -0.257361 1.75375 -0.177692
data/frame-000521.color.jpg 0.171026 0.186619 0.856787 -0.449266 0.0099456 1.80739 -0.246497
data/frame-000532.color.jpg 0.198364 0.228289 0.845634 -0.439818 0.0600119 1.82479 -0.274387
data/frame-000655.color.jpg 0.524074 0.79397 0.225793 -0.209702 0.794589 1.31453 0.751797
data/frame-000281.color.jpg -0.155728 -0.428503 0.802644 -0.384574 -0.289155 0.724546 0.846406
data/frame-000270.color.jpg -0.144983 -0.473283 0.792112 -0.357128 -0.293134 0.776542 0.913085
data/frame-000259.color.jpg -0.193747 -0.499428 0.755495 -0.377174 -0.209207 0.924686 0.901633
data/frame-000415.color.jpg -0.0893691 -0.35364 0.859613 -0.357794 -0.67884 1.11627 0.665437
data/frame-000008.color.jpg 0.259404 0.782913 -0.522797 0.215501 0.943915 1.49545 0.446969
data/frame-000019.color.jpg 0.310063 0.741656 -0.530578 0.268875 0.987472 1.56917 0.271508
data/frame-000030.color.jpg 0.360376 0.678393 -0.53547 0.350975 1.00927 1.63973 0.0326513
data/frame-000164.color.jpg -0.182051 -0.526853 0.76307 -0.327119 0.935641 0.827292 0.886184
data/frame-000666.color.jpg 0.568829 0.745999 0.25464 -0.234687 0.57111 1.5336 0.376344
data/frame-000589.color.jpg 0.447557 0.701358 0.456615 -0.315106 1.31502 1.20308 0.583292
data/frame-000723.color.jpg 0.412793 0.761256 0.425418 -0.262889 -0.626187 1.24851 0.596863
data/frame-000338.color.jpg 0.420333 0.65744 -0.506168 0.367269 -0.557898 1.1191 0.569274
data/frame-000734.color.jpg 0.410921 0.756022 0.449021 -0.240738 -0.86819 1.03061 0.569948
data/frame-000472.color.jpg -0.0726858 -0.263015 0.835047 -0.477742 -1.01196 1.5144 -0.0314713
data/frame-000483.color.jpg -0.0147109 -0.16556 0.879341 -0.446243 -0.799404 1.60075 -0.00790052
data/frame-000494.color.jpg 0.029924 -0.0869046 0.890176 -0.44625 -0.712062 1.59055 -0.00145154
data/frame-000617.color.jpg 0.395309 0.87043 0.262383 -0.131288 0.832467 0.651006 1.20478
data/frame-000221.color.jpg -0.2964 -0.484201 0.688022 -0.452019 0.374022 1.21811 0.495293
data/frame-000232.color.jpg -0.291653 -0.481785 0.687578 -0.458321 0.353594 1.24264 0.540235
data/frame-000243.color.jpg -0.213236 -0.426277 0.766711 -0.430084 0.1833 1.15187 0.729431
data/frame-000366.color.jpg -0.201147 -0.445858 0.719761 -0.49264 -0.398604 1.22883 0.192996
data/frame-000377.color.jpg -0.135728 -0.329367 0.754452 -0.551269 -0.327055 1.29018 0.00780137
data/frame-000628.color.jpg 0.4409 0.876663 0.161979 -0.104076 0.752603 0.650507 1.34711
data/frame-000126.color.jpg 0.414412 0.617719 -0.545385 0.386318 1.10948 1.57035 -0.15787
data/frame-000802.color.jpg 0.720861 0.489659 0.252715 -0.420392 -0.876022 1.48901 -0.660816
data/frame-000551.color.jpg 0.292242 0.487063 0.728199 -0.383525 0.891971 1.6849 -0.00934158
data/frame-000685.color.jpg 0.558475 0.676286 0.367859 -0.308906 0.10228 1.61028 0.0795302
data/frame-000300.color.jpg -0.160028 -0.446887 0.795778 -0.376059 -0.354802 0.763048 0.879506
data/frame-000696.color.jpg 0.503572 0.659373 0.418133 -0.369873 -0.0918547 1.55974 0.18293
data/frame-000434.color.jpg -0.153215 -0.415666 0.788641 -0.426371 -1.20405 1.18043 0.388853
data/frame-000038.color.jpg 0.420567 0.668178 -0.50559 0.347909 0.855713 1.6198 -0.312709
data/frame-000049.color.jpg 0.450354 0.683683 -0.484959 0.307527 0.70389 1.53634 -0.468208
data/frame-000445.color.jpg -0.250511 -0.483621 0.702272 -0.458442 -1.33312 1.16653 0.498351
data/frame-000183.color.jpg -0.137415 -0.454193 0.801775 -0.363294 0.662714 0.803747 0.916
data/frame-000194.color.jpg -0.209878 -0.461103 0.770354 -0.387156 0.568813 0.869097 0.632293
data/frame-000328.color.jpg -0.333279 -0.583627 0.619044 -0.406312 -0.457904 1.15565 0.526766
data/frame-000339.color.jpg 0.417269 0.650057 -0.511961 0.375778 -0.571528 1.12794 0.546642
data/frame-000077.color.jpg -0.270723 -0.539203 0.653877 -0.456524 1.30192 1.3942 0.00940888
data/frame-000764.color.jpg 0.569537 0.665 0.358424 -0.323938 -0.903169 1.40375 0.132682
data/frame-000513.color.jpg 0.126192 0.116298 0.870419 -0.461433 -0.164143 1.77615 -0.224307
data/frame-000647.color.jpg 0.521785 0.795476 0.247716 -0.18329 0.679089 1.16942 0.978458
data/frame-000251.color.jpg -0.182845 -0.420465 0.792048 -0.403034 -0.00522163 1.12258 0.742539
data/frame-000262.color.jpg -0.175541 -0.49432 0.768108 -0.367211 -0.249183 0.864063 0.929755
data/frame-000658.color.jpg 0.528701 0.791208 0.223708 -0.210761 0.790337 1.34136 0.713675
data/frame-000396.color.jpg -0.117278 -0.312646 0.825721 -0.454624 -0.208805 1.2805 0.306916
data/frame-000000.color.jpg 0.278053 0.793741 -0.503987 0.196617 0.927131 1.53347 0.37675
data/frame-000011.color.jpg 0.266192 0.777703 -0.523472 0.224272 0.947839 1.50929 0.419614
data/frame-000407.color.jpg -0.087774 -0.333952 0.857932 -0.380427 -0.516407 1.18769 0.582064
data/frame-000145.color.jpg -0.234419 -0.526863 0.736713 -0.353152 1.23816 1.01654 0.798151
data/frame-000156.color.jpg -0.188819 -0.544182 0.755105 -0.313097 1.09103 0.850337 0.882748
data/frame-000039.color.jpg 0.432887 0.665764 -0.497384 0.349251 0.826561 1.60564 -0.374588
data/frame-000464.color.jpg -0.159486 -0.377668 0.773517 -0.483324 -1.24531 1.35296 0.177989
data/frame-000475.color.jpg -0.0561476 -0.227333 0.852662 -0.467048 -0.921347 1.55869 -0.0321012
data/frame-000224.color.jpg -0.320597 -0.474123 0.674385 -0.466508 0.406817 1.25839 0.436073
data/frame-000213.color.jpg -0.283519 -0.500353 0.69056 -0.438624 0.393992 1.15752 0.516206
data/frame-000347.color.jpg -0.320791 -0.573782 0.610171 -0.442219 -0.555443 1.17801 0.358196
data/frame-000358.color.jpg -0.241508 -0.508811 0.685084 -0.462 -0.409273 1.18721 0.282024
data/frame-000369.color.jpg -0.188867 -0.421909 0.729075 -0.504749 -0.386429 1.24444 0.156015
data/frame-000096.color.jpg 0.339118 0.613216 -0.60231 0.382345 1.10693 1.52301 0.149854
data/frame-000107.color.jpg -0.362207 -0.563365 0.59269 -0.447375 1.0946 1.57149 0.00675243
data/frame-000118.color.jpg 0.404813 0.579072 -0.562722 0.429122 1.12086 1.5717 -0.145353
data/frame-000600.color.jpg 0.451899 0.763907 0.395078 -0.236954 1.11846 1.07995 0.865221
data/frame-000001.color.jpg 0.2736 0.793009 -0.507133 0.197726 0.931417 1.52672 0.393309
data/frame-000745.color.jpg 0.455452 0.787446 0.366534 -0.195307 -0.90907 1.10415 0.334238
data/frame-000677.color.jpg 0.573034 0.702144 0.317415 -0.27906 0.30347 1.60651 0.110234
data/frame-000426.color.jpg -0.0594619 -0.2817 0.867952 -0.404684 -0.86681 1.28396 0.352865
data/frame-000175.color.jpg -0.161475 -0.478719 0.792625 -0.34132 0.802793 0.757602 0.934478
data/frame-000331.color.jpg 0.356139 0.616579 -0.582728 0.391692 -0.501895 1.13751 0.550677
data/frame-000069.color.jpg -0.306994 -0.552907 0.629084 -0.451996 1.29433 1.4494 -0.179293
data/frame-000058.color.jpg 0.401952 0.673909 -0.52099 0.335933 0.757338 1.57713 -0.374229
data/frame-000080.color.jpg -0.267004 -0.545712 0.663688 -0.436377 1.27681 1.36673 0.107702
data/frame-000562.color.jpg 0.277586 0.536748 0.724128 -0.332396 0.895188 1.55874 0.24197
data/frame-000573.color.jpg 0.334122 0.699581 0.565555 -0.28124 1.30829 1.16174 0.626123
data/frame-000707.color.jpg 0.465871 0.667485 0.472453 -0.337959 -0.469227 1.45085 0.455906
data/frame-000456.color.jpg -0.245517 -0.434845 0.703272 -0.506003 -1.32064 1.30275 0.275865
data/frame-000388.color.jpg -0.107531 -0.302451 0.767535 -0.554843 -0.229167 1.28959 -0.0121598
data/frame-000137.color.jpg -0.305137 -0.596477 0.651181 -0.35647 1.21096 1.34613 0.41451
data/frame-000630.color.jpg 0.454159 0.869173 0.160365 -0.112077 0.762714 0.705275 1.34466
data/frame-000775.color.jpg 0.611237 0.596454 0.357187 -0.378219 -0.882996 1.47626 -0.0345256
data/frame-000786.color.jpg 0.67942 0.540463 0.315881 -0.382763 -0.950417 1.46889 -0.34056
data/frame-000524.color.jpg 0.183061 0.191886 0.855338 -0.445046 0.00638431 1.81015 -0.263896
data/frame-000669.color.jpg 0.572712 0.737476 0.260809 -0.245171 0.539462 1.54634 0.321508
data/frame-000273.color.jpg -0.146272 -0.445716 0.798498 -0.377282 -0.294883 0.776362 0.855223
data/frame-000205.color.jpg -0.259719 -0.505133 0.704354 -0.425762 0.387274 1.06545 0.550435
data/frame-000088.color.jpg -0.299107 -0.601921 0.627475 -0.393067 1.09645 1.42212 0.223371
data/frame-000099.color.jpg 0.358061 0.60208 -0.592302 0.398083 1.10747 1.55667 0.0640561
data/frame-000581.color.jpg 0.39767 0.706388 0.502012 -0.301429 1.34012 1.15212 0.598677
data/frame-000592.color.jpg 0.446618 0.71391 0.447567 -0.300913 1.28817 1.17396 0.646594
data/frame-000603.color.jpg 0.451372 0.773837 0.384004 -0.223563 1.05706 1.06233 0.899955
data/frame-000726.color.jpg 0.42221 0.760396 0.410168 -0.274405 -0.61653 1.22856 0.525504
data/frame-000330.color.jpg 0.348174 0.604836 -0.596197 0.39686 -0.48473 1.14335 0.54324
data/frame-000341.color.jpg 0.407447 0.645142 -0.52052 0.383194 -0.584716 1.12718 0.531128
data/frame-000737.color.jpg 0.396563 0.766424 0.455245 -0.21928 -0.917587 0.9649 0.596051
data/frame-000486.color.jpg 0.00163939 -0.14982 0.886469 -0.437864 -0.799202 1.59365 0.00734419
data/frame-000235.color.jpg -0.268113 -0.477242 0.705169 -0.450657 0.303491 1.21921 0.60717
data/frame-000660.color.jpg 0.543303 0.782829 0.215893 -0.213051 0.76881 1.39169 0.636915
data/frame-000794.color.jpg 0.698352 0.512875 0.294176 -0.40339 -0.929173 1.47919 -0.470028
data/frame-000805.color.jpg 0.721789 0.490322 0.25081 -0.419166 -0.875075 1.48795 -0.666517
data/frame-000543.color.jpg 0.259205 0.40799 0.777157 -0.402969 0.663423 1.78443 -0.146885
data/frame-000554.color.jpg 0.287791 0.513324 0.715476 -0.376521 0.958982 1.62815 0.0543215
data/frame-000565.color.jpg 0.298514 0.571422 0.700689 -0.305616 0.945837 1.50716 0.352524
data/frame-000688.color.jpg 0.538891 0.661363 0.400071 -0.334872 -0.0131853 1.58375 0.125738
data/frame-000303.color.jpg -0.187135 -0.477838 0.768051 -0.383078 -0.415159 0.817209 0.884787
data/frame-000292.color.jpg -0.110321 -0.376035 0.842107 -0.370518 -0.258143 0.64521 0.84873
data/frame-000314.color.jpg -0.219724 -0.495472 0.736158 -0.405339 -0.482012 0.958277 0.839788
data/frame-000437.color.jpg -0.178724 -0.454426 0.763062 -0.423429 -1.28228 1.11396 0.469947
data/frame-000041.color.jpg 0.447187 0.666164 -0.485767 0.346815 0.785107 1.58779 -0.446197
data/frame-000448.color.jpg -0.254047 -0.473318 0.699088 -0.471917 -1.34383 1.20706 0.450812
data/frame-000699.color.jpg 0.497335 0.646261 0.448227 -0.366195 -0.224829 1.55304 0.217951
data/frame-000186.color.jpg -0.151656 -0.434297 0.803075 -0.378757 0.621928 0.839298 0.806488
data/frame-000197.color.jpg -0.237623 -0.520771 0.719473 -0.393308 0.451593 0.962746 0.581539
data/frame-000665.color.jpg 0.566861 0.753291 0.244165 -0.227169 0.620526 1.51361 0.43136
data/frame-000622.color.jpg 0.416953 0.885989 0.179279 -0.0950394 0.740156 0.585838 1.32967
data/frame-000756.color.jpg 0.547151 0.696404 0.355959 -0.298229 -0.897882 1.34028 0.184987
data/frame-000371.color.jpg -0.175818 -0.401341 0.736328 -0.515591 -0.380299 1.25093 0.123177
data/frame-000767.color.jpg 0.576965 0.649955 0.359257 -0.340006 -0.892993 1.4335 0.109326
data/frame-000505.color.jpg 0.0668545 0.0202624 0.88976 -0.451052 -0.439676 1.70104 -0.076904
data/frame-000516.color.jpg 0.152152 0.15973 0.860188 -0.459796 -0.0444094 1.79858 -0.255074
data/frame-000650.color.jpg 0.512709 0.801176 0.246073 -0.186264 0.697954 1.18304 0.951086
data/frame-000254.color.jpg -0.196515 -0.445599 0.78145 -0.390076 -0.0494755 1.07113 0.796638
data/frame-000265.color.jpg -0.162072 -0.490949 0.778064 -0.356816 -0.2712 0.814926 0.948509
data/frame-000661.color.jpg 0.544655 0.781748 0.215782 -0.213682 0.764581 1.39837 0.626887
data/frame-000399.color.jpg -0.112287 -0.301105 0.837007 -0.442884 -0.244963 1.28467 0.363193
data/frame-000003.color.jpg 0.266729 0.789887 -0.508043 0.216396 0.918412 1.53352 0.413486
data/frame-000014.color.jpg 0.283164 0.766487 -0.524658 0.23885 0.960783 1.53426 0.361476
data/frame-000410.color.jpg -0.0891764 -0.347588 0.85598 -0.372195 -0.595488 1.15327 0.616871
data/frame-000148.color.jpg -0.20466 -0.518954 0.757015 -0.340189 1.20768 0.913363 0.899494
data/frame-000584.color.jpg 0.41074 0.704956 0.489423 -0.307889 1.34446 1.16807 0.584591
data/frame-000718.color.jpg 0.432048 0.710536 0.467398 -0.300021 -0.678708 1.25625 0.619072
data/frame-000322.color.jpg -0.266635 -0.545917 0.684473 -0.402961 -0.414434 1.07444 0.682133
data/frame-000333.color.jpg 0.402073 0.640335 -0.536361 0.375001 -0.515361 1.13764 0.553493
data/frame-000729.color.jpg 0.415744 0.753795 0.44296 -0.250473 -0.774066 1.11557 0.560157
data/frame-000467.color.jpg -0.115305 -0.328436 0.806766 -0.477454 -1.15647 1.42588 0.0848352
data/frame-000071.color.jpg -0.293869 -0.555335 0.625597 -0.462464 1.27417 1.45977 -0.156814
data/frame-000478.color.jpg -0.0332581 -0.194155 0.865916 -0.459768 -0.854945 1.58514 -0.0364428
data/frame-000612.color.jpg 0.422281 0.831097 0.321505 -0.166106 0.85769 0.83808 1.09022
data/frame-000216.color.jpg -0.293835 -0.491152 0.69187 -0.440167 0.400847 1.17685 0.508455
data/frame-000227.color.jpg -0.320377 -0.476375 0.670195 -0.470387 0.401674 1.26644 0.442882
data/frame-000623.color.jpg 0.419507 0.885228 0.177029 -0.09511 0.73921 0.590658 1.331
data/frame-000361.color.jpg -0.231281 -0.494479 0.695588 -0.467073 -0.401514 1.19722 0.2635
data/frame-000110.color.jpg -0.369189 -0.555522 0.589982 -0.454991 1.10268 1.56726 -0.0240362
data/frame-000535.color.jpg 0.221787 0.300691 0.830414 -0.413289 0.27375 1.83676 -0.202908
data/frame-000680.color.jpg 0.563999 0.700419 0.327851 -0.289536 0.289556 1.6126 0.105463
data/frame-000284.color.jpg -0.137975 -0.423941 0.818021 -0.363426 -0.252987 0.633797 0.876382
data/frame-000295.color.jpg -0.112228 -0.373307 0.837017 -0.383991 -0.284526 0.699237 0.835727
data/frame-000691.color.jpg 0.521862 0.654233 0.41628 -0.355457 -0.0595486 1.56969 0.163389
data/frame-000418.color.jpg -0.0771585 -0.323174 0.865579 -0.37467 -0.74012 1.17399 0.585439
data/frame-000033.color.jpg 0.379177 0.675712 -0.52456 0.352811 0.961563 1.64769 -0.0783428
data/frame-000044.color.jpg 0.456779 0.671563 -0.477272 0.335511 0.740583 1.56795 -0.488847
data/frame-000429.color.jpg -0.0620248 -0.320967 0.85139 -0.410205 -1.00866 1.24932 0.296893
data/frame-000167.color.jpg -0.179504 -0.515212 0.771213 -0.327973 0.90001 0.799873 0.901389
data/frame-000178.color.jpg -0.147665 -0.480456 0.788665 -0.354067 0.72749 0.794216 0.928793
data/frame-000189.color.jpg -0.158291 -0.445428 0.788057 -0.39434 0.569567 0.870679 0.718916
data/frame-000323.color.jpg -0.273414 -0.549547 0.676369 -0.407145 -0.415356 1.10324 0.62385
data/frame-000440.color.jpg -0.214076 -0.473802 0.738649 -0.429046 -1.30207 1.12865 0.521212
data/frame-000072.color.jpg -0.286254 -0.559019 0.621856 -0.467816 1.25037 1.47593 -0.144783
data/frame-000686.color.jpg 0.556551 0.675342 0.370291 -0.311528 0.0959411 1.60937 0.0823334
data/frame-000748.color.jpg 0.507017 0.753802 0.350781 -0.227309 -0.924266 1.20147 0.218712
data/frame-000497.color.jpg 0.0386315 -0.0698073 0.888618 -0.451656 -0.682398 1.6016 -0.0201985
data/frame-000631.color.jpg 0.460991 0.86519 0.160885 -0.114232 0.760696 0.733305 1.33912
data/frame-000246.color.jpg -0.193706 -0.435162 0.781509 -0.402933 0.085043 1.12357 0.747542
data/frame-000642.color.jpg 0.511931 0.814263 0.218216 -0.165179 0.700195 1.06314 1.08257
data/frame-000653.color.jpg 0.526604 0.791563 0.232775 -0.204772 0.760464 1.27455 0.819927
data/frame-000380.color.jpg -0.11488 -0.309709 0.760316 -0.559287 -0.297707 1.30111 -0.0210268
data/frame-000391.color.jpg -0.108339 -0.303782 0.787612 -0.525021 -0.203962 1.29275 0.082762
data/frame-000402.color.jpg -0.0988478 -0.309601 0.845373 -0.423935 -0.35187 1.26438 0.436965
data/frame-000719.color.jpg 0.435267 0.710558 0.46404 -0.300529 -0.676529 1.27131 0.605283
data/frame-000129.color.jpg 0.392808 0.637696 -0.55321 0.3647 1.08736 1.56326 -0.0405355
data/frame-000140.color.jpg -0.276752 -0.579045 0.679506 -0.355511 1.2168 1.25083 0.562751
data/frame-000151.color.jpg -0.19124 -0.516785 0.766768 -0.329284 1.18434 0.850084 0.929659
data/frame-000778.color.jpg 0.6338 0.574343 0.344031 -0.387388 -0.89548 1.48933 -0.137383
data/frame-000527.color.jpg 0.198648 0.19822 0.853341 -0.439383 -0.0144007 1.81749 -0.26849
data/frame-000710.color.jpg 0.458982 0.678926 0.470994 -0.326434 -0.555875 1.39219 0.514383
data/frame-000459.color.jpg -0.211272 -0.416273 0.728933 -0.500737 -1.3049 1.31009 0.233465
data/frame-000063.color.jpg 0.374327 0.617213 -0.583829 0.371578 1.09833 1.53961 -0.359222
data/frame-000208.color.jpg -0.271682 -0.501345 0.696188 -0.436078 0.385025 1.11536 0.528068
data/frame-000342.color.jpg 0.399474 0.63942 -0.528705 0.389916 -0.59167 1.13063 0.513878
data/frame-000353.color.jpg -0.262222 -0.544294 0.652677 -0.457162 -0.508982 1.1696 0.319774
data/frame-000364.color.jpg -0.214728 -0.464723 0.711004 -0.482077 -0.399205 1.21928 0.221273
data/frame-000091.color.jpg -0.312632 -0.610089 0.616156 -0.387821 1.08643 1.47814 0.225369
data/frame-000102.color.jpg 0.36173 0.590901 -0.58957 0.415204 1.09696 1.56762 0.0362315
data/frame-000595.color.jpg 0.444764 0.739441 0.426859 -0.27056 1.2294 1.11928 0.765291
data/frame-000740.color.jpg 0.399046 0.781449 0.433413 -0.205553 -0.919383 0.976805 0.550482
data/frame-000672.color.jpg 0.577707 0.720014 0.275257 -0.268453 0.494664 1.57021 0.229713
data/frame-000421.color.jpg -0.0823166 -0.298625 0.870004 -0.383589 -0.733682 1.23171 0.530994
data/frame-000025.color.jpg 0.347329 0.702016 -0.532532 0.320852 1.00345 1.62177 0.115872
data/frame-000159.color.jpg -0.183861 -0.54161 0.756293 -0.31761 1.02979 0.847476 0.885246
data/frame-000170.color.jpg -0.176134 -0.503057 0.779805 -0.328351 0.88 0.769914 0.914911
data/frame-000053.color.jpg 0.426441 0.690469 -0.498557 0.3047 0.692885 1.54648 -0.395056
data/frame-000064.color.jpg 0.373005 0.600505 -0.591225 0.38822 1.1612 1.51172 -0.37492
data/frame-000797.color.jpg 0.709867 0.502928 0.27571 -0.408823 -0.910313 1.48273 -0.558867
data/frame-000546.color.jpg 0.275492 0.444369 0.754811 -0.396107 0.772424 1.74727 -0.100049
data/frame-000557.color.jpg 0.281875 0.52398 0.722393 -0.352334 0.922944 1.60667 0.156027
data/frame-000372.color.jpg -0.16677 -0.386081 0.741304 -0.523066 -0.370364 1.26184 0.099069
data/frame-000383.color.jpg -0.111585 -0.29714 0.760724 -0.566176 -0.251411 1.30548 -0.0485358
data/frame-000121.color.jpg 0.412894 0.589372 -0.555319 0.41687 1.12526 1.56916 -0.173051
data/frame-000132.color.jpg 0.355107 0.62811 -0.591921 0.359175 1.133 1.49215 0.154772
data/frame-000614.color.jpg 0.403764 0.853369 0.296533 -0.144239 0.836915 0.733133 1.15358
data/frame-000625.color.jpg 0.434684 0.879617 0.167955 -0.0954718 0.730866 0.630736 1.33929
data/frame-000026.color.jpg 0.350726 0.697351 -0.532601 0.327153 1.00317 1.62502 0.0989547
data/frame-000759.color.jpg 0.559124 0.686705 0.350718 -0.304653 -0.897215 1.37323 0.147872
data/frame-000770.color.jpg 0.585035 0.634806 0.359208 -0.354577 -0.877494 1.45684 0.0756739
data/frame-000508.color.jpg 0.0884927 0.0561195 0.884385 -0.454844 -0.332943 1.73316 -0.132527
data/frame-000519.color.jpg 0.16676 0.181689 0.856161 -0.454057 0.0053465 1.80535 -0.254147
data/frame-000257.color.jpg -0.203523 -0.484003 0.759395 -0.384239 -0.138191 0.998146 0.85659
data/frame-000268.color.jpg -0.149587 -0.491507 0.781626 -0.353703 -0.297439 0.774318 0.94157
data/frame-000083.color.jpg -0.264251 -0.565132 0.661375 -0.41639 1.20534 1.3676 0.185427
data/frame-000094.color.jpg 0.321861 0.617752 -0.605712 0.384579 1.0767 1.51516 0.200704
data/frame-000576.color.jpg 0.36242 0.712689 0.533543 -0.275785 1.31847 1.12941 0.667319
data/frame-000587.color.jpg 0.430566 0.698206 0.473906 -0.32021 1.34722 1.20861 0.547392
data/frame-000721.color.jpg 0.426831 0.725184 0.456571 -0.288906 -0.667847 1.26647 0.616336
data/frame-000325.color.jpg -0.292339 -0.551078 0.662953 -0.413937 -0.415381 1.14095 0.560232
data/frame-000732.color.jpg 0.416044 0.753671 0.445612 -0.245595 -0.832376 1.06697 0.556481
data/frame-000470.color.jpg -0.0937005 -0.300261 0.821143 -0.476223 -1.09812 1.46141 0.0309957
data/frame-000481.color.jpg -0.0194283 -0.169966 0.876361 -0.450251 -0.804479 1.60187 -0.0192187
data/frame-000219.color.jpg -0.292444 -0.490614 0.688833 -0.446412 0.372038 1.19957 0.507308
data/frame-000789.color.jpg 0.683442 0.536278 0.31016 -0.386153 -0.945191 1.47817 -0.375204
data/frame-000800.color.jpg 0.718334 0.493865 0.264665 -0.412366 -0.905396 1.47857 -0.620676
data/frame-000538.color.jpg 0.230258 0.35347 0.807276 -0.41273 0.485569 1.81647 -0.18617
data/frame-000549.color.jpg 0.289342 0.474784 0.736378 -0.385499 0.854264 1.70789 -0.0328801
data/frame-000683.color.jpg 0.566599 0.689264 0.342358 -0.294399 0.195507 1.6183 0.076669
data/frame-000276.color.jpg -0.153062 -0.429528 0.803104 -0.383539 -0.28979 0.758438 0.842405
data/frame-000287.color.jpg -0.119408 -0.405821 0.837418 -0.346096 -0.238042 0.571264 0.883633
data/frame-000298.color.jpg -0.124817 -0.391489 0.829653 -0.377933 -0.3016 0.719847 0.852203
data/frame-000432.color.jpg -0.0913755 -0.349222 0.835873 -0.413534 -1.0715 1.24688 0.312842
data/frame-000036.color.jpg 0.395072 0.676245 -0.514848 0.34863 0.906349 1.64827 -0.178351
data/frame-000694.color.jpg 0.514456 0.660674 0.413903 -0.357112 -0.0656448 1.5621 0.183434
data/frame-000181.color.jpg -0.140743 -0.463095 0.797847 -0.359409 0.683895 0.797393 0.925915
data/frame-000703.color.jpg 0.480144 0.660897 0.456947 -0.35196 -0.294173 1.52092 0.314669
data/frame-000113.color.jpg -0.382775 -0.554504 0.581803 -0.455537 1.11792 1.56691 -0.0749922
data/frame-000606.color.jpg 0.442001 0.809414 0.339919 -0.184228 0.918058 0.941588 1.02371
data/frame-000736.color.jpg 0.397893 0.764919 0.455582 -0.221415 -0.915946 0.969451 0.595151
data/frame-000751.color.jpg 0.523642 0.727459 0.352932 -0.268406 -0.896955 1.25837 0.208105
data/frame-000355.color.jpg -0.241917 -0.528059 0.672648 -0.458447 -0.464765 1.16955 0.308914
data/frame-000762.color.jpg 0.56275 0.677712 0.356803 -0.310983 -0.906753 1.38472 0.149552
data/frame-000489.color.jpg 0.0122284 -0.125826 0.885765 -0.446585 -0.77315 1.5965 -0.0140353
data/frame-000500.color.jpg 0.0457463 -0.0491101 0.891087 -0.448842 -0.638298 1.62221 -0.0140887
data/frame-000511.color.jpg 0.119803 0.103457 0.873836 -0.459733 -0.201997 1.76737 -0.206402
data/frame-000645.color.jpg 0.518631 0.80202 0.232691 -0.183412 0.712325 1.11626 1.01333
data/frame-000238.color.jpg -0.247165 -0.471929 0.72004 -0.444674 0.258633 1.19462 0.661059
data/frame-000249.color.jpg -0.189602 -0.424656 0.787924 -0.4036 0.0303144 1.13331 0.728388
data/frame-000260.color.jpg -0.188271 -0.496489 0.760767 -0.373211 -0.22236 0.901475 0.914045
data/frame-000394.color.jpg -0.105773 -0.30943 0.820972 -0.468048 -0.202357 1.27782 0.264183
data/frame-000143.color.jpg -0.249761 -0.536594 0.720504 -0.361331 1.23594 1.08487 0.726475
data/frame-000568.color.jpg 0.316998 0.651583 0.619223 -0.302512 1.21687 1.31377 0.475926
data/frame-000702.color.jpg 0.481356 0.6594 0.456184 -0.354096 -0.285556 1.52471 0.305604
data/frame-000317.color.jpg -0.226056 -0.520267 0.721244 -0.397528 -0.46684 0.969896 0.817762
data/frame-000713.color.jpg 0.439308 0.687337 0.480402 -0.322165 -0.608288 1.32791 0.606919
data/frame-000724.color.jpg 0.41646 0.76433 0.418649 -0.259026 -0.62836 1.24211 0.577433
data/frame-000451.color.jpg -0.250056 -0.45671 0.700083 -0.488642 -1.3456 1.25233 0.371449
data/frame-000066.color.jpg -0.355423 -0.589038 0.602737 -0.404248 1.20584 1.49775 -0.326607
data/frame-000462.color.jpg -0.17256 -0.386559 0.763448 -0.487793 -1.2588 1.3459 0.190974
data/frame-000473.color.jpg -0.0718784 -0.258895 0.83634 -0.477852 -1.00105 1.52064 -0.0357768
data/frame-000200.color.jpg -0.24491 -0.517547 0.708949 -0.411771 0.390052 1.01642 0.572646
data/frame-000211.color.jpg -0.280495 -0.501689 0.692165 -0.436508 0.395486 1.13999 0.52121
data/frame-000222.color.jpg -0.305318 -0.478157 0.683115 -0.459892 0.386521 1.23912 0.471726
data/frame-000356.color.jpg -0.241751 -0.519497 0.678387 -0.459859 -0.438982 1.17817 0.297173
data/frame-000607.color.jpg 0.440556 0.813316 0.333932 -0.18143 0.906628 0.925362 1.03335
data/frame-000781.color.jpg 0.651979 0.560894 0.33431 -0.385432 -0.921572 1.48343 -0.21288
data/frame-000530.color.jpg 0.202496 0.206145 0.851059 -0.438404 -0.0029305 1.82042 -0.272281
data/frame-000675.color.jpg 0.571424 0.722597 0.279561 -0.270507 0.453152 1.58532 0.209684
data/frame-000279.color.jpg -0.15404 -0.430884 0.802328 -0.383252 -0.29487 0.727387 0.844701
