data/frame-000192.color.jpg 0.4538 0.89092 0.017278 0.00541416 -0.32495 1.6932 0.14528
data/frame-000203.color.jpg 0.467741 0.876143 -0.0936783 0.0694064 -0.168892 1.69122 0.124943
data/frame-000097.color.jpg 0.288985 0.920893 -0.249259 0.0794604 0.837345 0.346319 1.36256
data/frame-000086.color.jpg 0.388149 0.892186 -0.205724 0.104988 0.946251 0.752864 1.30256
data/frame-000231.color.jpg 0.304248 0.680044 -0.600015 0.291471 0.333088 1.40598 0.570802
data/frame-000009.color.jpg 0.367911 0.894803 0.233153 -0.0980214 1.10142 1.32107 0.69991
data/frame-000154.color.jpg 0.414348 0.90115 0.0920437 -0.0881581 -0.152514 1.61172 0.353812
data/frame-000165.color.jpg 0.337586 0.862782 0.330022 -0.180912 -0.582506 1.48721 0.59812
data/frame-000299.color.jpg -0.0691978 -0.0901092 0.880654 -0.459936 0.0921846 1.25452 0.723684
data/frame-000310.color.jpg 0.0813443 0.0789048 0.834738 -0.53886 -0.0019492 1.3658 0.575292
data/frame-000048.color.jpg 0.453775 0.880109 0.108719 -0.0876175 1.46437 1.57359 0.251586
data/frame-000116.color.jpg 0.330921 0.935022 -0.106987 0.0691272 0.242052 0.656745 1.2743
data/frame-000127.color.jpg 0.375546 0.926375 -0.00912654 0.0266734 0.00100723 0.949487 1.03069
data/frame-000105.color.jpg 0.27486 0.93677 -0.197226 0.0895321 0.613377 0.437922 1.32061
data/frame-000261.color.jpg -0.266227 -0.629962 0.653775 -0.323803 -0.171429 0.942757 1.15462
data/frame-000010.color.jpg 0.368517 0.894174 0.235142 -0.0967301 1.09723 1.32667 0.700926
data/frame-000184.color.jpg 0.416572 0.904414 0.0859631 -0.0333794 -0.355152 1.69171 0.200515
data/frame-000318.color.jpg 0.0860476 0.0965806 0.819472 -0.558331 -0.0137488 1.39787 0.517142
data/frame-000067.color.jpg 0.448331 0.888741 -0.0823617 0.0485244 1.20819 1.2193 0.919146
data/frame-000078.color.jpg 0.418201 0.893395 -0.146034 0.0750171 1.07142 0.993479 1.12017
data/frame-000089.color.jpg 0.366458 0.90231 -0.204674 0.0982567 0.943863 0.658548 1.31686
data/frame-000146.color.jpg 0.447293 0.887857 0.0928537 -0.054934 -0.268814 1.49792 0.413077
data/frame-000280.color.jpg -0.131857 -0.331935 0.858261 -0.368538 -0.291282 1.08826 0.914752
data/frame-000291.color.jpg -0.072859 -0.140178 0.884687 -0.4386 -0.174157 1.21721 0.758799
data/frame-000029.color.jpg 0.432646 0.89002 0.132082 -0.0568906 1.07949 1.33862 0.692501
data/frame-000040.color.jpg 0.424702 0.891338 0.139474 -0.0754486 1.27288 1.50208 0.563232
data/frame-000108.color.jpg 0.301775 0.921368 -0.224458 0.0981394 0.500985 0.497763 1.32829
data/frame-000002.color.jpg 0.37072 0.904543 0.192743 -0.0849682 1.17861 1.26369 0.744331
data/frame-000233.color.jpg 0.301229 0.680993 -0.60324 0.285675 0.343049 1.37085 0.611907
data/frame-000059.color.jpg 0.454824 0.890269 -0.023309 0.0035283 1.34249 1.32603 0.72366
data/frame-000070.color.jpg 0.453706 0.885196 -0.086285 0.055973 1.16277 1.21084 0.930815
data/frame-000195.color.jpg 0.467761 0.883712 0.000916666 0.015877 -0.314724 1.68907 0.126909
data/frame-000206.color.jpg 0.436738 0.870436 -0.190498 0.123743 0.00770844 1.69554 0.166464
data/frame-000021.color.jpg 0.379087 0.893639 0.224049 -0.0866247 1.0814 1.33112 0.716286
data/frame-000263.color.jpg -0.263471 -0.621195 0.659323 -0.331651 -0.221253 0.958738 1.13665
data/frame-000274.color.jpg -0.197281 -0.47146 0.773231 -0.375392 -0.345268 1.08397 0.959574
data/frame-000157.color.jpg 0.393931 0.889728 0.195674 -0.122126 -0.405485 1.56759 0.446763
data/frame-000168.color.jpg 0.322187 0.847185 0.374824 -0.194886 -0.615447 1.44125 0.646827
data/frame-000302.color.jpg -0.0300336 -0.0499348 0.877067 -0.476821 0.14748 1.24379 0.733515
data/frame-000051.color.jpg 0.460386 0.882125 0.0777955 -0.0620266 1.49398 1.52907 0.344507
data/frame-000225.color.jpg 0.355149 0.745321 -0.497102 0.266936 0.203066 1.47979 0.473905
data/frame-000236.color.jpg 0.332755 0.725577 -0.54399 0.258625 0.24461 1.32853 0.676955
data/frame-000119.color.jpg 0.333687 0.934305 -0.100951 0.0744046 0.103854 0.749145 1.18725
data/frame-000264.color.jpg -0.2625 -0.614771 0.66393 -0.335181 -0.245173 0.966381 1.12551
data/frame-000176.color.jpg 0.368024 0.844171 0.349602 -0.172375 -0.681364 1.48256 0.503161
data/frame-000187.color.jpg 0.425995 0.903154 0.0529454 -0.00610426 -0.353081 1.69508 0.186779
data/frame-000198.color.jpg 0.477182 0.878396 -0.00845639 0.0254147 -0.30863 1.68558 0.108588
data/frame-000321.color.jpg 0.0934398 0.1014 0.815993 -0.561376 -0.0370385 1.40447 0.50811
data/frame-000081.color.jpg 0.407888 0.892064 -0.177753 0.079074 1.04921 0.881445 1.18919
data/frame-000255.color.jpg 0.31131 0.71936 -0.560367 0.267575 0.0437367 0.955361 1.13967
data/frame-000004.color.jpg 0.375441 0.899312 0.205397 -0.0899646 1.13429 1.29467 0.728812
data/frame-000138.color.jpg 0.394387 0.910016 0.122894 -0.0350295 -0.214284 1.21357 0.740592
data/frame-000149.color.jpg 0.482402 0.874757 0.0423478 -0.0171662 -0.217386 1.59249 0.206124
data/frame-000160.color.jpg 0.379257 0.872384 0.261349 -0.163729 -0.512724 1.52829 0.51402
data/frame-000294.color.jpg -0.0618491 -0.106131 0.865909 -0.484884 -0.164634 1.29086 0.661089
data/frame-000283.color.jpg -0.136733 -0.336666 0.854844 -0.370409 -0.347982 1.06122 0.939062
data/frame-000032.color.jpg 0.443503 0.88405 0.131752 -0.0663392 1.1017 1.37147 0.6303
data/frame-000043.color.jpg 0.447555 0.876212 0.153289 -0.0919274 1.2675 1.61377 0.295919
data/frame-000217.color.jpg 0.371112 0.773801 -0.43665 0.269898 0.281536 1.61078 0.302389
data/frame-000100.color.jpg 0.267839 0.916627 -0.283143 0.0888131 0.747532 0.253179 1.40109
data/frame-000111.color.jpg 0.317838 0.934596 -0.140023 0.0768281 0.425295 0.578977 1.30754
data/frame-000245.color.jpg 0.352908 0.770728 -0.472072 0.24204 0.107431 1.15448 0.923458
data/frame-000256.color.jpg 0.299993 0.701275 -0.580691 0.284632 0.00653902 0.953369 1.14132
data/frame-000005.color.jpg 0.375684 0.895923 0.218874 -0.0909773 1.10266 1.31327 0.716802
data/frame-000179.color.jpg 0.387918 0.879042 0.250049 -0.119498 -0.587467 1.57848 0.376575
data/frame-000313.color.jpg 0.0939418 0.106287 0.827501 -0.54325 -0.00084124 1.36642 0.556021
data/frame-000324.color.jpg 0.0993605 0.118155 0.812754 -0.561781 -0.0374884 1.41084 0.500322
data/frame-000062.color.jpg 0.45722 0.888195 -0.0414096 0.0185672 1.29239 1.30013 0.780648
data/frame-000073.color.jpg 0.442948 0.887001 -0.108873 0.0719226 1.1058 1.14707 1.01622
data/frame-000130.color.jpg 0.386813 0.916642 0.0982212 -0.0222805 -0.0848182 0.981078 0.981473
data/frame-000275.color.jpg -0.17956 -0.445011 0.791845 -0.377764 -0.346911 1.08865 0.940025
data/frame-000286.color.jpg -0.10462 -0.228345 0.891546 -0.376908 -0.241453 1.11837 0.888489
data/frame-000024.color.jpg 0.387239 0.901562 0.183391 -0.0600033 1.05244 1.28882 0.780448
data/frame-000013.color.jpg 0.368297 0.893777 0.23585 -0.099474 1.10942 1.32419 0.695416
data/frame-000035.color.jpg 0.439444 0.885816 0.134672 -0.063896 1.15465 1.41266 0.625056
data/frame-000092.color.jpg 0.32884 0.915253 -0.219127 0.0784742 0.958201 0.503515 1.33052
data/frame-000228.color.jpg 0.339236 0.717845 -0.540186 0.278956 0.283846 1.46114 0.500693
data/frame-000122.color.jpg 0.348253 0.931385 -0.0792664 0.0704191 0.052799 0.842041 1.11375
data/frame-000305.color.jpg 0.0282385 0.0116349 0.858376 -0.512111 0.0563434 1.30943 0.653978
data/frame-000054.color.jpg 0.459893 0.886365 0.035098 -0.0402899 1.44047 1.43117 0.490085
data/frame-000190.color.jpg 0.447205 0.894066 0.0253829 0.00286287 -0.330095 1.70358 0.143543
data/frame-000016.color.jpg 0.370729 0.892826 0.236175 -0.0982004 1.10676 1.32633 0.695082
data/frame-000247.color.jpg 0.368209 0.776897 -0.456001 0.230036 0.118712 1.12205 0.976287
data/frame-000258.color.jpg 0.276503 0.662495 -0.625838 0.304915 -0.0537952 0.927202 1.16074
data/frame-000269.color.jpg -0.256944 -0.594665 0.674651 -0.353834 -0.352384 0.987139 1.08339
data/frame-000141.color.jpg 0.439276 0.884451 0.138925 -0.0740511 -0.253245 1.3585 0.574345
data/frame-000152.color.jpg 0.445391 0.894318 0.0284935 -0.0317769 -0.0921443 1.61237 0.279729
data/frame-000209.color.jpg 0.425062 0.855662 -0.253444 0.151426 0.122301 1.69788 0.16497
data/frame-000220.color.jpg 0.365608 0.75958 -0.465673 0.269291 0.238995 1.56696 0.363024
data/frame-000103.color.jpg 0.269581 0.928282 -0.23656 0.0982726 0.643915 0.364629 1.36301
data/frame-000114.color.jpg 0.325871 0.936723 -0.10899 0.0669259 0.313735 0.610866 1.30647
data/frame-000288.color.jpg -0.0871362 -0.184821 0.894793 -0.396982 -0.210475 1.15281 0.840759
data/frame-000171.color.jpg 0.314859 0.826648 0.418236 -0.206387 -0.655858 1.39135 0.691553
data/frame-000182.color.jpg 0.402311 0.899848 0.152183 -0.072523 -0.445621 1.65376 0.271723
data/frame-000316.color.jpg 0.0841363 0.0895063 0.826603 -0.549216 -0.00773522 1.38246 0.545624
data/frame-000065.color.jpg 0.452694 0.888029 -0.0714477 0.0369797 1.23698 1.23983 0.869995
data/frame-000076.color.jpg 0.431051 0.889126 -0.132335 0.0783469 1.07011 1.06581 1.08149
data/frame-000250.color.jpg 0.366434 0.773944 -0.462571 0.229705 0.103587 1.05135 1.05317
data/frame-000133.color.jpg 0.395545 0.910216 0.118949 -0.0300303 -0.154765 1.06136 0.900859
data/frame-000144.color.jpg 0.436423 0.889276 0.114872 -0.0743524 -0.255411 1.42837 0.516822
data/frame-000278.color.jpg -0.148444 -0.36586 0.838369 -0.375831 -0.295081 1.10571 0.913761
data/frame-000289.color.jpg -0.0757854 -0.161774 0.893673 -0.411625 -0.195696 1.17986 0.809969
data/frame-000027.color.jpg 0.411976 0.897625 0.147071 -0.0539947 1.05837 1.30497 0.748647
data/frame-000201.color.jpg 0.476889 0.876693 -0.0449431 0.0443525 -0.251695 1.68943 0.115889
data/frame-000084.color.jpg 0.394849 0.892313 -0.195657 0.097934 0.976204 0.799303 1.2615
data/frame-000095.color.jpg 0.298488 0.920475 -0.239583 0.0789396 0.886071 0.387507 1.3651
data/frame-000106.color.jpg 0.28421 0.930406 -0.210643 0.0959094 0.570214 0.456366 1.32294
data/frame-000240.color.jpg 0.354782 0.753478 -0.502554 0.232034 0.213783 1.25067 0.793372
data/frame-000163.color.jpg 0.346062 0.867155 0.311141 -0.17741 -0.563424 1.48044 0.595435
data/frame-000297.color.jpg -0.0702232 -0.159603 0.869182 -0.46273 -0.163728 1.25553 0.722453
data/frame-000308.color.jpg 0.0642255 0.0517384 0.839964 -0.536338 0.0102333 1.35236 0.582081
data/frame-000319.color.jpg 0.0915374 0.0986322 0.816997 -0.560722 -0.0306637 1.40394 0.512765
data/frame-000046.color.jpg 0.453023 0.878817 0.11698 -0.0936276 1.42436 1.58735 0.260097
data/frame-000057.color.jpg 0.457603 0.889076 -0.00575235 -0.0104511 1.38359 1.35439 0.654004
data/frame-000068.color.jpg 0.444436 0.890425 -0.084253 0.0502079 1.19738 1.20645 0.934672
data/frame-000193.color.jpg 0.45962 0.887948 0.0144848 0.00935115 -0.329499 1.6913 0.135569
data/frame-000125.color.jpg 0.357611 0.930864 -0.0585071 0.0467233 0.0522622 0.88387 1.08159
data/frame-000270.color.jpg -0.25878 -0.584672 0.679335 -0.360133 -0.357032 1.01064 1.06079
data/frame-000281.color.jpg -0.140788 -0.330868 0.859335 -0.36366 -0.293136 1.07633 0.9302
data/frame-000008.color.jpg 0.369925 0.895654 0.226881 -0.0973864 1.10535 1.31391 0.703414
data/frame-000019.color.jpg 0.371399 0.892594 0.234736 -0.10118 1.11397 1.32701 0.686055
data/frame-000030.color.jpg 0.44058 0.885626 0.132474 -0.0633002 1.09185 1.35754 0.653277
data/frame-000087.color.jpg 0.386178 0.892206 -0.201465 0.119356 0.902297 0.76059 1.32465
data/frame-000212.color.jpg 0.40967 0.830651 -0.318279 0.202207 0.182808 1.68182 0.182873
data/frame-000223.color.jpg 0.355942 0.752414 -0.485687 0.266994 0.194138 1.50796 0.443526
data/frame-000300.color.jpg -0.059052 -0.0654204 0.881983 -0.462968 0.1612 1.24152 0.736562
data/frame-000038.color.jpg 0.438498 0.886081 0.132104 -0.0716122 1.26255 1.44723 0.57815
data/frame-000049.color.jpg 0.454975 0.881551 0.0994245 -0.0773378 1.47326 1.56603 0.285317
data/frame-000174.color.jpg 0.320731 0.82341 0.420151 -0.206398 -0.685852 1.37743 0.679816
data/frame-000185.color.jpg 0.422363 0.903679 0.0680428 -0.0185171 -0.34182 1.70018 0.183305
data/frame-000011.color.jpg 0.369309 0.893973 0.234692 -0.0966559 1.10241 1.32711 0.7006
data/frame-000242.color.jpg 0.346738 0.747437 -0.515501 0.235308 0.237122 1.20464 0.830742
data/frame-000253.color.jpg 0.32666 0.743716 -0.526603 0.250735 0.0709192 0.972264 1.12467
data/frame-000136.color.jpg 0.375778 0.916673 0.13238 -0.0312454 -0.200753 1.1111 0.836456
data/frame-000147.color.jpg 0.4587 0.885087 0.070042 -0.0362013 -0.248521 1.5366 0.334931
data/frame-000204.color.jpg 0.452352 0.879212 -0.125077 0.0819755 -0.10905 1.69088 0.15503
data/frame-000215.color.jpg 0.384487 0.790418 -0.405965 0.250202 0.301256 1.63307 0.262634
data/frame-000098.color.jpg 0.285285 0.920204 -0.255793 0.080044 0.821572 0.326134 1.37252
data/frame-000272.color.jpg -0.241527 -0.538872 0.716677 -0.371019 -0.35216 1.06636 1.00106
data/frame-000155.color.jpg 0.409682 0.895932 0.139708 -0.0997419 -0.27396 1.59188 0.380253
data/frame-000166.color.jpg 0.335332 0.859299 0.340444 -0.182363 -0.590086 1.47773 0.602691
data/frame-000177.color.jpg 0.376412 0.852987 0.322768 -0.162935 -0.656289 1.51829 0.461094
data/frame-000311.color.jpg 0.0876102 0.0911262 0.83233 -0.539674 -0.00337992 1.36852 0.570279
data/frame-000060.color.jpg 0.456896 0.888934 -0.0305231 0.0104983 1.31885 1.31684 0.745824
data/frame-000234.color.jpg 0.309381 0.69379 -0.588095 0.277638 0.32266 1.36511 0.623781
data/frame-000117.color.jpg 0.334939 0.931259 -0.122899 0.0739457 0.190406 0.688404 1.24603
data/frame-000128.color.jpg 0.374595 0.926397 0.0315373 0.0217256 -0.0736048 0.948013 1.01575
data/frame-000139.color.jpg 0.418992 0.896421 0.129566 -0.0639392 -0.18451 1.28672 0.658973
data/frame-000273.color.jpg -0.221707 -0.501317 0.748156 -0.373885 -0.339181 1.08327 0.978303
data/frame-000022.color.jpg 0.383894 0.895212 0.212636 -0.0775073 1.06897 1.32358 0.73471
data/frame-000196.color.jpg 0.470846 0.881982 -0.00379519 0.019923 -0.313652 1.68733 0.124118
data/frame-000079.color.jpg 0.413692 0.894097 -0.154359 0.0749911 1.06965 0.959997 1.13866
data/frame-000090.color.jpg 0.359006 0.904957 -0.2093 0.0914445 0.953026 0.617741 1.31547
data/frame-000101.color.jpg 0.275899 0.915889 -0.275041 0.0968496 0.702868 0.306089 1.39083
data/frame-000235.color.jpg 0.323558 0.71073 -0.563466 0.269591 0.274494 1.35043 0.649225
data/frame-000158.color.jpg 0.389918 0.883591 0.220148 -0.136989 -0.454751 1.55261 0.466194
data/frame-000292.color.jpg -0.0586009 -0.12375 0.881216 -0.452449 -0.181641 1.23238 0.736421
data/frame-000303.color.jpg -0.00595033 -0.0305376 0.867675 -0.496158 0.110137 1.27227 0.693149
data/frame-000314.color.jpg 0.0911323 0.101814 0.8264 -0.546252 -0.00123024 1.37258 0.549603
data/frame-000041.color.jpg 0.436353 0.881141 0.152628 -0.0994491 1.28224 1.56683 0.394546
data/frame-000052.color.jpg 0.463146 0.88239 0.0624326 -0.0546461 1.4834 1.49316 0.383093
data/frame-000109.color.jpg 0.310018 0.92416 -0.20121 0.096598 0.462899 0.540966 1.32676
data/frame-000120.color.jpg 0.344171 0.931647 -0.0897461 0.0743415 0.075609 0.797599 1.14855
data/frame-000265.color.jpg -0.26015 -0.611089 0.666846 -0.337947 -0.269215 0.967908 1.11966
data/frame-000003.color.jpg 0.36992 0.903707 0.195751 -0.090298 1.16571 1.26766 0.739207
data/frame-000014.color.jpg 0.369432 0.893104 0.237522 -0.0973095 1.10174 1.32995 0.698012
data/frame-000322.color.jpg 0.0947481 0.108003 0.812844 -0.564484 -0.0337717 1.40871 0.497715
data/frame-000071.color.jpg 0.450594 0.885704 -0.0929765 0.0620333 1.14509 1.19532 0.958944
data/frame-000082.color.jpg 0.400993 0.893206 -0.184701 0.0852831 1.02289 0.844771 1.21997
data/frame-000207.color.jpg 0.434071 0.864646 -0.213941 0.134904 0.0537366 1.6959 0.165133
data/frame-000218.color.jpg 0.364668 0.769424 -0.453574 0.263199 0.283174 1.58239 0.344581
data/frame-000295.color.jpg -0.0499903 -0.130859 0.872871 -0.467412 -0.211325 1.2656 0.716909
data/frame-000033.color.jpg 0.44513 0.88366 0.130033 -0.0639923 1.11682 1.3843 0.628624
data/frame-000044.color.jpg 0.450868 0.877564 0.138764 -0.0857025 1.31651 1.62447 0.298641
data/frame-000169.color.jpg 0.315501 0.839696 0.39285 -0.202577 -0.621649 1.42423 0.673798
data/frame-000226.color.jpg 0.348994 0.741067 -0.509454 0.263588 0.22905 1.4694 0.499801
data/frame-000237.color.jpg 0.342134 0.736653 -0.526979 0.250159 0.216595 1.30631 0.706028
data/frame-000248.color.jpg 0.36999 0.777985 -0.45424 0.226965 0.121432 1.09553 1.01081
data/frame-000131.color.jpg 0.389939 0.912505 0.118324 -0.0358047 -0.0847973 0.997386 0.970719
data/frame-000063.color.jpg 0.458651 0.886845 -0.050346 0.0247058 1.2703 1.28499 0.803866
data/frame-000188.color.jpg 0.432987 0.900415 0.0419194 -0.00421523 -0.342626 1.70072 0.17205
data/frame-000199.color.jpg 0.481121 0.876104 -0.0149991 0.0271756 -0.295353 1.69006 0.0986208
data/frame-000210.color.jpg 0.429554 0.84449 -0.268369 0.174065 0.119964 1.70507 0.133615
data/frame-000093.color.jpg 0.317729 0.917572 -0.226215 0.0770525 0.945191 0.45984 1.34273
data/frame-000267.color.jpg -0.252403 -0.602864 0.674067 -0.34421 -0.324349 0.960712 1.10786
data/frame-000150.color.jpg 0.483608 0.87458 0.0338896 -0.00918895 -0.204099 1.60306 0.183136
data/frame-000161.color.jpg 0.367212 0.870615 0.277792 -0.173253 -0.524117 1.50642 0.551588
data/frame-000172.color.jpg 0.315141 0.82319 0.423204 -0.209626 -0.657456 1.38537 0.694541
data/frame-000306.color.jpg 0.0382772 0.0270821 0.854311 -0.517642 0.0391054 1.31706 0.638858
data/frame-000055.color.jpg 0.458026 0.88827 0.0173144 -0.0298105 1.42919 1.39899 0.558891
data/frame-000229.color.jpg 0.332164 0.707768 -0.555385 0.283335 0.299815 1.44708 0.512506
data/frame-000112.color.jpg 0.32259 0.937026 -0.116594 0.0657518 0.410169 0.594758 1.29933
data/frame-000123.color.jpg 0.354039 0.929848 -0.0752377 0.0661718 0.0509528 0.862082 1.10722
data/frame-000257.color.jpg 0.286621 0.675805 -0.609704 0.298994 -0.0250764 0.940927 1.15167
data/frame-000268.color.jpg -0.254645 -0.598655 0.67445 -0.349121 -0.344275 0.972066 1.09683
data/frame-000006.color.jpg 0.373927 0.895995 0.220891 -0.0926152 1.10304 1.31335 0.712812
data/frame-000180.color.jpg 0.393082 0.886503 0.221149 -0.103405 -0.551388 1.60334 0.341149
data/frame-000191.color.jpg 0.446922 0.89428 0.0224599 0.00446532 -0.33178 1.69561 0.154419
data/frame-000325.color.jpg 0.107093 0.126274 0.81153 -0.560362 -0.0463878 1.40741 0.496099
data/frame-000074.color.jpg 0.439468 0.887566 -0.115724 0.0755208 1.08529 1.12281 1.03784
data/frame-000085.color.jpg 0.391575 0.89099 -0.206014 0.101807 0.95867 0.763707 1.2885
data/frame-000219.color.jpg 0.362457 0.764683 -0.461613 0.266079 0.25858 1.57648 0.362327
data/frame-000142.color.jpg 0.444702 0.88235 0.134544 -0.0748122 -0.267145 1.38343 0.544802
data/frame-000153.color.jpg 0.422472 0.901801 0.0553818 -0.0721499 -0.0814614 1.61415 0.331726
data/frame-000276.color.jpg -0.168321 -0.420312 0.806558 -0.380092 -0.340166 1.10029 0.920537
data/frame-000287.color.jpg -0.0973495 -0.210978 0.894288 -0.38244 -0.228317 1.1278 0.874105
data/frame-000298.color.jpg -0.0763857 -0.124839 0.877325 -0.457035 -0.00748946 1.26103 0.722279
data/frame-000036.color.jpg 0.44554 0.881938 0.136856 -0.0703547 1.20003 1.43896 0.580953
data/frame-000047.color.jpg 0.45405 0.878707 0.113201 -0.0943271 1.4531 1.57595 0.237358
data/frame-000104.color.jpg 0.26537 0.936206 -0.209468 0.0960199 0.617746 0.397307 1.34702
data/frame-000115.color.jpg 0.332236 0.934949 -0.105413 0.0661673 0.285107 0.640814 1.29059
data/frame-000260.color.jpg -0.268392 -0.638985 0.646076 -0.319765 -0.14202 0.938003 1.15874
data/frame-000317.color.jpg 0.0843088 0.0882318 0.825865 -0.550503 -0.0135947 1.39348 0.538817
data/frame-000066.color.jpg 0.449741 0.888756 -0.0774732 0.0429352 1.22095 1.22829 0.896643
data/frame-000202.color.jpg 0.473557 0.875851 -0.07239 0.0582061 -0.202264 1.68962 0.118976
data/frame-000134.color.jpg 0.392122 0.910732 0.125326 -0.0331906 -0.173885 1.07776 0.875905
data/frame-000017.color.jpg 0.370036 0.892967 0.2365 -0.0987496 1.10761 1.32716 0.694535
data/frame-000028.color.jpg 0.42253 0.894372 0.136766 -0.0535029 1.06522 1.31838 0.727185
data/frame-000259.color.jpg 0.270932 0.650484 -0.636969 0.31263 -0.0890439 0.928278 1.16065
data/frame-000164.color.jpg 0.336686 0.865748 0.323562 -0.180086 -0.569635 1.48864 0.605894
data/frame-000221.color.jpg 0.36023 0.75955 -0.472304 0.265043 0.217725 1.5411 0.400007
data/frame-000232.color.jpg 0.299583 0.669589 -0.611078 0.297463 0.346734 1.3876 0.587396
data/frame-000243.color.jpg 0.345733 0.742974 -0.518872 0.243372 0.208719 1.18645 0.86299
data/frame-000126.color.jpg 0.364698 0.929685 -0.033413 0.0395698 0.0271608 0.917781 1.05455
data/frame-000183.color.jpg 0.40807 0.903998 0.114682 -0.055805 -0.382481 1.67703 0.235575
data/frame-000194.color.jpg 0.464168 0.885603 0.00790017 0.0138894 -0.325815 1.68976 0.132079
data/frame-000077.color.jpg 0.423792 0.891694 -0.139547 0.0762129 1.06957 1.02541 1.10157
data/frame-000251.color.jpg 0.356409 0.766227 -0.478178 0.239198 0.0784118 1.03176 1.07128
data/frame-000262.color.jpg -0.264857 -0.625345 0.656488 -0.328357 -0.199255 0.951755 1.1459
data/frame-000000.color.jpg 0.367683 0.913578 0.167647 -0.0455862 1.1634 1.21936 0.859497
data/frame-000145.color.jpg 0.442414 0.88823 0.106404 -0.0632074 -0.271171 1.45993 0.464068
data/frame-000156.color.jpg 0.40166 0.889948 0.184318 -0.112646 -0.387446 1.56518 0.418174
data/frame-000290.color.jpg -0.0771994 -0.146153 0.890047 -0.424848 -0.173231 1.2015 0.784814
data/frame-000039.color.jpg 0.429801 0.890447 0.133634 -0.0672174 1.25643 1.46674 0.588234
data/frame-000213.color.jpg 0.404081 0.817071 -0.349473 0.216754 0.229965 1.66901 0.20272
data/frame-000224.color.jpg 0.355523 0.746816 -0.494744 0.266642 0.206424 1.49048 0.46191
data/frame-000096.color.jpg 0.287404 0.922677 -0.245066 0.0775153 0.858045 0.345487 1.36808
data/frame-000107.color.jpg 0.290913 0.925688 -0.219572 0.10129 0.529314 0.47328 1.32949
data/frame-000118.color.jpg 0.330968 0.933653 -0.11532 0.0738489 0.14328 0.70747 1.22054
data/frame-000252.color.jpg 0.345697 0.76343 -0.488453 0.243066 0.0672422 1.01144 1.08782
data/frame-000001.color.jpg 0.370818 0.908094 0.180378 -0.0729569 1.18142 1.24422 0.778998
data/frame-000175.color.jpg 0.333704 0.829893 0.402672 -0.194359 -0.703352 1.40213 0.633509
data/frame-000309.color.jpg 0.0724706 0.0681466 0.836343 -0.539106 0.00911895 1.36225 0.576436
data/frame-000320.color.jpg 0.0925201 0.100375 0.815933 -0.561799 -0.0346185 1.40095 0.509653
data/frame-000058.color.jpg 0.455189 0.890244 -0.0150598 -0.00645089 1.37165 1.33478 0.686272
data/frame-000069.color.jpg 0.455695 0.885675 -0.0756489 0.04689 1.18607 1.2346 0.891513
data/frame-000080.color.jpg 0.41122 0.893247 -0.165669 0.0745773 1.06598 0.920013 1.15912
data/frame-000214.color.jpg 0.39902 0.803094 -0.378342 0.229523 0.283222 1.65422 0.222681
data/frame-000137.color.jpg 0.380647 0.915294 0.127557 -0.032765 -0.205426 1.15304 0.797582
data/frame-000271.color.jpg -0.249529 -0.57135 0.689855 -0.367961 -0.37597 1.02859 1.03023
data/frame-000282.color.jpg -0.142615 -0.333005 0.856137 -0.368507 -0.315731 1.07148 0.930102
data/frame-000293.color.jpg -0.0508721 -0.107521 0.875822 -0.467747 -0.181234 1.25449 0.699895
data/frame-000020.color.jpg 0.373458 0.892973 0.232469 -0.0953203 1.09961 1.33022 0.698857
data/frame-000031.color.jpg 0.443226 0.883844 0.13351 -0.0674238 1.09852 1.368 0.631199
data/frame-000205.color.jpg 0.446425 0.876695 -0.152762 0.093666 -0.0515365 1.69552 0.16069
data/frame-000088.color.jpg 0.378188 0.896273 -0.202918 0.11177 0.917396 0.716778 1.32715
data/frame-000099.color.jpg 0.274769 0.91701 -0.275981 0.0861961 0.776598 0.274147 1.39405
data/frame-000244.color.jpg 0.345786 0.761822 -0.491526 0.241789 0.13807 1.15929 0.904388
data/frame-000301.color.jpg -0.0481213 -0.0569627 0.881633 -0.466008 0.162115 1.23405 0.749136
data/frame-000312.color.jpg 0.0935121 0.0996359 0.831865 -0.537892 -0.00778631 1.36617 0.571833
data/frame-000050.color.jpg 0.45894 0.880991 0.0913855 -0.069844 1.48057 1.55337 0.305268
data/frame-000061.color.jpg 0.456788 0.888747 -0.0354266 0.0148054 1.30674 1.30922 0.76353
data/frame-000186.color.jpg 0.426075 0.90283 0.0570512 -0.010141 -0.343466 1.69492 0.179251
data/frame-000197.color.jpg 0.473763 0.880332 -0.00634594 0.0229007 -0.311366 1.68595 0.116991
data/frame-000012.color.jpg 0.367893 0.894029 0.236324 -0.0975598 1.10258 1.32589 0.700398
data/frame-000023.color.jpg 0.386095 0.89865 0.196952 -0.0675919 1.06032 1.3034 0.761323
data/frame-000254.color.jpg 0.323886 0.738647 -0.53353 0.254644 0.0648796 0.968961 1.12774
data/frame-000148.color.jpg 0.474906 0.878017 0.053308 -0.0266293 -0.227005 1.57214 0.253917
data/frame-000216.color.jpg 0.372674 0.778337 -0.42901 0.266939 0.290027 1.62109 0.293562
data/frame-000227.color.jpg 0.34594 0.728387 -0.525617 0.271117 0.260038 1.46202 0.498258
data/frame-000110.color.jpg 0.314444 0.929929 -0.170253 0.0858588 0.449385 0.560095 1.3172
data/frame-000042.color.jpg 0.44656 0.87553 0.159062 -0.0934356 1.25449 1.61079 0.336913
data/frame-000284.color.jpg -0.129207 -0.313031 0.862841 -0.375262 -0.33711 1.08684 0.917151
data/frame-000167.color.jpg 0.327677 0.855286 0.35569 -0.186005 -0.604913 1.45975 0.625965
data/frame-000178.color.jpg 0.38538 0.864345 0.28808 -0.146285 -0.622363 1.55158 0.410541
data/frame-000189.color.jpg 0.441246 0.896811 0.0320987 0.00104228 -0.336643 1.70467 0.1547
data/frame-000323.color.jpg 0.096454 0.11388 0.811769 -0.564587 -0.0328888 1.409 0.494888
data/frame-000072.color.jpg 0.447435 0.886332 -0.0992236 0.0661175 1.13104 1.17739 0.983283
data/frame-000246.color.jpg 0.362563 0.775205 -0.458801 0.238969 0.0995476 1.14193 0.947466
data/frame-000129.color.jpg 0.382677 0.921317 0.0687963 -0.000513417 -0.0876188 0.965013 0.991364
data/frame-000140.color.jpg 0.434931 0.886828 0.137271 -0.0743462 -0.215579 1.3347 0.60154
data/frame-000151.color.jpg 0.474397 0.879729 0.0286826 -0.0141995 -0.161952 1.61297 0.204055
data/frame-000285.color.jpg -0.118198 -0.270142 0.880255 -0.371757 -0.279623 1.10382 0.909891
data/frame-000208.color.jpg 0.430583 0.859166 -0.235266 0.145198 0.0870707 1.6957 0.165651
data/frame-000091.color.jpg 0.340903 0.911679 -0.214087 0.0824289 0.96082 0.549826 1.32316
data/frame-000102.color.jpg 0.271332 0.920378 -0.262617 0.101565 0.659653 0.326279 1.38447
data/frame-000025.color.jpg 0.392054 0.902824 0.168097 -0.0542711 1.05017 1.28057 0.789555
data/frame-000159.color.jpg 0.385453 0.877538 0.243197 -0.149024 -0.497411 1.5402 0.488728
data/frame-000170.color.jpg 0.313614 0.833031 0.406551 -0.205968 -0.639233 1.40802 0.687325
data/frame-000304.color.jpg 0.0146585 -0.0123556 0.85927 -0.511163 0.0699146 1.29953 0.659091
data/frame-000315.color.jpg 0.0863532 0.0994813 0.825711 -0.548496 0.00689073 1.37733 0.546203
data/frame-000053.color.jpg 0.462169 0.884266 0.047162 -0.0474345 1.47202 1.4672 0.436573
data/frame-000064.color.jpg 0.45578 0.887505 -0.0611321 0.0293535 1.25902 1.26051 0.834715
data/frame-000121.color.jpg 0.34569 0.931083 -0.0934503 0.0696466 0.0706088 0.815025 1.12992
data/frame-000132.color.jpg 0.395679 0.908886 0.125052 -0.0415603 -0.0956697 1.02745 0.939142
data/frame-000266.color.jpg -0.253723 -0.606313 0.671645 -0.34191 -0.308982 0.959596 1.11292
data/frame-000277.color.jpg -0.158673 -0.396893 0.819151 -0.382479 -0.328596 1.11096 0.908735
data/frame-000015.color.jpg 0.371437 0.892072 0.23886 -0.0958521 1.09559 1.33407 0.698617
data/frame-000026.color.jpg 0.402598 0.900304 0.156594 -0.0533453 1.05319 1.29286 0.770077
data/frame-000094.color.jpg 0.309513 0.918355 -0.234782 0.0755255 0.927716 0.420557 1.35026
data/frame-000083.color.jpg 0.398257 0.892655 -0.188508 0.0949864 0.990618 0.830143 1.24022
data/frame-000239.color.jpg 0.353166 0.754475 -0.500281 0.236136 0.19436 1.26673 0.768554
data/frame-000296.color.jpg -0.0506422 -0.158212 0.873913 -0.456815 -0.234909 1.23531 0.747156
data/frame-000307.color.jpg 0.0563858 0.0419671 0.845387 -0.52951 0.0172495 1.33944 0.601787
data/frame-000034.color.jpg 0.438439 0.886278 0.134788 -0.064153 1.12249 1.3917 0.636741
data/frame-000045.color.jpg 0.453589 0.877968 0.123679 -0.0901804 1.3824 1.60553 0.273804
data/frame-000056.color.jpg 0.458806 0.888322 0.00234564 -0.0193639 1.40854 1.37169 0.614605
data/frame-000181.color.jpg 0.397771 0.895174 0.183158 -0.0830344 -0.497626 1.63114 0.303581
data/frame-000113.color.jpg 0.327532 0.936825 -0.106764 0.060685 0.377768 0.612049 1.30153
data/frame-000007.color.jpg 0.376463 0.893465 0.226353 -0.093597 1.089 1.32453 0.702092
data/frame-000018.color.jpg 0.371117 0.893029 0.233931 -0.100233 1.1159 1.32503 0.690486
data/frame-000238.color.jpg 0.346072 0.746205 -0.516214 0.23861 0.212801 1.27339 0.747275
data/frame-000249.color.jpg 0.370713 0.77747 -0.454632 0.226763 0.117621 1.07539 1.03433
data/frame-000143.color.jpg 0.437531 0.886842 0.124205 -0.081548 -0.245736 1.4109 0.541242
data/frame-000326.color.jpg 0.110327 0.132255 0.809337 -0.561525 -0.0464707 1.40689 0.488521
data/frame-000075.color.jpg 0.434976 0.888583 -0.12339 0.0774071 1.07999 1.09888 1.06033
data/frame-000200.color.jpg 0.479387 0.876451 -0.029163 0.0342423 -0.274183 1.69025 0.10715
data/frame-000211.color.jpg 0.423342 0.839431 -0.283732 0.188769 0.131057 1.69976 0.142588
data/frame-000222.color.jpg 0.357552 0.756566 -0.47996 0.263446 0.206023 1.52321 0.42749
data/frame-000037.color.jpg 0.445985 0.881916 0.134624 -0.0720984 1.2402 1.44838 0.565594
data/frame-000279.color.jpg -0.139147 -0.345305 0.851288 -0.369745 -0.284139 1.09507 0.917576
data/frame-000162.color.jpg 0.354994 0.869247 0.294066 -0.178647 -0.540507 1.49314 0.578349
data/frame-000173.color.jpg 0.313762 0.820776 0.428031 -0.211352 -0.666867 1.37092 0.701744
data/frame-000230.color.jpg 0.311967 0.696229 -0.580965 0.283587 0.315499 1.41872 0.556315
data/frame-000241.color.jpg 0.345719 0.748646 -0.512834 0.238768 0.222397 1.22333 0.818319
data/frame-000124.color.jpg 0.351664 0.931231 -0.0758866 0.0581659 0.0537731 0.861678 1.10179
data/frame-000135.color.jpg 0.384105 0.913491 0.130914 -0.0293216 -0.200657 1.10242 0.845683
