data/frame-000010.color.jpg 0.400169 0.742053 -0.486189 0.229873 3.397539 1.340230 0.367993 0.454135 0.016323
data/frame-000011.color.jpg 0.403234 0.746037 -0.479104 0.226474 3.378308 1.382380 0.330104 0.595785 0.008243
data/frame-000012.color.jpg 0.408896 0.747495 -0.471808 0.226830 3.369612 1.424763 0.273691 0.507049 0.007108
data/frame-000013.color.jpg 0.409502 0.749633 -0.468347 0.225852 3.355411 1.450527 0.259947 0.751615 0.009947
data/frame-000014.color.jpg 0.415223 0.748229 -0.463917 0.229183 3.343564 1.473030 0.226968 0.357070 0.006620
data/frame-000015.color.jpg 0.419577 0.746538 -0.461661 0.231313 3.332063 1.487553 0.196326 0.408033 0.016788
data/frame-000016.color.jpg 0.420577 0.744083 -0.462949 0.234803 3.321682 1.494851 0.222617 0.427230 0.006997
data/frame-000017.color.jpg 0.423948 0.738758 -0.466376 0.238742 3.328262 1.475466 0.226971 0.372519 0.005812
data/frame-000018.color.jpg 0.421144 0.738599 -0.467913 0.241179 3.318121 1.483144 0.247184 0.293217 0.009350
data/frame-000019.color.jpg 0.422609 0.739255 -0.465829 0.240639 3.312068 1.505983 0.224397 0.415583 0.007305
data/frame-000020.color.jpg 0.421609 0.740274 -0.464675 0.241491 3.300407 1.529690 0.217577 0.217483 0.008739
data/frame-000021.color.jpg 0.418358 0.742099 -0.464148 0.242554 3.289164 1.550525 0.235019 0.371864 0.007788
data/frame-000022.color.jpg 0.418022 0.741863 -0.465462 0.241335 3.296978 1.554388 0.213562 0.225717 0.010256
data/frame-000023.color.jpg 0.415501 0.740897 -0.471268 0.237354 3.309555 1.552507 0.189267 0.305470 0.014072
data/frame-000024.color.jpg 0.411309 0.738412 -0.479787 0.235323 3.322343 1.531917 0.202644 0.168182 0.014686
data/frame-000025.color.jpg 0.411441 0.737967 -0.480982 0.234046 3.326782 1.531635 0.192300 0.248030 0.015125
data/frame-000026.color.jpg 0.413245 0.735752 -0.483991 0.231626 3.342754 1.529046 0.168678 0.204693 0.008665
data/frame-000027.color.jpg 0.424167 0.732331 -0.475874 0.239409 3.330074 1.630938 0.038714 0.282874 0.009435
data/frame-000028.color.jpg 0.424030 0.734362 -0.473064 0.239000 3.320431 1.668277 0.019311 0.128430 0.001943
data/frame-000029.color.jpg 0.425776 0.734326 -0.474041 0.234023 3.325386 1.674175 -0.040796 0.104424 0.003936
data/frame-000030.color.jpg 0.428574 0.735175 -0.474823 0.224467 3.332641 1.660669 -0.109942 0.082385 0.003638
data/frame-000031.color.jpg 0.428948 0.735918 -0.474983 0.220950 3.331703 1.665371 -0.128306 0.179742 0.006692
data/frame-000032.color.jpg 0.437482 0.732277 -0.475688 0.214710 3.331452 1.656413 -0.223912 0.416177 0.014755
data/frame-000033.color.jpg 0.453701 0.745410 -0.436450 0.219162 3.102188 1.932851 -0.533785 0.084143 0.004461
data/frame-000034.color.jpg 0.457400 0.747151 -0.426930 0.224233 3.039448 1.998625 -0.600610 0.044751 0.004630
data/frame-000035.color.jpg 0.462683 0.750847 -0.416636 0.220378 2.976490 2.044209 -0.692760 0.150105 0.006104
data/frame-000036.color.jpg 0.462675 0.755450 -0.407372 0.221978 2.911514 2.125137 -0.747586 0.209536 0.006357
data/frame-000037.color.jpg 0.465577 0.755663 -0.405538 0.218519 2.892227 2.138008 -0.804483 0.182682 0.004129
data/frame-000038.color.jpg 0.460681 0.755495 -0.412696 0.216062 2.906753 2.157480 -0.795287 0.591350 0.015062
data/frame-000039.color.jpg 0.456929 0.750089 -0.425014 0.218962 2.951056 2.146927 -0.756100 0.887130 0.023641
data/frame-000040.color.jpg 0.463758 0.740381 -0.430469 0.226850 2.979176 2.090014 -0.783125 0.214637 0.005089
data/frame-000041.color.jpg 0.460547 0.736508 -0.438891 0.229842 3.025885 2.093297 -0.750427 0.596120 0.016119
data/frame-000042.color.jpg 0.464766 0.734464 -0.437335 0.230855 3.015827 2.079796 -0.787619 0.502262 0.014090
data/frame-000043.color.jpg 0.460195 0.730869 -0.443910 0.238736 3.037480 2.102253 -0.757881 0.520668 0.014060
data/frame-000044.color.jpg 0.461700 0.724558 -0.451681 0.240486 3.101363 2.089646 -0.786269 0.418390 0.013307
data/frame-000045.color.jpg 0.467953 0.720709 -0.451193 0.240881 3.104510 2.084757 -0.851615 0.443140 0.012779
data/frame-000046.color.jpg 0.471234 0.717208 -0.452641 0.242212 3.121308 2.082563 -0.873597 0.394770 0.011280
data/frame-000047.color.jpg 0.479269 0.711631 -0.449668 0.248357 3.117360 2.055472 -0.924610 0.282003 0.006927
data/frame-000048.color.jpg 0.481791 0.710006 -0.448642 0.249978 3.104949 2.054439 -0.940074 0.793422 0.020083
data/frame-000049.color.jpg 0.482469 0.705104 -0.451402 0.257466 3.132187 2.039656 -0.914178 0.181243 0.006908
data/frame-000050.color.jpg 0.485218 0.705224 -0.449744 0.254861 3.113503 2.033795 -0.944374 0.673661 0.017949
data/frame-000051.color.jpg 0.487105 0.700032 -0.454271 0.257530 3.134944 1.998957 -0.930406 0.384566 0.011067
data/frame-000052.color.jpg 0.487034 0.694045 -0.461135 0.261636 3.161346 1.953413 -0.888928 0.283243 0.008536
data/frame-000053.color.jpg 0.480238 0.685810 -0.477355 0.266774 3.193119 1.870054 -0.765532 0.350970 0.009561
data/frame-000054.color.jpg 0.476286 0.681902 -0.484121 0.271639 3.199758 1.836972 -0.690655 0.672813 0.016774
data/frame-000055.color.jpg 0.466970 0.685689 -0.488868 0.269775 3.176959 1.856456 -0.614683 0.223166 0.005200
data/frame-000056.color.jpg 0.467709 0.685523 -0.488970 0.268730 3.166419 1.844987 -0.621068 0.288033 0.006377
data/frame-000057.color.jpg 0.460097 0.689591 -0.491120 0.267540 3.127095 1.859977 -0.558514 0.185990 0.007116
data/frame-000058.color.jpg 0.436737 0.694945 -0.504345 0.268232 3.057258 1.838812 -0.350352 0.161634 0.005152
data/frame-000059.color.jpg 0.433218 0.692810 -0.509797 0.269154 3.037069 1.805127 -0.302750 0.066409 0.004365
data/frame-000060.color.jpg 0.430637 0.691441 -0.512415 0.271831 3.035114 1.792030 -0.268429 0.127429 0.004515
data/frame-000061.color.jpg 0.425747 0.691208 -0.517437 0.270610 3.024534 1.768841 -0.220834 0.197998 0.002521
data/frame-000062.color.jpg 0.421357 0.689072 -0.525549 0.267276 3.008427 1.703717 -0.167980 0.275750 0.007132
data/frame-000063.color.jpg 0.416156 0.686919 -0.530488 0.271182 3.001108 1.680796 -0.112013 0.448966 0.011841
data/frame-000064.color.jpg 0.407999 0.689172 -0.533106 0.272721 2.986787 1.679708 -0.055220 0.658865 0.018214
data/frame-000065.color.jpg 0.393944 0.689456 -0.541984 0.275157 2.997041 1.661672 0.063328 0.544523 0.015406
data/frame-000066.color.jpg 0.389233 0.693028 -0.545763 0.265240 2.995810 1.643342 0.086995 0.193348 0.003785
data/frame-000067.color.jpg 0.388213 0.688897 -0.551815 0.264977 3.008758 1.569234 0.132737 0.424956 0.009981
data/frame-000068.color.jpg 0.385575 0.691014 -0.552757 0.261326 3.004847 1.572711 0.146361 0.544567 0.011065
data/frame-000069.color.jpg 0.380932 0.681142 -0.568718 0.259801 3.052842 1.413358 0.276849 0.184868 0.004018
data/frame-000070.color.jpg 0.376348 0.680577 -0.572146 0.260432 3.042547 1.379044 0.332880 0.182390 0.003276
data/frame-000071.color.jpg 0.361917 0.679107 -0.582078 0.262706 3.034520 1.314794 0.470872 0.291140 0.008028
data/frame-000072.color.jpg 0.361096 0.678930 -0.582844 0.262596 3.032922 1.305463 0.477539 0.311687 0.009559
data/frame-000073.color.jpg 0.357971 0.678340 -0.586825 0.259514 3.027048 1.272480 0.504658 0.257725 0.004335
data/frame-000074.color.jpg 0.358989 0.678340 -0.587609 0.256315 3.029187 1.238473 0.498013 0.460082 0.013022
data/frame-000075.color.jpg 0.357389 0.679630 -0.588052 0.254110 3.027478 1.237262 0.505536 0.166731 0.004996
data/frame-000076.color.jpg 0.353191 0.680512 -0.590012 0.253071 3.015275 1.214413 0.536297 0.310517 0.008551
data/frame-000077.color.jpg 0.353263 0.682709 -0.590297 0.246300 2.997541 1.190171 0.531173 0.248689 0.006835
data/frame-000078.color.jpg 0.357360 0.686569 -0.586036 0.239746 2.972821 1.168914 0.510521 0.393134 0.008756
data/frame-000079.color.jpg 0.356523 0.688140 -0.584400 0.240481 2.964451 1.173837 0.513960 0.224012 0.004432
data/frame-000080.color.jpg 0.353098 0.692921 -0.581577 0.238645 2.937863 1.169182 0.540657 0.152071 0.006668
data/frame-000081.color.jpg 0.350726 0.696058 -0.578829 0.239691 2.899232 1.143409 0.582134 0.300139 0.010046
data/frame-000082.color.jpg 0.349883 0.698402 -0.578020 0.236027 2.887604 1.143638 0.578750 0.165664 0.004011
data/frame-000083.color.jpg 0.345090 0.701009 -0.578920 0.233134 2.875528 1.113214 0.609138 0.139361 0.003976
data/frame-000084.color.jpg 0.339151 0.702931 -0.583784 0.223741 2.872426 1.039790 0.642714 0.120618 0.003050
data/frame-000085.color.jpg 0.338767 0.703807 -0.585254 0.217647 2.870072 0.993275 0.642922 0.296230 0.005626
data/frame-000086.color.jpg 0.335787 0.705173 -0.586193 0.215303 2.864326 0.979582 0.661588 0.331548 0.008019
data/frame-000087.color.jpg 0.329837 0.705654 -0.588424 0.216832 2.857404 0.958550 0.699473 0.140281 0.003992
data/frame-000088.color.jpg 0.323190 0.696740 -0.602714 0.216418 2.867183 0.842032 0.782807 0.113251 0.003098
data/frame-000089.color.jpg 0.316264 0.692211 -0.610657 0.218904 2.868829 0.779035 0.851062 0.096976 0.004361
data/frame-000090.color.jpg 0.313668 0.682366 -0.624074 0.215688 2.884474 0.661281 0.901003 0.181852 0.007694
data/frame-000091.color.jpg 0.311620 0.677809 -0.630712 0.213707 2.895533 0.607180 0.924927 0.071899 0.004677
data/frame-000092.color.jpg 0.305736 0.671884 -0.639522 0.214731 2.897532 0.536824 0.986907 0.323618 0.009679
data/frame-000093.color.jpg 0.303110 0.661951 -0.652198 0.211147 2.893872 0.425093 1.030341 0.151753 0.005371
data/frame-000094.color.jpg 0.286204 0.633881 -0.681923 0.226414 2.830881 0.233911 1.256514 0.314025 0.005479
data/frame-000095.color.jpg 0.278397 0.611436 -0.701733 0.237089 2.758051 0.102315 1.387437 0.295058 0.009304
data/frame-000096.color.jpg 0.280652 0.590603 -0.715788 0.245093 2.707195 -0.004766 1.458355 0.517640 0.014989
data/frame-000097.color.jpg 0.276754 0.576211 -0.727508 0.249238 2.673764 -0.072486 1.530270 0.217077 0.005625
data/frame-000098.color.jpg 0.277362 0.561318 -0.736090 0.257223 2.627098 -0.115473 1.583356 0.218832 0.007505
data/frame-000099.color.jpg 0.274745 0.546549 -0.744179 0.268323 2.557796 -0.153574 1.654720 0.388904 0.013056
data/frame-000100.color.jpg 0.271763 0.540705 -0.748544 0.271043 2.528608 -0.169180 1.693700 0.227497 0.003467
data/frame-000101.color.jpg 0.267575 0.526819 -0.757038 0.278855 2.466925 -0.206889 1.751825 0.293698 0.011679
data/frame-000102.color.jpg 0.262130 0.514072 -0.766187 0.282800 2.403219 -0.252113 1.809704 0.238123 0.008545
data/frame-000103.color.jpg 0.256864 0.502716 -0.773802 0.287278 2.361977 -0.290323 1.862979 0.335617 0.013160
data/frame-000104.color.jpg 0.252217 0.490336 -0.781495 0.291930 2.306122 -0.325519 1.904452 0.497432 0.017663
data/frame-000105.color.jpg 0.245671 0.478848 -0.788099 0.298749 2.232963 -0.327422 1.955231 0.334440 0.011103
data/frame-000106.color.jpg 0.244838 0.474042 -0.789497 0.303370 2.207308 -0.317976 1.969871 0.543844 0.015076
data/frame-000107.color.jpg 0.241312 0.460597 -0.795507 0.311108 2.126867 -0.300701 1.995634 0.424166 0.013777
data/frame-000108.color.jpg 0.240096 0.448827 -0.800982 0.315178 2.075194 -0.299446 2.005676 0.339107 0.012360
data/frame-000109.color.jpg 0.239249 0.446126 -0.801990 0.317087 2.051476 -0.288567 2.005491 0.297911 0.011230
data/frame-000110.color.jpg 0.240670 0.444845 -0.800700 0.321046 2.026237 -0.256082 1.990682 0.419570 0.012925
data/frame-000111.color.jpg 0.243372 0.441659 -0.801060 0.322507 2.013035 -0.238197 1.972107 0.318683 0.010138
data/frame-000112.color.jpg 0.247685 0.440578 -0.801305 0.320084 2.011549 -0.237705 1.937931 0.395423 0.014143
data/frame-000113.color.jpg 0.247683 0.443642 -0.800437 0.318017 2.015256 -0.229124 1.913209 0.349205 0.013905
data/frame-000114.color.jpg 0.247505 0.445560 -0.800346 0.315695 2.015476 -0.213855 1.897370 0.132054 0.004755
data/frame-000115.color.jpg 0.257847 0.444611 -0.798901 0.312399 2.032239 -0.187356 1.829514 0.343254 0.008835
data/frame-000116.color.jpg 0.265114 0.445657 -0.795344 0.313900 2.053102 -0.146109 1.791670 0.347246 0.009712
data/frame-000117.color.jpg 0.276550 0.456698 -0.784639 0.315101 2.096818 -0.065084 1.714220 0.116091 0.005333
data/frame-000118.color.jpg 0.283528 0.467664 -0.776296 0.313475 2.120265 0.001691 1.650254 0.205054 0.007225
data/frame-000119.color.jpg 0.289161 0.486522 -0.763406 0.311278 2.140572 0.092504 1.578292 0.434686 0.011242
data/frame-000120.color.jpg 0.289817 0.504707 -0.752637 0.307920 2.145382 0.163164 1.520219 0.252325 0.006115
data/frame-000121.color.jpg 0.290483 0.526542 -0.740807 0.299294 2.154570 0.243363 1.436399 0.270309 0.006774
data/frame-000122.color.jpg 0.295051 0.541975 -0.729106 0.295996 2.158872 0.333166 1.363184 0.097408 0.005768
data/frame-000123.color.jpg 0.321533 0.573447 -0.692414 0.297215 2.188772 0.556588 1.166488 0.314562 0.011359
data/frame-000124.color.jpg 0.334420 0.584262 -0.676581 0.298395 2.197149 0.640939 1.086039 0.313877 0.008998
data/frame-000125.color.jpg 0.343412 0.593562 -0.662572 0.301249 2.187986 0.713988 1.021082 0.202432 0.006306
data/frame-000126.color.jpg 0.350543 0.605276 -0.645239 0.307290 2.168834 0.810980 0.961120 0.168656 0.006032
data/frame-000127.color.jpg 0.363634 0.620026 -0.624071 0.306389 2.150419 0.909162 0.855088 0.243833 0.008270
data/frame-000128.color.jpg 0.366191 0.624268 -0.619824 0.303336 2.133613 0.939941 0.831025 0.337987 0.008608
data/frame-000129.color.jpg 0.370209 0.624611 -0.617173 0.303156 2.127878 0.961446 0.805639 0.415668 0.011485
data/frame-000130.color.jpg 0.378390 0.619304 -0.616590 0.305124 2.117695 0.965758 0.784465 0.410849 0.012517
data/frame-000131.color.jpg 0.379654 0.610311 -0.620197 0.314227 2.088383 0.958573 0.803616 0.498061 0.015077
data/frame-000132.color.jpg 0.374720 0.609458 -0.623016 0.316223 2.070076 0.955913 0.829058 0.359977 0.011380
data/frame-000133.color.jpg 0.371343 0.605585 -0.628529 0.316737 2.043864 0.943842 0.848040 0.392311 0.011461
data/frame-000134.color.jpg 0.361204 0.601543 -0.636912 0.319406 2.021309 0.942892 0.889420 0.433114 0.012102
data/frame-000135.color.jpg 0.343564 0.588619 -0.654899 0.326495 1.970514 0.952612 0.952437 0.804529 0.022533
data/frame-000136.color.jpg 0.332374 0.571459 -0.667032 0.343554 1.927513 1.006182 0.993162 1.016196 0.029699
data/frame-000137.color.jpg 0.330820 0.568263 -0.669291 0.345955 1.927378 1.020960 0.987542 1.047897 0.030162
data/frame-000138.color.jpg 0.330083 0.566884 -0.670366 0.346839 1.926298 1.035984 0.980285 1.212339 0.035571
data/frame-000139.color.jpg 0.329126 0.564029 -0.672473 0.348320 1.914846 1.042514 0.972397 1.023480 0.028778
data/frame-000140.color.jpg 0.323113 0.555056 -0.681414 0.350978 1.922757 1.031843 0.994913 1.533010 0.044316
data/frame-000141.color.jpg 0.329684 0.548058 -0.683129 0.352528 1.915151 1.010372 0.966781 0.780586 0.022313
data/frame-000142.color.jpg 0.324726 0.544163 -0.687763 0.354149 1.905148 1.011447 0.981265 0.904854 0.025241
data/frame-000143.color.jpg 0.317302 0.540121 -0.693757 0.355373 1.886293 1.006788 1.008400 0.792439 0.024168
data/frame-000144.color.jpg 0.308136 0.538416 -0.698786 0.356173 1.864172 1.012521 1.042445 1.101460 0.030222
data/frame-000145.color.jpg 0.296174 0.533596 -0.707111 0.357141 1.836149 1.007966 1.090861 1.023455 0.035468
data/frame-000146.color.jpg 0.285520 0.525188 -0.717150 0.358263 1.794314 0.985383 1.146931 0.430260 0.014973
data/frame-000147.color.jpg 0.277025 0.513539 -0.726759 0.362432 1.766726 0.974669 1.185658 0.488801 0.017970
data/frame-000148.color.jpg 0.267019 0.490987 -0.740626 0.372968 1.727216 0.949267 1.254266 0.948375 0.030033
data/frame-000149.color.jpg 0.260271 0.479975 -0.747530 0.378262 1.695241 0.938868 1.291851 0.806439 0.026562
data/frame-000150.color.jpg 0.244094 0.458823 -0.760429 0.389419 1.648865 0.919358 1.357210 0.374895 0.010960
data/frame-000151.color.jpg 0.239027 0.447378 -0.767518 0.391965 1.624012 0.898466 1.391397 0.126461 0.005459
data/frame-000152.color.jpg 0.229965 0.429852 -0.777820 0.396660 1.574120 0.865082 1.446892 0.111682 0.006155
data/frame-000153.color.jpg 0.225196 0.419976 -0.782942 0.399886 1.548628 0.845237 1.471219 0.103497 0.002195
data/frame-000154.color.jpg 0.221545 0.408573 -0.788287 0.403224 1.517035 0.825508 1.498392 0.068352 0.003567
data/frame-000155.color.jpg 0.218403 0.396848 -0.792814 0.407746 1.488596 0.807834 1.522893 0.027477 0.001324
data/frame-000156.color.jpg 0.217661 0.389426 -0.795850 0.409383 1.471975 0.790519 1.539267 0.130296 0.002795
data/frame-000157.color.jpg 0.216459 0.383071 -0.798790 0.410288 1.453571 0.771708 1.557654 0.125555 0.002589
data/frame-000158.color.jpg 0.214176 0.378900 -0.802125 0.408851 1.433198 0.742272 1.577485 0.101494 0.002300
data/frame-000159.color.jpg 0.219649 0.376734 -0.804165 0.403911 1.443863 0.710359 1.574291 0.096386 0.001061
data/frame-000160.color.jpg 0.223630 0.380275 -0.803614 0.399480 1.444032 0.687545 1.579542 0.106506 0.004069
data/frame-000161.color.jpg 0.226254 0.389027 -0.800607 0.395595 1.428911 0.676086 1.587289 0.009064 0.002540
data/frame-000162.color.jpg 0.223344 0.397836 -0.796422 0.396934 1.410660 0.682694 1.610492 0.149106 0.008199
data/frame-000163.color.jpg 0.225508 0.405422 -0.792538 0.395805 1.404555 0.687880 1.613629 0.169309 0.007770
data/frame-000164.color.jpg 0.233815 0.416719 -0.784960 0.394352 1.408861 0.681669 1.622550 0.225890 0.010354
data/frame-000165.color.jpg 0.237910 0.417823 -0.783734 0.393171 1.403436 0.658892 1.634345 0.139202 0.007467
data/frame-000166.color.jpg 0.235265 0.414911 -0.787028 0.391262 1.390556 0.625499 1.664545 0.180467 0.006301
data/frame-000167.color.jpg 0.236304 0.409151 -0.789427 0.391869 1.381108 0.591017 1.693125 0.138108 0.002353
data/frame-000168.color.jpg 0.234457 0.402702 -0.792722 0.393005 1.366403 0.559067 1.732628 0.076586 0.002482
data/frame-000169.color.jpg 0.233873 0.393537 -0.796822 0.394343 1.357851 0.519166 1.783647 0.141933 0.004188
data/frame-000170.color.jpg 0.234053 0.386036 -0.798248 0.398743 1.348117 0.499284 1.821828 0.130462 0.004564
data/frame-000171.color.jpg 0.231447 0.383797 -0.799196 0.400523 1.341877 0.483210 1.857612 0.229089 0.006761
data/frame-000172.color.jpg 0.229627 0.381872 -0.800669 0.400467 1.336001 0.463755 1.882698 0.256894 0.008743
data/frame-000173.color.jpg 0.224106 0.378850 -0.802814 0.402168 1.310101 0.425287 1.934160 0.195773 0.006646
data/frame-000174.color.jpg 0.221351 0.377339 -0.804337 0.402070 1.297433 0.397410 1.972168 0.235178 0.005558
data/frame-000175.color.jpg 0.212081 0.372866 -0.808471 0.402948 1.257501 0.353576 2.037623 0.273991 0.008235
data/frame-000176.color.jpg 0.209669 0.367734 -0.812101 0.401624 1.232440 0.311930 2.070776 0.157655 0.003918
data/frame-000177.color.jpg 0.208183 0.356231 -0.818642 0.399480 1.208592 0.254212 2.118438 0.318283 0.009599
data/frame-000178.color.jpg 0.209420 0.353265 -0.819224 0.400274 1.194964 0.235004 2.136535 0.176469 0.003426
data/frame-000179.color.jpg 0.208402 0.348876 -0.819384 0.404307 1.178462 0.237091 2.169470 0.288850 0.008326
data/frame-000180.color.jpg 0.210637 0.349308 -0.815570 0.410441 1.171922 0.255178 2.186306 0.198668 0.006216
data/frame-000181.color.jpg 0.212277 0.351768 -0.813138 0.412315 1.168486 0.248492 2.213994 0.261579 0.007695
data/frame-000182.color.jpg 0.213005 0.353493 -0.813149 0.410438 1.166457 0.217039 2.233524 0.286640 0.009694
data/frame-000183.color.jpg 0.213383 0.365017 -0.814997 0.396246 1.176138 0.127979 2.242652 0.132770 0.005506
data/frame-000184.color.jpg 0.210956 0.374359 -0.811474 0.396059 1.159621 0.117626 2.264462 0.132550 0.005185
data/frame-000185.color.jpg 0.206022 0.380070 -0.809364 0.397531 1.139072 0.107694 2.290138 0.039655 0.002062
data/frame-000186.color.jpg 0.209303 0.382971 -0.808098 0.395605 1.143414 0.082048 2.302569 0.165763 0.005076
data/frame-000187.color.jpg 0.211304 0.384973 -0.807693 0.393419 1.152180 0.050094 2.318091 0.318705 0.009052
data/frame-000188.color.jpg 0.213607 0.386520 -0.807099 0.391875 1.160314 0.041888 2.317406 0.189580 0.006568
data/frame-000189.color.jpg 0.211428 0.391647 -0.806989 0.388175 1.167403 0.000995 2.330152 0.275316 0.007568
data/frame-000190.color.jpg 0.215240 0.395964 -0.810074 0.375052 1.196949 -0.106932 2.342302 0.295801 0.007786
data/frame-000191.color.jpg 0.213560 0.394078 -0.811502 0.374912 1.186626 -0.120188 2.347522 0.237694 0.006290
data/frame-000192.color.jpg 0.212325 0.385066 -0.815961 0.375300 1.145634 -0.163623 2.370559 0.370020 0.011758
data/frame-000193.color.jpg 0.200823 0.364238 -0.829719 0.372247 1.039467 -0.272656 2.417480 0.223251 0.005320
data/frame-000194.color.jpg 0.196606 0.356565 -0.837170 0.365177 1.010991 -0.345185 2.419073 0.328177 0.010619
data/frame-000195.color.jpg 0.192189 0.347802 -0.844112 0.359961 0.968757 -0.424818 2.429386 0.240092 0.005549
data/frame-000196.color.jpg 0.189640 0.340743 -0.848634 0.357422 0.934930 -0.474006 2.440379 0.244618 0.002085
data/frame-000197.color.jpg 0.171810 0.337727 -0.856154 0.351315 0.847910 -0.551848 2.455629 0.477519 0.014921
data/frame-000198.color.jpg 0.167853 0.335644 -0.857254 0.352540 0.820418 -0.563423 2.460897 0.406907 0.009320
data/frame-000199.color.jpg 0.159169 0.321845 -0.863097 0.355167 0.698714 -0.618053 2.482051 0.274520 0.004801
data/frame-000200.color.jpg 0.152634 0.318317 -0.863498 0.360207 0.627687 -0.613762 2.492293 0.305409 0.003366
data/frame-000201.color.jpg 0.153796 0.322199 -0.864604 0.353547 0.623915 -0.642165 2.471330 0.418473 0.005960
data/frame-000202.color.jpg 0.146023 0.335861 -0.860694 0.353667 0.537845 -0.653147 2.440703 0.776213 0.022436
data/frame-000203.color.jpg 0.138246 0.324012 -0.863602 0.360689 0.421664 -0.607056 2.427709 0.098329 0.004721
data/frame-000204.color.jpg 0.138563 0.323316 -0.863934 0.360396 0.408479 -0.603979 2.425703 0.067496 0.006168
data/frame-000205.color.jpg 0.134629 0.319152 -0.866206 0.360144 0.368333 -0.595125 2.414715 0.361285 0.009811
data/frame-000206.color.jpg 0.136805 0.311483 -0.866559 0.365156 0.323430 -0.567509 2.408735 0.228587 0.009005
data/frame-000207.color.jpg 0.135582 0.301524 -0.870885 0.363676 0.278385 -0.548982 2.379550 0.306340 0.004695
data/frame-000208.color.jpg 0.138453 0.301280 -0.868907 0.367507 0.261657 -0.516202 2.374339 0.285302 0.010462
data/frame-000209.color.jpg 0.130560 0.299845 -0.869480 0.370206 0.231550 -0.494431 2.362234 0.379947 0.005392
data/frame-000210.color.jpg 0.132665 0.301554 -0.863358 0.382202 0.186296 -0.370439 2.315388 0.505146 0.011199
data/frame-000211.color.jpg 0.128002 0.305702 -0.861327 0.385069 0.182039 -0.341641 2.289092 0.448116 0.006307
data/frame-000212.color.jpg 0.130951 0.307269 -0.859914 0.385986 0.181256 -0.282231 2.253725 0.210610 0.002045
data/frame-000213.color.jpg 0.136693 0.306034 -0.860315 0.384080 0.190397 -0.263721 2.226876 0.154214 0.004721
data/frame-000214.color.jpg 0.145151 0.312925 -0.859558 0.377055 0.230765 -0.251853 2.191494 0.107670 0.003093
data/frame-000215.color.jpg 0.146836 0.315511 -0.858976 0.375569 0.237841 -0.234879 2.169547 0.146324 0.003060
data/frame-000216.color.jpg 0.160097 0.320309 -0.856019 0.372831 0.291644 -0.204109 2.135412 0.259869 0.004649
data/frame-000217.color.jpg 0.168795 0.326039 -0.853184 0.370518 0.325588 -0.179113 2.108909 0.250822 0.006541
data/frame-000218.color.jpg 0.178323 0.342742 -0.844825 0.370134 0.367221 -0.142356 2.075365 0.411300 0.010205
data/frame-000219.color.jpg 0.183058 0.354592 -0.839311 0.369205 0.389961 -0.114972 2.053708 0.238355 0.007270
data/frame-000220.color.jpg 0.188072 0.369708 -0.833046 0.366032 0.421590 -0.092022 2.020874 0.265888 0.007331
data/frame-000221.color.jpg 0.193289 0.394191 -0.821278 0.364356 0.462691 -0.044322 1.983036 0.349442 0.006611
data/frame-000222.color.jpg 0.215889 0.415998 -0.799632 0.375401 0.535275 0.102458 1.930978 0.223033 0.007399
data/frame-000223.color.jpg 0.218486 0.416538 -0.798603 0.375491 0.537621 0.115252 1.922933 0.138040 0.003924
data/frame-000224.color.jpg 0.224263 0.423168 -0.790640 0.381475 0.542805 0.195345 1.898682 0.254979 0.007737
data/frame-000225.color.jpg 0.227166 0.421464 -0.790302 0.382343 0.531294 0.227517 1.878269 0.309394 0.006880
data/frame-000226.color.jpg 0.229691 0.422077 -0.789276 0.382278 0.534747 0.253608 1.855433 0.177243 0.004417
data/frame-000227.color.jpg 0.226561 0.431584 -0.786232 0.379795 0.533128 0.278394 1.826894 0.429613 0.009021
data/frame-000228.color.jpg 0.222451 0.436956 -0.780567 0.387685 0.509921 0.332380 1.809118 0.126872 0.006070
data/frame-000229.color.jpg 0.221824 0.444195 -0.775420 0.390139 0.504433 0.377929 1.772819 0.326228 0.007264
data/frame-000230.color.jpg 0.223391 0.440938 -0.774561 0.394620 0.481359 0.425936 1.743115 0.404022 0.010457
data/frame-000231.color.jpg 0.235365 0.439766 -0.776175 0.385696 0.515398 0.440384 1.696591 0.497650 0.011757
data/frame-000232.color.jpg 0.239324 0.442289 -0.776106 0.380478 0.532834 0.453952 1.662413 0.384592 0.007989
data/frame-000233.color.jpg 0.250976 0.450943 -0.769473 0.376262 0.563328 0.488990 1.613018 0.392047 0.010161
data/frame-000234.color.jpg 0.257314 0.459713 -0.761899 0.376780 0.574314 0.531111 1.579836 0.469844 0.012159
data/frame-000235.color.jpg 0.264613 0.476092 -0.750053 0.375149 0.584924 0.579029 1.536382 0.576368 0.014773
data/frame-000236.color.jpg 0.269126 0.486464 -0.740778 0.377058 0.577562 0.622670 1.502397 0.437699 0.011713
data/frame-000237.color.jpg 0.275109 0.499093 -0.730257 0.376757 0.579568 0.661586 1.458839 0.268961 0.006669
data/frame-000238.color.jpg 0.274409 0.507896 -0.724342 0.376923 0.566481 0.677726 1.437428 0.139469 0.005897
data/frame-000239.color.jpg 0.275706 0.511254 -0.722419 0.375122 0.571252 0.684710 1.428468 0.157367 0.007495
data/frame-000240.color.jpg 0.283023 0.525307 -0.710707 0.372621 0.577731 0.714896 1.400253 0.106380 0.002264
data/frame-000241.color.jpg 0.284009 0.532857 -0.705849 0.370377 0.575630 0.728288 1.388821 0.182575 0.005890
data/frame-000242.color.jpg 0.289779 0.538969 -0.701514 0.365265 0.587079 0.738700 1.363926 0.159141 0.003907
data/frame-000243.color.jpg 0.291250 0.543192 -0.699655 0.361385 0.584323 0.739850 1.341057 0.153936 0.007366
data/frame-000244.color.jpg 0.294718 0.541613 -0.700521 0.359258 0.587845 0.749311 1.326804 0.081357 0.005498
data/frame-000245.color.jpg 0.293594 0.539318 -0.701497 0.361719 0.572352 0.763813 1.315386 0.120907 0.004255
data/frame-000246.color.jpg 0.292168 0.536512 -0.703563 0.363031 0.561303 0.777632 1.308962 0.152556 0.004102
data/frame-000247.color.jpg 0.292767 0.531119 -0.706282 0.365194 0.554731 0.802182 1.284638 0.126079 0.003562
data/frame-000248.color.jpg 0.282975 0.530066 -0.708972 0.369208 0.527648 0.820145 1.271857 0.082056 0.002163
data/frame-000249.color.jpg 0.281397 0.524627 -0.712264 0.371836 0.516225 0.837120 1.253394 0.158042 0.003043
data/frame-000250.color.jpg 0.279809 0.520049 -0.715350 0.373537 0.511932 0.854422 1.234381 0.193106 0.003424
data/frame-000251.color.jpg 0.275955 0.518641 -0.717330 0.374565 0.504525 0.864504 1.223537 0.148514 0.001970
data/frame-000252.color.jpg 0.273956 0.515597 -0.719458 0.376149 0.498154 0.875735 1.210892 0.187578 0.003130
data/frame-000253.color.jpg 0.274532 0.514505 -0.719520 0.377105 0.496418 0.879157 1.204082 0.285277 0.006507
data/frame-000254.color.jpg 0.275194 0.511036 -0.720748 0.378990 0.497380 0.899368 1.181305 0.310109 0.006066
data/frame-000255.color.jpg 0.269706 0.510089 -0.721712 0.382360 0.482008 0.919789 1.157342 0.256873 0.005525
data/frame-000256.color.jpg 0.272351 0.506779 -0.723707 0.381115 0.485686 0.927916 1.139965 0.325167 0.007260
data/frame-000257.color.jpg 0.273042 0.505158 -0.724624 0.381029 0.487325 0.930143 1.132624 0.279657 0.007181
data/frame-000258.color.jpg 0.274827 0.505479 -0.724613 0.379338 0.488361 0.933958 1.120423 0.239675 0.007248
data/frame-000259.color.jpg 0.284376 0.513218 -0.718552 0.373392 0.476045 0.962574 1.077866 0.173222 0.003519
data/frame-000260.color.jpg 0.281240 0.523307 -0.713639 0.371178 0.454258 0.973580 1.069762 0.189417 0.003663
data/frame-000261.color.jpg 0.284036 0.533574 -0.705442 0.370100 0.442976 0.989340 1.052198 0.252145 0.004965
data/frame-000262.color.jpg 0.278412 0.553115 -0.694801 0.365791 0.403942 1.001033 1.042806 0.235349 0.004667
data/frame-000263.color.jpg 0.278808 0.561756 -0.689618 0.362110 0.405554 1.008509 1.028377 0.153070 0.005410
data/frame-000264.color.jpg 0.282116 0.568852 -0.685955 0.355366 0.400822 1.015450 1.001982 0.219855 0.004922
data/frame-000265.color.jpg 0.286892 0.572015 -0.684425 0.349362 0.405909 1.029744 0.978588 0.324269 0.006032
data/frame-000266.color.jpg 0.284194 0.572355 -0.684267 0.351316 0.393219 1.047110 0.961927 0.280056 0.005166
data/frame-000267.color.jpg 0.285142 0.571035 -0.686088 0.349136 0.394968 1.085754 0.934453 0.144636 0.002221
data/frame-000268.color.jpg 0.284921 0.564897 -0.686967 0.357475 0.377620 1.135607 0.892480 0.246376 0.004800
data/frame-000269.color.jpg 0.281541 0.554810 -0.693905 0.362515 0.366425 1.172703 0.857598 0.335497 0.005201
data/frame-000270.color.jpg 0.278431 0.540450 -0.701322 0.372207 0.351330 1.245102 0.792984 0.326076 0.007025
data/frame-000271.color.jpg 0.277656 0.538857 -0.699411 0.378636 0.338164 1.276444 0.759216 0.253873 0.003229
data/frame-000272.color.jpg 0.281247 0.536400 -0.697480 0.383011 0.329902 1.308616 0.715579 0.384859 0.006682
data/frame-000273.color.jpg 0.285089 0.532632 -0.700675 0.379582 0.334859 1.319840 0.686332 0.463181 0.008931
data/frame-000274.color.jpg 0.288596 0.534420 -0.704971 0.366228 0.337181 1.322381 0.678400 0.403807 0.008410
data/frame-000275.color.jpg 0.286230 0.538679 -0.704562 0.362614 0.314961 1.326653 0.671303 0.252875 0.004593
data/frame-000276.color.jpg 0.296646 0.547525 -0.695501 0.358463 0.274256 1.350565 0.637427 0.253680 0.005886
data/frame-000277.color.jpg 0.291149 0.557508 -0.688823 0.360472 0.206752 1.360388 0.632727 0.276521 0.003807
data/frame-000278.color.jpg 0.294977 0.570897 -0.678743 0.355489 0.144389 1.381461 0.627449 0.173700 0.004369
data/frame-000279.color.jpg 0.285768 0.575302 -0.678915 0.355583 0.105696 1.379202 0.638668 0.310390 0.005582
data/frame-000280.color.jpg 0.289183 0.574679 -0.683972 0.343945 0.105400 1.413456 0.640256 0.237182 0.004209
data/frame-000281.color.jpg 0.292369 0.572178 -0.685674 0.342030 0.115587 1.435899 0.631331 0.259114 0.005945
data/frame-000282.color.jpg 0.296614 0.571244 -0.684884 0.341518 0.119285 1.449380 0.621001 0.266074 0.006865
data/frame-000283.color.jpg 0.302444 0.561033 -0.684942 0.353020 0.120459 1.477589 0.570334 0.520767 0.010820
data/frame-000284.color.jpg 0.300415 0.562728 -0.685350 0.351260 0.106796 1.502631 0.570040 0.423856 0.012013
data/frame-000285.color.jpg 0.291724 0.559147 -0.690433 0.354336 0.098481 1.513128 0.563197 0.401628 0.009586
data/frame-000286.color.jpg 0.292526 0.556652 -0.691443 0.355631 0.089434 1.526794 0.541959 0.582909 0.015505
data/frame-000287.color.jpg 0.285308 0.556566 -0.693297 0.358012 0.073110 1.530649 0.538943 0.763006 0.018968
data/frame-000288.color.jpg 0.276838 0.558016 -0.694745 0.359593 0.051438 1.527909 0.539483 0.826771 0.020614
data/frame-000289.color.jpg 0.269435 0.562346 -0.698883 0.350334 0.046775 1.527578 0.566702 0.594813 0.015679
data/frame-000290.color.jpg 0.272958 0.565862 -0.698747 0.342120 0.044110 1.527905 0.572219 0.534245 0.012547
data/frame-000291.color.jpg 0.274573 0.565651 -0.699054 0.340548 0.042746 1.526861 0.571155 0.603761 0.014410
data/frame-000292.color.jpg 0.282330 0.577088 -0.688982 0.335503 -0.058973 1.502110 0.585175 0.605239 0.015517
data/frame-000293.color.jpg 0.280750 0.579714 -0.688391 0.333510 -0.103311 1.489357 0.606684 0.379700 0.009486
data/frame-000294.color.jpg 0.284118 0.591520 -0.677915 0.331378 -0.206587 1.456018 0.631654 0.151438 0.003488
data/frame-000295.color.jpg 0.295112 0.595350 -0.673755 0.323297 -0.217316 1.445118 0.643157 0.173638 0.004381
data/frame-000296.color.jpg 0.307756 0.594788 -0.672754 0.314509 -0.210632 1.449767 0.645471 0.165256 0.004834
data/frame-000297.color.jpg 0.323832 0.589888 -0.669173 0.315234 -0.223442 1.471982 0.617379 0.189143 0.005375
data/frame-000298.color.jpg 0.333260 0.589026 -0.665564 0.314660 -0.240696 1.486884 0.601093 0.061024 0.002909
data/frame-000299.color.jpg 0.337293 0.598269 -0.652698 0.319833 -0.295767 1.470881 0.583643 0.176922 0.003128
data/frame-000300.color.jpg 0.351989 0.605594 -0.637327 0.321207 -0.336693 1.468094 0.567908 0.125396 0.003204
data/frame-000301.color.jpg 0.349313 0.609132 -0.635247 0.321558 -0.355952 1.463084 0.575847 0.104212 0.003396
data/frame-000302.color.jpg 0.364032 0.626365 -0.622576 0.295882 -0.385364 1.403031 0.651447 0.158351 0.004173
data/frame-000303.color.jpg 0.366592 0.638268 -0.613851 0.285326 -0.408699 1.366665 0.693460 0.189224 0.005552
data/frame-000304.color.jpg 0.366119 0.647495 -0.608240 0.277038 -0.425655 1.346726 0.730267 0.076142 0.002016
data/frame-000305.color.jpg 0.366781 0.663943 -0.594516 0.266836 -0.479283 1.312743 0.785281 0.028079 0.002053
data/frame-000306.color.jpg 0.365629 0.667313 -0.590033 0.269944 -0.519756 1.300138 0.795874 0.042611 0.002798
data/frame-000307.color.jpg 0.367064 0.666208 -0.587914 0.275296 -0.577018 1.299502 0.806069 0.247458 0.004410
data/frame-000308.color.jpg 0.362605 0.661932 -0.592257 0.282128 -0.632555 1.294828 0.808098 0.253670 0.005366
data/frame-000309.color.jpg 0.361991 0.656802 -0.597198 0.284480 -0.657379 1.300578 0.803895 0.330564 0.008057
data/frame-000310.color.jpg 0.358808 0.649532 -0.603295 0.292234 -0.705934 1.308636 0.790918 0.281118 0.007278
data/frame-000311.color.jpg 0.355441 0.641696 -0.610350 0.298932 -0.730601 1.316673 0.775553 0.319646 0.008105
data/frame-000312.color.jpg 0.347564 0.630531 -0.623205 0.305362 -0.773183 1.323867 0.760905 0.344357 0.010489
data/frame-000313.color.jpg 0.343161 0.621228 -0.634109 0.306956 -0.787666 1.333931 0.750366 0.316975 0.010858
data/frame-000314.color.jpg 0.334188 0.607315 -0.649646 0.312164 -0.819684 1.357389 0.729779 0.410882 0.013002
data/frame-000315.color.jpg 0.329579 0.601201 -0.653652 0.320427 -0.847511 1.367922 0.698760 0.379895 0.012548
data/frame-000316.color.jpg 0.325410 0.593303 -0.660213 0.325914 -0.852814 1.381241 0.673685 0.307863 0.009188
data/frame-000317.color.jpg 0.326404 0.585180 -0.665553 0.328731 -0.868146 1.398903 0.646712 0.328135 0.010322
data/frame-000318.color.jpg 0.320720 0.579962 -0.670843 0.332795 -0.878761 1.409111 0.616784 0.267663 0.007023
data/frame-000319.color.jpg 0.317479 0.579598 -0.672608 0.332974 -0.904271 1.418374 0.602527 0.150697 0.003716
data/frame-000320.color.jpg 0.314771 0.578721 -0.674413 0.333420 -0.915633 1.430752 0.582166 0.150450 0.003979
data/frame-000321.color.jpg 0.317963 0.582108 -0.670688 0.332004 -0.948467 1.429414 0.563774 0.179853 0.003708
data/frame-000322.color.jpg 0.317601 0.585627 -0.668781 0.330003 -0.983077 1.441299 0.549975 0.194634 0.004107
data/frame-000323.color.jpg 0.322193 0.580270 -0.669205 0.334131 -1.007588 1.459374 0.509125 0.250096 0.005140
data/frame-000324.color.jpg 0.319091 0.581092 -0.671392 0.331280 -1.020941 1.457625 0.499837 0.192406 0.005589
data/frame-000325.color.jpg 0.323674 0.583370 -0.670948 0.323643 -1.031922 1.473895 0.509018 0.296382 0.006832
data/frame-000326.color.jpg 0.327196 0.586967 -0.666720 0.322329 -1.056020 1.482613 0.502050 0.276599 0.005942
data/frame-000327.color.jpg 0.337175 0.594706 -0.656132 0.319576 -1.096232 1.466606 0.514751 0.132434 0.002201
data/frame-000328.color.jpg 0.336401 0.596500 -0.653664 0.322096 -1.142348 1.465586 0.498412 0.157348 0.004221
data/frame-000329.color.jpg 0.331510 0.590422 -0.660640 0.324128 -1.170476 1.475927 0.477473 0.079945 0.002594
data/frame-000330.color.jpg 0.328847 0.580991 -0.669522 0.325653 -1.172515 1.495195 0.450281 0.131029 0.003858
data/frame-000331.color.jpg 0.321849 0.574637 -0.677454 0.327506 -1.185963 1.501172 0.432848 0.152873 0.001991
data/frame-000332.color.jpg 0.316431 0.567922 -0.686554 0.325546 -1.186131 1.510762 0.422399 0.141034 0.003823
data/frame-000333.color.jpg 0.305135 0.560551 -0.700925 0.318402 -1.188251 1.508182 0.429705 0.465482 0.011556
data/frame-000334.color.jpg 0.293196 0.559588 -0.711276 0.308195 -1.188141 1.506899 0.458509 0.201546 0.004329
data/frame-000335.color.jpg 0.280594 0.562610 -0.717191 0.300623 -1.195514 1.479542 0.483307 0.304630 0.006815
data/frame-000336.color.jpg 0.269925 0.569968 -0.721669 0.285429 -1.213671 1.446724 0.539961 0.188429 0.003929
data/frame-000337.color.jpg 0.261285 0.572283 -0.724559 0.281490 -1.219570 1.427344 0.552407 0.135237 0.004241
data/frame-000338.color.jpg 0.254781 0.574076 -0.727588 0.275933 -1.232539 1.398950 0.569089 0.244277 0.005675
data/frame-000339.color.jpg 0.249738 0.578360 -0.728306 0.269632 -1.248117 1.367987 0.591769 0.363526 0.009067
data/frame-000340.color.jpg 0.249071 0.580679 -0.729259 0.262596 -1.261537 1.350966 0.618915 0.552356 0.012785
data/frame-000341.color.jpg 0.246276 0.578919 -0.730815 0.264784 -1.279217 1.333413 0.610781 0.539468 0.013401
data/frame-000342.color.jpg 0.237759 0.577475 -0.735978 0.261398 -1.296221 1.325929 0.621935 0.211878 0.008732
data/frame-000343.color.jpg 0.228883 0.571967 -0.742607 0.262681 -1.326841 1.319088 0.612233 0.207591 0.009033
data/frame-000344.color.jpg 0.224001 0.562772 -0.750201 0.265159 -1.340990 1.334568 0.593450 0.415602 0.013061
data/frame-000345.color.jpg 0.212559 0.536708 -0.770471 0.270439 -1.336737 1.402464 0.545816 0.434064 0.011798
data/frame-000346.color.jpg 0.201341 0.510122 -0.786744 0.283322 -1.325558 1.468532 0.470597 0.647491 0.017168
data/frame-000347.color.jpg 0.197244 0.483594 -0.802123 0.289534 -1.307286 1.546910 0.411869 0.415440 0.010082
data/frame-000348.color.jpg 0.189583 0.460938 -0.816234 0.292159 -1.292685 1.614420 0.368339 0.457782 0.011560
data/frame-000349.color.jpg 0.187086 0.450523 -0.820983 0.296673 -1.295021 1.633888 0.333452 0.427395 0.007436
data/frame-000350.color.jpg 0.175953 0.439532 -0.829737 0.295616 -1.324624 1.675831 0.303876 0.671423 0.017462
data/frame-000351.color.jpg 0.171708 0.441223 -0.828584 0.298810 -1.365880 1.666812 0.283113 0.595509 0.015477
data/frame-000352.color.jpg 0.168860 0.444396 -0.826868 0.300479 -1.390544 1.662823 0.266479 0.485675 0.009192
data/frame-000353.color.jpg 0.167321 0.451032 -0.823673 0.300226 -1.439988 1.657660 0.270422 0.417467 0.010010
data/frame-000354.color.jpg 0.164446 0.450304 -0.821481 0.308793 -1.460986 1.649384 0.223908 0.101875 0.001246
data/frame-000355.color.jpg 0.168619 0.450718 -0.819407 0.311436 -1.487604 1.660934 0.221284 0.255901 0.006359
data/frame-000356.color.jpg 0.169805 0.453977 -0.816931 0.312562 -1.519810 1.658848 0.208627 0.227460 0.004297
data/frame-000357.color.jpg 0.173632 0.450221 -0.817104 0.315426 -1.533778 1.679890 0.188334 0.320842 0.007085
data/frame-000358.color.jpg 0.174988 0.448766 -0.817166 0.316588 -1.544594 1.699770 0.178968 0.257040 0.004981
data/frame-000359.color.jpg 0.188916 0.449632 -0.807793 0.331078 -1.577397 1.708335 0.137947 0.205998 0.004555
data/frame-000360.color.jpg 0.200867 0.453292 -0.799625 0.338791 -1.606789 1.714207 0.119467 0.597854 0.014422
data/frame-000361.color.jpg 0.206969 0.457078 -0.792156 0.347466 -1.648530 1.721904 0.101343 0.243049 0.007641
data/frame-000362.color.jpg 0.208419 0.457359 -0.788022 0.355535 -1.669063 1.719079 0.073558 0.175414 0.002274
data/frame-000363.color.jpg 0.214329 0.455512 -0.784586 0.361934 -1.674770 1.726561 0.050692 0.176087 0.002869
data/frame-000364.color.jpg 0.217651 0.455920 -0.781665 0.365738 -1.685423 1.730511 0.042176 0.034386 0.001255
data/frame-000365.color.jpg 0.220511 0.456894 -0.779616 0.367181 -1.690188 1.735413 0.037872 0.188499 0.005260
data/frame-000366.color.jpg 0.225965 0.457916 -0.776613 0.368951 -1.693215 1.734629 0.040794 0.135125 0.003938
data/frame-000367.color.jpg 0.229672 0.460671 -0.772705 0.371430 -1.703656 1.731777 0.033705 0.097494 0.005854
data/frame-000368.color.jpg 0.232019 0.459018 -0.771342 0.374834 -1.703976 1.741821 0.021196 0.117839 0.003166
data/frame-000369.color.jpg 0.234209 0.455629 -0.770339 0.379640 -1.701213 1.751611 -0.002595 0.112410 0.000685
data/frame-000370.color.jpg 0.233010 0.454731 -0.770821 0.380475 -1.708496 1.764279 -0.011088 0.210365 0.004874
data/frame-000371.color.jpg 0.225760 0.450093 -0.773362 0.385174 -1.704374 1.773005 -0.062166 0.157214 0.006349
data/frame-000372.color.jpg 0.218187 0.440046 -0.778423 0.390911 -1.688670 1.809118 -0.132402 0.336044 0.009719
data/frame-000373.color.jpg 0.211470 0.429219 -0.783651 0.396158 -1.668797 1.852906 -0.208196 0.153351 0.006989
data/frame-000374.color.jpg 0.202219 0.421003 -0.787174 0.402766 -1.657027 1.889992 -0.297327 0.185245 0.006423
data/frame-000375.color.jpg 0.201019 0.418339 -0.789645 0.401305 -1.651222 1.918058 -0.326738 0.217806 0.008788
data/frame-000376.color.jpg 0.204691 0.418667 -0.790711 0.396982 -1.667590 1.948845 -0.346130 0.080172 0.009941
data/frame-000377.color.jpg 0.211337 0.424103 -0.788602 0.391894 -1.706705 1.964154 -0.336173 0.070746 0.008419
data/frame-000378.color.jpg 0.217849 0.436327 -0.780857 0.390413 -1.787962 1.947218 -0.341051 0.163674 0.012470
data/frame-000379.color.jpg 0.234753 0.458273 -0.766212 0.384444 -1.912928 1.917564 -0.290373 0.191879 0.019596
data/frame-000380.color.jpg 0.240830 0.476612 -0.755266 0.380020 -2.036302 1.883972 -0.260121 0.091691 0.012337
data/frame-000381.color.jpg 0.249528 0.478749 -0.754751 0.372674 -2.076699 1.920179 -0.227344 0.332799 0.005193
data/frame-000382.color.jpg 0.249528 0.480097 -0.757678 0.364921 -2.110591 1.962624 -0.230918 0.104849 0.010218
data/frame-000383.color.jpg 0.249094 0.478969 -0.759322 0.363278 -2.131991 1.993973 -0.254597 0.351098 0.011048
data/frame-000384.color.jpg 0.246948 0.472534 -0.759996 0.371665 -2.165716 2.026129 -0.370959 0.184644 0.016097
data/frame-000385.color.jpg 0.237117 0.473396 -0.760710 0.375490 -2.204274 2.035046 -0.432798 0.304265 0.017356
data/frame-000386.color.jpg 0.235776 0.469162 -0.762156 0.378701 -2.224682 2.067233 -0.487345 0.357890 0.013813
data/frame-000387.color.jpg 0.228901 0.454932 -0.771932 0.380476 -2.206790 2.154615 -0.585337 0.379843 0.015364
data/frame-000388.color.jpg 0.220056 0.448017 -0.780317 0.376779 -2.233154 2.241550 -0.645307 0.402075 0.014317
data/frame-000389.color.jpg 0.219625 0.446688 -0.780528 0.378167 -2.248932 2.247480 -0.675606 0.071576 0.007941
data/frame-000390.color.jpg 0.223598 0.449742 -0.778879 0.375610 -2.298254 2.272895 -0.692069 0.432150 0.015959
data/frame-000391.color.jpg 0.237731 0.459797 -0.768401 0.376339 -2.434088 2.245901 -0.700195 0.100865 0.007264
data/frame-000392.color.jpg 0.238880 0.478156 -0.760134 0.369460 -2.573093 2.214530 -0.636455 0.217600 0.018671
data/frame-000393.color.jpg 0.246858 0.495158 -0.745737 0.371156 -2.681298 2.117990 -0.591409 0.389904 0.011075
data/frame-000394.color.jpg 0.257562 0.502537 -0.739182 0.367054 -2.751585 2.105451 -0.545117 0.494607 0.015213
data/frame-000395.color.jpg 0.255808 0.507797 -0.738616 0.362147 -2.790099 2.124855 -0.525091 0.392993 0.013246
data/frame-000396.color.jpg 0.259930 0.507325 -0.739464 0.358121 -2.812159 2.168486 -0.528273 0.459721 0.015480
data/frame-000397.color.jpg 0.262408 0.503612 -0.739463 0.361541 -2.844191 2.193811 -0.585799 0.183390 0.003191
data/frame-000398.color.jpg 0.261521 0.502936 -0.737517 0.367058 -2.880383 2.190156 -0.656859 0.107602 0.003124
data/frame-000399.color.jpg 0.255656 0.521435 -0.729454 0.361446 -3.000606 2.111948 -0.624718 0.282980 0.009112
data/frame-000400.color.jpg 0.252014 0.529076 -0.727491 0.356827 -3.070290 2.104618 -0.605512 0.143869 0.006933
data/frame-000401.color.jpg 0.252662 0.528866 -0.732140 0.347035 -3.068596 2.150971 -0.574857 0.715214 0.016891
data/frame-000402.color.jpg 0.254839 0.528900 -0.733767 0.341918 -3.097539 2.184880 -0.561433 0.595791 0.015196
data/frame-000403.color.jpg 0.264070 0.530728 -0.732891 0.333864 -3.130085 2.225935 -0.503126 0.561840 0.014641
data/frame-000404.color.jpg 0.269682 0.536869 -0.725575 0.335535 -3.197037 2.177511 -0.494053 0.432840 0.009824
data/frame-000405.color.jpg 0.270083 0.548202 -0.714959 0.339650 -3.318524 2.092743 -0.485227 0.263545 0.004948
data/frame-000406.color.jpg 0.263313 0.554388 -0.711119 0.342973 -3.377521 2.039363 -0.507336 0.606843 0.011227
data/frame-000407.color.jpg 0.264477 0.562516 -0.706371 0.338626 -3.458724 2.006330 -0.463850 0.823063 0.019792
data/frame-000408.color.jpg 0.269629 0.564773 -0.700432 0.343113 -3.521332 1.952317 -0.462093 0.721572 0.017230
data/frame-000409.color.jpg 0.270194 0.564652 -0.703212 0.337130 -3.531627 1.989417 -0.424064 0.465584 0.014876
data/frame-000410.color.jpg 0.259497 0.564919 -0.707766 0.335553 -3.507533 2.011648 -0.467349 1.431611 0.035153
data/frame-000411.color.jpg 0.263399 0.563714 -0.708966 0.331986 -3.524220 2.039499 -0.433597 1.225873 0.027512
data/frame-000412.color.jpg 0.261804 0.560576 -0.710168 0.335969 -3.529053 2.033052 -0.476987 0.771386 0.015289
data/frame-000413.color.jpg 0.261514 0.554308 -0.712841 0.340897 -3.504414 2.047564 -0.531257 0.555445 0.011928
data/frame-000414.color.jpg 0.262393 0.560028 -0.711854 0.332841 -3.544590 2.054115 -0.460863 0.908010 0.020121
