data/frame-000662.color.jpg 0.444588 0.544824 -0.544948 0.456662 2.32649 2.1357 -5.16006
data/frame-000277.color.jpg 0.358042 0.736552 0.546035 -0.176474 -4.88022 -1.76328 2.62083
data/frame-000266.color.jpg 0.477386 0.689842 0.492289 -0.232106 -5.03869 -0.795058 2.63315
data/frame-000673.color.jpg -0.389946 -0.546519 0.605643 -0.427148 2.69868 2.85385 -4.54792
data/frame-000411.color.jpg 0.454613 0.674828 -0.479721 0.328332 1.68776 3.64071 -5.34381
data/frame-000015.color.jpg 0.300498 0.833195 0.459556 -0.0655433 -3.35669 -2.50376 2.44198
data/frame-000026.color.jpg 0.31278 0.784057 0.525461 -0.106366 -2.95362 -2.72097 2.92943
data/frame-000847.color.jpg -0.1979 -0.295085 0.871378 -0.33832 4.56393 2.01339 -1.49998
data/frame-000992.color.jpg -0.0284833 0.0566556 0.906042 -0.418409 5.01544 -0.322172 1.48708
data/frame-000981.color.jpg -0.0576871 0.0260888 0.877697 -0.475014 5.20175 0.0154487 1.11376
data/frame-000585.color.jpg -0.297771 -0.647211 0.664628 -0.225212 2.52699 4.83749 -3.0181
data/frame-000596.color.jpg -0.303914 -0.636533 0.658257 -0.262981 2.68141 4.67255 -3.27388
data/frame-000730.color.jpg -0.21676 -0.450333 0.819898 -0.279254 4.04592 3.27638 -1.83162
data/frame-000741.color.jpg -0.289608 -0.610052 0.684381 -0.274929 1.88659 4.17921 -2.91335
data/frame-000345.color.jpg 0.422349 0.903471 0.0567377 0.0462841 -5.19896 2.38878 -1.98191
data/frame-000334.color.jpg 0.47477 0.86785 0.146304 -0.00493403 -5.60207 1.54553 -1.39055
data/frame-000479.color.jpg 0.332674 0.653766 -0.628416 0.258866 3.01905 4.25757 -3.46583
data/frame-000083.color.jpg 0.223629 0.442585 0.787008 -0.367051 0.739575 -2.2546 4.83101
data/frame-000094.color.jpg 0.251409 0.437268 0.756436 -0.416406 0.701786 -1.58867 5.04542
data/frame-000490.color.jpg -0.314455 -0.511214 0.72503 -0.337802 4.63063 2.91653 -2.83062
data/frame-000228.color.jpg 0.42161 0.596925 0.594398 -0.335585 -3.42402 -1.0885 4.18314
data/frame-000239.color.jpg 0.396269 0.607688 0.609234 -0.32019 -3.48854 -1.41453 4.12816
data/frame-000624.color.jpg -0.464654 -0.538644 0.541486 -0.448053 2.48219 2.23246 -5.24995
data/frame-000373.color.jpg 0.421448 0.879152 -0.158592 0.155957 -3.4256 3.79909 -3.71632
data/frame-000122.color.jpg 0.36593 0.524189 0.664333 -0.387276 -0.849855 -1.10368 4.57213
data/frame-000798.color.jpg -0.465173 -0.420898 0.573169 -0.527196 2.61608 0.853667 -5.12624
data/frame-000809.color.jpg -0.407258 -0.497679 0.617996 -0.452258 2.34445 2.31616 -4.67685
data/frame-000954.color.jpg -0.15876 -0.0482552 0.855002 -0.491363 5.59676 0.286123 -0.234156
data/frame-000547.color.jpg -0.351893 -0.552236 0.668 -0.35353 3.11361 3.26017 -3.57127
data/frame-000558.color.jpg -0.345407 -0.560786 0.673936 -0.334698 3.062 3.54953 -3.61372
data/frame-000681.color.jpg -0.35134 -0.543234 0.661346 -0.379576 3.04969 3.32469 -3.96027
data/frame-000296.color.jpg 0.385658 0.759837 0.507352 -0.128488 -5.30953 -1.78427 1.75939
data/frame-000307.color.jpg 0.433411 0.828085 0.348178 -0.0721216 -5.81784 -0.190611 0.179892
data/frame-000692.color.jpg -0.284766 -0.482127 0.753539 -0.344442 4.11579 3.31306 -2.8564
data/frame-000441.color.jpg 0.403689 0.711023 -0.483099 0.313202 1.16426 4.23384 -5.07684
data/frame-000034.color.jpg 0.315045 0.788473 0.513321 -0.124734 -3.17483 -2.52994 3.00843
data/frame-000045.color.jpg 0.277339 0.749241 0.575004 -0.176328 -2.61015 -2.71712 3.377
data/frame-000056.color.jpg 0.230609 0.646065 0.696324 -0.211072 -1.33036 -3.34044 3.77861
data/frame-000190.color.jpg 0.305484 0.695577 0.619166 -0.198709 -3.44426 -2.54361 3.26791
data/frame-000452.color.jpg 0.338685 0.734418 -0.539065 0.235226 1.61804 5.13466 -3.96874
data/frame-000335.color.jpg 0.474804 0.869094 0.138679 -0.00216298 -5.57898 1.60718 -1.44834
data/frame-001011.color.jpg -0.0275004 0.10107 0.936686 -0.334138 4.81632 -1.08252 1.48992
data/frame-000760.color.jpg -0.325099 -0.61052 0.639903 -0.334813 1.54386 3.97898 -3.68212
data/frame-000509.color.jpg -0.310647 -0.506436 0.724623 -0.349203 4.36099 2.84845 -2.75256
data/frame-000113.color.jpg 0.292927 0.474982 0.717477 -0.416909 0.28795 -1.39407 4.56234
data/frame-000520.color.jpg -0.267097 -0.46471 0.756947 -0.373812 4.68216 2.69802 -2.17711
data/frame-000654.color.jpg 0.499102 0.544547 -0.490878 0.461958 1.83061 1.48114 -5.59155
data/frame-000247.color.jpg 0.458188 0.6373 0.552101 -0.281242 -4.34033 -1.1114 3.42008
data/frame-000258.color.jpg 0.509552 0.668072 0.488292 -0.235814 -5.03269 -0.789019 2.53943
data/frame-000269.color.jpg 0.431501 0.713679 0.507108 -0.217512 -4.99649 -1.03532 2.69169
data/frame-000392.color.jpg 0.471451 0.797842 -0.30137 0.224405 -1.36178 3.98143 -5.00209
data/frame-000007.color.jpg 0.308316 0.843411 0.436503 -0.0553626 -3.55138 -2.35283 2.32122
data/frame-000018.color.jpg 0.309762 0.819809 0.476298 -0.0714121 -3.26625 -2.5583 2.53914
data/frame-000403.color.jpg 0.469414 0.726676 -0.404939 0.296002 0.478724 3.80139 -5.42283
data/frame-000141.color.jpg 0.395888 0.587025 0.623264 -0.331988 -1.93614 -1.27023 4.36687
data/frame-000152.color.jpg 0.335165 0.6299 0.646419 -0.270246 -2.14234 -2.19958 4.11342
data/frame-000896.color.jpg -0.132466 -0.258672 0.910869 -0.293017 5.30144 2.18804 -0.561443
data/frame-000907.color.jpg -0.11203 -0.0815259 0.950549 -0.277956 5.90475 0.385516 0.165457
data/frame-001041.color.jpg 0.110994 0.18626 0.829356 -0.514933 3.94928 -0.390892 3.06173
data/frame-000790.color.jpg -0.397995 -0.424539 0.604303 -0.544229 3.07059 1.29775 -4.76751
data/frame-000722.color.jpg -0.193456 -0.419643 0.839547 -0.28572 4.45055 2.92302 -1.43598
data/frame-000326.color.jpg 0.452795 0.866609 0.20837 -0.0233952 -5.72642 1.10211 -0.896744
data/frame-000471.color.jpg 0.327198 0.714437 -0.575936 0.225428 2.19415 4.87289 -3.54195
data/frame-000460.color.jpg 0.343676 0.735238 -0.546028 0.207761 1.75649 5.09492 -3.8127
data/frame-000075.color.jpg 0.226624 0.471039 0.796328 -0.304343 0.343493 -2.87262 4.51749
data/frame-000220.color.jpg 0.418445 0.614831 0.592019 -0.310483 -3.54872 -1.19649 4.15343
data/frame-000209.color.jpg 0.371856 0.632638 0.61885 -0.280207 -3.36058 -1.79779 4.08739
data/frame-000365.color.jpg 0.402238 0.884914 -0.171117 0.160782 -3.25038 3.94302 -3.6029
data/frame-000103.color.jpg 0.260917 0.42717 0.753735 -0.425831 0.926275 -1.42646 4.6511
data/frame-000114.color.jpg 0.305439 0.483861 0.70898 -0.412228 0.0979657 -1.35723 4.57467
data/frame-000858.color.jpg -0.162943 -0.235231 0.89193 -0.350109 4.80823 1.6716 -0.987208
data/frame-001003.color.jpg -0.0191768 0.0787104 0.934685 -0.346122 4.89491 -0.752798 1.56597
data/frame-000607.color.jpg 0.375331 0.606049 -0.609961 0.34609 2.52951 3.82526 -4.31651
data/frame-000539.color.jpg -0.33654 -0.53886 0.675603 -0.374074 3.38497 3.13168 -3.37276
data/frame-000288.color.jpg 0.332978 0.703868 0.595805 -0.196753 -4.46015 -2.3934 2.99578
data/frame-000422.color.jpg 0.536118 0.68047 -0.377887 0.326709 0.104447 2.69892 -6.11694
data/frame-000037.color.jpg 0.316135 0.776292 0.529261 -0.131573 -3.09324 -2.56826 3.0586
data/frame-000433.color.jpg 0.527921 0.664462 -0.400158 0.345923 0.449287 2.55871 -6.21848
data/frame-000171.color.jpg 0.257659 0.680365 0.657074 -0.197406 -2.4969 -3.13226 3.45339
data/frame-000182.color.jpg 0.301546 0.716894 0.605439 -0.169046 -3.4794 -2.64292 2.99906
data/frame-000915.color.jpg -0.100107 -0.013298 0.947611 -0.303044 5.86315 -0.233615 0.488643
data/frame-000926.color.jpg -0.0798738 0.0707002 0.92342 -0.368669 5.63488 -0.787494 1.05821
data/frame-000664.color.jpg -0.433745 -0.550226 0.5561 -0.447068 2.34322 2.34359 -5.04857
data/frame-000937.color.jpg -0.131329 0.0290789 0.881164 -0.453275 5.70831 -0.381002 0.398501
data/frame-000065.color.jpg 0.208042 0.590936 0.736936 -0.253847 -0.732809 -3.30696 3.99447
data/frame-000076.color.jpg 0.228388 0.474774 0.790474 -0.312377 0.293905 -2.78891 4.56855
data/frame-000820.color.jpg -0.270819 -0.508239 0.727707 -0.372549 3.01436 3.54189 -3.05432
data/frame-000569.color.jpg 0.346154 0.631809 -0.629174 0.291779 2.12669 4.25597 -3.72936
data/frame-000250.color.jpg 0.478796 0.648132 0.528795 -0.266561 -4.60602 -0.978997 3.12164
data/frame-000994.color.jpg -0.0277774 0.0610468 0.912064 -0.404526 4.99026 -0.410382 1.49664
data/frame-000395.color.jpg 0.472867 0.779262 -0.334403 0.239421 -0.825391 3.98856 -5.15058
data/frame-000133.color.jpg 0.409519 0.554916 0.625179 -0.365394 -1.61506 -0.899465 4.47863
data/frame-000144.color.jpg 0.382725 0.596793 0.629652 -0.317644 -1.97442 -1.4853 4.31829
data/frame-000877.color.jpg -0.141211 -0.237333 0.9095 -0.310713 5.09876 1.84926 -0.530708
data/frame-000888.color.jpg -0.141057 -0.28422 0.90506 -0.283176 5.10114 2.3241 -0.652114
data/frame-000626.color.jpg 0.469446 0.546239 -0.527961 0.45 2.29317 2.18089 -5.31817
data/frame-000637.color.jpg 0.492799 0.556369 -0.499437 0.445157 1.8178 1.84995 -5.50369
data/frame-000648.color.jpg 0.508595 0.552641 -0.481129 0.452143 1.65654 1.47423 -5.64775
data/frame-000771.color.jpg -0.374361 -0.546118 0.613206 -0.430798 1.96186 2.95101 -4.48068
data/frame-000782.color.jpg -0.383798 -0.459223 0.616307 -0.511838 2.8265 1.84129 -4.70208
data/frame-000899.color.jpg -0.114726 -0.208728 0.929126 -0.282835 5.56084 1.72966 -0.214208
data/frame-001022.color.jpg 0.0390823 0.117684 0.887122 -0.444564 4.58071 -0.715057 2.16529
data/frame-001033.color.jpg 0.104736 0.168973 0.859994 -0.469988 4.05155 -0.645962 2.91961
data/frame-000201.color.jpg 0.328164 0.644718 0.644927 -0.246408 -3.17916 -2.38607 3.87807
data/frame-000956.color.jpg -0.148443 -0.0437947 0.859433 -0.48726 5.57662 0.287761 -0.105402
data/frame-000095.color.jpg 0.2578 0.44752 0.753884 -0.406109 0.573585 -1.65547 4.98472
data/frame-000106.color.jpg 0.261616 0.435542 0.750117 -0.423301 0.881106 -1.47554 4.55389
data/frame-000839.color.jpg -0.236075 -0.386319 0.821749 -0.346056 3.98509 2.67139 -2.13189
data/frame-000995.color.jpg -0.0288778 0.0632876 0.913745 -0.400288 4.98455 -0.449617 1.49123
data/frame-000850.color.jpg -0.179493 -0.248059 0.891199 -0.334683 4.7731 1.64952 -1.17529
data/frame-000588.color.jpg -0.289134 -0.64992 0.670751 -0.209996 2.5842 4.92496 -2.87179
data/frame-000599.color.jpg -0.321643 -0.625877 0.64716 -0.293271 2.68828 4.4361 -3.58315
data/frame-000984.color.jpg -0.0497521 0.0324472 0.879979 -0.471285 5.16337 -0.0181801 1.21363
data/frame-000733.color.jpg -0.247868 -0.492279 0.785375 -0.281796 3.53964 3.54617 -2.29008
data/frame-000337.color.jpg 0.473355 0.872124 0.123783 0.00362331 -5.52771 1.73006 -1.56256
data/frame-000348.color.jpg 0.393512 0.916837 0.025879 0.0623522 -4.98145 2.72622 -2.07383
data/frame-000744.color.jpg -0.300031 -0.620417 0.667038 -0.283064 1.65462 4.16876 -3.06591
data/frame-000482.color.jpg -0.330273 -0.614087 0.660832 -0.277701 3.53168 3.88847 -3.34833
data/frame-000231.color.jpg 0.393825 0.610721 0.606147 -0.323278 -3.37096 -1.36326 4.12885
data/frame-000163.color.jpg 0.273781 0.64306 0.675891 -0.233855 -2.00512 -2.94367 3.84281
data/frame-000918.color.jpg -0.100633 0.00560746 0.938664 -0.329774 5.83007 -0.349638 0.559121
data/frame-001052.color.jpg 0.0895979 0.180291 0.826022 -0.526456 4.08743 -0.345438 2.91329
data/frame-000656.color.jpg 0.480418 0.541171 -0.506405 0.46892 2.04467 1.6385 -5.46735
data/frame-000667.color.jpg -0.427216 -0.550107 0.567506 -0.439096 2.39371 2.45875 -4.9575
data/frame-000517.color.jpg -0.280149 -0.487928 0.74104 -0.366474 4.50082 2.84021 -2.38604
data/frame-000801.color.jpg -0.468709 -0.446961 0.567369 -0.508557 2.33718 1.12621 -5.18112
data/frame-000812.color.jpg -0.354342 -0.518435 0.651347 -0.425928 2.47868 2.96198 -4.15121
data/frame-000946.color.jpg -0.187702 -0.0363131 0.852496 -0.486518 5.68622 0.0278246 -0.483996
data/frame-000550.color.jpg -0.356189 -0.549348 0.669504 -0.35087 3.12247 3.26729 -3.64841
data/frame-000561.color.jpg -0.344124 -0.577735 0.668531 -0.317597 2.86811 3.75023 -3.62153
data/frame-000957.color.jpg -0.141692 -0.0406948 0.862201 -0.48464 5.56034 0.287513 -0.0206378
data/frame-000695.color.jpg -0.260109 -0.464874 0.777766 -0.33364 4.35201 3.25322 -2.46318
data/frame-000299.color.jpg 0.395197 0.779417 0.473215 -0.111338 -5.50575 -1.47609 1.37101
data/frame-000310.color.jpg 0.439902 0.838253 0.315434 -0.0657185 -5.81666 0.174932 -0.0525333
data/frame-000845.color.jpg -0.205103 -0.319566 0.861867 -0.33615 4.43608 2.2076 -1.6346
data/frame-000444.color.jpg 0.360441 0.721072 -0.516782 0.288225 1.47667 4.74772 -4.49042
data/frame-000048.color.jpg 0.256729 0.719043 0.615032 -0.196983 -2.16482 -2.91676 3.58004
data/frame-000193.color.jpg 0.301128 0.672528 0.640026 -0.217705 -3.21325 -2.60764 3.52352
data/frame-000869.color.jpg -0.158329 -0.238881 0.899698 -0.32926 4.94554 1.81127 -0.81374
data/frame-001014.color.jpg -0.0308316 0.113075 0.933867 -0.337871 4.77899 -1.20729 1.47348
data/frame-000618.color.jpg 0.449082 0.55994 -0.555031 0.420397 2.41587 2.65957 -5.12487
data/frame-000629.color.jpg 0.475404 0.552792 -0.520971 0.443848 2.12347 2.16233 -5.36756
data/frame-001025.color.jpg 0.0807541 0.125392 0.876013 -0.458646 4.38021 -0.524139 2.54805
data/frame-000752.color.jpg -0.314703 -0.627532 0.643553 -0.304967 1.42197 4.14035 -3.39547
data/frame-000367.color.jpg 0.406991 0.880794 -0.177485 0.164497 -3.18928 3.95494 -3.69513
data/frame-000378.color.jpg 0.444036 0.871084 -0.142937 0.153668 -3.59257 3.58509 -3.839
data/frame-000763.color.jpg -0.340703 -0.599595 0.633575 -0.350699 1.57303 3.79037 -3.88789
data/frame-000501.color.jpg -0.307618 -0.51261 0.726168 -0.339532 4.46333 2.92136 -2.72275
data/frame-000105.color.jpg 0.262181 0.430503 0.752941 -0.423093 0.909903 -1.4596 4.58291
data/frame-000512.color.jpg -0.307543 -0.502576 0.724562 -0.357555 4.36661 2.83222 -2.72194
data/frame-000523.color.jpg -0.267881 -0.459142 0.757437 -0.3791 4.6717 2.66561 -2.19475
data/frame-000261.color.jpg 0.514499 0.668656 0.48409 -0.232047 -5.0802 -0.758942 2.47717
data/frame-000657.color.jpg 0.477556 0.53984 -0.509985 0.469498 2.08829 1.66185 -5.4429
data/frame-000406.color.jpg 0.465649 0.705783 -0.43584 0.308359 0.960983 3.74545 -5.42275
data/frame-000010.color.jpg 0.295679 0.838691 0.453316 -0.0606323 -3.39902 -2.49693 2.38785
data/frame-000831.color.jpg -0.253988 -0.449565 0.778252 -0.357359 3.50555 3.11864 -2.54072
data/frame-000965.color.jpg -0.0843408 0.00253781 0.878792 -0.469686 5.37819 0.111222 0.761375
data/frame-000580.color.jpg -0.31295 -0.639747 0.658363 -0.243605 2.45746 4.67861 -3.23264
data/frame-000976.color.jpg -0.0716172 0.0152809 0.876199 -0.476354 5.26746 0.0579672 0.938787
data/frame-000987.color.jpg -0.0392283 0.0444907 0.890661 -0.450783 5.09595 -0.147511 1.35919
data/frame-000725.color.jpg -0.188462 -0.427966 0.837518 -0.282649 4.33852 3.06452 -1.43117
data/frame-000714.color.jpg -0.226265 -0.454092 0.805785 -0.305475 4.28589 3.0925 -1.86693
data/frame-000318.color.jpg 0.450111 0.853786 0.257275 -0.0475175 -5.77399 0.735624 -0.500971
data/frame-000329.color.jpg 0.466838 0.864793 0.183949 -0.0189249 -5.68973 1.27302 -1.07963
data/frame-000340.color.jpg 0.465852 0.879185 0.0991892 0.0133271 -5.43117 1.95345 -1.73148
data/frame-000463.color.jpg 0.334812 0.730065 -0.559291 0.205181 1.95172 5.07739 -3.66803
data/frame-000067.color.jpg 0.198674 0.575494 0.748591 -0.262578 -0.523679 -3.3244 4.0447
data/frame-000078.color.jpg 0.22711 0.470512 0.786279 -0.329855 0.364207 -2.62551 4.6635
data/frame-000089.color.jpg 0.233381 0.426147 0.76918 -0.415082 0.907214 -1.70201 5.03272
data/frame-000212.color.jpg 0.384339 0.622691 0.619003 -0.285262 -3.36215 -1.71353 4.12783
data/frame-000223.color.jpg 0.431667 0.598326 0.588092 -0.331387 -3.4868 -0.978173 4.23789
data/frame-000474.color.jpg 0.324262 0.697282 -0.591731 0.241881 2.4539 4.70666 -3.48758
data/frame-000619.color.jpg 0.456684 0.551145 -0.548999 0.4316 2.44187 2.47734 -5.19096
data/frame-000861.color.jpg -0.176629 -0.250283 0.885332 -0.349782 4.75382 1.79023 -1.1558
data/frame-001044.color.jpg 0.103645 0.187524 0.825261 -0.522529 3.98183 -0.378005 3.02212
data/frame-000793.color.jpg -0.4315 -0.417178 0.58277 -0.54786 2.90558 0.958651 -4.9551
data/frame-000397.color.jpg 0.472852 0.762345 -0.358483 0.258324 -0.385266 3.94092 -5.27854
data/frame-000949.color.jpg -0.196029 -0.0525395 0.842655 -0.498744 5.64053 0.149677 -0.64663
data/frame-000531.color.jpg -0.296581 -0.467753 0.741561 -0.378596 4.40193 2.68272 -2.61499
data/frame-000542.color.jpg -0.349476 -0.548838 0.664766 -0.367056 3.17634 3.17124 -3.53154
data/frame-000676.color.jpg -0.382872 -0.549068 0.61338 -0.419164 2.72301 2.96649 -4.45462
data/frame-000280.color.jpg 0.336063 0.739394 0.557204 -0.172866 -4.80654 -1.94367 2.65458
data/frame-000291.color.jpg 0.341972 0.72318 0.574862 -0.172045 -4.73546 -2.31857 2.61677
data/frame-000687.color.jpg -0.308594 -0.526695 0.703713 -0.363526 3.50359 3.52148 -3.38527
data/frame-000425.color.jpg 0.545396 0.681408 -0.363029 0.326246 -0.109871 2.57159 -6.1826
data/frame-000029.color.jpg 0.312903 0.780846 0.528308 -0.115161 -2.96838 -2.7003 3.00481
data/frame-000040.color.jpg 0.300104 0.768872 0.549113 -0.131333 -2.97835 -2.72403 3.03552
data/frame-000436.color.jpg 0.467593 0.685512 -0.443561 0.33865 0.890518 3.37267 -5.77443
data/frame-000174.color.jpg 0.264737 0.70174 0.635271 -0.184135 -2.88064 -3.00939 3.28047
data/frame-000185.color.jpg 0.30807 0.714535 0.602745 -0.176727 -3.55883 -2.53477 3.02384
data/frame-001006.color.jpg -0.0181554 0.0875345 0.936769 -0.338338 4.85648 -0.875765 1.57795
data/frame-000610.color.jpg -0.391716 -0.596215 0.597109 -0.366808 2.50615 3.57739 -4.5286
data/frame-000755.color.jpg -0.313277 -0.6228 0.645316 -0.312321 1.48005 4.14196 -3.44913
data/frame-000359.color.jpg 0.382162 0.903102 -0.137334 0.139638 -3.59807 3.86043 -3.17286
data/frame-000493.color.jpg -0.308902 -0.489641 0.736692 -0.349451 4.80148 2.71048 -2.66744
data/frame-000108.color.jpg 0.264743 0.44153 0.74842 -0.418128 0.8095 -1.51883 4.50833
data/frame-000504.color.jpg -0.308075 -0.513744 0.72651 -0.33666 4.39537 2.92302 -2.72921
data/frame-000649.color.jpg 0.509563 0.550246 -0.481198 0.453898 1.67516 1.4379 -5.65281
data/frame-000242.color.jpg 0.422 0.619717 0.588163 -0.303201 -3.85261 -1.31827 3.86014
data/frame-000253.color.jpg 0.494199 0.658638 0.508677 -0.251419 -4.8252 -0.888426 2.83497
data/frame-000387.color.jpg 0.473529 0.835333 -0.210118 0.183955 -2.71223 3.72759 -4.53023
data/frame-000002.color.jpg 0.316309 0.84268 0.432799 -0.0502408 -3.59607 -2.31042 2.27558
data/frame-000398.color.jpg 0.473196 0.754631 -0.369794 0.264331 -0.196251 3.92179 -5.31825
data/frame-000136.color.jpg 0.408764 0.56739 0.620657 -0.354634 -1.76922 -0.987119 4.43683
data/frame-000147.color.jpg 0.373269 0.610464 0.63183 -0.297985 -2.10303 -1.71213 4.23207
data/frame-000880.color.jpg -0.133615 -0.242775 0.914721 -0.294098 5.1505 1.90296 -0.431621
data/frame-000891.color.jpg -0.143658 -0.2929 0.898829 -0.292709 5.07648 2.44911 -0.749293
data/frame-000706.color.jpg -0.244432 -0.464666 0.786886 -0.324268 4.26512 3.19933 -2.17535
data/frame-000717.color.jpg -0.220404 -0.429442 0.822113 -0.30188 4.44365 2.88681 -1.72754
data/frame-000455.color.jpg 0.340789 0.734047 -0.545107 0.218853 1.72033 5.13082 -3.87987
data/frame-000059.color.jpg 0.224882 0.647365 0.692554 -0.225201 -1.38799 -3.27192 3.8286
data/frame-000070.color.jpg 0.192353 0.518178 0.785373 -0.278714 0.103816 -3.2953 4.17418
data/frame-000466.color.jpg 0.333637 0.727164 -0.563186 0.20674 1.99998 5.03493 -3.63082
data/frame-000204.color.jpg 0.344163 0.642683 0.631074 -0.265058 -3.26273 -2.09551 4.00075
data/frame-000215.color.jpg 0.400104 0.612346 0.613145 -0.298332 -3.37783 -1.51474 4.20124
data/frame-000948.color.jpg -0.196378 -0.0454293 0.845721 -0.494092 5.6587 0.0756936 -0.617574
data/frame-000360.color.jpg 0.391234 0.896372 -0.15042 0.144315 -3.46904 3.8987 -3.31736
data/frame-000098.color.jpg 0.2603 0.455831 0.744894 -0.411819 0.550866 -1.57533 4.89765
data/frame-000842.color.jpg -0.222788 -0.352817 0.845122 -0.334149 4.22453 2.44 -1.88421
data/frame-000853.color.jpg -0.170872 -0.21957 0.899404 -0.337142 4.8617 1.44322 -1.00574
data/frame-000591.color.jpg -0.287878 -0.649734 0.669027 -0.217657 2.62661 4.91821 -2.90751
data/frame-000272.color.jpg 0.404999 0.725334 0.51873 -0.201955 -4.97921 -1.26914 2.66094
data/frame-000417.color.jpg 0.501668 0.66983 -0.436156 0.330794 1.00516 3.09212 -5.83279
data/frame-000021.color.jpg 0.311375 0.804968 0.500614 -0.0667697 -3.15955 -2.73938 2.55857
data/frame-000428.color.jpg 0.553441 0.670453 -0.362727 0.335597 -0.0662612 2.35794 -6.29753
data/frame-000155.color.jpg 0.316877 0.628359 0.658097 -0.267699 -2.03296 -2.37651 4.12193
data/frame-000166.color.jpg 0.264008 0.659363 0.668046 -0.221935 -2.17444 -3.02511 3.70979
data/frame-000177.color.jpg 0.288609 0.714104 0.61497 -0.169036 -3.23984 -2.82711 3.09592
data/frame-000910.color.jpg -0.116338 -0.0501636 0.951575 -0.280097 5.90825 0.0472641 0.203016
data/frame-000659.color.jpg 0.454008 0.543517 -0.533438 0.462504 2.26063 1.98532 -5.25544
data/frame-000921.color.jpg -0.0938828 0.0333127 0.931137 -0.350799 5.76486 -0.537033 0.747985
data/frame-000101.color.jpg 0.263769 0.440503 0.744673 -0.426433 0.751016 -1.40897 4.77895
data/frame-000060.color.jpg 0.227977 0.642658 0.694092 -0.230767 -1.36425 -3.23051 3.86643
data/frame-000804.color.jpg -0.45768 -0.462235 0.57417 -0.497189 2.28427 1.40132 -5.11976
data/frame-000815.color.jpg -0.327581 -0.522663 0.672721 -0.408609 2.58928 3.23448 -3.82871
data/frame-000553.color.jpg -0.35588 -0.548393 0.671716 -0.348444 3.13401 3.32127 -3.68606
data/frame-000302.color.jpg 0.410089 0.79925 0.428507 -0.0969928 -5.68005 -1.02569 0.937997
data/frame-000485.color.jpg -0.326222 -0.564714 0.695848 -0.300787 4.10144 3.41692 -3.15991
data/frame-000234.color.jpg 0.378935 0.608835 0.612062 -0.33333 -3.25569 -1.38766 4.2312
data/frame-000989.color.jpg -0.0360835 0.0492411 0.895603 -0.440647 5.06705 -0.212458 1.4026
data/frame-000390.color.jpg 0.473102 0.812585 -0.268332 0.209472 -1.87073 3.91029 -4.85575
data/frame-000117.color.jpg 0.333029 0.504724 0.689252 -0.399095 -0.344059 -1.27566 4.58144
data/frame-000128.color.jpg 0.392789 0.541734 0.642646 -0.373158 -1.30335 -0.982296 4.52298
data/frame-000139.color.jpg 0.403332 0.58064 0.618293 -0.343358 -1.89773 -1.10909 4.39791
data/frame-000872.color.jpg -0.152352 -0.238366 0.903369 -0.322327 5.00421 1.82846 -0.706625
data/frame-000621.color.jpg 0.456883 0.547414 -0.547104 0.43849 2.47386 2.41525 -5.19665
data/frame-000632.color.jpg 0.488036 0.558675 -0.506231 0.43981 1.8688 2.0243 -5.46468
data/frame-000883.color.jpg -0.133278 -0.259989 0.9137 -0.282479 5.14147 2.06396 -0.463567
data/frame-000766.color.jpg -0.35974 -0.575387 0.627955 -0.381039 1.74324 3.44339 -4.16042
data/frame-001017.color.jpg -0.0129754 0.120707 0.915975 -0.382428 4.72545 -1.14514 1.67891
data/frame-001028.color.jpg 0.0989154 0.146087 0.869093 -0.462116 4.20304 -0.56328 2.77792
data/frame-000515.color.jpg -0.296908 -0.498665 0.727939 -0.365081 4.39333 2.85499 -2.60313
data/frame-000264.color.jpg 0.509251 0.673474 0.479293 -0.23953 -5.08519 -0.631011 2.53785
data/frame-000447.color.jpg 0.343774 0.729469 -0.528138 0.266016 1.52609 4.9839 -4.20612
data/frame-000196.color.jpg 0.303164 0.661291 0.64749 -0.227031 -3.15386 -2.60469 3.65552
data/frame-000940.color.jpg -0.158659 -0.00135016 0.867012 -0.472351 5.72611 -0.184495 -0.0242852
data/frame-000689.color.jpg -0.299311 -0.509081 0.726058 -0.352263 3.76438 3.46288 -3.16332
data/frame-000823.color.jpg -0.272215 -0.499018 0.73995 -0.359658 3.08228 3.47059 -2.94082
data/frame-000834.color.jpg -0.24933 -0.419773 0.798358 -0.352492 3.73204 2.89591 -2.3797
data/frame-000090.color.jpg 0.238147 0.425534 0.76629 -0.418337 0.879228 -1.63961 5.05684
data/frame-000979.color.jpg -0.063974 0.0221669 0.876818 -0.476031 5.22937 0.0272322 1.04042
data/frame-000572.color.jpg -0.336822 -0.632117 0.640701 -0.276552 2.24639 4.38404 -3.58398
data/frame-000583.color.jpg -0.302692 -0.645581 0.661248 -0.23314 2.48593 4.79032 -3.09617
data/frame-000594.color.jpg -0.295148 -0.642783 0.663426 -0.244098 2.66373 4.79377 -3.10162
data/frame-000728.color.jpg -0.202286 -0.438387 0.830777 -0.276959 4.1958 3.18645 -1.62405
data/frame-000321.color.jpg 0.456041 0.860825 0.223721 -0.0309063 -5.72303 0.989108 -0.816611
data/frame-000332.color.jpg 0.474441 0.865633 0.159646 -0.00987892 -5.63764 1.44166 -1.28852
data/frame-000477.color.jpg 0.330566 0.667005 -0.617685 0.253567 2.85957 4.39727 -3.48146
data/frame-000158.color.jpg 0.310369 0.629539 0.66107 -0.265214 -2.02645 -2.46563 4.1146
data/frame-000902.color.jpg -0.107334 -0.167285 0.939438 -0.279198 5.72364 1.31789 -0.0139243
data/frame-001036.color.jpg 0.111718 0.171438 0.849648 -0.486031 4.00186 -0.504516 2.99223
data/frame-001047.color.jpg 0.104693 0.186297 0.824587 -0.523821 3.98207 -0.341402 3.02873
data/frame-000651.color.jpg 0.508046 0.548306 -0.481045 0.458088 1.70821 1.41234 -5.65158
data/frame-000785.color.jpg -0.382618 -0.449426 0.608898 -0.529964 2.92349 1.66469 -4.72771
data/frame-000389.color.jpg 0.478395 0.825078 -0.232007 0.1912 -2.40823 3.77347 -4.68026
data/frame-000796.color.jpg -0.45553 -0.420067 0.57535 -0.533862 2.7008 0.878739 -5.08222
data/frame-000807.color.jpg -0.422107 -0.492281 0.606411 -0.460164 2.28512 2.11611 -4.81557
data/frame-000534.color.jpg -0.313623 -0.48619 0.720221 -0.382807 4.11696 2.78221 -2.91315
data/frame-000545.color.jpg -0.351352 -0.552924 0.665316 -0.358023 3.11054 3.23854 -3.56086
data/frame-000941.color.jpg -0.165475 -0.0123426 0.86167 -0.479573 5.72399 -0.09832 -0.149109
data/frame-000690.color.jpg -0.287388 -0.492164 0.74498 -0.346682 4.00287 3.3889 -2.93834
data/frame-000283.color.jpg 0.318254 0.728721 0.575048 -0.192353 -4.6103 -2.10329 2.92667
data/frame-000294.color.jpg 0.365741 0.740605 0.543558 -0.149275 -5.03878 -2.08249 2.1998
data/frame-000032.color.jpg 0.321931 0.776906 0.525538 -0.128792 -3.01908 -2.57778 3.11063
data/frame-000043.color.jpg 0.288915 0.76253 0.558591 -0.151832 -2.84047 -2.70343 3.17562
data/frame-000864.color.jpg -0.169965 -0.255988 0.886902 -0.344945 4.77225 1.90052 -1.07755
data/frame-001009.color.jpg -0.0249286 0.0975129 0.937598 -0.332837 4.82625 -1.01972 1.52476
data/frame-001020.color.jpg 0.0122959 0.119712 0.894926 -0.429681 4.66481 -0.89229 1.93938
data/frame-000613.color.jpg 0.414307 0.580758 -0.580677 0.392281 2.49815 3.20793 -4.78859
data/frame-000998.color.jpg -0.0289971 0.0690288 0.921088 -0.382088 4.96009 -0.5665 1.49246
data/frame-000747.color.jpg -0.30396 -0.623806 0.657185 -0.294248 1.55919 4.15018 -3.17361
data/frame-000351.color.jpg 0.380669 0.922161 -0.00649519 0.0683209 -4.75371 3.04439 -2.14241
data/frame-000362.color.jpg 0.394108 0.893781 -0.154034 0.148691 -3.43177 3.89767 -3.38625
data/frame-000758.color.jpg -0.32005 -0.614781 0.641654 -0.328469 1.52403 4.03994 -3.60982
data/frame-000496.color.jpg -0.308554 -0.487592 0.739431 -0.346829 4.76654 2.68187 -2.64251
data/frame-000100.color.jpg 0.263323 0.448223 0.743875 -0.420008 0.656873 -1.47438 4.82033
data/frame-000507.color.jpg -0.309807 -0.508922 0.726241 -0.342916 4.38348 2.87075 -2.74003
data/frame-000245.color.jpg 0.444362 0.631025 0.566859 -0.288135 -4.16365 -1.21207 3.58478
data/frame-000256.color.jpg 0.504915 0.665114 0.493638 -0.242912 -4.9672 -0.79766 2.64288
data/frame-000005.color.jpg 0.314007 0.844262 0.431496 -0.0493238 -3.60669 -2.31888 2.26242
data/frame-000826.color.jpg -0.265133 -0.487935 0.752995 -0.35302 3.1736 3.3955 -2.77591
data/frame-000430.color.jpg 0.548099 0.667978 -0.363187 0.348552 0.0381611 2.30796 -6.32282
data/frame-000960.color.jpg -0.109671 -0.0209511 0.870957 -0.478504 5.49927 0.242054 0.398495
data/frame-000564.color.jpg -0.34509 -0.604763 0.648874 -0.306818 2.49816 3.99503 -3.68962
data/frame-000575.color.jpg -0.330373 -0.630687 0.649157 -0.267736 2.36119 4.45013 -3.48443
data/frame-000971.color.jpg -0.0790356 0.00900509 0.879673 -0.46888 5.31411 0.0652917 0.840707
data/frame-000709.color.jpg -0.240961 -0.46438 0.790524 -0.318373 4.24263 3.17069 -2.09985
data/frame-000313.color.jpg 0.442109 0.847431 0.287279 -0.0622239 -5.79932 0.488745 -0.214078
data/frame-000324.color.jpg 0.457766 0.863288 0.210747 -0.027742 -5.72199 1.08799 -0.882635
data/frame-000720.color.jpg -0.205852 -0.416011 0.834408 -0.297193 4.5105 2.81918 -1.54627
data/frame-000458.color.jpg 0.341387 0.734957 -0.546911 0.210195 1.75304 5.12668 -3.8223
data/frame-000062.color.jpg 0.22182 0.634614 0.702978 -0.232129 -1.26713 -3.26791 3.86235
data/frame-000073.color.jpg 0.206203 0.482433 0.800757 -0.28901 0.365133 -3.13725 4.32062
data/frame-000469.color.jpg 0.326746 0.721074 -0.571112 0.217073 2.11171 4.96393 -3.54362
data/frame-000207.color.jpg 0.359388 0.637583 0.624108 -0.273529 -3.31838 -1.92915 4.05343
data/frame-000218.color.jpg 0.410686 0.613605 0.60139 -0.305215 -3.47694 -1.33552 4.18644
data/frame-001039.color.jpg 0.114296 0.183005 0.836879 -0.503069 3.94267 -0.4422 3.06507
data/frame-000777.color.jpg -0.389516 -0.492042 0.615806 -0.476398 2.46118 2.24017 -4.7003
data/frame-000788.color.jpg -0.38773 -0.436561 0.606652 -0.539494 3.02109 1.47954 -4.74013
data/frame-000526.color.jpg -0.270903 -0.461511 0.755249 -0.378443 4.62011 2.69334 -2.26635
data/frame-000130.color.jpg 0.404513 0.549862 0.629234 -0.371599 -1.49604 -0.884602 4.50109
data/frame-000537.color.jpg -0.324911 -0.521787 0.691531 -0.379414 3.65571 3.04346 -3.18933
data/frame-000671.color.jpg -0.408078 -0.546809 0.589324 -0.432632 2.56906 2.66065 -4.74522
data/frame-000275.color.jpg 0.373796 0.731966 0.539436 -0.183064 -4.90637 -1.63604 2.63641
data/frame-000286.color.jpg 0.324257 0.706525 0.593722 -0.207782 -4.41578 -2.28196 3.12846
data/frame-000682.color.jpg -0.345127 -0.534744 0.673334 -0.376242 3.19538 3.32114 -3.85138
data/frame-000420.color.jpg 0.516754 0.674496 -0.413318 0.327398 0.628417 2.94527 -5.95984
data/frame-000013.color.jpg 0.293376 0.838483 0.455287 -0.0599144 -3.3925 -2.51967 2.3782
data/frame-000024.color.jpg 0.310592 0.789585 0.522116 -0.0864997 -2.99885 -2.79716 2.75595
data/frame-000035.color.jpg 0.31265 0.7869 0.516602 -0.127124 -3.16048 -2.53651 3.01537
data/frame-000169.color.jpg 0.258324 0.67398 0.661002 -0.205173 -2.37655 -3.11147 3.53721
data/frame-000431.color.jpg 0.548636 0.661509 -0.372813 0.349878 0.170547 2.27427 -6.33729
data/frame-000913.color.jpg -0.102744 -0.0307864 0.950516 -0.291572 5.88746 -0.0890581 0.405347
data/frame-000990.color.jpg -0.0343981 0.051322 0.897475 -0.436716 5.05468 -0.238198 1.42387
data/frame-001001.color.jpg -0.0244678 0.0751875 0.928056 -0.363952 4.92518 -0.672933 1.53235
data/frame-000739.color.jpg -0.282529 -0.598558 0.698301 -0.272546 2.10285 4.15564 -2.81682
data/frame-000343.color.jpg 0.448167 0.890176 0.0738947 0.0356848 -5.30503 2.15707 -1.96112
data/frame-000750.color.jpg -0.308613 -0.628787 0.647119 -0.301036 1.44546 4.15945 -3.29602
data/frame-000488.color.jpg -0.323335 -0.531254 0.714515 -0.320455 4.43271 3.08457 -3.01103
data/frame-000092.color.jpg 0.249997 0.42726 0.760559 -0.420121 0.790195 -1.54491 5.07744
data/frame-000499.color.jpg -0.310219 -0.503971 0.730113 -0.341633 4.5636 2.83004 -2.72125
data/frame-000644.color.jpg 0.509558 0.548531 -0.485042 0.451884 1.71029 1.48146 -5.62889
data/frame-000226.color.jpg 0.439513 0.591224 0.586539 -0.336533 -3.50406 -0.945405 4.18861
data/frame-000237.color.jpg 0.381876 0.602137 0.617632 -0.331862 -3.27242 -1.43045 4.2599
data/frame-000248.color.jpg 0.463343 0.64075 0.546036 -0.276762 -4.41544 -1.08139 3.33797
data/frame-000382.color.jpg 0.460949 0.860692 -0.147871 0.1577 -3.5231 3.50609 -4.0232
data/frame-000131.color.jpg 0.405588 0.550542 0.628122 -0.371302 -1.51479 -0.878758 4.49918
data/frame-000875.color.jpg -0.149457 -0.237972 0.906134 -0.316153 5.0587 1.83389 -0.640377
data/frame-000886.color.jpg -0.132947 -0.277927 0.910393 -0.276163 5.11455 2.25606 -0.520595
data/frame-000768.color.jpg -0.368343 -0.561524 0.623698 -0.400018 1.84451 3.23067 -4.30213
data/frame-000372.color.jpg 0.419239 0.87856 -0.165803 0.157738 -3.3445 3.85105 -3.72868
data/frame-000556.color.jpg -0.349852 -0.554539 0.673762 -0.340786 3.10668 3.44489 -3.64124
data/frame-000701.color.jpg -0.245202 -0.453153 0.789652 -0.333132 4.42483 3.15658 -2.2077
data/frame-000305.color.jpg 0.426427 0.822191 0.369324 -0.075908 -5.80551 -0.427041 0.347567
data/frame-000712.color.jpg -0.239359 -0.459836 0.797016 -0.309878 4.24697 3.11006 -2.03395
data/frame-000439.color.jpg 0.412315 0.711288 -0.473684 0.315734 1.05225 4.13859 -5.19039
data/frame-000054.color.jpg 0.233254 0.65143 0.689432 -0.214278 -1.36575 -3.28069 3.79769
data/frame-000450.color.jpg 0.338264 0.732822 -0.537161 0.244963 1.60479 5.10487 -4.02204
data/frame-000461.color.jpg 0.339372 0.736852 -0.546824 0.207022 1.76372 5.1176 -3.75419
data/frame-000188.color.jpg 0.311135 0.71412 0.599778 -0.183012 -3.64291 -2.45679 3.05474
data/frame-000199.color.jpg 0.317667 0.648624 0.649471 -0.237825 -3.14162 -2.51276 3.79753
data/frame-000210.color.jpg 0.375675 0.629426 0.618836 -0.28237 -3.35841 -1.76731 4.10539
data/frame-000344.color.jpg 0.43382 0.897563 0.0653601 0.0436934 -5.25054 2.268 -1.98878
data/frame-000943.color.jpg -0.170446 -0.0222981 0.858614 -0.482943 5.71896 -0.0194273 -0.247825
data/frame-000093.color.jpg 0.251402 0.431879 0.757742 -0.419649 0.744536 -1.55178 5.0711
data/frame-000837.color.jpg -0.242965 -0.397784 0.813029 -0.348884 3.89457 2.73991 -2.23805
data/frame-000586.color.jpg -0.294768 -0.648119 0.667178 -0.218921 2.54806 4.87275 -2.96185
data/frame-000769.color.jpg -0.368161 -0.558278 0.621313 -0.408355 1.87702 3.1746 -4.33805
data/frame-000518.color.jpg -0.2734 -0.479556 0.748532 -0.367394 4.57747 2.79748 -2.28588
data/frame-000267.color.jpg 0.456224 0.700345 0.500736 -0.225035 -5.01146 -0.924841 2.66931
data/frame-000401.color.jpg 0.470376 0.733508 -0.39755 0.287516 0.325142 3.84012 -5.39972
data/frame-000016.color.jpg 0.303565 0.831018 0.46 -0.0752134 -3.33616 -2.45528 2.52571
data/frame-000412.color.jpg 0.454504 0.672281 -0.48228 0.329956 1.7338 3.62212 -5.34312
data/frame-000423.color.jpg 0.538455 0.682989 -0.370239 0.326367 -0.00936452 2.66842 -6.13544
data/frame-000150.color.jpg 0.357162 0.623217 0.634986 -0.284305 -2.16418 -1.92171 4.17146
data/frame-000161.color.jpg 0.289282 0.638193 0.668556 -0.249117 -2.01628 -2.72672 3.97708
data/frame-000172.color.jpg 0.2581 0.687101 0.651893 -0.190556 -2.61694 -3.12503 3.3759
data/frame-000894.color.jpg -0.134668 -0.279764 0.90295 -0.297118 5.16938 2.38099 -0.644519
data/frame-000643.color.jpg 0.511584 0.54812 -0.483923 0.451292 1.69544 1.46843 -5.63603
data/frame-000905.color.jpg -0.104667 -0.107244 0.948149 -0.280279 5.87027 0.687661 0.17627
data/frame-000916.color.jpg -0.100862 -0.00819081 0.945433 -0.309703 5.85718 -0.271621 0.499844
data/frame-000055.color.jpg 0.23108 0.647575 0.694656 -0.211425 -1.34272 -3.3283 3.78062
data/frame-000799.color.jpg -0.47407 -0.426824 0.569549 -0.518356 2.48642 0.885259 -5.17418
data/frame-001050.color.jpg 0.0931356 0.182549 0.82696 -0.523583 4.05438 -0.36495 2.9444
data/frame-000548.color.jpg -0.352976 -0.552884 0.667561 -0.352263 3.09899 3.27579 -3.59852
data/frame-000731.color.jpg -0.228566 -0.459334 0.811329 -0.280205 3.92677 3.32438 -1.98797
data/frame-000480.color.jpg 0.331572 0.644626 -0.637188 0.261743 3.14212 4.17905 -3.42823
data/frame-000229.color.jpg 0.416413 0.600576 0.595505 -0.33359 -3.42109 -1.13278 4.16455
data/frame-000973.color.jpg -0.0756614 0.0100492 0.878428 -0.471741 5.2949 0.0763177 0.876946
data/frame-000385.color.jpg 0.472111 0.845381 -0.180253 0.173063 -3.10688 3.59525 -4.34385
data/frame-000112.color.jpg 0.286837 0.470806 0.72196 -0.418139 0.379228 -1.41978 4.55233
data/frame-000123.color.jpg 0.374208 0.527386 0.658401 -0.38515 -0.962883 -1.05477 4.56634
data/frame-000856.color.jpg -0.163142 -0.225645 0.895126 -0.348165 4.83897 1.56372 -0.959661
data/frame-000867.color.jpg -0.165951 -0.245649 0.892365 -0.340296 4.86456 1.84 -0.967886
data/frame-000605.color.jpg -0.364622 -0.609293 0.617796 -0.337846 2.57684 3.94548 -4.18391
data/frame-000616.color.jpg 0.433188 0.570374 -0.566334 0.407783 2.44962 2.92019 -4.97963
data/frame-000878.color.jpg -0.138152 -0.236775 0.911804 -0.305719 5.12469 1.8475 -0.482739
data/frame-000761.color.jpg -0.332503 -0.605947 0.636806 -0.341684 1.5512 3.89584 -3.77623
data/frame-000354.color.jpg 0.37277 0.922725 -0.045774 0.0867506 -4.44328 3.34888 -2.37335
data/frame-001012.color.jpg -0.0329501 0.106628 0.935344 -0.335672 4.80701 -1.14901 1.45227
data/frame-000442.color.jpg 0.393559 0.712108 -0.48997 0.312958 1.25454 4.33385 -4.96372
data/frame-000180.color.jpg 0.298511 0.72247 0.601303 -0.165415 -3.46948 -2.66594 2.9837
data/frame-000191.color.jpg 0.302522 0.686014 0.628412 -0.207277 -3.33813 -2.57508 3.37971
data/frame-000935.color.jpg -0.115845 0.0429924 0.885882 -0.447153 5.68779 -0.453467 0.618802
data/frame-000684.color.jpg -0.338018 -0.531627 0.68102 -0.373268 3.27614 3.35495 -3.75386
data/frame-000085.color.jpg 0.21814 0.430354 0.784885 -0.388801 0.934736 -2.06171 4.89419
data/frame-000818.color.jpg -0.278284 -0.516729 0.711392 -0.386613 2.88723 3.5371 -3.22544
data/frame-000829.color.jpg -0.260491 -0.463836 0.768251 -0.356078 3.38116 3.21395 -2.65038
data/frame-000974.color.jpg -0.0760864 0.0110448 0.877776 -0.472862 5.28953 0.0694809 0.878243
data/frame-000567.color.jpg -0.349413 -0.621785 0.631928 -0.30325 2.22596 4.11632 -3.77739
data/frame-000578.color.jpg -0.316023 -0.637026 0.657223 -0.249771 2.44198 4.6242 -3.28131
data/frame-000316.color.jpg 0.448063 0.851127 0.268214 -0.053701 -5.78446 0.650594 -0.390247
data/frame-000327.color.jpg 0.45419 0.866473 0.206007 -0.0223004 -5.72839 1.11209 -0.914046
data/frame-000142.color.jpg 0.389366 0.591519 0.627637 -0.323374 -1.95319 -1.39487 4.33975
data/frame-000153.color.jpg 0.324381 0.629453 0.652822 -0.269051 -2.08242 -2.29677 4.12214
data/frame-000897.color.jpg -0.127675 -0.241428 0.916525 -0.292222 5.39818 2.03262 -0.461928
data/frame-001031.color.jpg 0.102955 0.164732 0.864768 -0.463076 4.08371 -0.673671 2.88423
data/frame-000635.color.jpg 0.488038 0.557984 -0.500119 0.447608 1.8411 1.90762 -5.48149
data/frame-000646.color.jpg 0.50744 0.550379 -0.485376 0.451661 1.70736 1.49842 -5.62583
data/frame-001042.color.jpg 0.11004 0.186565 0.828848 -0.515845 3.95291 -0.390491 3.05692
data/frame-000780.color.jpg -0.385842 -0.477558 0.617297 -0.491943 2.63252 2.07072 -4.70072
data/frame-000384.color.jpg 0.469535 0.84944 -0.171573 0.168972 -3.22306 3.57229 -4.26359
data/frame-000791.color.jpg -0.420279 -0.41177 0.591129 -0.551705 3.03083 0.990738 -4.86873
data/frame-000925.color.jpg -0.0851998 0.0604824 0.926223 -0.362207 5.67818 -0.73178 0.956477
data/frame-000529.color.jpg -0.285601 -0.465876 0.74906 -0.374567 4.48768 2.69922 -2.46869
data/frame-000540.color.jpg -0.339262 -0.547083 0.669342 -0.370921 3.26622 3.19181 -3.4265
data/frame-000278.color.jpg 0.349205 0.738592 0.549881 -0.173694 -4.85986 -1.8345 2.61847
data/frame-000289.color.jpg 0.335131 0.708069 0.591645 -0.190478 -4.52499 -2.39526 2.90206
data/frame-000027.color.jpg 0.311707 0.783239 0.526788 -0.108945 -2.95252 -2.72188 2.9511
data/frame-000848.color.jpg -0.193732 -0.277947 0.877666 -0.338992 4.64309 1.87379 -1.40906
data/frame-000859.color.jpg -0.170206 -0.240727 0.887871 -0.353223 4.7841 1.70882 -1.07492
data/frame-000993.color.jpg -0.0261228 0.0580653 0.909544 -0.410702 4.99966 -0.353892 1.50683
data/frame-000597.color.jpg -0.309508 -0.632956 0.655051 -0.272909 2.68853 4.59785 -3.37335
data/frame-000608.color.jpg -0.380923 -0.603709 0.605599 -0.351686 2.50879 3.75244 -4.38743
data/frame-001004.color.jpg -0.0185103 0.0801118 0.935588 -0.343388 4.88555 -0.77887 1.56878
data/frame-000742.color.jpg -0.294478 -0.613426 0.678282 -0.277355 1.80343 4.17012 -2.97442
data/frame-000346.color.jpg 0.410466 0.909418 0.0466969 0.0479191 -5.13826 2.52158 -1.96538
data/frame-000357.color.jpg 0.372503 0.915985 -0.098001 0.112286 -3.98928 3.69378 -2.75132
data/frame-000753.color.jpg -0.315516 -0.624663 0.644206 -0.308617 1.44975 4.13819 -3.43791
data/frame-000491.color.jpg -0.311843 -0.502368 0.729521 -0.343773 4.70699 2.8346 -2.76333
data/frame-000084.color.jpg 0.220087 0.435524 0.785787 -0.380025 0.856254 -2.14158 4.87121
data/frame-000502.color.jpg -0.307207 -0.513917 0.72568 -0.338971 4.43287 2.93251 -2.72404
data/frame-000636.color.jpg 0.488452 0.55814 -0.499887 0.447222 1.8348 1.90152 -5.48444
data/frame-000240.color.jpg 0.408216 0.612905 0.599593 -0.313362 -3.65259 -1.36279 4.01612
data/frame-000810.color.jpg -0.379351 -0.50795 0.637049 -0.438462 2.43338 2.66583 -4.40251
data/frame-000414.color.jpg 0.474071 0.659533 -0.475718 0.337587 1.6611 3.32639 -5.55859
data/frame-000821.color.jpg -0.265626 -0.504008 0.733587 -0.370499 3.07358 3.53504 -2.97728
data/frame-000955.color.jpg -0.156506 -0.0472998 0.855679 -0.491002 5.58647 0.284159 -0.206507
data/frame-000559.color.jpg -0.346794 -0.566119 0.672939 -0.326185 2.99481 3.61672 -3.62858
data/frame-000570.color.jpg 0.341829 0.633717 -0.631796 0.287035 2.1441 4.31634 -3.67445
data/frame-000966.color.jpg -0.0822749 0.00425097 0.87954 -0.468638 5.36508 0.100554 0.789277
data/frame-000704.color.jpg -0.24427 -0.456782 0.789228 -0.329851 4.36388 3.16576 -2.18144
data/frame-000297.color.jpg 0.38753 0.762455 0.50257 -0.126121 -5.33993 -1.74232 1.70485
data/frame-000308.color.jpg 0.435393 0.832306 0.336462 -0.0670246 -5.82017 -0.0701864 0.067151
data/frame-000319.color.jpg 0.450167 0.856038 0.250748 -0.0409112 -5.76792 0.773755 -0.587455
data/frame-000453.color.jpg 0.338655 0.734085 -0.544431 0.22367 1.70138 5.14693 -3.89234
data/frame-000046.color.jpg 0.275576 0.746809 0.577723 -0.180471 -2.56997 -2.71891 3.41008
data/frame-000057.color.jpg 0.229923 0.644655 0.697912 -0.210891 -1.31731 -3.35191 3.77687
data/frame-000068.color.jpg 0.194863 0.552827 0.764474 -0.26831 -0.266567 -3.33775 4.09016
data/frame-000202.color.jpg 0.335171 0.644777 0.638326 -0.253894 -3.22677 -2.26143 3.92475
data/frame-000715.color.jpg -0.222484 -0.448694 0.810047 -0.304957 4.32354 3.05871 -1.81223
data/frame-001023.color.jpg 0.0641998 0.116088 0.882488 -0.45124 4.49099 -0.564693 2.36932
data/frame-000627.color.jpg 0.469544 0.550789 -0.525295 0.447466 2.22148 2.20823 -5.3275
data/frame-001034.color.jpg 0.106071 0.168856 0.857319 -0.474595 4.04261 -0.598715 2.93394
data/frame-000772.color.jpg -0.375288 -0.543281 0.612615 -0.434406 1.98732 2.90827 -4.50076
data/frame-000376.color.jpg 0.429752 0.877529 -0.148223 0.152601 -3.54381 3.70147 -3.73115
data/frame-000783.color.jpg -0.382997 -0.456418 0.613391 -0.518409 2.8554 1.78356 -4.7148
data/frame-000510.color.jpg -0.310934 -0.505853 0.724455 -0.350141 4.35886 2.84217 -2.75624
data/frame-000125.color.jpg 0.382406 0.531356 0.654114 -0.378896 -1.09456 -1.04447 4.54881
data/frame-000521.color.jpg -0.266477 -0.459743 0.757822 -0.378593 4.70082 2.66305 -2.16556
data/frame-000532.color.jpg -0.298859 -0.471913 0.737457 -0.379655 4.34462 2.71562 -2.6662
data/frame-000259.color.jpg 0.510333 0.668855 0.48787 -0.232757 -5.05042 -0.800602 2.51173
data/frame-000270.color.jpg 0.419395 0.719735 0.511059 -0.211915 -4.99066 -1.11449 2.6864
data/frame-000281.color.jpg 0.324873 0.74128 0.560499 -0.175505 -4.76715 -1.98749 2.70673
data/frame-000415.color.jpg 0.480296 0.663037 -0.464559 0.337465 1.48303 3.2724 -5.63887
data/frame-000008.color.jpg 0.307247 0.841263 0.440646 -0.0608778 -3.50279 -2.36573 2.37283
data/frame-000019.color.jpg 0.312871 0.816118 0.481228 -0.0669611 -3.25436 -2.60281 2.514
data/frame-000030.color.jpg 0.316354 0.779544 0.528451 -0.113888 -3.00109 -2.69461 2.99664
data/frame-000164.color.jpg 0.268912 0.648786 0.673784 -0.229736 -2.05349 -2.98293 3.7942
data/frame-000655.color.jpg 0.490615 0.543639 -0.497387 0.465144 1.91927 1.55569 -5.53864
data/frame-000908.color.jpg -0.113358 -0.0745731 0.951344 -0.276646 5.9068 0.306639 0.167241
data/frame-000840.color.jpg -0.231405 -0.380128 0.826807 -0.344013 4.03548 2.63784 -2.06505
data/frame-000985.color.jpg -0.0448123 0.0382405 0.88485 -0.462136 5.13164 -0.0776582 1.28391
data/frame-000589.color.jpg -0.28611 -0.651667 0.671232 -0.207168 2.58856 4.95702 -2.83279
data/frame-000723.color.jpg -0.19172 -0.4221 0.838163 -0.287329 4.41198 2.96452 -1.4374
data/frame-000338.color.jpg 0.473485 0.872285 0.122107 0.00452555 -5.5222 1.73979 -1.57955
data/frame-000734.color.jpg -0.257488 -0.520187 0.763814 -0.2823 3.19872 3.73021 -2.45747
data/frame-000472.color.jpg 0.324791 0.71145 -0.57898 0.230504 2.24485 4.84231 -3.51298
data/frame-000087.color.jpg 0.223158 0.428877 0.777238 -0.402699 0.939784 -1.89257 4.96166
data/frame-000483.color.jpg -0.327435 -0.59953 0.672813 -0.284029 3.71671 3.75986 -3.2777
data/frame-000494.color.jpg -0.312696 -0.484134 0.73893 -0.349024 4.81592 2.63356 -2.68137
data/frame-000221.color.jpg 0.423032 0.610971 0.589556 -0.316517 -3.54328 -1.11979 4.1734
data/frame-000232.color.jpg 0.387474 0.613921 0.606798 -0.323667 -3.35878 -1.38234 4.13354
data/frame-000243.color.jpg 0.430606 0.624241 0.580134 -0.297231 -3.97371 -1.28107 3.75551
data/frame-000366.color.jpg 0.403884 0.883012 -0.174825 0.163108 -3.21365 3.95488 -3.64806
data/frame-000377.color.jpg 0.439159 0.873406 -0.145113 0.152455 -3.57661 3.63164 -3.79695
data/frame-000126.color.jpg 0.38499 0.534516 0.650971 -0.377243 -1.15646 -1.03021 4.54329
data/frame-000870.color.jpg -0.15688 -0.237368 0.900466 -0.328947 4.96572 1.80403 -0.78583
data/frame-000802.color.jpg -0.466668 -0.450872 0.567855 -0.506434 2.31612 1.18324 -5.17445
data/frame-000551.color.jpg -0.355891 -0.549152 0.669855 -0.35081 3.12496 3.27783 -3.65523
data/frame-000685.color.jpg -0.319191 -0.530686 0.694969 -0.365386 3.39869 3.48332 -3.52434
data/frame-000300.color.jpg 0.400074 0.785883 0.459349 -0.106429 -5.56897 -1.33966 1.23198
data/frame-000696.color.jpg -0.253392 -0.462138 0.781762 -0.333271 4.38654 3.24973 -2.36882
data/frame-000434.color.jpg 0.507199 0.670566 -0.415982 0.346481 0.636959 2.82034 -6.08584
data/frame-000038.color.jpg 0.308655 0.770782 0.542062 -0.129598 -3.01261 -2.67495 3.04877
data/frame-000049.color.jpg 0.253883 0.705419 0.63002 -0.202488 -1.99663 -2.97886 3.64423
data/frame-000445.color.jpg 0.353051 0.725407 -0.521915 0.277027 1.49008 4.86262 -4.35945
data/frame-000183.color.jpg 0.30512 0.713374 0.606661 -0.173092 -3.48437 -2.61086 3.02646
data/frame-000194.color.jpg 0.299903 0.668101 0.644021 -0.221215 -3.17755 -2.62027 3.57497
data/frame-000927.color.jpg -0.0784186 0.0730312 0.922311 -0.371294 5.62166 -0.793974 1.08525
data/frame-000339.color.jpg 0.4713 0.87438 0.115208 0.00800816 -5.49384 1.79981 -1.63381
data/frame-000938.color.jpg -0.137267 0.0203946 0.878265 -0.457594 5.7184 -0.315633 0.297481
data/frame-000077.color.jpg 0.229837 0.476285 0.785715 -0.320905 0.279529 -2.70259 4.61961
data/frame-000832.color.jpg -0.251406 -0.440964 0.784478 -0.356286 3.57441 3.05789 -2.48172
data/frame-000764.color.jpg -0.348413 -0.591503 0.632421 -0.358853 1.62687 3.67944 -3.98149
data/frame-000602.color.jpg -0.337442 -0.618201 0.634767 -0.317854 2.66219 4.23132 -3.84191
data/frame-000513.color.jpg -0.304991 -0.500046 0.725112 -0.362142 4.37752 2.82328 -2.69235
data/frame-000262.color.jpg 0.516788 0.668882 0.479757 -0.235288 -5.09667 -0.688138 2.47623
data/frame-000251.color.jpg 0.485285 0.652521 0.520112 -0.261148 -4.69654 -0.931417 3.00866
data/frame-000396.color.jpg 0.472362 0.77458 -0.341258 0.245852 -0.69351 3.97643 -5.19128
data/frame-000011.color.jpg 0.294702 0.838119 0.454958 -0.0609862 -3.38688 -2.51067 2.39636
data/frame-000000.color.jpg 0.325651 0.840715 0.43026 -0.0450116 -3.63368 -2.28075 2.2343
data/frame-000407.color.jpg 0.464291 0.704644 -0.438289 0.309538 1.00038 3.75053 -5.41523
data/frame-000156.color.jpg 0.315425 0.626856 0.660101 -0.268001 -2.01374 -2.39953 4.1329
data/frame-000145.color.jpg 0.379508 0.600947 0.630732 -0.311469 -2.0091 -1.55714 4.29031
data/frame-000889.color.jpg -0.142048 -0.286754 0.903899 -0.283835 5.09231 2.35332 -0.674657
data/frame-000900.color.jpg -0.112873 -0.195194 0.932786 -0.281193 5.61911 1.59341 -0.153241
data/frame-000638.color.jpg 0.506113 0.550974 -0.496361 0.440343 1.75766 1.68932 -5.56665
data/frame-001045.color.jpg 0.103162 0.186773 0.824905 -0.523455 3.98732 -0.364558 3.01776
data/frame-000464.color.jpg 0.33348 0.727855 -0.562658 0.205994 2.00546 5.0605 -3.64718
data/frame-000475.color.jpg 0.325443 0.686562 -0.601119 0.247739 2.60712 4.60166 -3.48087
data/frame-000213.color.jpg 0.38984 0.620639 0.61581 -0.289155 -3.3831 -1.63971 4.1421
data/frame-000224.color.jpg 0.435745 0.596146 0.588072 -0.330011 -3.5108 -0.986633 4.19992
data/frame-000968.color.jpg -0.078905 0.00875061 0.880687 -0.466998 5.32885 0.0640254 0.840708
data/frame-000096.color.jpg 0.256309 0.453193 0.751355 -0.405449 0.552177 -1.66952 4.94932
data/frame-000107.color.jpg 0.262407 0.437523 0.749595 -0.42169 0.861437 -1.4931 4.52757
data/frame-000118.color.jpg 0.345052 0.51448 0.67861 -0.394635 -0.5465 -1.2187 4.57891
data/frame-000851.color.jpg -0.172068 -0.229529 0.898202 -0.33308 4.83635 1.51004 -1.04488
data/frame-000600.color.jpg -0.326616 -0.622672 0.642581 -0.304453 2.68654 4.35882 -3.67905
data/frame-000611.color.jpg -0.399054 -0.591175 0.592052 -0.375157 2.50635 3.46204 -4.61598
data/frame-000862.color.jpg -0.179523 -0.253488 0.883095 -0.351651 4.74641 1.82081 -1.19315
data/frame-000745.color.jpg -0.302937 -0.621222 0.664055 -0.285207 1.62261 4.1566 -3.10511
data/frame-000349.color.jpg 0.389539 0.918714 0.0150021 0.0632303 -4.90989 2.83639 -2.0897
data/frame-000996.color.jpg -0.0289247 0.0660792 0.91652 -0.393432 4.97408 -0.499749 1.49412
data/frame-000426.color.jpg 0.553686 0.674608 -0.362751 0.326723 -0.120304 2.44557 -6.24916
data/frame-000175.color.jpg 0.273701 0.705648 0.629685 -0.175058 -3.01095 -2.97636 3.19128
data/frame-000919.color.jpg -0.099293 0.0133664 0.936137 -0.337059 5.81273 -0.400401 0.605382
data/frame-000930.color.jpg -0.0760112 0.0704399 0.912031 -0.396812 5.60848 -0.677351 1.11599
data/frame-000668.color.jpg -0.416588 -0.549505 0.577913 -0.436479 2.47612 2.57238 -4.84881
data/frame-000679.color.jpg -0.365924 -0.55673 0.632147 -0.395652 2.77011 3.24787 -4.22164
data/frame-000080.color.jpg 0.222715 0.459015 0.790697 -0.338381 0.529424 -2.55044 4.69479
data/frame-000813.color.jpg -0.346861 -0.520342 0.658261 -0.419075 2.50458 3.05321 -4.05327
data/frame-000824.color.jpg -0.271766 -0.497705 0.742228 -0.357114 3.08434 3.45575 -2.90988
data/frame-000958.color.jpg -0.122782 -0.0293017 0.86766 -0.480866 5.52682 0.263845 0.228364
data/frame-000562.color.jpg -0.347644 -0.588449 0.66033 -0.311184 2.70824 3.83882 -3.67462
data/frame-000573.color.jpg -0.336594 -0.63068 0.644087 -0.272212 2.29481 4.39827 -3.56427
data/frame-000707.color.jpg -0.242829 -0.465378 0.787415 -0.323164 4.25441 3.20278 -2.15066
data/frame-000311.color.jpg 0.4388 0.841523 0.308359 -0.0648697 -5.81448 0.261529 -0.084161
data/frame-000456.color.jpg 0.340122 0.734527 -0.546257 0.215383 1.7395 5.13516 -3.84706
data/frame-001019.color.jpg 0.000182976 0.121037 0.902186 -0.414016 4.69491 -1.00673 1.82646
data/frame-000137.color.jpg 0.407908 0.571474 0.619125 -0.351727 -1.81322 -1.01256 4.42505
data/frame-000881.color.jpg -0.133006 -0.247979 0.914961 -0.289243 5.1467 1.94955 -0.43324
data/frame-000892.color.jpg -0.140827 -0.289792 0.898927 -0.296848 5.10153 2.44378 -0.729487
data/frame-001037.color.jpg 0.113083 0.175447 0.845271 -0.491881 3.97831 -0.481657 3.02055
data/frame-001015.color.jpg -0.0256821 0.114301 0.93267 -0.341178 4.7634 -1.21206 1.50997
data/frame-000630.color.jpg 0.482747 0.556388 -0.513451 0.440176 1.97779 2.09021 -5.4215
data/frame-000641.color.jpg 0.509412 0.55309 -0.484605 0.446933 1.67123 1.58168 -5.61735
data/frame-001026.color.jpg 0.0834949 0.128266 0.874953 -0.459385 4.35511 -0.5276 2.58232
data/frame-000775.color.jpg -0.393497 -0.507614 0.614597 -0.457994 2.26968 2.4237 -4.68578
data/frame-000368.color.jpg 0.409137 0.879985 -0.177124 0.163891 -3.19887 3.94553 -3.7112
data/frame-000379.color.jpg 0.448976 0.868407 -0.142528 0.15484 -3.59154 3.54983 -3.8866
data/frame-000786.color.jpg -0.37897 -0.447359 0.609141 -0.53404 2.96957 1.65525 -4.70699
data/frame-000524.color.jpg -0.267239 -0.461197 0.757783 -0.376359 4.65158 2.69367 -2.20285
data/frame-000920.color.jpg -0.0969907 0.0219101 0.933576 -0.344308 5.79232 -0.455362 0.66628
data/frame-000669.color.jpg -0.410981 -0.548912 0.584777 -0.433389 2.52305 2.64069 -4.7839
data/frame-000273.color.jpg 0.392914 0.727645 0.527855 -0.1937 -4.9488 -1.428 2.65191
data/frame-000022.color.jpg 0.308868 0.800311 0.509752 -0.0652432 -3.11045 -2.81678 2.55066
data/frame-000205.color.jpg 0.348744 0.641396 0.628596 -0.268059 -3.28066 -2.03866 4.01972
data/frame-000698.color.jpg -0.250078 -0.459328 0.784912 -0.332253 4.41536 3.233 -2.31396
data/frame-000843.color.jpg -0.216449 -0.339496 0.852766 -0.33269 4.31438 2.34587 -1.78604
data/frame-000854.color.jpg -0.166379 -0.219184 0.898879 -0.341018 4.86314 1.4701 -0.964397
data/frame-000999.color.jpg -0.0287431 0.0698392 0.921783 -0.380279 4.95684 -0.580062 1.49542
data/frame-000988.color.jpg -0.0369216 0.0484401 0.894627 -0.442643 5.07289 -0.202018 1.39278
data/frame-000977.color.jpg -0.0709294 0.0162842 0.876159 -0.476496 5.26316 0.0522365 0.94949
data/frame-000581.color.jpg -0.311667 -0.641455 0.657961 -0.241841 2.45166 4.70058 -3.21665
data/frame-000592.color.jpg -0.288062 -0.648133 0.668554 -0.22356 2.64692 4.896 -2.93607
data/frame-000603.color.jpg -0.355178 -0.611797 0.623705 -0.332485 2.61612 4.03979 -4.07126
data/frame-000726.color.jpg -0.187722 -0.435394 0.83499 -0.279257 4.26371 3.16126 -1.45193
data/frame-000330.color.jpg 0.471019 0.864072 0.176897 -0.0150765 -5.67899 1.30851 -1.15781
data/frame-000341.color.jpg 0.462092 0.881838 0.0917762 0.0202341 -5.40041 2.00452 -1.81307
data/frame-000352.color.jpg 0.377861 0.92285 -0.0193126 0.0720841 -4.6587 3.15256 -2.19514
data/frame-000486.color.jpg -0.326057 -0.546117 0.706383 -0.310589 4.28573 3.22557 -3.09464
data/frame-000079.color.jpg 0.223312 0.46394 0.789288 -0.334539 0.465327 -2.59181 4.67854
data/frame-000737.color.jpg -0.275711 -0.574006 0.71977 -0.276462 2.4706 4.03685 -2.72812
data/frame-000235.color.jpg 0.378154 0.607917 0.61392 -0.332474 -3.24668 -1.41031 4.23432
data/frame-000911.color.jpg -0.11433 -0.0468726 0.951495 -0.281761 5.90682 0.0202794 0.234292
data/frame-000660.color.jpg 0.448863 0.544571 -0.53832 0.460625 2.29174 2.0595 -5.21049
data/frame-000794.color.jpg -0.440557 -0.420193 0.578413 -0.542942 2.81054 0.934223 -5.01374
data/frame-000409.color.jpg 0.458724 0.692417 -0.45683 0.318492 1.30877 3.72207 -5.38148
data/frame-000805.color.jpg -0.447102 -0.474808 0.585749 -0.481202 2.25519 1.67417 -5.02625
data/frame-000950.color.jpg -0.191808 -0.0546013 0.843918 -0.498027 5.63629 0.19023 -0.612363
data/frame-000939.color.jpg -0.152716 0.00463972 0.870637 -0.467597 5.72534 -0.220575 0.0656852
data/frame-000543.color.jpg -0.351917 -0.550504 0.664548 -0.362595 3.14234 3.18699 -3.55005
data/frame-000554.color.jpg -0.356363 -0.548538 0.672107 -0.346964 3.13158 3.32795 -3.68952
data/frame-000565.color.jpg -0.345943 -0.612687 0.641889 -0.304821 2.3817 4.05925 -3.71837
data/frame-000688.color.jpg -0.301892 -0.519446 0.715322 -0.356864 3.63026 3.52146 -3.25475
data/frame-000292.color.jpg 0.347329 0.72795 0.566751 -0.168065 -4.81454 -2.24793 2.53241
data/frame-000303.color.jpg 0.422522 0.816842 0.384171 -0.0815931 -5.7882 -0.579752 0.497867
data/frame-000314.color.jpg 0.443247 0.847653 0.285092 -0.0611428 -5.79768 0.506048 -0.236969
data/frame-000437.color.jpg 0.443845 0.697694 -0.459485 0.324189 0.956282 3.74103 -5.51867
data/frame-000041.color.jpg 0.298829 0.768609 0.548032 -0.140006 -2.96349 -2.67274 3.08793
data/frame-000052.color.jpg 0.235981 0.66607 0.676212 -0.208329 -1.50372 -3.24085 3.73994
data/frame-000448.color.jpg 0.343133 0.728675 -0.532441 0.260381 1.57367 5.00319 -4.16448
data/frame-000186.color.jpg 0.314566 0.716831 0.596836 -0.176038 -3.64915 -2.46853 2.98938
data/frame-000197.color.jpg 0.308682 0.654633 0.651278 -0.228053 -3.13707 -2.61435 3.69431
data/frame-000873.color.jpg -0.14654 -0.238891 0.90634 -0.316234 5.02376 1.84822 -0.626165
data/frame-001007.color.jpg -0.0191316 0.0914498 0.937559 -0.335044 4.84094 -0.926976 1.57284
data/frame-000622.color.jpg 0.461335 0.541034 -0.544294 0.445191 2.49595 2.29797 -5.22574
data/frame-001018.color.jpg -0.00950656 0.12035 0.913741 -0.387948 4.7192 -1.11067 1.7131
data/frame-000756.color.jpg -0.31371 -0.620572 0.644919 -0.317106 1.49934 4.12369 -3.48718
data/frame-000371.color.jpg 0.417117 0.878477 -0.170005 0.15934 -3.29462 3.88193 -3.73262
data/frame-000767.color.jpg -0.36689 -0.565493 0.625205 -0.393355 1.81125 3.29167 -4.26324
data/frame-000505.color.jpg -0.308114 -0.513307 0.72663 -0.337032 4.39302 2.9184 -2.72803
data/frame-000109.color.jpg 0.266966 0.449727 0.744158 -0.415576 0.720002 -1.54075 4.49953
data/frame-000120.color.jpg 0.356 0.523434 0.669533 -0.388594 -0.741326 -1.17673 4.5665
data/frame-000516.color.jpg -0.29045 -0.498249 0.730751 -0.365226 4.40841 2.88424 -2.53243
data/frame-000254.color.jpg 0.498489 0.661686 0.502468 -0.247399 -4.88703 -0.855263 2.75164
data/frame-000265.color.jpg 0.497268 0.679556 0.483556 -0.238963 -5.06486 -0.667781 2.59239
data/frame-000650.color.jpg 0.507736 0.548886 -0.481579 0.457176 1.70676 1.42572 -5.6485
data/frame-000399.color.jpg 0.472873 0.748526 -0.378184 0.270326 -0.0458668 3.90093 -5.34535
data/frame-000003.color.jpg 0.316515 0.843098 0.431744 -0.0510037 -3.60133 -2.30279 2.27974
data/frame-000014.color.jpg 0.298767 0.835933 0.456157 -0.0622476 -3.38653 -2.49908 2.40746
data/frame-000410.color.jpg 0.453889 0.683598 -0.471018 0.32376 1.53335 3.70944 -5.33844
data/frame-000148.color.jpg 0.369614 0.613753 0.633645 -0.291869 -2.12825 -1.79049 4.20714
data/frame-000661.color.jpg 0.447377 0.544568 -0.540482 0.459542 2.30426 2.08342 -5.19382
data/frame-000903.color.jpg -0.103255 -0.148606 0.942602 -0.280634 5.77732 1.13561 0.0826657
data/frame-000980.color.jpg -0.0614352 0.0236885 0.877172 -0.475641 5.21842 0.0227148 1.0696
data/frame-000584.color.jpg -0.30053 -0.646868 0.662658 -0.228315 2.50109 4.81943 -3.05741
data/frame-000718.color.jpg -0.216208 -0.42086 0.828609 -0.299229 4.48672 2.82339 -1.66047
data/frame-000322.color.jpg 0.456247 0.861256 0.221589 -0.0312244 -5.72828 1.00761 -0.814349
data/frame-000333.color.jpg 0.474636 0.866917 0.152059 -0.00735061 -5.61963 1.50185 -1.34385
data/frame-000729.color.jpg -0.211525 -0.443686 0.825495 -0.277414 4.11895 3.21844 -1.74323
data/frame-000467.color.jpg 0.333256 0.72415 -0.565803 0.210748 2.04627 4.99781 -3.62713
data/frame-000071.color.jpg 0.194091 0.500875 0.794202 -0.28407 0.271952 -3.24475 4.2221
data/frame-000082.color.jpg 0.223333 0.448194 0.790107 -0.353519 0.662576 -2.38576 4.77048
data/frame-000478.color.jpg 0.332593 0.659272 -0.624001 0.255666 2.94822 4.3141 -3.47864
data/frame-000216.color.jpg 0.404818 0.611957 0.610496 -0.298206 -3.41537 -1.4791 4.18584
data/frame-000227.color.jpg 0.43064 0.592896 0.592068 -0.335379 -3.45547 -1.03542 4.1838
data/frame-000361.color.jpg 0.393236 0.895219 -0.151354 0.145054 -3.46135 3.89261 -3.34208
data/frame-000110.color.jpg 0.272711 0.457701 0.737227 -0.415493 0.605873 -1.51792 4.5114
data/frame-000535.color.jpg -0.317934 -0.494355 0.713395 -0.381573 4.00501 2.8388 -2.99174
data/frame-000680.color.jpg -0.359172 -0.555202 0.643379 -0.385758 2.84425 3.32332 -4.109
data/frame-000284.color.jpg 0.323352 0.719914 0.58056 -0.200295 -4.54403 -2.13961 3.01798
data/frame-000295.color.jpg 0.37793 0.75151 0.52302 -0.137305 -5.20097 -1.9149 1.94911
data/frame-000691.color.jpg -0.285344 -0.485416 0.750854 -0.345208 4.08038 3.33993 -2.8801
data/frame-000418.color.jpg 0.511727 0.671611 -0.423967 0.327607 0.799323 3.00168 -5.90971
data/frame-000044.color.jpg 0.28215 0.754781 0.568206 -0.166849 -2.70443 -2.70743 3.30159
data/frame-000033.color.jpg 0.31955 0.782455 0.519525 -0.125482 -3.10457 -2.55755 3.05748
data/frame-000429.color.jpg 0.553338 0.670055 -0.361596 0.337776 -0.0658418 2.33767 -6.30697
data/frame-000167.color.jpg 0.260394 0.665614 0.665449 -0.215244 -2.24823 -3.06794 3.64032
data/frame-000178.color.jpg 0.294024 0.717544 0.609177 -0.166081 -3.33653 -2.76492 3.0437
data/frame-000189.color.jpg 0.306551 0.70789 0.606876 -0.191363 -3.56712 -2.47971 3.15522
data/frame-000440.color.jpg 0.406086 0.710727 -0.481393 0.313405 1.14371 4.20887 -5.10321
data/frame-000922.color.jpg -0.0910913 0.0411544 0.929874 -0.354039 5.74286 -0.592561 0.811039
data/frame-000933.color.jpg -0.100531 0.0534323 0.896065 -0.429075 5.66268 -0.527456 0.81161
data/frame-000072.color.jpg 0.197527 0.488156 0.798338 -0.292134 0.37507 -3.16093 4.29651
data/frame-000816.color.jpg -0.315879 -0.522529 0.681002 -0.404253 2.64765 3.31855 -3.69412
data/frame-000748.color.jpg -0.304791 -0.624804 0.654353 -0.297563 1.53052 4.14843 -3.21118
data/frame-000497.color.jpg -0.308455 -0.490495 0.737503 -0.346928 4.729 2.70903 -2.65157
data/frame-000246.color.jpg 0.452448 0.634227 0.559096 -0.283652 -4.26361 -1.16316 3.49086
data/frame-000380.color.jpg 0.456101 0.864109 -0.144569 0.156166 -3.56266 3.51551 -3.95923
data/frame-000391.color.jpg 0.472127 0.804014 -0.288252 0.218102 -1.56891 3.95704 -4.94459
data/frame-000402.color.jpg 0.469543 0.728277 -0.403156 0.29429 0.443922 3.80977 -5.41824
data/frame-000129.color.jpg 0.399278 0.546006 0.634912 -0.373286 -1.40438 -0.918554 4.51384
data/frame-000140.color.jpg 0.400109 0.583622 0.620338 -0.338347 -1.91852 -1.18129 4.38571
data/frame-000151.color.jpg 0.348448 0.628798 0.6375 -0.277112 -2.18246 -2.03094 4.13256
data/frame-000884.color.jpg -0.13279 -0.265687 0.913122 -0.279259 5.13697 2.12348 -0.472125
data/frame-000633.color.jpg 0.491384 0.556789 -0.504296 0.440696 1.85221 1.96257 -5.48349
data/frame-000895.color.jpg -0.134127 -0.26889 0.906986 -0.295099 5.24028 2.28248 -0.60927
data/frame-001029.color.jpg 0.102396 0.152616 0.867326 -0.462568 4.15529 -0.594272 2.83037
data/frame-000778.color.jpg -0.38895 -0.486007 0.615491 -0.48341 2.52488 2.1552 -4.71305
data/frame-000527.color.jpg -0.274761 -0.461567 0.753745 -0.378591 4.59721 2.68065 -2.31472
data/frame-000710.color.jpg -0.240873 -0.462721 0.792967 -0.314757 4.24412 3.14375 -2.0775
data/frame-000459.color.jpg 0.342427 0.735506 -0.546397 0.207905 1.75012 5.11728 -3.81248
data/frame-000063.color.jpg 0.217599 0.608005 0.72218 -0.247864 -0.96717 -3.25848 3.96363
data/frame-000208.color.jpg 0.366009 0.634942 0.621766 -0.276213 -3.3411 -1.86793 4.06763
data/frame-000952.color.jpg -0.185985 -0.0562852 0.845698 -0.497027 5.62391 0.232417 -0.56041
data/frame-000963.color.jpg -0.0896479 -0.00268056 0.877188 -0.471697 5.40656 0.141831 0.684537
data/frame-000091.color.jpg 0.242931 0.426174 0.764336 -0.418511 0.839593 -1.60722 5.06766
data/frame-000102.color.jpg 0.262932 0.433197 0.7487 -0.427382 0.840687 -1.40277 4.72274
data/frame-000835.color.jpg -0.24859 -0.412888 0.80268 -0.351327 3.78074 2.84301 -2.34639
data/frame-000846.color.jpg -0.199715 -0.306062 0.867521 -0.337414 4.51137 2.1059 -1.54737
data/frame-000595.color.jpg -0.299378 -0.639677 0.660759 -0.254132 2.67273 4.73276 -3.189
data/frame-000857.color.jpg -0.163114 -0.232435 0.89298 -0.34922 4.81505 1.6387 -0.979387
data/frame-000991.color.jpg -0.0316051 0.0560299 0.903045 -0.424702 5.02815 -0.309238 1.46059
data/frame-000740.color.jpg -0.286092 -0.607076 0.689079 -0.27346 1.95388 4.18267 -2.87033
data/frame-000421.color.jpg 0.526964 0.677527 -0.395062 0.327403 0.353936 2.8154 -6.04868
data/frame-000025.color.jpg 0.311339 0.786813 0.524215 -0.0958761 -2.97092 -2.7659 2.83785
data/frame-000159.color.jpg 0.304701 0.632674 0.660711 -0.265219 -2.02695 -2.49484 4.10489
data/frame-000170.color.jpg 0.257045 0.676877 0.659801 -0.201067 -2.42381 -3.12914 3.49255
data/frame-000914.color.jpg -0.0989931 -0.0216065 0.949914 -0.295631 5.87501 -0.162411 0.473985
data/frame-001048.color.jpg 0.0993118 0.186431 0.825145 -0.523943 4.00665 -0.363302 2.99895
data/frame-000652.color.jpg 0.507549 0.548285 -0.481219 0.458482 1.71129 1.4142 -5.65034
data/frame-000663.color.jpg -0.441172 -0.546954 0.549163 -0.452358 2.32688 2.2132 -5.12206
data/frame-000674.color.jpg -0.388403 -0.546863 0.607311 -0.425744 2.70655 2.87691 -4.52838
data/frame-000797.color.jpg -0.459406 -0.420249 0.574493 -0.531314 2.66781 0.865325 -5.10007
data/frame-000808.color.jpg -0.417514 -0.49455 0.609794 -0.457442 2.29643 2.18151 -4.77439
data/frame-000953.color.jpg -0.169966 -0.0532608 0.85084 -0.494314 5.60912 0.280478 -0.376681
data/frame-000546.color.jpg -0.352803 -0.551985 0.666299 -0.356213 3.11058 3.23972 -3.57808
data/frame-000557.color.jpg -0.348577 -0.5567 0.672821 -0.340428 3.08829 3.47671 -3.64369
data/frame-000306.color.jpg 0.429761 0.824774 0.360005 -0.0738193 -5.81147 -0.325771 0.267039
data/frame-000982.color.jpg -0.0566189 0.0270304 0.877622 -0.47523 5.19623 0.0117965 1.127
data/frame-000121.color.jpg 0.361448 0.523906 0.667329 -0.386717 -0.802686 -1.14624 4.56697
data/frame-000132.color.jpg 0.40786 0.552337 0.626922 -0.368161 -1.56457 -0.889323 4.48919
data/frame-000865.color.jpg -0.167464 -0.251573 0.888375 -0.345627 4.8091 1.87745 -1.03275
data/frame-001021.color.jpg 0.0244869 0.120007 0.890119 -0.438961 4.62357 -0.813199 2.05018
data/frame-000876.color.jpg -0.144734 -0.238469 0.907801 -0.313181 5.07176 1.85148 -0.581073
data/frame-000614.color.jpg 0.41838 0.577737 -0.577565 0.396986 2.49891 3.13803 -4.83265
data/frame-000625.color.jpg 0.465711 0.539193 -0.538982 0.449314 2.4552 2.20969 -5.26163
data/frame-001010.color.jpg -0.0283069 0.0991518 0.937914 -0.331186 4.82475 -1.05945 1.48866
data/frame-000759.color.jpg -0.322658 -0.613234 0.640596 -0.330867 1.52652 4.0125 -3.64361
data/frame-000363.color.jpg 0.398637 0.889219 -0.16246 0.154868 -3.33737 3.91559 -3.49612
data/frame-000374.color.jpg 0.426066 0.878506 -0.152094 0.153503 -3.49956 3.74135 -3.71806
data/frame-000770.color.jpg -0.368793 -0.553479 0.617917 -0.419322 1.92133 3.09195 -4.39221
data/frame-000508.color.jpg -0.310085 -0.507604 0.72556 -0.346045 4.37616 2.85891 -2.74398
data/frame-000519.color.jpg -0.271174 -0.473043 0.752334 -0.369714 4.62478 2.75036 -2.24127
data/frame-000257.color.jpg 0.507608 0.666573 0.490662 -0.2393 -5.00255 -0.791402 2.58764
data/frame-000268.color.jpg 0.441833 0.707138 0.505972 -0.220751 -4.99432 -1.00301 2.69284
data/frame-000665.color.jpg -0.433319 -0.550173 0.558788 -0.444185 2.3458 2.36749 -5.03159
data/frame-000006.color.jpg 0.30999 0.843593 0.434975 -0.0552541 -3.56428 -2.33659 2.31795
data/frame-000944.color.jpg -0.180211 -0.0314297 0.855196 -0.484949 5.70099 0.0198402 -0.386923
data/frame-000693.color.jpg -0.284072 -0.476589 0.758244 -0.342392 4.17109 3.26397 -2.8167
data/frame-000827.color.jpg -0.264821 -0.481064 0.75742 -0.353217 3.23162 3.34046 -2.74726
data/frame-000838.color.jpg -0.241014 -0.395022 0.815156 -0.348411 3.9172 2.72444 -2.21053
data/frame-000972.color.jpg -0.0790694 0.00850929 0.879284 -0.469612 5.3095 0.0707138 0.838787
data/frame-000576.color.jpg -0.327047 -0.631279 0.652392 -0.262511 2.39397 4.48982 -3.43135
data/frame-000587.color.jpg -0.291395 -0.649289 0.669781 -0.21191 2.57065 4.90913 -2.90131
data/frame-000983.color.jpg -0.0542723 0.0292913 0.878194 -0.474312 5.18416 -0.000466646 1.15915
data/frame-000721.color.jpg -0.198483 -0.417406 0.837816 -0.290587 4.47796 2.86969 -1.47963
data/frame-000325.color.jpg 0.456024 0.864328 0.210376 -0.0268701 -5.7261 1.09153 -0.879441
data/frame-000336.color.jpg 0.474463 0.87061 0.130084 0.00133957 -5.54975 1.67487 -1.51841
data/frame-000732.color.jpg -0.240344 -0.473271 0.799209 -0.281982 3.75513 3.4088 -2.15758
data/frame-000470.color.jpg 0.32732 0.716947 -0.574119 0.221893 2.16245 4.90847 -3.54441
data/frame-000074.color.jpg 0.213955 0.476009 0.800371 -0.295034 0.37563 -3.033 4.40276
data/frame-000481.color.jpg -0.32952 -0.63103 0.648769 -0.268919 3.32664 4.0602 -3.37719
data/frame-000219.color.jpg 0.415986 0.613858 0.59677 -0.306594 -3.52072 -1.27183 4.1625
data/frame-001040.color.jpg 0.1131 0.185201 0.832614 -0.509572 3.94189 -0.416553 3.06791
data/frame-001051.color.jpg 0.0910603 0.18145 0.826725 -0.524699 4.07364 -0.358002 2.92713
data/frame-000789.color.jpg -0.390361 -0.432464 0.6062 -0.5414 3.04428 1.42249 -4.74467
data/frame-000393.color.jpg 0.473548 0.787939 -0.318772 0.230846 -1.08824 3.98214 -5.08524
data/frame-000404.color.jpg 0.4692 0.722046 -0.410024 0.300634 0.576781 3.77481 -5.43696
data/frame-000800.color.jpg -0.473586 -0.433973 0.56825 -0.514272 2.42304 0.963662 -5.18443
data/frame-000538.color.jpg -0.330083 -0.531523 0.681973 -0.378736 3.50888 3.09712 -3.288
data/frame-000549.color.jpg -0.355059 -0.551635 0.667965 -0.35136 3.10154 3.27373 -3.62898
data/frame-000934.color.jpg -0.106944 0.0495918 0.890892 -0.438652 5.67456 -0.495859 0.734861
data/frame-000683.color.jpg -0.343592 -0.533011 0.675987 -0.375347 3.22567 3.32203 -3.82496
data/frame-000276.color.jpg 0.364215 0.734572 0.54381 -0.178946 -4.88889 -1.71711 2.62842
data/frame-000287.color.jpg 0.328558 0.702843 0.597559 -0.202446 -4.413 -2.36608 3.07875
data/frame-000298.color.jpg 0.390392 0.770196 0.490146 -0.118947 -5.41614 -1.63507 1.55512
data/frame-000432.color.jpg 0.541285 0.659031 -0.391609 0.345442 0.359691 2.39129 -6.28764
data/frame-000036.color.jpg 0.31586 0.782927 0.520565 -0.127549 -3.14923 -2.5416 3.01927
data/frame-000047.color.jpg 0.259618 0.722372 0.610431 -0.195324 -2.2161 -2.88865 3.56445
data/frame-000694.color.jpg -0.279881 -0.469876 0.765269 -0.339479 4.24663 3.21725 -2.73048
data/frame-000181.color.jpg 0.298228 0.722037 0.600789 -0.169632 -3.48904 -2.62507 3.0011
data/frame-001002.color.jpg -0.0224505 0.0767927 0.931452 -0.354959 4.91175 -0.712988 1.54366
data/frame-000606.color.jpg -0.373664 -0.606396 0.611473 -0.344615 2.54 3.84223 -4.29474
data/frame-001013.color.jpg -0.0328843 0.111192 0.934767 -0.335805 4.79061 -1.19725 1.45656
data/frame-000751.color.jpg -0.3102 -0.628612 0.645395 -0.30346 1.43507 4.15763 -3.33589
data/frame-000355.color.jpg 0.372652 0.921183 -0.0625523 0.092954 -4.30569 3.47072 -2.47843
data/frame-000762.color.jpg -0.334281 -0.604245 0.636565 -0.343407 1.56081 3.87619 -3.79817
data/frame-000489.color.jpg -0.32152 -0.518883 0.719899 -0.330348 4.54489 2.96298 -2.94071
data/frame-000104.color.jpg 0.259794 0.427465 0.754801 -0.424331 0.940952 -1.4512 4.61313
data/frame-000115.color.jpg 0.315959 0.491445 0.702321 -0.40669 -0.0664819 -1.33569 4.57818
data/frame-000500.color.jpg -0.309011 -0.510521 0.727024 -0.339582 4.48945 2.89691 -2.73145
data/frame-000260.color.jpg 0.5118 0.669126 0.487322 -0.229886 -5.06563 -0.809138 2.48239
data/frame-000238.color.jpg 0.389204 0.604103 0.614322 -0.325865 -3.37794 -1.43084 4.19925
data/frame-000249.color.jpg 0.473385 0.645297 0.535313 -0.27007 -4.53744 -1.01926 3.20104
data/frame-000394.color.jpg 0.473223 0.780789 -0.331797 0.237359 -0.873166 3.98859 -5.13839
data/frame-000511.color.jpg -0.310629 -0.50449 0.724434 -0.352413 4.35937 2.83282 -2.75237
data/frame-000645.color.jpg 0.509477 0.548426 -0.484784 0.45238 1.71105 1.47441 -5.63033
data/frame-000143.color.jpg 0.387142 0.592888 0.628366 -0.32212 -1.95486 -1.42002 4.33587
data/frame-000887.color.jpg -0.136478 -0.281288 0.907762 -0.279677 5.11105 2.29762 -0.582283
data/frame-000819.color.jpg -0.272573 -0.51188 0.720854 -0.379543 2.96579 3.54618 -3.11994
data/frame-000964.color.jpg -0.0858257 0.00120614 0.878232 -0.470469 5.38511 0.119357 0.740893
data/frame-000568.color.jpg 0.346869 0.625645 -0.63029 0.301636 2.18832 4.16573 -3.75721
data/frame-000975.color.jpg -0.0746442 0.0127061 0.877393 -0.47376 5.27935 0.0628827 0.89953
data/frame-000702.color.jpg -0.243583 -0.454125 0.790139 -0.33184 4.41515 3.1686 -2.18589
data/frame-000317.color.jpg 0.449912 0.852986 0.259859 -0.04967 -5.77657 0.718015 -0.469235
data/frame-000713.color.jpg -0.234449 -0.458962 0.799404 -0.308774 4.25336 3.114 -1.97481
data/frame-000724.color.jpg -0.189266 -0.42405 0.839236 -0.28292 4.38424 3.00584 -1.41695
data/frame-000451.color.jpg 0.338871 0.733245 -0.538419 0.240049 1.61712 5.11612 -3.99865
data/frame-000066.color.jpg 0.204429 0.584931 0.740664 -0.259771 -0.650425 -3.29751 4.03087
data/frame-000462.color.jpg 0.331552 0.735717 -0.552536 0.20856 1.85869 5.13519 -3.6641
data/frame-000473.color.jpg 0.323453 0.706211 -0.584027 0.235705 2.32656 4.7938 -3.49061
data/frame-000200.color.jpg 0.324172 0.645056 0.64799 -0.242741 -3.15163 -2.44827 3.84996
data/frame-000211.color.jpg 0.379516 0.626182 0.619542 -0.282898 -3.35951 -1.75354 4.11247
data/frame-000222.color.jpg 0.428464 0.602654 0.587693 -0.328396 -3.49915 -1.00184 4.23159
data/frame-000356.color.jpg 0.372637 0.918493 -0.082327 0.10361 -4.13249 3.59707 -2.63047
data/frame-000849.color.jpg -0.185163 -0.261981 0.885291 -0.33666 4.71819 1.75791 -1.27523
data/frame-000598.color.jpg -0.314781 -0.630044 0.651941 -0.280947 2.68787 4.53172 -3.46205
data/frame-001032.color.jpg 0.104628 0.166828 0.863522 -0.464274 4.063 -0.667548 2.90594
data/frame-000781.color.jpg -0.383698 -0.471097 0.618484 -0.498318 2.71221 2.00728 -4.68854
data/frame-000530.color.jpg -0.290499 -0.46554 0.746418 -0.376488 4.4622 2.68002 -2.52935
data/frame-000134.color.jpg 0.410395 0.558692 0.622878 -0.362577 -1.67052 -0.914468 4.46559
data/frame-000675.color.jpg -0.38752 -0.54692 0.608944 -0.424139 2.71407 2.89375 -4.51268
data/frame-000279.color.jpg 0.344903 0.739092 0.552295 -0.172496 -4.84526 -1.87493 2.62142
data/frame-000686.color.jpg -0.311208 -0.528274 0.700509 -0.365189 3.46982 3.51507 -3.42681
data/frame-000413.color.jpg 0.459745 0.665208 -0.486715 0.330517 1.79695 3.53283 -5.38179
data/frame-000017.color.jpg 0.309063 0.823225 0.469462 -0.0799123 -3.2813 -2.47756 2.59157
data/frame-000028.color.jpg 0.312355 0.782213 0.527382 -0.111558 -2.95928 -2.71268 2.97234
data/frame-000424.color.jpg 0.540742 0.682989 -0.367398 0.325796 -0.0535472 2.63991 -6.14956
data/frame-000162.color.jpg 0.280694 0.640335 0.673458 -0.240077 -2.00292 -2.85537 3.90183
data/frame-000173.color.jpg 0.262664 0.693634 0.643584 -0.188889 -2.74256 -3.05937 3.34482
data/frame-000435.color.jpg 0.498953 0.672484 -0.422706 0.346598 0.721949 2.9285 -6.02564
data/frame-000906.color.jpg -0.110492 -0.0938249 0.948846 -0.280501 5.88972 0.525914 0.148647
data/frame-000917.color.jpg -0.101292 -0.000377741 0.941287 -0.322053 5.84266 -0.316699 0.526917
data/frame-000928.color.jpg -0.0759352 0.074496 0.92047 -0.376056 5.60844 -0.780988 1.11999
data/frame-000811.color.jpg -0.361166 -0.51521 0.645766 -0.432555 2.47002 2.867 -4.2354
data/frame-000743.color.jpg -0.29781 -0.618024 0.671605 -0.279825 1.70915 4.17378 -3.0232
data/frame-000492.color.jpg -0.311982 -0.495061 0.733246 -0.346312 4.75562 2.75673 -2.73234
data/frame-000230.color.jpg 0.405074 0.607498 0.59921 -0.328342 -3.4108 -1.24358 4.13419
data/frame-000241.color.jpg 0.415699 0.618043 0.592297 -0.307249 -3.77624 -1.33281 3.92139
data/frame-000375.color.jpg 0.426949 0.878367 -0.150955 0.152967 -3.51354 3.73171 -3.71818
data/frame-000386.color.jpg 0.47198 0.842152 -0.190422 0.178196 -2.96872 3.6406 -4.41562
data/frame-000124.color.jpg 0.379169 0.529282 0.655388 -0.38283 -1.03629 -1.0368 4.56073
data/frame-000135.color.jpg 0.41003 0.563517 0.621316 -0.358177 -1.7292 -0.951367 4.44894
data/frame-000868.color.jpg -0.164705 -0.241738 0.895262 -0.336066 4.90178 1.81318 -0.919132
data/frame-000879.color.jpg -0.135353 -0.237982 0.913702 -0.300322 5.14452 1.85997 -0.446789
data/frame-000617.color.jpg 0.436228 0.568605 -0.564101 0.410102 2.44168 2.87096 -5.00842
data/frame-000628.color.jpg 0.47139 0.551685 -0.523653 0.446344 2.18702 2.19621 -5.34171
data/frame-001024.color.jpg 0.0712956 0.11856 0.879997 -0.454386 4.44875 -0.538447 2.43978
data/frame-000705.color.jpg -0.245096 -0.46331 0.78715 -0.325064 4.28281 3.1957 -2.18332
data/frame-000443.color.jpg 0.370583 0.716748 -0.51106 0.296239 1.44454 4.62129 -4.63422
data/frame-000454.color.jpg 0.341009 0.733807 -0.545121 0.219279 1.71828 5.13009 -3.88644
data/frame-000192.color.jpg 0.302153 0.679061 0.634672 -0.21159 -3.27322 -2.59941 3.44458
data/frame-000203.color.jpg 0.341013 0.643763 0.633006 -0.261882 -3.2526 -2.14461 3.97824
data/frame-000936.color.jpg -0.127098 0.0327036 0.882905 -0.450839 5.70403 -0.398638 0.458616
data/frame-000947.color.jpg -0.192723 -0.0417853 0.84899 -0.490231 5.67188 0.0577521 -0.561286
data/frame-000086.color.jpg 0.21973 0.42966 0.781607 -0.395223 0.945005 -1.98771 4.9226
data/frame-000097.color.jpg 0.254185 0.457091 0.748992 -0.406779 0.556852 -1.66473 4.90256
data/frame-000830.color.jpg -0.255704 -0.455131 0.774572 -0.357085 3.46048 3.15937 -2.57581
data/frame-000841.color.jpg -0.22632 -0.365704 0.837391 -0.337368 4.13815 2.53744 -1.95973
data/frame-000579.color.jpg -0.31309 -0.638093 0.658458 -0.247477 2.45809 4.65388 -3.24497
data/frame-000590.color.jpg -0.283784 -0.651927 0.671501 -0.208674 2.60988 4.9657 -2.81852
data/frame-000328.color.jpg 0.461434 0.865787 0.192449 -0.0213149 -5.70509 1.21838 -1.00308
data/frame-000405.color.jpg 0.467629 0.713135 -0.421775 0.308006 0.778471 3.74106 -5.44508
data/frame-000009.color.jpg 0.295276 0.839332 0.45269 -0.0583481 -3.40987 -2.50251 2.36881
data/frame-000416.color.jpg 0.489174 0.666897 -0.451003 0.335488 1.2583 3.1997 -5.72977
data/frame-000154.color.jpg 0.321731 0.629572 0.654315 -0.268328 -2.06932 -2.32282 4.12
data/frame-000165.color.jpg 0.265699 0.65318 0.671961 -0.226338 -2.09623 -3.00877 3.75636
data/frame-000898.color.jpg -0.120584 -0.230279 0.921811 -0.287569 5.45941 1.93682 -0.34655
data/frame-000909.color.jpg -0.114447 -0.061842 0.951956 -0.277231 5.91093 0.168392 0.190553
data/frame-000647.color.jpg 0.50683 0.552908 -0.484814 0.449857 1.68078 1.52145 -5.62776
data/frame-000658.color.jpg 0.471143 0.538431 -0.517896 0.468934 2.1682 1.73182 -5.38794
data/frame-001043.color.jpg 0.106651 0.186733 0.826921 -0.519574 3.96973 -0.380382 3.03675
data/frame-000792.color.jpg -0.424609 -0.413107 0.587767 -0.550981 2.99003 0.96919 -4.90063
data/frame-000803.color.jpg -0.46229 -0.457579 0.569856 -0.502168 2.28797 1.29539 -5.15332
data/frame-000541.color.jpg -0.342888 -0.549072 0.665996 -0.37067 3.21576 3.1925 -3.47304
data/frame-000552.color.jpg -0.354789 -0.549666 0.669705 -0.351407 3.12258 3.30128 -3.66448
data/frame-000290.color.jpg 0.336477 0.713074 0.587059 -0.183495 -4.59238 -2.3896 2.80193
data/frame-000039.color.jpg 0.30447 0.770338 0.544715 -0.131008 -2.9997 -2.69207 3.04436
data/frame-000116.color.jpg 0.326577 0.499349 0.695511 -0.400328 -0.235895 -1.31392 4.5771
data/frame-000127.color.jpg 0.387669 0.536697 0.649049 -0.374705 -1.20726 -1.02395 4.5353
data/frame-000860.color.jpg -0.17403 -0.244861 0.886418 -0.352165 4.7689 1.74041 -1.11994
data/frame-001016.color.jpg -0.0215299 0.117492 0.927815 -0.353401 4.74818 -1.21236 1.56218
data/frame-000871.color.jpg -0.155786 -0.237331 0.901646 -0.326251 4.98711 1.80857 -0.756371
data/frame-000609.color.jpg -0.383979 -0.601158 0.602784 -0.357521 2.51228 3.69699 -4.4324
data/frame-000620.color.jpg 0.456838 0.549746 -0.54853 0.433813 2.45425 2.4558 -5.19315
data/frame-001005.color.jpg -0.0183448 0.0833605 0.936857 -0.339135 4.87172 -0.828758 1.56995
data/frame-000754.color.jpg -0.314135 -0.623306 0.645034 -0.31103 1.47129 4.13997 -3.44588
data/frame-000347.color.jpg 0.40229 0.913004 0.0403764 0.0543676 -5.08889 2.58553 -2.00075
data/frame-000358.color.jpg 0.377073 0.911086 -0.116407 0.119112 -3.82407 3.79428 -2.89896
data/frame-000369.color.jpg 0.411356 0.879353 -0.17604 0.162894 -3.21592 3.93336 -3.72284
data/frame-000503.color.jpg -0.307042 -0.514489 0.726463 -0.336567 4.41105 2.93678 -2.72068
data/frame-000765.color.jpg -0.354753 -0.583391 0.63059 -0.369001 1.68402 3.56395 -4.07254
data/frame-000252.color.jpg 0.490853 0.655591 0.513263 -0.256564 -4.76966 -0.897442 2.9152
data/frame-000703.color.jpg -0.245498 -0.454356 0.789958 -0.330543 4.39174 3.14693 -2.19386
data/frame-000001.color.jpg 0.322251 0.841611 0.43115 -0.0442162 -3.62635 -2.30161 2.22584
data/frame-000184.color.jpg 0.306543 0.713022 0.605189 -0.177137 -3.51172 -2.56365 3.04352
data/frame-000736.color.jpg -0.270868 -0.556764 0.734938 -0.276605 2.71493 3.94712 -2.65039
data/frame-000677.color.jpg -0.371485 -0.555431 0.622355 -0.407638 2.73442 3.1457 -4.32288
data/frame-000822.color.jpg -0.277282 -0.496919 0.737221 -0.364267 3.0931 3.4328 -3.0155
data/frame-000833.color.jpg -0.250433 -0.430865 0.790973 -0.354965 3.64995 2.97948 -2.43326
data/frame-000967.color.jpg -0.0773361 0.00766491 0.881054 -0.466588 5.33658 0.0813864 0.850767
data/frame-000560.color.jpg -0.344966 -0.572362 0.67071 -0.321791 2.92931 3.68973 -3.621
data/frame-000571.color.jpg -0.337952 -0.63346 0.635889 -0.283129 2.18988 4.35609 -3.62211
data/frame-000582.color.jpg -0.308819 -0.643165 0.658566 -0.23929 2.46295 4.73008 -3.1816
data/frame-000716.color.jpg -0.222449 -0.436298 0.816335 -0.3062 4.39679 2.9387 -1.77625
data/frame-000309.color.jpg 0.43855 0.83512 0.325637 -0.0648781 -5.82 0.0473557 -0.0131661
data/frame-000320.color.jpg 0.449855 0.858893 0.242585 -0.0329522 -5.75173 0.823507 -0.697018
data/frame-000331.color.jpg 0.473257 0.86467 0.168014 -0.0120003 -5.65748 1.37398 -1.23069
data/frame-000465.color.jpg 0.334292 0.727028 -0.563433 0.205481 2.01011 5.04291 -3.64316
data/frame-000058.color.jpg 0.223855 0.648388 0.694793 -0.216205 -1.38512 -3.3377 3.77511
data/frame-000069.color.jpg 0.194661 0.533079 0.776689 -0.273291 -0.0632006 -3.31746 4.14003
data/frame-000214.color.jpg 0.394231 0.617762 0.614596 -0.291932 -3.38801 -1.59341 4.15832
data/frame-000146.color.jpg 0.377435 0.6063 0.629794 -0.305455 -2.06565 -1.61502 4.25873
data/frame-000890.color.jpg -0.142657 -0.290711 0.901193 -0.288075 5.08143 2.4098 -0.711875
data/frame-001035.color.jpg 0.109302 0.170164 0.853816 -0.479682 4.02032 -0.55339 2.96639
data/frame-000639.color.jpg 0.509262 0.551892 -0.490467 0.442165 1.70325 1.62895 -5.59702
data/frame-001046.color.jpg 0.104361 0.186214 0.824592 -0.52391 3.98417 -0.344507 3.02522
data/frame-000773.color.jpg -0.377697 -0.534459 0.612364 -0.443519 2.0717 2.79306 -4.55033
data/frame-000388.color.jpg 0.474243 0.832832 -0.21607 0.186541 -2.62814 3.74333 -4.57263
data/frame-000784.color.jpg -0.38378 -0.453481 0.611274 -0.522888 2.87692 1.72778 -4.72661
data/frame-000929.color.jpg -0.074281 0.0735314 0.91714 -0.384616 5.60337 -0.7377 1.13851
data/frame-000795.color.jpg -0.44617 -0.420722 0.577193 -0.539234 2.76447 0.918499 -5.04227
data/frame-000522.color.jpg -0.26666 -0.458883 0.758243 -0.378664 4.69423 2.65972 -2.17017
data/frame-000533.color.jpg -0.303834 -0.479879 0.728623 -0.382765 4.2345 2.76834 -2.77443
data/frame-000544.color.jpg -0.350899 -0.553643 0.664952 -0.358035 3.11025 3.23656 -3.54468
data/frame-000678.color.jpg -0.369519 -0.555955 0.624896 -0.404815 2.74498 3.17641 -4.29371
data/frame-000271.color.jpg 0.411272 0.723345 0.514756 -0.206527 -4.98708 -1.19228 2.67113
data/frame-000282.color.jpg 0.31713 0.735643 0.570619 -0.180702 -4.67921 -2.09919 2.80438
data/frame-000293.color.jpg 0.355972 0.734532 0.555886 -0.157282 -4.92941 -2.17927 2.35712
data/frame-000427.color.jpg 0.553229 0.672122 -0.365247 0.329825 -0.0720176 2.41993 -6.26728
data/frame-000020.color.jpg 0.311452 0.811284 0.489871 -0.0695878 -3.20621 -2.65418 2.54908
data/frame-000031.color.jpg 0.322572 0.777713 0.52562 -0.121792 -3.02524 -2.61649 3.05415
data/frame-000666.color.jpg -0.432519 -0.550146 0.560628 -0.442677 2.3521 2.38513 -5.01812
data/frame-000852.color.jpg -0.17184 -0.223487 0.899199 -0.334612 4.85184 1.46397 -1.02467
data/frame-000986.color.jpg -0.0424041 0.0408947 0.886928 -0.458135 5.11779 -0.104431 1.31639
data/frame-000601.color.jpg -0.330355 -0.620875 0.639338 -0.310849 2.67944 4.30813 -3.74281
data/frame-000997.color.jpg -0.0291156 0.0672699 0.91855 -0.38845 4.96868 -0.527907 1.49218
data/frame-001008.color.jpg -0.0204851 0.0942221 0.937223 -0.335135 4.8324 -0.962686 1.56398
data/frame-000735.color.jpg -0.264653 -0.537557 0.750277 -0.279421 2.9736 3.83399 -2.5623
data/frame-000350.color.jpg 0.382519 0.921649 0.0032529 0.0650486 -4.82758 2.96402 -2.09617
data/frame-000746.color.jpg -0.305269 -0.622503 0.660283 -0.288664 1.58392 4.14802 -3.14693
data/frame-000757.color.jpg -0.316527 -0.618499 0.643728 -0.320755 1.50561 4.09639 -3.53737
data/frame-000484.color.jpg -0.326786 -0.588923 0.680099 -0.289561 3.83818 3.65743 -3.24166
data/frame-000088.color.jpg 0.227583 0.428103 0.773019 -0.409116 0.923762 -1.80195 4.99726
data/frame-000099.color.jpg 0.262977 0.454425 0.742309 -0.416314 0.576512 -1.51619 4.86701
data/frame-000495.color.jpg -0.310398 -0.4845 0.7394 -0.349573 4.80358 2.64415 -2.65298
data/frame-000233.color.jpg 0.384194 0.612933 0.607016 -0.329 -3.32423 -1.35903 4.17368
data/frame-000244.color.jpg 0.438038 0.628909 0.57186 -0.292528 -4.08624 -1.23312 3.65834
data/frame-000506.color.jpg -0.30846 -0.51197 0.726615 -0.338779 4.39154 2.90391 -2.73064
data/frame-000640.color.jpg 0.510324 0.551994 -0.487542 0.444044 1.68442 1.59747 -5.60954
data/frame-000699.color.jpg -0.249395 -0.452369 0.788357 -0.334154 4.44459 3.1487 -2.26765
data/frame-000882.color.jpg -0.133913 -0.25373 0.914357 -0.285726 5.14585 2.00053 -0.455648
data/frame-000814.color.jpg -0.333283 -0.522113 0.668234 -0.412049 2.56173 3.17946 -3.89855
data/frame-000959.color.jpg -0.114141 -0.0237491 0.87005 -0.47898 5.50826 0.248843 0.340271
data/frame-000563.color.jpg -0.346844 -0.595339 0.655557 -0.309057 2.61875 3.90409 -3.68273
data/frame-000719.color.jpg -0.208759 -0.417748 0.832125 -0.299121 4.50206 2.82382 -1.58148
data/frame-000697.color.jpg -0.251228 -0.461065 0.783485 -0.332346 4.39969 3.24709 -2.33516
data/frame-000301.color.jpg 0.408228 0.793485 0.43955 -0.102607 -5.64249 -1.13079 1.06322
data/frame-000312.color.jpg 0.439425 0.846157 0.295085 -0.0620416 -5.80347 0.403217 -0.175285
data/frame-000708.color.jpg -0.242711 -0.464465 0.788726 -0.321365 4.24946 3.1785 -2.13315
data/frame-000446.color.jpg 0.345158 0.728892 -0.526767 0.268511 1.51794 4.96341 -4.23273
data/frame-000050.color.jpg 0.242828 0.678764 0.661251 -0.207512 -1.66009 -3.15021 3.71994
data/frame-000061.color.jpg 0.229236 0.639847 0.6953 -0.233675 -1.34427 -3.21196 3.88964
data/frame-000457.color.jpg 0.340391 0.734629 -0.546582 0.213784 1.74577 5.13253 -3.83721
data/frame-000195.color.jpg 0.301763 0.665299 0.644955 -0.224387 -3.17129 -2.60413 3.61359
data/frame-000206.color.jpg 0.353227 0.639943 0.626309 -0.270998 -3.298 -1.98476 4.03846
data/frame-001027.color.jpg 0.0913847 0.13835 0.87044 -0.463511 4.277 -0.542739 2.68794
data/frame-000776.color.jpg -0.390111 -0.499406 0.615318 -0.468818 2.3787 2.33232 -4.68773
data/frame-000514.color.jpg -0.299548 -0.498633 0.726943 -0.364951 4.39012 2.84051 -2.63209
data/frame-000525.color.jpg -0.269511 -0.461944 0.755645 -0.378116 4.62511 2.70078 -2.2487
data/frame-000670.color.jpg -0.409805 -0.547775 0.586899 -0.433072 2.54471 2.64778 -4.76689
data/frame-000263.color.jpg 0.515526 0.670661 0.47774 -0.237089 -5.10202 -0.646581 2.48548
data/frame-000274.color.jpg 0.38429 0.729383 0.533739 -0.188266 -4.92822 -1.53281 2.64342
data/frame-000408.color.jpg 0.461709 0.701297 -0.443539 0.313497 1.09607 3.74715 -5.40396
data/frame-000012.color.jpg 0.291024 0.839206 0.455805 -0.057277 -3.39034 -2.54305 2.35617
data/frame-000023.color.jpg 0.31029 0.794393 0.516158 -0.0790005 -3.0471 -2.79284 2.6816
data/frame-000419.color.jpg 0.512989 0.672373 -0.421442 0.327327 0.756268 2.98965 -5.92163
data/frame-000157.color.jpg 0.314561 0.626384 0.66155 -0.266544 -2.01054 -2.42851 4.12919
data/frame-000168.color.jpg 0.25821 0.669931 0.66331 -0.211046 -2.30321 -3.08715 3.59431
data/frame-000901.color.jpg -0.109993 -0.177813 0.937023 -0.279772 5.6878 1.42075 -0.0725852
data/frame-000912.color.jpg -0.108139 -0.0389241 0.951005 -0.287021 5.89865 -0.0330838 0.323097
data/frame-000051.color.jpg 0.236726 0.66824 0.673747 -0.208522 -1.52726 -3.22564 3.73888
data/frame-000727.color.jpg -0.189324 -0.436663 0.834361 -0.278072 4.24615 3.18828 -1.47701
data/frame-000738.color.jpg -0.280147 -0.587056 0.707721 -0.275706 2.27377 4.09505 -2.78883
data/frame-000476.color.jpg 0.32582 0.676785 -0.610268 0.251746 2.74963 4.50924 -3.46047
data/frame-000487.color.jpg -0.324764 -0.540687 0.709349 -0.314658 4.34412 3.17331 -3.06016
data/frame-000225.color.jpg 0.439022 0.593214 0.588181 -0.330756 -3.51868 -0.986198 4.18391
data/frame-000236.color.jpg 0.377822 0.603235 0.617747 -0.334285 -3.22632 -1.42543 4.2748
data/frame-000969.color.jpg -0.0791921 0.00884036 0.880653 -0.467012 5.32361 0.0620475 0.8385
data/frame-000370.color.jpg 0.414567 0.87878 -0.173279 0.160795 -3.25417 3.91041 -3.72922
data/frame-000381.color.jpg 0.457134 0.863379 -0.145564 0.156258 -3.55251 3.51639 -3.97203
data/frame-000119.color.jpg 0.349709 0.518856 0.673913 -0.392853 -0.632087 -1.19415 4.57566
data/frame-000863.color.jpg -0.177804 -0.255612 0.883021 -0.351174 4.7505 1.85988 -1.17326
data/frame-000874.color.jpg -0.146643 -0.237964 0.90763 -0.313171 5.04105 1.83574 -0.617076
data/frame-000612.color.jpg 0.403204 0.588776 -0.589281 0.378836 2.50074 3.40021 -4.66206
data/frame-000623.color.jpg 0.462791 0.539464 -0.54359 0.446445 2.49592 2.26721 -5.23421
data/frame-000438.color.jpg 0.423039 0.706403 -0.468825 0.319743 1.03101 4.00233 -5.3066
data/frame-000042.color.jpg 0.291552 0.76516 0.555389 -0.145159 -2.89219 -2.70971 3.13215
data/frame-000449.color.jpg 0.339309 0.731129 -0.537456 0.247913 1.6106 5.08208 -4.05134
data/frame-000176.color.jpg 0.280595 0.710085 0.622132 -0.173195 -3.12102 -2.89879 3.15579
data/frame-000187.color.jpg 0.314222 0.716394 0.596641 -0.179062 -3.66876 -2.44623 3.01185
data/frame-000198.color.jpg 0.31164 0.652228 0.651223 -0.231058 -3.13768 -2.58822 3.72873
data/frame-000931.color.jpg -0.077156 0.0687495 0.910422 -0.400566 5.6128 -0.653544 1.0997
data/frame-000942.color.jpg -0.167805 -0.016186 0.859807 -0.481986 5.72114 -0.0694346 -0.191986
data/frame-000081.color.jpg 0.22336 0.451006 0.790865 -0.348191 0.625723 -2.44401 4.74386
data/frame-000825.color.jpg -0.268591 -0.495231 0.746606 -0.353814 3.10929 3.44674 -2.8466
data/frame-000836.color.jpg -0.246361 -0.403406 0.808722 -0.350056 3.84928 2.77328 -2.29129
data/frame-000970.color.jpg -0.078999 0.00893608 0.880012 -0.46825 5.31613 0.064895 0.840824
data/frame-000574.color.jpg -0.33282 -0.630419 0.647215 -0.270029 2.3397 4.42653 -3.51788
data/frame-000323.color.jpg 0.456356 0.862155 0.218289 -0.0279016 -5.72692 1.02193 -0.854124
data/frame-000255.color.jpg 0.501316 0.663731 0.498432 -0.244353 -4.92825 -0.834395 2.69349
data/frame-000400.color.jpg 0.471738 0.740738 -0.388977 0.278328 0.150583 3.87614 -5.3731
data/frame-000004.color.jpg 0.315615 0.84352 0.431556 -0.0511935 -3.6024 -2.30385 2.28118
data/frame-000945.color.jpg -0.185122 -0.0343573 0.853777 -0.485402 5.69284 0.0235094 -0.447603
data/frame-000138.color.jpg 0.406478 0.574758 0.61828 -0.349512 -1.84624 -1.03842 4.41928
data/frame-000149.color.jpg 0.36259 0.619523 0.633757 -0.288222 -2.15135 -1.85748 4.18947
data/frame-000160.color.jpg 0.296858 0.635955 0.663433 -0.25941 -2.02208 -2.58981 4.05786
data/frame-001049.color.jpg 0.0929556 0.184723 0.825843 -0.524614 4.04481 -0.378552 2.95115
data/frame-000893.color.jpg -0.13727 -0.285597 0.900281 -0.298473 5.1293 2.42471 -0.687096
data/frame-000631.color.jpg 0.486487 0.558948 -0.507956 0.439191 1.88699 2.05126 -5.45354
data/frame-000642.color.jpg 0.510532 0.551693 -0.482222 0.449948 1.66948 1.53159 -5.62949
data/frame-000653.color.jpg 0.50298 0.545528 -0.487379 0.460296 1.78297 1.44914 -5.61687
data/frame-000787.color.jpg -0.383142 -0.442503 0.607015 -0.537518 2.99189 1.56611 -4.7286
data/frame-000904.color.jpg -0.1025 -0.119266 0.946542 -0.281653 5.84695 0.824712 0.171474
data/frame-001038.color.jpg 0.114134 0.179784 0.840863 -0.497595 3.95592 -0.461755 3.04863
data/frame-000932.color.jpg -0.0834306 0.0623573 0.905727 -0.410864 5.62996 -0.586528 1.01495
data/frame-000536.color.jpg -0.320096 -0.509188 0.702558 -0.380366 3.82768 2.96096 -3.08212
data/frame-000978.color.jpg -0.0695338 0.0178579 0.87622 -0.476534 5.25384 0.0443389 0.96962
data/frame-000285.color.jpg 0.322876 0.714903 0.584915 -0.20625 -4.48812 -2.174 3.08699
data/frame-000468.color.jpg 0.33287 0.721827 -0.568657 0.211643 2.07734 4.96665 -3.60921
data/frame-000217.color.jpg 0.40721 0.613232 0.605497 -0.30249 -3.44427 -1.39897 4.19185
data/frame-000961.color.jpg -0.103885 -0.0169897 0.872603 -0.476951 5.47755 0.22656 0.474412
data/frame-000111.color.jpg 0.280125 0.463933 0.730355 -0.415785 0.495743 -1.47589 4.53062
data/frame-000844.color.jpg -0.213393 -0.332543 0.855938 -0.33354 4.3564 2.295 -1.74119
data/frame-000855.color.jpg -0.16351 -0.220154 0.897939 -0.344241 4.86052 1.49839 -0.943109
data/frame-000866.color.jpg -0.167485 -0.249845 0.889473 -0.344042 4.82669 1.8675 -1.01401
data/frame-000593.color.jpg -0.29063 -0.64548 0.666565 -0.233626 2.66264 4.8512 -3.00822
data/frame-000604.color.jpg -0.358656 -0.610799 0.621674 -0.334383 2.60345 4.00447 -4.11237
data/frame-000615.color.jpg 0.428856 0.572594 -0.570025 0.404092 2.46513 2.98628 -4.93555
data/frame-000749.color.jpg -0.30679 -0.626413 0.650257 -0.301085 1.49059 4.14607 -3.26057
data/frame-000342.color.jpg 0.457057 0.884955 0.0852221 0.0262924 -5.36882 2.06006 -1.87195
data/frame-000353.color.jpg 0.374538 0.923598 -0.0286044 0.0766178 -4.58655 3.23036 -2.24145
data/frame-000364.color.jpg 0.399796 0.887834 -0.16532 0.156793 -3.31194 3.9265 -3.53157
data/frame-000498.color.jpg -0.308033 -0.495222 0.734963 -0.345978 4.67507 2.75755 -2.66769
data/frame-001000.color.jpg -0.027223 0.0716021 0.923585 -0.375662 4.94783 -0.60637 1.51043
data/frame-000179.color.jpg 0.296777 0.720572 0.604496 -0.16518 -3.40749 -2.71297 3.00942
data/frame-000774.color.jpg -0.397184 -0.51217 0.610633 -0.455031 2.19074 2.44476 -4.70504
data/frame-000923.color.jpg -0.0871593 0.0518667 0.928086 -0.358287 5.70799 -0.668541 0.898284
data/frame-000672.color.jpg -0.394308 -0.545744 0.601808 -0.429549 2.67871 2.797 -4.59835
data/frame-000806.color.jpg -0.434951 -0.485413 0.596884 -0.46789 2.25062 1.92284 -4.92193
data/frame-000817.color.jpg -0.29282 -0.521964 0.697 -0.394969 2.76377 3.47529 -3.42413
data/frame-000828.color.jpg -0.262722 -0.470376 0.764171 -0.354635 3.32415 3.26057 -2.69077
data/frame-000951.color.jpg -0.189964 -0.0554715 0.844512 -0.49763 5.63198 0.206362 -0.596967
data/frame-000555.color.jpg -0.355442 -0.550189 0.673423 -0.342719 3.12354 3.36355 -3.67773
data/frame-000566.color.jpg -0.348197 -0.620202 0.634354 -0.302826 2.25891 4.11193 -3.75907
data/frame-000577.color.jpg -0.319881 -0.633868 0.655913 -0.256253 2.43916 4.5665 -3.33983
data/frame-000700.color.jpg -0.247564 -0.452432 0.789365 -0.333048 4.43774 3.14929 -2.23819
data/frame-000304.color.jpg 0.42535 0.821163 0.3727 -0.0765752 -5.80256 -0.463764 0.3762
data/frame-000315.color.jpg 0.445253 0.849116 0.278246 -0.0577205 -5.79266 0.563216 -0.302948
data/frame-000711.color.jpg -0.241235 -0.461044 0.79449 -0.313098 4.24744 3.12047 -2.06822
data/frame-000962.color.jpg -0.0921152 -0.00634814 0.876356 -0.472731 5.4225 0.168028 0.642094
data/frame-000053.color.jpg 0.233535 0.660272 0.682589 -0.208747 -1.44241 -3.27645 3.74989
data/frame-000064.color.jpg 0.210517 0.59751 0.73252 -0.249157 -0.818975 -3.31178 3.96261
data/frame-000885.color.jpg -0.130246 -0.274383 0.912179 -0.275101 5.12225 2.22242 -0.471755
data/frame-001030.color.jpg 0.102295 0.160174 0.866813 -0.460994 4.11313 -0.655435 2.85965
data/frame-000634.color.jpg 0.490791 0.556454 -0.500874 0.445656 1.83935 1.8985 -5.48975
data/frame-000779.color.jpg -0.386625 -0.480801 0.616783 -0.488804 2.59409 2.10485 -4.70434
data/frame-000383.color.jpg 0.465038 0.855051 -0.159356 0.165026 -3.37296 3.53521 -4.15671
data/frame-000924.color.jpg -0.0864792 0.0548964 0.927458 -0.359623 5.69794 -0.691307 0.918583
data/frame-000528.color.jpg -0.280151 -0.465967 0.75172 -0.373238 4.52004 2.71322 -2.3996
