data/frame-000264.color.jpg -0.280172 -0.56931 0.686736 -0.354659 0.399964 1.01575 1.00952
data/frame-000176.color.jpg -0.21051 -0.367761 0.811358 -0.402661 1.23267 0.313966 2.06718
data/frame-000321.color.jpg -0.317152 -0.582607 0.670496 -0.332292 -0.950137 1.42846 0.568048
data/frame-000332.color.jpg -0.315473 -0.568827 0.686501 -0.325006 -1.18849 1.51187 0.426689
data/frame-000081.color.jpg 0.349885 0.697058 -0.579013 0.237559 2.89522 1.14767 0.583531
data/frame-000389.color.jpg -0.219802 -0.44719 0.780431 -0.377671 -2.25857 2.24837 -0.675618
data/frame-000400.color.jpg -0.2517 -0.529749 0.726888 -0.357277 -3.0757 2.0976 -0.61349
data/frame-000138.color.jpg -0.340787 -0.564955 0.666596 -0.346899 1.9199 1.01293 0.935872
data/frame-000149.color.jpg -0.252328 -0.482868 0.750096 -0.374866 1.69336 0.954244 1.31824
data/frame-000160.color.jpg -0.224492 -0.379933 0.803852 -0.398843 1.44502 0.684507 1.57587
data/frame-000294.color.jpg -0.284186 -0.591783 0.677837 -0.331011 -0.207582 1.45562 0.63303
data/frame-000283.color.jpg -0.299344 -0.563372 0.685558 -0.350736 0.115201 1.48352 0.582724
data/frame-000032.color.jpg 0.439788 0.730371 -0.475418 0.217075 3.33514 1.64323 -0.240925
data/frame-000043.color.jpg 0.459495 0.73013 -0.443705 0.242697 3.04716 2.10636 -0.747411
data/frame-000217.color.jpg -0.170734 -0.327343 0.852246 -0.370639 0.329708 -0.178734 2.10451
data/frame-000351.color.jpg -0.170279 -0.437688 0.829476 -0.302332 -1.34775 1.66635 0.260379
data/frame-000362.color.jpg -0.209509 -0.45605 0.788405 -0.355727 -1.66435 1.72074 0.0714352
data/frame-000111.color.jpg -0.240858 -0.441578 0.802043 -0.32206 2.00922 -0.240028 1.98788
data/frame-000100.color.jpg -0.271174 -0.539533 0.749967 -0.270034 2.52484 -0.177695 1.69861
data/frame-000245.color.jpg -0.292896 -0.539405 0.701909 -0.361354 0.572963 0.763764 1.32019
data/frame-000256.color.jpg -0.26938 -0.507033 0.724519 -0.381346 0.48459 0.92976 1.14528
data/frame-000005.color.jpg 0.386936 0.728613 -0.510518 0.242436 3.45025 1.23995 0.571353
data/frame-000179.color.jpg -0.210917 -0.348197 0.818793 -0.404785 1.18149 0.234672 2.16329
data/frame-000313.color.jpg -0.343464 -0.619918 0.634739 -0.307962 -0.783098 1.33285 0.754196
data/frame-000324.color.jpg -0.31895 -0.582076 0.671063 -0.330353 -1.02559 1.45801 0.50498
data/frame-000062.color.jpg 0.418997 0.690393 -0.525054 0.268546 3.0086 1.7228 -0.15292
data/frame-000073.color.jpg 0.3579 0.677318 -0.587371 0.261044 3.02975 1.26954 0.512362
data/frame-000218.color.jpg -0.179167 -0.345372 0.844623 -0.367734 0.372757 -0.143434 2.06985
data/frame-000207.color.jpg -0.136097 -0.302731 0.869682 -0.365356 0.282659 -0.541888 2.37956
data/frame-000130.color.jpg 0.381101 0.61931 -0.615693 0.303546 2.11278 0.960009 0.77051
data/frame-000275.color.jpg -0.28413 -0.539587 0.704431 -0.363172 0.31269 1.32708 0.672761
data/frame-000286.color.jpg -0.287961 -0.556911 0.692335 -0.357213 0.0932844 1.5281 0.544994
data/frame-000013.color.jpg 0.413391 0.745625 -0.471854 0.224734 3.37915 1.40764 0.24864
data/frame-000024.color.jpg 0.410765 0.738448 -0.480731 0.234229 3.32816 1.52813 0.218328
data/frame-000035.color.jpg 0.462834 0.750065 -0.417202 0.221653 2.98463 2.04054 -0.691019
data/frame-000169.color.jpg -0.234712 -0.393622 0.796101 -0.395215 1.35889 0.519871 1.78066
data/frame-000343.color.jpg -0.22935 -0.572468 0.742419 -0.261711 -1.33009 1.31695 0.623873
data/frame-000092.color.jpg 0.306764 0.671893 -0.639783 0.212446 2.8954 0.533137 0.977301
data/frame-000226.color.jpg -0.230345 -0.421084 0.789252 -0.38303 0.532247 0.252997 1.85759
data/frame-000237.color.jpg -0.273494 -0.498028 0.731012 -0.377876 0.5794 0.661551 1.46318
data/frame-000248.color.jpg -0.282799 -0.529886 0.708854 -0.369827 0.526773 0.819849 1.2701
data/frame-000131.color.jpg -0.381452 -0.611466 0.619293 -0.311577 2.08146 0.958898 0.791879
data/frame-000373.color.jpg -0.21073 -0.429331 0.783889 -0.395962 -1.67101 1.85087 -0.203656
data/frame-000305.color.jpg 0.36672 0.663941 -0.594603 0.266734 -0.478957 1.31361 0.78758
data/frame-000054.color.jpg 0.473484 0.684807 -0.48516 0.267342 3.19618 1.85658 -0.68755
data/frame-000188.color.jpg -0.214677 -0.386005 0.806393 -0.393247 1.16015 0.042835 2.31897
data/frame-000199.color.jpg -0.15757 -0.323633 0.863021 -0.354441 0.700282 -0.61785 2.48304
data/frame-000210.color.jpg -0.130554 -0.298777 0.864664 -0.382156 0.180953 -0.372485 2.31165
data/frame-000335.color.jpg -0.279966 -0.563412 0.716988 -0.300189 -1.19876 1.47915 0.486339
data/frame-000267.color.jpg -0.283637 -0.571326 0.686439 -0.349195 0.393038 1.08623 0.93577
data/frame-000016.color.jpg 0.42296 0.741827 -0.46489 0.233826 3.33637 1.47021 0.216198
data/frame-000172.color.jpg -0.231868 -0.382154 0.79971 -0.400824 1.33771 0.461734 1.87667
data/frame-000403.color.jpg -0.266844 -0.532943 0.731641 -0.33086 -3.15074 2.22665 -0.4741
data/frame-000392.color.jpg -0.238603 -0.478613 0.758975 -0.371423 -2.57271 2.19601 -0.631667
data/frame-000141.color.jpg -0.33676 -0.547967 0.681126 -0.349846 1.91022 0.997093 0.939981
data/frame-000229.color.jpg -0.22092 -0.442222 0.776232 -0.391278 0.503141 0.376251 1.77002
data/frame-000354.color.jpg -0.164061 -0.449801 0.821892 -0.308636 -1.45908 1.65141 0.224952
data/frame-000365.color.jpg -0.221607 -0.456183 0.779359 -0.36795 -1.68845 1.73114 0.0376971
data/frame-000103.color.jpg -0.258149 -0.50345 0.773819 -0.284784 2.36056 -0.292407 1.85763
data/frame-000114.color.jpg -0.246978 -0.446083 0.80068 -0.31452 2.01452 -0.215428 1.90021
data/frame-000171.color.jpg -0.233594 -0.383993 0.798603 -0.40027 1.3443 0.481241 1.85261
data/frame-000316.color.jpg -0.325203 -0.592561 0.660137 -0.327618 -0.850985 1.37703 0.672401
data/frame-000327.color.jpg -0.336073 -0.595723 0.65601 -0.319093 -1.09891 1.46737 0.520431
data/frame-000065.color.jpg 0.392933 0.691276 -0.542358 0.271274 2.99085 1.66817 0.0669019
data/frame-000076.color.jpg 0.351741 0.681223 -0.59102 0.250816 3.01513 1.21602 0.541377
data/frame-000384.color.jpg -0.247699 -0.4732 0.760105 -0.370091 -2.1707 2.02912 -0.345756
data/frame-000395.color.jpg -0.258629 -0.508761 0.737406 -0.361256 -2.80537 2.11945 -0.515238
data/frame-000133.color.jpg -0.370997 -0.607552 0.628304 -0.313809 2.04149 0.94969 0.841186
data/frame-000144.color.jpg -0.315768 -0.538128 0.69691 -0.353588 1.85914 0.999284 1.01796
data/frame-000278.color.jpg -0.293733 -0.571147 0.678681 -0.356236 0.143151 1.37997 0.625993
data/frame-000289.color.jpg -0.264228 -0.562866 0.699697 -0.351836 0.0503812 1.53057 0.572016
data/frame-000027.color.jpg 0.422421 0.732886 -0.476884 0.23879 3.33393 1.63378 0.0570213
data/frame-000201.color.jpg -0.152916 -0.324873 0.86324 -0.354812 0.628066 -0.637296 2.4728
data/frame-000346.color.jpg -0.205842 -0.507908 0.787689 -0.281433 -1.32486 1.47423 0.471636
data/frame-000357.color.jpg -0.172021 -0.448721 0.818218 -0.315561 -1.52463 1.68512 0.186751
data/frame-000084.color.jpg 0.339471 0.702331 -0.584011 0.22455 2.87243 1.03731 0.646334
data/frame-000095.color.jpg -0.277882 -0.609955 0.702498 -0.239235 2.75797 0.0980914 1.40613
data/frame-000106.color.jpg -0.243539 -0.474714 0.791028 -0.29935 2.20658 -0.325371 1.96976
data/frame-000240.color.jpg -0.282896 -0.525201 0.710385 -0.373479 0.576808 0.71571 1.39882
data/frame-000414.color.jpg -0.263211 -0.555744 0.711367 -0.340332 -3.52175 2.03807 -0.518504
data/frame-000163.color.jpg -0.226005 -0.405932 0.791755 -0.396565 1.40457 0.689426 1.60659
data/frame-000297.color.jpg -0.324678 -0.590133 0.669005 -0.314261 -0.225443 1.4716 0.620175
data/frame-000308.color.jpg 0.362969 0.660708 -0.593046 0.28287 -0.629208 1.29422 0.802032
data/frame-000319.color.jpg -0.31722 -0.579032 0.672641 -0.334138 -0.903126 1.41603 0.600992
data/frame-000046.color.jpg 0.472836 0.714503 -0.453264 0.245895 3.13601 2.06216 -0.87748
data/frame-000057.color.jpg 0.461047 0.688732 -0.490907 0.268502 3.13059 1.85278 -0.565893
data/frame-000068.color.jpg 0.384445 0.688466 -0.554986 0.264967 3.01905 1.56284 0.169483
data/frame-000202.color.jpg -0.141281 -0.335908 0.862272 -0.351698 0.532587 -0.657278 2.43409
data/frame-000376.color.jpg -0.205332 -0.418141 0.790774 -0.397081 -1.66974 1.94587 -0.33969
data/frame-000125.color.jpg -0.34411 -0.593585 0.661674 -0.302378 2.18562 0.715741 1.02251
data/frame-000281.color.jpg -0.289937 -0.573083 0.686303 -0.341321 0.114944 1.43949 0.640157
data/frame-000259.color.jpg -0.282751 -0.513446 0.719108 -0.373241 0.475509 0.962759 1.08145
data/frame-000270.color.jpg -0.275847 -0.541037 0.701251 -0.373409 0.347437 1.2444 0.790776
data/frame-000008.color.jpg 0.394564 0.735662 -0.497943 0.234891 3.41927 1.2829 0.468021
data/frame-000019.color.jpg 0.423676 0.737219 -0.468689 0.239453 3.32943 1.48319 0.224806
data/frame-000030.color.jpg 0.428193 0.735066 -0.475082 0.225002 3.33551 1.66028 -0.106035
data/frame-000164.color.jpg -0.234736 -0.417131 0.783964 -0.39535 1.40894 0.682843 1.61289
data/frame-000338.color.jpg -0.253529 -0.574706 0.728211 -0.274125 -1.23429 1.40082 0.579889
data/frame-000087.color.jpg 0.328859 0.705463 -0.588964 0.217473 2.85902 0.958675 0.710103
data/frame-000221.color.jpg -0.196156 -0.393908 0.820533 -0.364809 0.464848 -0.0411108 1.97859
data/frame-000232.color.jpg -0.239841 -0.439945 0.776178 -0.382717 0.532251 0.453236 1.66031
data/frame-000243.color.jpg -0.290297 -0.543687 0.699503 -0.361702 0.58442 0.740324 1.34891
data/frame-000126.color.jpg -0.351668 -0.605236 0.644567 -0.307492 2.1664 0.810743 0.960117
data/frame-000300.color.jpg -0.351696 -0.606215 0.637183 -0.320643 -0.338598 1.46785 0.568939
data/frame-000038.color.jpg 0.463888 0.753841 -0.411718 0.21684 2.90425 2.13974 -0.818467
data/frame-000049.color.jpg 0.481908 0.704764 -0.45199 0.258412 3.13888 2.0382 -0.911578
data/frame-000183.color.jpg -0.214509 -0.365542 0.814132 -0.396931 1.17697 0.129904 2.24294
data/frame-000194.color.jpg -0.198212 -0.35671 0.836009 -0.366823 1.01309 -0.341205 2.42197
data/frame-000251.color.jpg -0.274664 -0.518744 0.71746 -0.375121 0.503161 0.86473 1.22486
data/frame-000262.color.jpg -0.276106 -0.553344 0.695226 -0.366382 0.402598 1.00164 1.04627
data/frame-000000.color.jpg 0.383224 0.720664 -0.526682 0.237464 3.54705 1.13489 0.592522
data/frame-000011.color.jpg 0.406115 0.742828 -0.482125 0.225459 3.39788 1.34848 0.323947
data/frame-000387.color.jpg -0.230271 -0.456762 0.771071 -0.379202 -2.2305 2.15128 -0.572336
data/frame-000398.color.jpg -0.261401 -0.50342 0.737545 -0.366422 -2.88398 2.19191 -0.650848
data/frame-000136.color.jpg -0.341012 -0.56989 0.663445 -0.34464 1.92196 0.989303 0.954407
data/frame-000213.color.jpg -0.137007 -0.306148 0.860378 -0.383735 0.193833 -0.264685 2.21893
data/frame-000224.color.jpg -0.226251 -0.421933 0.790131 -0.382721 0.542094 0.196312 1.89152
data/frame-000349.color.jpg -0.186872 -0.447626 0.822658 -0.296554 -1.28269 1.6386 0.330104
data/frame-000360.color.jpg -0.199911 -0.452366 0.800727 -0.337989 -1.59927 1.7193 0.126797
data/frame-000098.color.jpg -0.279273 -0.560116 0.736564 -0.256418 2.62531 -0.124544 1.58239
data/frame-000155.color.jpg -0.218706 -0.396923 0.792656 -0.407819 1.48918 0.806352 1.52091
data/frame-000166.color.jpg -0.236322 -0.415013 0.786281 -0.392019 1.3926 0.625479 1.65753
data/frame-000311.color.jpg 0.35595 0.63992 -0.611369 0.300051 -0.724961 1.31578 0.772309
data/frame-000060.color.jpg 0.429904 0.692547 -0.512078 0.27081 3.03297 1.80135 -0.270663
data/frame-000368.color.jpg -0.231675 -0.458319 0.771684 -0.3752 -1.70092 1.74011 0.0189622
data/frame-000379.color.jpg -0.234007 -0.459764 0.765699 -0.384138 -1.92237 1.91008 -0.275676
data/frame-000390.color.jpg -0.225895 -0.451753 0.776757 -0.376217 -2.32297 2.25374 -0.683828
data/frame-000117.color.jpg -0.27703 -0.45649 0.784818 -0.314536 2.0955 -0.068969 1.71576
data/frame-000128.color.jpg 0.367271 0.623782 -0.619597 0.303492 2.13297 0.93661 0.827565
data/frame-000139.color.jpg -0.338146 -0.561861 0.669593 -0.348733 1.91233 1.02118 0.936965
data/frame-000273.color.jpg -0.280817 -0.533948 0.700988 -0.380339 0.332783 1.32256 0.692606
data/frame-000022.color.jpg 0.418102 0.740756 -0.467231 0.241179 3.30886 1.54292 0.225013
data/frame-000196.color.jpg -0.189478 -0.342734 0.847701 -0.357819 0.940072 -0.469859 2.4408
data/frame-000330.color.jpg -0.328558 -0.581917 0.669157 -0.325041 -1.17626 1.49564 0.455553
data/frame-000341.color.jpg -0.243083 -0.579104 0.732879 -0.261607 -1.27587 1.34043 0.630196
data/frame-000352.color.jpg -0.168445 -0.441016 0.828001 -0.302563 -1.37562 1.6656 0.25328
data/frame-000079.color.jpg 0.356057 0.687525 -0.584784 0.241993 2.96603 1.17296 0.523387
data/frame-000090.color.jpg 0.31235 0.682297 -0.625058 0.214967 2.88657 0.662381 0.90636
data/frame-000101.color.jpg -0.266941 -0.526508 0.758298 -0.276615 2.46599 -0.214738 1.76009
data/frame-000235.color.jpg -0.261437 -0.473628 0.751506 -0.377579 0.585429 0.577917 1.54094
data/frame-000409.color.jpg -0.269685 -0.562415 0.703339 -0.340989 -3.51607 1.98186 -0.466102
data/frame-000158.color.jpg -0.214884 -0.379096 0.801862 -0.408812 1.43409 0.741455 1.57537
data/frame-000292.color.jpg -0.278225 -0.577763 0.690168 -0.335334 -0.0565772 1.50663 0.595221
data/frame-000303.color.jpg 0.365441 0.638529 -0.614717 0.284352 -0.406794 1.37003 0.699603
data/frame-000314.color.jpg -0.333631 -0.60573 0.650404 -0.314256 -0.812704 1.35509 0.726309
data/frame-000041.color.jpg 0.462159 0.735579 -0.43749 0.232239 3.02344 2.08771 -0.765258
data/frame-000052.color.jpg 0.486626 0.693509 -0.460757 0.264469 3.16757 1.95565 -0.882725
data/frame-000186.color.jpg -0.210061 -0.38178 0.807946 -0.396663 1.14302 0.080963 2.30505
data/frame-000197.color.jpg -0.174814 -0.338075 0.854033 -0.354644 0.852341 -0.545253 2.46202
data/frame-000371.color.jpg -0.225481 -0.449865 0.773791 -0.384744 -1.70547 1.77403 -0.0592627
data/frame-000109.color.jpg -0.237922 -0.446131 0.803151 -0.315132 2.04822 -0.293357 2.01395
data/frame-000120.color.jpg -0.291035 -0.504409 0.752301 -0.30808 2.14616 0.161244 1.51555
data/frame-000254.color.jpg -0.272446 -0.511209 0.721177 -0.379925 0.49582 0.900548 1.18534
data/frame-000265.color.jpg -0.283979 -0.572544 0.685183 -0.34939 0.404287 1.03107 0.985545
data/frame-000014.color.jpg 0.41676 0.746555 -0.465958 0.227704 3.35638 1.45309 0.224823
data/frame-000003.color.jpg 0.387549 0.720092 -0.523881 0.238376 3.51835 1.13644 0.582088
data/frame-000148.color.jpg -0.261865 -0.494503 0.742037 -0.369154 1.72335 0.964419 1.27147
data/frame-000322.color.jpg -0.316794 -0.586203 0.668679 -0.329965 -0.984581 1.44 0.556069
data/frame-000333.color.jpg -0.303044 -0.561212 0.701837 -0.317223 -1.18688 1.51321 0.435072
data/frame-000071.color.jpg 0.362237 0.679641 -0.582307 0.260366 3.03293 1.31423 0.463698
data/frame-000082.color.jpg 0.348795 0.698167 -0.578527 0.237089 2.88927 1.14508 0.589844
data/frame-000216.color.jpg -0.162371 -0.320553 0.855858 -0.372007 0.29649 -0.205349 2.12907
data/frame-000227.color.jpg -0.226836 -0.429044 0.786298 -0.382364 0.530788 0.278034 1.82801
data/frame-000284.color.jpg -0.297482 -0.562527 0.685863 -0.353071 0.110112 1.50149 0.568772
data/frame-000295.color.jpg -0.294682 -0.595785 0.673758 -0.322883 -0.217503 1.44565 0.643917
data/frame-000033.color.jpg 0.454735 0.744318 -0.436594 0.220435 3.10734 1.92451 -0.540254
data/frame-000044.color.jpg 0.46117 0.723314 -0.452311 0.244038 3.11374 2.08594 -0.779527
data/frame-000167.color.jpg -0.237013 -0.40968 0.789011 -0.391725 1.38284 0.591246 1.68895
data/frame-000178.color.jpg -0.210607 -0.352032 0.819228 -0.40073 1.19664 0.232567 2.13523
data/frame-000189.color.jpg -0.213265 -0.391055 0.80675 -0.388264 1.16845 -0.000538269 2.32777
data/frame-000246.color.jpg -0.291891 -0.535937 0.703652 -0.363929 0.561617 0.776969 1.30813
data/frame-000382.color.jpg -0.250415 -0.480106 0.757532 -0.364603 -2.11729 1.96184 -0.219298
data/frame-000063.color.jpg 0.412159 0.688545 -0.531117 0.271928 3.00279 1.70243 -0.0818381
data/frame-000208.color.jpg -0.13695 -0.299929 0.86939 -0.368032 0.260285 -0.51571 2.37106
data/frame-000344.color.jpg -0.226072 -0.562195 0.750572 -0.263571 -1.34154 1.3359 0.607362
data/frame-000093.color.jpg 0.302111 0.66142 -0.653086 0.211499 2.89531 0.424393 1.04063
data/frame-000025.color.jpg 0.410373 0.73757 -0.482686 0.233664 3.3367 1.52421 0.215617
data/frame-000401.color.jpg -0.252662 -0.532399 0.731948 -0.342001 -3.09036 2.15917 -0.530189
data/frame-000412.color.jpg -0.26647 -0.55813 0.708412 -0.340056 -3.52824 2.02036 -0.496912
data/frame-000150.color.jpg -0.240993 -0.458385 0.762207 -0.388388 1.65144 0.919296 1.37123
data/frame-000161.color.jpg -0.226223 -0.389154 0.800549 -0.395606 1.42993 0.675989 1.58613
data/frame-000306.color.jpg 0.365519 0.667206 -0.590184 0.270028 -0.519916 1.30081 0.798672
data/frame-000055.color.jpg 0.467148 0.686888 -0.488173 0.267666 3.17026 1.86153 -0.627951
data/frame-000363.color.jpg -0.214772 -0.454916 0.784992 -0.361542 -1.67325 1.72884 0.052309
data/frame-000374.color.jpg -0.202465 -0.419982 0.787384 -0.403298 -1.65526 1.88664 -0.301163
data/frame-000385.color.jpg -0.239176 -0.473675 0.760569 -0.374115 -2.21664 2.03898 -0.413869
data/frame-000112.color.jpg -0.245281 -0.43993 0.802359 -0.320185 2.00789 -0.241474 1.95821
data/frame-000123.color.jpg -0.322166 -0.572574 0.691985 -0.299208 2.18782 0.553851 1.17424
data/frame-000257.color.jpg -0.270357 -0.505566 0.72516 -0.381383 0.486115 0.931982 1.14045
data/frame-000268.color.jpg -0.282494 -0.565622 0.687322 -0.357573 0.37392 1.13654 0.893805
data/frame-000006.color.jpg 0.388288 0.729444 -0.507885 0.243306 3.4371 1.25371 0.561001
data/frame-000180.color.jpg -0.212204 -0.348941 0.814906 -0.411264 1.17376 0.254892 2.18489
data/frame-000191.color.jpg -0.212178 -0.392788 0.812126 -0.375699 1.18292 -0.121786 2.35129
data/frame-000325.color.jpg -0.324196 -0.585033 0.670151 -0.321761 -1.03852 1.47446 0.518652
data/frame-000336.color.jpg -0.268764 -0.569598 0.7218 -0.28693 -1.21261 1.44412 0.534593
data/frame-000074.color.jpg 0.35605 0.678977 -0.589122 0.255252 3.03276 1.24439 0.515314
data/frame-000085.color.jpg 0.337632 0.703239 -0.585759 0.219876 2.87169 0.994904 0.657703
data/frame-000219.color.jpg -0.18375 -0.355429 0.839455 -0.367724 0.392301 -0.1154 2.04763
data/frame-000393.color.jpg -0.249057 -0.497069 0.744062 -0.370492 -2.70117 2.10618 -0.576365
data/frame-000404.color.jpg -0.271379 -0.538916 0.724796 -0.332557 -3.21172 2.18147 -0.463075
data/frame-000142.color.jpg -0.332567 -0.544434 0.685351 -0.35112 1.89915 0.998571 0.953985
data/frame-000153.color.jpg -0.225778 -0.419226 0.783074 -0.400086 1.55027 0.841217 1.46779
data/frame-000298.color.jpg -0.333603 -0.588485 0.665237 -0.315998 -0.239497 1.48303 0.596533
data/frame-000276.color.jpg -0.294533 -0.548284 0.695209 -0.359611 0.271963 1.34983 0.635261
data/frame-000287.color.jpg -0.278863 -0.557452 0.694538 -0.359303 0.0761639 1.53581 0.547098
data/frame-000036.color.jpg 0.46395 0.75456 -0.406862 0.223277 2.91291 2.11906 -0.75786
data/frame-000047.color.jpg 0.478849 0.710471 -0.451116 0.24986 3.1316 2.04818 -0.914977
data/frame-000181.color.jpg -0.214123 -0.351335 0.812197 -0.413583 1.16922 0.249485 2.21054
data/frame-000355.color.jpg -0.168667 -0.448902 0.819891 -0.312758 -1.48049 1.66308 0.209427
data/frame-000104.color.jpg -0.253289 -0.492544 0.781123 -0.288257 2.30793 -0.324939 1.89874
data/frame-000115.color.jpg -0.255947 -0.444215 0.800148 -0.311331 2.0292 -0.193629 1.84254
data/frame-000238.color.jpg -0.273375 -0.50735 0.724757 -0.37761 0.567046 0.678293 1.44279
data/frame-000249.color.jpg -0.280159 -0.524415 0.712756 -0.372128 0.515513 0.836857 1.25373
data/frame-000260.color.jpg -0.279857 -0.523751 0.714229 -0.370461 0.453135 0.973307 1.07538
data/frame-000143.color.jpg -0.323504 -0.540752 0.691647 -0.352927 1.87976 0.997879 0.989332
data/frame-000317.color.jpg -0.324428 -0.584525 0.666375 -0.330183 -0.86325 1.39795 0.647594
data/frame-000066.color.jpg 0.389873 0.691647 -0.546617 0.266143 3.00103 1.63389 0.0919075
data/frame-000200.color.jpg -0.151591 -0.320495 0.863233 -0.35935 0.63095 -0.613197 2.4917
data/frame-000211.color.jpg -0.128419 -0.30348 0.863194 -0.382498 0.179736 -0.347111 2.28517
data/frame-000222.color.jpg -0.218095 -0.415937 0.799181 -0.375154 0.537215 0.103368 1.92256
data/frame-000134.color.jpg -0.362162 -0.602963 0.636413 -0.316629 2.01636 0.943763 0.884033
data/frame-000279.color.jpg -0.283349 -0.576933 0.678819 -0.355058 0.100803 1.3816 0.642713
data/frame-000017.color.jpg 0.425941 0.737096 -0.468146 0.23686 3.33912 1.4539 0.221104
data/frame-000028.color.jpg 0.424703 0.733574 -0.473692 0.238982 3.32608 1.65955 0.0182338
data/frame-000162.color.jpg -0.223842 -0.39896 0.795882 -0.396608 1.40984 0.685041 1.60291
data/frame-000173.color.jpg -0.225765 -0.379139 0.802258 -0.402078 1.31226 0.423789 1.93213
data/frame-000230.color.jpg -0.222319 -0.439061 0.774765 -0.396913 0.480225 0.426286 1.74218
data/frame-000241.color.jpg -0.284152 -0.532559 0.705266 -0.371804 0.573636 0.728365 1.38351
data/frame-000366.color.jpg -0.225888 -0.457587 0.776641 -0.369347 -1.6919 1.73231 0.0388962
data/frame-000377.color.jpg -0.211747 -0.424407 0.788272 -0.392006 -1.71366 1.95903 -0.334922
data/frame-000192.color.jpg -0.209824 -0.383813 0.816663 -0.376462 1.1413 -0.163772 2.37886
data/frame-000203.color.jpg -0.139197 -0.324803 0.863329 -0.360265 0.425268 -0.605362 2.42324
data/frame-000328.color.jpg -0.336039 -0.597526 0.65312 -0.321675 -1.14637 1.46433 0.505817
data/frame-000339.color.jpg -0.247763 -0.578755 0.729619 -0.267042 -1.24803 1.37288 0.607099
data/frame-000077.color.jpg 0.352106 0.681853 -0.591463 0.247526 3.00355 1.18776 0.545155
data/frame-000009.color.jpg 0.396991 0.738618 -0.493276 0.231345 3.41319 1.30151 0.427102
data/frame-000396.color.jpg -0.263412 -0.507216 0.737832 -0.359097 -2.82079 2.15511 -0.519738
data/frame-000407.color.jpg -0.267792 -0.56041 0.703982 -0.344436 -3.45377 1.97936 -0.491122
data/frame-000145.color.jpg -0.302204 -0.534857 0.705067 -0.354233 1.82653 1.00319 1.07351
data/frame-000156.color.jpg -0.216987 -0.390153 0.795672 -0.409394 1.47151 0.791947 1.53814
data/frame-000290.color.jpg -0.268492 -0.566688 0.699454 -0.342843 0.0445529 1.53127 0.578097
data/frame-000039.color.jpg 0.46049 0.748008 -0.422846 0.222788 2.94817 2.13029 -0.779945
data/frame-000347.color.jpg -0.200051 -0.481445 0.802955 -0.288882 -1.30327 1.54981 0.410455
data/frame-000358.color.jpg -0.175666 -0.446929 0.817532 -0.317865 -1.53673 1.70152 0.174676
data/frame-000369.color.jpg -0.233252 -0.455032 0.77078 -0.380049 -1.69952 1.75076 -0.00730731
data/frame-000096.color.jpg -0.277976 -0.589145 0.718212 -0.244559 2.70723 -0.0139918 1.48199
data/frame-000107.color.jpg -0.238569 -0.460261 0.797297 -0.30913 2.12377 -0.306741 2.01071
data/frame-000118.color.jpg -0.285557 -0.467689 0.775557 -0.313425 2.11946 -0.000789229 1.64246
data/frame-000252.color.jpg -0.272333 -0.515717 0.719535 -0.377016 0.496783 0.876494 1.21219
data/frame-000001.color.jpg 0.380042 0.721334 -0.528913 0.235576 3.55284 1.12421 0.604439
data/frame-000175.color.jpg -0.214272 -0.373228 0.807468 -0.403465 1.25895 0.354333 2.02817
data/frame-000309.color.jpg 0.362529 0.655184 -0.597853 0.286144 -0.653323 1.29907 0.796973
data/frame-000320.color.jpg -0.315549 -0.578922 0.673491 -0.334198 -0.919328 1.42668 0.582157
data/frame-000331.color.jpg -0.321874 -0.575745 0.67659 -0.327324 -1.19124 1.49893 0.43478
data/frame-000058.color.jpg 0.438076 0.694435 -0.504324 0.267407 3.05903 1.83056 -0.365192
data/frame-000069.color.jpg 0.38056 0.680627 -0.569877 0.259155 3.05607 1.40895 0.281498
data/frame-000080.color.jpg 0.353202 0.693441 -0.581448 0.237291 2.93435 1.17054 0.539949
data/frame-000214.color.jpg -0.144731 -0.312377 0.859935 -0.376811 0.230898 -0.253742 2.18436
data/frame-000388.color.jpg -0.220085 -0.449703 0.778155 -0.379214 -2.24942 2.21151 -0.653689
data/frame-000137.color.jpg -0.340078 -0.566779 0.666038 -0.34569 1.92169 1.00171 0.948221
data/frame-000271.color.jpg -0.275319 -0.539913 0.699254 -0.379127 0.333771 1.27643 0.760542
data/frame-000282.color.jpg -0.294203 -0.57148 0.685278 -0.342415 0.120542 1.45032 0.625314
data/frame-000293.color.jpg -0.278726 -0.58009 0.688748 -0.333818 -0.102128 1.48929 0.609368
data/frame-000031.color.jpg 0.429541 0.73508 -0.47528 0.221949 3.3363 1.65905 -0.130421
data/frame-000020.color.jpg 0.422335 0.739537 -0.465951 0.240014 3.30899 1.51777 0.220601
data/frame-000205.color.jpg -0.135549 -0.318151 0.865474 -0.362437 0.366826 -0.589481 2.41446
data/frame-000350.color.jpg -0.175121 -0.436242 0.829965 -0.300305 -1.30939 1.66986 0.278409
data/frame-000088.color.jpg 0.322494 0.696415 -0.603254 0.216999 2.86914 0.842231 0.789353
data/frame-000099.color.jpg -0.273378 -0.54601 0.745933 -0.265934 2.556 -0.162085 1.66459
data/frame-000233.color.jpg -0.248757 -0.449539 0.770335 -0.37765 0.563002 0.487923 1.61762
data/frame-000244.color.jpg -0.294279 -0.5417 0.700699 -0.35914 0.588654 0.749131 1.33276
data/frame-000301.color.jpg -0.349134 -0.609353 0.634798 -0.322221 -0.357038 1.46037 0.572294
data/frame-000312.color.jpg 0.347595 0.628532 -0.62421 0.307387 -0.766066 1.32205 0.758339
data/frame-000050.color.jpg 0.482138 0.704067 -0.452532 0.258934 3.14122 2.03571 -0.909622
data/frame-000061.color.jpg 0.42536 0.692384 -0.516333 0.270322 3.01871 1.78014 -0.223622
data/frame-000195.color.jpg -0.192792 -0.349092 0.843376 -0.360115 0.972286 -0.42143 2.42969
data/frame-000206.color.jpg -0.13569 -0.311169 0.866873 -0.365093 0.322165 -0.567426 2.40315
data/frame-000263.color.jpg -0.277653 -0.562275 0.690069 -0.361333 0.404153 1.00856 1.02913
data/frame-000274.color.jpg -0.285314 -0.535656 0.704544 -0.367815 0.333719 1.32266 0.677678
data/frame-000012.color.jpg 0.411753 0.745016 -0.474138 0.224953 3.38401 1.39444 0.264558
data/frame-000023.color.jpg 0.416004 0.74064 -0.472459 0.234895 3.31502 1.54198 0.194919
data/frame-000157.color.jpg -0.217362 -0.383555 0.798418 -0.410083 1.45516 0.771058 1.55207
data/frame-000168.color.jpg -0.235318 -0.402655 0.792471 -0.393045 1.36863 0.557779 1.73083
data/frame-000399.color.jpg -0.255802 -0.522507 0.729791 -0.359106 -3.00781 2.1204 -0.601023
data/frame-000410.color.jpg -0.269237 -0.562595 0.703337 -0.34105 -3.52139 1.97979 -0.468203
data/frame-000225.color.jpg -0.22773 -0.41964 0.790317 -0.383979 0.530065 0.226886 1.87756
data/frame-000236.color.jpg -0.266897 -0.484576 0.741604 -0.379441 0.578392 0.622839 1.50204
data/frame-000361.color.jpg -0.206286 -0.455705 0.79235 -0.349228 -1.64085 1.71825 0.0921319
data/frame-000110.color.jpg -0.237682 -0.444807 0.802523 -0.318765 2.02324 -0.262046 2.00523
data/frame-000042.color.jpg 0.463685 0.734215 -0.43768 0.233153 3.02442 2.08393 -0.777987
data/frame-000187.color.jpg -0.213651 -0.384064 0.80731 -0.393826 1.15344 0.0480322 2.31699
data/frame-000198.color.jpg -0.169502 -0.337245 0.855369 -0.354793 0.825954 -0.55576 2.46628
data/frame-000323.color.jpg -0.320024 -0.581178 0.669237 -0.334572 -1.00905 1.45867 0.51276
data/frame-000072.color.jpg 0.361647 0.679589 -0.582809 0.260201 3.02967 1.30555 0.47052
data/frame-000255.color.jpg -0.267369 -0.510442 0.722147 -0.382708 0.480611 0.920866 1.16328
data/frame-000004.color.jpg 0.387219 0.728394 -0.511238 0.241122 3.45703 1.23173 0.566332
data/frame-000391.color.jpg -0.237906 -0.460257 0.768506 -0.375451 -2.43763 2.24937 -0.687662
data/frame-000402.color.jpg -0.256224 -0.531934 0.732797 -0.338237 -3.12062 2.18662 -0.527437
data/frame-000380.color.jpg -0.240663 -0.477153 0.755189 -0.379599 -2.04277 1.8816 -0.247264
data/frame-000129.color.jpg 0.372762 0.623938 -0.616513 0.302756 2.12586 0.954456 0.798897
data/frame-000140.color.jpg -0.336374 -0.554411 0.676751 -0.348552 1.91301 1.00889 0.941289
data/frame-000151.color.jpg -0.237534 -0.44722 0.767923 -0.392258 1.62511 0.898153 1.39443
data/frame-000285.color.jpg -0.288432 -0.55991 0.690926 -0.354865 0.0983744 1.51458 0.566084
data/frame-000364.color.jpg -0.218149 -0.455594 0.781578 -0.366034 -1.6848 1.72871 0.0403793
data/frame-000342.color.jpg -0.237433 -0.577918 0.736145 -0.260244 -1.29769 1.32558 0.634254
data/frame-000353.color.jpg -0.167578 -0.449342 0.823769 -0.302348 -1.43353 1.65473 0.259712
data/frame-000091.color.jpg 0.311351 0.67809 -0.630837 0.212835 2.89521 0.610147 0.924845
data/frame-000102.color.jpg -0.260801 -0.513101 0.767429 -0.282422 2.39991 -0.257357 1.82475
data/frame-000370.color.jpg -0.232476 -0.45315 0.771164 -0.381991 -1.7011 1.76032 -0.023435
data/frame-000159.color.jpg -0.219974 -0.377394 0.803894 -0.403658 1.44456 0.711491 1.57364
data/frame-000170.color.jpg -0.235297 -0.386375 0.797787 -0.398604 1.35042 0.498391 1.81999
data/frame-000304.color.jpg 0.365862 0.647114 -0.608594 0.277493 -0.424318 1.34666 0.728838
data/frame-000315.color.jpg -0.329948 -0.599106 0.654528 -0.32218 -0.839894 1.3654 0.697324
data/frame-000053.color.jpg 0.478008 0.686649 -0.47843 0.266695 3.19989 1.88067 -0.750219
data/frame-000064.color.jpg 0.402948 0.690723 -0.535142 0.272316 2.99182 1.69875 -0.0140236
data/frame-000372.color.jpg -0.217581 -0.440444 0.778851 -0.389947 -1.69292 1.809 -0.125935
data/frame-000383.color.jpg -0.251675 -0.47794 0.759459 -0.362568 -2.13419 1.9984 -0.245161
data/frame-000121.color.jpg -0.292913 -0.52654 0.740181 -0.298478 2.15476 0.240248 1.42443
data/frame-000132.color.jpg -0.376041 -0.610384 0.622478 -0.313921 2.06523 0.956111 0.81926
data/frame-000266.color.jpg -0.281818 -0.572944 0.685011 -0.350818 0.391538 1.04803 0.969011
data/frame-000277.color.jpg -0.28926 -0.559088 0.688094 -0.360938 0.202071 1.36118 0.63296
data/frame-000411.color.jpg -0.269195 -0.561178 0.704958 -0.340071 -3.52757 1.99806 -0.469383
data/frame-000015.color.jpg 0.420945 0.744776 -0.464262 0.229293 3.3485 1.46228 0.206271
data/frame-000026.color.jpg 0.41332 0.735036 -0.485303 0.231018 3.35064 1.51783 0.179001
data/frame-000334.color.jpg -0.292587 -0.5591 0.711758 -0.308546 -1.18568 1.50777 0.457219
data/frame-000345.color.jpg -0.215971 -0.534542 0.771047 -0.270384 -1.33451 1.40454 0.546325
data/frame-000083.color.jpg 0.343971 0.701026 -0.579404 0.233532 2.87593 1.11496 0.619051
data/frame-000094.color.jpg -0.287384 -0.633485 0.68138 -0.227658 2.8302 0.236126 1.25577
data/frame-000228.color.jpg -0.222498 -0.436992 0.779954 -0.388851 0.509746 0.334289 1.80345
data/frame-000239.color.jpg -0.274871 -0.511024 0.72214 -0.376584 0.570039 0.685238 1.4346
data/frame-000122.color.jpg -0.296427 -0.541655 0.728434 -0.296858 2.15771 0.331302 1.36176
data/frame-000296.color.jpg -0.307857 -0.59497 0.67298 -0.31358 -0.210798 1.45071 0.650314
data/frame-000307.color.jpg 0.368733 0.664994 -0.588198 0.275392 -0.574577 1.29919 0.803256
data/frame-000034.color.jpg 0.458114 0.746652 -0.426683 0.224911 3.04167 1.9958 -0.606301
data/frame-000045.color.jpg 0.467833 0.718933 -0.452643 0.243684 3.12177 2.07271 -0.843444
data/frame-000056.color.jpg 0.466244 0.68715 -0.488731 0.26755 3.16342 1.85885 -0.617838
data/frame-000190.color.jpg -0.213749 -0.394672 0.810248 -0.376887 1.19196 -0.106091 2.34595
data/frame-000113.color.jpg -0.245116 -0.443883 0.801531 -0.316914 2.01188 -0.231852 1.93144
data/frame-000247.color.jpg -0.292522 -0.530655 0.70633 -0.365971 0.554711 0.801582 1.28315
data/frame-000258.color.jpg -0.273056 -0.50508 0.725872 -0.37874 0.490135 0.935123 1.12773
data/frame-000269.color.jpg -0.278752 -0.555854 0.693966 -0.362954 0.36146 1.17305 0.858008
data/frame-000007.color.jpg 0.393009 0.732118 -0.50267 0.238474 3.42935 1.26372 0.504193
data/frame-000018.color.jpg 0.422414 0.737569 -0.469398 0.239217 3.32828 1.46742 0.247076
data/frame-000152.color.jpg -0.230156 -0.429033 0.777766 -0.39754 1.57565 0.861207 1.44132
data/frame-000394.color.jpg -0.25642 -0.503457 0.740831 -0.363246 -2.75367 2.12848 -0.525173
data/frame-000326.color.jpg -0.326972 -0.588629 0.665504 -0.322038 -1.06396 1.47937 0.508369
data/frame-000075.color.jpg 0.356497 0.679401 -0.589147 0.253436 3.031 1.23565 0.510203
data/frame-000209.color.jpg -0.132708 -0.297644 0.869825 -0.370407 0.230572 -0.493154 2.36066
data/frame-000220.color.jpg -0.190187 -0.370614 0.832684 -0.364846 0.425289 -0.0914457 2.01492
data/frame-000356.color.jpg -0.168521 -0.452755 0.817792 -0.312779 -1.51343 1.66159 0.207452
data/frame-000288.color.jpg -0.270112 -0.559094 0.69639 -0.359853 0.0545854 1.53526 0.551193
data/frame-000037.color.jpg 0.466917 0.754803 -0.405472 0.218756 2.89421 2.1296 -0.815208
data/frame-000182.color.jpg -0.215102 -0.353731 0.81242 -0.410584 1.16685 0.21549 2.22994
data/frame-000413.color.jpg -0.264157 -0.556647 0.710076 -0.340818 -3.52697 2.02801 -0.515909
data/frame-000250.color.jpg -0.278228 -0.519843 0.715681 -0.374371 0.510731 0.854633 1.23538
data/frame-000375.color.jpg -0.202994 -0.417374 0.789635 -0.401335 -1.65305 1.9157 -0.327263
data/frame-000386.color.jpg -0.237089 -0.470971 0.760824 -0.378314 -2.24405 2.05581 -0.473157
data/frame-000124.color.jpg -0.335826 -0.584479 0.674722 -0.300592 2.19342 0.644403 1.08432
data/frame-000135.color.jpg -0.349744 -0.588084 0.652778 -0.325143 1.96521 0.940308 0.925994
data/frame-000337.color.jpg -0.262189 -0.572075 0.724633 -0.28088 -1.22049 1.42736 0.555969
data/frame-000348.color.jpg -0.192313 -0.458072 0.816377 -0.294474 -1.28481 1.61147 0.35638
data/frame-000086.color.jpg 0.335025 0.704692 -0.586274 0.217831 2.86664 0.982766 0.670239
data/frame-000097.color.jpg -0.27826 -0.575263 0.728136 -0.247914 2.67162 -0.0811785 1.52523
data/frame-000231.color.jpg -0.234198 -0.437089 0.776746 -0.388291 0.513871 0.439651 1.69563
data/frame-000405.color.jpg -0.271505 -0.548999 0.713464 -0.340374 -3.32572 2.08073 -0.486632
data/frame-000154.color.jpg -0.222031 -0.407999 0.788347 -0.40342 1.51919 0.82205 1.49445
data/frame-000165.color.jpg -0.238039 -0.417938 0.783266 -0.393903 1.40471 0.659365 1.6287
data/frame-000299.color.jpg -0.337589 -0.599106 0.652181 -0.319009 -0.29835 1.47008 0.58622
data/frame-000310.color.jpg 0.359458 0.647679 -0.604077 0.293926 -0.700139 1.30629 0.783601
data/frame-000048.color.jpg 0.479966 0.707926 -0.451352 0.25447 3.13359 2.04779 -0.911913
data/frame-000193.color.jpg -0.200156 -0.363867 0.829385 -0.37371 1.03742 -0.270253 2.4204
data/frame-000367.color.jpg -0.23012 -0.45983 0.772896 -0.371797 -1.70035 1.73081 0.0363033
data/frame-000378.color.jpg -0.218642 -0.436481 0.780961 -0.389588 -1.79364 1.94756 -0.326504
data/frame-000105.color.jpg -0.245049 -0.479762 0.788598 -0.296465 2.23238 -0.328302 1.95557
data/frame-000116.color.jpg -0.264413 -0.445622 0.795922 -0.313073 2.05088 -0.15059 1.80025
data/frame-000127.color.jpg -0.364185 -0.620863 0.62393 -0.304318 2.1473 0.910143 0.853346
data/frame-000261.color.jpg -0.281593 -0.534626 0.70583 -0.369709 0.4409 0.990078 1.05588
data/frame-000406.color.jpg -0.267452 -0.554832 0.708282 -0.344917 -3.38925 2.01757 -0.506487
data/frame-000010.color.jpg 0.401769 0.741315 -0.487504 0.226659 3.40623 1.32182 0.3672
data/frame-000184.color.jpg -0.211563 -0.374101 0.810586 -0.397795 1.15952 0.119685 2.26508
data/frame-000318.color.jpg -0.319344 -0.580138 0.67123 -0.333031 -0.879404 1.41012 0.622843
data/frame-000329.color.jpg -0.331999 -0.590527 0.660179 -0.324374 -1.172 1.47373 0.477708
data/frame-000340.color.jpg -0.245227 -0.580513 0.731311 -0.260868 -1.25611 1.3574 0.628489
data/frame-000067.color.jpg 0.385543 0.688466 -0.553998 0.265435 3.01681 1.57056 0.15759
data/frame-000078.color.jpg 0.356682 0.685802 -0.586208 0.242517 2.97545 1.17045 0.521397
data/frame-000089.color.jpg 0.315815 0.692092 -0.611197 0.218421 2.86852 0.77906 0.854445
data/frame-000212.color.jpg -0.132069 -0.30658 0.859987 -0.385991 0.184012 -0.282374 2.24691
data/frame-000223.color.jpg -0.219462 -0.416592 0.797827 -0.37651 0.537146 0.117822 1.91902
data/frame-000397.color.jpg -0.263872 -0.503104 0.739455 -0.3612 -2.84381 2.19686 -0.582631
data/frame-000146.color.jpg -0.285711 -0.52731 0.716284 -0.356722 1.78552 0.992014 1.14366
data/frame-000280.color.jpg -0.287264 -0.575755 0.684173 -0.343355 0.102483 1.41532 0.646055
data/frame-000291.color.jpg -0.26966 -0.56668 0.69982 -0.341188 0.0435895 1.53113 0.579453
data/frame-000029.color.jpg 0.425961 0.733907 -0.474176 0.234723 3.32842 1.6717 -0.0403886
data/frame-000040.color.jpg 0.463066 0.740344 -0.430536 0.228251 2.98451 2.09397 -0.777853
data/frame-000174.color.jpg -0.223268 -0.377608 0.803603 -0.402226 1.30036 0.39715 1.96496
data/frame-000185.color.jpg -0.206647 -0.379808 0.808944 -0.398312 1.13952 0.107909 2.28986
data/frame-000359.color.jpg -0.188578 -0.448849 0.808598 -0.330366 -1.57295 1.71485 0.140386
data/frame-000108.color.jpg -0.238948 -0.449138 0.802073 -0.312823 2.07297 -0.305066 2.01381
data/frame-000242.color.jpg -0.290542 -0.538504 0.701123 -0.366094 0.586892 0.73856 1.36079
data/frame-000253.color.jpg -0.272049 -0.514521 0.720183 -0.377617 0.495912 0.880607 1.20738
data/frame-000002.color.jpg 0.381979 0.719205 -0.530277 0.235885 3.53654 1.10156 0.614549
data/frame-000147.color.jpg -0.275539 -0.516468 0.726774 -0.359357 1.75906 0.983351 1.19512
data/frame-000059.color.jpg 0.432599 0.692981 -0.509879 0.269554 3.04007 1.80928 -0.300081
data/frame-000070.color.jpg 0.376739 0.679448 -0.572959 0.261029 3.04719 1.37241 0.336802
data/frame-000204.color.jpg -0.138386 -0.323676 0.863665 -0.360786 0.409864 -0.600043 2.4212
data/frame-000215.color.jpg -0.147638 -0.315193 0.858797 -0.375932 0.240358 -0.235249 2.16363
data/frame-000272.color.jpg -0.277845 -0.537479 0.697539 -0.383872 0.326546 1.30958 0.717877
data/frame-000021.color.jpg 0.420181 0.740208 -0.466213 0.241215 3.30475 1.52794 0.232164
data/frame-000177.color.jpg -0.210707 -0.355971 0.817749 -0.400217 1.21089 0.253949 2.10954
data/frame-000408.color.jpg -0.265999 -0.561177 0.702849 -0.346884 -3.49047 1.9628 -0.514342
data/frame-000302.color.jpg 0.36313 0.626571 -0.622776 0.296133 -0.38454 1.40317 0.651853
data/frame-000051.color.jpg 0.484395 0.699655 -0.455596 0.261296 3.15266 2.00759 -0.903334
data/frame-000234.color.jpg -0.254922 -0.457682 0.762668 -0.379315 0.57355 0.52952 1.58461
data/frame-000381.color.jpg -0.247683 -0.479025 0.754631 -0.373792 -2.07919 1.91314 -0.231303
data/frame-000119.color.jpg -0.292119 -0.48707 0.761832 -0.311514 2.14101 0.0931499 1.56323
