frame-000000.color.jpg 0.280646 0.793633 -0.502770 0.196489 0.924029 1.530482 0.366354 0.308603 0.006134
frame-000001.color.jpg 0.275146 0.791832 -0.507458 0.199457 0.935481 1.521116 0.386069 0.257621 0.006619
frame-000002.color.jpg 0.272798 0.791173 -0.502126 0.217937 0.905810 1.541685 0.382800 0.289800 0.006725
frame-000003.color.jpg 0.267425 0.788864 -0.508831 0.217416 0.923125 1.530546 0.408081 0.184991 0.005376
frame-000004.color.jpg 0.267257 0.788098 -0.509900 0.217894 0.922432 1.523360 0.408431 0.286354 0.006255
frame-000005.color.jpg 0.265369 0.785343 -0.513869 0.220806 0.932764 1.517382 0.414180 0.282051 0.008010
frame-000006.color.jpg 0.264375 0.784905 -0.516374 0.217686 0.933303 1.509417 0.422266 0.048107 0.003477
frame-000007.color.jpg 0.261576 0.783471 -0.519555 0.218663 0.936115 1.501798 0.433774 0.136118 0.005460
frame-000008.color.jpg 0.261816 0.781870 -0.522759 0.216461 0.945756 1.490696 0.434923 0.264400 0.006074
frame-000009.color.jpg 0.262482 0.781467 -0.523268 0.215878 0.945385 1.490527 0.432426 0.223504 0.005134
frame-000010.color.jpg 0.264768 0.779806 -0.522478 0.220944 0.944413 1.501239 0.421310 0.215667 0.005108
frame-000011.color.jpg 0.267116 0.779050 -0.521519 0.223045 0.939523 1.511834 0.413944 0.274778 0.004015
frame-000012.color.jpg 0.272877 0.773465 -0.522961 0.231951 0.949479 1.522924 0.395333 0.143688 0.003283
frame-000013.color.jpg 0.277958 0.770205 -0.523025 0.236579 0.950774 1.528898 0.376164 0.151785 0.003117
frame-000014.color.jpg 0.283485 0.766809 -0.523884 0.239137 0.956908 1.534860 0.357220 0.069482 0.002809
frame-000015.color.jpg 0.289070 0.762326 -0.525169 0.243917 0.964697 1.540518 0.343252 0.082170 0.001703
frame-000016.color.jpg 0.293896 0.757988 -0.526539 0.248667 0.969063 1.545742 0.326936 0.056229 0.001667
frame-000017.color.jpg 0.297767 0.753785 -0.528333 0.252998 0.975712 1.551341 0.316360 0.125510 0.001975
frame-000018.color.jpg 0.304301 0.747105 -0.530592 0.260205 0.985045 1.561422 0.294514 0.213654 0.004058
frame-000019.color.jpg 0.309135 0.743096 -0.529792 0.267515 0.982048 1.574306 0.273025 0.244252 0.004651
frame-000020.color.jpg 0.315406 0.737564 -0.530298 0.274412 0.985900 1.583679 0.250452 0.237001 0.005325
frame-000021.color.jpg 0.321973 0.732403 -0.529106 0.282784 0.981870 1.594370 0.222151 0.209123 0.004290
frame-000022.color.jpg 0.328365 0.724235 -0.530013 0.294528 0.986639 1.606479 0.197593 0.121504 0.001193
frame-000023.color.jpg 0.333137 0.718173 -0.531021 0.302099 0.991900 1.610314 0.175769 0.102310 0.001532
frame-000024.color.jpg 0.340425 0.710230 -0.532034 0.310844 0.998371 1.619470 0.145099 0.183631 0.003565
frame-000025.color.jpg 0.346891 0.702919 -0.532275 0.319773 1.000331 1.624237 0.115975 0.182416 0.003615
frame-000026.color.jpg 0.350463 0.697410 -0.532637 0.327250 1.002683 1.624550 0.098653 0.038851 0.002145
frame-000027.color.jpg 0.348685 0.692636 -0.534722 0.335777 1.002965 1.631905 0.097694 0.117053 0.003928
frame-000028.color.jpg 0.353193 0.685330 -0.536195 0.343617 1.012912 1.631179 0.074374 0.135327 0.004266
frame-000029.color.jpg 0.354589 0.681603 -0.536255 0.349450 1.010596 1.633914 0.062826 0.267981 0.006725
frame-000030.color.jpg 0.361123 0.678123 -0.535062 0.351352 1.009062 1.637340 0.030295 0.097857 0.002209
frame-000031.color.jpg 0.368619 0.673075 -0.534135 0.354669 1.006598 1.636669 -0.010055 0.116184 0.003277
frame-000032.color.jpg 0.372893 0.671897 -0.531552 0.356311 0.998993 1.640866 -0.037283 0.212516 0.004543
frame-000033.color.jpg 0.377348 0.677019 -0.524613 0.352185 0.959128 1.655004 -0.068771 0.292030 0.005944
frame-000034.color.jpg 0.390191 0.675147 -0.519383 0.349526 0.946602 1.644004 -0.137868 0.164118 0.004942
frame-000035.color.jpg 0.387903 0.676921 -0.519224 0.348877 0.937285 1.654842 -0.133640 0.367589 0.008943
frame-000036.color.jpg 0.394585 0.676594 -0.514633 0.348821 0.905524 1.650290 -0.176597 0.106201 0.002211
frame-000037.color.jpg 0.399906 0.674543 -0.512912 0.349269 0.895948 1.648567 -0.210498 0.433358 0.010014
frame-000038.color.jpg 0.416239 0.669726 -0.507243 0.347732 0.859592 1.634971 -0.294948 0.584984 0.012948
frame-000039.color.jpg 0.429036 0.667325 -0.499099 0.348576 0.830585 1.620814 -0.358297 0.559107 0.012771
frame-000040.color.jpg 0.432195 0.666686 -0.496020 0.350288 0.821261 1.612145 -0.377551 0.347473 0.008038
frame-000041.color.jpg 0.444147 0.667448 -0.486786 0.346823 0.787901 1.599405 -0.434481 0.430285 0.009467
frame-000042.color.jpg 0.450611 0.668778 -0.482035 0.342533 0.769007 1.588554 -0.461103 0.439337 0.009090
frame-000043.color.jpg 0.453209 0.670841 -0.479076 0.339204 0.754374 1.576504 -0.475239 0.480256 0.010426
frame-000044.color.jpg 0.453773 0.671618 -0.478749 0.337369 0.750275 1.574236 -0.479259 0.437898 0.009704
frame-000045.color.jpg 0.454827 0.675676 -0.476564 0.330880 0.726553 1.570189 -0.486370 0.446635 0.009199
frame-000046.color.jpg 0.455587 0.678666 -0.478948 0.320098 0.716747 1.552855 -0.487935 0.549868 0.011006
frame-000047.color.jpg 0.455092 0.679402 -0.481744 0.315002 0.717383 1.541501 -0.485826 0.333402 0.006991
frame-000048.color.jpg 0.454056 0.681231 -0.483797 0.309352 0.713592 1.537828 -0.481211 0.289704 0.006413
frame-000049.color.jpg 0.448425 0.685260 -0.485657 0.305729 0.702621 1.546294 -0.459470 0.372797 0.007203
frame-000050.color.jpg 0.446406 0.685240 -0.486511 0.307367 0.704958 1.543625 -0.456109 0.220843 0.003735
frame-000051.color.jpg 0.436599 0.688921 -0.492914 0.302992 0.699165 1.543191 -0.424101 0.158301 0.003065
frame-000052.color.jpg 0.432772 0.689152 -0.495720 0.303380 0.696590 1.537505 -0.413408 0.246273 0.005102
frame-000053.color.jpg 0.426399 0.690010 -0.499173 0.304789 0.695705 1.545766 -0.392870 0.073913 0.001517
frame-000054.color.jpg 0.425029 0.689283 -0.500184 0.306684 0.691345 1.543743 -0.396384 0.247744 0.004526
frame-000055.color.jpg 0.419600 0.687915 -0.502366 0.313587 0.698690 1.557975 -0.393035 0.473118 0.009333
frame-000056.color.jpg 0.419180 0.683788 -0.505948 0.317393 0.714235 1.562832 -0.395845 0.340336 0.006445
frame-000057.color.jpg 0.409923 0.678297 -0.513741 0.328554 0.733226 1.574126 -0.386416 0.101974 0.002118
frame-000058.color.jpg 0.398944 0.673648 -0.522840 0.337165 0.766542 1.582623 -0.364115 0.348417 0.006809
frame-000059.color.jpg 0.389374 0.662376 -0.536689 0.348727 0.830643 1.577539 -0.355279 0.590213 0.012038
frame-000060.color.jpg 0.387384 0.658155 -0.541888 0.350890 0.858364 1.576636 -0.349027 0.805478 0.015206
frame-000061.color.jpg 0.378329 0.639192 -0.566383 0.357087 0.981658 1.561805 -0.339408 0.536603 0.009069
frame-000062.color.jpg 0.373340 0.624056 -0.580034 0.367058 1.067432 1.550043 -0.347090 0.251014 0.004523
frame-000063.color.jpg 0.373571 0.617162 -0.584436 0.371470 1.100295 1.541757 -0.355658 0.227744 0.004117
frame-000064.color.jpg 0.370787 0.600921 -0.592588 0.387623 1.163906 1.518762 -0.366768 0.291876 0.005481
frame-000065.color.jpg 0.358032 0.591850 -0.601888 0.399071 1.199089 1.507754 -0.331697 0.277299 0.005813
frame-000066.color.jpg 0.356872 0.589160 -0.602971 0.402441 1.204359 1.496869 -0.331111 0.254028 0.003427
frame-000067.color.jpg 0.329599 0.567218 -0.619207 0.431523 1.263895 1.468096 -0.251250 0.267209 0.003826
frame-000068.color.jpg 0.319327 0.560049 -0.624981 0.440199 1.277163 1.461154 -0.214528 0.354374 0.006461
frame-000069.color.jpg 0.307905 0.551460 -0.628230 0.454328 1.296830 1.442567 -0.186835 0.291454 0.005284
frame-000070.color.jpg 0.303146 0.549959 -0.628389 0.459102 1.299507 1.440084 -0.175320 0.300450 0.004184
frame-000071.color.jpg 0.295199 0.554002 -0.625380 0.463507 1.277486 1.452622 -0.163792 0.222874 0.004022
frame-000072.color.jpg 0.288970 0.557818 -0.620438 0.469459 1.251025 1.466299 -0.157825 0.395500 0.006556
frame-000073.color.jpg 0.283366 0.557938 -0.621906 0.470789 1.247479 1.470300 -0.136806 0.283189 0.005414
frame-000074.color.jpg 0.282674 0.558884 -0.623138 0.468447 1.243438 1.472803 -0.130332 0.232234 0.004061
frame-000075.color.jpg 0.280647 0.547893 -0.633703 0.468478 1.274821 1.440867 -0.094778 0.166156 0.004225
frame-000076.color.jpg 0.278348 0.542877 -0.639469 0.467853 1.289271 1.421553 -0.066815 0.333104 0.006576
frame-000077.color.jpg 0.273724 0.538907 -0.653083 0.456220 1.301421 1.387487 -0.001950 0.320968 0.004823
frame-000078.color.jpg 0.264122 0.540438 -0.660246 0.449713 1.289968 1.375414 0.060943 0.404488 0.008873
frame-000079.color.jpg 0.259166 0.538994 -0.662523 0.450980 1.292165 1.373211 0.092325 0.571360 0.011484
frame-000080.color.jpg 0.266941 0.542784 -0.663130 0.440893 1.285303 1.357747 0.100331 0.561387 0.012501
frame-000081.color.jpg 0.268823 0.546672 -0.662869 0.435303 1.274899 1.355272 0.107436 0.540562 0.012735
frame-000082.color.jpg 0.266932 0.556245 -0.662021 0.425520 1.238873 1.361602 0.136273 0.285468 0.007899
frame-000083.color.jpg 0.266461 0.564468 -0.659918 0.418190 1.205312 1.360918 0.169816 0.311114 0.008625
frame-000084.color.jpg 0.268505 0.571887 -0.655283 0.414072 1.178270 1.367363 0.185557 0.276860 0.007903
frame-000085.color.jpg 0.274283 0.582559 -0.647726 0.407241 1.148066 1.382489 0.197024 0.079815 0.005932
frame-000086.color.jpg 0.281709 0.588377 -0.640616 0.405047 1.125367 1.391074 0.191602 0.227763 0.006741
frame-000087.color.jpg 0.294873 0.594406 -0.634038 0.397149 1.115993 1.397321 0.206209 0.068634 0.006205
frame-000088.color.jpg 0.301482 0.602059 -0.628054 0.390103 1.096605 1.418018 0.212343 0.466099 0.009535
frame-000089.color.jpg 0.302678 0.606945 -0.623048 0.389635 1.086863 1.445807 0.229695 0.160263 0.004780
frame-000090.color.jpg 0.305771 0.609517 -0.618493 0.390460 1.078495 1.462538 0.230635 0.148043 0.002618
frame-000091.color.jpg 0.313533 0.609417 -0.616276 0.387958 1.089082 1.474839 0.218938 0.134181 0.003512
frame-000092.color.jpg 0.317371 0.616501 -0.610513 0.382723 1.076036 1.496072 0.217681 0.188134 0.004334
frame-000093.color.jpg 0.317503 0.616833 -0.609828 0.383170 1.076799 1.501032 0.213456 0.175251 0.003914
frame-000094.color.jpg 0.323786 0.617815 -0.605127 0.383782 1.075272 1.511715 0.193291 0.281014 0.005212
frame-000095.color.jpg 0.330103 0.616435 -0.603611 0.383006 1.091563 1.523302 0.173559 0.121315 0.003507
frame-000096.color.jpg 0.339063 0.613032 -0.602241 0.382796 1.107474 1.523211 0.148689 0.033314 0.001214
frame-000097.color.jpg 0.344804 0.610205 -0.600414 0.385050 1.116336 1.527804 0.128116 0.224329 0.005249
frame-000098.color.jpg 0.347256 0.609316 -0.598235 0.387636 1.114183 1.544650 0.114875 0.256057 0.006535
frame-000099.color.jpg 0.353850 0.602352 -0.594457 0.398225 1.113544 1.567528 0.082051 0.447463 0.010848
frame-000100.color.jpg 0.357313 0.597074 -0.592490 0.405938 1.115311 1.567040 0.061899 0.439604 0.010278
frame-000101.color.jpg 0.358039 0.593081 -0.591956 0.411887 1.103843 1.578665 0.053730 0.424901 0.010323
frame-000102.color.jpg 0.358168 0.590437 -0.591708 0.415910 1.105172 1.575079 0.049647 0.308341 0.007657
frame-000103.color.jpg 0.358616 0.584048 -0.593021 0.422621 1.104703 1.575845 0.042753 0.250924 0.006522
frame-000104.color.jpg 0.356976 0.577801 -0.595269 0.429382 1.115783 1.572071 0.047002 0.550585 0.012986
frame-000105.color.jpg 0.357409 0.574290 -0.595689 0.433133 1.109465 1.574920 0.040223 0.435609 0.010671
frame-000106.color.jpg 0.359199 0.570614 -0.594641 0.437924 1.109839 1.574652 0.028273 0.429272 0.010702
frame-000107.color.jpg 0.361322 0.565538 -0.594207 0.443319 1.089889 1.583136 0.014986 0.565462 0.014825
frame-000108.color.jpg 0.363144 0.561019 -0.593546 0.448427 1.096166 1.582481 0.004450 0.479552 0.011877
frame-000109.color.jpg 0.365495 0.559107 -0.592230 0.450641 1.096282 1.580956 -0.008576 0.466590 0.011857
frame-000110.color.jpg 0.367934 0.557456 -0.590693 0.452714 1.098441 1.577572 -0.017753 0.344564 0.008651
frame-000111.color.jpg 0.370959 0.556076 -0.589677 0.453266 1.103760 1.578684 -0.028520 0.462023 0.011338
frame-000112.color.jpg 0.375230 0.556233 -0.587252 0.452706 1.106618 1.582912 -0.044200 0.722035 0.017885
frame-000113.color.jpg 0.382021 0.556054 -0.582929 0.452833 1.116352 1.575362 -0.071113 0.399101 0.009957
frame-000114.color.jpg 0.392447 0.560425 -0.576146 0.447174 1.116487 1.575924 -0.107683 0.574937 0.013917
frame-000115.color.jpg 0.393513 0.562335 -0.573685 0.447004 1.124660 1.574998 -0.113309 0.259262 0.006865
frame-000116.color.jpg 0.400585 0.574148 -0.566652 0.434500 1.120132 1.580888 -0.133189 0.582036 0.013827
frame-000117.color.jpg 0.402646 0.578604 -0.565106 0.428659 1.114682 1.583075 -0.139254 0.691476 0.017145
frame-000118.color.jpg 0.402130 0.582026 -0.563424 0.426721 1.114178 1.588139 -0.138743 0.699309 0.016699
frame-000119.color.jpg 0.404118 0.585957 -0.561641 0.421786 1.117489 1.579769 -0.143108 0.462309 0.011769
frame-000120.color.jpg 0.404269 0.590071 -0.560345 0.417609 1.121791 1.586493 -0.142957 0.580787 0.013513
frame-000121.color.jpg 0.411073 0.591467 -0.556142 0.414598 1.121815 1.581130 -0.167862 0.526849 0.012872
frame-000122.color.jpg 0.415441 0.599887 -0.550329 0.405810 1.122747 1.572339 -0.177361 0.257220 0.005616
frame-000123.color.jpg 0.414137 0.604753 -0.549702 0.400740 1.120818 1.576279 -0.168293 0.365689 0.007955
frame-000124.color.jpg 0.413399 0.610873 -0.549038 0.393056 1.121849 1.576596 -0.158804 0.476937 0.010937
frame-000125.color.jpg 0.414031 0.613198 -0.546873 0.391787 1.119455 1.569179 -0.162502 0.356628 0.009105
frame-000126.color.jpg 0.412610 0.618330 -0.546177 0.386149 1.111455 1.575982 -0.153087 0.347103 0.008056
frame-000127.color.jpg 0.409669 0.624534 -0.545772 0.379817 1.107533 1.573008 -0.132876 0.335665 0.008195
frame-000128.color.jpg 0.397828 0.634424 -0.548964 0.371318 1.092518 1.579305 -0.076526 0.452683 0.010885
frame-000129.color.jpg 0.390981 0.638175 -0.553769 0.364974 1.088924 1.568141 -0.034180 0.274211 0.006017
frame-000130.color.jpg 0.384086 0.639701 -0.558626 0.362212 1.089144 1.557491 0.001744 0.198338 0.003894
frame-000131.color.jpg 0.366134 0.633785 -0.579088 0.359053 1.114140 1.515279 0.098164 0.229753 0.002599
frame-000132.color.jpg 0.354878 0.630152 -0.590829 0.357620 1.124669 1.497887 0.153723 0.342401 0.003942
frame-000133.color.jpg 0.341132 0.622633 -0.605109 0.360278 1.141229 1.466350 0.214995 0.326055 0.005300
frame-000134.color.jpg 0.336015 0.620765 -0.608783 0.362116 1.146223 1.459877 0.235058 0.343967 0.005437
frame-000135.color.jpg 0.324722 0.615162 -0.621001 0.361232 1.161482 1.433369 0.291629 0.291109 0.004720
frame-000136.color.jpg 0.316825 0.603707 -0.637262 0.359244 1.195501 1.388457 0.345124 0.173834 0.005161
frame-000137.color.jpg 0.304867 0.597840 -0.650672 0.355344 1.207445 1.350001 0.411587 0.285655 0.004792
frame-000138.color.jpg 0.296132 0.592016 -0.659754 0.355736 1.214306 1.321038 0.458844 0.163165 0.002474
frame-000139.color.jpg 0.284551 0.585117 -0.671291 0.355017 1.217507 1.280335 0.517042 0.168559 0.004830
frame-000140.color.jpg 0.275700 0.580060 -0.679888 0.353938 1.216716 1.254051 0.564279 0.278005 0.005634
frame-000141.color.jpg 0.268530 0.569359 -0.690313 0.356636 1.221032 1.212622 0.609800 0.222339 0.004989
frame-000142.color.jpg 0.255727 0.546161 -0.710374 0.362879 1.228897 1.135023 0.689829 0.426180 0.008028
frame-000143.color.jpg 0.248276 0.537416 -0.720398 0.361343 1.235047 1.089121 0.726056 0.201620 0.005303
frame-000144.color.jpg 0.235879 0.528121 -0.733838 0.356274 1.239813 1.030584 0.785028 0.271608 0.006918
frame-000145.color.jpg 0.232849 0.526820 -0.736323 0.355064 1.237579 1.019737 0.798564 0.294506 0.005840
frame-000146.color.jpg 0.217338 0.520656 -0.749283 0.346780 1.227730 0.955514 0.859448 0.254973 0.004789
frame-000147.color.jpg 0.211914 0.520015 -0.751925 0.345378 1.218090 0.941272 0.874842 0.236883 0.003981
frame-000148.color.jpg 0.204136 0.519240 -0.756261 0.341742 1.206933 0.916169 0.897640 0.220806 0.003864
frame-000149.color.jpg 0.195288 0.517885 -0.760149 0.340341 1.192912 0.893135 0.920233 0.384015 0.007367
frame-000150.color.jpg 0.191327 0.515554 -0.764396 0.336597 1.187752 0.868633 0.927134 0.344726 0.006925
frame-000151.color.jpg 0.190499 0.516375 -0.765875 0.332420 1.182230 0.851901 0.927233 0.357139 0.006269
frame-000152.color.jpg 0.186689 0.519756 -0.767317 0.325922 1.173875 0.834503 0.932652 0.372952 0.006653
frame-000153.color.jpg 0.189912 0.532724 -0.762147 0.315071 1.140843 0.830771 0.897637 0.280174 0.004164
frame-000154.color.jpg 0.191155 0.535337 -0.760065 0.314920 1.132639 0.838673 0.889145 0.340601 0.006241
frame-000155.color.jpg 0.189628 0.541604 -0.756554 0.313580 1.107229 0.845914 0.884199 0.214468 0.003988
frame-000156.color.jpg 0.187707 0.543527 -0.755058 0.315011 1.091662 0.850542 0.883395 0.256156 0.005430
frame-000157.color.jpg 0.187678 0.542275 -0.755307 0.316585 1.066731 0.847575 0.880425 0.349356 0.006180
frame-000158.color.jpg 0.187829 0.541439 -0.755276 0.317997 1.054246 0.846870 0.878046 0.323439 0.006153
frame-000159.color.jpg 0.184913 0.541286 -0.755846 0.318612 1.030453 0.846357 0.884758 0.164996 0.004052
frame-000160.color.jpg 0.183418 0.539000 -0.756517 0.321744 1.004740 0.841009 0.881751 0.296401 0.005800
frame-000161.color.jpg 0.181554 0.537952 -0.757594 0.322020 0.988248 0.838704 0.886295 0.221794 0.004546
frame-000162.color.jpg 0.178260 0.533144 -0.760177 0.325749 0.962269 0.830676 0.890565 0.368177 0.006814
frame-000163.color.jpg 0.181823 0.529660 -0.760991 0.327556 0.947409 0.826774 0.884619 0.386385 0.007260
frame-000164.color.jpg 0.183715 0.526074 -0.762797 0.328079 0.936537 0.824317 0.884856 0.228942 0.005232
frame-000165.color.jpg 0.181954 0.521146 -0.766076 0.329283 0.911179 0.817298 0.890550 0.109677 0.002895
frame-000166.color.jpg 0.181906 0.519509 -0.767405 0.328802 0.905641 0.811091 0.892689 0.196782 0.003965
frame-000167.color.jpg 0.181035 0.514933 -0.770821 0.328490 0.899138 0.798853 0.898798 0.208426 0.004492
frame-000168.color.jpg 0.179645 0.512078 -0.772932 0.328754 0.891027 0.789694 0.906270 0.201066 0.005722
frame-000169.color.jpg 0.178142 0.508709 -0.775604 0.328509 0.886730 0.781695 0.908594 0.194052 0.003481
frame-000170.color.jpg 0.176638 0.502526 -0.779655 0.329248 0.879206 0.769039 0.913758 0.180288 0.003293
frame-000171.color.jpg 0.173945 0.496568 -0.783167 0.331380 0.870012 0.760328 0.918603 0.271832 0.004158
frame-000172.color.jpg 0.170760 0.491761 -0.785895 0.333737 0.855079 0.758490 0.921186 0.273089 0.005872
frame-000173.color.jpg 0.167778 0.486447 -0.788348 0.337235 0.843486 0.756395 0.926467 0.369107 0.006308
frame-000174.color.jpg 0.168088 0.483772 -0.789464 0.338316 0.834783 0.754840 0.925501 0.242140 0.004850
frame-000175.color.jpg 0.160756 0.476821 -0.793582 0.342091 0.805614 0.754949 0.936236 0.294528 0.004425
frame-000176.color.jpg 0.157313 0.477023 -0.792768 0.345282 0.784192 0.763243 0.929999 0.246471 0.005814
frame-000177.color.jpg 0.155618 0.477798 -0.790907 0.349224 0.762104 0.775182 0.924054 0.231320 0.004328
frame-000178.color.jpg 0.148498 0.478583 -0.789416 0.354584 0.731281 0.791008 0.925606 0.264187 0.003723
frame-000179.color.jpg 0.146782 0.479029 -0.788872 0.355904 0.705488 0.803022 0.921260 0.213569 0.005271
frame-000180.color.jpg 0.144652 0.470508 -0.793672 0.357467 0.693796 0.796868 0.918747 0.271013 0.005399
frame-000181.color.jpg 0.142127 0.462589 -0.798667 0.357690 0.686298 0.796122 0.921548 0.261134 0.004382
frame-000182.color.jpg 0.140013 0.455531 -0.801790 0.360584 0.667730 0.798464 0.915012 0.313812 0.004988
frame-000183.color.jpg 0.139047 0.453673 -0.802338 0.362079 0.664452 0.802056 0.911935 0.234298 0.003477
frame-000184.color.jpg 0.142574 0.439430 -0.806304 0.369389 0.644718 0.817181 0.876192 0.170444 0.002380
frame-000185.color.jpg 0.145621 0.438063 -0.806352 0.369719 0.628285 0.822714 0.849566 0.312740 0.006786
frame-000186.color.jpg 0.152319 0.435302 -0.803007 0.377481 0.619981 0.839966 0.805141 0.149018 0.002820
frame-000187.color.jpg 0.158138 0.437012 -0.798807 0.381994 0.613851 0.852804 0.774465 0.082620 0.001245
frame-000188.color.jpg 0.154897 0.443856 -0.793118 0.387251 0.585850 0.865735 0.752650 0.098238 0.000914
frame-000189.color.jpg 0.157977 0.446806 -0.788345 0.392326 0.567493 0.872582 0.719698 0.251189 0.004039
frame-000190.color.jpg 0.161997 0.448609 -0.787183 0.390961 0.563681 0.863904 0.709407 0.114975 0.002457
frame-000191.color.jpg 0.174702 0.451433 -0.782973 0.390694 0.562797 0.862413 0.680532 0.154674 0.002402
frame-000192.color.jpg 0.189481 0.451821 -0.779613 0.390074 0.568953 0.863118 0.659834 0.111575 0.002306
frame-000193.color.jpg 0.207389 0.459127 -0.772444 0.386681 0.569254 0.867674 0.634314 0.076131 0.001241
frame-000194.color.jpg 0.210053 0.464247 -0.769955 0.384086 0.562067 0.873304 0.633828 0.335291 0.005766
frame-000195.color.jpg 0.217263 0.498021 -0.748922 0.379326 0.508007 0.894251 0.626955 0.233535 0.003462
frame-000196.color.jpg 0.227035 0.517153 -0.730524 0.383853 0.469592 0.929168 0.604510 0.216028 0.004240
frame-000197.color.jpg 0.238419 0.520637 -0.718604 0.394591 0.449353 0.962770 0.583195 0.193771 0.004623
frame-000198.color.jpg 0.243881 0.520481 -0.713980 0.399818 0.434815 0.982848 0.571360 0.172609 0.002548
frame-000199.color.jpg 0.247214 0.518425 -0.710768 0.406114 0.412425 1.007028 0.568843 0.145537 0.003704
frame-000200.color.jpg 0.242919 0.516532 -0.709067 0.414015 0.392481 1.017328 0.573267 0.352871 0.007342
frame-000201.color.jpg 0.247972 0.514999 -0.706828 0.416749 0.378634 1.031255 0.565157 0.082349 0.002403
frame-000202.color.jpg 0.250697 0.512309 -0.705612 0.420479 0.377288 1.043612 0.560897 0.023043 0.001852
frame-000203.color.jpg 0.255588 0.509542 -0.703885 0.423778 0.376893 1.057588 0.549019 0.190168 0.006157
frame-000204.color.jpg 0.258700 0.506402 -0.704234 0.425072 0.384146 1.065841 0.551510 0.144895 0.002935
frame-000205.color.jpg 0.260698 0.506701 -0.703724 0.424339 0.382327 1.066936 0.547548 0.271821 0.006508
frame-000206.color.jpg 0.264176 0.504766 -0.701201 0.428649 0.382941 1.092952 0.544344 0.324035 0.006495
frame-000207.color.jpg 0.269581 0.501380 -0.697982 0.434471 0.386882 1.107843 0.531363 0.296437 0.006500
frame-000208.color.jpg 0.270926 0.502130 -0.695529 0.436696 0.381614 1.116969 0.528498 0.212938 0.004108
frame-000209.color.jpg 0.273946 0.500834 -0.694233 0.438359 0.387705 1.124343 0.523456 0.166002 0.003982
frame-000210.color.jpg 0.275022 0.502297 -0.693827 0.436653 0.390058 1.134536 0.528407 0.392085 0.009129
frame-000211.color.jpg 0.279380 0.501981 -0.692399 0.436514 0.395074 1.142373 0.523973 0.223710 0.005441
frame-000212.color.jpg 0.281695 0.501134 -0.690829 0.438484 0.393769 1.154718 0.518781 0.185800 0.005054
frame-000213.color.jpg 0.282178 0.501459 -0.690307 0.438623 0.389562 1.160944 0.519824 0.311257 0.007486
frame-000214.color.jpg 0.287685 0.494926 -0.690396 0.442310 0.404072 1.167274 0.506797 0.301584 0.006823
frame-000215.color.jpg 0.289018 0.491761 -0.693813 0.439617 0.407411 1.173936 0.517683 0.409336 0.008898
frame-000216.color.jpg 0.289298 0.491566 -0.694589 0.438424 0.403322 1.184045 0.525403 0.694062 0.015103
frame-000217.color.jpg 0.293259 0.490788 -0.691567 0.441431 0.391837 1.188972 0.513744 0.351811 0.008477
frame-000218.color.jpg 0.289840 0.492996 -0.691380 0.441522 0.375931 1.194822 0.522668 0.401111 0.010643
frame-000219.color.jpg 0.291892 0.490660 -0.689070 0.446357 0.371215 1.200821 0.508213 0.138434 0.003563
frame-000220.color.jpg 0.291211 0.488579 -0.689376 0.448607 0.371860 1.208333 0.509056 0.376265 0.007685
frame-000221.color.jpg 0.296476 0.485189 -0.688807 0.449710 0.372323 1.221221 0.499158 0.447047 0.010132
frame-000222.color.jpg 0.303178 0.478856 -0.685037 0.457715 0.386586 1.245054 0.480110 0.476633 0.010696
frame-000223.color.jpg 0.316577 0.475700 -0.679118 0.460747 0.401547 1.255832 0.450176 0.373775 0.009018
frame-000224.color.jpg 0.319273 0.474407 -0.676013 0.464768 0.408535 1.262465 0.441259 0.360500 0.007857
frame-000225.color.jpg 0.320373 0.474599 -0.674689 0.465737 0.406735 1.263477 0.437895 0.280663 0.006119
frame-000226.color.jpg 0.321527 0.474781 -0.672360 0.468119 0.405539 1.271942 0.435573 0.382897 0.008340
frame-000227.color.jpg 0.317890 0.476476 -0.671763 0.469735 0.403834 1.271176 0.449140 0.471010 0.010918
frame-000228.color.jpg 0.311149 0.480891 -0.676332 0.463147 0.395976 1.267010 0.479969 0.813170 0.019339
frame-000229.color.jpg 0.309675 0.482287 -0.677383 0.461144 0.391638 1.263713 0.485565 0.529291 0.012042
frame-000230.color.jpg 0.306237 0.483923 -0.678081 0.460699 0.384496 1.263073 0.494106 0.447090 0.010441
frame-000231.color.jpg 0.297288 0.483634 -0.685368 0.456058 0.369791 1.254354 0.529813 0.512090 0.011220
frame-000232.color.jpg 0.289535 0.482430 -0.688832 0.457102 0.353555 1.246568 0.545742 0.410390 0.008792
frame-000233.color.jpg 0.289176 0.483424 -0.689565 0.455169 0.344580 1.244207 0.550611 0.423954 0.009690
frame-000234.color.jpg 0.281789 0.483058 -0.693951 0.453521 0.329073 1.239718 0.569935 0.420489 0.009690
frame-000235.color.jpg 0.267046 0.478424 -0.706342 0.448195 0.302210 1.222839 0.613035 0.270220 0.005721
frame-000236.color.jpg 0.257624 0.477807 -0.711238 0.446623 0.278873 1.214178 0.634732 0.314201 0.007570
frame-000237.color.jpg 0.256963 0.478457 -0.712198 0.444774 0.270160 1.207606 0.638048 0.487139 0.012248
frame-000238.color.jpg 0.246423 0.472629 -0.720456 0.443667 0.256752 1.196637 0.661081 0.160751 0.004984
frame-000239.color.jpg 0.233393 0.457807 -0.736627 0.439684 0.236182 1.168728 0.696540 0.114233 0.005597
frame-000240.color.jpg 0.224110 0.452197 -0.746088 0.434334 0.223053 1.153171 0.722945 0.058412 0.004461
frame-000241.color.jpg 0.218003 0.442831 -0.755045 0.431605 0.204375 1.143603 0.733832 0.179124 0.007257
frame-000242.color.jpg 0.212615 0.432216 -0.763102 0.430883 0.185020 1.147069 0.734918 0.152418 0.005118
frame-000243.color.jpg 0.214658 0.426407 -0.766726 0.429219 0.183122 1.150647 0.725292 0.261868 0.006744
frame-000244.color.jpg 0.217328 0.428995 -0.766702 0.425324 0.160643 1.161938 0.706633 0.209020 0.005467
frame-000245.color.jpg 0.216648 0.429760 -0.766580 0.425117 0.147938 1.159490 0.703398 0.019262 0.003042
frame-000246.color.jpg 0.194589 0.435132 -0.781095 0.403344 0.085102 1.122212 0.744049 0.126022 0.003277
frame-000247.color.jpg 0.193719 0.433641 -0.782385 0.402867 0.060396 1.129761 0.735028 0.244471 0.004801
frame-000248.color.jpg 0.193787 0.430916 -0.782872 0.404808 0.036588 1.138170 0.721773 0.276629 0.005618
frame-000249.color.jpg 0.192163 0.424491 -0.787491 0.403409 0.031122 1.131792 0.726203 0.285095 0.005043
frame-000250.color.jpg 0.186368 0.423131 -0.790643 0.401385 0.006378 1.123065 0.735065 0.268556 0.006192
frame-000251.color.jpg 0.185749 0.420116 -0.791896 0.402368 -0.004101 1.121384 0.741447 0.382122 0.007177
frame-000252.color.jpg 0.188556 0.426556 -0.790940 0.396119 -0.018575 1.107219 0.762365 0.375606 0.007228
frame-000253.color.jpg 0.191053 0.436982 -0.784682 0.396005 -0.045363 1.090584 0.775440 0.300458 0.005558
frame-000254.color.jpg 0.197707 0.445351 -0.781937 0.388779 -0.048648 1.071483 0.797357 0.249043 0.004774
frame-000255.color.jpg 0.196659 0.465429 -0.773496 0.382630 -0.095155 1.030394 0.834395 0.226426 0.003725
frame-000256.color.jpg 0.199521 0.475041 -0.766542 0.383328 -0.117342 1.016140 0.848887 0.156049 0.003422
frame-000257.color.jpg 0.203613 0.483840 -0.759811 0.383574 -0.138106 0.998464 0.859019 0.123665 0.003100
frame-000258.color.jpg 0.204327 0.489678 -0.757448 0.380444 -0.151487 0.980947 0.872728 0.231970 0.004056
frame-000259.color.jpg 0.192360 0.499255 -0.755752 0.377599 -0.208976 0.924511 0.901763 0.012730 0.000934
frame-000260.color.jpg 0.186993 0.496042 -0.761272 0.373417 -0.221707 0.901523 0.914491 0.080217 0.000825
frame-000261.color.jpg 0.176170 0.493768 -0.768056 0.367760 -0.242865 0.871788 0.929875 0.182008 0.003001
frame-000262.color.jpg 0.174302 0.494006 -0.768634 0.367122 -0.248530 0.864289 0.930027 0.062897 0.000740
frame-000263.color.jpg 0.169135 0.493350 -0.772395 0.362498 -0.258833 0.850135 0.941195 0.312738 0.005830
frame-000264.color.jpg 0.160522 0.490623 -0.778864 0.356221 -0.269490 0.819169 0.951232 0.192160 0.002947
frame-000265.color.jpg 0.160304 0.490799 -0.779229 0.355275 -0.270280 0.814585 0.952906 0.154578 0.002138
frame-000266.color.jpg 0.158613 0.491027 -0.781767 0.350107 -0.269699 0.797620 0.956715 0.281614 0.004102
frame-000267.color.jpg 0.153479 0.490859 -0.781425 0.353379 -0.286177 0.787586 0.947911 0.239480 0.003927
frame-000268.color.jpg 0.148447 0.491017 -0.781981 0.354079 -0.296063 0.773454 0.942435 0.059281 0.002619
frame-000269.color.jpg 0.143192 0.483565 -0.788809 0.351342 -0.300327 0.765403 0.933547 0.217119 0.002512
frame-000270.color.jpg 0.145399 0.473990 -0.792384 0.355415 -0.292489 0.775753 0.917815 0.228489 0.003121
frame-000271.color.jpg 0.141372 0.467475 -0.794885 0.360054 -0.297374 0.765506 0.899631 0.100131 0.001918
frame-000272.color.jpg 0.142230 0.463060 -0.794415 0.366402 -0.301491 0.767589 0.879984 0.144119 0.001530
frame-000273.color.jpg 0.147367 0.446534 -0.797610 0.377768 -0.295534 0.774957 0.854775 0.180504 0.003163
frame-000274.color.jpg 0.151251 0.437604 -0.800047 0.381512 -0.287815 0.779576 0.847203 0.136609 0.001986
frame-000275.color.jpg 0.154305 0.435733 -0.799412 0.383754 -0.291953 0.768675 0.842503 0.144558 0.002826
frame-000276.color.jpg 0.154449 0.430810 -0.801506 0.384886 -0.293065 0.757110 0.839205 0.330808 0.004867
frame-000277.color.jpg 0.153860 0.428829 -0.803905 0.382322 -0.292711 0.745472 0.842057 0.121334 0.002246
frame-000278.color.jpg 0.150042 0.432267 -0.803590 0.380625 -0.301172 0.728272 0.848455 0.064827 0.001225
frame-000279.color.jpg 0.153109 0.430657 -0.802742 0.383012 -0.294830 0.726271 0.846463 0.185311 0.002367
frame-000280.color.jpg 0.155936 0.430383 -0.801436 0.384909 -0.292938 0.726204 0.845293 0.084459 0.002233
frame-000281.color.jpg 0.156143 0.428930 -0.802471 0.384290 -0.289686 0.724002 0.846724 0.015299 0.000564
frame-000282.color.jpg 0.150557 0.423507 -0.809710 0.377285 -0.258456 0.679753 0.857288 0.143267 0.002865
frame-000283.color.jpg 0.150021 0.423461 -0.811407 0.373888 -0.256630 0.670789 0.867754 0.249108 0.005420
frame-000284.color.jpg 0.139446 0.424339 -0.817240 0.364156 -0.254462 0.633561 0.877703 0.291797 0.004622
frame-000285.color.jpg 0.128181 0.422034 -0.823568 0.356642 -0.250893 0.597921 0.880853 0.318710 0.004942
frame-000286.color.jpg 0.120527 0.415285 -0.830716 0.350604 -0.249299 0.574540 0.878060 0.473109 0.004296
frame-000287.color.jpg 0.119366 0.407031 -0.836092 0.347890 -0.240935 0.569182 0.881086 0.239369 0.003476
frame-000288.color.jpg 0.114740 0.399520 -0.841000 0.346319 -0.241965 0.562976 0.878691 0.576589 0.003877
frame-000289.color.jpg 0.112896 0.392689 -0.843946 0.347571 -0.239186 0.572438 0.877342 0.219874 0.001907
frame-000290.color.jpg 0.113520 0.393350 -0.843224 0.348370 -0.241113 0.574274 0.876316 0.305848 0.002943
frame-000291.color.jpg 0.110297 0.379321 -0.842150 0.367061 -0.253596 0.631314 0.854624 0.360819 0.003374
frame-000292.color.jpg 0.110326 0.376890 -0.841443 0.371154 -0.260346 0.643986 0.847937 0.150292 0.001468
frame-000293.color.jpg 0.108814 0.374760 -0.841500 0.373620 -0.266131 0.655893 0.846683 0.193187 0.002079
frame-000294.color.jpg 0.109762 0.375485 -0.838223 0.379928 -0.278142 0.681190 0.843353 0.279580 0.003185
frame-000295.color.jpg 0.111990 0.373849 -0.837648 0.382152 -0.284924 0.698773 0.840370 0.233598 0.002594
frame-000296.color.jpg 0.117827 0.377756 -0.835519 0.381215 -0.288159 0.712041 0.845973 0.401480 0.005988
frame-000297.color.jpg 0.121941 0.389102 -0.831757 0.376711 -0.298799 0.714730 0.855178 0.196146 0.002984
frame-000298.color.jpg 0.124390 0.391174 -0.830274 0.377034 -0.301510 0.718915 0.856359 0.238605 0.002622
frame-000299.color.jpg 0.137247 0.405979 -0.820222 0.378919 -0.317615 0.743452 0.861281 0.391520 0.006509
frame-000300.color.jpg 0.158554 0.447363 -0.796348 0.374909 -0.356205 0.762348 0.884000 0.339315 0.004062
frame-000301.color.jpg 0.165970 0.455059 -0.790835 0.374105 -0.360891 0.768674 0.890076 0.179960 0.002111
frame-000302.color.jpg 0.172669 0.462116 -0.785028 0.374654 -0.371488 0.778932 0.890447 0.168519 0.002892
frame-000303.color.jpg 0.187858 0.476917 -0.768605 0.382761 -0.412457 0.817705 0.885897 0.172519 0.002515
frame-000304.color.jpg 0.193679 0.478924 -0.763660 0.387225 -0.421594 0.836119 0.878943 0.203942 0.002486
frame-000305.color.jpg 0.199714 0.480126 -0.758859 0.392079 -0.435283 0.861792 0.873527 0.226189 0.003824
frame-000306.color.jpg 0.200021 0.484454 -0.754484 0.395030 -0.452850 0.870197 0.870210 0.268059 0.005246
frame-000307.color.jpg 0.203220 0.486059 -0.752421 0.395361 -0.458552 0.876546 0.871268 0.237163 0.004739
frame-000308.color.jpg 0.208802 0.486085 -0.748781 0.399311 -0.462938 0.894882 0.862461 0.176205 0.003250
frame-000309.color.jpg 0.212858 0.484215 -0.746334 0.403995 -0.463652 0.915720 0.852156 0.097531 0.002255
frame-000310.color.jpg 0.216773 0.484637 -0.744724 0.404380 -0.469969 0.933360 0.852340 0.033137 0.000606
frame-000311.color.jpg 0.213111 0.488777 -0.744570 0.401617 -0.480648 0.931509 0.857728 0.106204 0.002316
frame-000312.color.jpg 0.217259 0.494406 -0.737490 0.405549 -0.488852 0.946129 0.845149 0.150805 0.003226
frame-000313.color.jpg 0.217369 0.494575 -0.737741 0.404825 -0.486854 0.950279 0.848652 0.110187 0.001788
frame-000314.color.jpg 0.218724 0.495103 -0.736734 0.405286 -0.481182 0.958622 0.842269 0.137724 0.002865
frame-000315.color.jpg 0.219770 0.498805 -0.736097 0.401317 -0.472109 0.964862 0.837031 0.171131 0.003134
frame-000316.color.jpg 0.225455 0.504268 -0.731871 0.399058 -0.459622 0.976857 0.833738 0.165411 0.003358
frame-000317.color.jpg 0.225807 0.520247 -0.722485 0.395436 -0.465181 0.972139 0.822557 0.225177 0.004583
frame-000318.color.jpg 0.227362 0.523314 -0.719284 0.396333 -0.464597 0.974355 0.814329 0.107029 0.002847
frame-000319.color.jpg 0.240023 0.537284 -0.705614 0.394745 -0.446212 1.014087 0.769886 0.271121 0.004285
frame-000320.color.jpg 0.249241 0.543131 -0.694403 0.400864 -0.436910 1.043778 0.727030 0.137290 0.002421
frame-000321.color.jpg 0.262155 0.544226 -0.688170 0.401890 -0.415552 1.071987 0.693749 0.228400 0.002342
frame-000322.color.jpg 0.265825 0.545394 -0.685800 0.401945 -0.412441 1.076552 0.685372 0.197056 0.002972
frame-000323.color.jpg 0.273589 0.548594 -0.677267 0.406821 -0.412433 1.105081 0.624111 0.163012 0.001513
frame-000324.color.jpg 0.282861 0.547800 -0.671065 0.411796 -0.412668 1.124254 0.582145 0.213047 0.003376
frame-000325.color.jpg 0.292856 0.550961 -0.662867 0.413866 -0.415524 1.140882 0.558474 0.027921 0.000980
frame-000326.color.jpg 0.294761 0.552646 -0.660012 0.414830 -0.418579 1.144110 0.551488 0.095675 0.001811
frame-000327.color.jpg 0.306358 0.560210 -0.648743 0.414055 -0.431627 1.155511 0.530787 0.060231 0.002496
frame-000328.color.jpg 0.334948 0.583768 -0.619275 0.404380 -0.457202 1.157831 0.529855 0.191901 0.002803
frame-000329.color.jpg 0.345773 0.598800 -0.601691 0.399810 -0.477216 1.147054 0.535611 0.140938 0.002030
frame-000330.color.jpg 0.349246 0.604690 -0.596174 0.396174 -0.485451 1.144284 0.542573 0.104499 0.003184
frame-000331.color.jpg 0.358004 0.616975 -0.581328 0.391450 -0.505332 1.136045 0.547880 0.225511 0.005128
frame-000332.color.jpg 0.390845 0.632546 -0.550896 0.378998 -0.510356 1.142329 0.550134 0.213559 0.003458
frame-000333.color.jpg 0.402942 0.640179 -0.537226 0.373092 -0.513460 1.140979 0.556362 0.213088 0.003437
frame-000334.color.jpg 0.407010 0.642875 -0.532345 0.371030 -0.515644 1.139664 0.557826 0.244894 0.004417
frame-000335.color.jpg 0.416682 0.652407 -0.516975 0.365347 -0.529291 1.130920 0.571236 0.358383 0.007458
frame-000336.color.jpg 0.421862 0.660759 -0.505971 0.359755 -0.547471 1.120580 0.584224 0.619090 0.010766
frame-000337.color.jpg 0.421610 0.658443 -0.504530 0.366262 -0.557265 1.116437 0.569270 0.124374 0.002738
frame-000338.color.jpg 0.421929 0.658020 -0.505309 0.365579 -0.559815 1.119895 0.569992 0.273812 0.005767
frame-000339.color.jpg 0.418076 0.650875 -0.510849 0.374978 -0.573596 1.126793 0.543166 0.184675 0.005744
frame-000340.color.jpg 0.409826 0.646889 -0.518179 0.380878 -0.581378 1.127614 0.537806 0.073630 0.002343
frame-000341.color.jpg 0.407372 0.645375 -0.520582 0.382798 -0.584875 1.127900 0.531198 0.113477 0.002678
frame-000342.color.jpg 0.399146 0.639195 -0.528945 0.390294 -0.590918 1.131248 0.511914 0.082495 0.002282
frame-000343.color.jpg 0.375919 0.623191 -0.553210 0.405311 -0.588995 1.145224 0.471772 0.281332 0.005590
frame-000344.color.jpg 0.373407 0.619871 -0.557209 0.407241 -0.587898 1.148418 0.465192 0.190191 0.004096
frame-000345.color.jpg 0.361217 0.604882 -0.573651 0.417809 -0.578530 1.163242 0.427989 0.102887 0.002827
frame-000346.color.jpg 0.343661 0.593436 -0.588464 0.428300 -0.575083 1.171017 0.398602 0.161823 0.003614
frame-000347.color.jpg 0.317984 0.574362 -0.610266 0.443362 -0.556086 1.177899 0.358103 0.363127 0.006270
frame-000348.color.jpg 0.316377 0.571603 -0.612988 0.444321 -0.552596 1.179475 0.353507 0.198367 0.003654
frame-000349.color.jpg 0.306478 0.564934 -0.620959 0.448699 -0.542020 1.180197 0.340220 0.317264 0.005895
frame-000350.color.jpg 0.284334 0.558035 -0.634752 0.452594 -0.532518 1.169112 0.334012 0.311018 0.005710
frame-000351.color.jpg 0.274128 0.552375 -0.643582 0.453364 -0.521655 1.170013 0.330100 0.097465 0.002514
frame-000352.color.jpg 0.270745 0.551818 -0.645283 0.453656 -0.521666 1.169041 0.331588 0.157374 0.000985
frame-000353.color.jpg 0.261703 0.545706 -0.652610 0.455870 -0.511933 1.170861 0.324221 0.213633 0.003272
frame-000354.color.jpg 0.244223 0.533582 -0.668221 0.457303 -0.482274 1.168606 0.316170 0.152378 0.002390
frame-000355.color.jpg 0.241365 0.528258 -0.672998 0.457995 -0.464903 1.170088 0.309868 0.038423 0.000645
frame-000356.color.jpg 0.242296 0.519417 -0.678548 0.459425 -0.438583 1.178812 0.297400 0.098897 0.001273
frame-000357.color.jpg 0.242216 0.513445 -0.682182 0.460797 -0.419462 1.183718 0.289695 0.105704 0.001540
frame-000358.color.jpg 0.241639 0.509574 -0.685823 0.459991 -0.409851 1.189609 0.287290 0.219183 0.003236
frame-000359.color.jpg 0.241454 0.504492 -0.687631 0.462982 -0.400465 1.189621 0.274598 0.091771 0.001185
frame-000360.color.jpg 0.239389 0.504733 -0.688342 0.462734 -0.401984 1.189490 0.276293 0.124615 0.001930
frame-000361.color.jpg 0.233194 0.494380 -0.695536 0.466303 -0.401862 1.197711 0.263371 0.219834 0.003716
frame-000362.color.jpg 0.228154 0.484066 -0.701695 0.470372 -0.393992 1.206256 0.250484 0.226875 0.002029
frame-000363.color.jpg 0.222088 0.476792 -0.705283 0.475313 -0.397305 1.211467 0.239676 0.281389 0.004063
frame-000364.color.jpg 0.214458 0.464134 -0.711347 0.482257 -0.397880 1.220260 0.219423 0.163320 0.002348
frame-000365.color.jpg 0.206784 0.455689 -0.717180 0.485016 -0.398884 1.229022 0.213448 0.288098 0.005132
frame-000366.color.jpg 0.201066 0.446331 -0.719848 0.492119 -0.399990 1.229990 0.192710 0.102535 0.002427
frame-000367.color.jpg 0.193711 0.435550 -0.725273 0.496740 -0.397478 1.238403 0.179227 0.138125 0.003409
frame-000368.color.jpg 0.190645 0.424866 -0.729182 0.501434 -0.389177 1.246305 0.161493 0.229751 0.005279
frame-000369.color.jpg 0.190864 0.423122 -0.729671 0.502114 -0.389347 1.247823 0.159131 0.341498 0.006575
frame-000370.color.jpg 0.186952 0.416428 -0.731105 0.507072 -0.386502 1.247888 0.143327 0.262080 0.005443
frame-000371.color.jpg 0.175536 0.401077 -0.735405 0.517209 -0.380277 1.248567 0.118437 0.239138 0.003207
frame-000372.color.jpg 0.166986 0.386724 -0.741144 0.522749 -0.372981 1.262679 0.097272 0.160552 0.003714
frame-000373.color.jpg 0.167862 0.381915 -0.741541 0.525434 -0.366201 1.265110 0.087345 0.225102 0.004563
frame-000374.color.jpg 0.166420 0.377555 -0.741513 0.529071 -0.360959 1.264737 0.077343 0.245642 0.003647
frame-000375.color.jpg 0.161720 0.368122 -0.744040 0.533607 -0.355201 1.273201 0.064854 0.096419 0.000723
frame-000376.color.jpg 0.145455 0.345557 -0.749749 0.545262 -0.344072 1.280929 0.026579 0.157218 0.003370
frame-000377.color.jpg 0.134446 0.329343 -0.754339 0.551752 -0.327169 1.290148 0.005041 0.135271 0.002807
frame-000378.color.jpg 0.135424 0.325698 -0.755115 0.552614 -0.322633 1.292416 0.000691 0.130561 0.003192
frame-000379.color.jpg 0.132837 0.320072 -0.756235 0.554992 -0.314558 1.293640 -0.005884 0.198731 0.002931
frame-000380.color.jpg 0.115816 0.309313 -0.759671 0.560190 -0.297686 1.299329 -0.024695 0.188496 0.002634
frame-000381.color.jpg 0.114512 0.307743 -0.759361 0.561740 -0.293546 1.301008 -0.029555 0.138880 0.001686
frame-000382.color.jpg 0.113506 0.304592 -0.758884 0.564300 -0.285959 1.301653 -0.037340 0.209437 0.001756
frame-000383.color.jpg 0.113911 0.296161 -0.759368 0.568044 -0.250379 1.301005 -0.055944 0.401526 0.005835
frame-000384.color.jpg 0.112996 0.297207 -0.759715 0.567215 -0.250847 1.302984 -0.052483 0.145296 0.002141
frame-000385.color.jpg 0.110024 0.298996 -0.759172 0.567586 -0.252527 1.297714 -0.050494 0.225267 0.003348
frame-000386.color.jpg 0.109426 0.299037 -0.760901 0.565360 -0.244765 1.300597 -0.045705 0.254006 0.004818
frame-000387.color.jpg 0.109867 0.301158 -0.765080 0.558468 -0.231135 1.288717 -0.024620 0.299709 0.005392
frame-000388.color.jpg 0.110971 0.302628 -0.766117 0.556028 -0.232439 1.286656 -0.015231 0.454315 0.007822
frame-000389.color.jpg 0.107606 0.306101 -0.773367 0.544634 -0.230436 1.284073 0.020623 0.373267 0.006573
frame-000390.color.jpg 0.109820 0.303935 -0.784244 0.529645 -0.209096 1.287438 0.066797 0.317319 0.005947
frame-000391.color.jpg 0.110792 0.304373 -0.787009 0.525071 -0.207051 1.291581 0.082635 0.300820 0.005620
frame-000392.color.jpg 0.113995 0.302388 -0.795159 0.513117 -0.189147 1.291737 0.118810 0.398485 0.006487
frame-000393.color.jpg 0.110086 0.308331 -0.812709 0.481994 -0.202532 1.272123 0.225772 0.387211 0.007068
frame-000394.color.jpg 0.108165 0.309437 -0.819772 0.469599 -0.204530 1.275844 0.259453 0.332078 0.006170
frame-000395.color.jpg 0.111837 0.311119 -0.823375 0.461249 -0.204493 1.279771 0.285541 0.060792 0.001251
frame-000396.color.jpg 0.117902 0.313228 -0.825799 0.453920 -0.211313 1.280795 0.307918 0.139651 0.002959
frame-000397.color.jpg 0.114744 0.313831 -0.827232 0.451697 -0.216312 1.284437 0.317115 0.202164 0.002566
frame-000398.color.jpg 0.112872 0.303119 -0.833425 0.448086 -0.232168 1.289442 0.341467 0.224306 0.003695
frame-000399.color.jpg 0.110727 0.300948 -0.837708 0.442057 -0.244986 1.285866 0.365765 0.182540 0.002453
frame-000400.color.jpg 0.102591 0.310185 -0.841133 0.430995 -0.327616 1.272530 0.411587 0.179366 0.002076
frame-000401.color.jpg 0.100906 0.309627 -0.842152 0.429801 -0.335791 1.268578 0.417359 0.221872 0.003447
frame-000402.color.jpg 0.098032 0.309821 -0.845413 0.423884 -0.353383 1.263868 0.435934 0.133661 0.002137
frame-000403.color.jpg 0.091760 0.312048 -0.853122 0.407908 -0.409909 1.246452 0.488355 0.179113 0.004794
frame-000404.color.jpg 0.091922 0.313697 -0.853802 0.405174 -0.417272 1.244185 0.498817 0.126808 0.002277
frame-000405.color.jpg 0.094448 0.320668 -0.855119 0.396261 -0.448461 1.227123 0.527960 0.302096 0.006025
frame-000406.color.jpg 0.089643 0.325712 -0.856681 0.389838 -0.469142 1.215068 0.547581 0.111948 0.003001
frame-000407.color.jpg 0.085656 0.334942 -0.857796 0.380345 -0.520307 1.185936 0.580409 0.289816 0.005483
frame-000408.color.jpg 0.087786 0.337242 -0.858230 0.376832 -0.527990 1.182910 0.593062 0.188734 0.002581
frame-000409.color.jpg 0.088784 0.342290 -0.857175 0.374440 -0.552912 1.172650 0.601772 0.218590 0.004250
frame-000410.color.jpg 0.087820 0.348795 -0.855718 0.371989 -0.599507 1.150985 0.616337 0.200926 0.003279
frame-000411.color.jpg 0.089357 0.350269 -0.855923 0.369760 -0.604895 1.147362 0.623114 0.092385 0.003679
frame-000412.color.jpg 0.089597 0.357447 -0.855600 0.363528 -0.633422 1.127009 0.642756 0.101114 0.004678
frame-000413.color.jpg 0.090747 0.359070 -0.856128 0.360387 -0.652756 1.114566 0.656286 0.134848 0.003839
frame-000414.color.jpg 0.090841 0.355155 -0.859238 0.356825 -0.675081 1.114197 0.668011 0.211072 0.003495
frame-000415.color.jpg 0.091171 0.354306 -0.859226 0.357610 -0.680328 1.114802 0.666439 0.292719 0.005365
frame-000416.color.jpg 0.087050 0.350489 -0.860571 0.359161 -0.696262 1.120108 0.656862 0.152072 0.002629
frame-000417.color.jpg 0.082994 0.333735 -0.862660 0.370878 -0.726695 1.156291 0.608981 0.330277 0.006599
frame-000418.color.jpg 0.075695 0.321378 -0.866193 0.375095 -0.735344 1.175392 0.581883 0.314423 0.005311
frame-000419.color.jpg 0.076255 0.319354 -0.867274 0.374210 -0.738203 1.180290 0.581701 0.230094 0.002452
frame-000420.color.jpg 0.077256 0.311636 -0.869121 0.376224 -0.739330 1.196594 0.567013 0.220832 0.001791
frame-000421.color.jpg 0.084638 0.298198 -0.871180 0.380736 -0.733333 1.234845 0.541016 0.414717 0.006991
frame-000422.color.jpg 0.077394 0.292314 -0.872713 0.383321 -0.750131 1.244551 0.513902 0.330835 0.007582
frame-000423.color.jpg 0.075673 0.290281 -0.872865 0.384861 -0.755413 1.244236 0.501844 0.348850 0.008492
frame-000424.color.jpg 0.071672 0.287928 -0.874732 0.383150 -0.772644 1.245750 0.495754 0.316243 0.006553
frame-000425.color.jpg 0.063877 0.275875 -0.871482 0.400415 -0.829242 1.290700 0.395161 0.639983 0.013192
frame-000426.color.jpg 0.061062 0.283695 -0.868822 0.401170 -0.876029 1.284706 0.369019 0.513474 0.010842
frame-000427.color.jpg 0.057524 0.284162 -0.865751 0.407945 -0.883566 1.278374 0.334802 0.182666 0.006409
frame-000428.color.jpg 0.052268 0.298406 -0.859836 0.410979 -0.947942 1.262091 0.317869 0.260318 0.004156
frame-000429.color.jpg 0.062211 0.320122 -0.851819 0.409947 -1.008243 1.249279 0.304308 0.297992 0.012982
frame-000430.color.jpg 0.079832 0.332900 -0.844005 0.412869 -1.037880 1.253858 0.301159 0.244020 0.004564
frame-000431.color.jpg 0.086017 0.346042 -0.839060 0.410894 -1.067769 1.247143 0.322121 0.699024 0.017028
frame-000432.color.jpg 0.088595 0.349388 -0.835080 0.415597 -1.074153 1.241085 0.311116 0.562321 0.014121
frame-000433.color.jpg 0.106767 0.370002 -0.820651 0.422173 -1.119455 1.220952 0.322459 0.609788 0.016605
frame-000434.color.jpg 0.152595 0.415561 -0.788066 0.427757 -1.203811 1.177418 0.383167 0.134125 0.002129
frame-000435.color.jpg 0.163785 0.434079 -0.775234 0.428675 -1.242531 1.144076 0.413650 0.311638 0.006436
frame-000436.color.jpg 0.168669 0.438070 -0.771692 0.429112 -1.249300 1.135751 0.420206 0.319852 0.007262
frame-000437.color.jpg 0.179880 0.454593 -0.763148 0.422603 -1.280688 1.114635 0.474738 0.118573 0.002654
frame-000438.color.jpg 0.185911 0.461771 -0.755700 0.425585 -1.293124 1.107032 0.478401 0.397104 0.008014
frame-000439.color.jpg 0.211401 0.472631 -0.740658 0.428200 -1.298755 1.124579 0.515494 0.217793 0.005706
frame-000440.color.jpg 0.211820 0.472629 -0.738786 0.431218 -1.298135 1.126965 0.508129 0.553465 0.012099
frame-000441.color.jpg 0.219582 0.475989 -0.732608 0.434170 -1.305926 1.138966 0.517839 0.404046 0.007956
frame-000442.color.jpg 0.232672 0.480659 -0.714044 0.452738 -1.324179 1.141445 0.484970 0.543755 0.011657
frame-000443.color.jpg 0.233471 0.482025 -0.713389 0.451906 -1.327662 1.147500 0.495133 0.507865 0.010645
frame-000444.color.jpg 0.238731 0.483790 -0.707301 0.456815 -1.333212 1.145116 0.486954 0.386099 0.009267
frame-000445.color.jpg 0.249009 0.483056 -0.702897 0.458898 -1.329766 1.168386 0.497632 0.344780 0.008676
frame-000446.color.jpg 0.249568 0.483597 -0.703004 0.457860 -1.332767 1.173465 0.502907 0.302480 0.008139
frame-000447.color.jpg 0.253390 0.480138 -0.701003 0.462446 -1.333320 1.181830 0.485524 0.116677 0.003708
frame-000448.color.jpg 0.251966 0.472689 -0.700410 0.471703 -1.340083 1.210312 0.451826 0.388868 0.008772
frame-000449.color.jpg 0.252054 0.473007 -0.700124 0.471762 -1.344711 1.213292 0.450917 0.322024 0.007171
frame-000450.color.jpg 0.252938 0.469708 -0.698583 0.476842 -1.348441 1.221374 0.431813 0.156969 0.004611
frame-000451.color.jpg 0.251271 0.457164 -0.700318 0.487257 -1.344310 1.255954 0.375651 0.109325 0.003274
frame-000452.color.jpg 0.250950 0.455594 -0.701298 0.487483 -1.342173 1.265455 0.373062 0.240034 0.003959
frame-000453.color.jpg 0.251366 0.452295 -0.701051 0.490685 -1.336061 1.269966 0.359236 0.101119 0.001771
frame-000454.color.jpg 0.253399 0.438531 -0.698116 0.506077 -1.314492 1.291619 0.284359 0.650624 0.015367
frame-000455.color.jpg 0.245356 0.435179 -0.701580 0.508139 -1.315944 1.297581 0.271326 0.635253 0.013997
frame-000456.color.jpg 0.240236 0.433342 -0.703386 0.509656 -1.314213 1.297204 0.258762 0.930870 0.019952
frame-000457.color.jpg 0.225624 0.424770 -0.715035 0.507335 -1.314597 1.297330 0.240063 0.383001 0.007985
frame-000458.color.jpg 0.215922 0.417829 -0.725293 0.502739 -1.307177 1.305931 0.232940 0.235996 0.004536
frame-000459.color.jpg 0.214109 0.413755 -0.727726 0.503368 -1.299462 1.309229 0.223818 0.505762 0.008224
frame-000460.color.jpg 0.203820 0.409244 -0.736196 0.498991 -1.296761 1.313502 0.220029 0.357381 0.005956
frame-000461.color.jpg 0.199963 0.406135 -0.739054 0.498867 -1.290474 1.313792 0.210256 0.364116 0.007038
frame-000462.color.jpg 0.174055 0.385291 -0.762014 0.490500 -1.255330 1.341209 0.179407 0.487446 0.010002
frame-000463.color.jpg 0.161634 0.377177 -0.771232 0.486634 -1.238696 1.349462 0.167594 0.560297 0.012404
frame-000464.color.jpg 0.161350 0.375884 -0.772963 0.484980 -1.240138 1.352349 0.168871 0.430619 0.008834
frame-000465.color.jpg 0.140479 0.359499 -0.788725 0.478475 -1.215348 1.379411 0.148016 0.249121 0.003246
frame-000466.color.jpg 0.128395 0.344732 -0.797386 0.478382 -1.187590 1.400552 0.118892 0.161362 0.004298
frame-000467.color.jpg 0.114274 0.328435 -0.806229 0.478609 -1.155590 1.422343 0.083099 0.180490 0.004880
frame-000468.color.jpg 0.110872 0.324413 -0.807187 0.480535 -1.143250 1.424150 0.067679 0.567798 0.012131
frame-000469.color.jpg 0.090888 0.303456 -0.819411 0.477723 -1.101307 1.452842 0.033934 0.606841 0.012680
frame-000470.color.jpg 0.089971 0.300802 -0.821224 0.476461 -1.097739 1.459310 0.032007 0.401768 0.008786
frame-000471.color.jpg 0.082282 0.288923 -0.824646 0.479283 -1.072798 1.472379 0.000767 0.494436 0.008869
frame-000472.color.jpg 0.070396 0.261869 -0.834849 0.479058 -1.007843 1.512595 -0.034588 0.382486 0.007111
frame-000473.color.jpg 0.069818 0.259725 -0.836902 0.476721 -1.003796 1.522239 -0.029455 0.274853 0.005004
frame-000474.color.jpg 0.065143 0.247162 -0.841416 0.476116 -0.968134 1.533674 -0.042385 0.496516 0.008412
frame-000475.color.jpg 0.052092 0.223105 -0.851516 0.471626 -0.903852 1.551006 -0.050875 0.918542 0.018104
frame-000476.color.jpg 0.049122 0.221346 -0.854419 0.467505 -0.905848 1.559031 -0.042230 0.523880 0.009598
frame-000477.color.jpg 0.040615 0.211813 -0.859029 0.464280 -0.889811 1.568005 -0.037568 0.494259 0.008615
frame-000478.color.jpg 0.030945 0.196722 -0.865772 0.459109 -0.862917 1.581565 -0.031830 0.414417 0.004486
frame-000479.color.jpg 0.030346 0.191917 -0.865265 0.462130 -0.847822 1.576989 -0.049233 0.553466 0.012109
frame-000480.color.jpg 0.023159 0.182898 -0.869495 0.458248 -0.829780 1.582246 -0.041989 0.634544 0.012796
frame-000481.color.jpg 0.017262 0.171010 -0.875164 0.452267 -0.807092 1.592776 -0.029215 0.419915 0.007473
frame-000482.color.jpg 0.016745 0.165889 -0.875472 0.453596 -0.789299 1.593053 -0.040558 0.710716 0.014778
frame-000483.color.jpg 0.013303 0.165409 -0.878463 0.448069 -0.799427 1.596026 -0.014360 0.397545 0.006809
frame-000484.color.jpg 0.013565 0.165617 -0.879292 0.446355 -0.806572 1.596041 -0.005673 0.130557 0.004674
frame-000485.color.jpg 0.000688 0.159649 -0.881448 0.444478 -0.809805 1.585573 -0.015376 0.266444 0.004878
frame-000486.color.jpg 0.001739 -0.150390 0.886607 -0.437387 -0.803724 1.592673 0.014300 0.081159 0.006069
frame-000487.color.jpg 0.003261 -0.146901 0.885879 -0.440031 -0.791141 1.591607 -0.001492 0.280898 0.004985
frame-000488.color.jpg 0.006432 -0.141679 0.886186 -0.441090 -0.785649 1.592383 -0.004698 0.265783 0.004306
frame-000489.color.jpg 0.014041 -0.125462 0.885378 -0.447401 -0.771989 1.593117 -0.017196 0.182170 0.003729
frame-000490.color.jpg 0.013780 -0.123222 0.885833 -0.447132 -0.769287 1.595948 -0.013383 0.077595 0.002980
frame-000491.color.jpg 0.017043 -0.107013 0.888101 -0.446692 -0.735707 1.599015 -0.009766 0.125718 0.004196
frame-000492.color.jpg 0.019726 -0.102235 0.888124 -0.447654 -0.720108 1.597399 -0.015072 0.530259 0.009610
frame-000493.color.jpg 0.022300 -0.095325 0.889574 -0.446177 -0.712520 1.596215 -0.005299 0.288914 0.004770
frame-000494.color.jpg 0.034018 -0.086283 0.890155 -0.446119 -0.709054 1.589722 -0.005082 0.432779 0.006489
frame-000495.color.jpg 0.033254 -0.083057 0.890394 -0.446312 -0.702289 1.594157 -0.007262 0.301746 0.005012
frame-000496.color.jpg 0.042246 -0.066382 0.889275 -0.450555 -0.662058 1.606575 -0.029714 0.826825 0.016240
frame-000497.color.jpg 0.043297 -0.068224 0.888248 -0.452202 -0.673156 1.599651 -0.029237 0.553526 0.011319
frame-000498.color.jpg 0.043579 -0.063424 0.889216 -0.450969 -0.666400 1.609345 -0.027997 0.452482 0.009424
frame-000499.color.jpg 0.048273 -0.050860 0.890718 -0.449116 -0.637689 1.618464 -0.016543 0.375789 0.008241
frame-000500.color.jpg 0.048982 -0.047949 0.891323 -0.448157 -0.632282 1.622793 -0.020011 0.354359 0.008246
frame-000501.color.jpg 0.063293 -0.025960 0.890918 -0.448983 -0.587709 1.645059 -0.049973 0.439143 0.010550
frame-000502.color.jpg 0.065091 -0.019445 0.889247 -0.452355 -0.567294 1.648103 -0.059058 0.524826 0.011022
frame-000503.color.jpg 0.066324 -0.011921 0.888908 -0.453103 -0.546585 1.658417 -0.066235 0.474334 0.009582
frame-000504.color.jpg 0.066611 -0.005739 0.888663 -0.453661 -0.526440 1.667158 -0.076009 0.553754 0.011095
frame-000505.color.jpg 0.072006 0.020994 0.888809 -0.452099 -0.432097 1.693873 -0.088242 0.608886 0.013682
frame-000506.color.jpg 0.085855 0.049283 0.884136 -0.456623 -0.344359 1.717344 -0.131874 0.618793 0.012821
frame-000507.color.jpg 0.087273 0.050638 0.884408 -0.455677 -0.344104 1.723547 -0.128575 0.374516 0.007915
frame-000508.color.jpg 0.092478 0.057811 0.882897 -0.456726 -0.321896 1.725665 -0.139493 0.526980 0.011993
frame-000509.color.jpg 0.093978 0.061154 0.881849 -0.458007 -0.313621 1.727946 -0.153367 0.450460 0.008304
frame-000510.color.jpg 0.107834 0.082440 0.877929 -0.459146 -0.260377 1.749485 -0.181837 0.199033 0.003402
frame-000511.color.jpg 0.122657 0.104186 0.872627 -0.461110 -0.196009 1.761625 -0.215751 0.425684 0.008200
frame-000512.color.jpg 0.125094 0.107162 0.871758 -0.461417 -0.186188 1.761741 -0.222530 0.570032 0.013251
frame-000513.color.jpg 0.128325 0.116602 0.869701 -0.462122 -0.162054 1.771968 -0.227347 0.269557 0.004418
frame-000514.color.jpg 0.131715 0.120131 0.868379 -0.462749 -0.149107 1.771206 -0.237236 0.618212 0.012798
frame-000515.color.jpg 0.142972 0.139497 0.864209 -0.461782 -0.098268 1.788048 -0.250008 0.283946 0.004444
frame-000516.color.jpg 0.154092 0.158771 0.860451 -0.458990 -0.048513 1.799093 -0.255525 0.288321 0.003630
frame-000517.color.jpg 0.156644 0.160685 0.859891 -0.458508 -0.043114 1.798459 -0.257989 0.341763 0.004595
frame-000518.color.jpg 0.158276 0.165231 0.859423 -0.457207 -0.033781 1.801723 -0.255120 0.290334 0.002642
frame-000519.color.jpg 0.170593 0.181950 0.856131 -0.452584 0.008817 1.806855 -0.257376 0.472678 0.009006
frame-000520.color.jpg 0.167622 0.181283 0.857569 -0.451237 -0.002471 1.809709 -0.251386 0.434624 0.007842
frame-000521.color.jpg 0.174694 0.185255 0.857132 -0.447759 0.006363 1.808057 -0.250300 0.451787 0.007443
frame-000522.color.jpg 0.174591 0.186568 0.856913 -0.447672 0.007490 1.808977 -0.252744 0.283240 0.005638
frame-000523.color.jpg 0.183269 0.188317 0.859468 -0.438480 -0.008067 1.820093 -0.241302 0.396159 0.008288
frame-000524.color.jpg 0.184268 0.190166 0.855496 -0.444982 0.000341 1.809984 -0.268218 0.276791 0.002706
frame-000525.color.jpg 0.185819 0.191370 0.855839 -0.443157 0.003375 1.815933 -0.263889 0.418264 0.006709
frame-000526.color.jpg 0.194632 0.191461 0.854705 -0.441520 -0.016295 1.815242 -0.273598 0.383616 0.005411
frame-000527.color.jpg 0.202883 0.197301 0.854124 -0.436330 -0.015198 1.823365 -0.263997 0.662553 0.012257
frame-000528.color.jpg 0.202661 0.200003 0.854129 -0.435192 -0.010844 1.826871 -0.259836 0.572429 0.011793
frame-000529.color.jpg 0.203872 0.204227 0.852467 -0.435921 -0.007032 1.825634 -0.266745 0.351083 0.007242
frame-000530.color.jpg 0.210702 0.206297 0.850498 -0.435545 0.007056 1.821903 -0.272068 1.030234 0.021019
frame-000531.color.jpg 0.207347 0.219009 0.848165 -0.435498 0.036419 1.830843 -0.268207 0.731007 0.017011
frame-000532.color.jpg 0.201809 0.231512 0.847385 -0.433145 0.073572 1.842552 -0.253863 0.967169 0.019540
frame-000533.color.jpg 0.203163 0.232868 0.844154 -0.438066 0.082530 1.825571 -0.272513 0.630193 0.013988
frame-000534.color.jpg 0.221856 0.293648 0.830936 -0.417249 0.255083 1.826387 -0.222081 0.676901 0.010916
frame-000535.color.jpg 0.224206 0.301098 0.828145 -0.416230 0.281854 1.829628 -0.225408 0.593366 0.012486
frame-000536.color.jpg 0.221225 0.319513 0.821153 -0.417947 0.360247 1.825730 -0.220226 0.390516 0.010197
frame-000537.color.jpg 0.223433 0.324419 0.818298 -0.418591 0.383147 1.821632 -0.218265 0.553125 0.009906
frame-000538.color.jpg 0.232503 0.352194 0.806983 -0.413134 0.483641 1.815530 -0.195247 0.322064 0.006745
frame-000539.color.jpg 0.238034 0.364981 0.801749 -0.409055 0.526822 1.814478 -0.180274 0.295117 0.008885
frame-000540.color.jpg 0.245569 0.374570 0.796729 -0.405730 0.564553 1.812229 -0.166148 0.916193 0.017743
frame-000541.color.jpg 0.250387 0.385282 0.788496 -0.408825 0.595302 1.798283 -0.181919 0.265191 0.006678
frame-000542.color.jpg 0.250379 0.387370 0.787953 -0.407903 0.597598 1.798741 -0.177690 0.277883 0.005529
frame-000543.color.jpg 0.261850 0.407570 0.775855 -0.404192 0.666760 1.780275 -0.157179 0.363523 0.006968
frame-000544.color.jpg 0.266763 0.421912 0.767574 -0.402066 0.711323 1.767548 -0.144261 0.297045 0.007030
frame-000545.color.jpg 0.265830 0.422640 0.766236 -0.404464 0.710183 1.760094 -0.152031 0.483373 0.008108
frame-000546.color.jpg 0.277191 0.443031 0.753896 -0.398159 0.771710 1.742775 -0.118825 0.371322 0.010047
frame-000547.color.jpg 0.285907 0.455792 0.745793 -0.392816 0.809315 1.729735 -0.083658 0.482164 0.009374
frame-000548.color.jpg 0.287105 0.460085 0.743764 -0.390779 0.823181 1.728008 -0.073349 0.548271 0.011213
frame-000549.color.jpg 0.288931 0.473555 0.735644 -0.388706 0.854680 1.702121 -0.048309 0.406005 0.005264
frame-000550.color.jpg 0.293422 0.487076 0.727042 -0.384799 0.902260 1.682847 -0.019714 0.523910 0.009868
frame-000551.color.jpg 0.293768 0.489628 0.725497 -0.384211 0.908563 1.677233 -0.013195 0.512767 0.009021
frame-000552.color.jpg 0.295155 0.512945 0.714710 -0.372774 0.982031 1.646745 0.056658 1.631465 0.028179
frame-000553.color.jpg 0.285840 0.511678 0.715510 -0.380166 0.959937 1.627744 0.037054 0.430798 0.004945
frame-000554.color.jpg 0.287910 0.513226 0.715015 -0.377440 0.962986 1.626543 0.044850 0.199060 0.006401
frame-000555.color.jpg 0.284601 0.519006 0.719194 -0.363861 0.940021 1.614727 0.100636 0.453431 0.008373
frame-000556.color.jpg 0.285416 0.520237 0.719787 -0.360276 0.938307 1.612522 0.122126 0.424351 0.006733
frame-000557.color.jpg 0.282219 0.524788 0.721464 -0.352759 0.929046 1.606060 0.145420 0.162202 0.010381
frame-000558.color.jpg 0.279707 0.530413 0.720128 -0.349058 0.929995 1.585835 0.174686 0.406304 0.009593
frame-000559.color.jpg 0.279067 0.528820 0.720687 -0.350830 0.920568 1.582630 0.172158 0.368258 0.004878
frame-000560.color.jpg 0.278121 0.532000 0.724293 -0.339152 0.904051 1.569535 0.213062 0.395938 0.008459
frame-000561.color.jpg 0.278033 0.533730 0.724250 -0.336589 0.905494 1.567317 0.221547 0.370305 0.010202
frame-000562.color.jpg 0.281945 0.535825 0.723393 -0.331815 0.897419 1.560808 0.241826 0.551649 0.010763
frame-000563.color.jpg 0.294509 0.558005 0.713856 -0.303816 0.913579 1.535141 0.345119 0.632356 0.014311
frame-000564.color.jpg 0.301374 0.558646 0.711298 -0.301901 0.907862 1.536127 0.349617 0.647224 0.013784
frame-000565.color.jpg 0.299735 0.571701 0.699210 -0.307283 0.953331 1.502679 0.350787 0.332704 0.008161
frame-000566.color.jpg 0.298753 0.608319 0.663648 -0.316649 1.095747 1.400664 0.364358 1.115033 0.016389
frame-000567.color.jpg 0.304901 0.617336 0.654718 -0.311891 1.128138 1.385353 0.402405 0.927662 0.018048
frame-000568.color.jpg 0.317914 0.653704 0.614025 -0.307531 1.235581 1.293572 0.457633 0.879439 0.011759
frame-000569.color.jpg 0.325811 0.660056 0.606288 -0.300978 1.253506 1.280605 0.492923 1.343324 0.021653
frame-000570.color.jpg 0.323379 0.664277 0.603427 -0.300064 1.247752 1.267117 0.492225 0.961756 0.014810
frame-000571.color.jpg 0.331129 0.682211 0.579141 -0.299228 1.289939 1.195592 0.529675 1.602688 0.023802
frame-000572.color.jpg 0.344135 0.692801 0.566856 -0.283322 1.313284 1.177895 0.607450 1.812300 0.030131
frame-000573.color.jpg 0.337859 0.699103 0.555953 -0.296688 1.324428 1.120320 0.591777 2.180293 0.038320
frame-000574.color.jpg 0.357723 0.704118 0.543815 -0.283756 1.309740 1.132430 0.620728 1.647905 0.021405
frame-000575.color.jpg 0.359526 0.711328 0.535966 -0.278379 1.319879 1.116379 0.671470 0.977813 0.020454
frame-000576.color.jpg 0.357850 0.712517 0.536481 -0.276499 1.313933 1.134976 0.669436 0.636582 0.012383
frame-000577.color.jpg 0.360091 0.693589 0.557911 -0.279293 1.236342 1.232576 0.665038 3.852793 0.073668
frame-000578.color.jpg 0.372586 0.709444 0.525455 -0.285947 1.314501 1.174019 0.667936 1.955152 0.043368
frame-000579.color.jpg 0.386600 0.711597 0.507122 -0.294953 1.343139 1.141681 0.636094 0.659355 0.014071
frame-000580.color.jpg 0.391251 0.711240 0.506895 -0.290033 1.335615 1.157497 0.652171 0.895311 0.018483
frame-000581.color.jpg 0.395033 0.705118 0.505638 -0.301806 1.333354 1.160810 0.592743 0.712327 0.012694
frame-000582.color.jpg 0.401361 0.708361 0.496193 -0.301541 1.341199 1.173269 0.622790 1.304126 0.026321
frame-000583.color.jpg 0.403084 0.704177 0.495256 -0.310450 1.341748 1.163370 0.578230 0.699897 0.013642
frame-000584.color.jpg 0.403657 0.706143 0.496596 -0.303010 1.330117 1.188044 0.603846 1.494082 0.028351
frame-000585.color.jpg 0.410784 0.702825 0.493303 -0.306504 1.316396 1.226392 0.599618 2.218309 0.046497
frame-000586.color.jpg 0.417685 0.702717 0.483244 -0.313375 1.336336 1.202260 0.572728 1.365447 0.026883
frame-000587.color.jpg 0.422865 0.696770 0.484275 -0.318080 1.319363 1.236925 0.568395 1.928767 0.046016
frame-000588.color.jpg 0.424474 0.693842 0.480123 -0.328461 1.279951 1.248694 0.541478 3.442610 0.083660
frame-000589.color.jpg 0.432953 0.705324 0.463837 -0.316111 1.301999 1.214328 0.595604 1.981461 0.044232
frame-000590.color.jpg 0.443496 0.709967 0.453581 -0.305815 1.312221 1.196667 0.624395 0.573269 0.010383
frame-000591.color.jpg 0.429763 0.714567 0.460736 -0.304007 1.280799 1.211706 0.650955 2.165209 0.054185
frame-000592.color.jpg 0.439582 0.722972 0.445189 -0.293063 1.305689 1.174673 0.683540 1.218899 0.022974
frame-000593.color.jpg 0.449338 0.736408 0.429690 -0.266768 1.270355 1.144784 0.776701 1.598673 0.039463
frame-000594.color.jpg 0.460555 0.743137 0.413078 -0.254958 1.287527 1.119087 0.810446 3.568572 0.085714
frame-000595.color.jpg 0.442745 0.727949 0.437799 -0.287055 1.191911 1.124302 0.684934 2.723529 0.062867
frame-000596.color.jpg 0.431092 0.760038 0.419320 -0.246320 1.162192 1.122136 0.866520 2.607246 0.061345
frame-000597.color.jpg 0.441131 0.761176 0.406760 -0.246090 1.162990 1.093160 0.859320 1.076473 0.025187
frame-000598.color.jpg 0.438824 0.766227 0.402755 -0.241077 1.168781 1.090758 0.877665 1.480110 0.033460
frame-000599.color.jpg 0.441159 0.765964 0.400252 -0.241819 1.116747 1.083894 0.860725 1.479135 0.035709
frame-000600.color.jpg 0.440936 0.770903 0.397283 -0.231191 1.119159 1.089690 0.897737 1.622399 0.037020
frame-000601.color.jpg 0.444958 0.771231 0.392939 -0.229813 1.071574 1.073283 0.883980 0.897913 0.020999
frame-000602.color.jpg 0.443151 0.774765 0.387995 -0.229818 1.061447 1.064373 0.889671 1.286610 0.028253
frame-000603.color.jpg 0.443796 0.774069 0.387448 -0.231832 1.054970 1.059897 0.877940 1.420706 0.030990
frame-000604.color.jpg 0.442849 0.794277 0.362796 -0.203441 0.982008 0.998165 0.968101 0.447620 0.009424
frame-000605.color.jpg 0.441387 0.809208 0.341422 -0.183821 0.925451 0.948868 1.024878 0.293352 0.008395
frame-000606.color.jpg 0.441702 0.809990 0.339729 -0.182757 0.919751 0.943809 1.028228 0.169241 0.006109
frame-000607.color.jpg 0.440711 0.813520 0.333498 -0.180937 0.908048 0.926061 1.034634 0.035331 0.002207
frame-000608.color.jpg 0.441443 0.815147 0.329444 -0.179251 0.901168 0.915638 1.039464 0.228476 0.004891
frame-000609.color.jpg 0.437447 0.818924 0.326753 -0.176739 0.888929 0.902169 1.050451 0.026570 0.002352
frame-000610.color.jpg 0.432232 0.824066 0.322028 -0.174322 0.876494 0.876814 1.061816 0.098910 0.002725
frame-000611.color.jpg 0.423474 0.829477 0.322557 -0.169099 0.863631 0.848516 1.083887 0.066848 0.002355
frame-000612.color.jpg 0.423453 0.830735 0.320696 -0.166496 0.858470 0.838578 1.089331 0.397513 0.005105
frame-000613.color.jpg 0.411982 0.844849 0.306351 -0.150500 0.838997 0.773209 1.127826 0.203054 0.003765
frame-000614.color.jpg 0.405507 0.853136 0.295204 -0.143449 0.837136 0.732984 1.152698 0.306218 0.005097
frame-000615.color.jpg 0.400743 0.859842 0.284537 -0.138258 0.832759 0.705668 1.171451 0.110735 0.002431
frame-000616.color.jpg 0.396558 0.867845 0.267826 -0.133626 0.838522 0.666927 1.189885 0.189319 0.006197
frame-000617.color.jpg 0.396029 0.870449 0.261567 -0.130622 0.832763 0.650503 1.203522 0.166475 0.003738
frame-000618.color.jpg 0.398488 0.878902 0.235760 -0.114695 0.800442 0.608634 1.245547 0.299920 0.006783
frame-000619.color.jpg 0.399547 0.882201 0.223301 -0.110547 0.785908 0.597033 1.265211 0.184220 0.003862
frame-000620.color.jpg 0.402019 0.884553 0.211300 -0.106294 0.772532 0.584456 1.280322 0.267289 0.005364
frame-000621.color.jpg 0.402765 0.887203 0.200229 -0.102761 0.760500 0.569360 1.297579 0.345029 0.006157
frame-000622.color.jpg 0.416738 0.886006 0.177691 -0.098734 0.744296 0.579656 1.324541 0.403591 0.006788
frame-000623.color.jpg 0.420024 0.884994 0.175227 -0.098292 0.742492 0.585510 1.325203 0.373419 0.006731
frame-000624.color.jpg 0.426481 0.882668 0.170901 -0.099015 0.739610 0.606840 1.329994 0.294812 0.005311
frame-000625.color.jpg 0.433805 0.880251 0.166607 -0.095987 0.732833 0.627827 1.337586 0.215916 0.002531
frame-000626.color.jpg 0.440540 0.877382 0.162785 -0.098110 0.738931 0.642838 1.339942 0.270123 0.003752
frame-000627.color.jpg 0.440177 0.877324 0.160558 -0.103772 0.751898 0.644088 1.344872 0.235995 0.005296
frame-000628.color.jpg 0.441074 0.876983 0.159071 -0.105120 0.756629 0.644229 1.344117 0.391621 0.006131
frame-000629.color.jpg 0.447216 0.873038 0.159763 -0.110811 0.763441 0.676714 1.346402 0.190316 0.003923
frame-000630.color.jpg 0.454644 0.869185 0.158305 -0.112946 0.765776 0.700846 1.341776 0.297650 0.004912
frame-000631.color.jpg 0.461213 0.865267 0.159128 -0.115209 0.763266 0.729668 1.337228 0.244545 0.003098
frame-000632.color.jpg 0.461728 0.864631 0.161124 -0.115148 0.760153 0.738301 1.337061 0.101746 0.001736
frame-000633.color.jpg 0.464782 0.862488 0.163155 -0.116072 0.756082 0.753732 1.333580 0.174256 0.002245
frame-000634.color.jpg 0.469753 0.856920 0.172623 -0.123374 0.756859 0.796840 1.305914 0.074981 0.003416
frame-000635.color.jpg 0.473566 0.853990 0.177435 -0.122281 0.744128 0.817194 1.294515 0.448956 0.010546
frame-000636.color.jpg 0.480675 0.848778 0.180680 -0.126021 0.736964 0.854478 1.270469 0.496002 0.011750
frame-000637.color.jpg 0.483843 0.846500 0.181460 -0.128082 0.739076 0.864697 1.259130 0.666898 0.016480
frame-000638.color.jpg 0.492630 0.836413 0.197780 -0.136424 0.716281 0.944482 1.206717 0.405614 0.010822
frame-000639.color.jpg 0.496689 0.831833 0.203957 -0.140551 0.705479 0.984583 1.179522 0.260157 0.008460
frame-000640.color.jpg 0.501525 0.828586 0.203595 -0.143066 0.702780 0.990808 1.163814 0.473286 0.011728
frame-000641.color.jpg 0.507811 0.823718 0.204304 -0.147907 0.694085 1.021707 1.137342 0.247531 0.005500
frame-000642.color.jpg 0.512137 0.814480 0.217762 -0.164068 0.700722 1.063758 1.082881 0.102586 0.002813
frame-000643.color.jpg 0.513507 0.813091 0.218496 -0.165687 0.703389 1.069948 1.076489 0.198625 0.004563
frame-000644.color.jpg 0.518355 0.806705 0.224056 -0.174169 0.712035 1.095352 1.038469 0.381638 0.008851
frame-000645.color.jpg 0.519678 0.801805 0.231496 -0.182903 0.713415 1.116019 1.012462 0.161961 0.002392
frame-000646.color.jpg 0.521830 0.796207 0.245726 -0.182665 0.683115 1.164175 0.982498 0.087236 0.002972
frame-000647.color.jpg 0.521729 0.795917 0.247179 -0.182258 0.679650 1.169849 0.977713 0.090178 0.003999
frame-000648.color.jpg 0.521696 0.796369 0.247779 -0.179539 0.671649 1.179154 0.972199 0.335660 0.007821
frame-000649.color.jpg 0.514022 0.800530 0.247062 -0.184104 0.692067 1.181026 0.954641 0.161602 0.005298
frame-000650.color.jpg 0.513630 0.800505 0.246225 -0.186411 0.696933 1.182342 0.950074 0.129303 0.003477
frame-000651.color.jpg 0.514958 0.800403 0.240918 -0.190084 0.716377 1.184984 0.929938 0.342369 0.006473
frame-000652.color.jpg 0.527619 0.792239 0.230912 -0.201631 0.758902 1.267552 0.828004 0.287257 0.006916
frame-000653.color.jpg 0.527468 0.791695 0.230288 -0.204850 0.766715 1.271562 0.815647 0.288311 0.005519
frame-000654.color.jpg 0.523073 0.794983 0.228094 -0.205840 0.784098 1.279297 0.809780 0.348213 0.008652
frame-000655.color.jpg 0.524463 0.794202 0.224458 -0.209283 0.798383 1.313005 0.748892 0.100145 0.004405
frame-000656.color.jpg 0.523474 0.794531 0.225367 -0.209534 0.796681 1.319161 0.747100 0.105661 0.003210
frame-000657.color.jpg 0.528331 0.792332 0.221891 -0.209380 0.796508 1.332447 0.719527 0.337021 0.006937
frame-000658.color.jpg 0.528661 0.791551 0.222230 -0.211137 0.795043 1.339268 0.709559 0.151835 0.005087
frame-000659.color.jpg 0.539252 0.785813 0.216883 -0.211346 0.774443 1.382228 0.657226 0.177305 0.005767
frame-000660.color.jpg 0.542520 0.783561 0.216553 -0.211680 0.766680 1.394346 0.637630 0.136400 0.004810
frame-000661.color.jpg 0.543170 0.782602 0.216639 -0.213467 0.763063 1.400485 0.626190 0.176910 0.006561
frame-000662.color.jpg 0.552528 0.772742 0.224636 -0.217076 0.720920 1.445781 0.559259 0.286195 0.006075
frame-000663.color.jpg 0.564511 0.758599 0.236415 -0.223524 0.656911 1.493548 0.467692 0.168514 0.002720
frame-000664.color.jpg 0.566025 0.757142 0.237084 -0.223924 0.650042 1.498530 0.456434 0.253353 0.004160
frame-000665.color.jpg 0.566571 0.753029 0.243952 -0.228982 0.623299 1.511989 0.428765 0.244591 0.002660
frame-000666.color.jpg 0.568627 0.745693 0.253915 -0.236922 0.575257 1.531360 0.372427 0.276963 0.002604
frame-000667.color.jpg 0.570686 0.743833 0.253955 -0.237775 0.572650 1.532274 0.358509 0.311037 0.004547
frame-000668.color.jpg 0.572281 0.738370 0.260832 -0.243456 0.541450 1.545959 0.328275 0.110612 0.001439
frame-000669.color.jpg 0.573427 0.736739 0.261022 -0.245490 0.539102 1.545777 0.318395 0.144679 0.002024
frame-000670.color.jpg 0.576833 0.724322 0.271768 -0.262226 0.505462 1.566687 0.251428 0.062166 0.001256
frame-000671.color.jpg 0.579422 0.720335 0.272871 -0.266325 0.499653 1.568177 0.230723 0.180515 0.002724
frame-000672.color.jpg 0.578119 0.720356 0.274324 -0.267603 0.497383 1.570241 0.230846 0.146218 0.002668
frame-000673.color.jpg 0.574963 0.721304 0.276378 -0.269727 0.464688 1.573014 0.220019 0.331944 0.003976
frame-000674.color.jpg 0.569400 0.725029 0.279354 -0.268472 0.454857 1.583249 0.225498 0.249233 0.003798
frame-000675.color.jpg 0.571133 0.721973 0.279931 -0.272399 0.453365 1.584979 0.205801 0.331525 0.003896
frame-000676.color.jpg 0.581894 0.705036 0.295164 -0.277851 0.377498 1.603075 0.125953 0.246678 0.004205
frame-000677.color.jpg 0.571893 0.702493 0.318436 -0.279358 0.302653 1.608912 0.113995 0.189368 0.002718
frame-000678.color.jpg 0.570928 0.702237 0.319320 -0.280960 0.301863 1.606741 0.109922 0.109193 0.001411
frame-000679.color.jpg 0.565651 0.701734 0.325745 -0.285478 0.292939 1.611724 0.109883 0.102494 0.001685
frame-000680.color.jpg 0.564345 0.700824 0.327568 -0.288199 0.289685 1.614389 0.107140 0.138127 0.002370
frame-000681.color.jpg 0.566784 0.692243 0.334126 -0.296504 0.246428 1.613541 0.074358 0.250694 0.002002
frame-000682.color.jpg 0.567406 0.689456 0.341470 -0.293427 0.203990 1.620408 0.077662 0.274656 0.003174
frame-000683.color.jpg 0.566775 0.689889 0.342705 -0.292187 0.193252 1.620783 0.080791 0.244304 0.002835
frame-000684.color.jpg 0.563880 0.680574 0.358090 -0.301048 0.132873 1.614828 0.073348 0.259460 0.004055
frame-000685.color.jpg 0.560396 0.676212 0.365884 -0.307934 0.106626 1.608325 0.074787 0.320928 0.004549
frame-000686.color.jpg 0.556960 0.677054 0.370280 -0.307061 0.094953 1.613025 0.091854 0.538519 0.007120
frame-000687.color.jpg 0.548590 0.673669 0.379013 -0.318697 0.060885 1.601667 0.107788 0.529731 0.007734
frame-000688.color.jpg 0.540198 0.661722 0.399752 -0.332429 -0.014066 1.583698 0.125402 0.330990 0.004406
frame-000689.color.jpg 0.538555 0.659661 0.402066 -0.336376 -0.021321 1.578544 0.123806 0.234525 0.003550
frame-000690.color.jpg 0.531797 0.661219 0.409128 -0.335554 -0.039075 1.578402 0.158515 0.548454 0.007989
frame-000691.color.jpg 0.522363 0.655555 0.415624 -0.353045 -0.057637 1.571113 0.167626 0.359969 0.005122
frame-000692.color.jpg 0.522333 0.656350 0.414046 -0.353468 -0.055801 1.568613 0.167546 0.541660 0.008804
frame-000693.color.jpg 0.517506 0.661183 0.412189 -0.353731 -0.058581 1.564481 0.183123 0.501917 0.008171
frame-000694.color.jpg 0.516783 0.662213 0.411465 -0.353702 -0.059618 1.561565 0.182797 0.560274 0.008767
frame-000695.color.jpg 0.507214 0.663451 0.414006 -0.362167 -0.074857 1.562092 0.192223 0.537092 0.008880
frame-000696.color.jpg 0.503892 0.660498 0.418724 -0.366750 -0.093099 1.561632 0.190362 0.411582 0.006345
frame-000697.color.jpg 0.500831 0.660032 0.420888 -0.369296 -0.096853 1.562706 0.195147 0.305850 0.005371
frame-000698.color.jpg 0.501734 0.653129 0.436434 -0.362229 -0.180409 1.558973 0.203534 0.517568 0.007797
frame-000699.color.jpg 0.496796 0.645810 0.449692 -0.365924 -0.228766 1.553308 0.222779 0.127994 0.001889
frame-000700.color.jpg 0.498936 0.645347 0.449450 -0.364121 -0.232963 1.548424 0.219048 0.436058 0.007008
frame-000701.color.jpg 0.484560 0.651086 0.456671 -0.364336 -0.259428 1.536218 0.273684 0.264416 0.003777
frame-000702.color.jpg 0.477656 0.660674 0.456618 -0.356166 -0.280218 1.527665 0.313553 0.403235 0.003795
frame-000703.color.jpg 0.477291 0.661724 0.457964 -0.352964 -0.291992 1.522884 0.320414 0.294499 0.003695
frame-000704.color.jpg 0.472292 0.665092 0.461799 -0.348331 -0.347933 1.491459 0.368895 0.843624 0.012307
frame-000705.color.jpg 0.470595 0.663975 0.468659 -0.343563 -0.394457 1.476930 0.398201 0.449548 0.007420
frame-000706.color.jpg 0.470500 0.663745 0.470007 -0.342294 -0.407331 1.471105 0.406438 0.585263 0.008773
frame-000707.color.jpg 0.469670 0.667922 0.468478 -0.337369 -0.462278 1.449023 0.434228 0.965191 0.015829
frame-000708.color.jpg 0.464614 0.671853 0.471277 -0.332633 -0.496072 1.433716 0.467164 0.329590 0.007392
frame-000709.color.jpg 0.462729 0.673494 0.472674 -0.329948 -0.507937 1.428285 0.482787 0.284717 0.004851
frame-000710.color.jpg 0.460922 0.678696 0.469021 -0.327020 -0.551505 1.391888 0.501331 0.448228 0.008411
frame-000711.color.jpg 0.452148 0.682401 0.471513 -0.327972 -0.560616 1.376586 0.543094 0.589990 0.009485
frame-000712.color.jpg 0.440494 0.687220 0.476997 -0.325834 -0.581847 1.348717 0.592660 0.323941 0.006431
frame-000713.color.jpg 0.438017 0.688190 0.481861 -0.319914 -0.608942 1.329626 0.608247 0.298069 0.008396
frame-000714.color.jpg 0.438589 0.688595 0.480211 -0.320738 -0.610588 1.328686 0.607486 0.262268 0.006639
frame-000715.color.jpg 0.427735 0.693480 0.483050 -0.320611 -0.636304 1.301965 0.654108 0.145504 0.001590
frame-000716.color.jpg 0.427629 0.703530 0.478386 -0.305494 -0.648021 1.284834 0.645477 0.463726 0.011202
frame-000717.color.jpg 0.428323 0.704955 0.476286 -0.304516 -0.653949 1.281700 0.645792 0.315485 0.006206
frame-000718.color.jpg 0.429962 0.712043 0.469086 -0.296793 -0.679290 1.259361 0.620674 0.490781 0.013228
frame-000719.color.jpg 0.433828 0.711263 0.465971 -0.297941 -0.679176 1.271902 0.604530 0.523216 0.013530
frame-000720.color.jpg 0.427762 0.721028 0.460050 -0.292390 -0.672546 1.267940 0.618162 0.187844 0.005543
frame-000721.color.jpg 0.427251 0.724859 0.457246 -0.288032 -0.669103 1.266127 0.615774 0.232604 0.006168
frame-000722.color.jpg 0.418937 0.747521 0.434518 -0.277305 -0.636885 1.260762 0.597353 0.246319 0.006719
frame-000723.color.jpg 0.412358 0.760598 0.426819 -0.263204 -0.629491 1.248335 0.598921 0.140273 0.005339
frame-000724.color.jpg 0.417392 0.763723 0.419133 -0.258532 -0.630147 1.239531 0.574392 0.138067 0.003149
frame-000725.color.jpg 0.416636 0.764159 0.415229 -0.264689 -0.621939 1.244202 0.571851 0.155349 0.002727
frame-000726.color.jpg 0.421780 0.761528 0.409707 -0.272613 -0.613285 1.229979 0.524691 0.197889 0.004773
frame-000727.color.jpg 0.425392 0.754224 0.414826 -0.279478 -0.639403 1.221792 0.521099 0.077422 0.002594
frame-000728.color.jpg 0.419388 0.751510 0.428658 -0.274954 -0.682806 1.197442 0.548792 0.145350 0.003926
frame-000729.color.jpg 0.414530 0.753322 0.444360 -0.251426 -0.778181 1.114591 0.565053 0.256047 0.005520
frame-000730.color.jpg 0.416524 0.753675 0.443263 -0.248998 -0.789861 1.100297 0.553668 0.335915 0.005827
frame-000731.color.jpg 0.415854 0.753352 0.444554 -0.248793 -0.812615 1.085001 0.558161 0.398350 0.007367
frame-000732.color.jpg 0.413550 0.755071 0.446860 -0.243230 -0.833255 1.070045 0.562496 0.478953 0.009179
frame-000733.color.jpg 0.411377 0.755627 0.449665 -0.239997 -0.861612 1.043445 0.570077 0.426136 0.007871
frame-000734.color.jpg 0.408694 0.756945 0.449836 -0.240107 -0.868165 1.032976 0.578836 0.289141 0.005360
frame-000735.color.jpg 0.403129 0.762982 0.452994 -0.223925 -0.897074 0.993479 0.582885 0.540088 0.011001
frame-000736.color.jpg 0.398184 0.765355 0.455114 -0.220347 -0.913648 0.968416 0.590146 0.131140 0.005354
frame-000737.color.jpg 0.396801 0.767471 0.454662 -0.216377 -0.915004 0.965400 0.588328 0.330546 0.008496
frame-000738.color.jpg 0.392485 0.777928 0.445760 -0.205137 -0.903417 0.972010 0.580778 1.294500 0.026505
frame-000739.color.jpg 0.397427 0.781625 0.436627 -0.201173 -0.899328 0.974727 0.554709 1.283787 0.027885
frame-000740.color.jpg 0.395222 0.789586 0.428362 -0.191986 -0.893747 0.995343 0.546357 2.002750 0.043666
frame-000741.color.jpg 0.403964 0.788972 0.418776 -0.197392 -0.913556 0.992923 0.506152 0.298246 0.013153
frame-000742.color.jpg 0.408366 0.795820 0.403992 -0.191568 -0.910013 1.014819 0.475489 0.117133 0.007713
frame-000743.color.jpg 0.422057 0.798397 0.385195 -0.189883 -0.891300 1.054367 0.429173 0.652875 0.014535
frame-000744.color.jpg 0.430968 0.798143 0.376509 -0.188348 -0.888101 1.082719 0.404708 0.972159 0.020529
frame-000745.color.jpg 0.452674 0.790300 0.365545 -0.192063 -0.901626 1.110903 0.339097 0.657640 0.012309
frame-000746.color.jpg 0.458348 0.786068 0.362354 -0.201776 -0.914423 1.142184 0.323811 1.252655 0.025994
frame-000747.color.jpg 0.487679 0.771838 0.350736 -0.208375 -0.915859 1.166593 0.246618 0.122291 0.003054
frame-000748.color.jpg 0.501720 0.755464 0.354278 -0.228121 -0.932249 1.210569 0.229354 0.771779 0.017796
frame-000749.color.jpg 0.506128 0.751700 0.352689 -0.233219 -0.924458 1.210658 0.218916 0.472456 0.011313
frame-000750.color.jpg 0.511588 0.741988 0.353260 -0.250876 -0.912961 1.231823 0.221197 0.477732 0.009521
frame-000751.color.jpg 0.520417 0.728654 0.353846 -0.270226 -0.898683 1.265732 0.211875 0.496926 0.012507
frame-000752.color.jpg 0.528010 0.721131 0.353980 -0.275451 -0.896619 1.277437 0.204458 0.131909 0.003374
frame-000753.color.jpg 0.537449 0.709110 0.351801 -0.290770 -0.887610 1.315034 0.193581 0.114344 0.002091
frame-000754.color.jpg 0.537627 0.704062 0.356844 -0.296508 -0.898341 1.318821 0.203802 0.467397 0.009858
frame-000755.color.jpg 0.541414 0.699466 0.358734 -0.298208 -0.905493 1.324162 0.200006 0.506352 0.011165
frame-000756.color.jpg 0.546907 0.695061 0.357362 -0.300126 -0.904591 1.338634 0.186436 0.357977 0.008031
frame-000757.color.jpg 0.548153 0.693269 0.357169 -0.302219 -0.906743 1.342166 0.180935 0.557837 0.012095
frame-000758.color.jpg 0.554717 0.688107 0.353989 -0.305761 -0.904876 1.359569 0.159738 0.548427 0.011225
frame-000759.color.jpg 0.558123 0.685368 0.353612 -0.306150 -0.907447 1.372645 0.153948 0.458165 0.008921
frame-000760.color.jpg 0.561880 0.679891 0.356236 -0.308440 -0.921810 1.366200 0.146862 0.801959 0.015654
frame-000761.color.jpg 0.560196 0.678703 0.359900 -0.309863 -0.925367 1.375900 0.158161 0.816971 0.015973
frame-000762.color.jpg 0.562004 0.673278 0.362396 -0.315464 -0.929853 1.377624 0.158314 0.993135 0.019123
frame-000763.color.jpg 0.566146 0.666834 0.361812 -0.322340 -0.920726 1.391595 0.147661 0.727825 0.014600
frame-000764.color.jpg 0.569127 0.661793 0.361351 -0.327949 -0.915892 1.399048 0.137082 0.737227 0.014231
frame-000765.color.jpg 0.571647 0.656598 0.362459 -0.332749 -0.919239 1.410819 0.132291 0.867005 0.017364
frame-000766.color.jpg 0.574454 0.650292 0.362891 -0.339754 -0.917255 1.422137 0.124745 0.996297 0.019814
frame-000767.color.jpg 0.574683 0.646951 0.363922 -0.344609 -0.910467 1.432271 0.122809 0.934478 0.018799
frame-000768.color.jpg 0.577953 0.643600 0.362911 -0.346474 -0.910353 1.425998 0.109170 1.000971 0.019967
frame-000769.color.jpg 0.580497 0.633154 0.364406 -0.359648 -0.900804 1.444803 0.101434 1.308333 0.026446
frame-000770.color.jpg 0.584681 0.629213 0.363796 -0.360404 -0.899598 1.447858 0.081416 1.140002 0.022366
frame-000771.color.jpg 0.587175 0.623515 0.364675 -0.365331 -0.905397 1.454446 0.073255 1.476395 0.029588
frame-000772.color.jpg 0.592727 0.616376 0.367043 -0.366108 -0.916036 1.451205 0.057894 1.439729 0.029131
frame-000773.color.jpg 0.597167 0.608078 0.367318 -0.372439 -0.923676 1.456176 0.037846 1.923083 0.038880
frame-000774.color.jpg 0.603587 0.601498 0.366810 -0.373273 -0.920945 1.460193 0.013800 1.346243 0.027514
frame-000775.color.jpg 0.605615 0.596039 0.363791 -0.381607 -0.901619 1.487887 -0.006707 1.161776 0.023665
frame-000776.color.jpg 0.609098 0.591241 0.361347 -0.385828 -0.899343 1.484633 -0.024693 1.100066 0.021608
frame-000777.color.jpg 0.615168 0.582566 0.359146 -0.391407 -0.907374 1.486971 -0.048284 1.380261 0.027953
frame-000778.color.jpg 0.629132 0.568041 0.351238 -0.397686 -0.926987 1.489437 -0.112002 1.854789 0.037839
frame-000779.color.jpg 0.637080 0.560282 0.347970 -0.398911 -0.946795 1.483225 -0.145111 2.217511 0.045999
frame-000780.color.jpg 0.642184 0.557023 0.345198 -0.397698 -0.958086 1.496739 -0.164567 2.275115 0.047436
frame-000781.color.jpg 0.646450 0.557102 0.341625 -0.393741 -0.950764 1.490647 -0.185935 1.624091 0.033688
frame-000782.color.jpg 0.651080 0.550095 0.340305 -0.397094 -0.968443 1.478987 -0.206540 2.314582 0.047357
frame-000783.color.jpg 0.661311 0.544350 0.329464 -0.397247 -0.961422 1.481958 -0.258189 1.871189 0.037391
frame-000784.color.jpg 0.668333 0.545995 0.325427 -0.386416 -0.954896 1.477857 -0.287482 0.623731 0.012280
frame-000785.color.jpg 0.669057 0.543484 0.327332 -0.387094 -0.972614 1.489690 -0.284602 1.199700 0.025192
frame-000786.color.jpg 0.672646 0.537765 0.324484 -0.391238 -0.982173 1.482079 -0.308286 1.717870 0.034176
frame-000787.color.jpg 0.673426 0.536305 0.323851 -0.392422 -0.983795 1.480172 -0.311737 1.752810 0.036203
frame-000788.color.jpg 0.671928 0.532018 0.324799 -0.399969 -0.995020 1.480468 -0.313973 2.527716 0.051539
frame-000789.color.jpg 0.675871 0.532248 0.317645 -0.398763 -0.975694 1.492090 -0.343065 2.092702 0.041205
frame-000790.color.jpg 0.683162 0.532147 0.304645 -0.396612 -0.929508 1.503694 -0.389645 1.029708 0.014635
frame-000791.color.jpg 0.685914 0.518803 0.308946 -0.406101 -0.963392 1.493397 -0.399090 1.713478 0.032876
frame-000792.color.jpg 0.693606 0.507609 0.300807 -0.413230 -0.961099 1.462968 -0.446023 2.105021 0.041414
frame-000793.color.jpg 0.692588 0.511884 0.301847 -0.408883 -0.955080 1.479688 -0.441242 1.467993 0.028331
frame-000794.color.jpg 0.689480 0.512729 0.301168 -0.413551 -0.951515 1.508059 -0.429118 1.877963 0.037448
frame-000795.color.jpg 0.699345 0.504929 0.295529 -0.410641 -0.964503 1.482249 -0.478004 1.619652 0.033210
frame-000796.color.jpg 0.703430 0.503533 0.286649 -0.411672 -0.940203 1.484717 -0.515572 1.167402 0.023424
frame-000797.color.jpg 0.713131 0.496538 0.277727 -0.409587 -0.927772 1.452901 -0.563140 0.979990 0.020101
frame-000798.color.jpg 0.708538 0.499379 0.279229 -0.413069 -0.931711 1.481023 -0.546500 0.927201 0.020584
frame-000799.color.jpg 0.717291 0.479470 0.279951 -0.420987 -0.983673 1.412790 -0.589880 2.907203 0.063581
frame-000800.color.jpg 0.720439 0.483300 0.271538 -0.416721 -0.951643 1.442189 -0.612625 1.711562 0.034053
frame-000801.color.jpg 0.720960 0.476426 0.269447 -0.425009 -0.966060 1.448415 -0.624986 2.524200 0.050878
frame-000802.color.jpg 0.725160 0.472054 0.261800 -0.427515 -0.950702 1.426208 -0.663503 2.616852 0.054837
frame-000803.color.jpg 0.707760 0.493579 0.258483 -0.434329 -0.888171 1.545913 -0.609956 2.428279 0.045933
frame-000804.color.jpg 0.718451 0.488650 0.259960 -0.421272 -0.902571 1.505381 -0.617993 1.242888 0.028199
frame-000805.color.jpg 0.725881 0.473333 0.256574 -0.428044 -0.932541 1.424926 -0.676188 2.508830 0.054232
frame-000806.color.jpg 0.720110 0.489840 0.253464 -0.421016 -0.885794 1.500060 -0.655174 0.746719 0.014636
