data/frame-000000.color.jpg 0.24597526674313486 0.652848505516743 -0.6227162052639735 0.35427323451939674 -1.2927509660908225 -2.558297396922551 4.892356500305491
data/frame-000001.color.jpg 0.24382188764271148 0.6508698297979765 -0.6234340704146627 0.35811913047379085 -1.3389977264508586 -2.5457621632276193 4.885504878126953
data/frame-000002.color.jpg 0.24106426499809402 0.6466579689975213 -0.6303859008380652 0.35543650248322933 -1.4098542029920869 -2.573817703657584 4.8454392964124215
data/frame-000003.color.jpg 0.2247991543178076 0.650081651798429 -0.6415301248686318 0.33955601172569705 -1.436942450332145 -2.810227951399372 4.694031744998457
data/frame-000004.color.jpg 0.21196025785832112 0.6567557055809444 -0.6456057389010067 0.3270137950814838 -1.4033205322651794 -3.000842274806145 4.578059879572229
data/frame-000005.color.jpg 0.19131458054437406 0.665220114635889 -0.6538663966963499 0.30551540980165987 -1.3720886219905213 -3.3159741152179874 4.368527395264941
data/frame-000006.color.jpg 0.16980069494576847 0.6737598208575947 -0.6598691625554997 0.2859862166297174 -1.3347676156595352 -3.601077060282573 4.14505544642643
data/frame-000007.color.jpg 0.15693841078181547 0.6800916321768052 -0.6657709915935784 0.263808062456154 -1.2642595091723414 -3.8237396057157835 3.952017168991709
data/frame-000008.color.jpg 0.14946096673478282 0.6833343665288385 -0.6696243193458585 0.24963740481732805 -1.2268477466743506 -3.9532610017183014 3.8268190585708575
data/frame-000009.color.jpg 0.14698733582953055 0.6851078330190519 -0.6672734577606323 0.2525234896199666 -1.21414843105131 -3.9577315609326376 3.8230437302882416
data/frame-000010.color.jpg 0.14943402014258808 0.6798353617652716 -0.6688707080410873 0.26096997996344523 -1.293330145623736 -3.8845558574741776 3.8724933839104714
data/frame-000011.color.jpg 0.1675348154910542 0.6737096651669926 -0.660639013088534 0.285663205618724 -1.3364605276021475 -3.6209537111161354 4.113384518118182
data/frame-000012.color.jpg 0.1958094627442751 0.670721655058456 -0.6504965177283951 0.29773376724630346 -1.2508959589801585 -3.3456014669644434 4.374950368619491
data/frame-000013.color.jpg 0.21734920150349515 0.6643727566586596 -0.6411176544982055 0.3167590849625093 -1.2416411867676267 -3.05517310104639 4.596853236075486
data/frame-000014.color.jpg 0.22398998404981935 0.6612211112976022 -0.6372535664180996 0.3263786468308524 -1.2618022134359763 -2.933852113308327 4.674983260518578
data/frame-000015.color.jpg 0.23264165649831292 0.6599230168308099 -0.6315849592962708 0.3338860744466163 -1.2439417951521357 -2.811995969283741 4.761152570420366
data/frame-000016.color.jpg 0.24191284485079295 0.6597854783928224 -0.6241560534471792 0.3414535384842179 -1.20632023004306 -2.6868723172822975 4.849871524261712
data/frame-000017.color.jpg 0.26053640249849946 0.6590335514352189 -0.6133006835725874 0.3487948287822206 -1.1102748448226696 -2.4813768007562733 4.992403070853293
data/frame-000018.color.jpg 0.2707366049992099 0.6566773895150808 -0.605857945587966 0.3583471034919772 -1.0941168273246544 -2.3177002732015453 5.078525737641132
data/frame-000019.color.jpg 0.28497795062940856 0.6522291012889486 -0.5978289232417482 0.3687619091263157 -1.0717882443929094 -2.1066024821541927 5.182111965529521
data/frame-000020.color.jpg 0.2836420645906202 0.655378619540239 -0.5888506157790595 0.3785247634447758 -1.060424283718583 -2.040526943022581 5.213756226190127
data/frame-000021.color.jpg 0.2861797089071811 0.6633216720420567 -0.5744763728516964 0.38481480044859295 -0.9479764782169634 -1.9715180975414948 5.26712757334834
data/frame-000022.color.jpg 0.2975153011927699 0.6748097912178155 -0.5540959882495191 0.3861269571507959 -0.7065475193365987 -1.8518073977674074 5.3499580239447235
data/frame-000023.color.jpg 0.30757290573969837 0.6904869580241862 -0.5358806409374428 0.3761098338541816 -0.38458869331879825 -1.8227879721045266 5.387166878944028
data/frame-000024.color.jpg 0.32136201854060487 0.7085795953273748 -0.5166817981621911 0.3573252434031022 0.04039706246223077 -1.8134979548537105 5.401286297524874
data/frame-000025.color.jpg 0.3391952544588357 0.7255332924167582 -0.4930987679037538 0.33970814832633117 0.49623853888607516 -1.7358261737273843 5.4093015172031365
data/frame-000026.color.jpg 0.34747030552508545 0.7351865031800315 -0.4766749648025811 0.33398528448223497 0.7387524167257213 -1.6620951042315282 5.40876347947229
data/frame-000027.color.jpg 0.3593922174640705 0.7426887892375742 -0.4626597097965112 0.32434023693968744 0.998713095853574 -1.5823585782349205 5.396109068397048
data/frame-000028.color.jpg 0.36681345202156157 0.7508068254085614 -0.4497565603293953 0.3153665149894877 1.2188698888703564 -1.5346585378888538 5.367079467045189
data/frame-000029.color.jpg 0.37937644362156553 0.7641749992524665 -0.42680839442738927 0.2999077841418271 1.5971943566624944 -1.4449780812817945 5.298640674662633
data/frame-000030.color.jpg 0.3876991916931308 0.7759629269809886 -0.40774625422522237 0.28515586067428134 1.9067789388072134 -1.3903916959659819 5.209759598737926
data/frame-000031.color.jpg 0.3942857456764879 0.7858280518996503 -0.39051706275091036 0.2729641868530345 2.1745478885795193 -1.3316723080109376 5.120186253090557
data/frame-000032.color.jpg 0.3998569685746281 0.7909291705943016 -0.38242538307923263 0.2613355662018107 2.362199388886253 -1.318902118580979 5.0401907758426745
data/frame-000033.color.jpg 0.4094204057114663 0.7874521242759931 -0.38749381251198506 0.2492842326044949 2.4816200744762145 -1.3327186652547347 4.985101148884607
data/frame-000034.color.jpg 0.41716141857063965 0.784150076287507 -0.3860593488516155 0.24908470020997986 2.5467848395757677 -1.2616323984722537 4.984167987634616
data/frame-000035.color.jpg 0.41612684465652794 0.78031547085964 -0.3934084821108325 0.25134832662373313 2.510265232179621 -1.2994713384907626 5.005710890017943
data/frame-000036.color.jpg 0.4219277273377048 0.7695829014842117 -0.4086821404198946 0.25039580417530055 2.4458062125945506 -1.337446211725743 5.045979326403175
data/frame-000037.color.jpg 0.4141823738399934 0.7662623358752466 -0.4189492437667461 0.25646934508153324 2.3332026924039866 -1.4188963540788315 5.093729537363971
data/frame-000038.color.jpg 0.40947597337362696 0.7679482527165166 -0.4183240745004583 0.2599805321032806 2.3372628258304613 -1.4315702855805028 5.104226245535115
data/frame-000039.color.jpg 0.4134441351706332 0.773307566758198 -0.4078892870410863 0.25433380389684107 2.4825050025680975 -1.3861575917604991 5.049091442612885
data/frame-000040.color.jpg 0.4198820349505817 0.7921557601616026 -0.37500373344995797 0.23571280887373336 2.8791274170758148 -1.2895745687418247 4.851728357840342
data/frame-000041.color.jpg 0.423287457678971 0.8015440670197694 -0.35823840158833886 0.22365170337941315 3.0817500619691893 -1.2444853142897059 4.721246302842765
data/frame-000042.color.jpg 0.4244596933074739 0.8192798628276257 -0.3200778323800532 0.21485962008101706 3.3670131609158838 -1.0402264040276639 4.5310265869295305
data/frame-000043.color.jpg 0.423632967703787 0.826586913539027 -0.3085688728015586 0.20512053475574527 3.48060216518337 -1.0331055047777356 4.415965532708684
data/frame-000044.color.jpg 0.42637873587085107 0.828902821042336 -0.3025260299954417 0.19899569854755492 3.5459225290719694 -1.0058598766699514 4.347933342981787
data/frame-000045.color.jpg 0.4381901304888367 0.8315042945652752 -0.2834783671759107 0.19034188452613446 3.706356651379157 -0.8473647338434357 4.231867710679615
data/frame-000046.color.jpg 0.44423373324095694 0.8383183964611655 -0.2627233783093451 0.17565614960856726 3.9071421292962345 -0.7490892762752982 4.054437592070532
data/frame-000047.color.jpg 0.4488629314167478 0.8439546480384899 -0.24443068624297198 0.16283814195999227 4.078773049657164 -0.6600726946495751 3.8916076195568525
data/frame-000048.color.jpg 0.45193149761108775 0.8495068133269527 -0.22664984095693425 0.15075126922278903 4.232418825705561 -0.5784525319363688 3.7312399017826485
data/frame-000049.color.jpg 0.4574850422770593 0.8514683606357566 -0.214431247596263 0.14045749173086083 4.340879516958822 -0.507327592163874 3.6037539711223436
data/frame-000050.color.jpg 0.4660268299419968 0.853534875656497 -0.1948493810128433 0.12779252142114428 4.479522117906689 -0.37111066279352745 3.4209935090003736
data/frame-000051.color.jpg 0.47135720541456627 0.8531651385675969 -0.1858068163568537 0.12412678289569322 4.5174795842180275 -0.2925583858075609 3.349529271983
data/frame-000052.color.jpg 0.46499488356610047 0.8585654614267484 -0.1806548272051888 0.11835936849226023 4.536620065207585 -0.31990193982018617 3.2691138538185975
data/frame-000053.color.jpg 0.4540644683082037 0.8590775940647033 -0.19329724553935965 0.13582091467400967 4.371121997925039 -0.3773395676458699 3.4368336425142245
data/frame-000054.color.jpg 0.4460846636101029 0.8559553947359316 -0.21338388208977116 0.15105017040247082 4.197202869112225 -0.4825437263795677 3.615212260278172
data/frame-000055.color.jpg 0.44767836900261815 0.8467308729472124 -0.23461171955433485 0.1660971034454392 4.0194504316012205 -0.5458098161294667 3.792445846234064
data/frame-000056.color.jpg 0.4393482653271351 0.8346002142529165 -0.27041298208404435 0.19311241089955128 3.691482686072245 -0.6835378235966121 4.079645861314227
data/frame-000057.color.jpg 0.4336133410023837 0.8302391774942136 -0.28251011734810827 0.20705171396160993 3.547551868030142 -0.714178378149388 4.198794855946575
data/frame-000058.color.jpg 0.4336694282323746 0.8246635245228118 -0.2907654484117799 0.2175232225490316 3.4472936903816476 -0.7093654367729318 4.283259522209096
data/frame-000059.color.jpg 0.4252756656569133 0.822091320784655 -0.3007811164886588 0.22986341260506518 3.3189528452905357 -0.7659011448427123 4.37210581662047
data/frame-000060.color.jpg 0.41144651595542425 0.8253848734536574 -0.30881266454891804 0.23256464347838898 3.249924192169626 -0.9087937888956541 4.387053762352603
data/frame-000061.color.jpg 0.39876608069128816 0.8404180714035323 -0.294533938262481 0.2189356922935821 3.4146012607561738 -1.0166745071899563 4.21849074753736
data/frame-000062.color.jpg 0.4096868286000139 0.8442901802845487 -0.2785219429041207 0.20434363525116558 3.607102062438986 -0.9351799327688826 4.083267838324131
data/frame-000063.color.jpg 0.4085679899323464 0.8494965328283872 -0.27259357241610604 0.19266702518234685 3.7064308907529036 -0.9780396741897341 3.99123449875044
data/frame-000064.color.jpg 0.4103167024067093 0.8571555989721088 -0.25532404603887454 0.17814071514167598 3.8825018986593567 -0.9395457849866193 3.8466135476992758
data/frame-000065.color.jpg 0.40955141556288416 0.86271456107066 -0.24311612247180028 0.169958156972159 3.986555294447956 -0.9098257942453645 3.7549157527164985
data/frame-000066.color.jpg 0.39766020714965794 0.8748964071626631 -0.23019687557844482 0.15307525880258183 4.120313315434364 -0.9931597613637004 3.597902634868138
data/frame-000067.color.jpg 0.3939353011731439 0.879162817007392 -0.22240897669049403 0.1497396633118283 4.168841440877372 -0.9776183133835338 3.551314326760689
data/frame-000068.color.jpg 0.3810729133574902 0.887783010455044 -0.21560694164662733 0.14190985789014487 4.229219835378638 -1.0450217837028477 3.4657315088587115
data/frame-000069.color.jpg 0.3720792563571221 0.8931886468883965 -0.21765070741525344 0.1280595081204295 4.27093769565951 -1.1927575763255065 3.3666803539407915
data/frame-000070.color.jpg 0.36371056718757655 0.8989324850151384 -0.21283810982513282 0.11972865031672618 4.331995153213563 -1.2683266613086113 3.3012119769729513
data/frame-000071.color.jpg 0.35256726620304624 0.9059007411922014 -0.20598599723730027 0.11229398404048993 4.4045710542941965 -1.3185853997232257 3.2107634804738887
data/frame-000072.color.jpg 0.34374859284210363 0.9124092561008268 -0.19757438004991837 0.1015412165009835 4.502983537980432 -1.355017580870014 3.0852404102128106
data/frame-000073.color.jpg 0.3404427900768027 0.914551991409172 -0.19393754058813498 0.10040713144425872 4.53150383080508 -1.3552105928391938 3.0577678652578704
data/frame-000074.color.jpg 0.33307358489492495 0.9185147524561301 -0.18776149917595122 0.10068890700020801 4.578364985828262 -1.3436967387898673 3.028729452610565
data/frame-000075.color.jpg 0.33115801219188035 0.9185613327955282 -0.1899999680158044 0.10236923858278396 4.580142979014058 -1.3665161777323103 3.05024212368183
data/frame-000076.color.jpg 0.3360106716140647 0.9144666755622654 -0.19940311110092745 0.10528972946510255 4.555563252075449 -1.410746579005173 3.117398634009366
data/frame-000077.color.jpg 0.3386842113092147 0.9124873059163024 -0.20337482172224502 0.10629488906296831 4.555192714862436 -1.4247121296838778 3.1493829924114376
data/frame-000078.color.jpg 0.33679976661722205 0.9113787493148647 -0.20635805742512772 0.11563323328345464 4.534551577396378 -1.4151148322599627 3.2459353086833977
data/frame-000079.color.jpg 0.3370724881550569 0.9072167512852235 -0.2179084359344752 0.12591988510570862 4.443646095869122 -1.4626966560018837 3.3772430322133005
data/frame-000080.color.jpg 0.3390212319513695 0.8976908378917849 -0.24150998751097583 0.14452920045364093 4.239663832523195 -1.5603258560818807 3.615804069343493
data/frame-000081.color.jpg 0.3346155660531155 0.8910592723447054 -0.2626606794532419 0.15828822948228818 4.057590230711884 -1.6881641565135574 3.7864313135084755
data/frame-000082.color.jpg 0.3368008918266133 0.8810031724445266 -0.2832633089247347 0.17366769194207496 3.8558619741716957 -1.7594229711400906 3.9781045105977175
data/frame-000083.color.jpg 0.34474373153276144 0.8709980291121436 -0.2986980417311716 0.18246553843833732 3.73663384237943 -1.7734053706584827 4.112313354821922
data/frame-000084.color.jpg 0.35641840142940306 0.8565596861435344 -0.31713332255502863 0.19671777479782224 3.546595170705697 -1.7539436295759867 4.311741568325026
data/frame-000085.color.jpg 0.3580440833761218 0.8498509151441708 -0.3275790958640488 0.20554754277504772 3.427044193145005 -1.7704063877695801 4.4214051352422175
data/frame-000086.color.jpg 0.355933395890983 0.8467266616936957 -0.3328121683211451 0.21354493364146832 3.3435411365975836 -1.7784504447733722 4.49684369881699
data/frame-000087.color.jpg 0.3500608889251377 0.847701653817252 -0.3322527645154623 0.22015308453953156 3.3094044969282157 -1.78002146920614 4.542380176654744
data/frame-000088.color.jpg 0.34294427284765094 0.8476248182106403 -0.3370572722787899 0.224307352706851 3.2377977144251036 -1.839114080448318 4.5766685797221385
data/frame-000089.color.jpg 0.34074609356175795 0.8424276511087629 -0.35011263948203397 0.22721991999976043 3.1206598951390423 -1.932581522910442 4.626252356664573
data/frame-000090.color.jpg 0.3481069649898972 0.8451137177934199 -0.3395773934508561 0.22201697858503908 3.25364334565269 -1.8391449761784329 4.5768670862690986
data/frame-000091.color.jpg 0.3719989143098679 0.8545939906583772 -0.30393762856233936 0.19725069537715334 3.693823687614694 -1.5542685996575105 4.337719274282251
data/frame-000092.color.jpg 0.39419429354121605 0.8605884603134089 -0.2731480499457164 0.1714307549006036 4.046236335330618 -1.30404527883555 4.067150091368034
data/frame-000093.color.jpg 0.4089024919627533 0.8647037261818935 -0.24689369549718684 0.1553374427417359 4.276949131216285 -1.0891050299155909 3.8553552235549975
data/frame-000094.color.jpg 0.41735888762798734 0.8676296324677771 -0.22771722442983125 0.14551716558445313 4.426246117649996 -0.9323056971137104 3.707419551535062
data/frame-000095.color.jpg 0.44157081678654575 0.8719968109197472 -0.18196349079345076 0.10735950599045764 4.807979221481568 -0.6112327246526197 3.2067095989702605
data/frame-000096.color.jpg 0.4479904312368034 0.8741041444296057 -0.16741457176692323 0.08496398867372272 4.96774162827527 -0.5693257638451702 2.949038945176803
data/frame-000097.color.jpg 0.46240559373057016 0.87419762874188 -0.13520682193930386 0.06065218948913945 5.175473431675281 -0.3435671074074221 2.587421041829944
data/frame-000098.color.jpg 0.47352367883207264 0.8715285491568615 -0.11814777955320531 0.04748068845883045 5.280058128779974 -0.21334473080348768 2.3858632953668275
data/frame-000099.color.jpg 0.4840090261209739 0.8686959121772523 -0.10245805356927841 0.024597196156336723 5.400148993349481 -0.15067499431402698 2.1028911002687902
data/frame-000100.color.jpg 0.4883769608919759 0.8674001784423799 -0.09359444582547399 0.018572943188057026 5.442625688552103 -0.07944687688165275 2.001790046001825
data/frame-000101.color.jpg 0.5002778123909978 0.8630483212229868 -0.06953158278506484 0.005921541933065543 5.539468747982854 0.12154181689508603 1.7526707340233785
data/frame-000102.color.jpg 0.5049911039559744 0.8614400548892934 -0.05290773565328435 -0.010285342274298741 5.621071771441858 0.20311015934887552 1.5093371617917095
data/frame-000103.color.jpg 0.5097964707387377 0.8586588530058217 -0.04930276008595985 -0.019538946362582396 5.655331957273839 0.203479280115913 1.3991885258999293
data/frame-000104.color.jpg 0.5154431307006598 0.8553316609937023 -0.04538232851814171 -0.025818074551151482 5.677570495990028 0.2209791431992266 1.3136876462894038
data/frame-000105.color.jpg 0.5241118021147482 0.8505785782355545 -0.024634756655655524 -0.03487162019939004 5.727301693531482 0.3897812184260917 1.1034150850417046
data/frame-000106.color.jpg 0.5252735961414012 0.8498047439270509 -0.01497126989408603 -0.041175326028086615 5.75267485158339 0.44754623032209956 0.986456211133285
data/frame-000107.color.jpg 0.5262395718928913 0.8490905914010182 -0.005460200081868894 -0.04568661492518337 5.769463563875592 0.5091827968130451 0.88560248624331
data/frame-000108.color.jpg 0.5231674401093719 0.8507334899292052 -0.00023753402848231516 -0.05048071215688987 5.784272980163521 0.5208776520975793 0.8130082327806444
data/frame-000109.color.jpg 0.5184731636383891 0.8525425271791683 0.016947598751867698 -0.06379339177612975 5.821484724037589 0.5902139411114125 0.5878173062844576
data/frame-000110.color.jpg 0.516479819712831 0.8530287001123159 0.026834381455107133 -0.06978931570101957 5.832913914348803 0.6456808988371292 0.47411301560758146
data/frame-000111.color.jpg 0.5050627345729238 0.8566427335676622 0.05464513091284865 -0.08993759413594403 5.8631763182967545 0.7657248520754575 0.12572389159856676
data/frame-000112.color.jpg 0.5003136553120585 0.8577279177406336 0.06878423363667724 -0.09621743417706803 5.866565459802844 0.8521427671516777 -0.011234805183166267
data/frame-000113.color.jpg 0.483055283105461 0.8636951324523053 0.09076849426678518 -0.11157684388186566 5.864610897292275 0.9509900334361695 -0.265155667800258
data/frame-000114.color.jpg 0.47446423276680266 0.8660252377972101 0.09908286339471907 -0.12274593885257108 5.859742425389321 0.9538928699775221 -0.418196448276722
data/frame-000115.color.jpg 0.46915884932867374 0.8679831688950288 0.10181555041758444 -0.1269991586771475 5.857739801060259 0.945614933647072 -0.4732386750576265
data/frame-000116.color.jpg 0.4608321586715756 0.8721064315767977 0.10446209800570698 -0.1270895889391659 5.852707942405564 0.9568107088585734 -0.47884758874226646
data/frame-000117.color.jpg 0.43212249044861933 0.8861637965205288 0.11345273794313741 -0.12293231974550893 5.844999390689695 1.024418444066827 -0.44538749783149967
data/frame-000118.color.jpg 0.4277932914705943 0.8881130685430187 0.11419543715281404 -0.1233186092580384 5.843985293489737 1.020864715180828 -0.44734509985615367
data/frame-000119.color.jpg 0.42023041627673846 0.8919124540173605 0.11620650543233031 -0.11997757998815564 5.842459655777782 1.044817746319888 -0.4110694094505126
data/frame-000120.color.jpg 0.41296389859739185 0.8953667534279484 0.11968215934254968 -0.11599731051297307 5.837601492716821 1.0866856415762003 -0.37459573118546363
data/frame-000121.color.jpg 0.4061322651388316 0.9002395674808428 0.11300570732839418 -0.10888073505591886 5.87604605589998 1.0308627559612789 -0.2526336629846873
data/frame-000122.color.jpg 0.3958675757760446 0.906436645242217 0.104055212212061 -0.10408642285493239 5.91270266752241 0.93982065671133 -0.1392975532244087
data/frame-000123.color.jpg 0.383450870235684 0.9130168036029057 0.090777990170799 -0.10547560359998016 5.966544296398423 0.7636317053122602 -0.07154391197852754
data/frame-000124.color.jpg 0.37907085922207645 0.915179315391108 0.08945839267856398 -0.1036788326914778 5.978894225948892 0.7489759499233598 -0.03880227502339595
data/frame-000125.color.jpg 0.37623351903698343 0.9169979393412253 0.08706661603487441 -0.09991257563105044 5.992384011337754 0.7321651859063659 0.021146040349772178
data/frame-000126.color.jpg 0.3665692700713555 0.9222752253634612 0.07758331101373916 -0.09495371910713027 6.013639255196224 0.6249195013630399 0.12553218729603097
data/frame-000127.color.jpg 0.35257284538419753 0.9282564102358454 0.07577878188652683 -0.09104944683822482 6.035689234308798 0.5830914776997442 0.19188260527346004
data/frame-000128.color.jpg 0.34895762656302964 0.9295005059981788 0.07768311012667328 -0.09067920717382488 6.041720283739298 0.595087104318129 0.18978584732263284
data/frame-000129.color.jpg 0.34552434715603264 0.9304846264474163 0.0769826682792543 -0.09426003528545843 6.05733020730531 0.5638958149663892 0.15628702320027177
data/frame-000130.color.jpg 0.33258746659983207 0.9344900572132219 0.08733580156824818 -0.09212148389364468 6.075419700635022 0.6588968727773908 0.14560685693044523
data/frame-000131.color.jpg 0.32449183441942536 0.9378788334178209 0.08055424452003848 -0.0927327175906682 6.09293252835323 0.5576084626841957 0.1675338285249985
data/frame-000132.color.jpg 0.3208497373580987 0.9394588246087855 0.07783854114107776 -0.09172635616303351 6.097300676487809 0.5198123167960023 0.19355357372790827
data/frame-000133.color.jpg 0.31406846553013107 0.9419268443363713 0.07534641168557285 -0.09196595633267497 6.1008689607367526 0.47473001568044076 0.20406602706657537
data/frame-000134.color.jpg 0.3072518820473753 0.9439300271169608 0.0756544545965259 -0.09417424480728061 6.101708652467288 0.45288646536573285 0.178086281627537
data/frame-000135.color.jpg 0.30228898048391295 0.9455347206169289 0.07264019380012272 -0.09648246799571228 6.105565027176917 0.3987438438582763 0.16302292164731083
data/frame-000136.color.jpg 0.3019377397698577 0.9459263440165293 0.07121738462483193 -0.09478943572672618 6.10664872067919 0.3866286209252929 0.18674481499466353
data/frame-000137.color.jpg 0.31168192602352907 0.9430428488942016 0.06681357975052862 -0.09518669917951428 6.109894542349657 0.35640541781998303 0.19938420106605237
data/frame-000138.color.jpg 0.326290281645292 0.9377505671233516 0.06765052480765447 -0.09788734574457376 6.1130146664567375 0.39939119320016436 0.1649243201866688
data/frame-000139.color.jpg 0.34589864568650625 0.9300349257355308 0.07012584484569585 -0.1023304925670942 6.119923480334736 0.4673100505393695 0.10228354831077012
data/frame-000140.color.jpg 0.35587463138030156 0.9256102110161726 0.07159717338265402 -0.10711129149695454 6.128373922562489 0.4976920385528569 0.03890267266797613
data/frame-000141.color.jpg 0.3703379729907307 0.9188293252432848 0.08057689166970673 -0.11004463350357159 6.135848262263697 0.621706179538302 -0.04133513613176648
data/frame-000142.color.jpg 0.3750075377034792 0.9161718880635192 0.08782500229555783 -0.11083856350334667 6.138771625344442 0.7133366453263577 -0.08517114954465292
data/frame-000143.color.jpg 0.39265600571113946 0.904557647481034 0.11143284735847404 -0.12320488664064451 6.127121583229103 0.9597299074401624 -0.33881693252745015
data/frame-000144.color.jpg 0.3944862436534969 0.902488224727708 0.11693628584139683 -0.12736370303034836 6.120865843367491 1.0062442580849744 -0.40975857742245875
data/frame-000145.color.jpg 0.3973627150991421 0.9003164523227305 0.12232047187316242 -0.12872785435474915 6.111913264714732 1.070696996887721 -0.448883518157596
data/frame-000146.color.jpg 0.4457163984991154 0.8766880408635104 0.10938659345258561 -0.14418579780518354 6.103596997973883 0.9461797982874474 -0.6039326385405461
data/frame-000147.color.jpg 0.45548222124190507 0.8744058240895534 0.10117597001819448 -0.13309329067119158 6.116006360220963 0.9303948209887596 -0.4535711805418986
data/frame-000148.color.jpg 0.4566676335616262 0.8753308886821818 0.09478091104667496 -0.12754248969362697 6.12271022156545 0.8991360887815106 -0.36337602360573773
data/frame-000149.color.jpg 0.46366213505894444 0.8747634939144018 0.08735211861489285 -0.11034428667012859 6.1141898601567926 0.9321177448335681 -0.16714641298370791
data/frame-000150.color.jpg 0.4710077746365511 0.8733319616022333 0.07441455463298732 -0.09952605254250597 6.0991598276502055 0.9082508928215638 -0.05491241474488035
data/frame-000151.color.jpg 0.4741265098275398 0.8721639592417502 0.07294633596016398 -0.09598392026010269 6.083915250780664 0.9232110051731176 -0.03282225696949909
data/frame-000152.color.jpg 0.47741863240966614 0.871400312604266 0.06820943528894359 -0.0898911428275083 6.075554847826321 0.9195531668346465 0.03700602438659932
data/frame-000153.color.jpg 0.4811828731338895 0.8703193058683611 0.06299942101699721 -0.08389530014817242 6.0645837507881515 0.9134564542610979 0.10660367615488954
data/frame-000154.color.jpg 0.48439816884888376 0.8700342452901496 0.05194002913311492 -0.0755053601534338 6.067004052542071 0.851357447123577 0.24134754330793912
data/frame-000155.color.jpg 0.4831502630842346 0.8716127058603381 0.0464079147096786 -0.06858148231668645 6.065723247183697 0.8339099406842918 0.34470782000539396
data/frame-000156.color.jpg 0.4758010475774517 0.8781654327707533 0.018352160770013896 -0.04584794440131927 6.093078787965722 0.6567225336641594 0.7547705868735729
data/frame-000157.color.jpg 0.4759730591886572 0.8785092297320783 -3.9529471147516076e-05 -0.040880051853719845 6.114149656232954 0.4907511564466481 0.9142821216157302
data/frame-000158.color.jpg 0.47073691308212684 0.8812964926799663 -0.020149311187539362 -0.036294020314209266 6.159148193192797 0.29312116102909563 1.0878285014780855
data/frame-000159.color.jpg 0.47085293012380813 0.8811484752297184 -0.02451348210647952 -0.03569274420919004 6.175622073888431 0.25129926521870444 1.1203489902486499
data/frame-000160.color.jpg 0.47439753103598514 0.8795491925891908 -0.028553963722686128 -0.022910074604582276 6.2089964379238625 0.30232997877680867 1.2799093300394364
data/frame-000161.color.jpg 0.47851525375603643 0.8773643727785452 -0.028187185247752832 -0.021456744615969546 6.250995625623514 0.3325777335694289 1.2947251382459963
data/frame-000162.color.jpg 0.48239505781764136 0.8751667988960499 -0.027988107573146546 -0.024387458613589274 6.277329863496869 0.33113374597894707 1.261451060634039
data/frame-000163.color.jpg 0.4895400539110151 0.8711244973381088 -0.011167061688277463 -0.036985706529383176 6.357979423278472 0.4508398479969656 1.0195175871126159
data/frame-000164.color.jpg 0.49029794207229704 0.8706063277889765 -0.004965348164513738 -0.04034718492124667 6.377049593164588 0.4999103512183284 0.9451498226110436
data/frame-000165.color.jpg 0.49580478707555065 0.8670076448079216 0.007903071063958664 -0.04912126245676933 6.430985416601528 0.6014216790188668 0.7659633014945056
data/frame-000166.color.jpg 0.49868733364102064 0.8649425728787703 0.012189895513981242 -0.05510621866196745 6.451655080388529 0.6157930408650962 0.6699114891813326
data/frame-000167.color.jpg 0.502914834485229 0.8611109895987021 0.028901212167415632 -0.06876956290607798 6.4890401629881165 0.720548678385844 0.4030154541852998
data/frame-000168.color.jpg 0.501056767357548 0.8614569341650503 0.035104281633712535 -0.07484487875023665 6.498229918926221 0.7449422588775233 0.293881132983006
data/frame-000169.color.jpg 0.5045354567994466 0.8582243759256364 0.047023003626472895 -0.08175408570322454 6.5018600567524265 0.8360431067878165 0.12556538223006647
data/frame-000170.color.jpg 0.5042791436431755 0.8577023827396415 0.0520948473082386 -0.08564633566697111 6.505164817256418 0.8671661054570826 0.04704302291090233
data/frame-000171.color.jpg 0.5061954721141915 0.8555760208073439 0.0567518607202909 -0.09238529609925661 6.505820563593457 0.8766460077571069 -0.06406477844285026
data/frame-000172.color.jpg 0.5091741310691967 0.8520749755404413 0.06550700535844522 -0.10207238880644438 6.500920350246326 0.9166769920240951 -0.24063955326349312
data/frame-000173.color.jpg 0.5104121297852228 0.850933352234898 0.06974040454834217 -0.1026068408822036 6.493710872240185 0.9591437268265423 -0.27926587947799075
data/frame-000174.color.jpg 0.521030386232077 0.8401813984002364 0.09171713901116073 -0.11920788907066403 6.439145604762736 1.1103187152517302 -0.6540162166723993
data/frame-000175.color.jpg 0.5248310948414744 0.8366321977471126 0.09775874287435415 -0.12264630353973928 6.417731810247678 1.1562527987406237 -0.7459634460117551
data/frame-000176.color.jpg 0.5237844090001371 0.8305634136602311 0.13040110281122502 -0.13714904725537486 6.29037053166353 1.4147061398014622 -1.1512857096013773
data/frame-000177.color.jpg 0.5187234934412518 0.8297172038415659 0.145182520899917 -0.1463466249237818 6.20809394574814 1.5187042401223612 -1.3650320221039969
data/frame-000178.color.jpg 0.5131865806672149 0.8303392394519971 0.15420150169539065 -0.1529646289972232 6.1471656438422855 1.5775268424685105 -1.5092755380710015
data/frame-000179.color.jpg 0.5097871767052754 0.8325341544071597 0.15503149688896595 -0.15155576922303782 6.142885267022154 1.598510246236547 -1.498275866475113
data/frame-000180.color.jpg 0.5040005991172863 0.8341871069331118 0.16207084158995572 -0.15442897727533103 6.103240555240896 1.6588484909602137 -1.5756782443216069
data/frame-000181.color.jpg 0.5023089174908186 0.8324282017740803 0.17192268435205382 -0.15871871630515874 6.047990892201655 1.73824139666132 -1.6895992299743408
data/frame-000182.color.jpg 0.49915425590306 0.8310277930720983 0.18417866882701497 -0.1622222361598091 5.980781987878992 1.849420408020816 -1.807496701607354
data/frame-000183.color.jpg 0.49122441762816416 0.8257519928822609 0.2126822133818306 -0.17775965202444366 5.798517497893388 2.055400548748575 -2.1379378398876545
data/frame-000184.color.jpg 0.4895789791853468 0.8219400773798893 0.22377887191654044 -0.18614496721731694 5.716005517471752 2.1161904986702904 -2.2883858629338136
data/frame-000185.color.jpg 0.4859162997825358 0.8157174109331 0.24244482495845898 -0.19927609479591601 5.570143078611032 2.2173697486242427 -2.519477750169045
data/frame-000186.color.jpg 0.4780849700348441 0.8156315563047523 0.25193613407330445 -0.2066594061127358 5.495846251666239 2.274196390200862 -2.6243296695357774
data/frame-000187.color.jpg 0.46790844978637935 0.812729211282143 0.26823651453569725 -0.2204134388302005 5.3614641161292385 2.362891184032248 -2.8119239716449425
data/frame-000188.color.jpg 0.4653926213048452 0.8116674198621749 0.2712850267378718 -0.22585424910131094 5.33266309611731 2.362148539608882 -2.8709826318709593
data/frame-000189.color.jpg 0.465091253464158 0.8079015187353216 0.27692484518966404 -0.23301908096329754 5.274863029231889 2.3722358793101836 -2.9691039186885275
data/frame-000190.color.jpg 0.4618083482888033 0.8000047435211536 0.29360200479627024 -0.24601488283035314 5.131161914945844 2.4515265962922874 -3.160907451517786
data/frame-000191.color.jpg 0.465914278158458 0.7939538577932863 0.29312411258787985 -0.25814610537989663 5.128865064389933 2.3367871382797882 -3.238947266494216
data/frame-000192.color.jpg 0.4667705438855338 0.7927976894023975 0.2927331417932864 -0.2605847093266495 5.128111560586953 2.3116740625930468 -3.254576154715044
data/frame-000193.color.jpg 0.4683396503525407 0.7880299027907277 0.29842287673287227 -0.26572660923922 5.088703416379197 2.311893319635675 -3.3062066180008776
data/frame-000194.color.jpg 0.467991316946933 0.7861373992463399 0.3023863502242152 -0.2674595520196559 5.05886411952227 2.3309921419013557 -3.3290314924532387
data/frame-000195.color.jpg 0.4674853494789049 0.7862545157725088 0.30344020376349495 -0.2668057855255263 5.058832300032597 2.34414937645626 -3.3141687639847546
data/frame-000196.color.jpg 0.4679061614770743 0.7842449766253258 0.30927771536497317 -0.26527520703668284 5.058849679375528 2.364349787019547 -3.2470168710464726
data/frame-000197.color.jpg 0.46628990158602884 0.7842675708424371 0.3108153833215766 -0.266255333269505 5.053849851847074 2.36849460881712 -3.2450978518989184
data/frame-000198.color.jpg 0.4644136861521081 0.7842284761442538 0.31224761984115396 -0.2679683735492061 5.041121861798373 2.3725565666713946 -3.258219914750625
data/frame-000199.color.jpg 0.4627558211241849 0.7827419138540943 0.31815509783252577 -0.26823400238390205 4.998664684084794 2.4271943577611372 -3.27294558223262
data/frame-000200.color.jpg 0.45882033480432305 0.7737424143306958 0.3338279327493373 -0.28171881007852395 4.812076973923814 2.4849165204932993 -3.4718909079315354
data/frame-000201.color.jpg 0.45027351436299223 0.7657718862389471 0.3588046701680903 -0.28654212460790796 4.568326246036259 2.699846888321568 -3.6063078267688082
data/frame-000202.color.jpg 0.44725752428022547 0.760688618004987 0.3682841446964168 -0.29271201235619804 4.452427663897491 2.7487950003736272 -3.695066653554718
data/frame-000203.color.jpg 0.43635942062285804 0.7580073532041065 0.3817228654870123 -0.2988360127002308 4.298000175907631 2.843240582648377 -3.7626011224421587
data/frame-000204.color.jpg 0.4282838126946897 0.7601661544424634 0.3859881536621089 -0.2995555685617816 4.258198354178633 2.8926797801642574 -3.752337620295232
data/frame-000205.color.jpg 0.4242189162420372 0.76067270436779 0.3887205091565582 -0.3005190737595384 4.228218462187684 2.918148987810238 -3.754203940986037
data/frame-000206.color.jpg 0.4147591136970416 0.7622510431435401 0.39629557371392493 -0.29983002365770645 4.163710654431199 3.007057741503404 -3.7375812497895646
data/frame-000207.color.jpg 0.40675105067628453 0.7618808327706932 0.40393177572918004 -0.3015465138028365 4.078525606031019 3.077608492688172 -3.750837073355594
data/frame-000208.color.jpg 0.39258145870565386 0.7688724504021256 0.40403616957218325 -0.30243962533142116 4.074487136514491 3.101920609973095 -3.702971429259996
data/frame-000209.color.jpg 0.38852589822251327 0.7716804269901092 0.40637548186494843 -0.2973481339268553 4.076775636670835 3.15709697269395 -3.6399191903957466
data/frame-000210.color.jpg 0.37917468474619725 0.7751512819044688 0.4111449946094181 -0.29381429852391855 4.053475768918667 3.237214474745482 -3.5795608321332613
data/frame-000211.color.jpg 0.36962282055307105 0.7778086892713815 0.41561256935747365 -0.2926752562353133 4.021860016304191 3.2986166461390036 -3.539518732702287
data/frame-000212.color.jpg 0.3561745491623495 0.776955783828027 0.4303073528856062 -0.2903704230078473 3.8917980741633613 3.455569315312637 -3.5008921626092957
data/frame-000213.color.jpg 0.35259501176964636 0.7755639478640478 0.43596094297731447 -0.290026510248679 3.834507663959387 3.5079385666435874 -3.497119925800737
data/frame-000214.color.jpg 0.34678774734181017 0.7707959962926373 0.4457962080853576 -0.2947499469882056 3.7072266227800452 3.5581376863955922 -3.5379766109213846
data/frame-000215.color.jpg 0.3405446465186828 0.7717728944014375 0.4512479588840514 -0.29115498071932544 3.673902702574616 3.633918704248032 -3.489317573973913
data/frame-000216.color.jpg 0.33370533955576215 0.776975015403088 0.4503009958024635 -0.28666981872993635 3.7178077699940797 3.6642825350470614 -3.4097423836349576
data/frame-000217.color.jpg 0.320134033649208 0.7843989743230966 0.446015002706898 -0.28862270690423447 3.799838720749054 3.650397003124795 -3.3622210115093747
data/frame-000218.color.jpg 0.31023178796604733 0.7876917369203293 0.4497401488550462 -0.2846607873077445 3.804132446132997 3.7203448371825627 -3.292620753144907
data/frame-000219.color.jpg 0.3077581668427959 0.7885599916519244 0.452576053642141 -0.2804157020874282 3.802004416477237 3.7671473704028986 -3.2465508528591918
data/frame-000220.color.jpg 0.3047782906046741 0.7794567470828437 0.46977469258343885 -0.2808364492213576 3.650030659969847 3.9172913699870198 -3.2948168884057596
data/frame-000221.color.jpg 0.30949213531063224 0.75821652691455 0.4923242631555355 -0.2948544325643784 3.3477079718477367 4.026041988102399 -3.5243861269284014
data/frame-000222.color.jpg 0.31327267833483197 0.7480607222138163 0.4969046492153246 -0.30878982249753656 3.236213039240343 3.9843024099515887 -3.700501537765767
data/frame-000223.color.jpg 0.3180748696590117 0.7387376863170458 0.5030432751553953 -0.3162949121109509 3.1262689473593768 3.9784787066576617 -3.8168104868310735
data/frame-000224.color.jpg 0.32682534364794597 0.7283113648294005 0.5061240135095798 -0.3264754716034478 3.027147993636564 3.92235114937926 -3.973864075008754
data/frame-000225.color.jpg 0.333021580529366 0.7199915891994073 0.5110160503595723 -0.3310156108988493 2.9385302129198037 3.9152004055457827 -4.06405698622689
data/frame-000226.color.jpg 0.3393627305515678 0.7083681267882856 0.5171761149730655 -0.33996529258794306 2.805848493053901 3.890927810270737 -4.205327791877596
data/frame-000227.color.jpg 0.34007457851006617 0.6903926829293398 0.5348631050611331 -0.3487530404931151 2.5194669667337095 3.9542886797496877 -4.337236020770786
data/frame-000228.color.jpg 0.33800451470048165 0.6637493744870582 0.5597567985204273 -0.3631281349885921 2.0650764785267666 4.015369646936599 -4.520305036753358
data/frame-000229.color.jpg 0.3390002456080839 0.6323623289021363 0.5828757896419451 -0.38138239643749244 1.5552021861649723 3.9979321264187124 -4.733003136569956
data/frame-000230.color.jpg 0.3385052054839707 0.6228051603396136 0.5889289763976563 -0.388188895866191 1.3862098850561768 3.983031230048999 -4.7961169769813345
data/frame-000231.color.jpg 0.3355062506852089 0.6064026713784039 0.5996531456019859 -0.4001592943640481 1.0888190187217957 3.955911159379813 -4.89247808056035
data/frame-000232.color.jpg 0.33449542402060173 0.5949345751389471 0.6114754436354083 -0.40032917011429303 0.8749076850157385 3.998321317099912 -4.899428205553236
data/frame-000233.color.jpg 0.3285295209049026 0.5706535373321001 0.6312608946661886 -0.40979577485572033 0.42269480450245894 4.008447167008153 -4.949692256285197
data/frame-000234.color.jpg 0.3193443439055812 0.5499733320165168 0.6491419201529203 -0.41732875720029555 0.025579690043508463 4.027221184288667 -4.956389868459942
data/frame-000235.color.jpg 0.30958239769848134 0.5248644265480383 0.6652962511786824 -0.4313432171105155 -0.4078423742461909 3.9708255418596115 -4.985480841138889
data/frame-000236.color.jpg 0.29612883698647746 0.49307338746311885 0.6859900305397868 -0.44565011441791796 -0.9412550757683669 3.904390468231106 -4.962956310460099
data/frame-000237.color.jpg 0.27226188327792983 0.44016600822387253 0.7158640062424763 -0.4686854773562855 -1.7931883891334932 3.7471405584416235 -4.83676721718474
data/frame-000238.color.jpg 0.26457205259743044 0.42687817936525785 0.7232072517053721 -0.47407585895819293 -2.009099720436063 3.7024450289929134 -4.771900658560325
data/frame-000239.color.jpg 0.25542314381636927 0.4159966332787075 0.7288083872514208 -0.4801501362862725 -2.188949527471615 3.6701494041772884 -4.708703403257898
data/frame-000240.color.jpg 0.2493736801869916 0.40630029796905404 0.7370338458721637 -0.4790761375179751 -2.338944700008152 3.6840958560258525 -4.6347226308460385
data/frame-000241.color.jpg 0.25382675234167623 0.40740356085953094 0.7408832018110912 -0.4697727106471791 -2.3133554954643927 3.7305721227600577 -4.6349982947749435
data/frame-000242.color.jpg 0.25346185533716 0.425585772399954 0.736221777352753 -0.4610979643972994 -2.088628772620967 3.883975803189069 -4.662895874594428
data/frame-000243.color.jpg 0.24463659286380582 0.4367266730425231 0.7337882045011089 -0.4593230033649916 -1.9828716717504875 4.011739786161238 -4.6439141511031075
data/frame-000244.color.jpg 0.23600783368709163 0.44883610131701057 0.7381464684697497 -0.4449564559353071 -1.8860762545171381 4.228340665089187 -4.537559006128763
data/frame-000245.color.jpg 0.22106738290183098 0.4367888500451384 0.7552187711953527 -0.4358776437572397 -2.152983467924144 4.338890854837232 -4.330873865343227
data/frame-000246.color.jpg 0.207908002956348 0.39843181234843583 0.7812714047086504 -0.433175882754357 -2.7415417440080883 4.247674912233198 -4.092594027671167
data/frame-000247.color.jpg 0.19972308708792702 0.3479898078609012 0.7990203556717657 -0.44786186858356997 -3.393976554839891 3.9121242969695 -3.9474313666254157
data/frame-000248.color.jpg 0.19147763935697323 0.31954643174788006 0.8061259658088981 -0.4597687666992509 -3.7462415952325228 3.7145554731154866 -3.836727712157325
data/frame-000249.color.jpg 0.1853466025595812 0.3080144999066614 0.806265663490892 -0.4697971739404795 -3.8927091802257543 3.6173030509079562 -3.7885620413591097
data/frame-000250.color.jpg 0.1812798541650561 0.27736278153630556 0.8108345787586132 -0.4824466683289276 -4.22821744015136 3.3483490451761626 -3.675448382118146
data/frame-000251.color.jpg 0.18505347851271556 0.2621450382247902 0.8066431553493938 -0.4963486767912667 -4.357674269869881 3.138295015426244 -3.708532732720578
data/frame-000252.color.jpg 0.18781563285701477 0.2551895659736813 0.7986146396697039 -0.5116817670954402 -4.40501818861129 2.98368379527029 -3.775645190378377
data/frame-000253.color.jpg 0.19951647226733185 0.25105076444163615 0.787255990165001 -0.5266827288952933 -4.385553007878117 2.801616899124788 -3.939939316794409
data/frame-000254.color.jpg 0.20530412264436027 0.249080265201257 0.7818565432522881 -0.5333943986264613 -4.374245229963597 2.7119053402211377 -4.0164265314501995
data/frame-000255.color.jpg 0.2213897773189268 0.24350725505283038 0.7733675835506868 -0.5418425638027007 -4.348262886050488 2.5138057850773188 -4.178492234770729
data/frame-000256.color.jpg 0.241035238677587 0.24530171134329587 0.759343378618197 -0.5523827635583783 -4.2311594396300265 2.322656096243627 -4.407042119324559
data/frame-000257.color.jpg 0.25464229871922106 0.2484603167508004 0.7484785208106775 -0.5596469195735316 -4.126448501242001 2.198030352857982 -4.571588218881074
data/frame-000258.color.jpg 0.26077903340297753 0.24973993155327473 0.7436054463528106 -0.5627390180888575 -4.079339824740408 2.141907374207418 -4.644411385320031
data/frame-000259.color.jpg 0.2681331364730742 0.25189217213263604 0.7386533551522507 -0.5648417262080929 -4.017715307064271 2.088088079509566 -4.724704753930381
data/frame-000260.color.jpg 0.28023842500760504 0.25356163656288927 0.7268794532141952 -0.5734275735503471 -3.919991603080992 1.9419045528254586 -4.871104690290805
data/frame-000261.color.jpg 0.28210155273257537 0.2531063223306501 0.7217668299773404 -0.5791446681845432 -3.9050957227733005 1.8793218526696491 -4.907303411835384
data/frame-000262.color.jpg 0.2837037061865084 0.2527099572055944 0.7181096580755953 -0.5830680951687697 -3.8960003102722873 1.83687250008243 -4.932115079370046
data/frame-000263.color.jpg 0.28551296567581785 0.24862779348532077 0.7105143704567609 -0.5931575643217019 -3.913510708309719 1.725013707182447 -4.960002667914461
data/frame-000264.color.jpg 0.28997840738636854 0.24505342779957806 0.7023910173932714 -0.6020865381808393 -3.904016347226137 1.595490727398117 -5.008834643325317
data/frame-000265.color.jpg 0.29193381398464796 0.24123802104167344 0.6990404523893171 -0.6065651748819852 -3.9213462855837022 1.5194080838272856 -5.0170341449519205
data/frame-000266.color.jpg 0.29016975947314433 0.23812396980001818 0.6974869178456119 -0.6104182870198157 -3.957710765801445 1.4860288770858916 -4.996700476396266
data/frame-000267.color.jpg 0.2898546413332113 0.23760884645708463 0.6979897743579182 -0.6101939018662116 -3.966493971335722 1.4891513094375295 -4.9874466134473785
data/frame-000268.color.jpg 0.2842894290600444 0.237224900220551 0.7088360387425019 -0.6003793279418449 -4.022240817681231 1.6054088361120515 -4.902092561927432
data/frame-000269.color.jpg 0.2803078019073261 0.23391137191511674 0.7121106688296986 -0.5996760805781653 -4.075370127053794 1.617717907449371 -4.848054127624822
data/frame-000270.color.jpg 0.2761269821191139 0.2312807803215429 0.7151029966456037 -0.5990749490573991 -4.123866340867129 1.6357097844273392 -4.795379739148952
data/frame-000271.color.jpg 0.2607474525204985 0.21137441697764883 0.7274262270061449 -0.5984836723880059 -4.377555445443529 1.613602061333167 -4.549389060370764
data/frame-000272.color.jpg 0.25665641999300853 0.20479104571689952 0.7305015593429465 -0.5987951080862934 -4.451349968026904 1.5914224338514082 -4.4773378342003545
data/frame-000273.color.jpg 0.23625146459173882 0.18054430519970185 0.7405779653431496 -0.6026054070338371 -4.73775268386872 1.5381823282097855 -4.1631919018856225
data/frame-000274.color.jpg 0.23120142853544715 0.1740381396211766 0.7450247875779261 -0.6009947514702895 -4.810527749823118 1.5379990591828099 -4.071247283639995
data/frame-000275.color.jpg 0.20015406289634455 0.14153474467222374 0.7683735470901812 -0.5911923200522041 -5.1708665482296166 1.5566409986731133 -3.538927763004304
data/frame-000276.color.jpg 0.18863201481131123 0.13584442848202788 0.7793298218572017 -0.5819014375327146 -5.249468348194796 1.6324554775181819 -3.3630841904418745
data/frame-000277.color.jpg 0.17920721299526565 0.132980920310384 0.7810625556317887 -0.5832170555066203 -5.294283696725582 1.6662735314654618 -3.263187157497952
data/frame-000278.color.jpg 0.1734825645318785 0.1291261757792613 0.7863901028598169 -0.5786370508843972 -5.342271116580319 1.7026172789753171 -3.164363049200821
data/frame-000279.color.jpg 0.16780892046017531 0.12460256676536895 0.7939298400080613 -0.5709551433468715 -5.393009375799042 1.734771311567208 -3.0517908125664555
data/frame-000280.color.jpg 0.15588295523991574 0.11474620556506414 0.8069796077223234 -0.5579585336693181 -5.487687460177896 1.7761187423208027 -2.821408694476379
data/frame-000281.color.jpg 0.1522187456012152 0.11182279555651553 0.8132150990635816 -0.550460097133777 -5.51503684967114 1.8001940537972672 -2.7368470277244854
data/frame-000282.color.jpg 0.14898884143402383 0.10939848333134546 0.8177720010520887 -0.5450534389105448 -5.540990327044257 1.8187399959880883 -2.6683625494679295
data/frame-000283.color.jpg 0.14648242986726273 0.10636402588561045 0.8266594057812232 -0.5327887185095258 -5.568376747610732 1.8435413240192045 -2.577354360398661
data/frame-000284.color.jpg 0.1420477026255099 0.0948478152102685 0.8507592246772224 -0.4970262405097589 -5.65241096855597 1.8524864868960134 -2.3332084077883604
data/frame-000285.color.jpg 0.1400324083176671 0.09332229100271401 0.85434362444975 -0.4917101239397283 -5.66868252813041 1.863004750332002 -2.283240266368277
data/frame-000286.color.jpg 0.13364634460189945 0.09109798756589281 0.8586477419179835 -0.48637831626743294 -5.698964081541687 1.890321629699758 -2.181588701116359
data/frame-000287.color.jpg 0.13184486671412365 0.09037171345098861 0.861922381923321 -0.4811857147388057 -5.708234409686582 1.90650317938564 -2.1398968078122858
data/frame-000288.color.jpg 0.12657093994438115 0.08967351968787365 0.8671069421159606 -0.4733539985705125 -5.724373025986887 1.944153662185034 -2.049011306622191
data/frame-000289.color.jpg 0.11507055250835216 0.0804841916452591 0.8829154106805049 -0.44804178423837604 -5.788207758383248 1.9590993519799138 -1.7896231236340523
data/frame-000290.color.jpg 0.1065918558547131 0.07325702516856497 0.8958420348442567 -0.4251336650219579 -5.8195253586924585 1.9651212664157105 -1.5882622909323394
data/frame-000291.color.jpg 0.1016339681394572 0.06811685827508712 0.9027769058005743 -0.4123402581510804 -5.828461009256697 1.9608916768545208 -1.4653860030735284
data/frame-000292.color.jpg 0.0824251302878472 0.03855094690592761 0.9160299781770556 -0.39065202094783913 -5.905279193916744 1.772897986116344 -1.04589583073364
data/frame-000293.color.jpg 0.08083893126600251 0.03127276630605837 0.9174252745176684 -0.38835286397233887 -5.919174627769865 1.7065327270232131 -0.990572794077867
data/frame-000294.color.jpg 0.07757219077957173 0.02242512083537015 0.9174680089259422 -0.38952807571553155 -5.933759433977725 1.6273839603278684 -0.9210703411505119
data/frame-000295.color.jpg 0.07499371971862014 0.010851720658802624 0.9179387417957972 -0.3894183463472893 -5.955889702187277 1.5162933907619756 -0.8428243969640374
data/frame-000296.color.jpg 0.07220475308235275 0.004081742416499159 0.9177416314254342 -0.39053823239184143 -5.967899177206339 1.456629252984401 -0.7858829965546511
data/frame-000297.color.jpg 0.06126791821814963 -0.015501977222253873 0.913194517877711 -0.4025937200423147 -5.995177073213602 1.2975378849122015 -0.6132581617373348
data/frame-000298.color.jpg 0.058793943970130866 -0.01854473231098041 0.9133479583120884 -0.4024858657184018 -5.999331778047954 1.2777578018420535 -0.5696480224628261
data/frame-000299.color.jpg 0.05793550845902171 -0.02770511367550449 0.9128083861158305 -0.40330726967466757 -6.004448093483445 1.1817666351465232 -0.5184309230133853
data/frame-000300.color.jpg 0.055683397067473196 -0.03415874709516925 0.912336881522741 -0.4041954402282073 -6.011457787224823 1.1218516858527208 -0.4643883637459387
data/frame-000301.color.jpg 0.038842398746802544 -0.07248966292088584 0.9078651313520079 -0.4111172826632467 -6.0239841157262175 0.7759810206795911 -0.10637951922828685
data/frame-000302.color.jpg 0.03811410192685521 -0.07980182629350299 0.9082210582068914 -0.40903972079015105 -6.024509932918364 0.6989385284527057 -0.057777308101915496
data/frame-000303.color.jpg 0.03802109676498371 -0.08372275056823479 0.9082778987666448 -0.40813742275136344 -6.018532082037714 0.6567696252006112 -0.03593386386329016
data/frame-000304.color.jpg 0.026391039972206574 -0.1180790207568483 0.9060938178336403 -0.4054070191177595 -5.992452205157065 0.32760338006418055 0.2679959380036642
data/frame-000305.color.jpg 0.01630902368620119 -0.14155579607138047 0.9054511750929494 -0.3998176357638542 -5.979834038699516 0.10782517701609011 0.5101530677855302
data/frame-000306.color.jpg 0.014069712143060823 -0.15853820786064546 0.9027667715382642 -0.3995995946631136 -5.975405802561343 -0.07574513775981452 0.6284056680212561
data/frame-000307.color.jpg 0.0075815016646836545 -0.16965807652222 0.8993863309556194 -0.4028186758250887 -5.967343432179953 -0.17289564921307465 0.762074256100844
data/frame-000308.color.jpg 0.0055737802833101405 -0.17527040311795383 0.8989212148048648 -0.40148458044857677 -5.959381406234933 -0.23065816329481667 0.8184270405074825
data/frame-000309.color.jpg 0.002600294876455067 -0.17874429457273563 0.8990520030419369 -0.39968639137520195 -5.953339873862836 -0.261909321706541 0.8765380144615266
data/frame-000310.color.jpg 0.0019128785720415986 -0.18466594079659848 0.9001062911083875 -0.3945928229357171 -5.948902525290426 -0.3397360153244946 0.9293831303473761
data/frame-000311.color.jpg -0.008980619014874017 -0.2140961923612057 0.8961327605984979 -0.38862352512509885 -5.900106949620667 -0.6451210959419674 1.2186532034239046
data/frame-000312.color.jpg -0.013911093864375754 -0.23062589838569128 0.8938409328616975 -0.3842740730288995 -5.855881304347843 -0.8187399526859502 1.3600686515078886
data/frame-000313.color.jpg -0.030074848593680745 -0.2640576665368239 0.8813633282251798 -0.39059920108088797 -5.720113856197486 -1.090631246754881 1.6958036061484838
data/frame-000314.color.jpg -0.04520500864264648 -0.2841456969106723 0.8669485000297438 -0.40696194959350096 -5.611482814701711 -1.1767491306604354 1.9509329166432419
data/frame-000315.color.jpg -0.04705505624505119 -0.2923905239562549 0.8633399182006644 -0.4085802110034599 -5.569503924356889 -1.2378007348221556 2.009481811804694
data/frame-000316.color.jpg -0.053152572277746606 -0.3012145048889894 0.8552645372876579 -0.4182908047792458 -5.494434578923289 -1.2507730047004622 2.1080982184544714
data/frame-000317.color.jpg -0.06845333045764815 -0.30898687864871727 0.8485026028522222 -0.4241280270451168 -5.362790118105872 -1.1966980276138346 2.285917606249377
data/frame-000318.color.jpg -0.07134700263274599 -0.31284782957386625 0.8464894260144966 -0.4248429031911587 -5.321711340593482 -1.209867457911994 2.329023817084754
data/frame-000319.color.jpg -0.06991393240480365 -0.3173824763375469 0.8445216930151986 -0.4256330764828854 -5.290998470386061 -1.253811461466826 2.331181553363549
data/frame-000320.color.jpg -0.07176749619361926 -0.3276921487900319 0.8375814228022326 -0.43118979845082017 -5.210097750122479 -1.3118508178673174 2.387319662903259
data/frame-000321.color.jpg -0.07033555572419857 -0.3298673584033251 0.8348954751218194 -0.434959746507757 -5.196367564803707 -1.3266397111412918 2.3809437649972605
data/frame-000322.color.jpg -0.07660068067437141 -0.33169680157744885 0.8274223394311346 -0.4466338990200158 -5.145821066848132 -1.254307564118864 2.4399672097053053
data/frame-000323.color.jpg -0.07632962698483127 -0.31655454839419583 0.8183374030164311 -0.4735936029547136 -5.1894843013205385 -1.0213028429988082 2.335910970834398
data/frame-000324.color.jpg -0.0753360238354416 -0.3113101014231041 0.8168392896905009 -0.47977502965715185 -5.21442779122005 -0.9600129491337552 2.2920901683897457
data/frame-000325.color.jpg -0.08268485234680532 -0.30922162372062123 0.8091091810148099 -0.4928362160124939 -5.203719725323507 -0.8546357082185225 2.3408326402942734
data/frame-000326.color.jpg -0.08104366503462838 -0.30846304978809974 0.7995346386524577 -0.50894678785514 -5.205681557022584 -0.814151958760345 2.316316897495186
data/frame-000327.color.jpg -0.0808732991299063 -0.3085590671441873 0.7959049335290367 -0.51457375404804 -5.204409809154188 -0.8002207205103016 2.310212566463549
data/frame-000328.color.jpg -0.0799527346283668 -0.3083659712676387 0.7913443782368823 -0.52181611993354 -5.207293568160366 -0.7825585150583119 2.294675099074136
data/frame-000329.color.jpg -0.08204374998617313 -0.3109386762597378 0.7883748481461448 -0.5244531070597177 -5.191749208111297 -0.782330889198826 2.325500603653969
data/frame-000330.color.jpg -0.09434362125198724 -0.3174398178475986 0.7709371227171825 -0.544047053103403 -5.132610601236837 -0.6916977588510443 2.4488058758681905
data/frame-000331.color.jpg -0.0950682224790989 -0.3160906405616591 0.7681111965468226 -0.5486838158387691 -5.136274310521851 -0.659256565850247 2.4410088015900238
data/frame-000332.color.jpg -0.11081913512850351 -0.31266634831682166 0.7483309487597029 -0.5744211565114902 -5.115149695223909 -0.4271908243501129 2.5015636370467638
data/frame-000333.color.jpg -0.11699906474413699 -0.3145473181679677 0.7381833494582285 -0.5851978691562091 -5.0966597578840105 -0.3613764762333645 2.5491750024420083
data/frame-000334.color.jpg -0.11597747072401768 -0.314423090207673 0.7323359555409699 -0.5927658853633633 -5.107379568740256 -0.3437598514086014 2.5304137138150766
data/frame-000335.color.jpg -0.11230177353153314 -0.3164207333701758 0.7278988447606606 -0.5978540816547528 -5.1133809689360215 -0.36652684651079726 2.5058878489291994
data/frame-000336.color.jpg -0.11473288670769666 -0.3191257446992982 0.7237667848158614 -0.6009631976878025 -5.0889733678384275 -0.356126259682675 2.5409364916827517
data/frame-000337.color.jpg -0.11925551786728374 -0.31754347211544487 0.719790866503641 -0.6056776149677411 -5.07992925961755 -0.29067718949241605 2.5594204217131695
data/frame-000338.color.jpg -0.12371391492472257 -0.3132150321191335 0.7159217849145445 -0.6115939901547279 -5.090729109909276 -0.20137843364323058 2.552525846189402
data/frame-000339.color.jpg -0.1274377773168526 -0.31318883670608355 0.7149882582339555 -0.6119347645483183 -5.082091569607023 -0.16427621564063127 2.5788230286169567
data/frame-000340.color.jpg -0.13485360145007644 -0.3286421574471223 0.7102479335421619 -0.6077472430406683 -5.000834270161239 -0.23355427521444333 2.7424741801061727
data/frame-000341.color.jpg -0.14503407022782558 -0.3468800641528212 0.6984153084664745 -0.6089789786734552 -4.902549887634205 -0.2874467130681411 2.93160933683395
data/frame-000342.color.jpg -0.15455783097596168 -0.35739742281665626 0.685802574311514 -0.6148607875899383 -4.83368908636481 -0.2676577225311713 3.0678098108528653
data/frame-000343.color.jpg -0.15946012988747804 -0.37223083396830603 0.6789911529861432 -0.6123623824061015 -4.745920444599066 -0.3429153139383164 3.2026465429463875
data/frame-000344.color.jpg -0.16810694352627403 -0.3877172060662606 0.6703143068986162 -0.6099952078708933 -4.6295920012108835 -0.3880481020592372 3.3665627491060643
data/frame-000345.color.jpg -0.1758577921514671 -0.39745752062433076 0.6646634923214981 -0.6077203289456106 -4.536847142805727 -0.39795570085545606 3.488251271274727
data/frame-000346.color.jpg -0.20090356291275735 -0.42377064566925554 0.6548144667151855 -0.592683906022873 -4.225304247164921 -0.4174474525060839 3.8465302003803643
data/frame-000347.color.jpg -0.21610633470911758 -0.43861033311672554 0.649284920689188 -0.5825359384170742 -4.023064065428305 -0.42553181316943073 4.049033147679202
data/frame-000348.color.jpg -0.230222970070803 -0.4582014463121701 0.6423956824485259 -0.569540697247094 -3.775006847860122 -0.4854410371771014 4.265968971270636
data/frame-000349.color.jpg -0.23672739413668722 -0.4657972138335691 0.63942591317679 -0.5640280117229698 -3.6648956357355154 -0.501201427961359 4.3548875085097105
data/frame-000350.color.jpg -0.24149720313439632 -0.47315191919319566 0.6366346568431683 -0.5590193878106922 -3.564473330386645 -0.5269773229417372 4.429991686385898
data/frame-000351.color.jpg -0.247961210548442 -0.48175647398121335 0.6339864411354069 -0.551803525085697 -3.4348312097021703 -0.5574526998228748 4.522654787837418
data/frame-000352.color.jpg -0.2560326610826298 -0.4983073212348887 0.6303403366581272 -0.537408736479391 -3.213978149927024 -0.6612009407822454 4.663982807387351
data/frame-000353.color.jpg -0.26384919666480894 -0.5090526886672555 0.6275667440013419 -0.5266962534549936 -3.044087235179724 -0.7121121784824176 4.766597426741635
data/frame-000354.color.jpg -0.2706287220245281 -0.5163486345190114 0.6252538569488695 -0.5188466023944708 -2.915045798868593 -0.7360941094394945 4.840962372424507
data/frame-000355.color.jpg -0.27875879706001927 -0.5253087046392774 0.6225737732246046 -0.5086710083980939 -2.7544996866710587 -0.7714166189792835 4.929260363129456
data/frame-000356.color.jpg -0.27834802195440383 -0.5345470258640884 0.6255737847398184 -0.4954183037194203 -2.635102774187846 -0.9054922342979652 4.965002866957724
data/frame-000357.color.jpg -0.27508760079604194 -0.5460502684194285 0.6320842615695342 -0.47605189057858416 -2.503322480339461 -1.115439708322021 4.984438331078096
data/frame-000358.color.jpg -0.26770419086631025 -0.5528950254671189 0.6381942301020055 -0.4640578430226528 -2.461508627916785 -1.2976516766495 4.95703600846528
data/frame-000359.color.jpg -0.2614152817565299 -0.5591236268231841 0.6441605809384723 -0.4517742426890376 -2.4188126646323918 -1.4685477361254147 4.92915428926543
data/frame-000360.color.jpg -0.2546868830252867 -0.5620923974880946 0.6484253154404493 -0.4457929324214366 -2.4208973826704763 -1.5807737359713638 4.890019844614126
data/frame-000361.color.jpg -0.24294656765731146 -0.5667022699038218 0.6548508830840103 -0.43703068939546896 -2.4347172405042694 -1.7592257612697881 4.818675891528393
data/frame-000362.color.jpg -0.23070475021058798 -0.5715335109181842 0.662487853134751 -0.4257165824544688 -2.443309337704477 -1.9587642980052355 4.7350127056147615
data/frame-000363.color.jpg -0.22649024818374622 -0.5739625681140165 0.6649020557081841 -0.4209208882874065 -2.436852242201196 -2.041785264127863 4.705025353549179
data/frame-000364.color.jpg -0.21924692589825864 -0.5846382210936881 0.6705863258343289 -0.4005532617824833 -2.334693136167926 -2.2851630203765985 4.650130525267458
data/frame-000365.color.jpg -0.21472422237975095 -0.5889648853769334 0.672226649040773 -0.3938593713951219 -2.3034841895072717 -2.3860489949138914 4.6180251393201495
data/frame-000366.color.jpg -0.20734056194983386 -0.5950238895427317 0.674835849285455 -0.38412633177503575 -2.264366446786019 -2.5356121123524487 4.565010365804716
data/frame-000367.color.jpg -0.2048137421188782 -0.6004928301803083 0.6754026879611414 -0.3758868194499109 -2.204659280598488 -2.6376862098926184 4.544435006026927
data/frame-000368.color.jpg -0.19755980888814198 -0.6165008811839667 0.6714674119277008 -0.3605943706307531 -2.029246930074171 -2.863806808403661 4.500705368082264
data/frame-000369.color.jpg -0.2005059434283075 -0.6243256568707322 0.6661201939375012 -0.3553853233485023 -1.9099969285563756 -2.9079519459130805 4.531996171064407
data/frame-000370.color.jpg -0.206080715263804 -0.6373904400310028 0.6544131273045942 -0.3507244282408414 -1.7063210168991814 -2.9456285492456575 4.597536250749107
data/frame-000371.color.jpg -0.20871372807717772 -0.6461201067565048 0.6471747799251427 -0.3466009111152654 -1.571597363956817 -2.980978301636812 4.628446497988786
data/frame-000372.color.jpg 0.21457856881726328 0.6616183876524406 -0.6337056529716941 0.33857686323232256 -1.3154309455467996 -3.030273891208784 4.683199903341574
data/frame-000373.color.jpg 0.22976664647801923 0.6789819011533003 -0.6131843034538564 0.331957641982081 -0.9557010406342936 -2.9858571438174777 4.806525609423282
data/frame-000374.color.jpg 0.23637837433208075 0.6850252930094785 -0.6063820000028939 0.32736292117142907 -0.8071699758390019 -2.9699809543317146 4.8445549612016565
data/frame-000375.color.jpg 0.2425803423162534 0.696211029523892 -0.5934397612299289 0.3229152050962859 -0.5893016065665979 -2.9607487048702956 4.886188252335483
data/frame-000376.color.jpg 0.24709612472890424 0.7082120107006671 -0.5789876606545629 0.3196131127676596 -0.3511560451769584 -2.9437690205348486 4.918829372031569
data/frame-000377.color.jpg 0.2491357420898267 0.7138636755254577 -0.5708704354910333 0.32005777706675664 -0.23602564766645387 -2.917833126713904 4.936355510665827
data/frame-000378.color.jpg 0.26307316870662406 0.7249232388750869 -0.5492248699987249 0.32191745497936836 0.11631012960930633 -2.710643973766934 4.989120890659486
data/frame-000379.color.jpg 0.26488818856894863 0.7217134978877007 -0.5515970479970076 0.32358085722790864 0.06520005879423622 -2.686245266896851 5.003278082631779
data/frame-000380.color.jpg 0.27373843315872803 0.7169790057785919 -0.5508460767722162 0.32798929127214366 0.051482033773240864 -2.5788365816095187 5.0613594816113325
data/frame-000381.color.jpg 0.28393657848077375 0.719641769008085 -0.5425457029775737 0.32732232413954826 0.16558962954799253 -2.4815260088761764 5.111407065783712
data/frame-000382.color.jpg 0.2979102469588405 0.7231142640730235 -0.5333109486091658 0.3223890164764374 0.3378086090401103 -2.3783172447122944 5.1537216969265875
data/frame-000383.color.jpg 0.3078656125411316 0.7263680252305689 -0.5248095792806121 0.31966101112369755 0.4735508949698877 -2.2950537775873987 5.182810773211052
data/frame-000384.color.jpg 0.3192977712533628 0.7326972095260655 -0.512767825197191 0.3134850712041876 0.6770630514370245 -2.2098969999668534 5.199135425785524
data/frame-000385.color.jpg 0.337469480619692 0.7403943393993145 -0.49500296307426406 0.30479934117944973 0.9696835061436169 -2.0637550503451374 5.2127008534706265
