data/frame-000061.color.jpg -0.0379565 -0.243654 0.926735 -0.283468 1.13139 -5.38368 5.14127
data/frame-000050.color.jpg -0.02149 -0.181544 0.949482 -0.255076 0.0696931 -5.9038 4.80027
data/frame-000292.color.jpg -0.149033 -0.269258 0.88594 -0.346986 5.42988 -3.01029 4.06445
data/frame-000437.color.jpg 0.51726 0.814095 0.245686 -0.0965918 -4.35919 3.41505 -4.7354
data/frame-000448.color.jpg 0.536629 0.823974 0.173975 -0.0531912 -3.0288 3.73543 -5.60953
data/frame-000186.color.jpg -0.0989518 -0.325383 0.909456 -0.239216 4.07736 -4.62142 3.90783
data/frame-000197.color.jpg -0.0912587 -0.318513 0.91299 -0.238053 3.98645 -4.65422 3.90805
data/frame-000254.color.jpg -0.133337 -0.275162 0.8932 -0.329698 4.61034 -3.51254 4.33558
data/frame-000265.color.jpg -0.050281 -0.135239 0.918506 -0.368142 2.7775 -3.94088 5.42875
data/frame-000399.color.jpg 0.452031 0.891264 0.0352136 -0.00872235 -1.86656 5.09371 -4.96712
data/frame-000410.color.jpg 0.544654 0.833349 0.0861177 -0.0382863 -2.54 3.81308 -5.66047
data/frame-000148.color.jpg 0.0715943 0.0511845 0.946449 -0.310628 -2.03507 -4.76497 4.77413
data/frame-000322.color.jpg -0.329716 -0.555111 0.709249 -0.283029 7.46715 0.0741263 -0.00246737
data/frame-000333.color.jpg -0.388337 -0.528408 0.668383 -0.351062 7.47564 0.242172 -0.117491
data/frame-000467.color.jpg 0.489852 0.849857 0.185562 -0.0579222 -2.76451 4.32476 -5.08079
data/frame-000478.color.jpg 0.479414 0.822578 0.291371 -0.0929063 -4.10861 3.77071 -4.5646
data/frame-000216.color.jpg -0.146162 -0.297714 0.878755 -0.34321 4.25856 -3.43174 4.63837
data/frame-000227.color.jpg -0.213329 -0.41747 0.834437 -0.289697 5.96082 -2.72419 3.12168
data/frame-000361.color.jpg 0.486112 0.744121 -0.413949 0.196533 5.06746 3.0305 -4.46296
data/frame-000110.color.jpg -0.108566 -0.386947 0.873549 -0.274585 3.86484 -4.45996 4.69161
data/frame-000284.color.jpg -0.0844014 -0.15241 0.903097 -0.392508 3.68373 -3.38126 5.3247
data/frame-000295.color.jpg -0.168141 -0.30319 0.877861 -0.3304 5.85529 -2.84311 3.60171
data/frame-000418.color.jpg 0.553745 0.822059 0.122613 -0.0505133 -3.01086 3.57032 -5.582
data/frame-000033.color.jpg 0.0600516 -0.0358605 0.96212 -0.263503 -2.69028 -5.41476 4.20367
data/frame-000429.color.jpg 0.542855 0.798938 0.235533 -0.107382 -4.53597 3.14233 -4.86007
data/frame-000440.color.jpg 0.516835 0.807221 0.265769 -0.103164 -4.55506 3.28903 -4.67205
data/frame-000167.color.jpg 0.0186157 -0.074105 0.923504 -0.375902 -0.0479358 -4.22747 5.76496
data/frame-000178.color.jpg -0.0885165 -0.259766 0.909302 -0.312821 3.13819 -4.30491 4.89518
data/frame-000189.color.jpg -0.0866235 -0.33096 0.912571 -0.223998 4.09706 -4.73652 3.76511
data/frame-000323.color.jpg -0.332118 -0.550982 0.706354 -0.295263 7.4658 0.108813 0.0814481
data/frame-000072.color.jpg 0.00780685 -0.160029 0.926568 -0.340296 -0.372246 -4.80117 5.51389
data/frame-000246.color.jpg -0.135919 -0.296985 0.897571 -0.29613 4.75438 -3.80385 4.03767
data/frame-000380.color.jpg 0.512311 0.815152 -0.24871 0.105867 2.57501 4.14381 -5.7748
data/frame-000391.color.jpg 0.510862 0.859442 -0.0111409 0.0159695 -1.28368 4.53357 -5.78934
data/frame-000402.color.jpg 0.478701 0.876355 0.0502118 -0.0180481 -2.05132 4.75592 -5.19253
data/frame-000129.color.jpg -0.0881359 -0.313123 0.910621 -0.254863 3.34149 -4.89896 4.42255
data/frame-000140.color.jpg -0.0289348 -0.174544 0.943298 -0.280865 1.27797 -5.17616 4.77863
data/frame-000151.color.jpg 0.0938607 0.089539 0.935583 -0.328416 -2.60496 -4.45563 4.81954
data/frame-000285.color.jpg -0.0896138 -0.166877 0.901469 -0.389198 3.9102 -3.33411 5.22728
data/frame-000459.color.jpg 0.499692 0.860753 0.0951667 -0.0188601 -1.55178 4.59115 -5.47057
data/frame-000063.color.jpg -0.033785 -0.240698 0.919143 -0.309998 1.01462 -5.09403 5.37463
data/frame-000208.color.jpg -0.131372 -0.318619 0.884729 -0.313812 4.15492 -3.63912 4.3793
data/frame-000342.color.jpg -0.364956 -0.541887 0.679716 -0.333393 7.42271 0.353985 -0.0838234
data/frame-000353.color.jpg 0.440505 0.69183 -0.522989 0.23197 6.30316 2.29718 -3.17268
data/frame-000364.color.jpg 0.499378 0.755218 -0.382133 0.185045 4.66564 3.16546 -4.79483
data/frame-000091.color.jpg 0.000770109 -0.145489 0.89905 -0.412968 -0.382007 -3.84037 6.28484
data/frame-000102.color.jpg -0.0822793 -0.301601 0.874751 -0.37024 2.41547 -3.86617 5.94071
data/frame-000421.color.jpg 0.543697 0.821392 0.159387 -0.0656171 -3.53685 3.54583 -5.32716
data/frame-000025.color.jpg 0.119554 0.0758445 0.950447 -0.276777 -4.35936 -4.71576 3.66136
data/frame-000159.color.jpg 0.0814937 0.041126 0.922665 -0.374641 -1.96537 -4.13169 5.47528
data/frame-000170.color.jpg -0.0195312 -0.132994 0.922437 -0.361996 0.990082 -4.28581 5.64602
data/frame-000304.color.jpg -0.194242 -0.413964 0.852443 -0.253465 6.69144 -2.26383 2.11631
data/frame-000315.color.jpg -0.279414 -0.558624 0.752988 -0.207064 7.42938 -0.434054 0.0280433
data/frame-000053.color.jpg -0.0396691 -0.210265 0.94344 -0.253251 0.619257 -5.90662 4.82931
data/frame-000064.color.jpg -0.0293326 -0.235278 0.919301 -0.314117 0.906101 -5.04112 5.39925
data/frame-000372.color.jpg 0.508144 0.787195 -0.319457 0.141637 3.72589 3.63988 -5.34822
data/frame-000383.color.jpg 0.506449 0.842285 -0.162581 0.0873652 1.2294 4.56298 -5.88862
data/frame-000132.color.jpg -0.0853496 -0.284616 0.917128 -0.26568 3.01636 -4.95665 4.5921
data/frame-000121.color.jpg -0.125624 -0.430025 0.863514 -0.231604 4.699 -4.26756 3.83734
data/frame-000015.color.jpg 0.1023 0.0520401 0.950583 -0.288478 -4.27285 -4.8117 3.99634
data/frame-000026.color.jpg 0.117566 0.0772663 0.951063 -0.275112 -4.34982 -4.71251 3.65419
data/frame-000257.color.jpg -0.108679 -0.25991 0.90031 -0.331779 4.33891 -3.59132 4.50612
data/frame-000334.color.jpg -0.392285 -0.525708 0.666599 -0.354103 7.47194 0.227735 -0.130713
data/frame-000345.color.jpg -0.377393 -0.56889 0.664711 -0.303477 7.39597 0.590183 -0.742564
data/frame-000083.color.jpg 0.0656423 -0.0458789 0.914674 -0.396178 -2.2163 -4.034 5.68913
data/frame-000094.color.jpg -0.0238381 -0.189016 0.894995 -0.403347 0.41903 -3.89045 6.2801
data/frame-000470.color.jpg 0.481432 0.8379 0.245461 -0.0767856 -3.56977 4.06087 -4.76287
data/frame-000481.color.jpg 0.462472 0.805965 0.347341 -0.126074 -4.87832 3.53687 -4.07121
data/frame-000219.color.jpg -0.145338 -0.288168 0.880256 -0.34783 4.20916 -3.45199 4.72678
data/frame-000034.color.jpg 0.0570606 -0.0445616 0.962403 -0.261799 -2.54878 -5.46624 4.22162
data/frame-000045.color.jpg 0.00835886 -0.101027 0.958082 -0.267961 -1.3172 -5.65732 4.74482
data/frame-000056.color.jpg -0.052755 -0.239288 0.93623 -0.251855 1.14837 -5.81919 4.81447
data/frame-000276.color.jpg -0.0971882 -0.166835 0.898252 -0.394796 3.70361 -3.29048 5.2471
data/frame-000287.color.jpg -0.107961 -0.19572 0.897607 -0.379922 4.36044 -3.25515 4.94618
data/frame-000432.color.jpg 0.536226 0.803885 0.232797 -0.10971 -4.41589 3.27241 -4.83188
data/frame-000181.color.jpg -0.0950133 -0.293098 0.908006 -0.283885 3.61775 -4.40502 4.49732
data/frame-000113.color.jpg -0.0925446 -0.398046 0.879392 -0.244264 3.98008 -4.72998 4.34456
data/frame-000018.color.jpg 0.112812 0.0670429 0.948989 -0.286702 -4.41109 -4.70243 3.84611
data/frame-000489.color.jpg 0.418665 0.802104 0.406891 -0.125656 -5.39703 3.4729 -3.46231
data/frame-000238.color.jpg -0.161555 -0.399671 0.866894 -0.250316 5.68819 -3.25013 3.04235
data/frame-000249.color.jpg -0.137193 -0.294532 0.895095 -0.305344 4.7919 -3.68978 4.11527
data/frame-000260.color.jpg -0.0915854 -0.219387 0.909141 -0.341971 3.84323 -3.76814 4.79706
data/frame-000394.color.jpg 0.489883 0.871549 0.0203974 -3.35318e-05 -1.78628 4.71516 -5.4636
data/frame-000143.color.jpg 0.0362722 -0.0770282 0.956592 -0.278715 -0.314724 -5.31971 4.66462
data/frame-000075.color.jpg -0.0104124 -0.149698 0.914677 -0.375297 -0.495321 -4.37581 5.87048
data/frame-000317.color.jpg -0.303305 -0.571065 0.729399 -0.223314 7.45387 -0.106241 -0.217445
data/frame-000451.color.jpg 0.526779 0.842211 0.111985 -0.0253792 -1.98871 4.18952 -5.75032
data/frame-000462.color.jpg 0.492439 0.862092 0.111984 -0.0419535 -1.78892 4.62019 -5.31033
data/frame-000473.color.jpg 0.476867 0.832693 0.269466 -0.0812911 -3.84921 3.94524 -4.63366
data/frame-000200.color.jpg -0.10523 -0.31443 0.906951 -0.25981 4.00053 -4.41903 4.08226
data/frame-000211.color.jpg -0.128941 -0.33457 0.875891 -0.322882 4.3658 -3.37172 4.37953
data/frame-000222.color.jpg -0.162919 -0.321287 0.871971 -0.33151 4.75339 -3.33895 4.33369
data/frame-000356.color.jpg 0.4557 0.714993 -0.482476 0.219862 5.87168 2.64048 -3.6563
data/frame-000279.color.jpg -0.0834348 -0.148539 0.901464 -0.397915 3.48175 -3.32978 5.36537
data/frame-000413.color.jpg 0.554729 0.824487 0.102926 -0.0436253 -2.75071 3.6193 -5.6702
data/frame-000017.color.jpg 0.112436 0.0631941 0.949558 -0.285839 -4.39181 -4.74675 3.85326
data/frame-000028.color.jpg 0.0996435 0.057724 0.95451 -0.275044 -4.03094 -4.8229 3.83982
data/frame-000424.color.jpg 0.546679 0.806609 0.202482 -0.0975934 -4.20219 3.30309 -5.06744
data/frame-000162.color.jpg 0.0694181 0.0106385 0.919835 -0.385968 -1.50386 -4.05105 5.67583
data/frame-000173.color.jpg -0.0489012 -0.182941 0.915204 -0.355729 1.85912 -4.19441 5.52335
data/frame-000435.color.jpg 0.525141 0.810317 0.239501 -0.101252 -4.35615 3.35605 -4.77092
data/frame-000492.color.jpg 0.419486 0.815754 0.381685 -0.113548 -5.0233 3.75475 -3.67287
data/frame-000230.color.jpg -0.223911 -0.466281 0.815519 -0.259566 6.39023 -2.3759 2.46775
data/frame-000241.color.jpg -0.147077 -0.345234 0.885247 -0.274807 5.16887 -3.58987 3.5918
data/frame-000375.color.jpg 0.514265 0.792485 -0.301833 0.128047 3.46108 3.71699 -5.54336
data/frame-000386.color.jpg 0.510718 0.853418 -0.090946 0.050732 0.00874917 4.61656 -5.93909
data/frame-000124.color.jpg -0.119456 -0.448249 0.853829 -0.236178 4.92967 -3.97667 3.79993
data/frame-000135.color.jpg -0.0651227 -0.256879 0.92625 -0.268018 2.55232 -5.07043 4.65075
data/frame-000443.color.jpg 0.525739 0.798571 0.279497 -0.088117 -4.58689 3.06052 -4.841
data/frame-000454.color.jpg 0.525131 0.847558 0.0763668 0.00720729 -1.23921 4.31475 -5.81328
data/frame-000192.color.jpg -0.0790082 -0.334719 0.915327 -0.209519 4.12047 -4.84808 3.60706
data/frame-000203.color.jpg -0.12005 -0.318916 0.899092 -0.2748 4.12232 -4.15806 4.13298
data/frame-000337.color.jpg -0.393061 -0.520888 0.668625 -0.356538 7.46061 0.185207 -0.0887152
data/frame-000348.color.jpg 0.408129 0.624527 -0.611998 0.262403 7.10398 1.26949 -1.93763
data/frame-000086.color.jpg 0.0485951 -0.0623308 0.907778 -0.411937 -1.91387 -3.85369 5.93107
data/frame-000097.color.jpg -0.0457267 -0.23283 0.886436 -0.397406 1.1993 -3.84224 6.24186
data/frame-000405.color.jpg 0.511349 0.856311 0.0689557 -0.022309 -2.27984 4.29335 -5.46314
data/frame-000009.color.jpg 0.104725 0.0355645 0.957344 -0.266947 -4.07738 -5.12922 3.81233
data/frame-000416.color.jpg 0.555425 0.822665 0.112247 -0.0461203 -2.86499 3.58031 -5.63919
data/frame-000154.color.jpg 0.113814 0.10374 0.928353 -0.338298 -2.90437 -4.32103 4.81977
data/frame-000165.color.jpg 0.0392179 -0.0362146 0.922031 -0.383419 -0.701513 -4.13889 5.77891
data/frame-000299.color.jpg -0.195421 -0.347441 0.869436 -0.291852 6.31952 -2.74206 2.79257
data/frame-000310.color.jpg -0.240153 -0.48712 0.806991 -0.231961 7.17945 -1.40669 1.09331
data/frame-000048.color.jpg -0.01566 -0.148491 0.952368 -0.265894 -0.482967 -5.77388 4.88205
data/frame-000367.color.jpg 0.505942 0.769957 -0.350977 0.167341 4.21118 3.36544 -5.07149
data/frame-000378.color.jpg 0.508562 0.803654 -0.285618 0.11801 3.17176 3.96167 -5.60087
data/frame-000105.color.jpg -0.0993395 -0.333385 0.869302 -0.351142 2.99305 -3.90599 5.67143
data/frame-000116.color.jpg -0.0927988 -0.405201 0.880692 -0.227118 4.12802 -4.81336 4.10908
data/frame-000127.color.jpg -0.0909176 -0.357421 0.897688 -0.241124 3.86032 -4.70735 4.17351
data/frame-000010.color.jpg 0.109296 0.0403948 0.955239 -0.271921 -4.15438 -5.05124 3.8128
data/frame-000184.color.jpg -0.100745 -0.323873 0.907556 -0.247587 4.06195 -4.54238 4.0023
data/frame-000329.color.jpg -0.365157 -0.531202 0.6864 -0.336661 7.47788 0.152006 0.0850356
data/frame-000340.color.jpg -0.378243 -0.533079 0.671951 -0.348196 7.43568 0.325583 -0.0692964
data/frame-000067.color.jpg -0.0152227 -0.221593 0.919043 -0.325615 0.612591 -4.93655 5.4701
data/frame-000078.color.jpg 0.0412518 -0.0799469 0.923306 -0.37338 -1.62835 -4.3688 5.65423
data/frame-000089.color.jpg 0.0316413 -0.0988767 0.903097 -0.416699 -1.22488 -3.81589 6.16796
data/frame-000465.color.jpg 0.49222 0.856197 0.150318 -0.0452767 -2.2768 4.4677 -5.2233
data/frame-000214.color.jpg -0.147632 -0.301744 0.878328 -0.34014 4.23504 -3.43886 4.5638
data/frame-000397.color.jpg 0.460315 0.887365 0.0262825 -0.00167886 -1.80266 5.03353 -5.10796
data/frame-000146.color.jpg 0.0621719 0.024063 0.954214 -0.291601 -1.66337 -5.03248 4.63679
data/frame-000029.color.jpg 0.0824301 0.012438 0.958031 -0.274277 -3.40874 -5.09931 4.07179
data/frame-000040.color.jpg 0.0451275 -0.0521452 0.961314 -0.266685 -2.26457 -5.50131 4.42294
data/frame-000271.color.jpg -0.0578144 -0.120132 0.911546 -0.388985 2.78883 -3.74249 5.61423
data/frame-000282.color.jpg -0.0682229 -0.124971 0.905209 -0.400405 3.23121 -3.43596 5.53262
data/frame-000427.color.jpg 0.546044 0.80077 0.224519 -0.100964 -4.43725 3.16742 -4.96487
data/frame-000359.color.jpg 0.473065 0.735313 -0.440091 0.204559 5.37714 2.9228 -4.16064
data/frame-000108.color.jpg -0.111815 -0.373872 0.873277 -0.291726 3.69044 -4.35935 4.91187
data/frame-000484.color.jpg 0.438088 0.784592 0.41805 -0.13315 -5.62641 3.09315 -3.50448
data/frame-000495.color.jpg 0.418679 0.827017 0.360255 -0.104718 -4.71841 3.98535 -3.80596
data/frame-000233.color.jpg -0.205524 -0.495715 0.812909 -0.226285 6.52271 -2.26931 2.10953
data/frame-000244.color.jpg -0.127843 -0.307008 0.896963 -0.291306 4.7688 -3.77403 4.00481
data/frame-000059.color.jpg -0.0574418 -0.249876 0.928741 -0.267774 1.34356 -5.56717 4.97128
data/frame-000070.color.jpg 0.0162581 -0.181661 0.923179 -0.338341 -0.10789 -4.86715 5.51249
data/frame-000301.color.jpg -0.195419 -0.375287 0.86393 -0.273122 6.49479 -2.57697 2.47852
data/frame-000312.color.jpg -0.25784 -0.51623 0.78622 -0.221095 7.31815 -1.03445 0.64576
data/frame-000446.color.jpg 0.525371 0.809618 0.249159 -0.0801445 -4.14501 3.36629 -5.07644
data/frame-000457.color.jpg 0.504852 0.858786 0.0870383 -0.00598299 -1.40045 4.55639 -5.55857
data/frame-000195.color.jpg -0.0803797 -0.326628 0.91657 -0.216225 4.03826 -4.8356 3.68992
data/frame-000206.color.jpg -0.12678 -0.320732 0.891505 -0.293729 4.16102 -3.8703 4.23845
data/frame-000263.color.jpg -0.0631482 -0.150105 0.91862 -0.360024 2.98453 -3.97477 5.26928
data/frame-000274.color.jpg -0.0874424 -0.150772 0.903584 -0.391353 3.44538 -3.47489 5.34778
data/frame-000408.color.jpg 0.525252 0.846957 0.0786597 -0.0242361 -2.39218 4.0794 -5.55874
data/frame-000012.color.jpg 0.112651 0.0441658 0.953496 -0.276053 -4.21026 -4.98444 3.81669
data/frame-000023.color.jpg 0.117539 0.0705574 0.949941 -0.280746 -4.36493 -4.726 3.73808
data/frame-000419.color.jpg 0.549343 0.822922 0.134376 -0.0544575 -3.17436 3.58175 -5.4964
data/frame-000157.color.jpg 0.0949112 0.0659686 0.926925 -0.357 -2.34806 -4.27078 5.20382
data/frame-000168.color.jpg 0.000545035 -0.0988432 0.9238 -0.369896 0.396816 -4.26683 5.72422
data/frame-000302.color.jpg -0.193588 -0.387244 0.862198 -0.263022 6.55527 -2.51614 2.34101
data/frame-000051.color.jpg -0.0227323 -0.19176 0.948462 -0.251259 0.241607 -5.94132 4.76062
data/frame-000476.color.jpg 0.476158 0.828146 0.283555 -0.0839333 -3.99316 3.85382 -4.58479
data/frame-000487.color.jpg 0.419923 0.79183 0.425166 -0.126113 -5.61601 3.22676 -3.36947
data/frame-000225.color.jpg -0.192728 -0.374354 0.85255 -0.309636 5.45879 -3.02914 3.6869
data/frame-000236.color.jpg -0.173305 -0.462819 0.836969 -0.235047 6.20534 -2.63466 2.5575
data/frame-000370.color.jpg 0.508695 0.776123 -0.337714 0.157516 4.0105 3.45188 -5.19998
data/frame-000381.color.jpg 0.509743 0.824805 -0.222741 0.101219 2.17624 4.30886 -5.81439
data/frame-000119.color.jpg -0.114205 -0.4286 0.864333 -0.237038 4.57612 -4.3257 4.00761
data/frame-000264.color.jpg -0.0551891 -0.141952 0.918688 -0.36444 2.86185 -3.95893 5.36111
data/frame-000438.color.jpg 0.513692 0.814377 0.251887 -0.0972762 -4.4156 3.41721 -4.68727
data/frame-000042.color.jpg 0.0350545 -0.0600656 0.960648 -0.268922 -2.04116 -5.5241 4.53996
data/frame-000449.color.jpg 0.534287 0.833182 0.138492 -0.0341363 -2.42723 3.95372 -5.74854
data/frame-000176.color.jpg -0.0782835 -0.228854 0.910875 -0.334371 2.66332 -4.2322 5.1937
data/frame-000187.color.jpg -0.0933021 -0.328513 0.910695 -0.232399 4.09016 -4.66836 3.84385
data/frame-000198.color.jpg -0.095002 -0.317376 0.910045 -0.249129 3.98694 -4.54689 4.01389
data/frame-000321.color.jpg -0.329132 -0.558002 0.711633 -0.271817 7.46723 0.0298325 -0.0937698
data/frame-000332.color.jpg -0.381917 -0.531356 0.671957 -0.346805 7.47711 0.249016 -0.08008
data/frame-000081.color.jpg 0.0702503 -0.0409007 0.91946 -0.384688 -2.27248 -4.17042 5.55555
data/frame-000255.color.jpg -0.128138 -0.272029 0.895317 -0.328616 4.55947 -3.5429 4.34729
data/frame-000389.color.jpg 0.513976 0.856394 -0.0391276 0.0297744 -0.824353 4.54191 -5.89721
data/frame-000004.color.jpg 0.099216 0.0312372 0.958786 -0.264404 -3.99973 -5.17883 3.85048
data/frame-000400.color.jpg 0.461418 0.886039 0.0420272 -0.0161626 -1.96719 4.9771 -5.03474
data/frame-000138.color.jpg -0.0465562 -0.21094 0.939017 -0.26755 1.85412 -5.21233 4.65006
data/frame-000149.color.jpg 0.0771955 0.0624185 0.942472 -0.319204 -2.1992 -4.64719 4.82587
data/frame-000160.color.jpg 0.07588 0.030417 0.921778 -0.379003 -1.8014 -4.10185 5.5543
data/frame-000283.color.jpg -0.0741603 -0.138867 0.905174 -0.394812 3.44954 -3.42787 5.43167
data/frame-000294.color.jpg -0.164588 -0.29395 0.880056 -0.334672 5.75161 -2.89586 3.71507
data/frame-000032.color.jpg 0.0653871 -0.0294455 0.961825 -0.264102 -2.80409 -5.38461 4.1625
data/frame-000043.color.jpg 0.0349325 -0.0729157 0.959757 -0.268942 -1.83555 -5.58843 4.5718
data/frame-000468.color.jpg 0.489239 0.846395 0.200724 -0.0630146 -2.97369 4.25009 -5.01909
data/frame-000217.color.jpg -0.146166 -0.294681 0.877775 -0.348297 4.25464 -3.40244 4.69015
data/frame-000351.color.jpg 0.426776 0.653292 -0.574069 0.248025 6.80111 1.69244 -2.54697
data/frame-000362.color.jpg 0.487878 0.744788 -0.410936 0.195951 5.03315 3.03554 -4.49763
data/frame-000100.color.jpg -0.0740318 -0.280404 0.8788 -0.37895 2.05805 -3.86792 6.05521
data/frame-000111.color.jpg -0.0969048 -0.391866 0.878257 -0.256349 3.89413 -4.64489 4.49305
data/frame-000005.color.jpg 0.0984693 0.0309848 0.95867 -0.265134 -3.99588 -5.17368 3.86417
data/frame-000430.color.jpg 0.540401 0.799684 0.237461 -0.109931 -4.54233 3.16649 -4.81873
data/frame-000179.color.jpg -0.0913154 -0.271665 0.908637 -0.303709 3.30946 -4.3359 4.76862
data/frame-000313.color.jpg -0.265189 -0.530398 0.775722 -0.215887 7.36417 -0.843295 0.436116
data/frame-000324.color.jpg -0.335165 -0.547262 0.704596 -0.302842 7.46986 0.11287 0.123041
data/frame-000062.color.jpg -0.033543 -0.242588 0.919847 -0.306444 1.05748 -5.14913 5.34119
data/frame-000073.color.jpg 0.0222032 -0.145553 0.926071 -0.347439 -0.635781 -4.74381 5.53846
data/frame-000130.color.jpg -0.0831875 -0.296677 0.915589 -0.258379 3.13877 -4.96182 4.50078
data/frame-000024.color.jpg 0.12 0.0715517 0.950064 -0.279033 -4.36111 -4.73481 3.69824
data/frame-000035.color.jpg 0.052028 -0.0523179 0.961762 -0.263762 -2.41343 -5.48258 4.29729
data/frame-000266.color.jpg -0.0501849 -0.124837 0.916503 -0.376723 2.68493 -3.88433 5.53227
data/frame-000277.color.jpg -0.0932187 -0.16755 0.898942 -0.393879 3.70372 -3.27923 5.24148
data/frame-000411.color.jpg 0.549626 0.829609 0.089233 -0.0412143 -2.58763 3.73891 -5.68245
data/frame-000092.color.jpg -0.00751141 -0.159833 0.897823 -0.410256 -0.113551 -3.85835 6.28929
data/frame-000479.color.jpg 0.478975 0.815947 0.306731 -0.103583 -4.32934 3.67564 -4.48241
data/frame-000490.color.jpg 0.415867 0.81018 0.39437 -0.123028 -5.22756 3.65166 -3.51783
data/frame-000228.color.jpg -0.221035 -0.43385 0.826915 -0.281298 6.12997 -2.59771 2.88911
data/frame-000239.color.jpg -0.15688 -0.3758 0.876124 -0.258012 5.47133 -3.43665 3.24379
data/frame-000373.color.jpg 0.514822 0.789313 -0.3075 0.131861 3.5487 3.66043 -5.50992
data/frame-000122.color.jpg -0.125237 -0.443474 0.85597 -0.234437 4.85564 -4.09629 3.80762
data/frame-000054.color.jpg -0.0442501 -0.224513 0.940616 -0.250753 0.868266 -5.89545 4.80374
data/frame-000296.color.jpg -0.179225 -0.315157 0.874274 -0.322799 6.01044 -2.79703 3.37623
data/frame-000307.color.jpg -0.213178 -0.446356 0.833227 -0.24709 6.91668 -1.88025 1.71465
data/frame-000441.color.jpg 0.520413 0.802671 0.272415 -0.103344 -4.61644 3.20328 -4.70553
data/frame-000452.color.jpg 0.528054 0.843663 0.0959765 -0.0134279 -1.66909 4.22214 -5.80387
data/frame-000190.color.jpg -0.0847927 -0.332577 0.913138 -0.219959 4.11283 -4.76674 3.72071
data/frame-000335.color.jpg -0.3935 -0.521886 0.666669 -0.358254 7.46652 0.210193 -0.0929823
data/frame-000247.color.jpg -0.141387 -0.293776 0.895613 -0.302628 4.77666 -3.75036 4.07717
data/frame-000258.color.jpg -0.104173 -0.256985 0.901495 -0.332286 4.2869 -3.60425 4.54381
data/frame-000269.color.jpg -0.0468526 -0.118332 0.914165 -0.384843 2.64611 -3.81026 5.62988
data/frame-000392.color.jpg 0.505147 0.86298 0.000273237 0.00960162 -1.47401 4.58221 -5.69095
data/frame-000007.color.jpg 0.0987054 0.0307707 0.959018 -0.263807 -3.99341 -5.18658 3.84587
data/frame-000403.color.jpg 0.486218 0.871827 0.056265 -0.0185695 -2.12186 4.64426 -5.25634
data/frame-000141.color.jpg -0.00801464 -0.149032 0.948526 -0.279327 0.83612 -5.24188 4.75349
data/frame-000152.color.jpg 0.10891 0.101889 0.929472 -0.3374 -2.84897 -4.33007 4.82274
data/frame-000326.color.jpg -0.347398 -0.539293 0.697875 -0.318509 7.47222 0.119453 0.133413
data/frame-000460.color.jpg 0.492355 0.863008 0.106998 -0.0368167 -1.72327 4.64225 -5.32987
data/frame-000471.color.jpg 0.477312 0.835169 0.261172 -0.0803451 -3.76079 4.00034 -4.66132
data/frame-000209.color.jpg -0.132625 -0.324424 0.881833 -0.315484 4.23129 -3.55844 4.34966
data/frame-000220.color.jpg -0.148737 -0.289946 0.879543 -0.346716 4.29195 -3.44856 4.6913
data/frame-000354.color.jpg 0.441789 0.693945 -0.51975 0.230484 6.26828 2.32732 -3.21591
data/frame-000365.color.jpg 0.50204 0.759225 -0.372555 0.180931 4.53703 3.21792 -4.88317
data/frame-000103.color.jpg -0.08649 -0.309114 0.873366 -0.366334 2.55396 -3.8686 5.88865
data/frame-000114.color.jpg -0.0903678 -0.401176 0.880231 -0.236824 4.02698 -4.77564 4.25002
data/frame-000288.color.jpg -0.121532 -0.214248 0.895092 -0.37167 4.64377 -3.21671 4.71277
data/frame-000422.color.jpg 0.544021 0.817616 0.174333 -0.071788 -3.74904 3.46329 -5.26284
data/frame-000037.color.jpg 0.0539228 -0.0547325 0.962078 -0.261729 -2.34683 -5.53137 4.2886
data/frame-000433.color.jpg 0.533952 0.805152 0.233403 -0.11022 -4.40664 3.29996 -4.8106
data/frame-000171.color.jpg -0.0283849 -0.151433 0.919999 -0.360368 1.30126 -4.25185 5.61834
data/frame-000182.color.jpg -0.101207 -0.304992 0.906765 -0.272973 3.804 -4.42953 4.3331
data/frame-000316.color.jpg -0.294956 -0.570641 0.73663 -0.211532 7.44854 -0.194676 -0.202785
data/frame-000327.color.jpg -0.352981 -0.535546 0.694301 -0.326405 7.47234 0.129797 0.14226
data/frame-000065.color.jpg -0.0290565 -0.234425 0.918744 -0.316402 0.888792 -5.01484 5.41694
data/frame-000076.color.jpg 0.047993 -0.090932 0.925698 -0.364021 -1.48058 -4.51273 5.55056
data/frame-000250.color.jpg -0.139728 -0.292587 0.894422 -0.308021 4.7982 -3.66296 4.11951
data/frame-000384.color.jpg 0.508739 0.846335 -0.138691 0.0752797 0.818988 4.58721 -5.93185
data/frame-000395.color.jpg 0.477975 0.877971 0.0264006 -0.00307341 -1.85166 4.83476 -5.30942
data/frame-000133.color.jpg -0.0773252 -0.270786 0.921204 -0.268474 2.79949 -5.00412 4.63908
data/frame-000144.color.jpg 0.0396533 -0.0445603 0.958223 -0.279733 -0.730859 -5.28486 4.63915
data/frame-000278.color.jpg -0.0888491 -0.160905 0.899986 -0.395273 3.62132 -3.29533 5.28669
data/frame-000289.color.jpg -0.12701 -0.228929 0.893092 -0.36585 4.84927 -3.16282 4.56856
data/frame-000027.color.jpg 0.108901 0.0710151 0.953289 -0.27265 -4.22495 -4.76243 3.7078
data/frame-000201.color.jpg -0.110086 -0.314162 0.904385 -0.266965 4.02016 -4.33179 4.13507
data/frame-000346.color.jpg -0.386184 -0.582842 0.65234 -0.292592 7.35048 0.746432 -1.06438
data/frame-000357.color.jpg 0.462747 0.723984 -0.464674 0.213987 5.66604 2.76908 -3.86922
data/frame-000084.color.jpg 0.0668506 -0.0480518 0.91035 -0.405567 -2.20275 -3.93769 5.77025
data/frame-000095.color.jpg -0.029005 -0.199504 0.893331 -0.401641 0.6048 -3.88714 6.27519
data/frame-000106.color.jpg -0.114553 -0.360269 0.870221 -0.315909 3.49371 -4.15526 5.20568
data/frame-000482.color.jpg 0.460443 0.800055 0.362577 -0.128226 -5.05088 3.4212 -3.98259
data/frame-000231.color.jpg -0.216436 -0.483014 0.812538 -0.244205 6.47735 -2.29049 2.27689
data/frame-000414.color.jpg 0.554298 0.824145 0.107939 -0.0434575 -2.80368 3.60624 -5.65123
data/frame-000163.color.jpg 0.0618944 -0.00257081 0.92031 -0.386253 -1.28992 -4.06859 5.71836
data/frame-000308.color.jpg -0.219764 -0.458323 0.826052 -0.243477 7.00048 -1.74006 1.55845
data/frame-000319.color.jpg -0.319196 -0.565795 0.719362 -0.245984 7.46209 -0.0317558 -0.20994
data/frame-000046.color.jpg 0.0164148 -0.0963278 0.958717 -0.267045 -1.39847 -5.66136 4.68811
data/frame-000057.color.jpg -0.0534633 -0.245557 0.932685 -0.258732 1.25197 -5.72218 4.88424
data/frame-000068.color.jpg -0.0148612 -0.219755 0.919908 -0.324433 0.572704 -4.94337 5.45413
data/frame-000444.color.jpg 0.525779 0.800521 0.273699 -0.0883782 -4.50411 3.13327 -4.88773
data/frame-000193.color.jpg -0.0780154 -0.334995 0.915352 -0.209339 4.12075 -4.84569 3.60635
data/frame-000376.color.jpg 0.511995 0.795541 -0.299214 0.124287 3.41146 3.77838 -5.548
data/frame-000125.color.jpg -0.111895 -0.426964 0.86518 -0.238001 4.69451 -4.15766 3.90001
data/frame-000019.color.jpg 0.112437 0.0672083 0.949603 -0.284771 -4.38866 -4.71413 3.83021
data/frame-000030.color.jpg 0.0775981 -0.00904259 0.958427 -0.274436 -3.12815 -5.21517 4.15457
data/frame-000261.color.jpg -0.0762269 -0.193885 0.914876 -0.345834 3.49639 -3.89312 4.97156
data/frame-000406.color.jpg 0.517704 0.852257 0.0713632 -0.0233868 -2.30979 4.20468 -5.51367
data/frame-000087.color.jpg 0.0361822 -0.0761905 0.90741 -0.411696 -1.67651 -3.86631 6.02801
data/frame-000318.color.jpg -0.306321 -0.569846 0.727006 -0.230012 7.45959 -0.0810411 -0.196185
data/frame-000463.color.jpg 0.49835 0.857436 0.120586 -0.0437068 -1.8983 4.51158 -5.35286
data/frame-000474.color.jpg 0.476092 0.831162 0.275166 -0.0824032 -3.90878 3.91465 -4.60729
data/frame-000212.color.jpg -0.130063 -0.330367 0.876328 -0.32556 4.35282 -3.36945 4.41193
data/frame-000223.color.jpg -0.175389 -0.33644 0.864914 -0.328589 4.98904 -3.2228 4.15952
data/frame-000049.color.jpg -0.0179559 -0.165391 0.950744 -0.261553 -0.197705 -5.83618 4.85771
data/frame-000280.color.jpg -0.0787385 -0.128692 0.902719 -0.402912 3.27063 -3.37945 5.4817
data/frame-000291.color.jpg -0.138582 -0.25496 0.88893 -0.354393 5.22383 -3.06095 4.27554
data/frame-000425.color.jpg 0.543161 0.807382 0.208728 -0.0976905 -4.26813 3.31178 -5.01326
data/frame-000436.color.jpg 0.521116 0.812563 0.242523 -0.0967607 -4.34585 3.38271 -4.76366
data/frame-000174.color.jpg -0.064369 -0.205052 0.91257 -0.347889 2.257 -4.1932 5.39249
data/frame-000185.color.jpg -0.101724 -0.324072 0.907519 -0.247061 4.06968 -4.55127 3.98997
data/frame-000493.color.jpg 0.421504 0.817962 0.375071 -0.112226 -4.9328 3.80718 -3.73213
data/frame-000242.color.jpg -0.139354 -0.327136 0.890231 -0.284694 4.9787 -3.66208 3.80396
data/frame-000253.color.jpg -0.139704 -0.281653 0.891543 -0.326046 4.7132 -3.50887 4.25987
data/frame-000387.color.jpg 0.512317 0.854899 -0.070134 0.041966 -0.329789 4.59404 -5.93194
data/frame-000002.color.jpg 0.0996151 0.0274638 0.958404 -0.266053 -3.95625 -5.19332 3.87897
data/frame-000398.color.jpg 0.453909 0.890557 0.0292085 -0.00462435 -1.80396 5.09072 -5.01555
data/frame-000136.color.jpg -0.0640958 -0.242591 0.929151 -0.271513 2.35223 -5.08639 4.69055
data/frame-000147.color.jpg 0.066914 0.0371808 0.950474 -0.301228 -1.84773 -4.90344 4.70807
data/frame-000455.color.jpg 0.519366 0.85107 0.0770629 0.00105481 -1.26807 4.39427 -5.74041
data/frame-000466.color.jpg 0.491697 0.852691 0.168322 -0.0531074 -2.52905 4.38986 -5.15571
data/frame-000204.color.jpg -0.124975 -0.322579 0.895548 -0.279853 4.18078 -4.04678 4.13783
data/frame-000215.color.jpg -0.14392 -0.299613 0.877998 -0.344441 4.24286 -3.40844 4.64111
data/frame-000349.color.jpg 0.419864 0.639418 -0.591662 0.254548 6.95234 1.48449 -2.28517
data/frame-000360.color.jpg 0.480256 0.740088 -0.426277 0.199777 5.21193 2.97995 -4.32791
data/frame-000098.color.jpg -0.0522066 -0.23945 0.885707 -0.394286 1.34004 -3.84986 6.21794
data/frame-000272.color.jpg -0.0640602 -0.128505 0.910299 -0.38825 2.95042 -3.68966 5.54885
data/frame-000417.color.jpg 0.554432 0.822805 0.115619 -0.0472178 -2.90955 3.58449 -5.6185
data/frame-000021.color.jpg 0.115952 0.0703249 0.949456 -0.283096 -4.38613 -4.70507 3.77522
data/frame-000428.color.jpg 0.54719 0.798562 0.229874 -0.100202 -4.47458 3.10886 -4.95428
data/frame-000155.color.jpg 0.114547 0.0995632 0.927318 -0.342122 -2.86341 -4.30528 4.8704
data/frame-000166.color.jpg 0.0283269 -0.0570139 0.922849 -0.379863 -0.347898 -4.18769 5.77684
data/frame-000177.color.jpg -0.0867085 -0.25372 0.909123 -0.318752 3.04734 -4.27676 4.9697
data/frame-000311.color.jpg -0.250463 -0.503669 0.795794 -0.224272 7.26078 -1.206 0.825769
data/frame-000060.color.jpg -0.0504243 -0.248022 0.923378 -0.288644 1.26118 -5.35539 5.18642
data/frame-000485.color.jpg 0.429633 0.782657 0.429986 -0.134074 -5.72472 3.05126 -3.36858
data/frame-000234.color.jpg -0.196763 -0.494686 0.816609 -0.222978 6.49054 -2.31227 2.13866
data/frame-000368.color.jpg 0.506421 0.770441 -0.349448 0.166867 4.19203 3.3714 -5.08523
data/frame-000379.color.jpg 0.509292 0.805523 -0.279892 0.115823 3.07455 3.99388 -5.63553
data/frame-000390.color.jpg 0.513448 0.857436 -0.0254753 0.0229457 -1.04973 4.52755 -5.85512
data/frame-000117.color.jpg -0.0994581 -0.410729 0.878408 -0.223181 4.24639 -4.77589 4.01783
data/frame-000128.color.jpg -0.0922547 -0.337632 0.903782 -0.246318 3.64342 -4.80762 4.26597
data/frame-000139.color.jpg -0.0397125 -0.189782 0.941841 -0.274483 1.54442 -5.19105 4.71789
data/frame-000273.color.jpg -0.0713428 -0.139137 0.907092 -0.390814 3.19154 -3.57601 5.48549
data/frame-000022.color.jpg 0.116263 0.0704271 0.949545 -0.282644 -4.38177 -4.70899 3.76792
data/frame-000447.color.jpg 0.529065 0.815642 0.223 -0.071338 -3.76541 3.52606 -5.2722
data/frame-000196.color.jpg -0.0844678 -0.32034 0.91638 -0.224709 3.9834 -4.79572 3.78536
data/frame-000330.color.jpg -0.373175 -0.5308 0.68095 -0.339557 7.47749 0.172208 0.00229482
data/frame-000341.color.jpg -0.371774 -0.535775 0.67609 -0.342974 7.43087 0.33095 -0.0467853
data/frame-000352.color.jpg 0.434266 0.67999 -0.540125 0.239355 6.48657 2.12642 -2.94171
data/frame-000079.color.jpg 0.00621627 -0.113774 0.914695 -0.387749 -1.08031 -4.21613 5.91784
data/frame-000090.color.jpg 0.00191958 -0.13365 0.897058 -0.421213 -0.591298 -3.74033 6.32247
data/frame-000101.color.jpg -0.0786444 -0.293466 0.876584 -0.373221 2.27236 -3.87469 5.98472
data/frame-000477.color.jpg 0.475634 0.826177 0.287737 -0.0917133 -4.06823 3.83793 -4.53786
data/frame-000409.color.jpg 0.53615 0.839492 0.0820434 -0.0326214 -2.46628 3.93437 -5.6192
data/frame-000158.color.jpg 0.0868743 0.0490619 0.92501 -0.36661 -2.09633 -4.20518 5.36551
data/frame-000303.color.jpg -0.193479 -0.400475 0.858443 -0.255464 6.61888 -2.42076 2.20755
data/frame-000314.color.jpg -0.273786 -0.544247 0.764811 -0.209524 7.40433 -0.660857 0.202828
data/frame-000041.color.jpg 0.0393565 -0.0551963 0.961345 -0.266872 -2.15797 -5.51526 4.4758
data/frame-000052.color.jpg -0.0381065 -0.210294 0.946207 -0.242934 0.589339 -5.98114 4.69825
data/frame-000371.color.jpg 0.508059 0.783087 -0.326895 0.147617 3.83962 3.56812 -5.28763
data/frame-000109.color.jpg -0.108525 -0.382921 0.873445 -0.280514 3.80212 -4.42736 4.77054
data/frame-000120.color.jpg -0.120089 -0.426483 0.865106 -0.235123 4.60371 -4.31153 3.93953
data/frame-000014.color.jpg 0.108262 0.0509137 0.95094 -0.285307 -4.28435 -4.85926 3.92687
data/frame-000003.color.jpg 0.0992354 0.0281385 0.958373 -0.266236 -3.96343 -5.18581 3.88123
data/frame-000496.color.jpg 0.418199 0.82887 0.357531 -0.101268 -4.67191 4.01522 -3.82929
data/frame-000245.color.jpg -0.13331 -0.298844 0.897971 -0.294225 4.74142 -3.80945 4.02969
data/frame-000256.color.jpg -0.121434 -0.267132 0.897189 -0.330071 4.47661 -3.55819 4.40566
data/frame-000071.color.jpg 0.0159388 -0.170254 0.926436 -0.335375 -0.260043 -4.88334 5.46539
data/frame-000082.color.jpg 0.0795038 -0.035791 0.915757 -0.392158 -2.39043 -4.08293 5.57907
data/frame-000458.color.jpg 0.501343 0.860524 0.0897394 -0.0100486 -1.44925 4.59105 -5.51099
data/frame-000469.color.jpg 0.485504 0.840949 0.227714 -0.0723705 -3.34203 4.1299 -4.87323
data/frame-000207.color.jpg -0.129615 -0.317746 0.888088 -0.305839 4.13638 -3.74487 4.33208
data/frame-000218.color.jpg -0.148653 -0.291112 0.879586 -0.345666 4.23869 -3.44983 4.67996
data/frame-000044.color.jpg 0.0297094 -0.0789822 0.959362 -0.269266 -1.70763 -5.60388 4.61818
data/frame-000275.color.jpg -0.101161 -0.160502 0.8992 -0.394265 3.64673 -3.35146 5.25986
data/frame-000286.color.jpg -0.0982744 -0.182945 0.899255 -0.384986 4.15664 -3.282 5.08957
data/frame-000420.color.jpg 0.545709 0.82347 0.144415 -0.0569587 -3.3102 3.58398 -5.42507
data/frame-000013.color.jpg 0.112387 0.0478855 0.953131 -0.276798 -4.24305 -4.94249 3.81319
data/frame-000431.color.jpg 0.539444 0.801216 0.234973 -0.108814 -4.47637 3.20274 -4.84015
data/frame-000169.color.jpg -0.00878529 -0.116077 0.923455 -0.365624 0.695097 -4.28494 5.68688
data/frame-000343.color.jpg -0.359745 -0.549664 0.682182 -0.321063 7.42624 0.391814 -0.181063
data/frame-000488.color.jpg 0.419048 0.796428 0.417498 -0.125688 -5.52372 3.33372 -3.41084
data/frame-000226.color.jpg -0.202997 -0.392996 0.845138 -0.300146 5.68718 -2.91471 3.42987
data/frame-000237.color.jpg -0.169398 -0.42543 0.854692 -0.244571 5.92167 -3.0079 2.82788
data/frame-000248.color.jpg -0.140498 -0.293949 0.895907 -0.302 4.79057 -3.74341 4.07115
data/frame-000382.color.jpg 0.506256 0.833678 -0.198319 0.0967187 1.79793 4.4569 -5.83069
data/frame-000131.color.jpg -0.0846063 -0.287533 0.917028 -0.263107 3.04598 -4.96327 4.56355
data/frame-000305.color.jpg -0.194932 -0.416339 0.851298 -0.252894 6.70644 -2.23595 2.09284
data/frame-000439.color.jpg 0.509476 0.813919 0.261155 -0.0988327 -4.50589 3.40826 -4.62879
data/frame-000450.color.jpg 0.530854 0.836571 0.131914 -0.0306993 -2.3122 4.03592 -5.73915
data/frame-000461.color.jpg 0.49253 0.862055 0.111927 -0.0418161 -1.79549 4.61881 -5.31235
data/frame-000188.color.jpg -0.088846 -0.33035 0.911441 -0.228583 4.09445 -4.70022 3.81157
data/frame-000199.color.jpg -0.0990693 -0.31546 0.908836 -0.254336 3.98369 -4.49309 4.05456
data/frame-000210.color.jpg -0.128571 -0.328203 0.880916 -0.315815 4.26268 -3.51826 4.34645
data/frame-000344.color.jpg -0.365716 -0.557445 0.675998 -0.313902 7.42067 0.473822 -0.40046
data/frame-000093.color.jpg -0.0124031 -0.170194 0.898465 -0.404525 0.0712927 -3.91364 6.26465
data/frame-000267.color.jpg -0.0437682 -0.117338 0.914989 -0.383551 2.5868 -3.833 5.63322
data/frame-000401.color.jpg 0.471258 0.880604 0.0460037 -0.0183561 -2.01401 4.85637 -5.12482
data/frame-000016.color.jpg 0.112477 0.0589083 0.950299 -0.284271 -4.36199 -4.80177 3.85329
data/frame-000412.color.jpg 0.55283 0.826642 0.096335 -0.0419796 -2.66795 3.6712 -5.68177
data/frame-000423.color.jpg 0.54811 0.80633 0.200241 -0.0964933 -4.1731 3.29611 -5.09654
data/frame-000150.color.jpg 0.0851937 0.075324 0.939204 -0.323981 -2.38702 -4.55346 4.82591
data/frame-000161.color.jpg 0.0779325 0.0274365 0.920994 -0.380714 -1.75821 -4.07849 5.57357
data/frame-000172.color.jpg -0.0400443 -0.169014 0.917087 -0.358862 1.6132 -4.2099 5.5791
data/frame-000306.color.jpg -0.204222 -0.430514 0.842128 -0.252531 6.80922 -2.05253 1.93162
data/frame-000055.color.jpg -0.0428084 -0.227539 0.939191 -0.2536 0.928579 -5.86177 4.83065
data/frame-000480.color.jpg 0.478324 0.813693 0.311593 -0.109636 -4.40994 3.65218 -4.42994
data/frame-000229.color.jpg -0.226499 -0.450436 0.819999 -0.270937 6.28159 -2.47807 2.65019
data/frame-000363.color.jpg 0.492108 0.749356 -0.399467 0.191629 4.88867 3.09667 -4.6154
data/frame-000374.color.jpg 0.515054 0.79016 -0.305499 0.130524 3.51498 3.67306 -5.52559
data/frame-000385.color.jpg 0.509727 0.8517 -0.106989 0.0577875 0.271755 4.62134 -5.93875
data/frame-000112.color.jpg -0.0953973 -0.394127 0.878979 -0.250918 3.93054 -4.68248 4.42793
data/frame-000123.color.jpg -0.124842 -0.448944 0.853721 -0.232431 4.94357 -4.02007 3.75823
data/frame-000268.color.jpg -0.042311 -0.117473 0.914468 -0.384914 2.5926 -3.81415 5.64806
data/frame-000006.color.jpg 0.0987054 0.0310101 0.958859 -0.264356 -3.99602 -5.18027 3.85262
data/frame-000442.color.jpg 0.527162 0.798067 0.275329 -0.0968707 -4.59651 3.0778 -4.79461
data/frame-000180.color.jpg -0.0938109 -0.283044 0.908414 -0.293034 3.47422 -4.37567 4.6229
data/frame-000191.color.jpg -0.0813629 -0.334906 0.913885 -0.21455 4.1305 -4.79858 3.66266
data/frame-000325.color.jpg -0.342578 -0.542681 0.701382 -0.310163 7.47208 0.101803 0.115171
data/frame-000336.color.jpg -0.39408 -0.521078 0.667411 -0.357409 7.46253 0.192141 -0.0978388
data/frame-000074.color.jpg 0.0323931 -0.12801 0.925149 -0.355898 -0.925155 -4.64769 5.56753
data/frame-000085.color.jpg 0.0603439 -0.0546123 0.909105 -0.408539 -2.08397 -3.90327 5.84713
data/frame-000393.color.jpg 0.500201 0.865818 0.0118609 0.00421979 -1.65725 4.61212 -5.6003
data/frame-000404.color.jpg 0.491739 0.868475 0.0596672 -0.0195936 -2.16553 4.56573 -5.30241
data/frame-000142.color.jpg 0.00216972 -0.126515 0.952454 -0.277165 0.468887 -5.29034 4.72439
data/frame-000153.color.jpg 0.113204 0.105382 0.928215 -0.338374 -2.91935 -4.31301 4.81698
data/frame-000298.color.jpg -0.190838 -0.332046 0.873018 -0.301938 6.19064 -2.82248 3.00222
data/frame-000036.color.jpg 0.0530131 -0.0564432 0.962057 -0.261629 -2.3407 -5.52495 4.28507
data/frame-000047.color.jpg -0.00698108 -0.127801 0.954463 -0.269478 -0.835961 -5.70823 4.86883
data/frame-000355.color.jpg 0.451064 0.707925 -0.495613 0.223052 6.011 2.53281 -3.5117
data/frame-000104.color.jpg -0.0951942 -0.324122 0.870291 -0.358436 2.8286 -3.87506 5.76761
data/frame-000115.color.jpg -0.0883876 -0.401073 0.880501 -0.236741 4.0255 -4.7821 4.25472
data/frame-000491.color.jpg 0.417341 0.813554 0.387217 -0.118402 -5.11258 3.71704 -3.59704
data/frame-000240.color.jpg -0.151957 -0.359871 0.88143 -0.265485 5.31465 -3.52941 3.4124
data/frame-000066.color.jpg -0.024419 -0.227783 0.918721 -0.321669 0.76558 -4.96339 5.45433
data/frame-000297.color.jpg -0.180429 -0.319399 0.875339 -0.314978 6.0539 -2.82811 3.28
data/frame-000453.color.jpg 0.528594 0.843977 0.0908149 -0.00656906 -1.55012 4.2264 -5.8254
data/frame-000202.color.jpg -0.113889 -0.316092 0.902712 -0.268749 4.0603 -4.27515 4.1224
data/frame-000134.color.jpg -0.0740173 -0.267344 0.92293 -0.266927 2.74215 -5.03436 4.62922
data/frame-000259.color.jpg -0.0941527 -0.237005 0.906386 -0.33679 4.03727 -3.70776 4.68469
data/frame-000270.color.jpg -0.0517853 -0.119051 0.913716 -0.385057 2.72072 -3.7973 5.6086
data/frame-000281.color.jpg -0.0722548 -0.123267 0.905841 -0.398793 3.1987 -3.45938 5.50093
data/frame-000415.color.jpg 0.554578 0.823524 0.110568 -0.0450056 -2.84033 3.59523 -5.64111
data/frame-000008.color.jpg 0.0991961 0.0316426 0.959186 -0.262909 -4.00438 -5.18857 3.82943
data/frame-000164.color.jpg 0.0482775 -0.0193692 0.921658 -0.384501 -0.980631 -4.1091 5.75568
data/frame-000338.color.jpg -0.39251 -0.521419 0.668873 -0.355903 7.45425 0.191933 -0.0936587
data/frame-000472.color.jpg 0.476564 0.833635 0.266933 -0.0817743 -3.82793 3.96839 -4.63337
data/frame-000483.color.jpg 0.447172 0.786056 0.406201 -0.130972 -5.50751 3.11722 -3.65914
data/frame-000494.color.jpg 0.420247 0.823929 0.36489 -0.106713 -4.78396 3.9235 -3.792
data/frame-000221.color.jpg -0.154645 -0.305039 0.874999 -0.342655 4.51372 -3.37033 4.55429
data/frame-000232.color.jpg -0.212658 -0.489433 0.812209 -0.23569 6.50686 -2.27578 2.18433
data/frame-000243.color.jpg -0.133655 -0.315669 0.893877 -0.288917 4.8583 -3.72484 3.91894
data/frame-000366.color.jpg 0.502439 0.760514 -0.370134 0.17937 4.49975 3.23633 -4.90448
data/frame-000377.color.jpg 0.505254 0.8029 -0.293399 0.118265 3.29161 3.94523 -5.53095
data/frame-000126.color.jpg -0.104057 -0.403127 0.87573 -0.244452 4.41203 -4.31129 4.0417
data/frame-000300.color.jpg -0.197899 -0.363553 0.865136 -0.283204 6.43447 -2.63245 2.60791
data/frame-000434.color.jpg 0.528613 0.808069 0.236934 -0.107025 -4.38874 3.338 -4.77809
data/frame-000038.color.jpg 0.0506847 -0.0504383 0.961378 -0.265782 -2.36889 -5.4859 4.35468
data/frame-000445.color.jpg 0.522715 0.804518 0.267815 -0.0882871 -4.42321 3.23701 -4.90376
data/frame-000183.color.jpg -0.101243 -0.311188 0.906252 -0.267619 3.89308 -4.44195 4.25725
data/frame-000194.color.jpg -0.0786394 -0.331686 0.916228 -0.210537 4.08716 -4.8531 3.6201
data/frame-000328.color.jpg -0.357313 -0.532837 0.691556 -0.331908 7.47521 0.136455 0.143615
data/frame-000339.color.jpg -0.385082 -0.529545 0.669228 -0.351322 7.44145 0.288038 -0.0988772
data/frame-000077.color.jpg 0.0391032 -0.0952037 0.923259 -0.370135 -1.41765 -4.43853 5.64144
data/frame-000251.color.jpg -0.140953 -0.290432 0.893866 -0.311104 4.79695 -3.62648 4.13179
data/frame-000262.color.jpg -0.0704507 -0.16133 0.918078 -0.355165 3.13442 -3.97433 5.16463
data/frame-000396.color.jpg 0.475809 0.879142 0.026571 -0.00291138 -1.84963 4.85912 -5.28523
data/frame-000000.color.jpg 0.0951619 0.0187736 0.958787 -0.267058 -3.82721 -5.23911 3.95247
data/frame-000011.color.jpg 0.111748 0.0431077 0.953969 -0.274949 -4.19589 -5.0039 3.8157
data/frame-000407.color.jpg 0.522828 0.848748 0.0753977 -0.0243417 -2.35891 4.12522 -5.54535
data/frame-000145.color.jpg 0.0590912 0.0156509 0.95625 -0.286094 -1.54788 -5.10738 4.59894
data/frame-000156.color.jpg 0.106933 0.0827114 0.927876 -0.34752 -2.62549 -4.31836 5.01547
data/frame-000290.color.jpg -0.129194 -0.240382 0.891101 -0.362579 5.01167 -3.10151 4.47614
data/frame-000039.color.jpg 0.0509236 -0.0492703 0.961453 -0.265682 -2.37545 -5.48305 4.35651
data/frame-000464.color.jpg 0.492235 0.857004 0.146154 -0.0434477 -2.21746 4.48705 -5.23689
data/frame-000475.color.jpg 0.475818 0.829673 0.279405 -0.0846863 -3.96178 3.88727 -4.58481
data/frame-000213.color.jpg -0.13879 -0.304355 0.883152 -0.328859 4.21131 -3.5216 4.49759
data/frame-000224.color.jpg -0.179091 -0.347248 0.861473 -0.324359 5.11885 -3.16242 4.04571
data/frame-000347.color.jpg -0.395166 -0.599685 0.636639 -0.280914 7.27029 0.959852 -1.42248
data/frame-000358.color.jpg 0.463335 0.725445 -0.462155 0.213221 5.63899 2.79239 -3.89302
data/frame-000369.color.jpg 0.506444 0.773685 -0.344041 0.162978 4.10791 3.42242 -5.12529
data/frame-000096.color.jpg -0.0385781 -0.218251 0.890038 -0.398385 0.939427 -3.87448 6.2575
data/frame-000107.color.jpg -0.116701 -0.366969 0.872188 -0.301666 3.61504 -4.27922 5.02791
data/frame-000118.color.jpg -0.107727 -0.430086 0.866567 -0.229091 4.56276 -4.42923 3.9677
data/frame-000252.color.jpg -0.145827 -0.289061 0.891009 -0.318249 4.80714 -3.55402 4.15298
data/frame-000001.color.jpg 0.097074 0.0205331 0.958766 -0.266312 -3.85755 -5.23619 3.92481
data/frame-000426.color.jpg 0.545167 0.803397 0.217895 -0.0993351 -4.36962 3.22337 -4.99161
data/frame-000175.color.jpg -0.0714639 -0.216573 0.911808 -0.341459 2.45831 -4.21235 5.29864
data/frame-000309.color.jpg -0.231002 -0.474524 0.815854 -0.236319 7.10421 -1.55997 1.29539
data/frame-000320.color.jpg -0.325783 -0.562092 0.715082 -0.258022 7.46522 -0.0101225 -0.179501
data/frame-000331.color.jpg -0.378565 -0.531435 0.674858 -0.344719 7.47828 0.231593 -0.0482158
data/frame-000058.color.jpg -0.0590005 -0.249825 0.928775 -0.267366 1.34021 -5.59825 4.97713
data/frame-000069.color.jpg -0.00328992 -0.206 0.92066 -0.33157 0.316159 -4.89299 5.49604
data/frame-000080.color.jpg 0.0641131 -0.0552189 0.92272 -0.376069 -2.04431 -4.30363 5.53573
data/frame-000456.color.jpg 0.513089 0.854383 0.0822226 -0.00305614 -1.34258 4.46215 -5.6604
data/frame-000388.color.jpg 0.513251 0.855638 -0.0559006 0.0364838 -0.556425 4.57123 -5.91981
data/frame-000137.color.jpg -0.0559385 -0.227621 0.934365 -0.268368 2.12003 -5.15993 4.65196
data/frame-000293.color.jpg -0.157003 -0.283952 0.882539 -0.340363 5.61835 -2.93866 3.87411
data/frame-000020.color.jpg 0.115209 0.0692557 0.949384 -0.283903 -4.393 -4.70665 3.79141
data/frame-000031.color.jpg 0.0730058 -0.0185058 0.959155 -0.272672 -2.9904 -5.27366 4.18891
data/frame-000205.color.jpg -0.127436 -0.323334 0.892448 -0.287666 4.19519 -3.92781 4.18229
data/frame-000350.color.jpg 0.421737 0.643354 -0.586794 0.252796 6.91177 1.54439 -2.35915
data/frame-000088.color.jpg 0.0479693 -0.0790206 0.905768 -0.413568 -1.63798 -3.86362 6.03211
data/frame-000099.color.jpg -0.0687657 -0.270443 0.88073 -0.382684 1.88691 -3.86707 6.10528
data/frame-000486.color.jpg 0.425311 0.78454 0.432799 -0.127642 -5.71589 3.06413 -3.36672
data/frame-000235.color.jpg -0.182074 -0.483133 0.825338 -0.228578 6.36995 -2.42423 2.35042
