data/frame-000000.color.jpg 0.278104 0.794253 -0.503333 0.196155 0.924988 1.53506 0.375348
data/frame-000001.color.jpg 0.273463 0.792511 -0.507613 0.19868 0.934199 1.52569 0.394057
data/frame-000002.color.jpg 0.270161 0.791396 -0.503018 0.218354 0.908784 1.5454 0.395537
data/frame-000003.color.jpg 0.267003 0.789457 -0.508409 0.216767 0.920573 1.53229 0.413468
data/frame-000004.color.jpg 0.263556 0.788046 -0.511336 0.219219 0.928123 1.52741 0.42394
data/frame-000005.color.jpg 0.264684 0.786403 -0.513395 0.218948 0.929058 1.52095 0.421825
data/frame-000006.color.jpg 0.262787 0.784468 -0.517381 0.218791 0.937855 1.50942 0.431507
data/frame-000007.color.jpg 0.260412 0.783389 -0.520125 0.218994 0.938872 1.50291 0.442603
data/frame-000008.color.jpg 0.260178 0.782379 -0.522707 0.216721 0.945402 1.49344 0.444213
data/frame-000009.color.jpg 0.260024 0.781714 -0.524198 0.215705 0.947803 1.49305 0.44427
data/frame-000010.color.jpg 0.263618 0.779684 -0.523892 0.219397 0.948391 1.50196 0.430682
data/frame-000011.color.jpg 0.266063 0.777631 -0.52344 0.224747 0.948397 1.50907 0.421906
data/frame-000012.color.jpg 0.270689 0.773616 -0.523649 0.232459 0.950832 1.5251 0.404207
data/frame-000013.color.jpg 0.274829 0.771096 -0.523528 0.236215 0.950503 1.53397 0.388731
data/frame-000014.color.jpg 0.282405 0.766851 -0.524449 0.239038 0.958662 1.5358 0.363543
data/frame-000015.color.jpg 0.285721 0.762505 -0.526724 0.243948 0.969173 1.54486 0.356631
data/frame-000016.color.jpg 0.2918 0.758486 -0.526977 0.24869 0.969407 1.5492 0.335535
data/frame-000017.color.jpg 0.295428 0.754625 -0.528066 0.25379 0.973006 1.55591 0.323682
data/frame-000018.color.jpg 0.303865 0.747243 -0.52957 0.262393 0.981786 1.56229 0.294595
data/frame-000019.color.jpg 0.30895 0.742157 -0.53059 0.268753 0.986213 1.57186 0.275457
data/frame-000020.color.jpg 0.313258 0.737434 -0.53059 0.276648 0.98815 1.58547 0.257079
data/frame-000021.color.jpg 0.319692 0.731398 -0.530478 0.285389 0.990048 1.59525 0.230699
data/frame-000022.color.jpg 0.325309 0.724527 -0.531359 0.294776 0.990406 1.61143 0.211497
data/frame-000023.color.jpg 0.331274 0.719087 -0.53153 0.301077 0.991679 1.61489 0.185769
data/frame-000024.color.jpg 0.340557 0.70913 -0.532614 0.312215 1.00386 1.61606 0.144718
data/frame-000025.color.jpg 0.347711 0.701641 -0.532613 0.321124 1.00526 1.61987 0.112833
data/frame-000026.color.jpg 0.350123 0.696827 -0.532852 0.328503 1.00667 1.62473 0.0999739
data/frame-000027.color.jpg 0.348968 0.69287 -0.534398 0.335516 1.00098 1.6333 0.0988232
data/frame-000028.color.jpg 0.352797 0.685766 -0.536426 0.342793 1.0123 1.63442 0.0797971
data/frame-000029.color.jpg 0.355339 0.68169 -0.536171 0.348645 1.00965 1.63363 0.0612167
data/frame-000030.color.jpg 0.360352 0.678095 -0.535612 0.351358 1.01119 1.63896 0.0324588
data/frame-000031.color.jpg 0.369092 0.673584 -0.534085 0.353283 1.00437 1.637 -0.00873885
data/frame-000032.color.jpg 0.375182 0.671553 -0.530872 0.355569 0.996778 1.63511 -0.0456214
data/frame-000033.color.jpg 0.378044 0.675956 -0.525198 0.352609 0.962716 1.65077 -0.0718231
data/frame-000034.color.jpg 0.391085 0.675132 -0.51903 0.349082 0.944424 1.64186 -0.139325
data/frame-000035.color.jpg 0.389074 0.677417 -0.519201 0.346638 0.934297 1.65475 -0.132596
data/frame-000036.color.jpg 0.39317 0.676456 -0.515488 0.349423 0.909647 1.65285 -0.172139
data/frame-000037.color.jpg 0.402586 0.675115 -0.511695 0.346861 0.886905 1.64495 -0.217857
data/frame-000038.color.jpg 0.42293 0.668068 -0.504356 0.347045 0.850215 1.614 -0.322354
data/frame-000039.color.jpg 0.431692 0.666849 -0.49707 0.349107 0.823117 1.61126 -0.370243
data/frame-000040.color.jpg 0.435038 0.667265 -0.494667 0.34757 0.810789 1.6071 -0.38527
data/frame-000041.color.jpg 0.446853 0.666925 -0.485867 0.345639 0.782922 1.59121 -0.445229
data/frame-000042.color.jpg 0.451794 0.668037 -0.481968 0.342514 0.769931 1.5833 -0.466499
data/frame-000043.color.jpg 0.456648 0.671244 -0.47746 0.33606 0.741407 1.57059 -0.487033
data/frame-000044.color.jpg 0.456008 0.672389 -0.476987 0.335311 0.73715 1.57262 -0.487362
data/frame-000045.color.jpg 0.457638 0.674704 -0.475609 0.33036 0.722278 1.56148 -0.494946
data/frame-000046.color.jpg 0.45825 0.67807 -0.47805 0.318898 0.711616 1.54641 -0.496772
data/frame-000047.color.jpg 0.456124 0.680009 -0.481406 0.312709 0.711203 1.54299 -0.487956
data/frame-000048.color.jpg 0.453968 0.68079 -0.48405 0.310053 0.714897 1.5372 -0.478924
data/frame-000049.color.jpg 0.450401 0.683404 -0.48487 0.30822 0.705163 1.53532 -0.46847
data/frame-000050.color.jpg 0.446908 0.685323 -0.486087 0.307125 0.702482 1.54363 -0.456017
data/frame-000051.color.jpg 0.434602 0.68883 -0.494223 0.303937 0.705235 1.54823 -0.414909
data/frame-000052.color.jpg 0.431604 0.689082 -0.496327 0.30421 0.700152 1.53999 -0.409908
data/frame-000053.color.jpg 0.426961 0.689707 -0.498293 0.306127 0.694347 1.54265 -0.399163
data/frame-000054.color.jpg 0.423583 0.688673 -0.50052 0.309493 0.696691 1.54347 -0.39634
data/frame-000055.color.jpg 0.422385 0.688528 -0.49903 0.313828 0.683757 1.55172 -0.40521
data/frame-000056.color.jpg 0.421494 0.684665 -0.503311 0.31663 0.701029 1.55926 -0.404444
data/frame-000057.color.jpg 0.412783 0.677523 -0.512273 0.32886 0.729015 1.56611 -0.396602
data/frame-000058.color.jpg 0.402413 0.674354 -0.520632 0.335042 0.75439 1.57796 -0.37419
data/frame-000059.color.jpg 0.390725 0.664625 -0.535952 0.34404 0.817379 1.58341 -0.354208
data/frame-000060.color.jpg 0.392223 0.659919 -0.539004 0.346616 0.839099 1.57309 -0.364277
data/frame-000061.color.jpg 0.380703 0.640866 -0.564107 0.355162 0.968216 1.56138 -0.347339
data/frame-000062.color.jpg 0.37589 0.624484 -0.578618 0.365961 1.06097 1.54595 -0.354702
data/frame-000063.color.jpg 0.37661 0.616697 -0.582453 0.372288 1.09497 1.53296 -0.368826
data/frame-000064.color.jpg 0.372862 0.600568 -0.591275 0.388184 1.1613 1.51235 -0.374006
data/frame-000065.color.jpg -0.358993 -0.590247 0.60085 -0.402134 1.20258 1.49886 -0.337757
data/frame-000066.color.jpg -0.352964 -0.588747 0.6041 -0.404792 1.21095 1.50225 -0.316119
data/frame-000067.color.jpg -0.32748 -0.569036 0.620206 -0.429301 1.26075 1.47754 -0.238942
data/frame-000068.color.jpg -0.317956 -0.560342 0.625305 -0.440358 1.27836 1.4639 -0.208799
data/frame-000069.color.jpg -0.30648 -0.552609 0.629397 -0.452275 1.29576 1.44934 -0.17788
data/frame-000070.color.jpg -0.302412 -0.552459 0.628761 -0.456065 1.29289 1.44908 -0.170502
data/frame-000071.color.jpg -0.292804 -0.554873 0.625773 -0.463455 1.27563 1.46048 -0.154066
data/frame-000072.color.jpg -0.28559 -0.559371 0.622331 -0.467169 1.24997 1.47834 -0.141379
data/frame-000073.color.jpg -0.28212 -0.558518 0.623221 -0.469107 1.24729 1.47583 -0.128209
data/frame-000074.color.jpg -0.281631 -0.558546 0.623777 -0.468629 1.2453 1.47486 -0.125291
data/frame-000075.color.jpg -0.280936 -0.548158 0.634383 -0.467071 1.27532 1.44162 -0.0908792
data/frame-000076.color.jpg -0.278154 -0.544274 0.640746 -0.464588 1.28714 1.42688 -0.0591669
data/frame-000077.color.jpg -0.271413 -0.538344 0.65387 -0.457138 1.30407 1.39052 0.00890189
data/frame-000078.color.jpg -0.262126 -0.541248 0.661472 -0.448102 1.288 1.38211 0.0767726
data/frame-000079.color.jpg -0.260107 -0.541306 0.663693 -0.445919 1.28619 1.37859 0.0967198
data/frame-000080.color.jpg -0.266688 -0.546263 0.663482 -0.436195 1.27472 1.36885 0.109162
data/frame-000081.color.jpg -0.269773 -0.549967 0.662894 -0.430501 1.26346 1.36327 0.111905
data/frame-000082.color.jpg -0.265433 -0.557867 0.662974 -0.422841 1.23558 1.36913 0.150045
data/frame-000083.color.jpg -0.264691 -0.56551 0.661343 -0.415647 1.20441 1.36786 0.185101
data/frame-000084.color.jpg -0.266828 -0.571411 0.656381 -0.414073 1.18055 1.37016 0.195062
data/frame-000085.color.jpg -0.275613 -0.580487 0.647213 -0.410106 1.15355 1.37603 0.195276
data/frame-000086.color.jpg -0.280179 -0.58693 0.641733 -0.406439 1.13083 1.39073 0.202437
data/frame-000087.color.jpg -0.295763 -0.594206 0.633541 -0.397579 1.11407 1.39643 0.208136
data/frame-000088.color.jpg -0.299623 -0.601785 0.627434 -0.392947 1.09659 1.42119 0.221135
data/frame-000089.color.jpg -0.303145 -0.60641 0.623136 -0.389963 1.08761 1.44476 0.232032
data/frame-000090.color.jpg -0.303807 -0.610217 0.618833 -0.390361 1.07599 1.46822 0.239753
data/frame-000091.color.jpg -0.313846 -0.60946 0.616447 -0.387366 1.0881 1.47479 0.21963
data/frame-000092.color.jpg 0.316236 0.615556 -0.611449 0.383687 1.08123 1.49536 0.224181
data/frame-000093.color.jpg 0.317171 0.616307 -0.610435 0.383324 1.07926 1.50046 0.216257
data/frame-000094.color.jpg 0.321986 0.617293 -0.60583 0.385025 1.0785 1.51383 0.199813
data/frame-000095.color.jpg 0.330982 0.616659 -0.603016 0.382826 1.08879 1.52294 0.17135
data/frame-000096.color.jpg 0.339787 0.612504 -0.602095 0.383229 1.10836 1.52003 0.145341
data/frame-000097.color.jpg 0.345225 0.610961 -0.600104 0.383956 1.11246 1.52895 0.127272
data/frame-000098.color.jpg 0.349781 0.609463 -0.597479 0.386299 1.11001 1.53984 0.107617
data/frame-000099.color.jpg 0.35714 0.603389 -0.593145 0.395666 1.10503 1.56342 0.0693353
data/frame-000100.color.jpg 0.360655 0.597696 -0.591513 0.403484 1.10876 1.56194 0.0511438
data/frame-000101.color.jpg 0.363414 0.592798 -0.58877 0.412155 1.09478 1.56506 0.0299619
data/frame-000102.color.jpg 0.363203 0.590919 -0.588564 0.415319 1.09371 1.56427 0.0290613
data/frame-000103.color.jpg -0.361589 -0.583447 0.590793 -0.424035 1.10049 1.56531 0.0291429
data/frame-000104.color.jpg -0.362341 -0.578599 0.591874 -0.428506 1.10268 1.56183 0.0250762
data/frame-000105.color.jpg -0.362636 -0.573336 0.592017 -0.435083 1.10158 1.55831 0.0154306
data/frame-000106.color.jpg -0.363357 -0.570774 0.591948 -0.437933 1.10089 1.56367 0.010301
data/frame-000107.color.jpg -0.362566 -0.562159 0.592551 -0.448783 1.09824 1.56672 0.00366185
data/frame-000108.color.jpg -0.365148 -0.557455 0.591971 -0.453301 1.10353 1.56479 -0.00748812
data/frame-000109.color.jpg -0.367619 -0.554778 0.590569 -0.456405 1.10688 1.55982 -0.0197647
data/frame-000110.color.jpg -0.369154 -0.554705 0.590065 -0.455907 1.10562 1.5646 -0.0234719
data/frame-000111.color.jpg -0.372313 -0.552657 0.58865 -0.457651 1.11214 1.56277 -0.0353118
data/frame-000112.color.jpg -0.375936 -0.551162 0.586755 -0.458924 1.1231 1.56342 -0.0482649
data/frame-000113.color.jpg -0.382886 -0.552004 0.581754 -0.458532 1.12603 1.55824 -0.0778275
data/frame-000114.color.jpg -0.393125 -0.556992 0.575232 -0.45202 1.12544 1.56173 -0.111131
data/frame-000115.color.jpg -0.395976 -0.560608 0.572488 -0.44853 1.12617 1.56275 -0.11947
data/frame-000116.color.jpg 0.402182 0.571658 -0.566573 0.436408 1.1273 1.56973 -0.138164
data/frame-000117.color.jpg 0.402178 0.575416 -0.565846 0.432398 1.12902 1.57376 -0.135196
data/frame-000118.color.jpg 0.402923 0.578792 -0.564288 0.429222 1.12693 1.57643 -0.136045
data/frame-000119.color.jpg 0.403114 0.582474 -0.562802 0.426002 1.13442 1.57065 -0.137222
data/frame-000120.color.jpg 0.40905 0.586361 -0.559022 0.419944 1.12747 1.56247 -0.159821
data/frame-000121.color.jpg 0.412085 0.588325 -0.556368 0.417748 1.13237 1.56818 -0.171017
data/frame-000122.color.jpg 0.415225 0.598259 -0.55172 0.406547 1.13144 1.56857 -0.175268
data/frame-000123.color.jpg 0.415472 0.602691 -0.55008 0.401943 1.12729 1.56697 -0.17302
data/frame-000124.color.jpg 0.415964 0.610381 -0.547479 0.393289 1.11664 1.56926 -0.169664
data/frame-000125.color.jpg 0.413817 0.61351 -0.547989 0.389961 1.11971 1.57276 -0.158886
data/frame-000126.color.jpg 0.413589 0.617467 -0.546542 0.385966 1.11305 1.5724 -0.154814
data/frame-000127.color.jpg 0.411817 0.625509 -0.544792 0.377289 1.0984 1.57263 -0.14037
data/frame-000128.color.jpg 0.400536 0.634612 -0.548169 0.369256 1.0854 1.5755 -0.082823
data/frame-000129.color.jpg 0.392201 0.638894 -0.553419 0.362933 1.08335 1.56892 -0.03617
data/frame-000130.color.jpg 0.386367 0.63811 -0.558342 0.363028 1.09171 1.54847 -0.00941973
data/frame-000131.color.jpg 0.365765 0.633944 -0.579625 0.358281 1.11434 1.51783 0.100224
data/frame-000132.color.jpg 0.355243 0.62918 -0.591597 0.357699 1.12942 1.49644 0.154535
data/frame-000133.color.jpg 0.340914 0.62083 -0.606685 0.360944 1.15035 1.4614 0.221398
data/frame-000134.color.jpg 0.338771 0.61974 -0.609053 0.360847 1.14798 1.45288 0.232086
data/frame-000135.color.jpg -0.325525 -0.614999 0.621458 -0.359999 1.16051 1.43226 0.292994
data/frame-000136.color.jpg -0.318423 -0.601933 0.637238 -0.360849 1.19983 1.38119 0.341284
data/frame-000137.color.jpg -0.304904 -0.595847 0.652154 -0.355942 1.21422 1.34474 0.418154
data/frame-000138.color.jpg -0.296872 -0.590393 0.660896 -0.355696 1.2189 1.31551 0.459871
data/frame-000139.color.jpg -0.285155 -0.583784 0.671234 -0.35683 1.21923 1.27718 0.519332
data/frame-000140.color.jpg -0.275916 -0.578732 0.679895 -0.355925 1.21799 1.25193 0.56835
data/frame-000141.color.jpg -0.270974 -0.569175 0.689077 -0.357471 1.21878 1.2099 0.603422
data/frame-000142.color.jpg -0.260203 -0.544582 0.709576 -0.36363 1.2301 1.12628 0.675791
data/frame-000143.color.jpg -0.250515 -0.536811 0.720765 -0.359965 1.23589 1.08358 0.725704
data/frame-000144.color.jpg -0.237214 -0.528338 0.734162 -0.354393 1.23989 1.02803 0.787516
data/frame-000145.color.jpg -0.234296 -0.526985 0.736647 -0.353191 1.23865 1.01733 0.798744
data/frame-000146.color.jpg -0.218229 -0.520906 0.750063 -0.344149 1.22842 0.953386 0.860125
data/frame-000147.color.jpg -0.213129 -0.519862 0.752784 -0.34298 1.2202 0.938114 0.875516
data/frame-000148.color.jpg -0.203907 -0.518743 0.757194 -0.340566 1.20827 0.914016 0.903108
data/frame-000149.color.jpg -0.196132 -0.518151 0.761223 -0.337034 1.19477 0.891093 0.922401
data/frame-000150.color.jpg -0.192914 -0.515431 0.764905 -0.334716 1.18966 0.866492 0.925927
data/frame-000151.color.jpg -0.190642 -0.515573 0.767467 -0.329902 1.1865 0.848277 0.931796
data/frame-000152.color.jpg -0.18586 -0.519626 0.769064 -0.322466 1.17647 0.832823 0.937526
data/frame-000153.color.jpg -0.191853 -0.532672 0.762436 -0.313281 1.14214 0.829675 0.891873
data/frame-000154.color.jpg -0.192613 -0.534155 0.760659 -0.314605 1.13555 0.835453 0.883885
data/frame-000155.color.jpg -0.190113 -0.542532 0.756439 -0.311957 1.10605 0.846784 0.882779
data/frame-000156.color.jpg -0.189105 -0.544511 0.755022 -0.312553 1.09041 0.850299 0.8809
data/frame-000157.color.jpg -0.187256 -0.544096 0.755475 -0.313294 1.06524 0.850146 0.878774
data/frame-000158.color.jpg -0.186546 -0.542757 0.755808 -0.315231 1.05222 0.849125 0.879502
data/frame-000159.color.jpg -0.182882 -0.5424 0.75648 -0.316377 1.02916 0.849478 0.886221
data/frame-000160.color.jpg -0.180033 -0.540161 0.757542 -0.319286 1.00367 0.845 0.888103
data/frame-000161.color.jpg -0.179404 -0.538237 0.758413 -0.320818 0.987878 0.840628 0.891187
data/frame-000162.color.jpg -0.17843 -0.535079 0.759985 -0.322916 0.958983 0.834232 0.894256
data/frame-000163.color.jpg -0.180847 -0.530937 0.761205 -0.325525 0.944757 0.829624 0.888626
data/frame-000164.color.jpg -0.182579 -0.527389 0.762581 -0.327102 0.934558 0.828417 0.885284
data/frame-000165.color.jpg -0.182767 -0.520202 0.766433 -0.329494 0.913674 0.815011 0.89041
data/frame-000166.color.jpg -0.181295 -0.518899 0.768277 -0.328065 0.90774 0.80967 0.89479
data/frame-000167.color.jpg -0.180476 -0.514482 0.77131 -0.328356 0.900097 0.797692 0.900574
data/frame-000168.color.jpg -0.180949 -0.511016 0.773533 -0.32828 0.894465 0.786309 0.902596
data/frame-000169.color.jpg -0.178267 -0.509305 0.775916 -0.326778 0.887057 0.782004 0.907901
data/frame-000170.color.jpg -0.179151 -0.502773 0.779413 -0.328084 0.878628 0.767224 0.911983
data/frame-000171.color.jpg -0.175217 -0.49796 0.7829 -0.329245 0.867632 0.761478 0.919518
data/frame-000172.color.jpg -0.170696 -0.493944 0.785498 -0.331474 0.852493 0.762308 0.927869
data/frame-000173.color.jpg -0.169497 -0.489103 0.787542 -0.334404 0.840168 0.758662 0.927839
data/frame-000174.color.jpg -0.16869 -0.485316 0.788927 -0.337055 0.832755 0.756726 0.928491
data/frame-000175.color.jpg -0.161401 -0.47872 0.792773 -0.34101 0.802747 0.757271 0.934669
data/frame-000176.color.jpg -0.155915 -0.479322 0.792338 -0.343716 0.7805 0.767381 0.937147
data/frame-000177.color.jpg -0.153769 -0.478552 0.790211 -0.350586 0.761116 0.776881 0.929782
data/frame-000178.color.jpg -0.14734 -0.480767 0.788474 -0.354206 0.726946 0.794598 0.928205
data/frame-000179.color.jpg -0.144975 -0.478604 0.78931 -0.356245 0.70662 0.803837 0.927554
data/frame-000180.color.jpg -0.143049 -0.471078 0.793177 -0.358459 0.692212 0.798183 0.923241
data/frame-000181.color.jpg -0.141187 -0.463657 0.797246 -0.359844 0.682615 0.798124 0.924389
data/frame-000182.color.jpg -0.138906 -0.456438 0.800895 -0.361851 0.665574 0.800775 0.918787
data/frame-000183.color.jpg -0.138785 -0.454795 0.800833 -0.364097 0.661524 0.80337 0.913574
data/frame-000184.color.jpg -0.141121 -0.439421 0.805932 -0.370766 0.643892 0.81806 0.878306
data/frame-000185.color.jpg -0.142342 -0.437211 0.806454 -0.371775 0.629982 0.823991 0.853664
data/frame-000186.color.jpg -0.151384 -0.433852 0.803273 -0.378955 0.622681 0.839165 0.805879
data/frame-000187.color.jpg -0.158594 -0.436667 0.798827 -0.38216 0.615068 0.852284 0.77449
data/frame-000188.color.jpg -0.154226 -0.443936 0.792925 -0.387822 0.5855 0.866698 0.75366
data/frame-000189.color.jpg -0.15748 -0.44389 0.788521 -0.395469 0.572941 0.86901 0.720394
data/frame-000190.color.jpg -0.161528 -0.447951 0.786892 -0.392491 0.564131 0.863291 0.710901
data/frame-000191.color.jpg -0.174542 -0.450451 0.782438 -0.392962 0.563785 0.860794 0.681537
data/frame-000192.color.jpg -0.187657 -0.44981 0.78023 -0.392042 0.57414 0.861192 0.662888
data/frame-000193.color.jpg -0.206009 -0.457328 0.773081 -0.388275 0.573171 0.866053 0.636408
data/frame-000194.color.jpg -0.209806 -0.461316 0.770299 -0.387052 0.568761 0.869432 0.632339
data/frame-000195.color.jpg -0.219015 -0.498297 0.748331 -0.379122 0.507 0.89381 0.624429
data/frame-000196.color.jpg -0.227199 -0.517361 0.730561 -0.383404 0.468953 0.928903 0.606308
data/frame-000197.color.jpg -0.238252 -0.521268 0.718763 -0.393568 0.449681 0.962132 0.579672
data/frame-000198.color.jpg -0.242653 -0.522542 0.713782 -0.398228 0.430944 0.986358 0.574021
data/frame-000199.color.jpg -0.247334 -0.517681 0.711078 -0.406448 0.414779 1.0057 0.56897
data/frame-000200.color.jpg -0.244495 -0.519484 0.70839 -0.410539 0.384971 1.01996 0.573358
data/frame-000201.color.jpg -0.247078 -0.516752 0.707278 -0.41434 0.375937 1.03485 0.56914
data/frame-000202.color.jpg -0.250736 -0.51466 0.705479 -0.417799 0.371697 1.04644 0.565075
data/frame-000203.color.jpg -0.255699 -0.511339 0.70381 -0.421666 0.373286 1.06055 0.554274
data/frame-000204.color.jpg -0.259757 -0.506851 0.704145 -0.424038 0.383704 1.06618 0.550155
data/frame-000205.color.jpg -0.258234 -0.506988 0.704367 -0.424436 0.382622 1.06976 0.554392
data/frame-000206.color.jpg -0.266231 -0.504422 0.70071 -0.428586 0.3836 1.0901 0.538932
data/frame-000207.color.jpg -0.27112 -0.499679 0.697731 -0.435874 0.391775 1.10259 0.521227
data/frame-000208.color.jpg -0.272878 -0.501947 0.695527 -0.435694 0.382548 1.11456 0.522516
data/frame-000209.color.jpg -0.275805 -0.50167 0.694271 -0.436174 0.385957 1.12439 0.520142
data/frame-000210.color.jpg -0.27964 -0.502632 0.6925 -0.435438 0.387225 1.12957 0.515537
data/frame-000211.color.jpg -0.281318 -0.501491 0.692468 -0.435723 0.396312 1.13979 0.519604
data/frame-000212.color.jpg -0.281991 -0.501717 0.690529 -0.438099 0.392902 1.15403 0.5169
data/frame-000213.color.jpg -0.284038 -0.500918 0.690293 -0.438063 0.392112 1.15833 0.515896
data/frame-000214.color.jpg -0.289066 -0.495634 0.689995 -0.441242 0.401924 1.16704 0.505753
data/frame-000215.color.jpg -0.29243 -0.492001 0.693288 -0.437917 0.407207 1.17067 0.510114
data/frame-000216.color.jpg -0.293612 -0.49208 0.691875 -0.439271 0.398609 1.17908 0.510954
data/frame-000217.color.jpg -0.29544 -0.490683 0.690302 -0.442072 0.391082 1.18543 0.503753
data/frame-000218.color.jpg -0.292402 -0.492984 0.689595 -0.442636 0.373413 1.19043 0.512333
data/frame-000219.color.jpg -0.293232 -0.490485 0.688886 -0.445955 0.372409 1.19889 0.507239
data/frame-000220.color.jpg -0.296282 -0.488321 0.68792 -0.447801 0.370854 1.20303 0.498405
data/frame-000221.color.jpg -0.296631 -0.483438 0.688228 -0.45237 0.375969 1.2162 0.493467
data/frame-000222.color.jpg -0.305465 -0.477233 0.68396 -0.459499 0.389781 1.23836 0.473734
data/frame-000223.color.jpg -0.315307 -0.474899 0.679586 -0.461752 0.404974 1.25516 0.454137
data/frame-000224.color.jpg -0.320221 -0.474193 0.675249 -0.465444 0.407784 1.26017 0.439266
data/frame-000225.color.jpg -0.320931 -0.474129 0.674216 -0.466517 0.407465 1.26143 0.436251
data/frame-000226.color.jpg -0.322602 -0.47472 0.671251 -0.469032 0.403721 1.26866 0.430568
data/frame-000227.color.jpg -0.320458 -0.476385 0.670295 -0.47018 0.401474 1.26688 0.443872
data/frame-000228.color.jpg -0.315812 -0.478335 0.671973 -0.468947 0.39577 1.25212 0.457968
data/frame-000229.color.jpg -0.311582 -0.48199 0.675201 -0.463364 0.389093 1.25878 0.478421
data/frame-000230.color.jpg -0.307537 -0.482779 0.677291 -0.462193 0.385875 1.25875 0.491399
data/frame-000231.color.jpg -0.299525 -0.483228 0.683795 -0.457384 0.368496 1.25047 0.523467
data/frame-000232.color.jpg -0.292656 -0.482379 0.687662 -0.456929 0.351573 1.24382 0.542674
data/frame-000233.color.jpg -0.288928 -0.482425 0.689251 -0.456858 0.346551 1.24324 0.551673
data/frame-000234.color.jpg -0.283827 -0.482236 0.692754 -0.454953 0.329412 1.23582 0.564425
data/frame-000235.color.jpg -0.267284 -0.47781 0.705344 -0.450274 0.302247 1.22111 0.610506
data/frame-000236.color.jpg -0.259081 -0.475913 0.710316 -0.449261 0.282891 1.20915 0.628946
data/frame-000237.color.jpg -0.25429 -0.477177 0.712546 -0.447122 0.274405 1.2079 0.641585
data/frame-000238.color.jpg -0.245712 -0.472095 0.720808 -0.444057 0.259145 1.19646 0.665156
data/frame-000239.color.jpg -0.233879 -0.45847 0.736574 -0.438822 0.235229 1.16988 0.701288
data/frame-000240.color.jpg -0.224578 -0.451864 0.74618 -0.434279 0.224129 1.15337 0.726934
data/frame-000241.color.jpg -0.21637 -0.442673 0.755618 -0.431585 0.204556 1.14529 0.741003
data/frame-000242.color.jpg -0.210571 -0.431273 0.763849 -0.431507 0.187284 1.14867 0.740637
data/frame-000243.color.jpg -0.211781 -0.426053 0.767513 -0.429594 0.184621 1.15302 0.733094
data/frame-000244.color.jpg -0.217664 -0.427573 0.766202 -0.427479 0.163309 1.15946 0.70244
data/frame-000245.color.jpg -0.21677 -0.430109 0.766452 -0.424933 0.146446 1.15979 0.705458
data/frame-000246.color.jpg -0.195527 -0.434223 0.782172 -0.401779 0.0880568 1.12392 0.748818
data/frame-000247.color.jpg -0.192088 -0.433 0.783071 -0.403005 0.0617806 1.13049 0.73337
data/frame-000248.color.jpg -0.192502 -0.429867 0.783897 -0.404553 0.0392173 1.13933 0.723784
data/frame-000249.color.jpg -0.189869 -0.425249 0.787637 -0.403411 0.0286973 1.1324 0.728246
data/frame-000250.color.jpg -0.183923 -0.422322 0.791539 -0.401599 0.00769589 1.1244 0.738354
data/frame-000251.color.jpg -0.183432 -0.420937 0.792062 -0.402246 -0.00584322 1.12249 0.74384
data/frame-000252.color.jpg -0.187514 -0.42643 0.791021 -0.396587 -0.0182549 1.10781 0.763446
data/frame-000253.color.jpg -0.18921 -0.436403 0.785372 -0.39616 -0.0432061 1.09199 0.779437
data/frame-000254.color.jpg -0.194903 -0.445315 0.782042 -0.390022 -0.0485064 1.07186 0.799081
data/frame-000255.color.jpg -0.195657 -0.466253 0.772742 -0.383662 -0.098759 1.02978 0.830332
data/frame-000256.color.jpg -0.199174 -0.475235 0.766304 -0.383744 -0.118093 1.01629 0.845631
data/frame-000257.color.jpg -0.203441 -0.483933 0.759291 -0.384575 -0.138379 0.998007 0.854269
data/frame-000258.color.jpg -0.203872 -0.489366 0.757385 -0.381214 -0.150598 0.981372 0.87249
data/frame-000259.color.jpg -0.192481 -0.499243 0.755639 -0.377779 -0.209781 0.924268 0.902405
data/frame-000260.color.jpg -0.187479 -0.496618 0.760886 -0.373196 -0.223379 0.901162 0.911284
data/frame-000261.color.jpg -0.178262 -0.495323 0.766583 -0.367732 -0.245093 0.870296 0.931958
data/frame-000262.color.jpg -0.174322 -0.494849 0.767975 -0.367358 -0.249521 0.862989 0.934772
data/frame-000263.color.jpg -0.169229 -0.492742 0.771875 -0.364383 -0.2592 0.849877 0.937836
data/frame-000264.color.jpg -0.161802 -0.489626 0.777898 -0.359111 -0.270903 0.820218 0.938392
data/frame-000265.color.jpg -0.160587 -0.490458 0.778851 -0.356445 -0.270081 0.81531 0.949702
data/frame-000266.color.jpg -0.161743 -0.491508 0.779837 -0.352297 -0.27159 0.797646 0.950706
data/frame-000267.color.jpg -0.156631 -0.491471 0.779804 -0.354722 -0.287426 0.788068 0.942019
data/frame-000268.color.jpg -0.149731 -0.491679 0.781845 -0.352918 -0.297159 0.774522 0.94348
data/frame-000269.color.jpg -0.143454 -0.483721 0.788656 -0.351364 -0.301767 0.766208 0.932942
data/frame-000270.color.jpg -0.145891 -0.473486 0.791973 -0.356799 -0.292824 0.776631 0.91269
data/frame-000271.color.jpg -0.141944 -0.46878 0.794359 -0.359293 -0.299793 0.76643 0.898089
data/frame-000272.color.jpg -0.143355 -0.463691 0.793928 -0.36622 -0.302852 0.767915 0.880104
data/frame-000273.color.jpg -0.147339 -0.446353 0.798667 -0.375754 -0.29476 0.776475 0.858386
data/frame-000274.color.jpg -0.151532 -0.438431 0.799417 -0.38177 -0.29064 0.779748 0.844557
data/frame-000275.color.jpg -0.153459 -0.435363 0.799582 -0.38416 -0.291713 0.769142 0.842404
data/frame-000276.color.jpg -0.153978 -0.429495 0.802406 -0.384668 -0.290036 0.758227 0.839767
data/frame-000277.color.jpg -0.152819 -0.42851 0.803851 -0.383209 -0.293394 0.745279 0.840659
data/frame-000278.color.jpg -0.148747 -0.431553 0.804065 -0.380941 -0.300429 0.729233 0.848985
data/frame-000279.color.jpg -0.150935 -0.431502 0.803261 -0.381833 -0.296635 0.726755 0.848569
data/frame-000280.color.jpg -0.155489 -0.429421 0.801879 -0.385241 -0.291798 0.72675 0.845596
data/frame-000281.color.jpg -0.156532 -0.428964 0.802258 -0.384538 -0.290125 0.724824 0.844396
data/frame-000282.color.jpg -0.150165 -0.422414 0.810324 -0.377349 -0.256345 0.681351 0.857267
data/frame-000283.color.jpg -0.148166 -0.422425 0.812052 -0.374399 -0.253138 0.671838 0.865233
data/frame-000284.color.jpg -0.137792 -0.423505 0.818586 -0.362732 -0.251439 0.634553 0.879446
data/frame-000285.color.jpg -0.128456 -0.420704 0.82575 -0.353051 -0.245868 0.600428 0.883348
data/frame-000286.color.jpg -0.121224 -0.412596 0.833376 -0.34721 -0.243627 0.577179 0.883071
data/frame-000287.color.jpg -0.119963 -0.40558 0.837164 -0.3468 -0.237836 0.571607 0.882755
data/frame-000288.color.jpg -0.114563 -0.396197 0.843958 -0.342983 -0.236465 0.565018 0.880767
data/frame-000289.color.jpg -0.113457 -0.391124 0.844782 -0.34712 -0.236239 0.574501 0.87544
data/frame-000290.color.jpg -0.113889 -0.390521 0.844684 -0.347896 -0.236544 0.577198 0.874998
data/frame-000291.color.jpg -0.113461 -0.378583 0.842188 -0.366773 -0.250096 0.632698 0.853044
data/frame-000292.color.jpg -0.110434 -0.376001 0.842023 -0.37071 -0.258027 0.644662 0.848453
data/frame-000293.color.jpg -0.110386 -0.373976 0.841013 -0.37504 -0.264476 0.65581 0.843303
data/frame-000294.color.jpg -0.112139 -0.375557 0.837374 -0.381035 -0.277227 0.681357 0.838865
data/frame-000295.color.jpg -0.112285 -0.373097 0.836709 -0.38485 -0.28469 0.698686 0.833639
data/frame-000296.color.jpg -0.119411 -0.377566 0.836553 -0.378635 -0.285888 0.714 0.849324
data/frame-000297.color.jpg -0.122316 -0.388299 0.831571 -0.377826 -0.297946 0.715602 0.852231
data/frame-000298.color.jpg -0.124316 -0.391336 0.829992 -0.377511 -0.301673 0.719602 0.852953
data/frame-000299.color.jpg -0.138476 -0.406058 0.819337 -0.3803 -0.318534 0.743762 0.856246
data/frame-000300.color.jpg -0.162075 -0.44735 0.796045 -0.37406 -0.354007 0.763662 0.883852
data/frame-000301.color.jpg -0.166873 -0.45511 0.790162 -0.375064 -0.359768 0.768839 0.887909
data/frame-000302.color.jpg -0.174489 -0.463436 0.784601 -0.373071 -0.372306 0.77906 0.895408
data/frame-000303.color.jpg -0.187785 -0.477543 0.767829 -0.383573 -0.414135 0.817219 0.883592
data/frame-000304.color.jpg -0.193487 -0.477701 0.763957 -0.388244 -0.419205 0.836301 0.877004
data/frame-000305.color.jpg -0.200774 -0.48081 0.75785 -0.392651 -0.437707 0.860921 0.873041
data/frame-000306.color.jpg -0.20143 -0.484707 0.753437 -0.396001 -0.454233 0.869709 0.864059
data/frame-000307.color.jpg -0.203213 -0.485189 0.751858 -0.3975 -0.457569 0.875635 0.862671
data/frame-000308.color.jpg -0.208443 -0.485104 0.748622 -0.400987 -0.461891 0.895191 0.856127
data/frame-000309.color.jpg -0.213936 -0.483978 0.745733 -0.404819 -0.464143 0.915448 0.847159
data/frame-000310.color.jpg -0.217446 -0.4848 0.744141 -0.404897 -0.470178 0.932261 0.849566
data/frame-000311.color.jpg -0.214053 -0.488637 0.744377 -0.401645 -0.479884 0.930932 0.85613
data/frame-000312.color.jpg -0.218456 -0.494485 0.73785 -0.404151 -0.487285 0.947446 0.850407
data/frame-000313.color.jpg -0.218535 -0.494799 0.7373 -0.404729 -0.48736 0.950137 0.849049
data/frame-000314.color.jpg -0.219616 -0.495565 0.736646 -0.404397 -0.481931 0.959026 0.843017
data/frame-000315.color.jpg -0.22075 -0.499733 0.734779 -0.40204 -0.474903 0.963298 0.834456
data/frame-000316.color.jpg -0.227122 -0.504627 0.730545 -0.40009 -0.461034 0.974983 0.830084
data/frame-000317.color.jpg -0.226492 -0.520566 0.721013 -0.397306 -0.468047 0.969778 0.818532
data/frame-000318.color.jpg -0.227629 -0.523512 0.71831 -0.397681 -0.466576 0.972702 0.81111
data/frame-000319.color.jpg -0.239082 -0.537803 0.704495 -0.396603 -0.449079 1.01131 0.766419
data/frame-000320.color.jpg -0.248245 -0.544953 0.692696 -0.401961 -0.442043 1.04005 0.72324
data/frame-000321.color.jpg -0.262936 -0.54581 0.686199 -0.402602 -0.420394 1.06873 0.690484
data/frame-000322.color.jpg -0.266688 -0.545658 0.684641 -0.402991 -0.413801 1.07491 0.680952
data/frame-000323.color.jpg -0.271943 -0.54963 0.677119 -0.406772 -0.414467 1.10453 0.626115
data/frame-000324.color.jpg -0.281838 -0.548286 0.6711 -0.411794 -0.413146 1.12349 0.585455
data/frame-000325.color.jpg -0.292728 -0.550356 0.663161 -0.41429 -0.413792 1.14125 0.559487
data/frame-000326.color.jpg -0.295461 -0.552033 0.660207 -0.414835 -0.417288 1.14356 0.550199
data/frame-000327.color.jpg -0.305476 -0.56029 0.648974 -0.414237 -0.431944 1.15474 0.532585
data/frame-000328.color.jpg -0.332649 -0.582525 0.620563 -0.406092 -0.454655 1.15731 0.529326
data/frame-000329.color.jpg -0.344967 -0.598441 0.603992 -0.397567 -0.472869 1.15119 0.546053
data/frame-000330.color.jpg 0.348131 0.603809 -0.598207 0.395434 -0.480851 1.14658 0.547925
data/frame-000331.color.jpg 0.356262 0.616199 -0.584711 0.389215 -0.498502 1.1418 0.557575
data/frame-000332.color.jpg 0.388925 0.632654 -0.553664 0.376752 -0.506586 1.148 0.561505
data/frame-000333.color.jpg 0.401055 0.640489 -0.540057 0.370496 -0.50963 1.14687 0.569913
data/frame-000334.color.jpg 0.405412 0.642734 -0.534523 0.36989 -0.512554 1.14404 0.567143
data/frame-000335.color.jpg 0.415346 0.651204 -0.516534 0.369613 -0.528694 1.12561 0.562557
data/frame-000336.color.jpg 0.420088 0.65982 -0.504726 0.365259 -0.549652 1.11381 0.575017
data/frame-000337.color.jpg 0.420807 0.658052 -0.504046 0.368546 -0.557984 1.11298 0.56613
data/frame-000338.color.jpg 0.420522 0.657418 -0.505232 0.36838 -0.559211 1.11687 0.56706
data/frame-000339.color.jpg 0.417489 0.650387 -0.51167 0.375359 -0.572961 1.12811 0.547809
data/frame-000340.color.jpg 0.410037 0.646234 -0.515958 0.384757 -0.584671 1.11913 0.529202
data/frame-000341.color.jpg 0.407174 0.644721 -0.519099 0.386111 -0.585531 1.12256 0.523886
data/frame-000342.color.jpg 0.399268 0.639205 -0.527377 0.392268 -0.593141 1.12648 0.508585
data/frame-000343.color.jpg 0.377542 0.62243 -0.550834 0.408198 -0.591139 1.13767 0.46408
data/frame-000344.color.jpg 0.374689 0.619516 -0.554881 0.409775 -0.590433 1.14104 0.4574
data/frame-000345.color.jpg 0.360526 0.60434 -0.572687 0.420504 -0.578516 1.15766 0.423343
data/frame-000346.color.jpg 0.343284 0.592071 -0.588277 0.430742 -0.572563 1.16743 0.395088
data/frame-000347.color.jpg -0.319265 -0.57569 0.609327 -0.442008 -0.559732 1.17699 0.362379
data/frame-000348.color.jpg -0.315967 -0.573851 0.612009 -0.443062 -0.557709 1.17823 0.358749
data/frame-000349.color.jpg -0.306687 -0.567289 0.619774 -0.447222 -0.547433 1.17925 0.344981
data/frame-000350.color.jpg -0.28378 -0.560915 0.634276 -0.450041 -0.538674 1.1706 0.343655
data/frame-000351.color.jpg -0.272301 -0.554287 0.643044 -0.452894 -0.525722 1.16942 0.335408
data/frame-000352.color.jpg -0.268068 -0.552147 0.64618 -0.453569 -0.521057 1.17007 0.335111
data/frame-000353.color.jpg -0.2601 -0.544669 0.651648 -0.459389 -0.510782 1.16613 0.316374
data/frame-000354.color.jpg -0.243292 -0.532251 0.667623 -0.460215 -0.479753 1.16579 0.309211
data/frame-000355.color.jpg -0.240933 -0.527988 0.673412 -0.457926 -0.4637 1.17101 0.310617
data/frame-000356.color.jpg -0.241729 -0.519736 0.678542 -0.459371 -0.439137 1.17834 0.29759
data/frame-000357.color.jpg -0.242979 -0.512841 0.682469 -0.460643 -0.418023 1.18449 0.287957
data/frame-000358.color.jpg -0.24128 -0.509024 0.685502 -0.461265 -0.409218 1.1885 0.28354
data/frame-000359.color.jpg -0.241608 -0.504895 0.6873 -0.462953 -0.40099 1.18909 0.275652
data/frame-000360.color.jpg -0.240771 -0.504216 0.688414 -0.462473 -0.401125 1.1901 0.278341
data/frame-000361.color.jpg -0.23137 -0.495045 0.695534 -0.466508 -0.402918 1.19791 0.266602
data/frame-000362.color.jpg -0.22661 -0.486693 0.701851 -0.46817 -0.398695 1.20838 0.259866
data/frame-000363.color.jpg -0.221678 -0.47761 0.7054 -0.474509 -0.398518 1.21186 0.243606
data/frame-000364.color.jpg -0.215854 -0.464715 0.711938 -0.480199 -0.398617 1.22189 0.224273
data/frame-000365.color.jpg -0.209126 -0.455366 0.716258 -0.485678 -0.399455 1.22623 0.210854
data/frame-000366.color.jpg -0.201694 -0.445735 0.720216 -0.491864 -0.397986 1.23005 0.194195
data/frame-000367.color.jpg -0.192766 -0.434694 0.725016 -0.498231 -0.395107 1.23616 0.178385
data/frame-000368.color.jpg -0.189492 -0.424244 0.728215 -0.503799 -0.388188 1.24248 0.159771
data/frame-000369.color.jpg -0.187596 -0.421976 0.729461 -0.504609 -0.385821 1.24524 0.157822
data/frame-000370.color.jpg -0.184291 -0.415791 0.731742 -0.50765 -0.384027 1.2484 0.148252
data/frame-000371.color.jpg -0.174932 -0.401244 0.735965 -0.516487 -0.380264 1.24948 0.121218
data/frame-000372.color.jpg -0.166156 -0.385292 0.740914 -0.524394 -0.367977 1.2601 0.0971954
data/frame-000373.color.jpg -0.16777 -0.381641 0.740628 -0.526948 -0.365712 1.26134 0.0857685
data/frame-000374.color.jpg -0.165326 -0.377482 0.742189 -0.528516 -0.359313 1.26577 0.0815833
data/frame-000375.color.jpg -0.161532 -0.367658 0.743906 -0.534172 -0.353323 1.27121 0.0637369
data/frame-000376.color.jpg -0.144917 -0.346926 0.749587 -0.544757 -0.347294 1.28072 0.0307791
data/frame-000377.color.jpg -0.134307 -0.33034 0.754534 -0.550922 -0.329472 1.29116 0.0109206
data/frame-000378.color.jpg -0.134057 -0.325482 0.754853 -0.553431 -0.321236 1.29076 0.00125295
data/frame-000379.color.jpg -0.131684 -0.319251 0.756443 -0.555457 -0.311797 1.29269 -0.00729199
data/frame-000380.color.jpg -0.114407 -0.309819 0.760097 -0.559621 -0.297747 1.30047 -0.0212491
data/frame-000381.color.jpg -0.115148 -0.308154 0.75942 -0.561305 -0.294671 1.30042 -0.0286071
data/frame-000382.color.jpg -0.112533 -0.305392 0.758962 -0.563958 -0.287767 1.30067 -0.0375297
data/frame-000383.color.jpg -0.11215 -0.296198 0.759708 -0.567919 -0.24953 1.30085 -0.0563082
data/frame-000384.color.jpg -0.111805 -0.296868 0.760373 -0.566746 -0.24921 1.30408 -0.0516849
data/frame-000385.color.jpg -0.108826 -0.299081 0.759807 -0.566922 -0.251586 1.29843 -0.0502964
data/frame-000386.color.jpg -0.107355 -0.298001 0.760178 -0.567273 -0.240871 1.2965 -0.051746
data/frame-000387.color.jpg -0.108446 -0.301166 0.765353 -0.558366 -0.229983 1.28863 -0.0235029
data/frame-000388.color.jpg -0.109156 -0.302762 0.766861 -0.555288 -0.231754 1.28798 -0.0141518
data/frame-000389.color.jpg -0.10643 -0.306362 0.774455 -0.54317 -0.229171 1.28743 0.0270561
data/frame-000390.color.jpg -0.108829 -0.303945 0.785542 -0.527918 -0.207626 1.29125 0.0743258
data/frame-000391.color.jpg -0.109117 -0.303533 0.787149 -0.525697 -0.203862 1.29096 0.0808868
data/frame-000392.color.jpg -0.112821 -0.302924 0.79656 -0.510882 -0.188805 1.29641 0.126557
data/frame-000393.color.jpg -0.11304 -0.307346 0.813277 -0.480979 -0.199912 1.27417 0.224019
data/frame-000394.color.jpg -0.106184 -0.309799 0.820281 -0.468923 -0.203666 1.27725 0.263026
data/frame-000395.color.jpg -0.112679 -0.310777 0.823179 -0.461625 -0.203008 1.27947 0.28333
data/frame-000396.color.jpg -0.115729 -0.312552 0.825873 -0.45481 -0.208712 1.28043 0.306557
data/frame-000397.color.jpg -0.115471 -0.313365 0.827477 -0.451389 -0.214325 1.28496 0.317079
data/frame-000398.color.jpg -0.113993 -0.302835 0.832084 -0.450481 -0.231779 1.28636 0.332242
data/frame-000399.color.jpg -0.112049 -0.300853 0.836875 -0.443366 -0.244846 1.28454 0.360684
data/frame-000400.color.jpg -0.104712 -0.310039 0.840767 -0.431303 -0.325899 1.27196 0.412831
data/frame-000401.color.jpg -0.103374 -0.310053 0.84148 -0.430224 -0.337202 1.26812 0.414796
data/frame-000402.color.jpg -0.0994666 -0.310159 0.844579 -0.424964 -0.354573 1.26252 0.431744
data/frame-000403.color.jpg -0.0902848 -0.311448 0.853418 -0.408076 -0.408375 1.24812 0.488751
data/frame-000404.color.jpg -0.0913074 -0.31266 0.853488 -0.406774 -0.414878 1.2441 0.494999
data/frame-000405.color.jpg -0.0932199 -0.318832 0.854602 -0.399138 -0.443656 1.22671 0.518268
data/frame-000406.color.jpg -0.0897195 -0.324007 0.856084 -0.392543 -0.46454 1.21495 0.538702
data/frame-000407.color.jpg -0.0892561 -0.334115 0.857435 -0.38106 -0.516729 1.18728 0.578269
data/frame-000408.color.jpg -0.0890047 -0.336011 0.857609 -0.379054 -0.524244 1.18299 0.584524
data/frame-000409.color.jpg -0.0890192 -0.341526 0.857082 -0.375295 -0.550277 1.17333 0.602901
data/frame-000410.color.jpg -0.0883403 -0.347262 0.855699 -0.373341 -0.595169 1.15298 0.611951
data/frame-000411.color.jpg -0.0884929 -0.348074 0.855856 -0.372188 -0.599222 1.14874 0.614499
data/frame-000412.color.jpg -0.0898883 -0.355995 0.855454 -0.365221 -0.630091 1.12799 0.64115
data/frame-000413.color.jpg -0.0889141 -0.359007 0.856193 -0.360753 -0.653234 1.11491 0.656987
data/frame-000414.color.jpg -0.0907433 -0.354718 0.859142 -0.357512 -0.674352 1.11516 0.666848
data/frame-000415.color.jpg -0.0897975 -0.353401 0.859479 -0.358245 -0.67862 1.11598 0.664652
data/frame-000416.color.jpg -0.0865708 -0.349497 0.860692 -0.359953 -0.693754 1.12117 0.654732
data/frame-000417.color.jpg -0.0790995 -0.334234 0.863045 -0.370385 -0.728018 1.15615 0.609404
data/frame-000418.color.jpg -0.0772976 -0.323928 0.865444 -0.374304 -0.742784 1.17294 0.587607
data/frame-000419.color.jpg -0.0765775 -0.320767 0.8663 -0.375192 -0.741934 1.17802 0.578853
data/frame-000420.color.jpg -0.0769527 -0.313094 0.868259 -0.377064 -0.742814 1.19483 0.564177
data/frame-000421.color.jpg -0.0835475 -0.298063 0.870274 -0.383147 -0.731826 1.23273 0.534043
data/frame-000422.color.jpg -0.079498 -0.292824 0.87186 -0.38444 -0.751086 1.24286 0.516343
data/frame-000423.color.jpg -0.0767705 -0.292297 0.872251 -0.384508 -0.76127 1.24253 0.512035
data/frame-000424.color.jpg -0.070479 -0.289169 0.873916 -0.384297 -0.775599 1.24264 0.497736
data/frame-000425.color.jpg -0.0607842 -0.276297 0.869639 -0.404589 -0.827671 1.2865 0.375056
data/frame-000426.color.jpg -0.059366 -0.28283 0.867539 -0.404794 -0.870712 1.28205 0.353063
data/frame-000427.color.jpg -0.0550749 -0.286466 0.864945 -0.40838 -0.889014 1.27709 0.330627
data/frame-000428.color.jpg -0.0511526 -0.298906 0.858743 -0.413036 -0.947808 1.25988 0.308454
data/frame-000429.color.jpg -0.0624664 -0.321779 0.850341 -0.411676 -1.0107 1.24632 0.288742
data/frame-000430.color.jpg -0.0782233 -0.331528 0.843516 -0.415272 -1.03253 1.25372 0.288716
data/frame-000431.color.jpg -0.0883895 -0.343127 0.837675 -0.415635 -1.05642 1.24634 0.294691
data/frame-000432.color.jpg -0.0910324 -0.34764 0.83525 -0.416193 -1.06553 1.24548 0.296038
data/frame-000433.color.jpg -0.112712 -0.369477 0.821394 -0.419637 -1.11447 1.22865 0.323957
data/frame-000434.color.jpg -0.154132 -0.41574 0.788409 -0.426398 -1.20402 1.17997 0.388433
data/frame-000435.color.jpg -0.166476 -0.435582 0.774682 -0.42711 -1.24891 1.14522 0.423124
data/frame-000436.color.jpg -0.172562 -0.436777 0.772009 -0.428311 -1.24744 1.14175 0.423721
data/frame-000437.color.jpg -0.181226 -0.45401 0.762366 -0.424065 -1.28167 1.11394 0.467817
data/frame-000438.color.jpg -0.191539 -0.462597 0.755233 -0.423014 -1.29679 1.11153 0.494901
data/frame-000439.color.jpg -0.212235 -0.473298 0.741889 -0.424906 -1.29975 1.13022 0.53049
data/frame-000440.color.jpg -0.212491 -0.473428 0.739447 -0.428872 -1.30077 1.12992 0.52098
data/frame-000441.color.jpg -0.223275 -0.475619 0.731033 -0.435345 -1.30739 1.13763 0.514992
data/frame-000442.color.jpg -0.235558 -0.482151 0.713484 -0.450536 -1.32865 1.14307 0.496025
data/frame-000443.color.jpg -0.23794 -0.481302 0.711151 -0.45387 -1.328 1.14335 0.483594
data/frame-000444.color.jpg -0.2422 -0.483483 0.706913 -0.455915 -1.33422 1.14653 0.489384
data/frame-000445.color.jpg -0.249474 -0.484651 0.702472 -0.457612 -1.33475 1.16613 0.501326
data/frame-000446.color.jpg -0.245553 -0.482673 0.703486 -0.460259 -1.33101 1.16873 0.48865
data/frame-000447.color.jpg -0.252404 -0.479909 0.70006 -0.464646 -1.33549 1.17563 0.475904
data/frame-000448.color.jpg -0.254232 -0.473491 0.699712 -0.470718 -1.34343 1.21004 0.456782
data/frame-000449.color.jpg -0.253056 -0.471523 0.699168 -0.474123 -1.3427 1.21014 0.440767
data/frame-000450.color.jpg -0.253769 -0.469167 0.698658 -0.476823 -1.34818 1.2221 0.430468
data/frame-000451.color.jpg -0.248139 -0.454942 0.699675 -0.491842 -1.34193 1.2477 0.359424
data/frame-000452.color.jpg -0.247413 -0.452756 0.701412 -0.491752 -1.33662 1.26004 0.355316
data/frame-000453.color.jpg -0.250669 -0.45143 0.701283 -0.491506 -1.33485 1.26837 0.353106
data/frame-000454.color.jpg -0.251639 -0.440015 0.699416 -0.503866 -1.31921 1.29553 0.296122
data/frame-000455.color.jpg -0.245563 -0.435035 0.70179 -0.507873 -1.31534 1.29879 0.274958
data/frame-000456.color.jpg -0.244731 -0.434996 0.702619 -0.507161 -1.32126 1.29988 0.274007
data/frame-000457.color.jpg -0.224665 -0.425318 0.7163 -0.505514 -1.31427 1.30033 0.244512
data/frame-000458.color.jpg -0.21108 -0.416611 0.725481 -0.505527 -1.30224 1.30036 0.220462
data/frame-000459.color.jpg -0.207247 -0.414587 0.729211 -0.503407 -1.29777 1.30658 0.220914
data/frame-000460.color.jpg -0.20081 -0.409563 0.737029 -0.498719 -1.29629 1.31269 0.220597
data/frame-000461.color.jpg -0.197706 -0.408142 0.740442 -0.496062 -1.29572 1.31722 0.224612
data/frame-000462.color.jpg -0.172142 -0.385944 0.763131 -0.488924 -1.25658 1.34359 0.183644
data/frame-000463.color.jpg -0.161095 -0.381708 0.773126 -0.480232 -1.25225 1.35819 0.194358
data/frame-000464.color.jpg -0.157954 -0.37887 0.774438 -0.481407 -1.24785 1.35574 0.184387
data/frame-000465.color.jpg -0.139087 -0.362118 0.788907 -0.476603 -1.22546 1.37973 0.158504
data/frame-000466.color.jpg -0.127622 -0.346003 0.797875 -0.476853 -1.19341 1.4024 0.124496
data/frame-000467.color.jpg -0.114695 -0.328953 0.807298 -0.476345 -1.15824 1.42816 0.0895917
data/frame-000468.color.jpg -0.115269 -0.326824 0.808492 -0.475646 -1.15373 1.43398 0.0882815
data/frame-000469.color.jpg -0.0932191 -0.299608 0.821197 -0.476634 -1.08726 1.46221 0.0321656
data/frame-000470.color.jpg -0.0929866 -0.300059 0.822043 -0.474935 -1.09784 1.46535 0.0376896
data/frame-000471.color.jpg -0.0852806 -0.289153 0.825873 -0.4765 -1.0751 1.48034 0.0112145
data/frame-000472.color.jpg -0.07243 -0.263412 0.835807 -0.47623 -1.01315 1.51805 -0.0262884
data/frame-000473.color.jpg -0.0714822 -0.260159 0.837349 -0.475452 -1.00558 1.52555 -0.0253134
data/frame-000474.color.jpg -0.069915 -0.248661 0.843051 -0.471747 -0.976792 1.54402 -0.0209553
data/frame-000475.color.jpg -0.0549099 -0.22906 0.853692 -0.464464 -0.927327 1.56342 -0.0228115
data/frame-000476.color.jpg -0.0531717 -0.222644 0.855302 -0.464824 -0.912423 1.56583 -0.0286446
data/frame-000477.color.jpg -0.0444397 -0.213161 0.859867 -0.461753 -0.896759 1.5733 -0.0248086
data/frame-000478.color.jpg -0.0335328 -0.195669 0.866348 -0.45829 -0.86196 1.58717 -0.0297798
data/frame-000479.color.jpg -0.031701 -0.191453 0.867432 -0.458152 -0.847699 1.58984 -0.0323802
data/frame-000480.color.jpg -0.0264682 -0.184085 0.871288 -0.454169 -0.837068 1.59191 -0.0210126
data/frame-000481.color.jpg -0.0189981 -0.170749 0.87665 -0.44941 -0.80674 1.60248 -0.0155329
data/frame-000482.color.jpg -0.0194812 -0.168789 0.877191 -0.449073 -0.801836 1.60235 -0.0157388
data/frame-000483.color.jpg -0.0160202 -0.165406 0.879586 -0.445772 -0.800711 1.60258 -0.00526944
data/frame-000484.color.jpg -0.0142051 -0.165635 0.879618 -0.445685 -0.806614 1.59806 -0.00568541
data/frame-000485.color.jpg -0.00236038 -0.16059 0.882428 -0.442183 -0.81382 1.59047 -0.0040326
data/frame-000486.color.jpg 0.00196029 -0.150495 0.886307 -0.437958 -0.800994 1.59221 0.00738843
data/frame-000487.color.jpg 0.000327318 -0.148294 0.886754 -0.437809 -0.797409 1.59811 0.00931165
data/frame-000488.color.jpg 0.00484612 -0.142191 0.886918 -0.439471 -0.786668 1.59695 0.00225408
data/frame-000489.color.jpg 0.0133105 -0.126442 0.885434 -0.447037 -0.773749 1.59332 -0.0167156
data/frame-000490.color.jpg 0.0131109 -0.122683 0.886464 -0.446047 -0.765929 1.60119 -0.0109609
data/frame-000491.color.jpg 0.0185658 -0.10625 0.887528 -0.447952 -0.728821 1.59702 -0.00884536
data/frame-000492.color.jpg 0.0154126 -0.104612 0.888878 -0.445774 -0.731366 1.59997 -0.00244792
data/frame-000493.color.jpg 0.0198668 -0.0965937 0.889401 -0.446365 -0.716977 1.59506 0.000738687
data/frame-000494.color.jpg 0.0296449 -0.0870221 0.889944 -0.446707 -0.712615 1.58916 -0.00476681
data/frame-000495.color.jpg 0.0306974 -0.0845543 0.89011 -0.44678 -0.708132 1.59237 -0.00317286
data/frame-000496.color.jpg 0.0367759 -0.0723492 0.888632 -0.451383 -0.688583 1.59917 -0.0188055
data/frame-000497.color.jpg 0.0384227 -0.0696684 0.888474 -0.451978 -0.68225 1.60065 -0.0217467
data/frame-000498.color.jpg 0.0398635 -0.0664494 0.888622 -0.452047 -0.678408 1.60409 -0.0236624
data/frame-000499.color.jpg 0.045663 -0.0515243 0.89094 -0.448872 -0.642486 1.6203 -0.0142228
data/frame-000500.color.jpg 0.0453048 -0.0495761 0.891124 -0.448762 -0.640888 1.62144 -0.014801
data/frame-000501.color.jpg 0.0592873 -0.0286463 0.890383 -0.450426 -0.600694 1.63894 -0.0461362
data/frame-000502.color.jpg 0.060477 -0.0227481 0.889728 -0.451895 -0.584123 1.64839 -0.0533039
data/frame-000503.color.jpg 0.0624667 -0.0126711 0.889373 -0.452718 -0.552104 1.66331 -0.0599844
data/frame-000504.color.jpg 0.0631106 -0.00802625 0.888694 -0.454065 -0.536916 1.66692 -0.0687106
data/frame-000505.color.jpg 0.0667598 0.0207981 0.889874 -0.450816 -0.437489 1.7028 -0.0747813
data/frame-000506.color.jpg 0.0827759 0.0474915 0.885604 -0.454531 -0.354915 1.72449 -0.122756
data/frame-000507.color.jpg 0.0834779 0.049976 0.885327 -0.454675 -0.351015 1.72913 -0.125089
data/frame-000508.color.jpg 0.0896616 0.0563403 0.883724 -0.455871 -0.331327 1.72934 -0.140358
data/frame-000509.color.jpg 0.0915134 0.0602381 0.882755 -0.456882 -0.319439 1.73181 -0.14827
data/frame-000510.color.jpg 0.105776 0.0825103 0.878613 -0.458304 -0.261431 1.75351 -0.177244
data/frame-000511.color.jpg 0.118135 0.103071 0.874891 -0.458242 -0.206634 1.77329 -0.199395
data/frame-000512.color.jpg 0.117783 0.106157 0.874074 -0.459186 -0.199329 1.77558 -0.202216
data/frame-000513.color.jpg 0.122943 0.115516 0.870998 -0.461415 -0.170657 1.77844 -0.218277
data/frame-000514.color.jpg 0.126593 0.12013 0.870123 -0.460901 -0.154598 1.78221 -0.224642
data/frame-000515.color.jpg 0.140171 0.138916 0.864114 -0.462992 -0.102124 1.78665 -0.251021
data/frame-000516.color.jpg 0.152727 0.15925 0.859966 -0.460188 -0.0454195 1.79666 -0.258359
data/frame-000517.color.jpg 0.153735 0.16134 0.860058 -0.458951 -0.043028 1.79994 -0.254833
data/frame-000518.color.jpg 0.157497 0.167291 0.858768 -0.457958 -0.0235163 1.80114 -0.256349
data/frame-000519.color.jpg 0.166177 0.181595 0.855573 -0.455416 0.00539725 1.80213 -0.258381
data/frame-000520.color.jpg 0.167992 0.183368 0.855895 -0.453429 0.00873474 1.80327 -0.252316
data/frame-000521.color.jpg 0.171987 0.187041 0.856084 -0.450062 0.0133367 1.80446 -0.250477
data/frame-000522.color.jpg 0.173351 0.188928 0.856064 -0.448787 0.0173834 1.80656 -0.250181
data/frame-000523.color.jpg 0.182235 0.189196 0.857661 -0.442055 -0.00121739 1.81045 -0.24967
data/frame-000524.color.jpg 0.184125 0.193182 0.855262 -0.444191 0.01275 1.81227 -0.261475
data/frame-000525.color.jpg 0.183916 0.192951 0.854567 -0.445712 0.010717 1.81107 -0.26916
data/frame-000526.color.jpg 0.191512 0.193561 0.854055 -0.443225 -0.0088109 1.81283 -0.271144
data/frame-000527.color.jpg 0.198342 0.197879 0.853577 -0.439216 -0.0170626 1.81821 -0.266162
data/frame-000528.color.jpg 0.198908 0.199123 0.85327 -0.438993 -0.0167965 1.81779 -0.266992
data/frame-000529.color.jpg 0.202267 0.204623 0.851794 -0.437795 -0.0060938 1.82049 -0.269612
data/frame-000530.color.jpg 0.202872 0.206169 0.850921 -0.438488 -0.00297612 1.81984 -0.274001
data/frame-000531.color.jpg 0.201784 0.217549 0.847959 -0.439227 0.023837 1.82328 -0.278044
data/frame-000532.color.jpg 0.198573 0.228217 0.845581 -0.439863 0.0602506 1.82434 -0.274057
data/frame-000533.color.jpg 0.197472 0.231618 0.845178 -0.439353 0.0697427 1.82572 -0.273679
data/frame-000534.color.jpg 0.219167 0.294815 0.833548 -0.412611 0.25231 1.83956 -0.197702
data/frame-000535.color.jpg 0.223386 0.299713 0.830194 -0.41358 0.271175 1.8348 -0.205661
data/frame-000536.color.jpg 0.222044 0.320234 0.82185 -0.415582 0.360835 1.82909 -0.203518
data/frame-000537.color.jpg 0.220799 0.32497 0.820042 -0.416141 0.379449 1.82787 -0.202684
data/frame-000538.color.jpg 0.229343 0.353248 0.807365 -0.413256 0.483793 1.8157 -0.189286
data/frame-000539.color.jpg 0.236612 0.362905 0.80248 -0.410293 0.515829 1.81217 -0.179815
data/frame-000540.color.jpg 0.241272 0.369869 0.798674 -0.408784 0.539462 1.81007 -0.175039
data/frame-000541.color.jpg 0.248087 0.3861 0.788886 -0.408703 0.594742 1.79819 -0.174101
data/frame-000542.color.jpg 0.249487 0.389249 0.787574 -0.407392 0.604357 1.79766 -0.169094
data/frame-000543.color.jpg 0.25971 0.40821 0.777122 -0.402487 0.664449 1.78501 -0.144237
data/frame-000544.color.jpg 0.264409 0.421645 0.76866 -0.401827 0.706202 1.76941 -0.137589
data/frame-000545.color.jpg 0.265653 0.425563 0.766938 -0.400163 0.718183 1.76806 -0.126849
data/frame-000546.color.jpg 0.275694 0.444702 0.754516 -0.396156 0.774234 1.74631 -0.0997377
data/frame-000547.color.jpg 0.282315 0.456091 0.747199 -0.392395 0.804872 1.73325 -0.0784248
data/frame-000548.color.jpg 0.284024 0.459234 0.74581 -0.39013 0.813152 1.73251 -0.065292
data/frame-000549.color.jpg 0.28861 0.474881 0.736457 -0.385776 0.854709 1.70752 -0.034977
data/frame-000550.color.jpg 0.291571 0.48432 0.729379 -0.385264 0.885434 1.68759 -0.0207418
data/frame-000551.color.jpg 0.293191 0.487044 0.727329 -0.384474 0.894496 1.68116 -0.0140738
data/frame-000552.color.jpg 0.289804 0.503808 0.719648 -0.379866 0.940975 1.64994 0.0243376
data/frame-000553.color.jpg 0.288509 0.512489 0.715083 -0.377853 0.961866 1.62914 0.046669
data/frame-000554.color.jpg 0.288173 0.513883 0.714863 -0.376632 0.962243 1.6264 0.0528931
data/frame-000555.color.jpg 0.284083 0.519972 0.721368 -0.358544 0.935663 1.62508 0.127551
data/frame-000556.color.jpg 0.283456 0.520687 0.722442 -0.35583 0.930668 1.62309 0.140148
data/frame-000557.color.jpg 0.28065 0.524873 0.722656 -0.351444 0.925071 1.60731 0.164633
data/frame-000558.color.jpg 0.278455 0.528859 0.722195 -0.348144 0.917893 1.59086 0.182496
data/frame-000559.color.jpg 0.278368 0.5295 0.722279 -0.347066 0.915744 1.58917 0.190488
data/frame-000560.color.jpg 0.274087 0.531254 0.72714 -0.33751 0.892045 1.57574 0.227791
data/frame-000561.color.jpg 0.27991 0.534161 0.722781 -0.337506 0.906475 1.5621 0.217946
data/frame-000562.color.jpg 0.277082 0.53736 0.723912 -0.332299 0.897109 1.55717 0.24433
data/frame-000563.color.jpg 0.290305 0.554 0.717748 -0.306015 0.889859 1.54047 0.338073
data/frame-000564.color.jpg 0.29587 0.558695 0.712999 -0.303237 0.902167 1.53501 0.345684
data/frame-000565.color.jpg 0.298376 0.571901 0.700644 -0.304956 0.947078 1.5076 0.353671
data/frame-000566.color.jpg 0.298038 0.611397 0.66532 -0.307761 1.09523 1.41107 0.399286
data/frame-000567.color.jpg 0.297857 0.616546 0.659562 -0.310048 1.11777 1.39639 0.39931
data/frame-000568.color.jpg 0.317838 0.651506 0.61814 -0.304011 1.21854 1.30898 0.471975
data/frame-000569.color.jpg 0.318697 0.655617 0.614422 -0.301801 1.22803 1.29987 0.48477
data/frame-000570.color.jpg 0.322091 0.668495 0.602842 -0.29318 1.25203 1.26549 0.530956
data/frame-000571.color.jpg 0.330473 0.685959 0.578277 -0.292991 1.29018 1.19271 0.567712
data/frame-000572.color.jpg 0.331321 0.690956 0.575645 -0.285375 1.2964 1.19042 0.595868
data/frame-000573.color.jpg 0.334186 0.69995 0.564668 -0.282027 1.3102 1.15805 0.623471
data/frame-000574.color.jpg 0.349681 0.712427 0.542683 -0.275073 1.31899 1.12309 0.66759
data/frame-000575.color.jpg 0.352077 0.71268 0.540336 -0.275984 1.31981 1.12263 0.664912
data/frame-000576.color.jpg 0.365134 0.713293 0.530606 -0.276311 1.32706 1.12186 0.663014
data/frame-000577.color.jpg 0.368801 0.711369 0.529822 -0.277899 1.32385 1.13783 0.656386
data/frame-000578.color.jpg 0.382735 0.709534 0.514008 -0.293038 1.34345 1.13869 0.623366
data/frame-000579.color.jpg 0.39111 0.708731 0.50667 -0.29668 1.34499 1.14335 0.613054
data/frame-000580.color.jpg 0.391964 0.708245 0.506247 -0.297435 1.34258 1.14693 0.610587
data/frame-000581.color.jpg 0.397848 0.706885 0.501448 -0.300966 1.343 1.15003 0.601825
data/frame-000582.color.jpg 0.406093 0.706144 0.489945 -0.31049 1.35756 1.14601 0.579759
data/frame-000583.color.jpg 0.408315 0.706328 0.488544 -0.30936 1.35856 1.14663 0.582879
data/frame-000584.color.jpg 0.41206 0.70488 0.488704 -0.30744 1.34564 1.16504 0.586554
data/frame-000585.color.jpg 0.42465 0.700514 0.482007 -0.31084 1.33846 1.19454 0.572573
data/frame-000586.color.jpg 0.428034 0.699632 0.478772 -0.313177 1.34167 1.19648 0.56614
data/frame-000587.color.jpg 0.434781 0.696539 0.472531 -0.320175 1.34728 1.20389 0.545719
data/frame-000588.color.jpg 0.446778 0.696635 0.461973 -0.318857 1.33093 1.21848 0.556702
data/frame-000589.color.jpg 0.446305 0.702171 0.458109 -0.312894 1.31236 1.21067 0.58965
data/frame-000590.color.jpg 0.445568 0.706986 0.454948 -0.307671 1.30759 1.19981 0.611134
data/frame-000591.color.jpg 0.444613 0.711866 0.450636 -0.304127 1.30288 1.18584 0.634428
data/frame-000592.color.jpg 0.443196 0.718494 0.448239 -0.293981 1.29361 1.18571 0.677227
data/frame-000593.color.jpg 0.445287 0.732317 0.434829 -0.276325 1.25381 1.14478 0.741014
data/frame-000594.color.jpg 0.444221 0.736936 0.430155 -0.273057 1.24635 1.13237 0.756926
data/frame-000595.color.jpg 0.442526 0.743569 0.42624 -0.263808 1.23506 1.12564 0.796694
data/frame-000596.color.jpg 0.452022 0.75385 0.407215 -0.248116 1.18408 1.0972 0.8391
data/frame-000597.color.jpg 0.449395 0.757594 0.403893 -0.246913 1.16583 1.08761 0.841538
data/frame-000598.color.jpg 0.448779 0.758681 0.403447 -0.24542 1.15913 1.08703 0.848276
data/frame-000599.color.jpg 0.453633 0.761335 0.396706 -0.239188 1.12034 1.08147 0.856327
data/frame-000600.color.jpg 0.450947 0.764602 0.395016 -0.236626 1.11917 1.07964 0.866638
data/frame-000601.color.jpg 0.451755 0.769131 0.390516 -0.22771 1.07254 1.06958 0.883627
data/frame-000602.color.jpg 0.452465 0.772851 0.385318 -0.222501 1.06054 1.06698 0.903274
data/frame-000603.color.jpg 0.452946 0.773282 0.383044 -0.223948 1.0578 1.06009 0.898104
data/frame-000604.color.jpg 0.446631 0.793202 0.360905 -0.202728 0.98249 0.99507 0.971035
data/frame-000605.color.jpg 0.444497 0.807222 0.340812 -0.186179 0.924452 0.945439 1.01655
data/frame-000606.color.jpg 0.444374 0.809084 0.338086 -0.183338 0.91962 0.939964 1.02568
data/frame-000607.color.jpg 0.441561 0.813265 0.332914 -0.181086 0.907907 0.924193 1.03431
data/frame-000608.color.jpg 0.44085 0.815384 0.32922 -0.180039 0.900823 0.913152 1.03795
data/frame-000609.color.jpg 0.436663 0.819458 0.326713 -0.176273 0.888393 0.901659 1.0516
data/frame-000610.color.jpg 0.430502 0.824415 0.322613 -0.175866 0.877228 0.875031 1.06093
data/frame-000611.color.jpg 0.423172 0.830428 0.320995 -0.168158 0.866289 0.845162 1.08808
data/frame-000612.color.jpg 0.42188 0.831296 0.322222 -0.164735 0.855274 0.839964 1.09421
data/frame-000613.color.jpg 0.410096 0.845103 0.307857 -0.15115 0.838194 0.774135 1.13132
data/frame-000614.color.jpg 0.403846 0.853219 0.297028 -0.143875 0.835475 0.734566 1.1527
data/frame-000615.color.jpg 0.40054 0.859836 0.284641 -0.138671 0.833968 0.704356 1.17068
data/frame-000616.color.jpg 0.398722 0.86657 0.268768 -0.133568 0.835576 0.669342 1.19386
data/frame-000617.color.jpg 0.395672 0.87024 0.262991 -0.130238 0.830242 0.653608 1.20694
data/frame-000618.color.jpg 0.396941 0.879406 0.237302 -0.113004 0.79683 0.612568 1.25128
data/frame-000619.color.jpg 0.398384 0.882642 0.223804 -0.110204 0.785414 0.59792 1.26621
data/frame-000620.color.jpg 0.402193 0.884624 0.211969 -0.103685 0.769374 0.588548 1.2853
data/frame-000621.color.jpg 0.403277 0.887124 0.200948 -0.0999927 0.757821 0.573731 1.29973
data/frame-000622.color.jpg 0.41779 0.88561 0.179187 -0.0950695 0.73998 0.586625 1.32692
data/frame-000623.color.jpg 0.418958 0.885299 0.178311 -0.0944712 0.736443 0.593629 1.33273
data/frame-000624.color.jpg 0.426897 0.882416 0.172846 -0.0960463 0.734579 0.613308 1.33693
data/frame-000625.color.jpg 0.434071 0.8797 0.168229 -0.0970053 0.730321 0.630201 1.34128
data/frame-000626.color.jpg 0.440396 0.877007 0.165707 -0.0972211 0.73438 0.649302 1.3421
data/frame-000627.color.jpg 0.439135 0.877382 0.163232 -0.103523 0.747938 0.648531 1.35309
data/frame-000628.color.jpg 0.441349 0.876569 0.161468 -0.103759 0.753292 0.650089 1.34532
data/frame-000629.color.jpg 0.447838 0.872828 0.160264 -0.109213 0.762048 0.679293 1.34927
data/frame-000630.color.jpg 0.454356 0.869202 0.159958 -0.111635 0.762851 0.705156 1.34307
data/frame-000631.color.jpg 0.460846 0.865219 0.161329 -0.113973 0.75982 0.734517 1.34002
data/frame-000632.color.jpg 0.461824 0.864362 0.16212 -0.115383 0.758895 0.739954 1.34292
data/frame-000633.color.jpg 0.46452 0.862299 0.165052 -0.115837 0.754221 0.757194 1.33738
data/frame-000634.color.jpg 0.470487 0.856367 0.172754 -0.124235 0.757027 0.796696 1.30697
data/frame-000635.color.jpg 0.471842 0.854389 0.179633 -0.122952 0.741318 0.819727 1.29625
data/frame-000636.color.jpg 0.478771 0.849318 0.183119 -0.126117 0.733248 0.858142 1.26661
data/frame-000637.color.jpg 0.479546 0.848107 0.185139 -0.128348 0.7342 0.869666 1.26349
data/frame-000638.color.jpg 0.490602 0.83685 0.199566 -0.13844 0.713909 0.945809 1.20734
data/frame-000639.color.jpg 0.497309 0.830827 0.204765 -0.143116 0.703515 0.982655 1.17567
data/frame-000640.color.jpg 0.498847 0.829594 0.205653 -0.143642 0.69951 0.993139 1.16769
data/frame-000641.color.jpg 0.506806 0.823549 0.206661 -0.149018 0.690302 1.02353 1.13819
data/frame-000642.color.jpg 0.51262 0.813943 0.217858 -0.165093 0.700571 1.06234 1.08266
data/frame-000643.color.jpg 0.512742 0.812923 0.220099 -0.166757 0.700526 1.07086 1.07508
data/frame-000644.color.jpg 0.517088 0.806409 0.22611 -0.176631 0.709164 1.0962 1.03595
data/frame-000645.color.jpg 0.51819 0.802347 0.232824 -0.183064 0.711498 1.11709 1.0138
data/frame-000646.color.jpg 0.522073 0.795794 0.246164 -0.18318 0.681757 1.16437 0.982341
data/frame-000647.color.jpg 0.521879 0.795439 0.247866 -0.182979 0.67858 1.16976 0.979152
data/frame-000648.color.jpg 0.519395 0.796628 0.250768 -0.18091 0.666842 1.1818 0.976151
data/frame-000649.color.jpg 0.513025 0.800709 0.247747 -0.185182 0.691675 1.18221 0.958303
data/frame-000650.color.jpg 0.512568 0.800916 0.247181 -0.186303 0.695066 1.18393 0.951892
data/frame-000651.color.jpg 0.513533 0.800486 0.243177 -0.190711 0.712185 1.18783 0.931692
data/frame-000652.color.jpg 0.52661 0.791811 0.233408 -0.203073 0.75371 1.26957 0.827692
data/frame-000653.color.jpg 0.524532 0.792224 0.234663 -0.205381 0.757291 1.27685 0.82238
data/frame-000654.color.jpg 0.5225 0.79428 0.230545 -0.207274 0.777563 1.28214 0.810016
data/frame-000655.color.jpg 0.524982 0.793176 0.225895 -0.210325 0.793812 1.31419 0.747434
data/frame-000656.color.jpg 0.52523 0.792926 0.225817 -0.210734 0.794185 1.3187 0.741991
data/frame-000657.color.jpg 0.527422 0.792178 0.224137 -0.209864 0.791096 1.33451 0.722769
data/frame-000658.color.jpg 0.530189 0.790487 0.222896 -0.210588 0.790563 1.34057 0.709019
data/frame-000659.color.jpg 0.541672 0.784581 0.215345 -0.211306 0.776445 1.37943 0.654856
data/frame-000660.color.jpg 0.544076 0.782499 0.215228 -0.212963 0.769637 1.39064 0.63449
data/frame-000661.color.jpg 0.546533 0.780638 0.215003 -0.21373 0.764496 1.39695 0.619787
data/frame-000662.color.jpg 0.554628 0.771635 0.222926 -0.21742 0.722648 1.44324 0.555791
data/frame-000663.color.jpg 0.56362 0.759311 0.2372 -0.22252 0.65408 1.49586 0.47521
data/frame-000664.color.jpg 0.564434 0.757617 0.23889 -0.224417 0.645365 1.5003 0.462843
data/frame-000665.color.jpg 0.567597 0.752666 0.244757 -0.226763 0.616826 1.51396 0.427934
data/frame-000666.color.jpg 0.568139 0.74649 0.254655 -0.23478 0.572063 1.53393 0.379088
data/frame-000667.color.jpg 0.568679 0.744715 0.256268 -0.23734 0.566219 1.53593 0.3674
data/frame-000668.color.jpg 0.572443 0.738261 0.260521 -0.243739 0.542041 1.54557 0.326878
data/frame-000669.color.jpg 0.572711 0.737345 0.260885 -0.245486 0.539375 1.54629 0.320077
data/frame-000670.color.jpg 0.57715 0.724215 0.271841 -0.26175 0.504299 1.56705 0.251532
data/frame-000671.color.jpg 0.579166 0.720165 0.273586 -0.266609 0.49726 1.56836 0.230563
data/frame-000672.color.jpg 0.578249 0.719961 0.274643 -0.268059 0.495792 1.56965 0.228127
data/frame-000673.color.jpg 0.575571 0.722316 0.275873 -0.266217 0.463892 1.57514 0.226295
data/frame-000674.color.jpg 0.570241 0.725148 0.278828 -0.26691 0.454252 1.58241 0.224906
data/frame-000675.color.jpg 0.57144 0.722294 0.280059 -0.270766 0.451683 1.58479 0.207918
data/frame-000676.color.jpg 0.583882 0.704085 0.294244 -0.277067 0.377397 1.59972 0.11823
data/frame-000677.color.jpg 0.573339 0.702114 0.3171 -0.278864 0.30402 1.6063 0.109617
data/frame-000678.color.jpg 0.57091 0.702356 0.319278 -0.280748 0.301884 1.60563 0.108654
data/frame-000679.color.jpg 0.564429 0.702329 0.32587 -0.286291 0.294457 1.61154 0.112969
data/frame-000680.color.jpg 0.563339 0.701225 0.327878 -0.28884 0.290411 1.61401 0.109557
data/frame-000681.color.jpg 0.564784 0.693533 0.335232 -0.296061 0.245537 1.61621 0.0836406
data/frame-000682.color.jpg 0.566181 0.688592 0.342465 -0.296644 0.203829 1.61866 0.0751724
data/frame-000683.color.jpg 0.566113 0.688162 0.342958 -0.297202 0.194938 1.61649 0.0718737
data/frame-000684.color.jpg 0.562847 0.680545 0.359756 -0.301062 0.127989 1.61605 0.0758857
data/frame-000685.color.jpg 0.558668 0.676453 0.368161 -0.307828 0.10063 1.61091 0.0809495
data/frame-000686.color.jpg 0.556388 0.67577 0.370392 -0.310768 0.0956451 1.61019 0.083889
data/frame-000687.color.jpg 0.546825 0.672184 0.381131 -0.322321 0.0558657 1.60114 0.105448
data/frame-000688.color.jpg 0.53837 0.661547 0.400445 -0.334899 -0.013575 1.58418 0.127483
data/frame-000689.color.jpg 0.536805 0.660494 0.403225 -0.336153 -0.0220195 1.58111 0.133144
data/frame-000690.color.jpg 0.530865 0.659099 0.410284 -0.339762 -0.0423033 1.57611 0.152265
data/frame-000691.color.jpg 0.522314 0.654164 0.416402 -0.354777 -0.0610552 1.56956 0.163553
data/frame-000692.color.jpg 0.521246 0.654736 0.415802 -0.355996 -0.0617912 1.56794 0.165739
data/frame-000693.color.jpg 0.516885 0.658426 0.4142 -0.357413 -0.0662426 1.56231 0.174817
data/frame-000694.color.jpg 0.513732 0.661696 0.414328 -0.355768 -0.0655362 1.56376 0.189605
data/frame-000695.color.jpg 0.505991 0.661331 0.415237 -0.366324 -0.079063 1.56062 0.185442
data/frame-000696.color.jpg 0.503064 0.6596 0.4183 -0.369972 -0.091506 1.56031 0.184634
data/frame-000697.color.jpg 0.501386 0.658894 0.420445 -0.371075 -0.0971837 1.56063 0.186831
data/frame-000698.color.jpg 0.500054 0.652466 0.437212 -0.3648 -0.181213 1.55938 0.203241
data/frame-000699.color.jpg 0.49825 0.646195 0.447592 -0.365841 -0.224086 1.5523 0.215589
data/frame-000700.color.jpg 0.495549 0.646496 0.450866 -0.364958 -0.233065 1.55219 0.228918
data/frame-000701.color.jpg 0.48483 0.652 0.456076 -0.363084 -0.257701 1.5373 0.273297
data/frame-000702.color.jpg 0.481903 0.659542 0.455172 -0.354392 -0.282718 1.52421 0.303079
data/frame-000703.color.jpg 0.480387 0.661237 0.45658 -0.351466 -0.29307 1.52087 0.314151
data/frame-000704.color.jpg 0.469427 0.664347 0.465624 -0.348533 -0.356458 1.49214 0.382152
data/frame-000705.color.jpg 0.467261 0.66408 0.472091 -0.343213 -0.400743 1.47872 0.414445
data/frame-000706.color.jpg 0.466112 0.663884 0.474043 -0.342463 -0.413586 1.47335 0.425327
data/frame-000707.color.jpg 0.46692 0.668396 0.471444 -0.336114 -0.468202 1.45076 0.451185
data/frame-000708.color.jpg 0.465201 0.671904 0.471843 -0.330904 -0.499204 1.4329 0.471131
data/frame-000709.color.jpg 0.464513 0.672871 0.472226 -0.329356 -0.508985 1.42624 0.478169
data/frame-000710.color.jpg 0.459628 0.679653 0.470034 -0.325396 -0.552945 1.39193 0.511612
data/frame-000711.color.jpg 0.450772 0.6833 0.47235 -0.326789 -0.560831 1.37744 0.550531
data/frame-000712.color.jpg 0.439728 0.686586 0.477811 -0.32701 -0.584229 1.34794 0.59701
data/frame-000713.color.jpg 0.438131 0.687989 0.481324 -0.320997 -0.609374 1.32873 0.609573
data/frame-000714.color.jpg 0.439007 0.687186 0.479844 -0.323725 -0.611345 1.32643 0.609551
data/frame-000715.color.jpg 0.42663 0.69525 0.482879 -0.318499 -0.635042 1.30349 0.655663
data/frame-000716.color.jpg 0.426592 0.703541 0.479689 -0.304873 -0.650883 1.28365 0.651122
data/frame-000717.color.jpg 0.425964 0.705379 0.478519 -0.303338 -0.657803 1.28184 0.651832
data/frame-000718.color.jpg 0.430531 0.710603 0.468273 -0.300678 -0.680251 1.25711 0.62498
data/frame-000719.color.jpg 0.434486 0.710235 0.464612 -0.301538 -0.677819 1.27157 0.609046
data/frame-000720.color.jpg 0.428458 0.721438 0.45948 -0.291254 -0.672152 1.26858 0.619235
data/frame-000721.color.jpg 0.42602 0.724963 0.457912 -0.288534 -0.670781 1.26647 0.620056
data/frame-000722.color.jpg 0.417905 0.747541 0.435022 -0.278018 -0.637271 1.2615 0.603419
data/frame-000723.color.jpg 0.411616 0.761372 0.426181 -0.263162 -0.62707 1.25001 0.602039
data/frame-000724.color.jpg 0.416501 0.764882 0.417918 -0.258509 -0.62559 1.24362 0.576774
data/frame-000725.color.jpg 0.418533 0.76414 0.413049 -0.265163 -0.616778 1.24324 0.564626
data/frame-000726.color.jpg 0.42053 0.760628 0.411069 -0.274996 -0.618607 1.23066 0.530405
data/frame-000727.color.jpg 0.425429 0.75449 0.414828 -0.278699 -0.639214 1.22289 0.518085
data/frame-000728.color.jpg 0.418745 0.752628 0.428689 -0.272817 -0.680743 1.19994 0.550208
data/frame-000729.color.jpg 0.416293 0.754303 0.442447 -0.248935 -0.771542 1.11584 0.557124
data/frame-000730.color.jpg 0.417581 0.752681 0.443327 -0.250117 -0.791946 1.09906 0.553627
data/frame-000731.color.jpg 0.418428 0.752864 0.443124 -0.248503 -0.809861 1.08314 0.548823
data/frame-000732.color.jpg 0.415104 0.754588 0.445751 -0.244116 -0.83162 1.06953 0.55856
data/frame-000733.color.jpg 0.414049 0.755016 0.448069 -0.240308 -0.858944 1.04132 0.558866
data/frame-000734.color.jpg 0.410607 0.755444 0.450022 -0.24122 -0.871117 1.02931 0.572994
data/frame-000735.color.jpg 0.40312 0.759703 0.455553 -0.22982 -0.906899 0.987661 0.588924
data/frame-000736.color.jpg 0.397345 0.764053 0.456964 -0.222539 -0.920314 0.967091 0.598086
data/frame-000737.color.jpg 0.396794 0.766478 0.455614 -0.217902 -0.918062 0.963789 0.594268
data/frame-000738.color.jpg 0.393933 0.77145 0.451294 -0.214512 -0.92553 0.958412 0.592447
data/frame-000739.color.jpg 0.395234 0.775988 0.44449 -0.209907 -0.927001 0.96463 0.576992
data/frame-000740.color.jpg 0.39873 0.782412 0.4332 -0.202939 -0.917872 0.977963 0.550283
data/frame-000741.color.jpg 0.401558 0.789251 0.420969 -0.196517 -0.920165 0.995616 0.526078
data/frame-000742.color.jpg 0.406898 0.796471 0.40457 -0.190766 -0.912737 1.01946 0.487281
data/frame-000743.color.jpg 0.418809 0.796439 0.390401 -0.194603 -0.909728 1.05388 0.446955
data/frame-000744.color.jpg 0.43402 0.793635 0.37877 -0.19571 -0.903133 1.07218 0.401011
data/frame-000745.color.jpg 0.456331 0.788481 0.36423 -0.193382 -0.901469 1.10548 0.328956
data/frame-000746.color.jpg 0.466763 0.784327 0.358181 -0.196645 -0.903104 1.12881 0.299766
data/frame-000747.color.jpg 0.486444 0.772433 0.351367 -0.207991 -0.916429 1.16873 0.252797
data/frame-000748.color.jpg 0.509529 0.752977 0.348677 -0.227663 -0.919091 1.19712 0.208775
data/frame-000749.color.jpg 0.509005 0.750516 0.351113 -0.23315 -0.922593 1.20602 0.215909
data/frame-000750.color.jpg 0.51332 0.741412 0.353365 -0.248887 -0.914064 1.22917 0.219185
data/frame-000751.color.jpg 0.524764 0.726393 0.352698 -0.269405 -0.897873 1.25322 0.200707
data/frame-000752.color.jpg 0.529702 0.719978 0.353593 -0.275718 -0.897317 1.27196 0.200774
data/frame-000753.color.jpg 0.537539 0.709478 0.351091 -0.290565 -0.885002 1.31523 0.192334
data/frame-000754.color.jpg 0.538117 0.704649 0.356001 -0.295234 -0.896017 1.31905 0.205219
data/frame-000755.color.jpg 0.541047 0.701117 0.357672 -0.296267 -0.899271 1.32706 0.201227
data/frame-000756.color.jpg 0.546774 0.696014 0.356984 -0.298606 -0.901416 1.3397 0.186648
data/frame-000757.color.jpg 0.548874 0.6946 0.35558 -0.299719 -0.900076 1.34218 0.178367
data/frame-000758.color.jpg 0.555722 0.689476 0.351218 -0.304043 -0.89483 1.36008 0.153054
data/frame-000759.color.jpg 0.558676 0.686955 0.351121 -0.304448 -0.897911 1.3743 0.149814
data/frame-000760.color.jpg 0.560575 0.68432 0.353359 -0.304303 -0.906165 1.37619 0.14732
data/frame-000761.color.jpg 0.56066 0.68167 0.355934 -0.307078 -0.909401 1.38043 0.154588
data/frame-000762.color.jpg 0.562215 0.677627 0.357566 -0.311259 -0.90914 1.38552 0.152558
data/frame-000763.color.jpg 0.566701 0.670091 0.358084 -0.318753 -0.904821 1.39705 0.140747
data/frame-000764.color.jpg 0.568632 0.664526 0.359989 -0.324763 -0.908819 1.40412 0.136906
data/frame-000765.color.jpg 0.57384 0.659565 0.356939 -0.329053 -0.898556 1.41248 0.115946
data/frame-000766.color.jpg 0.576986 0.653805 0.357822 -0.334051 -0.898105 1.4236 0.107691
data/frame-000767.color.jpg 0.577553 0.649445 0.359267 -0.339973 -0.894144 1.43165 0.107887
data/frame-000768.color.jpg 0.577281 0.647766 0.359522 -0.343351 -0.893254 1.43511 0.106613
data/frame-000769.color.jpg 0.581829 0.638529 0.359118 -0.353256 -0.877708 1.45197 0.0878589
data/frame-000770.color.jpg 0.585471 0.634853 0.358427 -0.354564 -0.875333 1.45657 0.0730327
data/frame-000771.color.jpg 0.588909 0.630289 0.359614 -0.355808 -0.881437 1.46178 0.062507
data/frame-000772.color.jpg 0.596256 0.619975 0.360772 -0.36049 -0.89297 1.45055 0.0346849
data/frame-000773.color.jpg 0.602359 0.613865 0.359618 -0.361951 -0.89405 1.45483 0.00926028
data/frame-000774.color.jpg 0.608622 0.604337 0.358709 -0.368354 -0.892781 1.45498 -0.0171132
data/frame-000775.color.jpg 0.612387 0.593997 0.356183 -0.381159 -0.883991 1.4708 -0.0414461
data/frame-000776.color.jpg 0.613478 0.591969 0.355807 -0.382908 -0.883954 1.47634 -0.0468949
data/frame-000777.color.jpg 0.618199 0.588431 0.350977 -0.385219 -0.872899 1.49169 -0.0698111
data/frame-000778.color.jpg 0.633604 0.572924 0.344254 -0.389606 -0.89792 1.4882 -0.134264
data/frame-000779.color.jpg 0.640703 0.568298 0.341862 -0.386869 -0.913679 1.48906 -0.161655
data/frame-000780.color.jpg 0.649146 0.562172 0.336567 -0.386386 -0.923195 1.48788 -0.198485
data/frame-000781.color.jpg 0.651416 0.561117 0.335098 -0.385375 -0.923794 1.48532 -0.208362
data/frame-000782.color.jpg 0.654208 0.560643 0.332449 -0.383626 -0.925718 1.49141 -0.221623
data/frame-000783.color.jpg 0.665537 0.551467 0.323854 -0.38479 -0.931989 1.48508 -0.274574
data/frame-000784.color.jpg 0.668953 0.548087 0.324679 -0.382996 -0.950274 1.47989 -0.28652
data/frame-000785.color.jpg 0.673864 0.543269 0.322171 -0.38337 -0.956949 1.47565 -0.309059
data/frame-000786.color.jpg 0.67803 0.541058 0.317447 -0.383092 -0.954732 1.47444 -0.332673
data/frame-000787.color.jpg 0.679104 0.539953 0.316291 -0.383704 -0.952678 1.47253 -0.339536
data/frame-000788.color.jpg 0.681283 0.536326 0.314777 -0.386164 -0.95503 1.46377 -0.352115
data/frame-000789.color.jpg 0.682211 0.536157 0.311936 -0.387066 -0.951495 1.48128 -0.367711
data/frame-000790.color.jpg 0.688519 0.527641 0.306719 -0.39174 -0.948891 1.47546 -0.403045
data/frame-000791.color.jpg 0.691491 0.521468 0.302097 -0.398308 -0.937962 1.48264 -0.424949
data/frame-000792.color.jpg 0.696611 0.514326 0.298256 -0.401555 -0.941473 1.46836 -0.453001
data/frame-000793.color.jpg 0.696882 0.514632 0.29701 -0.401615 -0.936039 1.47247 -0.456303
data/frame-000794.color.jpg 0.698726 0.511552 0.294571 -0.404135 -0.933385 1.47496 -0.470555
data/frame-000795.color.jpg 0.703486 0.509037 0.287068 -0.404451 -0.926885 1.48143 -0.505644
data/frame-000796.color.jpg 0.706221 0.504879 0.28353 -0.407381 -0.927407 1.47999 -0.526128
data/frame-000797.color.jpg 0.709718 0.503496 0.275207 -0.408721 -0.907183 1.48466 -0.558157
data/frame-000798.color.jpg 0.709743 0.502481 0.276116 -0.409314 -0.914035 1.48673 -0.556443
data/frame-000799.color.jpg 0.712067 0.498872 0.273227 -0.411623 -0.914774 1.48343 -0.574742
data/frame-000800.color.jpg 0.717657 0.493092 0.266273 -0.413434 -0.913049 1.47936 -0.614462
data/frame-000801.color.jpg 0.719374 0.491507 0.257443 -0.417906 -0.886163 1.49007 -0.642257
data/frame-000802.color.jpg 0.719942 0.490923 0.253153 -0.420228 -0.874509 1.49548 -0.655137
data/frame-000803.color.jpg 0.721717 0.487823 0.25177 -0.421622 -0.877597 1.48324 -0.667666
data/frame-000804.color.jpg 0.722247 0.48562 0.25113 -0.423635 -0.879401 1.47969 -0.669221
data/frame-000805.color.jpg 0.722301 0.487576 0.251504 -0.421066 -0.883789 1.47917 -0.668122
data/frame-000806.color.jpg 0.723909 0.487973 0.249498 -0.419033 -0.87729 1.4791 -0.677497
