data/frame-000000.color.jpg 0.369062 0.913750 0.166065 -0.035714 1.182325 1.222038 0.881983 1.181193 0.042543
data/frame-000001.color.jpg 0.372930 0.907712 0.179543 -0.068888 1.194261 1.241196 0.786792 0.549630 0.023661
data/frame-000002.color.jpg 0.369198 0.905617 0.192207 -0.081281 1.190016 1.265727 0.762465 0.589110 0.023896
data/frame-000003.color.jpg 0.371770 0.903855 0.194456 -0.083782 1.181816 1.267827 0.753645 0.779820 0.029463
data/frame-000004.color.jpg 0.377297 0.899554 0.203762 -0.083255 1.151693 1.294544 0.742561 0.832648 0.031126
data/frame-000005.color.jpg 0.377157 0.896478 0.217016 -0.083570 1.121424 1.312829 0.732861 0.867025 0.032163
data/frame-000006.color.jpg 0.376407 0.895989 0.219308 -0.086174 1.120449 1.312315 0.721556 0.786854 0.030348
data/frame-000007.color.jpg 0.378190 0.893941 0.224237 -0.086944 1.108633 1.324213 0.714934 0.796928 0.030802
data/frame-000008.color.jpg 0.372474 0.895450 0.226072 -0.091237 1.118841 1.313653 0.712296 0.739020 0.027081
data/frame-000009.color.jpg 0.370338 0.894902 0.231725 -0.091123 1.118114 1.320436 0.712585 0.801870 0.029687
data/frame-000010.color.jpg 0.371214 0.894441 0.232917 -0.089030 1.118419 1.325376 0.714574 0.927112 0.034957
data/frame-000011.color.jpg 0.371828 0.894143 0.232829 -0.089682 1.121477 1.325836 0.712508 0.813287 0.031184
data/frame-000012.color.jpg 0.370826 0.894385 0.233630 -0.089331 1.124467 1.323365 0.715067 1.006951 0.036278
data/frame-000013.color.jpg 0.367125 0.893644 0.236524 -0.103330 1.104475 1.319672 0.687232 0.478010 0.013472
data/frame-000014.color.jpg 0.368716 0.893065 0.237128 -0.101262 1.099602 1.322821 0.689184 0.492113 0.013668
data/frame-000015.color.jpg 0.369969 0.891829 0.240214 -0.100304 1.087590 1.329903 0.688989 0.598635 0.017556
data/frame-000016.color.jpg 0.368402 0.893047 0.237221 -0.102342 1.099410 1.324447 0.686782 0.599149 0.017576
data/frame-000017.color.jpg 0.368194 0.893032 0.237148 -0.103385 1.101426 1.322909 0.684736 0.620899 0.017809
data/frame-000018.color.jpg 0.369222 0.893084 0.234453 -0.105397 1.109433 1.320019 0.679380 0.677289 0.019543
data/frame-000019.color.jpg 0.370624 0.892472 0.234936 -0.104581 1.111774 1.321411 0.678582 0.434227 0.011123
data/frame-000020.color.jpg 0.372092 0.892976 0.233186 -0.098817 1.096960 1.326687 0.691534 0.440184 0.010140
data/frame-000021.color.jpg 0.376888 0.893833 0.225332 -0.090792 1.075683 1.329289 0.707995 0.592736 0.014978
data/frame-000022.color.jpg 0.381538 0.895341 0.214409 -0.082598 1.061100 1.322645 0.724858 0.690106 0.018108
data/frame-000023.color.jpg 0.383448 0.898447 0.200450 -0.074706 1.044924 1.304335 0.745037 0.997391 0.027531
data/frame-000024.color.jpg 0.384679 0.901603 0.186226 -0.066741 1.040567 1.289573 0.764899 0.904554 0.024543
data/frame-000025.color.jpg 0.389834 0.902997 0.170180 -0.060533 1.042371 1.279482 0.775146 0.885773 0.022719
data/frame-000026.color.jpg 0.400810 0.900591 0.157911 -0.057896 1.048880 1.291897 0.761216 0.580217 0.014224
data/frame-000027.color.jpg 0.411455 0.897831 0.146978 -0.054784 1.062312 1.303968 0.747927 0.042555 0.003637
data/frame-000028.color.jpg 0.421760 0.894831 0.135814 -0.054321 1.071163 1.315739 0.729135 0.083684 0.003175
data/frame-000029.color.jpg 0.431468 0.890547 0.131522 -0.058857 1.083272 1.335519 0.694836 0.193470 0.002313
data/frame-000030.color.jpg 0.439815 0.885990 0.131233 -0.066041 1.094960 1.351017 0.652281 0.367602 0.007870
data/frame-000031.color.jpg 0.442402 0.884174 0.132825 -0.069814 1.099424 1.363595 0.628961 0.325361 0.007029
data/frame-000032.color.jpg 0.443020 0.884168 0.131398 -0.068664 1.101993 1.366805 0.626381 0.312843 0.006841
data/frame-000033.color.jpg 0.443767 0.884203 0.129520 -0.066934 1.116636 1.380703 0.626050 0.438867 0.011257
data/frame-000034.color.jpg 0.437553 0.886524 0.134686 -0.066950 1.120612 1.388116 0.632431 0.408421 0.011445
data/frame-000035.color.jpg 0.437588 0.886570 0.134571 -0.066343 1.153991 1.411077 0.626443 0.343289 0.008703
data/frame-000036.color.jpg 0.443611 0.882816 0.135581 -0.073920 1.203724 1.432843 0.579924 0.510401 0.010101
data/frame-000037.color.jpg 0.443580 0.882903 0.133709 -0.076432 1.242183 1.443196 0.563632 0.664503 0.014691
data/frame-000038.color.jpg 0.436064 0.886942 0.131868 -0.076111 1.261618 1.443349 0.574463 0.652911 0.015377
data/frame-000039.color.jpg 0.428004 0.891132 0.132665 -0.071383 1.261353 1.460318 0.585690 0.614725 0.010025
data/frame-000040.color.jpg 0.425607 0.890837 0.137796 -0.079250 1.282633 1.492597 0.544176 0.450743 0.005918
data/frame-000041.color.jpg 0.435617 0.881808 0.150635 -0.099811 1.294173 1.564247 0.401443 0.224245 0.006552
data/frame-000042.color.jpg 0.444563 0.877162 0.156079 -0.092677 1.271342 1.607526 0.349465 0.506559 0.012152
data/frame-000043.color.jpg 0.443781 0.879047 0.148648 -0.090763 1.293548 1.614405 0.328083 0.639025 0.015727
data/frame-000044.color.jpg 0.448567 0.879302 0.135083 -0.085839 1.337462 1.618167 0.317148 0.637614 0.015066
data/frame-000045.color.jpg 0.453710 0.878662 0.119795 -0.088028 1.406564 1.594489 0.288424 0.462415 0.013650
data/frame-000046.color.jpg 0.453369 0.879229 0.113666 -0.092155 1.445158 1.575009 0.270947 0.402573 0.011813
data/frame-000047.color.jpg 0.453494 0.879848 0.107980 -0.092478 1.483715 1.562217 0.255313 0.605312 0.017221
data/frame-000048.color.jpg 0.453961 0.880832 0.103243 -0.085993 1.496851 1.558656 0.268757 0.610627 0.018464
data/frame-000049.color.jpg 0.454861 0.882339 0.094445 -0.075230 1.502667 1.553958 0.304525 0.642295 0.020760
data/frame-000050.color.jpg 0.456606 0.882702 0.086613 -0.069621 1.506240 1.545107 0.325414 0.664253 0.016663
data/frame-000051.color.jpg 0.457742 0.883715 0.075204 -0.062168 1.507318 1.525875 0.359997 0.537936 0.014398
data/frame-000052.color.jpg 0.459666 0.884681 0.057589 -0.052249 1.509137 1.490670 0.408832 0.665636 0.018576
data/frame-000053.color.jpg 0.458950 0.886445 0.041557 -0.043046 1.501420 1.462279 0.466632 0.696538 0.019011
data/frame-000054.color.jpg 0.455022 0.889323 0.029204 -0.034728 1.474807 1.432180 0.527837 0.676822 0.021419
data/frame-000055.color.jpg 0.454547 0.890294 0.013070 -0.024340 1.454854 1.400181 0.587317 0.643190 0.022585
data/frame-000056.color.jpg 0.455531 0.890094 -0.001404 -0.014929 1.430727 1.372097 0.637699 0.576505 0.021093
data/frame-000057.color.jpg 0.454122 0.890865 -0.008784 -0.007484 1.401961 1.355357 0.675583 0.501281 0.019295
data/frame-000058.color.jpg 0.453558 0.891051 -0.017329 -0.003493 1.387515 1.333406 0.701137 0.362610 0.017073
data/frame-000059.color.jpg 0.453221 0.891029 -0.025086 0.005296 1.354222 1.323826 0.737214 0.282698 0.012338
data/frame-000060.color.jpg 0.455000 0.889841 -0.031557 0.012752 1.328076 1.317627 0.760056 0.316138 0.013175
data/frame-000061.color.jpg 0.455635 0.889283 -0.036038 0.016540 1.312762 1.309159 0.774417 0.250293 0.010287
data/frame-000062.color.jpg 0.454676 0.889474 -0.041565 0.019411 1.295505 1.303234 0.793754 0.301601 0.008515
data/frame-000063.color.jpg 0.455528 0.888450 -0.050199 0.025116 1.270842 1.289527 0.816944 0.372026 0.008543
data/frame-000064.color.jpg 0.452903 0.889041 -0.059482 0.030777 1.254160 1.269110 0.846592 0.452504 0.007815
data/frame-000065.color.jpg 0.450522 0.889204 -0.069512 0.038911 1.232142 1.247992 0.880169 0.415526 0.005942
data/frame-000066.color.jpg 0.448666 0.889514 -0.074595 0.043575 1.212413 1.235186 0.900728 0.362891 0.003936
data/frame-000067.color.jpg 0.447262 0.889562 -0.079430 0.048232 1.199805 1.225451 0.920056 0.385741 0.006188
data/frame-000068.color.jpg 0.444140 0.890802 -0.081342 0.050945 1.189786 1.211644 0.936243 0.342052 0.003825
data/frame-000069.color.jpg 0.454380 0.886516 -0.072849 0.048177 1.177259 1.242633 0.897756 0.385117 0.003698
data/frame-000070.color.jpg 0.451578 0.886477 -0.083541 0.057059 1.152881 1.219427 0.936279 0.438437 0.006217
data/frame-000071.color.jpg 0.449307 0.886492 -0.091214 0.062729 1.139368 1.200248 0.963336 0.274941 0.002611
data/frame-000072.color.jpg 0.446801 0.886793 -0.097120 0.067337 1.123848 1.182220 0.986279 0.281476 0.002353
data/frame-000073.color.jpg 0.442778 0.887177 -0.106904 0.073727 1.098362 1.152121 1.018084 0.334294 0.001254
data/frame-000074.color.jpg 0.438063 0.888168 -0.114600 0.078259 1.080857 1.129718 1.044589 0.381830 0.006186
data/frame-000075.color.jpg 0.434567 0.888807 -0.122095 0.079156 1.074935 1.103436 1.062772 0.240314 0.001322
data/frame-000076.color.jpg 0.430237 0.889423 -0.131858 0.080229 1.067552 1.069940 1.083684 0.246276 0.004973
data/frame-000077.color.jpg 0.423108 0.891932 -0.139254 0.077758 1.068383 1.028486 1.103925 0.189538 0.004223
data/frame-000078.color.jpg 0.418139 0.893376 -0.145590 0.076432 1.070523 0.996536 1.117565 0.183558 0.005271
data/frame-000079.color.jpg 0.413453 0.894104 -0.153731 0.077464 1.068116 0.964061 1.139216 0.308320 0.006750
data/frame-000080.color.jpg 0.411047 0.893260 -0.165257 0.076262 1.064193 0.923331 1.158112 0.192293 0.004196
data/frame-000081.color.jpg 0.407440 0.892200 -0.177431 0.080561 1.049209 0.884217 1.186667 0.165342 0.006317
data/frame-000082.color.jpg 0.400546 0.893092 -0.185568 0.086681 1.026383 0.844625 1.218720 0.150117 0.007742
data/frame-000083.color.jpg 0.397915 0.892685 -0.188560 0.096031 0.993075 0.830213 1.236478 0.105627 0.007739
data/frame-000084.color.jpg 0.394659 0.892382 -0.194743 0.099868 0.975902 0.800988 1.258561 0.219812 0.007381
data/frame-000085.color.jpg 0.390895 0.890993 -0.206245 0.103907 0.960625 0.763832 1.287426 0.234236 0.009531
data/frame-000086.color.jpg 0.387288 0.892266 -0.205767 0.107376 0.948805 0.752637 1.304598 0.272201 0.009970
data/frame-000087.color.jpg 0.385682 0.892419 -0.200676 0.120695 0.902677 0.761848 1.319333 0.148674 0.007252
data/frame-000088.color.jpg 0.377912 0.896187 -0.202587 0.113973 0.916729 0.718612 1.321069 0.308721 0.009345
data/frame-000089.color.jpg 0.366154 0.901799 -0.206227 0.100799 0.946405 0.655317 1.318072 0.338575 0.010008
data/frame-000090.color.jpg 0.359055 0.904496 -0.210223 0.093662 0.955117 0.616268 1.313083 0.268627 0.009714
data/frame-000091.color.jpg 0.339488 0.911720 -0.215514 0.084075 0.963082 0.547664 1.320753 0.271054 0.009893
data/frame-000092.color.jpg 0.326790 0.915532 -0.220109 0.081003 0.961680 0.501956 1.331853 0.352714 0.012382
data/frame-000093.color.jpg 0.316310 0.917614 -0.227273 0.079247 0.947738 0.458172 1.342186 0.265711 0.010152
data/frame-000094.color.jpg 0.308005 0.918631 -0.235070 0.077414 0.929979 0.420416 1.348756 0.191319 0.008619
data/frame-000095.color.jpg 0.299003 0.920306 -0.238699 0.081591 0.888561 0.390886 1.361270 0.324388 0.010585
data/frame-000096.color.jpg 0.286759 0.922904 -0.244057 0.080337 0.860433 0.349477 1.364430 0.362773 0.013320
data/frame-000097.color.jpg 0.288365 0.921118 -0.248543 0.081323 0.840001 0.348833 1.360913 0.253654 0.006732
data/frame-000098.color.jpg 0.285152 0.920312 -0.254259 0.084069 0.824370 0.331392 1.369277 0.580540 0.018414
data/frame-000099.color.jpg 0.275518 0.916847 -0.274537 0.090060 0.780655 0.279184 1.391729 0.450218 0.014367
data/frame-000100.color.jpg 0.268871 0.916362 -0.281822 0.092554 0.751382 0.257839 1.398447 0.441804 0.013863
data/frame-000101.color.jpg 0.276932 0.914860 -0.275929 0.101008 0.708259 0.306602 1.390615 0.533188 0.018078
data/frame-000102.color.jpg 0.272920 0.919098 -0.263958 0.105354 0.664514 0.326116 1.383822 0.509643 0.016318
data/frame-000103.color.jpg 0.271039 0.926912 -0.238794 0.101728 0.649153 0.362764 1.362768 0.546334 0.016205
data/frame-000104.color.jpg 0.266337 0.935258 -0.210852 0.099492 0.621793 0.396799 1.346987 0.463302 0.014013
data/frame-000105.color.jpg 0.275633 0.935800 -0.199285 0.092678 0.617549 0.436506 1.322082 0.451946 0.012492
data/frame-000106.color.jpg 0.284992 0.929668 -0.212123 0.097474 0.573736 0.455819 1.322205 0.307578 0.009676
data/frame-000107.color.jpg 0.290993 0.925004 -0.221477 0.103139 0.532555 0.472530 1.330118 0.386562 0.011149
data/frame-000108.color.jpg 0.301536 0.920696 -0.226573 0.100295 0.503127 0.496536 1.330528 0.453366 0.011724
data/frame-000109.color.jpg 0.310283 0.923446 -0.202705 0.099413 0.463787 0.540219 1.326104 0.405874 0.009936
data/frame-000110.color.jpg 0.313232 0.929574 -0.172648 0.089274 0.450538 0.559390 1.317197 0.529777 0.011703
data/frame-000111.color.jpg 0.316211 0.934713 -0.141304 0.079725 0.426123 0.578080 1.309577 0.421053 0.010128
data/frame-000112.color.jpg 0.320771 0.937426 -0.116904 0.068348 0.410921 0.594603 1.302517 0.368962 0.009305
data/frame-000113.color.jpg 0.328680 0.936090 -0.108584 0.062572 0.381156 0.612338 1.297005 0.307885 0.008618
data/frame-000114.color.jpg 0.324929 0.936597 -0.110701 0.070381 0.313608 0.611362 1.307581 0.455023 0.009983
data/frame-000115.color.jpg 0.331852 0.934643 -0.107526 0.068950 0.286368 0.641431 1.290736 0.402102 0.009103
data/frame-000116.color.jpg 0.332563 0.934018 -0.109368 0.071070 0.243331 0.656094 1.270881 0.427023 0.007825
data/frame-000117.color.jpg 0.335135 0.930904 -0.123558 0.076389 0.188553 0.688302 1.244450 0.270021 0.004588
data/frame-000118.color.jpg 0.331062 0.933334 -0.115535 0.077054 0.141106 0.707451 1.217696 0.331691 0.006453
data/frame-000119.color.jpg 0.333824 0.933923 -0.101775 0.077402 0.100766 0.749281 1.184777 0.356743 0.005050
data/frame-000120.color.jpg 0.344192 0.931480 -0.089726 0.076335 0.073326 0.796547 1.147486 0.196969 0.003508
data/frame-000121.color.jpg 0.345988 0.930753 -0.093866 0.071971 0.068455 0.814080 1.128054 0.240291 0.003799
data/frame-000122.color.jpg 0.348561 0.931255 -0.079074 0.070821 0.050139 0.841252 1.114161 0.071451 0.001012
data/frame-000123.color.jpg 0.354111 0.929609 -0.074828 0.069524 0.048815 0.861324 1.102682 0.359833 0.007400
data/frame-000124.color.jpg 0.352291 0.930839 -0.075405 0.061188 0.052306 0.859868 1.098628 0.354809 0.008196
data/frame-000125.color.jpg 0.357582 0.930768 -0.058494 0.048830 0.049071 0.883340 1.079610 0.306678 0.004690
data/frame-000126.color.jpg 0.364350 0.929764 -0.033536 0.040785 0.025955 0.916689 1.058036 0.289213 0.004197
data/frame-000127.color.jpg 0.375274 0.926424 -0.009953 0.028445 0.002538 0.947983 1.032467 0.265056 0.006060
data/frame-000128.color.jpg 0.373851 0.926644 0.031265 0.024244 -0.074898 0.947265 1.017833 0.487776 0.008685
data/frame-000129.color.jpg 0.382141 0.921553 0.068611 0.000620 -0.089837 0.964148 0.996226 0.329261 0.004425
data/frame-000130.color.jpg 0.386449 0.916880 0.097589 -0.021553 -0.083035 0.979436 0.983552 0.199813 0.004026
data/frame-000131.color.jpg 0.389448 0.912816 0.117754 -0.035093 -0.082600 0.994891 0.972200 0.158222 0.003732
data/frame-000132.color.jpg 0.396089 0.908878 0.123490 -0.042483 -0.092277 1.024801 0.940729 0.205370 0.005486
data/frame-000133.color.jpg 0.396649 0.909921 0.117566 -0.029875 -0.151594 1.058144 0.897093 0.219813 0.006097
data/frame-000134.color.jpg 0.393961 0.910096 0.124267 -0.032828 -0.170353 1.073005 0.869661 0.274519 0.009158
data/frame-000135.color.jpg 0.386262 0.912727 0.129889 -0.029333 -0.197260 1.098756 0.837763 0.296849 0.008706
data/frame-000136.color.jpg 0.378464 0.915730 0.131308 -0.031003 -0.197294 1.108357 0.826944 0.362579 0.008866
data/frame-000137.color.jpg 0.382421 0.914717 0.126607 -0.031893 -0.203009 1.151464 0.789282 0.272096 0.006779
data/frame-000138.color.jpg 0.393988 0.910273 0.122437 -0.034443 -0.214359 1.214074 0.741670 0.093183 0.001911
data/frame-000139.color.jpg 0.419588 0.896373 0.127844 -0.064161 -0.180707 1.285585 0.658012 0.268512 0.003380
data/frame-000140.color.jpg 0.436238 0.887022 0.133522 -0.071140 -0.203895 1.332766 0.598660 0.542984 0.011950
data/frame-000141.color.jpg 0.440979 0.884604 0.134760 -0.069668 -0.240922 1.356018 0.569663 0.726453 0.015276
data/frame-000142.color.jpg 0.446430 0.882367 0.131045 -0.070396 -0.257171 1.381020 0.541508 0.665785 0.013985
data/frame-000143.color.jpg 0.439719 0.886416 0.122005 -0.077640 -0.241240 1.407402 0.537586 0.577295 0.011553
data/frame-000144.color.jpg 0.438557 0.888960 0.111944 -0.069908 -0.249688 1.424494 0.512453 0.639963 0.012058
data/frame-000145.color.jpg 0.445186 0.887299 0.104348 -0.060176 -0.267060 1.453609 0.458244 0.484990 0.011009
data/frame-000146.color.jpg 0.452489 0.885634 0.090918 -0.051387 -0.265443 1.485272 0.399072 0.963247 0.024282
data/frame-000147.color.jpg 0.463286 0.882867 0.068801 -0.034339 -0.245479 1.525043 0.321289 0.462400 0.011989
data/frame-000148.color.jpg 0.478557 0.876163 0.051354 -0.026147 -0.220767 1.562222 0.244313 0.433823 0.011229
data/frame-000149.color.jpg 0.485070 0.873418 0.039581 -0.016781 -0.205806 1.585516 0.201024 0.403941 0.010664
data/frame-000150.color.jpg 0.484778 0.874000 0.032105 -0.009133 -0.195714 1.599396 0.181718 0.241326 0.006564
data/frame-000151.color.jpg 0.475979 0.878870 0.026484 -0.018145 -0.154691 1.609165 0.197706 0.464254 0.005436
data/frame-000152.color.jpg 0.445732 0.893856 0.028450 -0.039192 -0.095483 1.612203 0.273163 0.814549 0.018275
data/frame-000153.color.jpg 0.423957 0.900851 0.054531 -0.075858 -0.082191 1.611794 0.322926 0.485562 0.009257
data/frame-000154.color.jpg 0.416316 0.900088 0.091389 -0.090396 -0.154867 1.608024 0.345802 0.437634 0.009740
data/frame-000155.color.jpg 0.411134 0.894848 0.141018 -0.101633 -0.282156 1.588616 0.371826 0.435855 0.010915
data/frame-000156.color.jpg 0.400052 0.890086 0.186702 -0.113347 -0.399195 1.566950 0.421951 0.227702 0.007121
data/frame-000157.color.jpg 0.394753 0.888764 0.197605 -0.123370 -0.416648 1.565005 0.442226 0.255217 0.007549
data/frame-000158.color.jpg 0.389587 0.883206 0.222430 -0.136724 -0.468298 1.550605 0.466717 0.209199 0.005714
data/frame-000159.color.jpg 0.385476 0.876929 0.245264 -0.149159 -0.511433 1.537339 0.487676 0.188341 0.007420
data/frame-000160.color.jpg 0.379000 0.871388 0.263505 -0.166156 -0.530012 1.523921 0.514282 0.309666 0.015691
data/frame-000161.color.jpg 0.365529 0.870178 0.280339 -0.174900 -0.542264 1.504049 0.557434 0.355746 0.015862
data/frame-000162.color.jpg 0.355168 0.868322 0.296605 -0.178602 -0.559436 1.485600 0.582079 0.240230 0.013411
data/frame-000163.color.jpg 0.344664 0.866512 0.313584 -0.178968 -0.581347 1.474392 0.602765 0.388755 0.017340
data/frame-000164.color.jpg 0.337720 0.865226 0.324919 -0.178203 -0.582519 1.480417 0.606662 0.241522 0.008565
data/frame-000165.color.jpg 0.338932 0.861977 0.331790 -0.178984 -0.597023 1.477373 0.599804 0.314331 0.010245
data/frame-000166.color.jpg 0.333148 0.858203 0.343795 -0.185216 -0.609560 1.470533 0.616394 0.564924 0.020685
data/frame-000167.color.jpg 0.327951 0.854828 0.355901 -0.187220 -0.613033 1.452509 0.629496 0.156032 0.012912
data/frame-000168.color.jpg 0.322207 0.846505 0.375346 -0.196791 -0.625379 1.433639 0.650543 0.204643 0.014157
data/frame-000169.color.jpg 0.314739 0.837647 0.395198 -0.207619 -0.637482 1.414240 0.680792 0.572247 0.020825
data/frame-000170.color.jpg 0.314133 0.831847 0.406768 -0.209502 -0.648136 1.399246 0.688385 0.519929 0.019630
data/frame-000171.color.jpg 0.315255 0.825553 0.417840 -0.210917 -0.663923 1.382758 0.696099 0.572233 0.023032
data/frame-000172.color.jpg 0.314231 0.822433 0.422671 -0.214972 -0.663906 1.380033 0.702999 0.688398 0.023538
data/frame-000173.color.jpg 0.311962 0.820939 0.427359 -0.214716 -0.671399 1.366750 0.715102 0.447679 0.021306
data/frame-000174.color.jpg 0.317740 0.823653 0.420558 -0.209207 -0.691556 1.374652 0.700725 0.864215 0.028900
data/frame-000175.color.jpg 0.334187 0.829677 0.403106 -0.193546 -0.710475 1.395167 0.645029 0.720416 0.022778
data/frame-000176.color.jpg 0.371723 0.843565 0.350107 -0.166269 -0.689049 1.473524 0.498046 0.888017 0.012713
data/frame-000177.color.jpg 0.382070 0.851756 0.322759 -0.156080 -0.662869 1.507422 0.445108 0.815232 0.010520
data/frame-000178.color.jpg 0.391179 0.862737 0.288939 -0.138485 -0.631521 1.539568 0.393262 0.890672 0.014273
data/frame-000179.color.jpg 0.391437 0.877927 0.250565 -0.115055 -0.593389 1.571774 0.363222 0.839682 0.011922
data/frame-000180.color.jpg 0.395904 0.885085 0.223469 -0.099735 -0.563317 1.595921 0.329815 0.724161 0.007130
data/frame-000181.color.jpg 0.401827 0.893575 0.183096 -0.080840 -0.501143 1.623961 0.284429 0.522211 0.007309
data/frame-000182.color.jpg 0.408764 0.897060 0.151790 -0.071804 -0.449862 1.642327 0.245314 0.728770 0.012460
data/frame-000183.color.jpg 0.410834 0.902900 0.113324 -0.056070 -0.383802 1.674031 0.222266 0.165370 0.003349
data/frame-000184.color.jpg 0.417401 0.904109 0.084721 -0.034446 -0.354377 1.692391 0.193711 0.220508 0.007134
data/frame-000185.color.jpg 0.422024 0.903864 0.067593 -0.018891 -0.343278 1.701963 0.180860 0.123677 0.006084
data/frame-000186.color.jpg 0.423694 0.903933 0.057157 -0.010997 -0.347711 1.700944 0.184846 0.386339 0.009988
data/frame-000187.color.jpg 0.425093 0.903515 0.053871 -0.007433 -0.361498 1.698143 0.188140 0.213399 0.008637
data/frame-000188.color.jpg 0.430963 0.901403 0.041573 -0.003884 -0.344152 1.706706 0.177801 0.300009 0.007545
data/frame-000189.color.jpg 0.439253 0.897737 0.033510 0.001416 -0.344139 1.708721 0.162047 0.361617 0.007487
data/frame-000190.color.jpg 0.445359 0.894948 0.026547 0.004298 -0.335513 1.707162 0.149972 0.328589 0.005800
data/frame-000191.color.jpg 0.444065 0.895713 0.021905 0.004978 -0.329895 1.701981 0.162270 0.356993 0.007078
data/frame-000192.color.jpg 0.452441 0.891605 0.017126 0.006561 -0.324563 1.695672 0.150514 0.246734 0.004581
data/frame-000193.color.jpg 0.457560 0.889013 0.014147 0.009706 -0.328038 1.696216 0.145019 0.352175 0.007780
data/frame-000194.color.jpg 0.462721 0.886362 0.007125 0.014151 -0.321913 1.692831 0.138937 0.411272 0.008559
data/frame-000195.color.jpg 0.467102 0.884052 0.000667 0.016337 -0.312602 1.690746 0.131887 0.229507 0.006158
data/frame-000196.color.jpg 0.468269 0.883325 -0.004537 0.020993 -0.309347 1.692978 0.135071 0.515900 0.011060
data/frame-000197.color.jpg 0.472243 0.881122 -0.006039 0.023978 -0.311182 1.688922 0.124326 0.442642 0.010077
data/frame-000198.color.jpg 0.475792 0.879137 -0.009233 0.025600 -0.303425 1.689042 0.116367 0.366965 0.008677
data/frame-000199.color.jpg 0.481471 0.875891 -0.014622 0.028049 -0.295336 1.688573 0.098960 0.096477 0.002802
data/frame-000200.color.jpg 0.479712 0.876216 -0.029385 0.035461 -0.270890 1.687628 0.104668 0.180780 0.006503
data/frame-000201.color.jpg 0.476487 0.876774 -0.045661 0.046292 -0.246807 1.688295 0.117013 0.222081 0.007018
data/frame-000202.color.jpg 0.472490 0.876244 -0.072408 0.060875 -0.200382 1.688204 0.121879 0.264167 0.007777
data/frame-000203.color.jpg 0.468197 0.875757 -0.093685 0.071171 -0.167931 1.687314 0.120377 0.272733 0.007964
data/frame-000204.color.jpg 0.451274 0.879640 -0.124860 0.083631 -0.109336 1.691359 0.157417 0.194304 0.003812
data/frame-000205.color.jpg 0.445515 0.877044 -0.151692 0.096433 -0.053746 1.695350 0.161336 0.325690 0.003806
data/frame-000206.color.jpg 0.434265 0.871588 -0.188973 0.126639 0.005343 1.699926 0.173827 0.439180 0.007816
data/frame-000207.color.jpg 0.430976 0.866119 -0.212243 0.138023 0.050241 1.701395 0.175042 0.492392 0.009106
data/frame-000208.color.jpg 0.428032 0.860302 -0.233784 0.148373 0.084750 1.699978 0.170820 0.552894 0.010212
data/frame-000209.color.jpg 0.424530 0.856099 -0.251413 0.153820 0.118597 1.697442 0.167493 0.322654 0.007023
data/frame-000210.color.jpg 0.428583 0.845079 -0.265886 0.177379 0.114124 1.705076 0.131429 0.417363 0.005093
data/frame-000211.color.jpg 0.421501 0.840218 -0.282913 0.190609 0.130762 1.702338 0.145558 0.307391 0.006188
data/frame-000212.color.jpg 0.407860 0.831362 -0.317804 0.203690 0.184085 1.686006 0.185628 0.237132 0.005936
data/frame-000213.color.jpg 0.402510 0.817369 -0.349270 0.218870 0.235253 1.671814 0.204461 0.212395 0.007799
data/frame-000214.color.jpg 0.397419 0.803454 -0.378438 0.230877 0.288015 1.657786 0.225535 0.213321 0.007325
data/frame-000215.color.jpg 0.382521 0.790855 -0.405997 0.251779 0.306324 1.636401 0.268896 0.296768 0.010504
data/frame-000216.color.jpg 0.371291 0.778480 -0.429014 0.268439 0.294185 1.623776 0.296297 0.207422 0.009546
data/frame-000217.color.jpg 0.369404 0.773663 -0.437231 0.271688 0.288442 1.612886 0.304596 0.303930 0.011888
data/frame-000218.color.jpg 0.363204 0.769707 -0.453800 0.264006 0.284922 1.585866 0.344795 0.251689 0.008684
data/frame-000219.color.jpg 0.362052 0.764603 -0.461931 0.266309 0.261351 1.578114 0.360294 0.096889 0.006268
data/frame-000220.color.jpg 0.365017 0.759751 -0.465936 0.269155 0.239255 1.568835 0.363401 0.085555 0.003197
data/frame-000221.color.jpg 0.359443 0.760015 -0.472505 0.264418 0.217568 1.545750 0.400397 0.144437 0.006869
data/frame-000222.color.jpg 0.357440 0.756992 -0.479601 0.263026 0.204882 1.526397 0.422536 0.088056 0.007174
data/frame-000223.color.jpg 0.356511 0.752443 -0.485578 0.266351 0.193931 1.508802 0.438489 0.099407 0.004614
data/frame-000224.color.jpg 0.355515 0.747000 -0.494430 0.266718 0.204628 1.490788 0.459467 0.061089 0.001466
data/frame-000225.color.jpg 0.354717 0.745530 -0.496831 0.267432 0.202448 1.481844 0.467637 0.109067 0.007132
data/frame-000226.color.jpg 0.349553 0.740902 -0.508920 0.264341 0.228452 1.467747 0.491436 0.050185 0.005409
data/frame-000227.color.jpg 0.345758 0.728407 -0.525311 0.271888 0.260042 1.462456 0.490995 0.058473 0.005959
data/frame-000228.color.jpg 0.338787 0.718500 -0.539553 0.279039 0.281783 1.463758 0.497227 0.172663 0.006209
data/frame-000229.color.jpg 0.331127 0.708921 -0.554090 0.284201 0.296773 1.451000 0.505843 0.241202 0.006364
data/frame-000230.color.jpg 0.311321 0.697274 -0.579248 0.285238 0.310727 1.421275 0.549574 0.263641 0.003936
data/frame-000231.color.jpg 0.304816 0.681268 -0.598098 0.291960 0.329727 1.407043 0.566021 0.274920 0.001892
data/frame-000232.color.jpg 0.300448 0.670960 -0.608977 0.297809 0.338429 1.389490 0.581600 0.283027 0.004025
data/frame-000233.color.jpg 0.302350 0.681647 -0.602025 0.285496 0.337301 1.371052 0.610410 0.245686 0.005800
data/frame-000234.color.jpg 0.309029 0.695156 -0.586744 0.277471 0.314749 1.367833 0.626219 0.200983 0.003010
data/frame-000235.color.jpg 0.322053 0.711293 -0.563134 0.270598 0.272471 1.352576 0.650356 0.239441 0.005218
data/frame-000236.color.jpg 0.332149 0.726560 -0.542928 0.258875 0.236636 1.331198 0.676000 0.162125 0.004561
data/frame-000237.color.jpg 0.341587 0.737213 -0.526419 0.250436 0.212944 1.306784 0.705282 0.120172 0.001948
data/frame-000238.color.jpg 0.345967 0.746033 -0.516357 0.238993 0.211045 1.274690 0.744119 0.102563 0.004001
data/frame-000239.color.jpg 0.352065 0.755365 -0.499849 0.235848 0.189174 1.270488 0.769312 0.190917 0.005918
data/frame-000240.color.jpg 0.354037 0.753743 -0.502738 0.231913 0.211615 1.252877 0.794117 0.131196 0.003975
data/frame-000241.color.jpg 0.344640 0.749261 -0.512371 0.239390 0.218337 1.227176 0.816419 0.181322 0.005673
data/frame-000242.color.jpg 0.344033 0.748510 -0.515977 0.234824 0.235438 1.210818 0.838083 0.372813 0.011024
data/frame-000243.color.jpg 0.345210 0.743235 -0.518934 0.243187 0.206073 1.189306 0.859584 0.090898 0.005802
data/frame-000244.color.jpg 0.345624 0.761458 -0.492334 0.241521 0.137442 1.161306 0.900828 0.103005 0.004984
data/frame-000245.color.jpg 0.352262 0.770700 -0.472578 0.242080 0.106046 1.157615 0.919705 0.100289 0.005945
data/frame-000246.color.jpg 0.361540 0.775280 -0.459316 0.239288 0.099299 1.145829 0.944451 0.142193 0.006966
data/frame-000247.color.jpg 0.366362 0.777282 -0.456469 0.230754 0.118458 1.125807 0.976893 0.218322 0.006951
data/frame-000248.color.jpg 0.367869 0.778197 -0.455338 0.227483 0.122699 1.100791 1.011250 0.265674 0.010233
data/frame-000249.color.jpg 0.368725 0.777452 -0.455950 0.227422 0.119192 1.079175 1.034862 0.282933 0.009312
data/frame-000250.color.jpg 0.365112 0.773706 -0.463632 0.230472 0.106462 1.053885 1.053698 0.280867 0.008663
data/frame-000251.color.jpg 0.356398 0.765722 -0.478846 0.239493 0.078953 1.033214 1.064904 0.129134 0.006747
data/frame-000252.color.jpg 0.344868 0.763103 -0.489282 0.243604 0.068334 1.014497 1.081390 0.216118 0.009865
data/frame-000253.color.jpg 0.325533 0.743924 -0.526565 0.251665 0.071345 0.973068 1.123868 0.177117 0.005272
data/frame-000254.color.jpg 0.323065 0.739162 -0.533197 0.254890 0.064602 0.970826 1.126945 0.131346 0.004910
data/frame-000255.color.jpg 0.309633 0.719962 -0.560300 0.268041 0.043770 0.956674 1.142063 0.232154 0.006522
data/frame-000256.color.jpg 0.298562 0.701944 -0.580583 0.284707 0.005988 0.955058 1.143268 0.192462 0.005249
data/frame-000257.color.jpg 0.285245 0.676743 -0.609481 0.298642 -0.027697 0.941988 1.151312 0.204323 0.004951
data/frame-000258.color.jpg 0.275235 0.663286 -0.625535 0.304965 -0.056064 0.927671 1.160105 0.183081 0.003660
data/frame-000259.color.jpg 0.269615 0.650752 -0.637288 0.312559 -0.090338 0.928549 1.159478 0.139793 0.003851
data/frame-000260.color.jpg 0.266782 0.639292 -0.646538 0.319566 -0.143735 0.937452 1.159044 0.186185 0.002814
data/frame-000261.color.jpg 0.264580 0.629509 -0.654867 0.323829 -0.172779 0.941534 1.156525 0.239120 0.002474
data/frame-000262.color.jpg 0.263241 0.624896 -0.657556 0.328375 -0.199570 0.949786 1.147680 0.250196 0.003359
data/frame-000263.color.jpg 0.262585 0.620941 -0.660291 0.330905 -0.222592 0.956474 1.141226 0.169624 0.002431
data/frame-000264.color.jpg 0.260413 0.614591 -0.664849 0.335320 -0.247405 0.963331 1.128934 0.291744 0.003188
data/frame-000265.color.jpg 0.259085 0.610997 -0.667699 0.337247 -0.274701 0.964034 1.124338 0.181729 0.005275
data/frame-000266.color.jpg 0.253482 0.605239 -0.673458 0.340421 -0.311831 0.955583 1.120051 0.277336 0.007639
data/frame-000267.color.jpg 0.252552 0.601737 -0.675753 0.342765 -0.329036 0.956475 1.116281 0.260366 0.010192
data/frame-000268.color.jpg 0.254260 0.598229 -0.675542 0.348020 -0.352078 0.966171 1.106523 0.171527 0.012655
data/frame-000269.color.jpg 0.257039 0.593626 -0.676498 0.351980 -0.358334 0.984028 1.094891 0.290719 0.012865
data/frame-000270.color.jpg 0.259589 0.584444 -0.680588 0.357546 -0.365116 1.007238 1.073752 0.304904 0.015889
data/frame-000271.color.jpg 0.250011 0.570730 -0.691871 0.364796 -0.379755 1.026815 1.043734 0.409350 0.012010
data/frame-000272.color.jpg 0.240287 0.537866 -0.718703 0.369362 -0.355543 1.065006 1.009660 0.351865 0.006537
data/frame-000273.color.jpg 0.219985 0.498345 -0.750354 0.374469 -0.339022 1.079822 0.979568 0.482412 0.003829
data/frame-000274.color.jpg 0.194095 0.469692 -0.775145 0.375323 -0.345630 1.082299 0.958954 0.436504 0.004937
data/frame-000275.color.jpg 0.176609 0.443072 -0.793515 0.377929 -0.348319 1.085539 0.941432 0.466539 0.002740
data/frame-000276.color.jpg 0.165764 0.418667 -0.807913 0.380154 -0.343359 1.097841 0.923419 0.425549 0.001780
data/frame-000277.color.jpg 0.155490 0.394599 -0.820115 0.384092 -0.330853 1.107535 0.904012 0.445580 0.003321
data/frame-000278.color.jpg 0.145620 0.365816 -0.837896 0.378026 -0.303944 1.101195 0.906012 0.381876 0.005987
data/frame-000279.color.jpg 0.136072 0.345137 -0.850612 0.372592 -0.293261 1.091126 0.906539 0.450245 0.007671
data/frame-000280.color.jpg 0.127998 0.331099 -0.858557 0.369959 -0.299461 1.086657 0.907768 0.440422 0.005962
data/frame-000281.color.jpg 0.137484 0.330079 -0.859534 0.365167 -0.303315 1.072965 0.924072 0.553660 0.004681
data/frame-000282.color.jpg 0.139573 0.332944 -0.856968 0.367796 -0.327061 1.070453 0.928730 0.480009 0.005551
data/frame-000283.color.jpg 0.134018 0.337126 -0.854487 0.371803 -0.362025 1.056950 0.927620 0.304099 0.011387
data/frame-000284.color.jpg 0.125760 0.311609 -0.863752 0.375522 -0.347035 1.085726 0.909751 0.490339 0.008429
data/frame-000285.color.jpg 0.116349 0.269083 -0.880892 0.371600 -0.289598 1.103704 0.900699 0.308257 0.011165
data/frame-000286.color.jpg 0.100192 0.224327 -0.892679 0.377841 -0.242909 1.119528 0.878139 0.710138 0.008654
data/frame-000287.color.jpg 0.093641 0.207754 -0.895795 0.381604 -0.229735 1.130087 0.868654 0.575488 0.008906
data/frame-000288.color.jpg 0.082695 0.182161 -0.895805 0.396878 -0.213128 1.154279 0.835708 0.579806 0.006537
data/frame-000289.color.jpg 0.073666 0.160611 -0.893507 0.412824 -0.200164 1.180562 0.802465 0.349060 0.004769
data/frame-000290.color.jpg 0.074476 0.143281 -0.890671 0.425006 -0.173595 1.202372 0.780841 0.450930 0.003373
data/frame-000291.color.jpg 0.069822 0.137224 -0.886104 0.437166 -0.174625 1.219578 0.760130 0.527250 0.004301
data/frame-000292.color.jpg 0.055274 0.121830 -0.882112 0.451642 -0.183958 1.233729 0.736195 0.475800 0.004141
data/frame-000293.color.jpg 0.047007 0.106386 -0.877861 0.464578 -0.184279 1.258067 0.706682 0.599215 0.008768
data/frame-000294.color.jpg 0.055822 0.101703 -0.869981 0.479242 -0.159112 1.298694 0.674534 1.148092 0.019527
data/frame-000295.color.jpg 0.044687 0.128205 -0.873887 0.466784 -0.212838 1.266471 0.709514 0.789135 0.012289
data/frame-000296.color.jpg 0.046837 0.152576 -0.875912 0.455307 -0.225533 1.238737 0.744214 0.828568 0.010496
data/frame-000297.color.jpg 0.064404 0.156493 -0.871963 0.459393 -0.160120 1.259884 0.729077 1.287170 0.022966
data/frame-000298.color.jpg 0.075510 0.123537 -0.877843 0.456541 -0.007812 1.261952 0.722029 0.147754 0.001494
data/frame-000299.color.jpg 0.068365 0.089688 -0.880394 0.460639 0.091474 1.253767 0.721071 0.183513 0.003565
data/frame-000300.color.jpg 0.058682 0.066781 -0.881557 0.463632 0.159647 1.241131 0.737432 0.198589 0.003734
data/frame-000301.color.jpg 0.045575 0.055286 -0.881896 0.465967 0.169068 1.233887 0.750844 0.199399 0.007949
data/frame-000302.color.jpg 0.028591 0.051785 -0.876767 0.477263 0.149066 1.242738 0.738257 0.354202 0.012273
data/frame-000303.color.jpg 0.005619 0.032698 -0.866339 0.498354 0.107542 1.267196 0.696452 0.431920 0.014803
data/frame-000304.color.jpg 0.016491 -0.014143 0.857897 -0.513362 0.068832 1.294132 0.660433 0.332574 0.011029
data/frame-000305.color.jpg 0.027779 0.011187 0.857088 -0.514299 0.060793 1.305845 0.657765 0.306251 0.012061
data/frame-000306.color.jpg 0.039871 0.026268 0.852341 -0.520802 0.039121 1.311177 0.634855 0.293168 0.008689
data/frame-000307.color.jpg 0.057147 0.041198 0.843620 -0.532299 0.016389 1.335281 0.599730 0.373659 0.010597
data/frame-000308.color.jpg 0.064352 0.051039 0.837685 -0.539943 0.009649 1.348782 0.577530 0.356284 0.008984
data/frame-000309.color.jpg 0.073685 0.067676 0.834252 -0.542230 0.009775 1.357680 0.570755 0.292990 0.007471
data/frame-000310.color.jpg 0.080968 0.077855 0.833368 -0.541185 -0.003232 1.359854 0.570860 0.237951 0.006145
data/frame-000311.color.jpg 0.086284 0.090675 0.832118 -0.540289 -0.003085 1.364953 0.570874 0.214885 0.004552
data/frame-000312.color.jpg 0.091650 0.099465 0.831627 -0.538613 -0.005678 1.363177 0.573148 0.232598 0.005066
data/frame-000313.color.jpg 0.093403 0.105869 0.827874 -0.542856 -0.001218 1.365324 0.558541 0.127454 0.001875
data/frame-000314.color.jpg 0.090685 0.101543 0.827522 -0.544676 -0.000866 1.372603 0.554548 0.282950 0.003589
data/frame-000315.color.jpg 0.085748 0.099182 0.826936 -0.546798 0.005543 1.378047 0.550875 0.299470 0.004574
data/frame-000316.color.jpg 0.084439 0.090244 0.827388 -0.547864 -0.005274 1.380652 0.548135 0.316525 0.003399
data/frame-000317.color.jpg 0.084170 0.087135 0.825439 -0.551338 -0.014474 1.388893 0.539977 0.131339 0.006766
data/frame-000318.color.jpg 0.086002 0.094633 0.819772 -0.558232 -0.018865 1.394251 0.520579 0.220494 0.005149
data/frame-000319.color.jpg 0.090902 0.098298 0.817457 -0.560213 -0.029749 1.402496 0.516412 0.178980 0.002524
data/frame-000320.color.jpg 0.092957 0.099329 0.816704 -0.560791 -0.036175 1.399299 0.513333 0.276356 0.002830
data/frame-000321.color.jpg 0.092661 0.100392 0.816539 -0.560892 -0.038573 1.402386 0.512452 0.177689 0.003478
data/frame-000322.color.jpg 0.095213 0.107275 0.813518 -0.563574 -0.034888 1.406116 0.501118 0.204217 0.002180
data/frame-000323.color.jpg 0.096374 0.113302 0.812801 -0.563231 -0.033287 1.408019 0.500178 0.237591 0.002493
data/frame-000324.color.jpg 0.099257 0.116626 0.812783 -0.562077 -0.040223 1.406029 0.499632 0.165806 0.005011
data/frame-000325.color.jpg 0.107136 0.124677 0.812288 -0.559612 -0.049456 1.403934 0.498921 0.206154 0.003410
data/frame-000326.color.jpg 0.110778 0.130264 0.809933 -0.561042 -0.051910 1.402854 0.488603 0.240685 0.003608
