data/frame-000000.color.jpg 0.289546 0.796258 -0.497361 0.186462 0.886110 1.528257 0.325617 1.899053 0.049119
data/frame-000001.color.jpg 0.283643 0.795500 -0.502091 0.186091 0.897421 1.522272 0.350366 1.839119 0.045867
data/frame-000002.color.jpg 0.281888 0.792935 -0.498625 0.207764 0.879477 1.537305 0.347763 1.833403 0.044660
data/frame-000003.color.jpg 0.276482 0.791595 -0.504491 0.205974 0.893116 1.527235 0.369842 1.646116 0.041075
data/frame-000004.color.jpg 0.275889 0.790373 -0.505934 0.207907 0.893790 1.519784 0.373101 1.829026 0.045229
data/frame-000005.color.jpg 0.275032 0.788483 -0.509048 0.208620 0.900247 1.514796 0.378991 1.680728 0.041932
data/frame-000006.color.jpg 0.273609 0.787350 -0.512130 0.207224 0.906596 1.504865 0.387185 1.732500 0.040919
data/frame-000007.color.jpg 0.270613 0.786047 -0.515563 0.207590 0.909617 1.498949 0.399245 1.709736 0.041478
data/frame-000008.color.jpg 0.270044 0.784839 -0.518935 0.204477 0.918363 1.489323 0.405824 1.769169 0.041733
data/frame-000009.color.jpg 0.269835 0.782953 -0.521295 0.205975 0.926414 1.486806 0.406624 1.590155 0.037957
data/frame-000010.color.jpg 0.273257 0.781742 -0.519261 0.211138 0.921848 1.497986 0.391242 1.564995 0.036661
data/frame-000011.color.jpg 0.275422 0.779021 -0.520177 0.216068 0.927266 1.504153 0.385142 1.414715 0.032723
data/frame-000012.color.jpg 0.280148 0.776539 -0.518783 0.222187 0.921353 1.525366 0.367211 1.389991 0.033783
data/frame-000013.color.jpg 0.283382 0.773709 -0.519484 0.226284 0.923546 1.534125 0.356253 1.356047 0.033880
data/frame-000014.color.jpg 0.288414 0.769582 -0.520644 0.231279 0.933831 1.539176 0.341303 1.125286 0.028581
data/frame-000015.color.jpg 0.294507 0.764307 -0.522725 0.236347 0.943022 1.541081 0.323751 1.082678 0.028975
data/frame-000016.color.jpg 0.298259 0.760842 -0.523470 0.241124 0.943420 1.550486 0.311536 1.141752 0.030773
data/frame-000017.color.jpg 0.300428 0.756254 -0.526330 0.246577 0.954246 1.557616 0.305084 0.936337 0.027087
data/frame-000018.color.jpg 0.306541 0.749260 -0.529371 0.253789 0.966609 1.567633 0.285462 0.935616 0.026796
data/frame-000019.color.jpg 0.312669 0.743541 -0.529914 0.261872 0.971408 1.574587 0.262823 0.799644 0.024276
data/frame-000020.color.jpg 0.317283 0.738333 -0.530868 0.269025 0.977338 1.585986 0.244638 0.789424 0.023267
data/frame-000021.color.jpg 0.322000 0.730733 -0.530944 0.283628 0.986454 1.593590 0.220749 0.137457 0.008248
data/frame-000022.color.jpg 0.330374 0.721064 -0.532913 0.294828 0.997992 1.598010 0.189776 0.429853 0.005184
data/frame-000023.color.jpg 0.333932 0.715863 -0.533530 0.302282 1.001177 1.605984 0.173318 0.301429 0.004808
data/frame-000024.color.jpg 0.342463 0.708067 -0.534024 0.310127 1.005781 1.613294 0.139457 0.308880 0.006985
data/frame-000025.color.jpg 0.348369 0.701851 -0.533257 0.318876 1.002562 1.621796 0.112253 0.304831 0.008040
data/frame-000026.color.jpg 0.350835 0.697597 -0.533413 0.325183 1.001335 1.626885 0.099929 0.248307 0.007142
data/frame-000027.color.jpg 0.348927 0.693010 -0.535575 0.333386 1.000468 1.635160 0.100684 0.251422 0.007466
data/frame-000028.color.jpg 0.354323 0.686781 -0.536511 0.339032 1.005628 1.635715 0.076780 0.436219 0.011758
data/frame-000029.color.jpg 0.355200 0.683918 -0.536189 0.344369 0.999974 1.641476 0.065665 0.410980 0.010564
data/frame-000030.color.jpg 0.360669 0.679453 -0.536124 0.347610 1.004647 1.643901 0.035476 0.390279 0.010490
data/frame-000031.color.jpg 0.367948 0.675899 -0.534192 0.349876 0.994539 1.647365 -0.002320 0.531701 0.014017
data/frame-000032.color.jpg 0.372839 0.674022 -0.531941 0.351744 0.989607 1.648527 -0.032729 0.562144 0.014163
data/frame-000033.color.jpg 0.377826 0.678460 -0.524521 0.349022 0.949899 1.658955 -0.070191 0.580931 0.013996
data/frame-000034.color.jpg 0.390852 0.677666 -0.519114 0.344274 0.932967 1.651537 -0.132743 0.508356 0.013198
data/frame-000035.color.jpg 0.391446 0.678722 -0.517524 0.343912 0.920173 1.654097 -0.140078 0.489952 0.013109
data/frame-000036.color.jpg 0.395350 0.678904 -0.514637 0.343420 0.892931 1.657405 -0.172291 0.658662 0.016423
data/frame-000037.color.jpg 0.403616 0.677070 -0.511194 0.342565 0.874754 1.649730 -0.215535 0.623866 0.015572
data/frame-000038.color.jpg 0.420018 0.671784 -0.505548 0.341631 0.839544 1.633704 -0.300571 0.801183 0.018639
data/frame-000039.color.jpg 0.432189 0.669684 -0.498056 0.341579 0.811297 1.622679 -0.360268 0.989925 0.022115
data/frame-000040.color.jpg 0.433734 0.670904 -0.495474 0.340981 0.797339 1.624505 -0.369237 1.093253 0.024757
data/frame-000041.color.jpg 0.444829 0.670034 -0.487404 0.340028 0.774595 1.608970 -0.426146 0.957507 0.020873
data/frame-000042.color.jpg 0.451936 0.670410 -0.482560 0.336807 0.758455 1.593594 -0.458288 0.797753 0.017218
data/frame-000043.color.jpg 0.452712 0.674181 -0.480252 0.331496 0.739369 1.591984 -0.463368 0.942482 0.020180
data/frame-000044.color.jpg 0.453312 0.674895 -0.479697 0.330024 0.735507 1.589209 -0.466994 0.903242 0.018453
data/frame-000045.color.jpg 0.455768 0.677456 -0.477190 0.324991 0.715949 1.577322 -0.480963 0.811919 0.016840
data/frame-000046.color.jpg 0.456859 0.681149 -0.477853 0.314599 0.697875 1.559517 -0.486971 0.716969 0.014784
data/frame-000047.color.jpg 0.455023 0.682090 -0.481429 0.309732 0.702017 1.551233 -0.479339 0.629615 0.012070
data/frame-000048.color.jpg 0.452705 0.683482 -0.483496 0.306827 0.702878 1.547868 -0.471850 0.633908 0.011796
data/frame-000049.color.jpg 0.447728 0.686567 -0.484719 0.305308 0.693919 1.550591 -0.457519 0.531582 0.010191
data/frame-000050.color.jpg 0.445270 0.687405 -0.485486 0.305796 0.693065 1.551802 -0.450679 0.500853 0.008087
data/frame-000051.color.jpg 0.435893 0.690591 -0.490228 0.304562 0.683704 1.546507 -0.423219 0.406004 0.006618
data/frame-000052.color.jpg 0.431240 0.691332 -0.493789 0.303750 0.683441 1.544806 -0.408509 0.364242 0.006410
data/frame-000053.color.jpg 0.427094 0.691783 -0.495325 0.306072 0.676820 1.545601 -0.399360 0.442447 0.007347
data/frame-000054.color.jpg 0.424368 0.691271 -0.497109 0.308122 0.674829 1.546868 -0.396506 0.478890 0.009134
data/frame-000055.color.jpg 0.420483 0.689760 -0.499561 0.312832 0.683091 1.559449 -0.392621 0.419899 0.008734
data/frame-000056.color.jpg 0.420567 0.686349 -0.502462 0.315563 0.693247 1.564287 -0.396512 0.246023 0.006107
data/frame-000057.color.jpg 0.411768 0.679595 -0.510877 0.328027 0.718046 1.572244 -0.388889 0.327462 0.008128
data/frame-000058.color.jpg 0.402501 0.675159 -0.519718 0.334734 0.747745 1.578881 -0.371855 0.290646 0.008017
data/frame-000059.color.jpg 0.391541 0.665663 -0.533714 0.344585 0.806972 1.582104 -0.355983 0.277771 0.006550
data/frame-000060.color.jpg 0.391245 0.662172 -0.537899 0.345139 0.828140 1.578678 -0.357023 0.248046 0.007226
data/frame-000061.color.jpg 0.380541 0.641129 -0.564168 0.354764 0.965578 1.561382 -0.343160 0.049063 0.004267
data/frame-000062.color.jpg 0.376020 0.622653 -0.578850 0.368571 1.064918 1.538690 -0.354092 0.378791 0.007044
data/frame-000063.color.jpg 0.376598 0.617507 -0.582132 0.371460 1.090415 1.533764 -0.364307 0.211495 0.007172
data/frame-000064.color.jpg 0.374349 0.601022 -0.591372 0.385895 1.155536 1.510997 -0.375834 0.244746 0.006822
data/frame-000065.color.jpg 0.359232 0.591030 -0.601682 0.399517 1.199151 1.501742 -0.336455 0.135864 0.003391
data/frame-000066.color.jpg 0.355916 0.589295 -0.603187 0.402767 1.203292 1.498278 -0.328540 0.150631 0.003776
data/frame-000067.color.jpg 0.326915 0.569416 -0.619060 0.430879 1.256701 1.480471 -0.242399 0.276624 0.002560
data/frame-000068.color.jpg 0.317434 0.560275 -0.624792 0.441545 1.277459 1.464791 -0.212585 0.231430 0.003225
data/frame-000069.color.jpg 0.308042 0.554135 -0.628992 0.449904 1.290812 1.451278 -0.184117 0.363504 0.005339
data/frame-000070.color.jpg 0.303505 0.551729 -0.629871 0.454689 1.297182 1.446656 -0.172933 0.347243 0.005759
data/frame-000071.color.jpg 0.296683 0.553751 -0.627646 0.459781 1.282289 1.453389 -0.161207 0.559881 0.006472
data/frame-000072.color.jpg 0.290741 0.557360 -0.623004 0.465496 1.256830 1.466765 -0.154848 0.620027 0.006689
data/frame-000073.color.jpg 0.286449 0.556799 -0.624386 0.466974 1.254776 1.466661 -0.138337 0.569499 0.005069
data/frame-000074.color.jpg 0.285981 0.556505 -0.624985 0.466809 1.253736 1.464531 -0.135054 0.647991 0.006053
data/frame-000075.color.jpg 0.285075 0.548563 -0.633455 0.465345 1.273926 1.437497 -0.104529 0.692247 0.007695
data/frame-000076.color.jpg 0.282582 0.543605 -0.640989 0.462358 1.291647 1.419388 -0.070795 0.582062 0.005547
data/frame-000077.color.jpg 0.274675 0.539239 -0.653933 0.454034 1.304175 1.388658 -0.000857 0.538167 0.005902
data/frame-000078.color.jpg 0.264725 0.541992 -0.660958 0.446430 1.287770 1.379682 0.067187 0.492701 0.005728
data/frame-000079.color.jpg 0.263238 0.540656 -0.663498 0.445160 1.290263 1.371690 0.087877 0.470235 0.004278
data/frame-000080.color.jpg 0.274356 0.546635 -0.660334 0.435750 1.270093 1.355241 0.077935 0.946264 0.014627
data/frame-000081.color.jpg 0.274247 0.549125 -0.661043 0.431592 1.265569 1.352324 0.093384 0.724522 0.010606
data/frame-000082.color.jpg 0.273681 0.556187 -0.661612 0.421928 1.238652 1.349031 0.119152 0.978213 0.015039
data/frame-000083.color.jpg 0.267820 0.565378 -0.660921 0.414492 1.208449 1.360348 0.174412 0.467902 0.003875
data/frame-000084.color.jpg 0.269867 0.572821 -0.656495 0.409954 1.181293 1.366285 0.189276 0.489039 0.004245
data/frame-000085.color.jpg 0.275303 0.581897 -0.649691 0.404358 1.156444 1.377602 0.201714 0.407021 0.002949
data/frame-000086.color.jpg 0.282062 0.586955 -0.643359 0.402510 1.136647 1.385709 0.201230 0.426976 0.001366
data/frame-000087.color.jpg 0.294632 0.593698 -0.637201 0.393307 1.125881 1.396675 0.220920 0.586106 0.006698
data/frame-000088.color.jpg 0.301466 0.600773 -0.630675 0.387865 1.106578 1.415419 0.225149 0.771064 0.009246
data/frame-000089.color.jpg 0.304894 0.606014 -0.624593 0.386873 1.092109 1.439736 0.232138 0.603558 0.007016
data/frame-000090.color.jpg 0.305522 0.610291 -0.619480 0.387874 1.077974 1.465556 0.238215 0.380586 0.005943
data/frame-000091.color.jpg 0.312887 0.611274 -0.616215 0.385648 1.083086 1.479445 0.226766 0.310658 0.005580
data/frame-000092.color.jpg 0.315834 0.616393 -0.611668 0.382323 1.079990 1.497727 0.224661 0.241262 0.004491
data/frame-000093.color.jpg 0.315513 0.617330 -0.610399 0.383104 1.077401 1.505092 0.224881 0.079832 0.002269
data/frame-000094.color.jpg 0.321853 0.617913 -0.605437 0.384760 1.077093 1.515216 0.201903 0.072503 0.002491
data/frame-000095.color.jpg 0.329040 0.617590 -0.602463 0.383867 1.085252 1.527876 0.180151 0.231868 0.003479
data/frame-000096.color.jpg 0.338036 0.615232 -0.601163 0.381869 1.099413 1.530185 0.154194 0.309655 0.005048
data/frame-000097.color.jpg 0.343608 0.612503 -0.599782 0.383452 1.107471 1.537066 0.135543 0.245960 0.006058
data/frame-000098.color.jpg 0.346901 0.610990 -0.597545 0.386382 1.106598 1.549517 0.120329 0.331942 0.007625
data/frame-000099.color.jpg 0.356390 0.602342 -0.592544 0.398826 1.107778 1.561200 0.073588 0.156674 0.005299
data/frame-000100.color.jpg 0.359222 0.598445 -0.591425 0.403782 1.106277 1.566768 0.060127 0.176187 0.005678
data/frame-000101.color.jpg 0.360357 0.593089 -0.590262 0.412286 1.099181 1.572353 0.048114 0.133386 0.005557
data/frame-000102.color.jpg 0.361179 0.591140 -0.590065 0.414641 1.097463 1.570144 0.043114 0.164143 0.006133
data/frame-000103.color.jpg 0.361620 0.583320 -0.591862 0.422691 1.103423 1.565900 0.036298 0.177995 0.006026
data/frame-000104.color.jpg 0.361794 0.579040 -0.593246 0.426470 1.104366 1.564558 0.034413 0.238295 0.006221
data/frame-000105.color.jpg 0.361236 0.574817 -0.593779 0.431880 1.100822 1.567155 0.030596 0.241664 0.007554
data/frame-000106.color.jpg 0.364029 0.571986 -0.593028 0.434319 1.099038 1.567951 0.017608 0.384466 0.010096
data/frame-000107.color.jpg 0.363733 0.563072 -0.594261 0.444412 1.098577 1.569654 0.012593 0.434001 0.009501
data/frame-000108.color.jpg 0.366216 0.558855 -0.593362 0.448875 1.102896 1.568626 -0.000558 0.369381 0.007742
data/frame-000109.color.jpg 0.367985 0.557437 -0.592725 0.450030 1.102949 1.569889 -0.006796 0.471033 0.010776
data/frame-000110.color.jpg 0.370341 0.556307 -0.591723 0.450815 1.104052 1.570050 -0.016265 0.507499 0.011496
data/frame-000111.color.jpg 0.373759 0.555044 -0.589370 0.452629 1.105948 1.568627 -0.031018 0.421255 0.009815
data/frame-000112.color.jpg 0.377693 0.555688 -0.586334 0.452517 1.106189 1.573265 -0.047300 0.611554 0.013947
data/frame-000113.color.jpg 0.384169 0.557612 -0.582110 0.450146 1.107062 1.573315 -0.071030 0.666931 0.015354
data/frame-000114.color.jpg 0.394892 0.560026 -0.575071 0.446906 1.113538 1.566490 -0.111574 0.590658 0.013286
data/frame-000115.color.jpg 0.396570 0.564353 -0.571665 0.444339 1.111176 1.571197 -0.120171 0.477362 0.010441
data/frame-000116.color.jpg 0.402854 0.574085 -0.565444 0.434059 1.114725 1.573647 -0.140810 0.513673 0.011889
data/frame-000117.color.jpg 0.404231 0.576801 -0.564237 0.430738 1.118153 1.571168 -0.144857 0.345129 0.007924
data/frame-000118.color.jpg 0.403147 0.579874 -0.563690 0.428336 1.121709 1.577782 -0.139374 0.405474 0.008725
data/frame-000119.color.jpg 0.402653 0.586199 -0.561888 0.422520 1.119007 1.583524 -0.136611 0.514066 0.011877
data/frame-000120.color.jpg 0.405464 0.588971 -0.560746 0.417464 1.126164 1.580233 -0.141605 0.440802 0.010307
data/frame-000121.color.jpg 0.410394 0.590775 -0.556924 0.415208 1.126992 1.580727 -0.161427 0.523332 0.012549
data/frame-000122.color.jpg 0.413717 0.601066 -0.552180 0.403304 1.123803 1.582509 -0.166701 0.615049 0.015240
data/frame-000123.color.jpg 0.412483 0.604263 -0.551993 0.400035 1.128804 1.580403 -0.159025 0.638257 0.015195
data/frame-000124.color.jpg 0.411738 0.610838 -0.550089 0.393384 1.124804 1.581759 -0.152790 0.698239 0.016411
data/frame-000125.color.jpg 0.411189 0.614203 -0.549000 0.390227 1.121679 1.581060 -0.148353 0.677756 0.015785
data/frame-000126.color.jpg 0.409868 0.618004 -0.548475 0.386334 1.119734 1.583497 -0.140558 0.737205 0.017898
data/frame-000127.color.jpg 0.405953 0.625000 -0.548496 0.379116 1.115225 1.585637 -0.116710 0.804854 0.019922
data/frame-000128.color.jpg 0.394545 0.632926 -0.551875 0.373058 1.105801 1.583114 -0.063967 0.978244 0.022641
data/frame-000129.color.jpg 0.386067 0.636914 -0.556658 0.368000 1.103536 1.575537 -0.018910 1.009773 0.023451
data/frame-000130.color.jpg 0.377938 0.638563 -0.562133 0.365249 1.104527 1.567574 0.022589 1.054259 0.023587
data/frame-000131.color.jpg 0.359280 0.633829 -0.580933 0.362899 1.121838 1.529373 0.119991 0.947356 0.019032
data/frame-000132.color.jpg 0.349625 0.628807 -0.592413 0.362507 1.135550 1.504948 0.170053 0.775694 0.015272
data/frame-000133.color.jpg 0.334588 0.623057 -0.607148 0.362245 1.147404 1.479583 0.241936 0.792330 0.014406
data/frame-000134.color.jpg 0.331774 0.621778 -0.610515 0.361371 1.148732 1.471167 0.256161 0.599317 0.011351
data/frame-000135.color.jpg 0.320475 0.615464 -0.622675 0.361629 1.164411 1.440803 0.310516 0.581389 0.011113
data/frame-000136.color.jpg 0.312440 0.604181 -0.639655 0.358033 1.199911 1.394490 0.367228 0.634289 0.013139
data/frame-000137.color.jpg 0.300738 0.597728 -0.652264 0.356132 1.210279 1.356043 0.428635 0.654657 0.012959
data/frame-000138.color.jpg 0.293455 0.593019 -0.660085 0.355668 1.211398 1.327956 0.469073 0.447819 0.007501
data/frame-000139.color.jpg 0.282947 0.587023 -0.670111 0.355381 1.212097 1.289125 0.522636 0.454670 0.004635
data/frame-000140.color.jpg 0.274303 0.580998 -0.679168 0.354867 1.215095 1.259493 0.568611 0.417657 0.008007
data/frame-000141.color.jpg 0.267250 0.570889 -0.689185 0.357333 1.218215 1.218998 0.612438 0.388625 0.007515
data/frame-000142.color.jpg 0.257221 0.546591 -0.708356 0.365112 1.227903 1.135911 0.679340 0.332309 0.005361
data/frame-000143.color.jpg 0.248894 0.538816 -0.719294 0.361033 1.232616 1.093000 0.724595 0.348528 0.002725
data/frame-000144.color.jpg 0.235672 0.530320 -0.732896 0.355083 1.237108 1.036974 0.785122 0.325334 0.005388
data/frame-000145.color.jpg 0.232748 0.527164 -0.736550 0.354148 1.239384 1.021182 0.799723 0.218011 0.005977
data/frame-000146.color.jpg 0.217017 0.520939 -0.749527 0.346028 1.229902 0.957006 0.859995 0.197401 0.006067
data/frame-000147.color.jpg 0.212419 0.520522 -0.751988 0.344163 1.220150 0.942489 0.873789 0.154720 0.003329
data/frame-000148.color.jpg 0.203946 0.518665 -0.757348 0.340319 1.211509 0.915293 0.898886 0.043234 0.005229
data/frame-000149.color.jpg 0.195669 0.518260 -0.760730 0.338246 1.196535 0.893519 0.919639 0.130082 0.005292
data/frame-000150.color.jpg 0.193311 0.515822 -0.764242 0.335400 1.190644 0.868994 0.923850 0.144407 0.003569
data/frame-000151.color.jpg 0.191316 0.516473 -0.765970 0.331577 1.185124 0.853027 0.924185 0.252452 0.005714
data/frame-000152.color.jpg 0.186361 0.518840 -0.768026 0.325901 1.177365 0.834463 0.932175 0.361246 0.008239
data/frame-000153.color.jpg 0.190930 0.531672 -0.762456 0.315487 1.143242 0.830806 0.896161 0.209143 0.004511
data/frame-000154.color.jpg 0.193146 0.534139 -0.760182 0.315459 1.135463 0.836752 0.886547 0.224253 0.004364
data/frame-000155.color.jpg 0.190804 0.540105 -0.756737 0.315007 1.108976 0.845009 0.882381 0.434755 0.004432
data/frame-000156.color.jpg 0.189213 0.542365 -0.755458 0.315154 1.093331 0.848414 0.883520 0.315879 0.003761
data/frame-000157.color.jpg 0.189165 0.541059 -0.755394 0.317573 1.068678 0.846033 0.878981 0.524680 0.007312
data/frame-000158.color.jpg 0.188157 0.540038 -0.755453 0.319760 1.056839 0.845888 0.879528 0.581897 0.009915
data/frame-000159.color.jpg 0.185702 0.538407 -0.756328 0.321871 1.035228 0.843243 0.883311 0.643190 0.009670
data/frame-000160.color.jpg 0.182183 0.538013 -0.756486 0.324162 1.005975 0.841772 0.887155 0.532486 0.010226
data/frame-000161.color.jpg 0.180681 0.536853 -0.757421 0.324740 0.990183 0.839623 0.888231 0.528007 0.010133
data/frame-000162.color.jpg 0.178210 0.533421 -0.759100 0.327828 0.961130 0.834087 0.891563 0.572472 0.009990
data/frame-000163.color.jpg 0.180610 0.529889 -0.760463 0.329080 0.945900 0.830474 0.887245 0.457229 0.007521
data/frame-000164.color.jpg 0.183538 0.526388 -0.761322 0.331086 0.934481 0.828620 0.882127 0.514668 0.008150
data/frame-000165.color.jpg 0.183388 0.520545 -0.764883 0.332200 0.911556 0.818285 0.886766 0.504047 0.007952
data/frame-000166.color.jpg 0.183423 0.518059 -0.766832 0.331570 0.909214 0.809887 0.889026 0.526903 0.008685
data/frame-000167.color.jpg 0.181710 0.515204 -0.768895 0.332185 0.900125 0.801697 0.894382 0.623212 0.010337
data/frame-000168.color.jpg 0.181799 0.511606 -0.771902 0.330721 0.894192 0.790333 0.897150 0.550792 0.008694
data/frame-000169.color.jpg 0.181276 0.508577 -0.773976 0.330831 0.888500 0.782336 0.899414 0.638790 0.010201
data/frame-000170.color.jpg 0.179818 0.502957 -0.777500 0.331954 0.880200 0.770594 0.905867 0.680960 0.011271
data/frame-000171.color.jpg 0.178520 0.497923 -0.780255 0.333774 0.869583 0.762288 0.908054 0.767890 0.012786
data/frame-000172.color.jpg 0.174232 0.492156 -0.783599 0.336747 0.856455 0.758896 0.916624 0.676025 0.011895
data/frame-000173.color.jpg 0.172582 0.487229 -0.785987 0.339186 0.844306 0.756483 0.919007 0.718680 0.011998
data/frame-000174.color.jpg 0.171793 0.484111 -0.787554 0.340415 0.836434 0.755153 0.920160 0.689938 0.011582
data/frame-000175.color.jpg 0.165623 0.476106 -0.792054 0.344300 0.809570 0.752465 0.927351 0.668271 0.010526
data/frame-000176.color.jpg 0.162585 0.476753 -0.791137 0.346950 0.787753 0.761145 0.923987 0.693597 0.010140
data/frame-000177.color.jpg 0.158982 0.476957 -0.790129 0.350619 0.765409 0.774185 0.921818 0.641091 0.008475
data/frame-000178.color.jpg 0.153119 0.478931 -0.787727 0.355902 0.732598 0.790571 0.918944 0.674406 0.009565
data/frame-000179.color.jpg 0.149538 0.477425 -0.788523 0.357681 0.709034 0.800740 0.917880 0.488159 0.007524
data/frame-000180.color.jpg 0.147476 0.469944 -0.792867 0.358839 0.696832 0.797057 0.916081 0.613218 0.008287
data/frame-000181.color.jpg 0.144402 0.461822 -0.797811 0.359675 0.689227 0.795765 0.919819 0.466662 0.004512
data/frame-000182.color.jpg 0.142252 0.455587 -0.800799 0.361836 0.669431 0.799927 0.912668 0.538945 0.007096
data/frame-000183.color.jpg 0.141916 0.453020 -0.801882 0.362791 0.669408 0.801439 0.911243 0.521931 0.005175
data/frame-000184.color.jpg 0.143927 0.438885 -0.806021 0.370128 0.648440 0.817267 0.875872 0.316311 0.002502
data/frame-000185.color.jpg 0.145110 0.437056 -0.805724 0.372471 0.632442 0.822749 0.846260 0.278089 0.004604
data/frame-000186.color.jpg 0.152438 0.433473 -0.803308 0.378892 0.625362 0.838799 0.804371 0.147134 0.002655
data/frame-000187.color.jpg 0.158288 0.435890 -0.798917 0.382984 0.617421 0.852057 0.771730 0.112091 0.002967
data/frame-000188.color.jpg 0.154908 0.442538 -0.793678 0.387607 0.590498 0.864467 0.751664 0.217737 0.003734
data/frame-000189.color.jpg 0.158464 0.443334 -0.789246 0.394252 0.577281 0.867846 0.718257 0.357914 0.007242
data/frame-000190.color.jpg 0.160628 0.448349 -0.787388 0.391411 0.566503 0.864862 0.706405 0.263010 0.009917
data/frame-000191.color.jpg 0.172408 0.450423 -0.783655 0.391509 0.567701 0.863093 0.684208 0.381056 0.009190
data/frame-000192.color.jpg 0.185890 0.450884 -0.781002 0.390109 0.574133 0.864590 0.666534 0.522998 0.011069
data/frame-000193.color.jpg 0.202654 0.457974 -0.773934 0.387579 0.573860 0.869867 0.642294 0.637664 0.012631
data/frame-000194.color.jpg 0.205489 0.461639 -0.771824 0.385942 0.569375 0.873175 0.640121 0.656559 0.012144
data/frame-000195.color.jpg 0.213217 0.497297 -0.749657 0.381115 0.511690 0.896015 0.631617 0.734723 0.014451
data/frame-000196.color.jpg 0.222320 0.516674 -0.731918 0.384602 0.471817 0.931117 0.615251 0.753806 0.014101
data/frame-000197.color.jpg 0.234591 0.518685 -0.721790 0.393640 0.458193 0.962752 0.591755 0.740596 0.013538
data/frame-000198.color.jpg 0.239171 0.517646 -0.716967 0.400997 0.443557 0.982321 0.581622 0.709077 0.011413
data/frame-000199.color.jpg 0.243821 0.516094 -0.712447 0.408189 0.419569 1.005237 0.574766 0.625033 0.012118
data/frame-000200.color.jpg 0.240822 0.516301 -0.710487 0.413093 0.392499 1.017065 0.579029 0.552689 0.008877
data/frame-000201.color.jpg 0.243503 0.514408 -0.708364 0.417507 0.381713 1.032342 0.575046 0.499587 0.008091
data/frame-000202.color.jpg 0.247119 0.511630 -0.706807 0.421416 0.380435 1.043122 0.567948 0.432844 0.007480
data/frame-000203.color.jpg 0.250561 0.507615 -0.705961 0.425635 0.383648 1.057171 0.561345 0.550891 0.009601
data/frame-000204.color.jpg 0.256126 0.504775 -0.706336 0.425077 0.391000 1.063998 0.558118 0.486425 0.008000
data/frame-000205.color.jpg 0.257350 0.504197 -0.706391 0.424935 0.392201 1.065120 0.557123 0.437582 0.006771
data/frame-000206.color.jpg 0.263897 0.501927 -0.703848 0.427816 0.392533 1.088563 0.549648 0.550373 0.007397
data/frame-000207.color.jpg 0.268686 0.499653 -0.700458 0.433027 0.395646 1.104986 0.536312 0.591585 0.010105
data/frame-000208.color.jpg 0.270116 0.500746 -0.698236 0.434462 0.388712 1.115021 0.534470 0.498677 0.006961
data/frame-000209.color.jpg 0.272328 0.499365 -0.696714 0.437106 0.395062 1.122357 0.528529 0.525070 0.008502
data/frame-000210.color.jpg 0.275927 0.501194 -0.695614 0.434500 0.393326 1.130775 0.528580 0.541720 0.007478
data/frame-000211.color.jpg 0.278461 0.500660 -0.695190 0.434178 0.401204 1.140614 0.529972 0.606818 0.008653
data/frame-000212.color.jpg 0.280116 0.500281 -0.692846 0.437284 0.397566 1.152449 0.524675 0.489516 0.007115
data/frame-000213.color.jpg 0.280225 0.499305 -0.692568 0.438768 0.399124 1.157518 0.523670 0.570173 0.009885
data/frame-000214.color.jpg 0.288060 0.494100 -0.692319 0.439979 0.407374 1.165266 0.510248 0.500086 0.006708
data/frame-000215.color.jpg 0.289986 0.491208 -0.695161 0.437463 0.408852 1.170791 0.518457 0.462134 0.005740
data/frame-000216.color.jpg 0.291352 0.490242 -0.694007 0.439467 0.404330 1.177243 0.515470 0.449935 0.006036
data/frame-000217.color.jpg 0.291222 0.489827 -0.692156 0.442922 0.393045 1.187030 0.513762 0.508767 0.007821
data/frame-000218.color.jpg 0.288157 0.491755 -0.692423 0.442371 0.378433 1.191744 0.522018 0.491240 0.007696
data/frame-000219.color.jpg 0.289623 0.489945 -0.691087 0.445501 0.375425 1.200360 0.515960 0.483189 0.006699
data/frame-000220.color.jpg 0.290555 0.488565 -0.689401 0.449008 0.371018 1.206187 0.509672 0.433907 0.006180
data/frame-000221.color.jpg 0.293654 0.483025 -0.689098 0.453429 0.375856 1.217080 0.499839 0.419803 0.005749
data/frame-000222.color.jpg 0.302130 0.478181 -0.684752 0.459539 0.386129 1.241390 0.480717 0.457330 0.006549
data/frame-000223.color.jpg 0.313504 0.474835 -0.680367 0.461896 0.404299 1.255195 0.458759 0.431361 0.006207
data/frame-000224.color.jpg 0.318308 0.474173 -0.677107 0.464076 0.409112 1.261321 0.447435 0.542606 0.008192
data/frame-000225.color.jpg 0.318358 0.474523 -0.676235 0.464954 0.408512 1.263803 0.445617 0.561649 0.008686
data/frame-000226.color.jpg 0.319530 0.473897 -0.674061 0.467935 0.408823 1.270992 0.441420 0.621105 0.009595
data/frame-000227.color.jpg 0.316579 0.476657 -0.673489 0.467963 0.404442 1.272519 0.455254 0.769918 0.014726
data/frame-000228.color.jpg 0.309656 0.480436 -0.676545 0.464307 0.394600 1.265614 0.479610 0.860551 0.017794
data/frame-000229.color.jpg 0.307328 0.482083 -0.678696 0.460997 0.392975 1.264547 0.491417 0.767446 0.014795
data/frame-000230.color.jpg 0.303388 0.483374 -0.679617 0.460897 0.387340 1.264311 0.501923 0.720595 0.014282
data/frame-000231.color.jpg 0.293311 0.484414 -0.685822 0.457122 0.367265 1.256993 0.536976 0.780752 0.014610
data/frame-000232.color.jpg 0.286097 0.483000 -0.689688 0.457373 0.352160 1.250552 0.553460 0.761997 0.015236
data/frame-000233.color.jpg 0.284461 0.483646 -0.690408 0.456624 0.345419 1.247737 0.557652 0.671672 0.013077
data/frame-000234.color.jpg 0.277063 0.482890 -0.694089 0.456392 0.329205 1.241856 0.574778 0.585654 0.010928
data/frame-000235.color.jpg 0.264067 0.478522 -0.704815 0.452240 0.298202 1.223251 0.610290 0.468532 0.005748
data/frame-000236.color.jpg 0.254040 0.475607 -0.711465 0.450643 0.285311 1.212978 0.632989 0.500171 0.011466
data/frame-000237.color.jpg 0.250460 0.475807 -0.713596 0.449064 0.278328 1.208367 0.643416 0.504551 0.010554
data/frame-000238.color.jpg 0.242824 0.472760 -0.720351 0.445678 0.255895 1.197906 0.665183 0.460471 0.007672
data/frame-000239.color.jpg 0.228772 0.457644 -0.738288 0.439496 0.237906 1.172769 0.707606 0.465574 0.010480
data/frame-000240.color.jpg 0.221188 0.450860 -0.746633 0.436281 0.224531 1.154319 0.726015 0.415436 0.008169
data/frame-000241.color.jpg 0.213485 0.441655 -0.755985 0.433419 0.205810 1.146029 0.741448 0.406397 0.007701
data/frame-000242.color.jpg 0.208715 0.430221 -0.763640 0.433821 0.187732 1.147367 0.738622 0.457692 0.009413
data/frame-000243.color.jpg 0.211205 0.423511 -0.767758 0.431947 0.187881 1.151721 0.728019 0.424412 0.006268
data/frame-000244.color.jpg 0.216070 0.427205 -0.766156 0.428737 0.160540 1.160430 0.702951 0.537921 0.009393
data/frame-000245.color.jpg 0.212515 0.428067 -0.766964 0.428209 0.148032 1.159842 0.703724 0.629389 0.010796
data/frame-000246.color.jpg 0.190941 0.433152 -0.782181 0.405110 0.087429 1.124019 0.745876 0.543091 0.009319
data/frame-000247.color.jpg 0.190128 0.431711 -0.784279 0.402969 0.064235 1.131978 0.740062 0.348757 0.005300
data/frame-000248.color.jpg 0.189770 0.426747 -0.785864 0.405330 0.046585 1.141126 0.727724 0.548685 0.008194
data/frame-000249.color.jpg 0.187102 0.421129 -0.790897 0.402648 0.039603 1.135855 0.733653 0.601845 0.009987
data/frame-000250.color.jpg 0.181404 0.419462 -0.793893 0.401095 0.016694 1.127369 0.743282 0.577091 0.010736
data/frame-000251.color.jpg 0.182002 0.418204 -0.794657 0.400627 0.003851 1.124997 0.749955 0.460114 0.006682
data/frame-000252.color.jpg 0.183622 0.423720 -0.793974 0.395411 -0.009926 1.110838 0.770177 0.568034 0.009251
data/frame-000253.color.jpg 0.187578 0.434768 -0.787531 0.394446 -0.039184 1.094894 0.782696 0.554262 0.009870
data/frame-000254.color.jpg 0.195197 0.444898 -0.783124 0.388176 -0.046844 1.074005 0.801107 0.349999 0.007545
data/frame-000255.color.jpg 0.193116 0.465119 -0.773970 0.383852 -0.094444 1.032046 0.835776 0.276394 0.006876
data/frame-000256.color.jpg 0.198537 0.475449 -0.766293 0.383831 -0.116980 1.016630 0.848723 0.147173 0.004733
data/frame-000257.color.jpg 0.200692 0.484038 -0.760781 0.382939 -0.136639 0.999979 0.862352 0.341136 0.007554
data/frame-000258.color.jpg 0.202328 0.489321 -0.758180 0.380515 -0.150505 0.981623 0.874478 0.262811 0.005372
data/frame-000259.color.jpg 0.191239 0.500505 -0.756250 0.375510 -0.212737 0.924787 0.908437 0.316847 0.006559
data/frame-000260.color.jpg 0.183091 0.498045 -0.762110 0.370968 -0.226678 0.902548 0.923501 0.540354 0.010549
data/frame-000261.color.jpg 0.174754 0.495926 -0.766665 0.368434 -0.249202 0.869565 0.930147 0.249477 0.002497
data/frame-000262.color.jpg 0.172338 0.495619 -0.768369 0.366428 -0.254157 0.863064 0.934200 0.279521 0.004010
data/frame-000263.color.jpg 0.168076 0.494490 -0.771271 0.363829 -0.263939 0.847898 0.939298 0.239828 0.004177
data/frame-000264.color.jpg 0.161779 0.492059 -0.777745 0.356116 -0.273350 0.817187 0.950223 0.306133 0.004733
data/frame-000265.color.jpg 0.159755 0.492732 -0.777102 0.357499 -0.277083 0.811727 0.947897 0.398765 0.003429
data/frame-000266.color.jpg 0.158889 0.491533 -0.780672 0.351713 -0.271588 0.795709 0.954570 0.092518 0.001988
data/frame-000267.color.jpg 0.152619 0.492209 -0.779256 0.356649 -0.294218 0.784423 0.940748 0.312685 0.003855
data/frame-000268.color.jpg 0.148311 0.492795 -0.780133 0.355739 -0.303687 0.769978 0.938418 0.343653 0.006170
data/frame-000269.color.jpg 0.143288 0.485051 -0.786359 0.354731 -0.308895 0.761698 0.927957 0.415822 0.008317
data/frame-000270.color.jpg 0.144955 0.472725 -0.791657 0.358885 -0.294833 0.773784 0.910300 0.230193 0.006402
data/frame-000271.color.jpg 0.142059 0.467408 -0.793422 0.363086 -0.301151 0.763379 0.891645 0.408225 0.009216
data/frame-000272.color.jpg 0.141814 0.462082 -0.794692 0.367197 -0.303366 0.766464 0.880168 0.021581 0.003582
data/frame-000273.color.jpg 0.147100 0.445651 -0.798532 0.376966 -0.295518 0.774584 0.854909 0.090796 0.003379
data/frame-000274.color.jpg 0.150886 0.438012 -0.799667 0.381982 -0.291103 0.777990 0.843310 0.069994 0.002149
data/frame-000275.color.jpg 0.152599 0.435879 -0.799597 0.383884 -0.294601 0.767084 0.839734 0.116409 0.003647
data/frame-000276.color.jpg 0.151817 0.429726 -0.803579 0.382816 -0.292094 0.757011 0.839727 0.166009 0.003771
data/frame-000277.color.jpg 0.151752 0.429656 -0.804869 0.380202 -0.295116 0.744642 0.844020 0.314486 0.004690
data/frame-000278.color.jpg 0.148314 0.430428 -0.805502 0.379345 -0.299244 0.729245 0.847925 0.335957 0.004660
data/frame-000279.color.jpg 0.152608 0.431630 -0.802510 0.382601 -0.297325 0.726307 0.846386 0.226305 0.002277
data/frame-000280.color.jpg 0.154085 0.430265 -0.801837 0.384951 -0.296108 0.725485 0.843512 0.157818 0.004165
data/frame-000281.color.jpg 0.154361 0.429345 -0.803109 0.383213 -0.291294 0.723566 0.847016 0.244626 0.003620
data/frame-000282.color.jpg 0.149822 0.425724 -0.809477 0.375578 -0.264701 0.677983 0.855716 0.219576 0.007899
data/frame-000283.color.jpg 0.146647 0.425531 -0.810908 0.373960 -0.263160 0.668921 0.855804 0.252765 0.010560
data/frame-000284.color.jpg 0.135590 0.425163 -0.817815 0.363360 -0.259563 0.633758 0.865258 0.197156 0.012364
data/frame-000285.color.jpg 0.129506 0.422995 -0.823405 0.355399 -0.254620 0.601495 0.868588 0.279441 0.012171
data/frame-000286.color.jpg 0.121310 0.414676 -0.832170 0.347593 -0.249030 0.579365 0.873954 0.242578 0.011511
data/frame-000287.color.jpg 0.119133 0.407211 -0.837239 0.344989 -0.240689 0.574451 0.875681 0.213813 0.011911
data/frame-000288.color.jpg 0.114422 0.396023 -0.844719 0.341355 -0.235542 0.567556 0.878346 0.343369 0.010413
data/frame-000289.color.jpg 0.113721 0.391149 -0.845896 0.344281 -0.235558 0.577770 0.874482 0.347273 0.010242
data/frame-000290.color.jpg 0.113553 0.390649 -0.846173 0.344224 -0.234984 0.579583 0.875413 0.416179 0.010057
data/frame-000291.color.jpg 0.110852 0.378439 -0.844066 0.363384 -0.249764 0.634649 0.857356 0.467657 0.008381
data/frame-000292.color.jpg 0.109581 0.376442 -0.842817 0.368705 -0.258503 0.646491 0.850954 0.298143 0.006014
data/frame-000293.color.jpg 0.109960 0.373858 -0.842899 0.371026 -0.261604 0.659668 0.849549 0.393509 0.007787
data/frame-000294.color.jpg 0.111446 0.375037 -0.839331 0.377427 -0.274366 0.684242 0.845809 0.415200 0.007459
data/frame-000295.color.jpg 0.113277 0.374580 -0.837900 0.380503 -0.284627 0.701592 0.843337 0.402979 0.007618
data/frame-000296.color.jpg 0.119377 0.377440 -0.836589 0.378690 -0.284784 0.714874 0.849536 0.266321 0.005158
data/frame-000297.color.jpg 0.123822 0.389390 -0.831618 0.376104 -0.298217 0.716947 0.856312 0.090474 0.001920
data/frame-000298.color.jpg 0.125716 0.392039 -0.830651 0.374859 -0.301840 0.721766 0.859549 0.306014 0.005856
data/frame-000299.color.jpg 0.138389 0.407380 -0.820357 0.376702 -0.319651 0.744421 0.863793 0.247385 0.003361
data/frame-000300.color.jpg 0.158322 0.448371 -0.796105 0.374317 -0.359382 0.761818 0.886417 0.332358 0.002529
data/frame-000301.color.jpg 0.164641 0.454400 -0.791458 0.374176 -0.361033 0.768245 0.890036 0.357019 0.003917
data/frame-000302.color.jpg 0.170423 0.463906 -0.784190 0.375223 -0.378063 0.775856 0.893349 0.414861 0.002796
data/frame-000303.color.jpg 0.182662 0.474903 -0.770930 0.383105 -0.409934 0.816983 0.888590 0.839061 0.014280
data/frame-000304.color.jpg 0.190384 0.475739 -0.765809 0.388539 -0.416869 0.834548 0.878539 0.616738 0.009884
data/frame-000305.color.jpg 0.198379 0.478072 -0.760153 0.392758 -0.431988 0.860914 0.871573 0.400547 0.004343
data/frame-000306.color.jpg 0.198709 0.482882 -0.755857 0.394993 -0.449376 0.870016 0.869850 0.536792 0.009170
data/frame-000307.color.jpg 0.201222 0.482934 -0.753830 0.397524 -0.453126 0.876070 0.864483 0.448900 0.006679
data/frame-000308.color.jpg 0.206158 0.482521 -0.750690 0.401419 -0.455483 0.895692 0.856486 0.506574 0.009524
data/frame-000309.color.jpg 0.212452 0.482015 -0.747361 0.404942 -0.460248 0.915651 0.849027 0.344334 0.005603
data/frame-000310.color.jpg 0.216802 0.482568 -0.746096 0.404309 -0.464416 0.933669 0.849970 0.314940 0.003533
data/frame-000311.color.jpg 0.212643 0.486020 -0.745702 0.403109 -0.475057 0.930935 0.851422 0.415058 0.007179
data/frame-000312.color.jpg 0.216592 0.492645 -0.738772 0.405715 -0.485005 0.946078 0.845271 0.310912 0.005588
data/frame-000313.color.jpg 0.217726 0.492244 -0.738516 0.406061 -0.481700 0.949908 0.843443 0.371152 0.006752
data/frame-000314.color.jpg 0.218876 0.493467 -0.736545 0.407536 -0.479172 0.956811 0.833567 0.440818 0.009507
data/frame-000315.color.jpg 0.221764 0.497185 -0.735504 0.403314 -0.469200 0.963331 0.831659 0.409043 0.007779
data/frame-000316.color.jpg 0.228392 0.502098 -0.731457 0.400880 -0.457330 0.975114 0.825381 0.398299 0.006945
data/frame-000317.color.jpg 0.229841 0.517236 -0.721456 0.398925 -0.463306 0.969523 0.811519 0.554055 0.010446
data/frame-000318.color.jpg 0.230602 0.520609 -0.718839 0.398823 -0.462700 0.973134 0.806920 0.476823 0.008693
data/frame-000319.color.jpg 0.244327 0.535657 -0.703905 0.397358 -0.447727 1.011415 0.762879 0.632578 0.012835
data/frame-000320.color.jpg 0.254651 0.542713 -0.692394 0.401505 -0.439287 1.040844 0.723064 0.594835 0.012782
data/frame-000321.color.jpg 0.267489 0.544099 -0.686574 0.401277 -0.417820 1.070772 0.695015 0.631489 0.013076
data/frame-000322.color.jpg 0.269902 0.544723 -0.685705 0.400298 -0.411205 1.077255 0.689706 0.478312 0.009651
data/frame-000323.color.jpg 0.276460 0.547682 -0.677803 0.405212 -0.408462 1.105934 0.628516 0.480514 0.005574
data/frame-000324.color.jpg 0.283021 0.548273 -0.671774 0.409898 -0.410959 1.126734 0.591997 0.208616 0.004883
data/frame-000325.color.jpg 0.293084 0.551346 -0.662569 0.413669 -0.415547 1.141700 0.564106 0.066873 0.004638
data/frame-000326.color.jpg 0.296676 0.552631 -0.659563 0.414198 -0.417879 1.145241 0.555941 0.145863 0.004479
data/frame-000327.color.jpg 0.305225 0.561332 -0.647777 0.414885 -0.434182 1.154727 0.536549 0.183497 0.004554
data/frame-000328.color.jpg 0.331453 0.585084 -0.621355 0.402161 -0.456783 1.163308 0.542557 0.598931 0.012457
data/frame-000329.color.jpg 0.342811 0.599774 -0.605511 0.395106 -0.473217 1.155765 0.553371 0.697486 0.012372
data/frame-000330.color.jpg 0.346015 0.605358 -0.599623 0.392768 -0.480896 1.151684 0.557691 0.671025 0.012188
data/frame-000331.color.jpg 0.355346 0.616922 -0.584800 0.388774 -0.500207 1.142102 0.560071 0.423835 0.006998
data/frame-000332.color.jpg 0.388462 0.633190 -0.552296 0.378334 -0.508790 1.145589 0.556275 0.391284 0.007558
data/frame-000333.color.jpg 0.401417 0.641054 -0.538517 0.371367 -0.512477 1.143648 0.564201 0.437297 0.007515
data/frame-000334.color.jpg 0.405465 0.643112 -0.533698 0.370368 -0.513142 1.142286 0.563532 0.380811 0.006662
data/frame-000335.color.jpg 0.414252 0.652259 -0.518562 0.366125 -0.524914 1.132625 0.572262 0.384134 0.008066
data/frame-000336.color.jpg 0.418512 0.660896 -0.506404 0.362794 -0.545889 1.118600 0.583335 0.273582 0.004921
data/frame-000337.color.jpg 0.418909 0.659310 -0.505997 0.365775 -0.553635 1.118942 0.576157 0.269951 0.006777
data/frame-000338.color.jpg 0.418460 0.658237 -0.507207 0.366546 -0.554105 1.122107 0.574256 0.277766 0.007620
data/frame-000339.color.jpg 0.414642 0.651483 -0.511577 0.376738 -0.570653 1.127361 0.548664 0.378184 0.009360
data/frame-000340.color.jpg 0.406536 0.648527 -0.517107 0.383069 -0.582600 1.124068 0.537218 0.497465 0.011078
data/frame-000341.color.jpg 0.404322 0.646605 -0.519661 0.385199 -0.584522 1.124481 0.531262 0.473980 0.010823
data/frame-000342.color.jpg 0.396448 0.640400 -0.527159 0.393472 -0.591535 1.125674 0.509607 0.548580 0.011968
data/frame-000343.color.jpg 0.374663 0.624762 -0.549242 0.409431 -0.594757 1.134997 0.464190 0.812731 0.012335
data/frame-000344.color.jpg 0.372352 0.621091 -0.552637 0.412543 -0.593673 1.135736 0.453203 0.892573 0.013630
data/frame-000345.color.jpg 0.357169 0.606053 -0.570378 0.424029 -0.582027 1.152017 0.416743 0.923534 0.014904
data/frame-000346.color.jpg 0.340867 0.595079 -0.585703 0.432022 -0.579003 1.162866 0.392718 0.764593 0.011910
data/frame-000347.color.jpg 0.315555 0.577754 -0.607781 0.444104 -0.563216 1.173391 0.358762 0.827246 0.010708
data/frame-000348.color.jpg 0.311260 0.576938 -0.609644 0.445639 -0.563291 1.173477 0.356369 1.083394 0.013058
data/frame-000349.color.jpg 0.301057 0.571720 -0.618324 0.447412 -0.555500 1.176994 0.351551 1.231681 0.014333
data/frame-000350.color.jpg 0.277025 0.563786 -0.635535 0.448884 -0.541506 1.172380 0.351628 1.222787 0.016876
data/frame-000351.color.jpg 0.264781 0.558234 -0.645089 0.449584 -0.528865 1.173843 0.350251 1.421317 0.020530
data/frame-000352.color.jpg 0.262111 0.556181 -0.647766 0.449844 -0.525986 1.174355 0.348818 1.313645 0.019001
data/frame-000353.color.jpg 0.253035 0.549908 -0.654329 0.453242 -0.516969 1.174164 0.337790 1.327797 0.018865
data/frame-000354.color.jpg 0.238378 0.539021 -0.668181 0.454055 -0.491666 1.169011 0.332062 1.103301 0.011961
data/frame-000355.color.jpg 0.235684 0.533274 -0.674085 0.453521 -0.473181 1.172964 0.328953 1.049015 0.012124
data/frame-000356.color.jpg 0.237815 0.523135 -0.679911 0.455516 -0.443873 1.181648 0.313917 0.746597 0.008656
data/frame-000357.color.jpg 0.238621 0.517571 -0.684452 0.454650 -0.425718 1.189390 0.309864 0.965074 0.011569
data/frame-000358.color.jpg 0.238260 0.511169 -0.688104 0.456564 -0.410717 1.193525 0.299390 0.815764 0.010401
data/frame-000359.color.jpg 0.237155 0.508321 -0.690367 0.456903 -0.405742 1.195728 0.296177 0.944901 0.011774
data/frame-000360.color.jpg 0.237936 0.506672 -0.690719 0.457795 -0.403147 1.194609 0.292049 0.743370 0.009259
data/frame-000361.color.jpg 0.229061 0.497229 -0.697365 0.462576 -0.404440 1.200680 0.278178 0.633435 0.006553
data/frame-000362.color.jpg 0.226445 0.488136 -0.702755 0.465383 -0.399886 1.208287 0.267291 0.594936 0.005499
data/frame-000363.color.jpg 0.220783 0.479812 -0.707466 0.469603 -0.400119 1.214781 0.255904 0.552450 0.004507
data/frame-000364.color.jpg 0.213789 0.467018 -0.714256 0.475423 -0.398285 1.226386 0.239190 0.773122 0.008299
data/frame-000365.color.jpg 0.206650 0.457629 -0.719352 0.480004 -0.398266 1.233381 0.226661 0.937265 0.011705
data/frame-000366.color.jpg 0.200157 0.449699 -0.723015 0.484724 -0.402637 1.238617 0.213184 1.049357 0.014172
data/frame-000367.color.jpg 0.192002 0.437727 -0.726716 0.493370 -0.397965 1.241662 0.190518 0.637636 0.007768
data/frame-000368.color.jpg 0.187889 0.425948 -0.730507 0.499626 -0.387061 1.247357 0.170211 0.459900 0.005256
data/frame-000369.color.jpg 0.187100 0.424158 -0.730323 0.501709 -0.387332 1.247331 0.164821 0.391478 0.004735
data/frame-000370.color.jpg 0.183614 0.417476 -0.732465 0.505465 -0.384625 1.249648 0.152326 0.317370 0.004163
data/frame-000371.color.jpg 0.173324 0.403026 -0.736894 0.514311 -0.381032 1.252523 0.127390 0.357452 0.005762
data/frame-000372.color.jpg 0.166376 0.386283 -0.741312 0.523031 -0.368324 1.260736 0.097980 0.084593 0.003098
data/frame-000373.color.jpg 0.166709 0.381688 -0.742200 0.525034 -0.362292 1.265172 0.090967 0.086549 0.001700
data/frame-000374.color.jpg 0.165603 0.377855 -0.743024 0.526989 -0.358428 1.269099 0.084809 0.072034 0.002068
data/frame-000375.color.jpg 0.161618 0.367350 -0.745820 0.531682 -0.349046 1.277626 0.069232 0.223944 0.004291
data/frame-000376.color.jpg 0.145661 0.346951 -0.750472 0.543323 -0.345239 1.283292 0.033971 0.143935 0.002063
data/frame-000377.color.jpg 0.134246 0.332013 -0.754358 0.550171 -0.334211 1.290672 0.011837 0.341031 0.001997
data/frame-000378.color.jpg 0.131992 0.328210 -0.755094 0.551986 -0.328434 1.292746 0.005292 0.437724 0.003292
data/frame-000379.color.jpg 0.130482 0.320406 -0.757313 0.553888 -0.314556 1.297179 -0.002798 0.249221 0.003670
data/frame-000380.color.jpg 0.115785 0.311900 -0.759783 0.558608 -0.304640 1.300869 -0.018959 0.240862 0.002977
data/frame-000381.color.jpg 0.114900 0.310309 -0.758581 0.561304 -0.301754 1.299417 -0.028287 0.279603 0.003260
data/frame-000382.color.jpg 0.112433 0.307381 -0.758959 0.562901 -0.292774 1.302739 -0.033562 0.204121 0.001965
data/frame-000383.color.jpg 0.112731 0.299250 -0.759490 0.566494 -0.259355 1.303336 -0.051169 0.276814 0.004480
data/frame-000384.color.jpg 0.113548 0.299479 -0.759395 0.566337 -0.257909 1.303254 -0.050588 0.286142 0.004886
data/frame-000385.color.jpg 0.109846 0.301499 -0.759296 0.566130 -0.259435 1.299566 -0.048549 0.301123 0.004856
data/frame-000386.color.jpg 0.109309 0.301379 -0.758976 0.566725 -0.253345 1.295026 -0.051039 0.424601 0.006902
data/frame-000387.color.jpg 0.111376 0.299956 -0.767085 0.556060 -0.227722 1.295587 -0.020635 0.498290 0.009039
data/frame-000388.color.jpg 0.110808 0.301222 -0.768588 0.553407 -0.227628 1.294267 -0.012123 0.463618 0.008234
data/frame-000389.color.jpg 0.108822 0.303926 -0.776808 0.540700 -0.223459 1.294482 0.028578 0.562801 0.008676
data/frame-000390.color.jpg 0.109721 0.301405 -0.787189 0.526736 -0.201551 1.296171 0.074318 0.424516 0.006243
data/frame-000391.color.jpg 0.109514 0.301766 -0.789518 0.523072 -0.200130 1.298712 0.086028 0.407412 0.006913
data/frame-000392.color.jpg 0.115330 0.299998 -0.798011 0.509782 -0.183007 1.301032 0.127226 0.516360 0.006980
data/frame-000393.color.jpg 0.109223 0.305662 -0.815550 0.479083 -0.191928 1.282718 0.227618 0.343214 0.009281
data/frame-000394.color.jpg 0.108585 0.309089 -0.820670 0.468160 -0.204054 1.280027 0.259546 0.366695 0.008562
data/frame-000395.color.jpg 0.113020 0.311792 -0.824223 0.458987 -0.207548 1.283409 0.288875 0.293774 0.007750
data/frame-000396.color.jpg 0.116591 0.313491 -0.826814 0.452226 -0.213434 1.284198 0.311481 0.317048 0.007065
data/frame-000397.color.jpg 0.115515 0.315041 -0.827484 0.450195 -0.221489 1.286143 0.319170 0.338209 0.006939
data/frame-000398.color.jpg 0.112551 0.304449 -0.833862 0.446450 -0.235870 1.290852 0.344508 0.470940 0.007243
data/frame-000399.color.jpg 0.111169 0.304274 -0.838397 0.438348 -0.254999 1.289402 0.374500 0.639829 0.010983
data/frame-000400.color.jpg 0.100120 0.312515 -0.840761 0.430618 -0.336317 1.271399 0.411031 0.550598 0.005377
data/frame-000401.color.jpg 0.097563 0.312296 -0.842324 0.428301 -0.343992 1.268432 0.419982 0.656691 0.008064
data/frame-000402.color.jpg 0.094719 0.313235 -0.845576 0.421797 -0.363247 1.263854 0.441487 0.677631 0.007319
data/frame-000403.color.jpg 0.087902 0.312800 -0.853442 0.407512 -0.413822 1.246633 0.487022 0.351223 0.006663
data/frame-000404.color.jpg 0.088041 0.313650 -0.854291 0.405043 -0.419214 1.244644 0.494727 0.388728 0.007088
data/frame-000405.color.jpg 0.088878 0.320769 -0.855740 0.396128 -0.451905 1.227068 0.523425 0.401068 0.008225
data/frame-000406.color.jpg 0.087610 0.324416 -0.856678 0.391385 -0.467137 1.214674 0.538637 0.225359 0.007496
data/frame-000407.color.jpg 0.086117 0.334176 -0.858678 0.378922 -0.518056 1.188204 0.580061 0.255141 0.008281
data/frame-000408.color.jpg 0.086584 0.335369 -0.858546 0.378060 -0.524188 1.183875 0.582637 0.202277 0.006971
data/frame-000409.color.jpg 0.086721 0.341653 -0.856734 0.376509 -0.553523 1.170451 0.590462 0.179204 0.007440
data/frame-000410.color.jpg 0.088356 0.348232 -0.856284 0.371086 -0.597288 1.151825 0.613573 0.144530 0.007542
data/frame-000411.color.jpg 0.089159 0.349494 -0.856506 0.369192 -0.602051 1.147551 0.620510 0.149541 0.007730
data/frame-000412.color.jpg 0.089186 0.357462 -0.855304 0.364309 -0.634255 1.124646 0.638166 0.133914 0.007398
data/frame-000413.color.jpg 0.090843 0.357515 -0.856792 0.360331 -0.648021 1.115151 0.651383 0.212958 0.008152
data/frame-000414.color.jpg 0.090877 0.354398 -0.859186 0.357692 -0.674284 1.112705 0.660809 0.214732 0.007370
data/frame-000415.color.jpg 0.090455 0.353240 -0.859843 0.357364 -0.677546 1.114458 0.661624 0.225915 0.006591
data/frame-000416.color.jpg 0.088078 0.348831 -0.860855 0.359845 -0.692254 1.120069 0.650701 0.251103 0.006683
data/frame-000417.color.jpg 0.083092 0.332158 -0.863216 0.370978 -0.722518 1.157259 0.605609 0.398851 0.006362
data/frame-000418.color.jpg 0.077556 0.322318 -0.866487 0.373224 -0.737811 1.174706 0.585149 0.241153 0.004111
data/frame-000419.color.jpg 0.077905 0.319618 -0.867366 0.373431 -0.738348 1.179557 0.581659 0.294764 0.004110
data/frame-000420.color.jpg 0.078684 0.311128 -0.869467 0.375546 -0.737813 1.197503 0.567257 0.356301 0.003317
data/frame-000421.color.jpg 0.085316 0.298177 -0.870893 0.381258 -0.734008 1.234045 0.538300 0.407401 0.007813
data/frame-000422.color.jpg 0.080536 0.292974 -0.873118 0.381241 -0.752610 1.245700 0.520684 0.369325 0.008311
data/frame-000423.color.jpg 0.077681 0.291546 -0.873805 0.381356 -0.759574 1.246046 0.514464 0.372106 0.007247
data/frame-000424.color.jpg 0.071455 0.287808 -0.874479 0.383857 -0.772795 1.242603 0.490729 0.321796 0.010544
data/frame-000425.color.jpg 0.064491 0.272559 -0.870224 0.405294 -0.821061 1.286852 0.371521 0.438707 0.009428
data/frame-000426.color.jpg 0.061539 0.279792 -0.868905 0.403650 -0.866295 1.285783 0.355388 0.363876 0.007318
data/frame-000427.color.jpg 0.059430 0.283169 -0.866629 0.406494 -0.884042 1.281563 0.340571 0.448616 0.011181
data/frame-000428.color.jpg 0.052193 0.295093 -0.858887 0.415343 -0.937593 1.255957 0.296639 0.511863 0.013103
data/frame-000429.color.jpg 0.066598 0.320206 -0.850758 0.411393 -1.011157 1.245737 0.296865 0.390773 0.014220
data/frame-000430.color.jpg 0.080831 0.332739 -0.843653 0.413523 -1.041293 1.251419 0.299377 0.205946 0.008926
data/frame-000431.color.jpg 0.090813 0.345551 -0.837727 0.412990 -1.068078 1.243609 0.312093 0.460978 0.013641
data/frame-000432.color.jpg 0.096027 0.349942 -0.834903 0.413830 -1.078656 1.244236 0.315213 0.524166 0.015730
data/frame-000433.color.jpg 0.113230 0.372008 -0.821507 0.417032 -1.125230 1.227858 0.335425 0.670692 0.015686
data/frame-000434.color.jpg 0.153424 0.416949 -0.788597 0.425122 -1.207940 1.176895 0.393602 0.313013 0.004085
data/frame-000435.color.jpg 0.166397 0.435926 -0.775664 0.425001 -1.249350 1.144792 0.428745 0.413980 0.006016
data/frame-000436.color.jpg 0.169881 0.440063 -0.772772 0.424628 -1.254667 1.137584 0.439076 0.378236 0.003361
data/frame-000437.color.jpg 0.178702 0.456093 -0.763362 0.421097 -1.286160 1.109940 0.478685 0.389491 0.002979
data/frame-000438.color.jpg 0.187773 0.464417 -0.755357 0.422485 -1.302039 1.104108 0.495274 0.325312 0.003511
data/frame-000439.color.jpg 0.211531 0.472338 -0.740697 0.428392 -1.301667 1.123679 0.517621 0.230504 0.002857
data/frame-000440.color.jpg 0.214148 0.473652 -0.738648 0.429178 -1.305215 1.127229 0.520490 0.180046 0.001800
data/frame-000441.color.jpg 0.220761 0.475266 -0.731350 0.436479 -1.310512 1.132334 0.508492 0.280503 0.003717
data/frame-000442.color.jpg 0.234516 0.479180 -0.715372 0.451255 -1.324343 1.145580 0.487920 0.472349 0.006189
data/frame-000443.color.jpg 0.235659 0.479839 -0.714544 0.451272 -1.327085 1.151384 0.490184 0.496586 0.002463
data/frame-000444.color.jpg 0.239250 0.480334 -0.710609 0.455054 -1.326106 1.155489 0.486354 0.737991 0.006797
data/frame-000445.color.jpg 0.248154 0.479932 -0.705802 0.458179 -1.323301 1.175718 0.492587 0.722595 0.009193
data/frame-000446.color.jpg 0.248328 0.479078 -0.706101 0.458518 -1.324369 1.181605 0.490452 0.776039 0.008729
data/frame-000447.color.jpg 0.249549 0.475875 -0.705542 0.462038 -1.322502 1.192837 0.478869 0.934203 0.012457
data/frame-000448.color.jpg 0.251195 0.469082 -0.703101 0.471712 -1.334414 1.218655 0.443283 0.811469 0.008475
data/frame-000449.color.jpg 0.251305 0.469238 -0.703274 0.471241 -1.337728 1.223116 0.445454 0.722294 0.007624
data/frame-000450.color.jpg 0.252224 0.465649 -0.702261 0.475798 -1.340420 1.234220 0.427959 0.682986 0.005858
data/frame-000451.color.jpg 0.249943 0.454323 -0.703737 0.485668 -1.338768 1.267229 0.376569 0.586457 0.006741
data/frame-000452.color.jpg 0.250020 0.451302 -0.703712 0.488473 -1.332303 1.272998 0.363151 0.400568 0.003003
data/frame-000453.color.jpg 0.250349 0.450300 -0.703653 0.489313 -1.331232 1.277829 0.359335 0.363780 0.002554
data/frame-000454.color.jpg 0.251968 0.440511 -0.701316 0.500617 -1.318297 1.305167 0.308311 0.234379 0.003440
data/frame-000455.color.jpg 0.247842 0.436647 -0.702757 0.504030 -1.319677 1.306926 0.287667 0.163237 0.004563
data/frame-000456.color.jpg 0.244564 0.434008 -0.705311 0.504342 -1.314329 1.311703 0.280278 0.388103 0.009001
data/frame-000457.color.jpg 0.222651 0.425979 -0.718791 0.502302 -1.314130 1.310764 0.255658 0.731840 0.015899
data/frame-000458.color.jpg 0.212697 0.417627 -0.729612 0.498011 -1.302835 1.322478 0.245724 0.603804 0.012730
data/frame-000459.color.jpg 0.208958 0.416484 -0.731746 0.497419 -1.303668 1.321747 0.241967 0.602786 0.013361
data/frame-000460.color.jpg 0.198023 0.409826 -0.738854 0.496915 -1.294566 1.319823 0.222504 0.454569 0.011223
data/frame-000461.color.jpg 0.194103 0.407581 -0.742417 0.494994 -1.291917 1.323501 0.220831 0.655887 0.014376
data/frame-000462.color.jpg 0.169102 0.385959 -0.765281 0.486606 -1.256855 1.350692 0.190884 0.511625 0.008611
data/frame-000463.color.jpg 0.159299 0.379091 -0.773803 0.481811 -1.246184 1.358412 0.185732 0.405652 0.005397
data/frame-000464.color.jpg 0.155471 0.377026 -0.776346 0.480591 -1.242434 1.361547 0.182113 0.643829 0.010781
data/frame-000465.color.jpg 0.135716 0.359825 -0.790229 0.477122 -1.217791 1.380713 0.147662 0.422062 0.005443
data/frame-000466.color.jpg 0.123567 0.344741 -0.798438 0.477893 -1.186777 1.400626 0.113527 0.570846 0.010420
data/frame-000467.color.jpg 0.111881 0.326873 -0.807804 0.477586 -1.147927 1.427077 0.080776 0.435511 0.009368
data/frame-000468.color.jpg 0.110036 0.324159 -0.808987 0.477864 -1.141069 1.431133 0.074706 0.540433 0.011323
data/frame-000469.color.jpg 0.090983 0.302547 -0.820458 0.476483 -1.097091 1.455747 0.031001 0.574790 0.011677
data/frame-000470.color.jpg 0.088872 0.298620 -0.821855 0.476950 -1.088649 1.459924 0.024112 0.601532 0.013021
data/frame-000471.color.jpg 0.083114 0.286682 -0.825981 0.478184 -1.063516 1.478385 0.000675 0.418004 0.009260
data/frame-000472.color.jpg 0.069230 0.262127 -0.835320 0.478265 -1.006712 1.512984 -0.036928 0.448987 0.008869
data/frame-000473.color.jpg 0.068206 0.257746 -0.836727 0.478334 -0.994554 1.518776 -0.041750 0.455392 0.009206
data/frame-000474.color.jpg 0.064985 0.246191 -0.841677 0.476180 -0.963182 1.534354 -0.047933 0.526033 0.011468
data/frame-000475.color.jpg 0.053063 0.227176 -0.852410 0.467946 -0.919250 1.554958 -0.040903 0.413612 0.008522
data/frame-000476.color.jpg 0.050266 0.220753 -0.854520 0.467480 -0.903260 1.559441 -0.043848 0.431789 0.009764
data/frame-000477.color.jpg 0.042132 0.210203 -0.858950 0.465022 -0.882633 1.567694 -0.046280 0.436778 0.010938
data/frame-000478.color.jpg 0.031386 0.192893 -0.865473 0.461264 -0.847282 1.580698 -0.047753 0.348646 0.010470
data/frame-000479.color.jpg 0.030498 0.191099 -0.866054 0.460980 -0.844907 1.580430 -0.048134 0.418816 0.011973
data/frame-000480.color.jpg 0.023523 0.181796 -0.870944 0.455910 -0.824745 1.589143 -0.038677 0.441924 0.013164
data/frame-000481.color.jpg 0.017419 0.170168 -0.876215 0.450540 -0.803760 1.598714 -0.026494 0.275334 0.006834
data/frame-000482.color.jpg 0.017213 0.168091 -0.877506 0.448813 -0.797099 1.602545 -0.019914 0.295345 0.006850
data/frame-000483.color.jpg 0.012942 0.165593 -0.879143 0.446675 -0.799237 1.598223 -0.016583 0.367809 0.009243
data/frame-000484.color.jpg 0.011068 0.164615 -0.879462 0.446460 -0.801607 1.596218 -0.017346 0.239130 0.006191
data/frame-000485.color.jpg 0.000559 0.159965 -0.882239 0.442793 -0.812783 1.588632 -0.013908 0.108549 0.005648
data/frame-000486.color.jpg 0.004108 -0.149590 0.886965 -0.436920 -0.799064 1.593109 0.007231 0.292217 0.002676
data/frame-000487.color.jpg 0.004337 -0.147409 0.886746 -0.438103 -0.792952 1.594510 0.003288 0.368810 0.004849
data/frame-000488.color.jpg 0.006425 -0.140466 0.887310 -0.439215 -0.782306 1.597378 -0.001980 0.280872 0.003059
data/frame-000489.color.jpg 0.016274 -0.124853 0.886018 -0.446227 -0.767113 1.593381 -0.017509 0.431748 0.008131
data/frame-000490.color.jpg 0.016505 -0.121724 0.886501 -0.446125 -0.761194 1.597154 -0.016372 0.420255 0.006671
data/frame-000491.color.jpg 0.019018 -0.105251 0.888437 -0.446363 -0.728053 1.598319 -0.009025 0.389297 0.005330
data/frame-000492.color.jpg 0.019800 -0.101352 0.889398 -0.445317 -0.717546 1.601222 -0.006133 0.569093 0.009238
data/frame-000493.color.jpg 0.023140 -0.091901 0.890460 -0.445083 -0.701211 1.600534 -0.003379 0.605108 0.007081
data/frame-000494.color.jpg 0.033751 -0.083852 0.891321 -0.444270 -0.703348 1.594284 0.001000 0.559503 0.005052
data/frame-000495.color.jpg 0.035047 -0.081641 0.891323 -0.444579 -0.698938 1.596370 0.000148 0.623182 0.006457
data/frame-000496.color.jpg 0.041961 -0.068475 0.890008 -0.448817 -0.674782 1.606057 -0.016158 0.693722 0.008652
data/frame-000497.color.jpg 0.042317 -0.067024 0.890165 -0.448691 -0.675036 1.607535 -0.013844 0.607573 0.006083
data/frame-000498.color.jpg 0.044407 -0.060656 0.890235 -0.449255 -0.659477 1.613467 -0.016345 0.804723 0.008171
data/frame-000499.color.jpg 0.050106 -0.047648 0.892703 -0.445310 -0.630612 1.629320 -0.005869 0.879986 0.012388
data/frame-000500.color.jpg 0.051697 -0.044406 0.892693 -0.445482 -0.621239 1.629956 -0.008359 0.932796 0.013046
data/frame-000501.color.jpg 0.066184 -0.022850 0.891686 -0.447207 -0.578282 1.648130 -0.041637 0.958544 0.014189
data/frame-000502.color.jpg 0.067437 -0.016634 0.890888 -0.448882 -0.561192 1.657271 -0.051123 1.010024 0.014085
data/frame-000503.color.jpg 0.067364 -0.009191 0.890237 -0.450396 -0.540705 1.665167 -0.055754 0.777485 0.009471
data/frame-000504.color.jpg 0.068405 -0.005195 0.890268 -0.450241 -0.527394 1.672409 -0.059210 0.890717 0.012221
data/frame-000505.color.jpg 0.071733 0.022956 0.890677 -0.448355 -0.431736 1.704210 -0.071117 0.731879 0.008175
data/frame-000506.color.jpg 0.084997 0.048070 0.886632 -0.452049 -0.358008 1.728515 -0.112120 0.485261 0.004115
data/frame-000507.color.jpg 0.087572 0.050731 0.885508 -0.453468 -0.348989 1.728020 -0.122075 0.455424 0.003816
data/frame-000508.color.jpg 0.091632 0.054899 0.884628 -0.453898 -0.340282 1.730254 -0.130495 0.408128 0.001844
data/frame-000509.color.jpg 0.093918 0.060576 0.883792 -0.454337 -0.321025 1.736827 -0.138243 0.447946 0.005649
data/frame-000510.color.jpg 0.108852 0.082837 0.878765 -0.457231 -0.260837 1.754095 -0.175697 0.303363 0.002424
data/frame-000511.color.jpg 0.121929 0.102157 0.873180 -0.460710 -0.206425 1.760522 -0.212358 0.318207 0.005965
data/frame-000512.color.jpg 0.123204 0.105397 0.872878 -0.460213 -0.198674 1.766010 -0.212819 0.291392 0.004361
data/frame-000513.color.jpg 0.127985 0.114643 0.869668 -0.462769 -0.169760 1.768963 -0.231844 0.284504 0.004284
data/frame-000514.color.jpg 0.130312 0.119352 0.868877 -0.462414 -0.154236 1.773069 -0.233951 0.441746 0.008985
data/frame-000515.color.jpg 0.142607 0.139662 0.863261 -0.463614 -0.096953 1.782730 -0.257350 0.272239 0.005123
data/frame-000516.color.jpg 0.153390 0.157769 0.859453 -0.461434 -0.052941 1.792096 -0.265489 0.307015 0.005394
data/frame-000517.color.jpg 0.155305 0.160588 0.859149 -0.460385 -0.045124 1.794009 -0.263146 0.252095 0.004163
data/frame-000518.color.jpg 0.157964 0.164702 0.858424 -0.459378 -0.035996 1.795071 -0.263131 0.280502 0.004493
data/frame-000519.color.jpg 0.169120 0.180801 0.855640 -0.454520 0.003557 1.801315 -0.260651 0.251563 0.002534
data/frame-000520.color.jpg 0.170856 0.182698 0.855864 -0.452689 0.007496 1.802455 -0.257581 0.349462 0.004534
data/frame-000521.color.jpg 0.172809 0.184654 0.856414 -0.450105 0.002282 1.802503 -0.254052 0.310248 0.004338
data/frame-000522.color.jpg 0.175663 0.185362 0.856325 -0.448878 0.002568 1.802935 -0.254042 0.464377 0.005083
data/frame-000523.color.jpg 0.183713 0.186619 0.857804 -0.442262 -0.012822 1.807521 -0.252040 0.347819 0.004262
data/frame-000524.color.jpg 0.184363 0.188652 0.855864 -0.444878 -0.008447 1.809264 -0.266703 0.443381 0.004211
data/frame-000525.color.jpg 0.183939 0.189797 0.855001 -0.446225 -0.005484 1.808305 -0.271069 0.324293 0.005079
data/frame-000526.color.jpg 0.193859 0.191376 0.853949 -0.443357 -0.017800 1.809756 -0.277099 0.319922 0.003580
data/frame-000527.color.jpg 0.201675 0.194555 0.853165 -0.439984 -0.029943 1.810313 -0.276708 0.557514 0.005537
data/frame-000528.color.jpg 0.201735 0.197050 0.852417 -0.440294 -0.024760 1.809667 -0.279202 0.430320 0.007258
data/frame-000529.color.jpg 0.204369 0.203136 0.851135 -0.438791 -0.011977 1.814457 -0.277921 0.410655 0.006401
data/frame-000530.color.jpg 0.204866 0.205406 0.850291 -0.439139 -0.007692 1.815401 -0.279950 0.370238 0.005775
data/frame-000531.color.jpg 0.204053 0.214452 0.847466 -0.440651 0.009483 1.815078 -0.287144 0.475145 0.008068
data/frame-000532.color.jpg 0.201932 0.228579 0.843798 -0.441565 0.061241 1.814951 -0.287942 0.504926 0.008631
data/frame-000533.color.jpg 0.201599 0.230258 0.843378 -0.441646 0.065374 1.813605 -0.288739 0.545423 0.010076
data/frame-000534.color.jpg 0.225243 0.295834 0.830622 -0.414506 0.260935 1.828783 -0.216903 0.835864 0.013320
data/frame-000535.color.jpg 0.226912 0.302926 0.827523 -0.414670 0.287435 1.829125 -0.217492 0.775794 0.012201
data/frame-000536.color.jpg 0.224289 0.321203 0.819752 -0.417768 0.366162 1.820107 -0.216699 0.675988 0.011018
data/frame-000537.color.jpg 0.224812 0.326555 0.817435 -0.417877 0.388995 1.819573 -0.215841 0.675426 0.010992
data/frame-000538.color.jpg 0.232917 0.351423 0.806223 -0.415039 0.477828 1.809187 -0.202859 0.498583 0.008664
data/frame-000539.color.jpg 0.239222 0.363560 0.800336 -0.412382 0.521937 1.802743 -0.193460 0.510777 0.009757
data/frame-000540.color.jpg 0.243336 0.368996 0.796479 -0.412614 0.538782 1.797872 -0.197295 0.656796 0.012141
data/frame-000541.color.jpg 0.251349 0.385170 0.786796 -0.411607 0.596214 1.787525 -0.193175 0.600120 0.011757
data/frame-000542.color.jpg 0.252472 0.388932 0.785060 -0.410695 0.608961 1.785883 -0.188322 0.563194 0.010889
data/frame-000543.color.jpg 0.261894 0.407640 0.774720 -0.406264 0.667608 1.772431 -0.167624 0.554728 0.011056
data/frame-000544.color.jpg 0.267689 0.421515 0.766070 -0.404729 0.711216 1.757705 -0.156256 0.606117 0.011713
data/frame-000545.color.jpg 0.268274 0.424738 0.764056 -0.404779 0.720857 1.753464 -0.154425 0.624915 0.011707
data/frame-000546.color.jpg 0.277194 0.444002 0.752628 -0.399470 0.775944 1.736177 -0.121919 0.513165 0.011767
data/frame-000547.color.jpg 0.283774 0.454199 0.745339 -0.397046 0.803184 1.720297 -0.106737 0.659775 0.014321
data/frame-000548.color.jpg 0.284534 0.456867 0.743786 -0.396351 0.810834 1.717196 -0.101538 0.685958 0.014589
data/frame-000549.color.jpg 0.290232 0.472849 0.733984 -0.391723 0.854805 1.690098 -0.067448 0.805873 0.017580
data/frame-000550.color.jpg 0.292709 0.482340 0.727440 -0.390514 0.885344 1.672664 -0.050751 0.828497 0.017803
data/frame-000551.color.jpg 0.293906 0.485218 0.726002 -0.388720 0.892814 1.669358 -0.040504 0.845210 0.018684
data/frame-000552.color.jpg 0.291279 0.502332 0.716994 -0.385665 0.943644 1.632206 -0.007029 0.784654 0.017745
data/frame-000553.color.jpg 0.288411 0.509846 0.714309 -0.382934 0.957511 1.618662 0.015312 0.765339 0.016787
data/frame-000554.color.jpg 0.286993 0.512558 0.713779 -0.381364 0.961257 1.615050 0.025334 0.676795 0.015848
data/frame-000555.color.jpg 0.286842 0.521378 0.716926 -0.363185 0.953157 1.607016 0.100198 0.580726 0.015296
data/frame-000556.color.jpg 0.286774 0.521702 0.718175 -0.360296 0.945911 1.607380 0.110114 0.623354 0.016697
data/frame-000557.color.jpg 0.282747 0.524196 0.720393 -0.355396 0.930203 1.596672 0.134152 0.467436 0.013679
data/frame-000558.color.jpg 0.280197 0.528284 0.720863 -0.350373 0.923125 1.585225 0.163629 0.302253 0.011567
data/frame-000559.color.jpg 0.278954 0.526493 0.722251 -0.351203 0.909972 1.584304 0.158472 0.413677 0.012458
data/frame-000560.color.jpg 0.277290 0.529395 0.726458 -0.339279 0.890922 1.574462 0.202726 0.379064 0.011173
data/frame-000561.color.jpg 0.277334 0.530582 0.725625 -0.339172 0.888592 1.566270 0.202113 0.439711 0.014384
data/frame-000562.color.jpg 0.278018 0.536235 0.723217 -0.334836 0.897947 1.553575 0.223232 0.322036 0.011030
data/frame-000563.color.jpg 0.292493 0.554924 0.714913 -0.308880 0.904800 1.531956 0.317963 0.484910 0.011145
data/frame-000564.color.jpg 0.296132 0.557471 0.711542 -0.308610 0.906529 1.525727 0.319043 0.589020 0.011392
data/frame-000565.color.jpg 0.295625 0.572219 0.699630 -0.309337 0.955365 1.500250 0.332966 0.510038 0.009910
data/frame-000566.color.jpg 0.300900 0.613885 0.658911 -0.313754 1.121440 1.390220 0.371898 1.108262 0.017641
data/frame-000567.color.jpg 0.298839 0.620308 0.652417 -0.316645 1.148462 1.370581 0.372708 1.185151 0.015612
data/frame-000568.color.jpg 0.318261 0.652771 0.615614 -0.305972 1.233347 1.301190 0.457141 0.620856 0.012986
data/frame-000569.color.jpg 0.319210 0.655999 0.612067 -0.305196 1.239486 1.291456 0.462720 0.662515 0.012947
data/frame-000570.color.jpg 0.323598 0.669172 0.599832 -0.296134 1.268188 1.256612 0.513239 0.650719 0.015178
data/frame-000571.color.jpg 0.332506 0.690397 0.573801 -0.289041 1.315142 1.185566 0.574020 0.748734 0.017594
data/frame-000572.color.jpg 0.333373 0.691939 0.571196 -0.289513 1.315822 1.175743 0.573774 0.800525 0.016706
data/frame-000573.color.jpg 0.335557 0.702851 0.559026 -0.284415 1.334065 1.139739 0.609404 0.936400 0.018390
data/frame-000574.color.jpg 0.349329 0.713797 0.541698 -0.273909 1.329166 1.123563 0.665481 0.304283 0.011391
data/frame-000575.color.jpg 0.352720 0.714498 0.538354 -0.274328 1.330581 1.120730 0.667984 0.401491 0.011844
data/frame-000576.color.jpg 0.357188 0.718617 0.528058 -0.277779 1.344662 1.106528 0.665134 1.231296 0.009928
data/frame-000577.color.jpg 0.359412 0.717507 0.525772 -0.282084 1.348773 1.113776 0.651579 1.440370 0.011268
data/frame-000578.color.jpg 0.382905 0.712411 0.510396 -0.292149 1.356948 1.130908 0.627140 0.660913 0.012331
data/frame-000579.color.jpg 0.391583 0.712126 0.501770 -0.296253 1.360884 1.129218 0.619024 0.750470 0.011534
data/frame-000580.color.jpg 0.394858 0.712198 0.498756 -0.296823 1.364353 1.125053 0.619004 0.970237 0.016652
data/frame-000581.color.jpg 0.401241 0.711099 0.493995 -0.298852 1.363970 1.130453 0.614004 1.030684 0.017074
data/frame-000582.color.jpg 0.408596 0.709707 0.483128 -0.309762 1.376242 1.124015 0.585920 1.000107 0.018293
data/frame-000583.color.jpg 0.409964 0.708874 0.483625 -0.309087 1.370695 1.129662 0.587582 0.975739 0.017207
data/frame-000584.color.jpg 0.413908 0.707407 0.482872 -0.308369 1.361609 1.146041 0.585662 0.767698 0.010347
data/frame-000585.color.jpg 0.425941 0.704247 0.474181 -0.312670 1.358509 1.168010 0.574135 1.013921 0.009972
data/frame-000586.color.jpg 0.426808 0.704364 0.472543 -0.313703 1.361184 1.174899 0.573352 0.986504 0.005621
data/frame-000587.color.jpg 0.432316 0.701361 0.467467 -0.320423 1.365218 1.185225 0.554823 0.921734 0.004074
data/frame-000588.color.jpg 0.445291 0.701490 0.457582 -0.316617 1.346504 1.205207 0.574693 0.837557 0.011397
data/frame-000589.color.jpg 0.444923 0.708358 0.452470 -0.309103 1.331157 1.196292 0.611997 1.011042 0.015035
data/frame-000590.color.jpg 0.445211 0.711521 0.449166 -0.306226 1.322945 1.181994 0.625145 0.789424 0.009088
data/frame-000591.color.jpg 0.445266 0.715020 0.446345 -0.302094 1.314348 1.172968 0.642926 0.692318 0.009657
data/frame-000592.color.jpg 0.447357 0.719373 0.441396 -0.295880 1.311522 1.160656 0.665945 0.862863 0.020743
data/frame-000593.color.jpg 0.450208 0.730050 0.432004 -0.278768 1.260372 1.130213 0.722631 0.659279 0.022491
data/frame-000594.color.jpg 0.448926 0.734470 0.428652 -0.274365 1.249269 1.122897 0.742523 0.482947 0.017590
data/frame-000595.color.jpg 0.448158 0.739864 0.425171 -0.266430 1.239419 1.115812 0.770156 0.562787 0.021898
data/frame-000596.color.jpg 0.453237 0.750252 0.409246 -0.253409 1.181026 1.090598 0.809299 0.705327 0.019536
data/frame-000597.color.jpg 0.451894 0.753775 0.405893 -0.250732 1.160704 1.083218 0.818067 0.703189 0.018625
data/frame-000598.color.jpg 0.451829 0.755791 0.403778 -0.248180 1.160484 1.080928 0.827995 0.627671 0.017978
data/frame-000599.color.jpg 0.454363 0.760094 0.396753 -0.241656 1.123754 1.074445 0.843013 0.725808 0.018238
data/frame-000600.color.jpg 0.453210 0.761365 0.396086 -0.240915 1.118274 1.073150 0.845998 0.675688 0.016192
data/frame-000601.color.jpg 0.450264 0.769375 0.390455 -0.229933 1.077971 1.063595 0.877409 0.424856 0.007353
data/frame-000602.color.jpg 0.449864 0.772794 0.384995 -0.228451 1.067824 1.055330 0.884281 0.579552 0.007915
data/frame-000603.color.jpg 0.450395 0.774327 0.382123 -0.227032 1.066075 1.051900 0.889878 0.458904 0.004419
data/frame-000604.color.jpg 0.446515 0.794813 0.359537 -0.199073 0.987588 0.996065 0.975650 0.339689 0.011271
data/frame-000605.color.jpg 0.442205 0.808762 0.341651 -0.183393 0.926189 0.949081 1.022630 0.255847 0.008543
data/frame-000606.color.jpg 0.442148 0.809853 0.339674 -0.182385 0.920831 0.943595 1.024491 0.190328 0.007415
data/frame-000607.color.jpg 0.440475 0.813743 0.333877 -0.179806 0.909011 0.927259 1.034234 0.156952 0.006302
data/frame-000608.color.jpg 0.439631 0.815916 0.330643 -0.177990 0.900424 0.917839 1.039688 0.182080 0.005919
data/frame-000609.color.jpg 0.436128 0.820250 0.326381 -0.174520 0.892283 0.902827 1.053892 0.351595 0.010774
data/frame-000610.color.jpg 0.432112 0.823808 0.323394 -0.173310 0.873860 0.879485 1.058242 0.290029 0.005041
data/frame-000611.color.jpg 0.424062 0.829247 0.323073 -0.167765 0.864040 0.849613 1.076345 0.157261 0.008148
data/frame-000612.color.jpg 0.423034 0.831007 0.321360 -0.164917 0.858505 0.839402 1.083463 0.244222 0.009130
data/frame-000613.color.jpg 0.411865 0.843876 0.309036 -0.150792 0.833773 0.776829 1.121687 0.315472 0.006223
data/frame-000614.color.jpg 0.405784 0.851235 0.298340 -0.147418 0.834064 0.736351 1.134498 0.631307 0.014652
data/frame-000615.color.jpg 0.401393 0.857745 0.289110 -0.139901 0.823909 0.712722 1.157283 0.618846 0.013226
data/frame-000616.color.jpg 0.397523 0.865363 0.272429 -0.137494 0.831852 0.673774 1.173761 0.609569 0.014020
data/frame-000617.color.jpg 0.396866 0.868265 0.265388 -0.134844 0.828594 0.657320 1.182271 0.712838 0.017699
data/frame-000618.color.jpg 0.397265 0.878223 0.239958 -0.115436 0.792242 0.617581 1.237110 0.446732 0.012584
data/frame-000619.color.jpg 0.399138 0.881708 0.226081 -0.110303 0.782953 0.603612 1.258532 0.319270 0.007619
data/frame-000620.color.jpg 0.401454 0.884216 0.214273 -0.105282 0.769139 0.591205 1.275762 0.286202 0.007073
data/frame-000621.color.jpg 0.401507 0.886995 0.204751 -0.100547 0.754062 0.579892 1.293051 0.419883 0.009714
data/frame-000622.color.jpg 0.414338 0.885843 0.185136 -0.096598 0.732735 0.594265 1.322048 0.725590 0.014885
data/frame-000623.color.jpg 0.414598 0.886522 0.181805 -0.095569 0.734459 0.596270 1.331118 0.763005 0.015625
data/frame-000624.color.jpg 0.424074 0.882677 0.177539 -0.097578 0.729913 0.619265 1.328028 0.767491 0.016344
data/frame-000625.color.jpg 0.428478 0.881413 0.175027 -0.094249 0.721948 0.640827 1.341475 1.008519 0.020369
data/frame-000626.color.jpg 0.434490 0.878794 0.171207 -0.098121 0.730555 0.654820 1.341685 0.983303 0.020557
data/frame-000627.color.jpg 0.434363 0.878820 0.168532 -0.102959 0.742862 0.655764 1.348035 0.927632 0.019821
data/frame-000628.color.jpg 0.434344 0.878694 0.169387 -0.102711 0.743803 0.661056 1.351880 1.087374 0.021653
data/frame-000629.color.jpg 0.442344 0.873905 0.167218 -0.112516 0.756517 0.687583 1.342718 0.963249 0.022647
data/frame-000630.color.jpg 0.448305 0.870988 0.166958 -0.111929 0.755001 0.714756 1.346300 0.986594 0.021706
data/frame-000631.color.jpg 0.454935 0.866803 0.168556 -0.115223 0.750388 0.743434 1.337487 1.120792 0.025609
data/frame-000632.color.jpg 0.456674 0.865937 0.168706 -0.114634 0.748545 0.750021 1.337971 1.019656 0.023437
data/frame-000633.color.jpg 0.458497 0.864302 0.170655 -0.116788 0.748044 0.763013 1.336111 0.994995 0.022661
data/frame-000634.color.jpg 0.464618 0.858125 0.179030 -0.125296 0.748383 0.803997 1.307227 0.923435 0.021973
data/frame-000635.color.jpg 0.466739 0.855780 0.185096 -0.124639 0.732459 0.826120 1.297534 0.792385 0.020917
data/frame-000636.color.jpg 0.473531 0.850772 0.187790 -0.129188 0.728648 0.860916 1.274390 0.752327 0.018186
data/frame-000637.color.jpg 0.476690 0.848198 0.190032 -0.131205 0.727155 0.873499 1.261634 0.720667 0.016762
data/frame-000638.color.jpg 0.488229 0.837129 0.203126 -0.139956 0.707480 0.948321 1.207453 0.502589 0.012765
data/frame-000639.color.jpg 0.494918 0.831185 0.208292 -0.144232 0.695608 0.985214 1.176819 0.467395 0.012570
data/frame-000640.color.jpg 0.497704 0.829184 0.209013 -0.145113 0.691863 0.994478 1.167597 0.460094 0.012146
data/frame-000641.color.jpg 0.505859 0.823468 0.208817 -0.149673 0.683316 1.024663 1.138260 0.358272 0.010526
data/frame-000642.color.jpg 0.511632 0.813925 0.220536 -0.164691 0.690739 1.066197 1.083728 0.331933 0.008365
data/frame-000643.color.jpg 0.512625 0.812445 0.221708 -0.167316 0.695260 1.071755 1.075516 0.290867 0.007103
data/frame-000644.color.jpg 0.516484 0.806353 0.227995 -0.176230 0.702503 1.098628 1.040965 0.268158 0.006685
data/frame-000645.color.jpg 0.518058 0.802177 0.234019 -0.182653 0.706968 1.118767 1.018470 0.212333 0.005745
data/frame-000646.color.jpg 0.520706 0.796719 0.246503 -0.182595 0.679248 1.165812 0.990360 0.112343 0.005042
data/frame-000647.color.jpg 0.521402 0.796014 0.247325 -0.182571 0.677625 1.169828 0.985594 0.076033 0.004825
data/frame-000648.color.jpg 0.519963 0.797258 0.248327 -0.179867 0.669062 1.180392 0.979653 0.178646 0.002429
data/frame-000649.color.jpg 0.513951 0.800415 0.246860 -0.185069 0.691333 1.181408 0.959428 0.128235 0.004167
data/frame-000650.color.jpg 0.513596 0.800881 0.245561 -0.185765 0.697195 1.183274 0.954845 0.095047 0.004334
data/frame-000651.color.jpg 0.514287 0.800412 0.242400 -0.189981 0.712319 1.187327 0.936000 0.178404 0.005140
data/frame-000652.color.jpg 0.529616 0.790198 0.232125 -0.203008 0.755062 1.267640 0.826061 0.400301 0.008258
data/frame-000653.color.jpg 0.529780 0.790152 0.230495 -0.204611 0.765208 1.272233 0.816582 0.463213 0.009622
data/frame-000654.color.jpg 0.524189 0.793851 0.228505 -0.206910 0.781039 1.280493 0.808116 0.384640 0.006296
data/frame-000655.color.jpg 0.527752 0.791867 0.225319 -0.208940 0.793014 1.315260 0.744630 0.498601 0.007914
data/frame-000656.color.jpg 0.527433 0.792163 0.224984 -0.208985 0.794102 1.320752 0.741475 0.446498 0.006860
data/frame-000657.color.jpg 0.530104 0.790738 0.223192 -0.209542 0.791989 1.336119 0.719602 0.439469 0.005999
data/frame-000658.color.jpg 0.532257 0.789326 0.222956 -0.209662 0.789946 1.342158 0.708757 0.467968 0.007719
data/frame-000659.color.jpg 0.543536 0.782806 0.217375 -0.211025 0.770085 1.384250 0.650028 0.492812 0.004682
data/frame-000660.color.jpg 0.545942 0.780360 0.218870 -0.212325 0.756981 1.398350 0.628587 0.616415 0.005291
data/frame-000661.color.jpg 0.548180 0.779005 0.217686 -0.212750 0.756766 1.402668 0.618124 0.623980 0.006619
data/frame-000662.color.jpg 0.559562 0.766784 0.226205 -0.218549 0.708784 1.445093 0.535259 0.946935 0.012020
data/frame-000663.color.jpg 0.568521 0.755360 0.239030 -0.221540 0.642668 1.498498 0.457873 0.716494 0.006772
data/frame-000664.color.jpg 0.569309 0.754192 0.239734 -0.222733 0.637626 1.502110 0.448543 0.622580 0.007133
data/frame-000665.color.jpg 0.568821 0.752233 0.244947 -0.224922 0.616669 1.517688 0.428741 0.381417 0.004989
data/frame-000666.color.jpg 0.568934 0.746913 0.253715 -0.232517 0.576324 1.536464 0.381897 0.286120 0.008547
data/frame-000667.color.jpg 0.568634 0.746203 0.254381 -0.234792 0.574532 1.538729 0.375822 0.334845 0.009508
data/frame-000668.color.jpg 0.571997 0.739857 0.258924 -0.241638 0.549883 1.547806 0.335455 0.253857 0.007327
data/frame-000669.color.jpg 0.571870 0.739156 0.259994 -0.242933 0.545290 1.550263 0.331496 0.339929 0.009084
data/frame-000670.color.jpg 0.576373 0.725292 0.271794 -0.260524 0.506486 1.571291 0.260582 0.290508 0.007634
data/frame-000671.color.jpg 0.578825 0.721464 0.273937 -0.263457 0.496252 1.574364 0.243019 0.364467 0.007800
data/frame-000672.color.jpg 0.577693 0.721139 0.275091 -0.265622 0.495851 1.574824 0.239670 0.336264 0.007872
data/frame-000673.color.jpg 0.575286 0.723249 0.276297 -0.263852 0.463253 1.579720 0.233206 0.417290 0.007333
data/frame-000674.color.jpg 0.569388 0.725477 0.280889 -0.265671 0.448963 1.589013 0.233211 0.322423 0.007024
data/frame-000675.color.jpg 0.571191 0.722310 0.281968 -0.269262 0.445173 1.590813 0.214905 0.290378 0.005129
data/frame-000676.color.jpg 0.582901 0.704893 0.297901 -0.273143 0.364672 1.608137 0.132254 0.545361 0.004735
data/frame-000677.color.jpg 0.571727 0.703468 0.319647 -0.275839 0.296726 1.613340 0.122382 0.467246 0.006156
data/frame-000678.color.jpg 0.568924 0.703212 0.322719 -0.278697 0.291967 1.613867 0.121859 0.425416 0.006763
data/frame-000679.color.jpg 0.564618 0.701820 0.327500 -0.285305 0.287627 1.615160 0.116521 0.230593 0.004931
data/frame-000680.color.jpg 0.564568 0.699830 0.329645 -0.287811 0.280882 1.616328 0.108331 0.279840 0.003014
data/frame-000681.color.jpg 0.565886 0.694061 0.336472 -0.291271 0.237589 1.621497 0.090599 0.446460 0.006025
data/frame-000682.color.jpg 0.567932 0.689756 0.342852 -0.290073 0.197462 1.623821 0.081026 0.649993 0.007237
data/frame-000683.color.jpg 0.566826 0.690851 0.343360 -0.289027 0.189899 1.624281 0.085788 0.629075 0.007478
data/frame-000684.color.jpg 0.563866 0.681434 0.359570 -0.297340 0.127032 1.619073 0.080593 0.595491 0.008128
data/frame-000685.color.jpg 0.560376 0.676837 0.367555 -0.304589 0.098748 1.612625 0.082773 0.535346 0.005855
data/frame-000686.color.jpg 0.557700 0.676287 0.370063 -0.307668 0.094595 1.612328 0.087874 0.461932 0.006414
data/frame-000687.color.jpg 0.547387 0.673698 0.379534 -0.320081 0.061178 1.602832 0.109671 0.358005 0.005833
data/frame-000688.color.jpg 0.539042 0.662503 0.398843 -0.333838 -0.009216 1.585088 0.127576 0.246458 0.003227
data/frame-000689.color.jpg 0.537757 0.661591 0.400900 -0.335253 -0.015789 1.581451 0.131520 0.319437 0.003542
data/frame-000690.color.jpg 0.534340 0.659267 0.406916 -0.338035 -0.037120 1.573265 0.144908 0.525626 0.006525
data/frame-000691.color.jpg 0.525398 0.654799 0.412854 -0.353195 -0.055274 1.566860 0.156738 0.652790 0.007270
data/frame-000692.color.jpg 0.525569 0.653665 0.415774 -0.351614 -0.073085 1.565188 0.160689 0.841313 0.006434
data/frame-000693.color.jpg 0.521792 0.659061 0.412368 -0.351177 -0.068840 1.560428 0.172678 0.956705 0.011343
data/frame-000694.color.jpg 0.518814 0.661277 0.410805 -0.353249 -0.062180 1.559258 0.177329 0.750935 0.010141
data/frame-000695.color.jpg 0.511673 0.661646 0.412043 -0.361436 -0.077225 1.557155 0.177269 0.941720 0.012549
data/frame-000696.color.jpg 0.509082 0.657583 0.416995 -0.366791 -0.099290 1.555177 0.172658 0.821264 0.008719
data/frame-000697.color.jpg 0.507117 0.657181 0.418055 -0.369019 -0.099631 1.554835 0.173170 0.759137 0.009615
data/frame-000698.color.jpg 0.504159 0.648867 0.437432 -0.365306 -0.193148 1.553678 0.190052 0.611728 0.006376
data/frame-000699.color.jpg 0.502390 0.643102 0.446557 -0.366895 -0.230744 1.547204 0.201271 0.770307 0.008456
data/frame-000700.color.jpg 0.499645 0.642968 0.450356 -0.366233 -0.243311 1.546584 0.213990 0.457020 0.004498
data/frame-000701.color.jpg 0.488274 0.651728 0.452704 -0.363177 -0.254845 1.536075 0.260677 0.701885 0.006249
data/frame-000702.color.jpg 0.486534 0.658314 0.450467 -0.356353 -0.275180 1.520527 0.280106 1.050037 0.012908
data/frame-000703.color.jpg 0.484269 0.659550 0.451686 -0.355607 -0.283998 1.517068 0.291347 0.974847 0.011455
data/frame-000704.color.jpg 0.470966 0.661633 0.467265 -0.349422 -0.367795 1.490523 0.373089 0.483555 0.006501
data/frame-000705.color.jpg 0.470708 0.661423 0.470466 -0.345854 -0.402358 1.476849 0.395898 0.441355 0.004643
data/frame-000706.color.jpg 0.469162 0.662335 0.470863 -0.345669 -0.407464 1.474084 0.405894 0.455498 0.004459
data/frame-000707.color.jpg 0.466135 0.666227 0.471666 -0.341163 -0.467125 1.451912 0.444730 0.491266 0.006846
data/frame-000708.color.jpg 0.463108 0.669802 0.474075 -0.334886 -0.503199 1.435114 0.472034 0.271345 0.005873
data/frame-000709.color.jpg 0.461947 0.671153 0.474853 -0.332676 -0.511051 1.429432 0.481241 0.212388 0.006001
data/frame-000710.color.jpg 0.455369 0.675158 0.477845 -0.329341 -0.573843 1.393472 0.526342 0.915641 0.015148
data/frame-000711.color.jpg 0.447080 0.678590 0.480091 -0.330374 -0.580861 1.376840 0.562063 0.747904 0.011038
data/frame-000712.color.jpg 0.436992 0.681601 0.486480 -0.328322 -0.608946 1.344898 0.608642 1.111712 0.014979
data/frame-000713.color.jpg 0.436351 0.683134 0.487677 -0.324187 -0.626136 1.327349 0.619746 0.950150 0.013633
data/frame-000714.color.jpg 0.435996 0.683181 0.487999 -0.324081 -0.630926 1.325648 0.623169 0.989604 0.013296
data/frame-000715.color.jpg 0.428570 0.690526 0.486479 -0.320687 -0.648545 1.297453 0.650620 0.634550 0.006247
data/frame-000716.color.jpg 0.425870 0.696763 0.486079 -0.311259 -0.672480 1.276743 0.662403 1.018556 0.016145
data/frame-000717.color.jpg 0.427677 0.698095 0.483734 -0.309446 -0.677583 1.272375 0.654799 1.009808 0.014277
data/frame-000718.color.jpg 0.429779 0.707316 0.473364 -0.301529 -0.691451 1.253335 0.632647 0.797503 0.009357
data/frame-000719.color.jpg 0.434770 0.705134 0.470632 -0.303754 -0.695762 1.263660 0.614378 1.005563 0.013109
data/frame-000720.color.jpg 0.429437 0.716544 0.462604 -0.296893 -0.682429 1.261570 0.615948 0.757561 0.011530
data/frame-000721.color.jpg 0.427290 0.720253 0.461440 -0.292799 -0.683024 1.258603 0.619726 0.826290 0.012363
data/frame-000722.color.jpg 0.421317 0.744415 0.436247 -0.279332 -0.642841 1.254157 0.593967 0.399932 0.004625
data/frame-000723.color.jpg 0.415569 0.757448 0.427005 -0.266910 -0.633252 1.240862 0.593288 0.645553 0.012301
data/frame-000724.color.jpg 0.417432 0.762575 0.419717 -0.260898 -0.630588 1.238739 0.575968 0.349783 0.005336
data/frame-000725.color.jpg 0.417168 0.764637 0.414461 -0.263673 -0.616616 1.245268 0.566836 0.087075 0.005322
data/frame-000726.color.jpg 0.420061 0.760163 0.412235 -0.275252 -0.619491 1.229706 0.534475 0.380250 0.005549
data/frame-000727.color.jpg 0.424363 0.754911 0.415356 -0.278398 -0.637137 1.223948 0.521276 0.178108 0.005688
data/frame-000728.color.jpg 0.423857 0.750611 0.426695 -0.273605 -0.679436 1.191394 0.530527 0.635522 0.014302
data/frame-000729.color.jpg 0.420075 0.751745 0.440401 -0.253896 -0.772622 1.107779 0.546646 0.696004 0.015822
data/frame-000730.color.jpg 0.419979 0.751965 0.441516 -0.251456 -0.790948 1.094481 0.545665 0.250823 0.007604
data/frame-000731.color.jpg 0.420364 0.752187 0.442626 -0.248176 -0.812008 1.076704 0.544278 0.233319 0.005657
data/frame-000732.color.jpg 0.418986 0.753157 0.444962 -0.243340 -0.833655 1.060118 0.547829 0.395991 0.007193
data/frame-000733.color.jpg 0.415360 0.755261 0.447095 -0.239088 -0.857648 1.039017 0.556905 0.266710 0.004099
data/frame-000734.color.jpg 0.412006 0.756501 0.448083 -0.239124 -0.867202 1.028979 0.566336 0.240682 0.003731
data/frame-000735.color.jpg 0.405902 0.760921 0.451358 -0.229169 -0.899441 0.986372 0.575651 0.415303 0.010534
data/frame-000736.color.jpg 0.400659 0.764468 0.453051 -0.223171 -0.913631 0.963198 0.583862 0.498741 0.014857
data/frame-000737.color.jpg 0.399758 0.765470 0.453071 -0.221303 -0.917394 0.956869 0.583509 0.553577 0.017094
data/frame-000738.color.jpg 0.395765 0.772996 0.447138 -0.214275 -0.916651 0.958602 0.580857 0.296955 0.005473
data/frame-000739.color.jpg 0.395491 0.777287 0.441760 -0.210380 -0.922233 0.964437 0.571004 0.260720 0.006212
data/frame-000740.color.jpg 0.393716 0.783282 0.434175 -0.207240 -0.922951 0.981197 0.564472 0.682457 0.012367
data/frame-000741.color.jpg 0.395869 0.791476 0.420452 -0.200184 -0.920771 1.002089 0.537950 0.833550 0.013768
data/frame-000742.color.jpg 0.401783 0.798105 0.403964 -0.195988 -0.912795 1.023989 0.499502 0.969764 0.015718
data/frame-000743.color.jpg 0.416281 0.798384 0.389053 -0.194761 -0.906792 1.056352 0.449654 0.579295 0.009423
data/frame-000744.color.jpg 0.427254 0.796842 0.380522 -0.194165 -0.905868 1.081204 0.416715 0.866599 0.014994
data/frame-000745.color.jpg 0.451869 0.788363 0.370060 -0.193273 -0.920488 1.104839 0.346354 0.710584 0.012518
data/frame-000746.color.jpg 0.465128 0.784672 0.362593 -0.190974 -0.915052 1.125823 0.308796 1.048826 0.016061
data/frame-000747.color.jpg 0.488093 0.771993 0.353510 -0.202047 -0.921212 1.160952 0.251179 0.759555 0.010921
data/frame-000748.color.jpg 0.506051 0.755896 0.352108 -0.220351 -0.924935 1.203449 0.223443 0.899534 0.016331
data/frame-000749.color.jpg 0.507255 0.753680 0.351474 -0.226108 -0.917884 1.210567 0.224005 0.827704 0.016061
data/frame-000750.color.jpg 0.512002 0.745012 0.354017 -0.239757 -0.908378 1.234547 0.227921 1.213479 0.024407
data/frame-000751.color.jpg 0.521546 0.731115 0.353326 -0.261958 -0.890309 1.265103 0.217317 0.934155 0.019647
data/frame-000752.color.jpg 0.528505 0.722681 0.354071 -0.270275 -0.891183 1.277427 0.207541 0.580336 0.013834
data/frame-000753.color.jpg 0.538202 0.710069 0.350147 -0.289030 -0.879073 1.314225 0.190841 0.227839 0.007397
data/frame-000754.color.jpg 0.537581 0.707414 0.354646 -0.291202 -0.884863 1.324920 0.206460 0.300079 0.008760
data/frame-000755.color.jpg 0.541522 0.702774 0.355867 -0.293636 -0.889271 1.330574 0.200687 0.220266 0.007232
data/frame-000756.color.jpg 0.547283 0.696920 0.354780 -0.298185 -0.891089 1.341868 0.185865 0.111225 0.004457
data/frame-000757.color.jpg 0.548813 0.695791 0.353802 -0.299170 -0.890087 1.346671 0.180805 0.165067 0.004806
data/frame-000758.color.jpg 0.555306 0.690489 0.350441 -0.303399 -0.887824 1.363210 0.158739 0.100666 0.004978
data/frame-000759.color.jpg 0.560138 0.686535 0.350254 -0.303706 -0.892664 1.372665 0.146111 0.133417 0.005853
data/frame-000760.color.jpg 0.562714 0.683940 0.351487 -0.303375 -0.897957 1.372987 0.141029 0.200500 0.007678
data/frame-000761.color.jpg 0.562941 0.681137 0.353506 -0.306892 -0.899074 1.377384 0.144830 0.244295 0.006569
data/frame-000762.color.jpg 0.564322 0.677273 0.355862 -0.310169 -0.900706 1.382773 0.146145 0.204289 0.007839
data/frame-000763.color.jpg 0.568395 0.669380 0.357613 -0.317759 -0.900615 1.393762 0.137829 0.211896 0.007084
data/frame-000764.color.jpg 0.571254 0.664210 0.356684 -0.324454 -0.895918 1.400032 0.126400 0.292625 0.007758
data/frame-000765.color.jpg 0.574983 0.659078 0.356628 -0.328370 -0.894695 1.410673 0.115166 0.215149 0.006865
data/frame-000766.color.jpg 0.577964 0.653099 0.357871 -0.333689 -0.896045 1.421992 0.105797 0.188943 0.004968
data/frame-000767.color.jpg 0.577327 0.649880 0.360003 -0.338744 -0.891659 1.434748 0.109188 0.163364 0.005486
data/frame-000768.color.jpg 0.578672 0.648113 0.360681 -0.339111 -0.892986 1.434858 0.105531 0.370410 0.006981
data/frame-000769.color.jpg 0.583555 0.636930 0.359599 -0.352805 -0.878836 1.447908 0.082522 0.345832 0.001906
data/frame-000770.color.jpg 0.585499 0.633477 0.360339 -0.355040 -0.879199 1.456528 0.075880 0.279438 0.002772
data/frame-000771.color.jpg 0.589401 0.628153 0.360140 -0.358231 -0.883220 1.460508 0.060255 0.350642 0.005440
data/frame-000772.color.jpg 0.596272 0.620591 0.361404 -0.358766 -0.889844 1.454647 0.036967 0.293206 0.001289
data/frame-000773.color.jpg 0.602727 0.613053 0.361931 -0.360406 -0.898014 1.455515 0.013687 0.376920 0.002517
data/frame-000774.color.jpg 0.606125 0.606820 0.362506 -0.364652 -0.895870 1.467528 0.000434 0.513931 0.012539
data/frame-000775.color.jpg 0.610401 0.596885 0.358743 -0.377415 -0.881331 1.484171 -0.026426 0.271086 0.009946
data/frame-000776.color.jpg 0.613417 0.593083 0.357571 -0.379625 -0.882232 1.482447 -0.039692 0.283135 0.006843
data/frame-000777.color.jpg 0.618428 0.586307 0.354853 -0.384538 -0.884264 1.490373 -0.063566 0.446382 0.006936
data/frame-000778.color.jpg 0.633736 0.574075 0.344851 -0.387163 -0.894001 1.493764 -0.134033 0.213117 0.004606
data/frame-000779.color.jpg 0.640749 0.568762 0.340706 -0.387130 -0.905063 1.494788 -0.163964 0.342769 0.005869
data/frame-000780.color.jpg 0.649910 0.563402 0.336309 -0.383526 -0.915536 1.493353 -0.199475 0.185432 0.009322
data/frame-000781.color.jpg 0.652081 0.561113 0.336857 -0.382714 -0.924079 1.489140 -0.204895 0.353052 0.009438
data/frame-000782.color.jpg 0.656362 0.559501 0.333464 -0.380722 -0.925632 1.489414 -0.224854 0.433386 0.010597
data/frame-000783.color.jpg 0.665287 0.552026 0.325417 -0.383099 -0.931156 1.492002 -0.270387 0.373578 0.012476
data/frame-000784.color.jpg 0.671047 0.546828 0.323586 -0.382056 -0.944133 1.477190 -0.294900 0.213447 0.005784
data/frame-000785.color.jpg 0.676287 0.543198 0.321072 -0.380111 -0.947606 1.472944 -0.316777 0.292489 0.009994
data/frame-000786.color.jpg 0.680303 0.540398 0.316952 -0.380393 -0.948285 1.468348 -0.339716 0.260177 0.007038
data/frame-000787.color.jpg 0.680343 0.540080 0.316033 -0.381536 -0.947247 1.471668 -0.343051 0.194715 0.005750
data/frame-000788.color.jpg 0.681366 0.539314 0.314648 -0.381939 -0.944029 1.472663 -0.349748 0.286991 0.010366
data/frame-000789.color.jpg 0.685184 0.535246 0.309311 -0.385176 -0.938375 1.473391 -0.380402 0.284741 0.006718
data/frame-000790.color.jpg 0.689208 0.529108 0.305217 -0.389717 -0.933904 1.479613 -0.404550 0.114962 0.007205
data/frame-000791.color.jpg 0.693916 0.519741 0.301656 -0.396679 -0.934731 1.473975 -0.433025 0.376832 0.003373
data/frame-000792.color.jpg 0.696800 0.515830 0.298354 -0.399216 -0.932900 1.473907 -0.451590 0.322910 0.001415
data/frame-000793.color.jpg 0.696737 0.515432 0.298535 -0.399706 -0.932072 1.477511 -0.450867 0.370220 0.003023
data/frame-000794.color.jpg 0.699230 0.511256 0.295359 -0.403061 -0.930900 1.473912 -0.470028 0.382820 0.002666
data/frame-000795.color.jpg 0.705766 0.506832 0.286279 -0.403806 -0.921246 1.469526 -0.514015 0.423630 0.007735
data/frame-000796.color.jpg 0.708661 0.503098 0.282669 -0.405943 -0.920875 1.469003 -0.536045 0.578529 0.007303
data/frame-000797.color.jpg 0.711118 0.501579 0.275081 -0.408731 -0.904588 1.475718 -0.564830 0.299861 0.006423
data/frame-000798.color.jpg 0.711311 0.500692 0.273717 -0.410395 -0.902094 1.476865 -0.569868 0.340666 0.006538
data/frame-000799.color.jpg 0.713188 0.498302 0.272598 -0.410790 -0.907196 1.477653 -0.580994 0.280182 0.003581
data/frame-000800.color.jpg 0.719311 0.492517 0.266530 -0.411072 -0.909166 1.472483 -0.619227 0.430279 0.002878
data/frame-000801.color.jpg 0.722487 0.488422 0.254862 -0.417735 -0.874593 1.468264 -0.659439 0.524994 0.015849
data/frame-000802.color.jpg 0.723831 0.487171 0.250770 -0.419342 -0.866560 1.469363 -0.674643 0.535807 0.015742
data/frame-000803.color.jpg 0.724206 0.485689 0.250353 -0.420660 -0.868824 1.466884 -0.678564 0.642993 0.016047
data/frame-000804.color.jpg 0.723784 0.485514 0.249195 -0.422273 -0.862266 1.469458 -0.679386 0.497609 0.016299
data/frame-000805.color.jpg 0.724273 0.488649 0.251030 -0.416695 -0.873207 1.472998 -0.673679 0.469640 0.011343
data/frame-000806.color.jpg 0.726091 0.486386 0.246831 -0.418683 -0.862283 1.463809 -0.690023 0.641250 0.018059
