frame-000010.color.jpg 0.396936 0.742113 -0.487716 0.232041 3.412627 1.340543 0.436446 0.857057 0.030379
frame-000011.color.jpg 0.400388 0.742307 -0.484696 0.231817 3.420067 1.357398 0.407702 1.007706 0.037593
frame-000012.color.jpg 0.405846 0.747132 -0.472763 0.231470 3.381510 1.431714 0.337476 0.967829 0.027065
frame-000013.color.jpg 0.406456 0.747025 -0.472614 0.231047 3.393208 1.436746 0.334938 1.074887 0.037875
frame-000014.color.jpg 0.412188 0.747472 -0.465808 0.233257 3.364332 1.477366 0.289684 0.783383 0.029057
frame-000015.color.jpg 0.416038 0.745724 -0.464374 0.234872 3.358190 1.486295 0.272929 0.799201 0.029639
frame-000016.color.jpg 0.415951 0.743409 -0.465237 0.240585 3.343561 1.504758 0.297053 1.087352 0.030679
frame-000017.color.jpg 0.420535 0.739066 -0.467092 0.242398 3.338137 1.489433 0.283772 0.858374 0.023858
frame-000018.color.jpg 0.417037 0.736994 -0.471529 0.246130 3.350613 1.483684 0.323134 0.984501 0.035676
frame-000019.color.jpg 0.419029 0.738922 -0.467656 0.244350 3.328023 1.513877 0.285733 0.774294 0.026625
frame-000020.color.jpg 0.417698 0.741103 -0.464642 0.245768 3.305936 1.551989 0.276876 0.838164 0.021603
frame-000021.color.jpg 0.415703 0.740614 -0.466392 0.247307 3.312046 1.550016 0.295021 0.804947 0.026536
frame-000022.color.jpg 0.413537 0.742076 -0.466873 0.245642 3.309677 1.568410 0.286284 0.716145 0.026012
frame-000023.color.jpg 0.415732 0.743267 -0.470366 0.231251 3.296068 1.559771 0.170857 0.561184 0.020506
frame-000024.color.jpg 0.410546 0.740634 -0.479190 0.230846 3.313171 1.541147 0.199827 0.499796 0.017284
frame-000025.color.jpg 0.411035 0.741115 -0.478829 0.229177 3.306635 1.547585 0.182466 0.795805 0.026400
frame-000026.color.jpg 0.414486 0.737792 -0.482046 0.226929 3.323372 1.535907 0.145614 0.690050 0.024844
frame-000027.color.jpg 0.423310 0.735249 -0.474228 0.235213 3.311198 1.648227 0.028829 0.581108 0.019416
frame-000028.color.jpg 0.426414 0.734965 -0.471979 0.235019 3.308739 1.661143 -0.010326 0.527049 0.017536
frame-000029.color.jpg 0.428010 0.734682 -0.472726 0.231471 3.315184 1.670686 -0.068302 0.464258 0.014326
frame-000030.color.jpg 0.430155 0.735869 -0.474002 0.220874 3.321900 1.657284 -0.134620 0.541086 0.016559
frame-000031.color.jpg 0.430492 0.736286 -0.473969 0.218889 3.320520 1.662554 -0.150244 0.441952 0.015830
frame-000032.color.jpg 0.440425 0.731019 -0.475055 0.214383 3.324741 1.641103 -0.252515 0.306464 0.011530
frame-000033.color.jpg 0.455913 0.745052 -0.434829 0.219009 3.089885 1.926239 -0.554351 0.295099 0.012193
frame-000034.color.jpg 0.459385 0.747660 -0.424135 0.223783 3.017996 2.000607 -0.620597 0.425677 0.017072
frame-000035.color.jpg 0.465542 0.749727 -0.415589 0.220149 2.967340 2.029552 -0.710472 0.462405 0.018020
frame-000036.color.jpg 0.466473 0.754942 -0.404346 0.221292 2.887981 2.114172 -0.780624 0.490723 0.019003
frame-000037.color.jpg 0.470718 0.753772 -0.403776 0.217295 2.874907 2.110494 -0.842850 0.520423 0.019589
frame-000038.color.jpg 0.468046 0.753538 -0.408651 0.214749 2.873497 2.127029 -0.854529 0.552840 0.021433
frame-000039.color.jpg 0.465825 0.745453 -0.420761 0.224201 2.932179 2.102108 -0.809667 0.558508 0.016570
frame-000040.color.jpg 0.467415 0.736951 -0.430592 0.230254 2.983443 2.059380 -0.793268 0.630404 0.014561
frame-000041.color.jpg 0.466214 0.733278 -0.436543 0.233192 3.015817 2.062172 -0.784343 0.435320 0.014858
frame-000042.color.jpg 0.467110 0.731331 -0.438020 0.234738 3.026298 2.054861 -0.788010 0.492101 0.014070
frame-000043.color.jpg 0.461775 0.728023 -0.444566 0.243119 3.049239 2.083183 -0.750899 0.353892 0.010371
frame-000044.color.jpg 0.463574 0.723676 -0.450302 0.242116 3.092673 2.083860 -0.798872 0.410112 0.016044
frame-000045.color.jpg 0.470786 0.717621 -0.452091 0.242889 3.113402 2.055930 -0.858478 0.393127 0.013636
frame-000046.color.jpg 0.475833 0.713425 -0.451873 0.245800 3.123462 2.047399 -0.892502 0.470784 0.015145
frame-000047.color.jpg 0.481330 0.709177 -0.450553 0.249782 3.125458 2.032388 -0.925973 0.375513 0.011965
frame-000048.color.jpg 0.483227 0.705994 -0.451230 0.253882 3.129342 2.023582 -0.927351 0.489987 0.014847
frame-000049.color.jpg 0.485110 0.702900 -0.451631 0.258126 3.133282 2.015232 -0.925988 0.472314 0.014722
frame-000050.color.jpg 0.486254 0.702697 -0.450625 0.258284 3.125543 2.015935 -0.936038 0.570558 0.017299
frame-000051.color.jpg 0.488692 0.698741 -0.453922 0.258643 3.133010 1.986137 -0.934405 0.536668 0.017797
frame-000052.color.jpg 0.490302 0.692864 -0.459615 0.261337 3.148526 1.936775 -0.911927 0.568395 0.019498
frame-000053.color.jpg 0.481789 0.686163 -0.477189 0.263345 3.182720 1.864297 -0.782269 0.650595 0.019011
frame-000054.color.jpg 0.477500 0.684078 -0.483704 0.264690 3.180804 1.839568 -0.719224 0.658011 0.018135
frame-000055.color.jpg 0.469623 0.686156 -0.488770 0.264099 3.163406 1.841983 -0.645240 0.591169 0.016566
frame-000056.color.jpg 0.468892 0.686445 -0.488586 0.264986 3.154132 1.842869 -0.636445 0.466849 0.014924
frame-000057.color.jpg 0.462515 0.689158 -0.489077 0.268225 3.117212 1.857909 -0.581150 0.292941 0.008610
frame-000058.color.jpg 0.437792 0.695679 -0.503056 0.267029 3.050395 1.843941 -0.369856 0.232193 0.005847
frame-000059.color.jpg 0.433857 0.693090 -0.509062 0.268794 3.034525 1.809156 -0.311634 0.162809 0.004656
frame-000060.color.jpg 0.430681 0.694344 -0.509608 0.269627 3.017255 1.815950 -0.287673 0.418934 0.009356
frame-000061.color.jpg 0.427743 0.692786 -0.514698 0.268645 3.008502 1.778123 -0.248167 0.326591 0.007648
frame-000062.color.jpg 0.420443 0.690460 -0.524776 0.266652 3.004533 1.718382 -0.167119 0.203623 0.005681
frame-000063.color.jpg 0.414597 0.686835 -0.531300 0.272191 3.007003 1.686961 -0.093053 0.269928 0.003684
frame-000064.color.jpg 0.405096 0.690175 -0.534489 0.271804 2.988025 1.691209 -0.029913 0.281291 0.007125
frame-000065.color.jpg 0.393645 0.689804 -0.543817 0.271066 2.996943 1.653565 0.067929 0.257089 0.003387
frame-000066.color.jpg 0.390312 0.690546 -0.548603 0.264270 3.008978 1.618469 0.092261 0.294517 0.000613
frame-000067.color.jpg 0.386009 0.688457 -0.554880 0.262931 3.018891 1.562615 0.152471 0.274710 0.003879
frame-000068.color.jpg 0.384723 0.688355 -0.556060 0.262589 3.022839 1.555268 0.165516 0.241555 0.002181
frame-000069.color.jpg 0.382108 0.682220 -0.566970 0.259064 3.042694 1.420412 0.263070 0.429504 0.008731
frame-000070.color.jpg 0.375798 0.681264 -0.571972 0.259812 3.039748 1.383977 0.334416 0.280468 0.005245
frame-000071.color.jpg 0.364425 0.680437 -0.580426 0.259433 3.025415 1.316142 0.444183 0.373286 0.008944
frame-000072.color.jpg 0.361960 0.679582 -0.582030 0.261523 3.028319 1.308189 0.469790 0.225134 0.005552
frame-000073.color.jpg 0.359607 0.677823 -0.585858 0.260786 3.023905 1.270986 0.498782 0.251373 0.006630
frame-000074.color.jpg 0.359692 0.679636 -0.586412 0.254632 3.022871 1.245184 0.487410 0.566496 0.014451
frame-000075.color.jpg 0.359936 0.679078 -0.587493 0.253281 3.028750 1.230166 0.487824 0.424756 0.009083
frame-000076.color.jpg 0.355868 0.680726 -0.588514 0.252233 3.009011 1.213073 0.517480 0.544810 0.013482
frame-000077.color.jpg 0.356238 0.681194 -0.589582 0.247918 3.000458 1.181364 0.520427 0.524723 0.011899
frame-000078.color.jpg 0.358715 0.686357 -0.584377 0.242365 2.971254 1.173284 0.506523 0.275720 0.004918
frame-000079.color.jpg 0.357712 0.688119 -0.583264 0.241533 2.960375 1.175271 0.510709 0.270995 0.006899
frame-000080.color.jpg 0.355080 0.693467 -0.580261 0.237316 2.931354 1.169755 0.528512 0.215123 0.005193
frame-000081.color.jpg 0.351026 0.697153 -0.577964 0.238150 2.892707 1.149657 0.576281 0.191703 0.004171
frame-000082.color.jpg 0.349641 0.698041 -0.577915 0.237705 2.887064 1.145460 0.584734 0.143511 0.003694
frame-000083.color.jpg 0.345224 0.699942 -0.579919 0.233658 2.878537 1.105828 0.613708 0.209897 0.004348
frame-000084.color.jpg 0.341277 0.701748 -0.583899 0.223923 2.872853 1.030058 0.634256 0.197797 0.004759
frame-000085.color.jpg 0.339396 0.703103 -0.585473 0.218352 2.870194 0.988037 0.643540 0.258534 0.006141
frame-000086.color.jpg 0.337081 0.704091 -0.585987 0.217375 2.864484 0.975268 0.656378 0.245833 0.007465
frame-000087.color.jpg 0.330959 0.704544 -0.589181 0.216678 2.859330 0.947583 0.696955 0.271349 0.006416
frame-000088.color.jpg 0.325360 0.694823 -0.603690 0.216610 2.871016 0.826169 0.775817 0.353059 0.007953
frame-000089.color.jpg 0.316704 0.691438 -0.611743 0.217676 2.868828 0.769349 0.847487 0.150253 0.004492
frame-000090.color.jpg 0.313234 0.681129 -0.625936 0.214830 2.889140 0.650574 0.901915 0.188287 0.004602
frame-000091.color.jpg 0.311839 0.676721 -0.632427 0.211756 2.897735 0.593670 0.921813 0.292137 0.001992
frame-000092.color.jpg 0.306765 0.672455 -0.639323 0.212050 2.893875 0.534650 0.970443 0.078697 0.004880
frame-000093.color.jpg 0.302755 0.660975 -0.653306 0.211290 2.893830 0.417974 1.036209 0.099789 0.004442
frame-000094.color.jpg 0.288166 0.634299 -0.680765 0.226239 2.830230 0.235788 1.244522 0.271135 0.004672
frame-000095.color.jpg 0.278640 0.611818 -0.701300 0.237101 2.759056 0.103995 1.390959 0.346034 0.006283
frame-000096.color.jpg 0.277514 0.591201 -0.717141 0.243260 2.706836 -0.005606 1.473207 0.339409 0.006272
frame-000097.color.jpg 0.277924 0.576806 -0.727308 0.247135 2.672679 -0.074320 1.519552 0.242742 0.003397
frame-000098.color.jpg 0.278514 0.561951 -0.735698 0.255715 2.626154 -0.115896 1.577689 0.270367 0.004090
frame-000099.color.jpg 0.272919 0.546775 -0.745501 0.266047 2.557439 -0.156522 1.663191 0.122995 0.002280
frame-000100.color.jpg 0.270268 0.540882 -0.748944 0.271080 2.525717 -0.166865 1.701373 0.254476 0.002256
frame-000101.color.jpg 0.267146 0.527333 -0.757207 0.277833 2.468066 -0.207147 1.759555 0.216564 0.003322
frame-000102.color.jpg 0.261282 0.514652 -0.765994 0.283050 2.403615 -0.248015 1.819869 0.259130 0.002229
frame-000103.color.jpg 0.258957 0.505237 -0.772400 0.284736 2.364421 -0.284490 1.849040 0.306621 0.004116
frame-000104.color.jpg 0.254233 0.493562 -0.780484 0.287414 2.312302 -0.322622 1.889552 0.216930 0.002362
frame-000105.color.jpg 0.246768 0.478916 -0.788784 0.295915 2.232955 -0.334814 1.950020 0.198873 0.004363
frame-000106.color.jpg 0.244686 0.474005 -0.791357 0.298667 2.205580 -0.330845 1.965279 0.109065 0.002726
frame-000107.color.jpg 0.240478 0.461219 -0.796468 0.308361 2.126453 -0.304644 2.000393 0.230922 0.005784
frame-000108.color.jpg 0.239097 0.448897 -0.802000 0.313241 2.074508 -0.304761 2.014693 0.099258 0.003737
frame-000109.color.jpg 0.238522 0.446191 -0.802987 0.315012 2.051124 -0.294850 2.013430 0.035584 0.002978
frame-000110.color.jpg 0.237927 0.444453 -0.802862 0.318220 2.024702 -0.265028 2.005951 0.103924 0.004221
frame-000111.color.jpg 0.241316 0.440232 -0.802608 0.322154 2.011168 -0.246196 1.992405 0.172200 0.005679
frame-000112.color.jpg 0.244880 0.439203 -0.803161 0.319480 2.010565 -0.244514 1.959172 0.154897 0.005050
frame-000113.color.jpg 0.245442 0.443245 -0.801906 0.316604 2.015831 -0.234563 1.932149 0.099850 0.003848
frame-000114.color.jpg 0.247689 0.444875 -0.801299 0.314097 2.016079 -0.221046 1.900778 0.174589 0.002694
frame-000115.color.jpg 0.257287 0.442916 -0.800697 0.310666 2.030560 -0.200039 1.842942 0.242829 0.004257
frame-000116.color.jpg 0.266057 0.444922 -0.795423 0.313944 2.053337 -0.150220 1.801337 0.442199 0.007986
frame-000117.color.jpg 0.277558 0.455223 -0.785155 0.315063 2.096645 -0.071393 1.719937 0.219011 0.003235
frame-000118.color.jpg 0.285637 0.467592 -0.776053 0.312267 2.120389 -0.001154 1.641441 0.266876 0.006901
frame-000119.color.jpg 0.289666 0.486305 -0.763748 0.310305 2.141673 0.088902 1.573081 0.497895 0.011688
frame-000120.color.jpg 0.289091 0.504357 -0.753197 0.307806 2.145978 0.162766 1.522467 0.338162 0.009319
frame-000121.color.jpg 0.292067 0.527600 -0.740044 0.297776 2.153405 0.245683 1.424227 0.275564 0.007591
frame-000122.color.jpg 0.297230 0.541240 -0.728348 0.297023 2.156211 0.330872 1.359992 0.247740 0.005158
frame-000123.color.jpg 0.320478 0.573011 -0.692885 0.298098 2.187450 0.557045 1.181643 0.317663 0.011047
frame-000124.color.jpg 0.334094 0.585025 -0.675790 0.299056 2.192586 0.647652 1.090625 0.226767 0.008677
frame-000125.color.jpg 0.342721 0.594274 -0.662341 0.301140 2.184992 0.719578 1.026881 0.271326 0.008815
frame-000126.color.jpg 0.349901 0.606445 -0.645694 0.304750 2.166588 0.814129 0.963217 0.447977 0.012242
frame-000127.color.jpg 0.362677 0.622605 -0.623382 0.303683 2.144049 0.920611 0.855469 0.326237 0.007695
frame-000128.color.jpg 0.366143 0.626613 -0.618050 0.302173 2.125966 0.951659 0.825503 0.562674 0.013109
frame-000129.color.jpg 0.371158 0.626112 -0.616068 0.301141 2.121970 0.966141 0.799964 0.444768 0.011825
frame-000130.color.jpg 0.379104 0.620802 -0.616334 0.301691 2.111915 0.968577 0.775683 0.318771 0.010359
frame-000131.color.jpg 0.376312 0.614359 -0.620109 0.310511 2.080190 0.978989 0.809370 0.749011 0.020273
frame-000132.color.jpg 0.371056 0.613615 -0.623245 0.312025 2.062475 0.975721 0.835104 0.628635 0.017035
frame-000133.color.jpg 0.365253 0.610177 -0.630033 0.311982 2.039855 0.967762 0.863074 0.999814 0.027964
frame-000134.color.jpg 0.356777 0.604951 -0.638091 0.315570 2.018197 0.959920 0.905840 0.771464 0.022793
frame-000135.color.jpg 0.341999 0.588688 -0.656365 0.325067 1.972636 0.952584 0.963262 1.020499 0.029311
frame-000136.color.jpg 0.336923 0.569651 -0.666209 0.343725 1.926889 0.992758 0.974292 0.496895 0.014447
frame-000137.color.jpg 0.336752 0.566525 -0.668568 0.344478 1.926953 1.003625 0.964689 0.445264 0.012626
frame-000138.color.jpg 0.337150 0.564968 -0.668811 0.346169 1.923080 1.017124 0.952653 0.401700 0.011197
frame-000139.color.jpg 0.334921 0.561281 -0.671998 0.348151 1.918514 1.023212 0.954355 0.398703 0.011986
frame-000140.color.jpg 0.333390 0.554250 -0.678629 0.348025 1.917982 1.012466 0.955427 0.329081 0.010431
frame-000141.color.jpg 0.332969 0.547802 -0.683132 0.349822 1.914859 1.002723 0.956815 0.398647 0.012015
frame-000142.color.jpg 0.328155 0.544282 -0.687647 0.351018 1.904119 1.005180 0.973022 0.502573 0.014767
frame-000143.color.jpg 0.320569 0.540406 -0.693815 0.351877 1.882898 1.001497 0.999516 0.443709 0.013267
frame-000144.color.jpg 0.313323 0.538228 -0.698463 0.352546 1.862773 1.003013 1.023494 0.482706 0.013972
frame-000145.color.jpg 0.302564 0.534240 -0.705702 0.353592 1.832220 1.001266 1.065586 0.333419 0.013308
frame-000146.color.jpg 0.285506 0.526668 -0.717230 0.355933 1.793035 0.990050 1.141240 0.347987 0.013370
frame-000147.color.jpg 0.278102 0.514137 -0.727873 0.358502 1.769337 0.972522 1.183570 0.319903 0.011039
frame-000148.color.jpg 0.269851 0.493684 -0.740332 0.367919 1.722400 0.953501 1.236537 0.325631 0.012618
frame-000149.color.jpg 0.260594 0.482087 -0.748046 0.374312 1.690962 0.944737 1.281701 0.466610 0.020784
frame-000150.color.jpg 0.249141 0.461509 -0.759823 0.384196 1.641635 0.919347 1.346011 1.079370 0.038011
frame-000151.color.jpg 0.244298 0.450671 -0.765331 0.389209 1.614335 0.902798 1.372796 0.921882 0.033621
frame-000152.color.jpg 0.234170 0.431625 -0.776420 0.395014 1.568279 0.866270 1.429812 0.594816 0.023334
frame-000153.color.jpg 0.229014 0.422016 -0.781783 0.397832 1.542135 0.846070 1.459849 0.575369 0.022276
frame-000154.color.jpg 0.224812 0.410872 -0.787094 0.401406 1.510077 0.828325 1.486658 0.542757 0.021804
frame-000155.color.jpg 0.220725 0.398630 -0.792004 0.406330 1.482716 0.810378 1.516718 0.358844 0.015947
frame-000156.color.jpg 0.219023 0.391388 -0.795305 0.407842 1.466499 0.793161 1.535776 0.339888 0.015082
frame-000157.color.jpg 0.219070 0.384729 -0.797919 0.409045 1.451543 0.773279 1.550084 0.269608 0.011518
frame-000158.color.jpg 0.215964 0.379753 -0.801757 0.407839 1.430827 0.742074 1.575925 0.170028 0.009185
frame-000159.color.jpg 0.221416 0.377810 -0.803630 0.403005 1.441881 0.711557 1.572201 0.198771 0.009259
frame-000160.color.jpg 0.224829 0.379589 -0.803842 0.399001 1.444180 0.684322 1.577533 0.075917 0.003904
frame-000161.color.jpg 0.225478 0.389293 -0.800559 0.395873 1.428835 0.678781 1.588743 0.094501 0.003281
frame-000162.color.jpg 0.223693 0.398213 -0.796391 0.396420 1.410763 0.685439 1.603944 0.122015 0.004814
frame-000163.color.jpg 0.225402 0.404558 -0.792838 0.396149 1.407019 0.688577 1.609220 0.223692 0.007483
frame-000164.color.jpg 0.233624 0.416405 -0.784669 0.395374 1.410030 0.684378 1.615196 0.177352 0.007235
frame-000165.color.jpg 0.236141 0.417268 -0.783908 0.394479 1.405358 0.663227 1.632470 0.255913 0.010068
frame-000166.color.jpg 0.233681 0.413803 -0.787353 0.392727 1.392092 0.628345 1.664500 0.352393 0.011122
frame-000167.color.jpg 0.233746 0.408857 -0.790255 0.392042 1.384359 0.595754 1.695971 0.414224 0.016166
frame-000168.color.jpg 0.232406 0.402334 -0.793356 0.393320 1.368573 0.563758 1.734963 0.323509 0.013918
frame-000169.color.jpg 0.231922 0.393895 -0.796870 0.395041 1.359085 0.526361 1.783609 0.290429 0.013941
frame-000170.color.jpg 0.231663 0.385539 -0.799204 0.398705 1.352434 0.504212 1.824047 0.423752 0.020287
frame-000171.color.jpg 0.230587 0.384242 -0.799327 0.400329 1.344897 0.488866 1.855255 0.314839 0.015888
frame-000172.color.jpg 0.228102 0.381247 -0.801314 0.400646 1.339867 0.466168 1.882403 0.457468 0.020732
frame-000173.color.jpg 0.221835 0.378255 -0.803702 0.402214 1.313811 0.427212 1.939222 0.483238 0.019879
frame-000174.color.jpg 0.219568 0.376743 -0.805126 0.402027 1.302085 0.400192 1.973105 0.468428 0.019679
frame-000175.color.jpg 0.210805 0.372605 -0.808992 0.402814 1.259769 0.357006 2.034343 0.433365 0.018598
frame-000176.color.jpg 0.206186 0.367547 -0.812487 0.402818 1.233387 0.320088 2.075185 0.471696 0.020630
frame-000177.color.jpg 0.206012 0.356506 -0.819310 0.398990 1.212106 0.259932 2.117153 0.583477 0.024403
frame-000178.color.jpg 0.205988 0.352464 -0.820540 0.400064 1.195585 0.239145 2.143400 0.544673 0.021372
frame-000179.color.jpg 0.205931 0.348553 -0.820205 0.404188 1.180564 0.240608 2.172289 0.575443 0.022416
frame-000180.color.jpg 0.207919 0.349644 -0.816412 0.409866 1.173207 0.260740 2.190501 0.532199 0.021499
frame-000181.color.jpg 0.209113 0.351028 -0.814151 0.412564 1.168394 0.252877 2.217362 0.624135 0.024700
frame-000182.color.jpg 0.211525 0.353499 -0.813981 0.409549 1.166553 0.217145 2.230551 0.458407 0.018668
frame-000183.color.jpg 0.212518 0.366336 -0.815407 0.394647 1.179472 0.131551 2.239712 0.330988 0.015503
frame-000184.color.jpg 0.209061 0.375050 -0.811700 0.395947 1.162054 0.122060 2.264783 0.347348 0.014458
frame-000185.color.jpg 0.204616 0.381119 -0.809838 0.396286 1.141882 0.110857 2.286950 0.287834 0.013724
frame-000186.color.jpg 0.207274 0.383422 -0.808877 0.394643 1.144379 0.083485 2.302173 0.427021 0.016569
frame-000187.color.jpg 0.210830 0.385049 -0.808598 0.391736 1.154265 0.047947 2.313268 0.436559 0.016763
frame-000188.color.jpg 0.212534 0.386481 -0.807790 0.391071 1.160967 0.041288 2.313225 0.357232 0.015551
frame-000189.color.jpg 0.210196 0.391654 -0.808224 0.386262 1.169348 -0.002518 2.323113 0.467023 0.017676
frame-000190.color.jpg 0.212908 0.395258 -0.811705 0.373598 1.195949 -0.111211 2.339120 0.485330 0.014955
frame-000191.color.jpg 0.211991 0.394417 -0.812570 0.373127 1.187381 -0.122755 2.343559 0.357553 0.011079
frame-000192.color.jpg 0.209280 0.384709 -0.817742 0.373496 1.145523 -0.168067 2.371446 0.495500 0.015388
frame-000193.color.jpg 0.199135 0.365848 -0.830061 0.370807 1.044084 -0.272668 2.412320 0.413764 0.012689
frame-000194.color.jpg 0.198014 0.358606 -0.836876 0.363085 1.018409 -0.346642 2.411332 0.472306 0.013459
frame-000195.color.jpg 0.193536 0.350057 -0.844191 0.356854 0.976067 -0.427504 2.418997 0.400470 0.011423
frame-000196.color.jpg 0.189549 0.343247 -0.849130 0.353880 0.941691 -0.478229 2.429807 0.447347 0.012918
frame-000197.color.jpg 0.173214 0.338666 -0.854784 0.353052 0.857731 -0.548391 2.453124 0.199184 0.008163
frame-000198.color.jpg 0.168083 0.337946 -0.856268 0.352627 0.829701 -0.560400 2.457507 0.293501 0.008951
frame-000199.color.jpg 0.155731 0.323539 -0.864264 0.352305 0.702486 -0.624191 2.475173 0.358755 0.013449
frame-000200.color.jpg 0.149181 0.317488 -0.865255 0.358163 0.628074 -0.621949 2.489966 0.525805 0.016181
frame-000201.color.jpg 0.150458 0.320897 -0.865511 0.353946 0.623010 -0.647163 2.472702 0.592187 0.016357
frame-000202.color.jpg 0.137778 0.332472 -0.863845 0.352492 0.524532 -0.665849 2.439652 0.487019 0.013448
frame-000203.color.jpg 0.135707 0.323807 -0.864109 0.360623 0.419606 -0.611487 2.429633 0.380996 0.011684
frame-000204.color.jpg 0.135303 0.321290 -0.864610 0.361822 0.400154 -0.605982 2.428276 0.467126 0.013035
frame-000205.color.jpg 0.133385 0.316646 -0.865704 0.364005 0.359117 -0.592335 2.422804 0.305617 0.010144
frame-000206.color.jpg 0.129964 0.308718 -0.867987 0.366607 0.308808 -0.573176 2.413015 0.653881 0.017206
frame-000207.color.jpg 0.132194 0.303283 -0.869343 0.367134 0.276599 -0.543925 2.391273 0.490136 0.013917
frame-000208.color.jpg 0.128997 0.301120 -0.869531 0.369598 0.251754 -0.518330 2.382864 0.890430 0.021087
frame-000209.color.jpg 0.126958 0.295363 -0.870532 0.372581 0.217558 -0.495955 2.372653 0.652739 0.018165
frame-000210.color.jpg 0.125501 0.304884 -0.862838 0.383153 0.182501 -0.370992 2.319875 1.008317 0.008443
frame-000211.color.jpg 0.122946 0.307864 -0.861699 0.384160 0.177281 -0.345859 2.295897 0.869672 0.010223
frame-000212.color.jpg 0.126089 0.309109 -0.859116 0.387908 0.180774 -0.279787 2.256606 0.829289 0.015475
frame-000213.color.jpg 0.129074 0.309803 -0.859172 0.386246 0.190454 -0.261149 2.226559 1.153516 0.022532
frame-000214.color.jpg 0.139007 0.314065 -0.859117 0.379419 0.228953 -0.249465 2.191222 0.787795 0.018207
frame-000215.color.jpg 0.141944 0.318830 -0.857356 0.378338 0.240429 -0.230087 2.171454 0.862822 0.015486
frame-000216.color.jpg 0.157672 0.321786 -0.855324 0.374184 0.294967 -0.201444 2.137620 0.611231 0.014751
frame-000217.color.jpg 0.165700 0.327500 -0.851895 0.373580 0.328572 -0.175004 2.116308 0.692125 0.020442
frame-000218.color.jpg 0.175172 0.347914 -0.843243 0.370420 0.375364 -0.137126 2.074569 0.736931 0.014880
frame-000219.color.jpg 0.179577 0.358787 -0.837927 0.370003 0.396503 -0.108669 2.050919 0.761479 0.014381
frame-000220.color.jpg 0.184808 0.373577 -0.831511 0.367253 0.425783 -0.084246 2.019145 0.792050 0.015105
frame-000221.color.jpg 0.191119 0.396538 -0.819655 0.366602 0.466977 -0.035774 1.981754 0.750412 0.016516
frame-000222.color.jpg 0.214698 0.415473 -0.800059 0.375755 0.534971 0.104466 1.928934 0.362061 0.010523
frame-000223.color.jpg 0.216519 0.417318 -0.798028 0.376984 0.535828 0.121861 1.920800 0.331124 0.008672
frame-000224.color.jpg 0.223546 0.423739 -0.790044 0.382496 0.540939 0.200935 1.894366 0.350286 0.007808
frame-000225.color.jpg 0.224642 0.421552 -0.790195 0.383956 0.529463 0.231699 1.878954 0.401891 0.009994
frame-000226.color.jpg 0.228648 0.425527 -0.787069 0.383626 0.535729 0.261486 1.852505 0.610957 0.006704
frame-000227.color.jpg 0.225696 0.432849 -0.784772 0.381886 0.533888 0.283826 1.826782 0.520976 0.004428
frame-000228.color.jpg 0.221404 0.440404 -0.778237 0.389065 0.512364 0.339785 1.799842 0.483062 0.004049
frame-000229.color.jpg 0.221454 0.446501 -0.774249 0.390043 0.507101 0.381076 1.768746 0.580372 0.005391
frame-000230.color.jpg 0.221513 0.441748 -0.773465 0.396916 0.484640 0.429178 1.742567 0.375921 0.003456
frame-000231.color.jpg 0.234084 0.439987 -0.775106 0.388363 0.516870 0.443714 1.692228 0.410621 0.001862
frame-000232.color.jpg 0.240616 0.443540 -0.774638 0.381197 0.537090 0.457956 1.655966 0.526604 0.006516
frame-000233.color.jpg 0.250857 0.451750 -0.768362 0.377641 0.565975 0.492608 1.612209 0.460303 0.005899
frame-000234.color.jpg 0.256633 0.458958 -0.761282 0.379403 0.576245 0.533755 1.578497 0.301796 0.003975
frame-000235.color.jpg 0.262887 0.473752 -0.750481 0.378455 0.588756 0.580325 1.537593 0.229746 0.002776
frame-000236.color.jpg 0.268284 0.484511 -0.741384 0.378976 0.582425 0.622254 1.501091 0.162712 0.001113
frame-000237.color.jpg 0.275209 0.498027 -0.730540 0.377546 0.581825 0.662349 1.460341 0.211233 0.002928
frame-000238.color.jpg 0.275497 0.507074 -0.724582 0.376773 0.571727 0.678032 1.440757 0.216618 0.001576
frame-000239.color.jpg 0.276899 0.510673 -0.722346 0.375175 0.574543 0.685104 1.432010 0.225368 0.003039
frame-000240.color.jpg 0.284171 0.524745 -0.710739 0.372478 0.579737 0.714604 1.399305 0.176680 0.002533
frame-000241.color.jpg 0.285421 0.531803 -0.705802 0.370895 0.577351 0.728083 1.382658 0.199280 0.002038
frame-000242.color.jpg 0.290730 0.537752 -0.701899 0.365563 0.590779 0.737419 1.363412 0.133455 0.003333
frame-000243.color.jpg 0.291138 0.542495 -0.700163 0.361537 0.588704 0.738487 1.351285 0.199739 0.003898
frame-000244.color.jpg 0.294691 0.541581 -0.700659 0.359061 0.590747 0.748751 1.335376 0.079704 0.003597
frame-000245.color.jpg 0.293595 0.538862 -0.702157 0.361118 0.575253 0.763263 1.320765 0.131144 0.001950
frame-000246.color.jpg 0.292074 0.535404 -0.704399 0.363121 0.564074 0.776357 1.310356 0.160397 0.002759
frame-000247.color.jpg 0.292420 0.529912 -0.707180 0.365486 0.557263 0.800923 1.286475 0.145310 0.003566
frame-000248.color.jpg 0.282898 0.530306 -0.708718 0.369409 0.528363 0.818780 1.274441 0.068952 0.004262
frame-000249.color.jpg 0.280785 0.525543 -0.711752 0.371986 0.515433 0.838003 1.254657 0.174788 0.002665
frame-000250.color.jpg 0.279212 0.520246 -0.715258 0.373886 0.513076 0.854590 1.236357 0.123883 0.002160
frame-000251.color.jpg 0.276578 0.519655 -0.716551 0.374189 0.503324 0.864441 1.225315 0.261388 0.005874
frame-000252.color.jpg 0.273376 0.516488 -0.718927 0.376363 0.497500 0.877294 1.213198 0.149806 0.002531
frame-000253.color.jpg 0.273579 0.515508 -0.719285 0.376875 0.496194 0.881239 1.207833 0.222825 0.004057
frame-000254.color.jpg 0.274284 0.512293 -0.720545 0.378337 0.495795 0.900703 1.187138 0.279170 0.006392
frame-000255.color.jpg 0.269009 0.511545 -0.721323 0.381640 0.479389 0.920994 1.164833 0.237908 0.006251
frame-000256.color.jpg 0.271114 0.508544 -0.723441 0.380149 0.482397 0.930454 1.147180 0.281476 0.007260
frame-000257.color.jpg 0.272097 0.507090 -0.724314 0.379726 0.483837 0.931905 1.143513 0.296622 0.008204
frame-000258.color.jpg 0.274964 0.506570 -0.724774 0.377471 0.487646 0.935865 1.129318 0.301448 0.008041
frame-000259.color.jpg 0.285245 0.513962 -0.718197 0.372387 0.474298 0.962026 1.081907 0.293564 0.008843
frame-000260.color.jpg 0.281456 0.523865 -0.713557 0.370383 0.452259 0.973107 1.077031 0.191561 0.007112
frame-000261.color.jpg 0.284640 0.533693 -0.705535 0.369287 0.444270 0.988192 1.055508 0.292413 0.007492
frame-000262.color.jpg 0.277538 0.553452 -0.694871 0.365812 0.403592 1.001280 1.048033 0.141747 0.004648
frame-000263.color.jpg 0.280535 0.562445 -0.689040 0.360804 0.406016 1.007316 1.030434 0.276078 0.009155
frame-000264.color.jpg 0.282206 0.570624 -0.684831 0.354618 0.397555 1.014967 1.010864 0.323814 0.008632
frame-000265.color.jpg 0.287837 0.573337 -0.683599 0.348033 0.406316 1.027720 0.987554 0.493973 0.012591
frame-000266.color.jpg 0.285166 0.574697 -0.682555 0.350032 0.390086 1.044261 0.971807 0.528866 0.014564
frame-000267.color.jpg 0.287038 0.571907 -0.685369 0.347565 0.394822 1.082110 0.940091 0.435316 0.012314
frame-000268.color.jpg 0.287479 0.564933 -0.686530 0.356208 0.381754 1.132593 0.892046 0.560578 0.010059
frame-000269.color.jpg 0.282297 0.555327 -0.693121 0.362634 0.366506 1.170008 0.855661 0.410202 0.007677
frame-000270.color.jpg 0.278090 0.540683 -0.701197 0.372357 0.352603 1.243442 0.792223 0.278534 0.004768
frame-000271.color.jpg 0.276934 0.539404 -0.699222 0.378734 0.338815 1.275204 0.762792 0.154125 0.005254
frame-000272.color.jpg 0.281228 0.537483 -0.696619 0.383074 0.327901 1.307348 0.717009 0.374898 0.008278
frame-000273.color.jpg 0.283423 0.534257 -0.700222 0.379380 0.334299 1.321538 0.693668 0.280431 0.006146
frame-000274.color.jpg 0.286905 0.536433 -0.703719 0.367022 0.332351 1.322098 0.680026 0.212145 0.005793
frame-000275.color.jpg 0.285160 0.540084 -0.703583 0.363268 0.312441 1.326288 0.673915 0.152104 0.004584
frame-000276.color.jpg 0.294488 0.548591 -0.695232 0.359134 0.273344 1.350954 0.640289 0.072055 0.004712
frame-000277.color.jpg 0.288453 0.560029 -0.687828 0.360633 0.202317 1.362931 0.638784 0.174444 0.005559
frame-000278.color.jpg 0.293029 0.571832 -0.677975 0.357060 0.142977 1.380170 0.627662 0.180916 0.004183
frame-000279.color.jpg 0.281471 0.577016 -0.679394 0.355317 0.105611 1.383452 0.649867 0.257834 0.009943
frame-000280.color.jpg 0.285775 0.575973 -0.683944 0.344687 0.106972 1.415318 0.649665 0.236878 0.010436
frame-000281.color.jpg 0.291660 0.573646 -0.685031 0.341465 0.115557 1.437152 0.641170 0.262533 0.007610
frame-000282.color.jpg 0.295686 0.571007 -0.684703 0.343079 0.123739 1.447668 0.625453 0.118651 0.006965
frame-000283.color.jpg 0.301822 0.561041 -0.685043 0.353343 0.121867 1.478198 0.575660 0.483865 0.011550
frame-000284.color.jpg 0.300816 0.560986 -0.684152 0.356006 0.110172 1.493668 0.560393 0.563391 0.015529
frame-000285.color.jpg 0.290909 0.559046 -0.689591 0.356797 0.098697 1.510455 0.561854 0.395668 0.010730
frame-000286.color.jpg 0.290077 0.555982 -0.691240 0.359064 0.094866 1.524794 0.542010 0.345599 0.009722
frame-000287.color.jpg 0.280758 0.556448 -0.694234 0.359971 0.079796 1.535110 0.547375 0.243654 0.007177
frame-000288.color.jpg 0.270725 0.558136 -0.696874 0.359941 0.060338 1.537257 0.555327 0.160527 0.006947
frame-000289.color.jpg 0.263491 0.564632 -0.699165 0.350616 0.046003 1.535589 0.581227 0.273201 0.008578
frame-000290.color.jpg 0.267089 0.568134 -0.699183 0.342095 0.042142 1.537245 0.587728 0.252101 0.009505
frame-000291.color.jpg 0.268459 0.568293 -0.699480 0.340149 0.041029 1.536795 0.589305 0.262174 0.009186
frame-000292.color.jpg 0.273616 0.579545 -0.691145 0.334037 -0.056471 1.517087 0.610285 0.499130 0.015275
frame-000293.color.jpg 0.272660 0.582553 -0.689504 0.332976 -0.102442 1.501137 0.624812 0.632166 0.018821
frame-000294.color.jpg 0.280980 0.592991 -0.678540 0.330143 -0.206767 1.462397 0.643873 0.313350 0.010055
frame-000295.color.jpg 0.292246 0.596934 -0.674336 0.321765 -0.217327 1.451866 0.654804 0.260062 0.008661
frame-000296.color.jpg 0.305592 0.596778 -0.672738 0.312879 -0.213126 1.455694 0.660100 0.294254 0.008142
frame-000297.color.jpg 0.323058 0.590108 -0.669675 0.314548 -0.221660 1.475571 0.624535 0.170995 0.007159
frame-000298.color.jpg 0.332991 0.588034 -0.665783 0.316332 -0.235634 1.485335 0.599804 0.170823 0.006260
frame-000299.color.jpg 0.338369 0.596730 -0.653371 0.320198 -0.290330 1.471666 0.582806 0.368921 0.005674
frame-000300.color.jpg 0.352534 0.604411 -0.637173 0.323137 -0.333925 1.466296 0.563378 0.390642 0.009014
frame-000301.color.jpg 0.349798 0.607774 -0.635050 0.323981 -0.352101 1.460152 0.568785 0.356112 0.007963
frame-000302.color.jpg 0.361574 0.626931 -0.623702 0.295327 -0.384142 1.407717 0.656106 0.166992 0.005081
frame-000303.color.jpg 0.364390 0.638549 -0.615699 0.283531 -0.406036 1.374183 0.703457 0.202574 0.005831
frame-000304.color.jpg 0.363960 0.648121 -0.609475 0.275702 -0.424824 1.353196 0.735632 0.266411 0.008866
frame-000305.color.jpg 0.364589 0.664204 -0.595275 0.267500 -0.477761 1.315752 0.787294 0.274875 0.007426
frame-000306.color.jpg 0.363338 0.667743 -0.591060 0.269727 -0.516866 1.304344 0.801578 0.279346 0.008952
frame-000307.color.jpg 0.365230 0.665794 -0.588824 0.276788 -0.573129 1.302593 0.801696 0.408708 0.012706
frame-000308.color.jpg 0.359918 0.660783 -0.593667 0.285281 -0.625484 1.295874 0.796159 0.407919 0.012860
frame-000309.color.jpg 0.358846 0.656066 -0.598576 0.287252 -0.651934 1.303375 0.795265 0.420514 0.013946
frame-000310.color.jpg 0.354181 0.648544 -0.605090 0.296331 -0.697372 1.310600 0.780073 0.642716 0.019581
frame-000311.color.jpg 0.351280 0.641193 -0.611702 0.302151 -0.724871 1.318796 0.767849 0.572333 0.016699
frame-000312.color.jpg 0.342468 0.630612 -0.623795 0.309714 -0.770911 1.323034 0.750853 0.718309 0.017211
frame-000313.color.jpg 0.338265 0.622535 -0.634341 0.309256 -0.789000 1.335869 0.747557 0.677106 0.018501
frame-000314.color.jpg 0.330394 0.607144 -0.650605 0.314530 -0.814000 1.358736 0.721941 0.381247 0.013044
frame-000315.color.jpg 0.326330 0.600865 -0.655105 0.321413 -0.841904 1.372609 0.695151 0.417774 0.016501
frame-000316.color.jpg 0.323092 0.593252 -0.661105 0.326504 -0.849288 1.384557 0.670476 0.243833 0.011119
frame-000317.color.jpg 0.322866 0.585853 -0.667025 0.328040 -0.864061 1.406467 0.650379 0.316160 0.013116
frame-000318.color.jpg 0.318646 0.581379 -0.671697 0.330584 -0.880918 1.418418 0.626770 0.300236 0.011046
frame-000319.color.jpg 0.316957 0.580377 -0.673172 0.330968 -0.905295 1.425718 0.607814 0.374542 0.013005
frame-000320.color.jpg 0.316542 0.579787 -0.673798 0.331126 -0.921541 1.434567 0.590466 0.386008 0.011165
frame-000321.color.jpg 0.318216 0.582815 -0.671025 0.329833 -0.951012 1.435420 0.573849 0.309450 0.008263
frame-000322.color.jpg 0.318284 0.586425 -0.669104 0.327263 -0.985514 1.447981 0.562483 0.399500 0.010340
frame-000323.color.jpg 0.320420 0.581687 -0.669514 0.332749 -1.009695 1.463649 0.518619 0.211650 0.006164
frame-000324.color.jpg 0.318651 0.582520 -0.672397 0.327130 -1.024945 1.469184 0.515010 0.399214 0.012129
frame-000325.color.jpg 0.323579 0.584835 -0.671252 0.320446 -1.036741 1.481515 0.522256 0.277193 0.008160
frame-000326.color.jpg 0.327725 0.587465 -0.666965 0.320374 -1.059121 1.487425 0.514259 0.264358 0.004586
frame-000327.color.jpg 0.336039 0.595921 -0.656731 0.317269 -1.098392 1.474223 0.525775 0.296205 0.008935
frame-000328.color.jpg 0.335514 0.596634 -0.654672 0.320721 -1.140624 1.471706 0.507105 0.332181 0.007761
frame-000329.color.jpg 0.331104 0.592016 -0.660490 0.321932 -1.174743 1.479262 0.486507 0.347466 0.009497
frame-000330.color.jpg 0.327619 0.584073 -0.670350 0.319617 -1.178321 1.508343 0.474245 0.691978 0.017597
frame-000331.color.jpg 0.318592 0.577386 -0.677781 0.325173 -1.190211 1.505871 0.442896 0.516098 0.013626
frame-000332.color.jpg 0.311843 0.569033 -0.687861 0.325273 -1.185204 1.516524 0.425346 0.464848 0.011872
frame-000333.color.jpg 0.300471 0.562605 -0.702312 0.316151 -1.190136 1.516659 0.438255 0.297853 0.006618
frame-000334.color.jpg 0.289448 0.560003 -0.712649 0.307812 -1.187160 1.512299 0.457744 0.514530 0.013189
frame-000335.color.jpg 0.278156 0.562263 -0.718857 0.299558 -1.192538 1.486084 0.483860 0.334065 0.006846
frame-000336.color.jpg 0.267074 0.569389 -0.721824 0.288855 -1.211721 1.442019 0.526025 0.332967 0.006719
frame-000337.color.jpg 0.262378 0.571766 -0.724092 0.282722 -1.221823 1.422995 0.547230 0.234584 0.005553
frame-000338.color.jpg 0.255600 0.574832 -0.725912 0.278009 -1.240130 1.389218 0.565278 0.544260 0.011907
frame-000339.color.jpg 0.249312 0.577839 -0.728119 0.271640 -1.248842 1.363970 0.588675 0.541797 0.011912
frame-000340.color.jpg 0.243434 0.576846 -0.732555 0.267117 -1.242071 1.356003 0.603102 0.904520 0.021094
frame-000341.color.jpg 0.244320 0.578414 -0.731462 0.265910 -1.276631 1.332162 0.611953 0.512644 0.011464
frame-000342.color.jpg 0.237866 0.577647 -0.734422 0.265271 -1.300550 1.315422 0.614997 0.672800 0.013118
frame-000343.color.jpg 0.228109 0.572990 -0.740756 0.266325 -1.332872 1.305974 0.606152 0.637213 0.012390
frame-000344.color.jpg 0.227014 0.564988 -0.746972 0.266995 -1.354774 1.319308 0.598028 0.646932 0.007658
frame-000345.color.jpg 0.216105 0.538994 -0.766938 0.273113 -1.351613 1.383707 0.543041 0.673580 0.006554
frame-000346.color.jpg 0.206746 0.512433 -0.784446 0.281625 -1.340843 1.461603 0.475364 0.608477 0.004896
frame-000347.color.jpg 0.198285 0.483836 -0.800894 0.291814 -1.311588 1.538975 0.399350 0.506298 0.005959
frame-000348.color.jpg 0.190946 0.460065 -0.814163 0.298359 -1.292800 1.600225 0.340060 0.560680 0.006184
frame-000349.color.jpg 0.185095 0.451406 -0.819348 0.301068 -1.297073 1.621137 0.311830 0.708606 0.005338
frame-000350.color.jpg 0.173949 0.437396 -0.828338 0.303782 -1.314387 1.660278 0.263289 0.480417 0.006424
frame-000351.color.jpg 0.169435 0.437541 -0.828568 0.305492 -1.346746 1.660207 0.245078 0.443580 0.008288
frame-000352.color.jpg 0.167566 0.441322 -0.827234 0.304698 -1.376157 1.661732 0.244121 0.277308 0.004140
frame-000353.color.jpg 0.167803 0.450046 -0.822014 0.305933 -1.436852 1.645928 0.243206 0.383051 0.004804
frame-000354.color.jpg 0.163196 0.448778 -0.822008 0.310270 -1.453382 1.653630 0.216654 0.211437 0.005164
frame-000355.color.jpg 0.167337 0.450103 -0.819235 0.313463 -1.483237 1.658352 0.206911 0.218275 0.003139
frame-000356.color.jpg 0.168648 0.453315 -0.816928 0.314152 -1.516883 1.658049 0.200995 0.180447 0.000377
frame-000357.color.jpg 0.171808 0.448753 -0.818012 0.316162 -1.524278 1.685326 0.184589 0.095017 0.001748
frame-000358.color.jpg 0.174567 0.447944 -0.817084 0.318191 -1.538774 1.698146 0.175063 0.183683 0.003577
frame-000359.color.jpg 0.188154 0.451572 -0.807134 0.330477 -1.584403 1.705680 0.143882 0.375857 0.001656
frame-000360.color.jpg 0.198712 0.454873 -0.800586 0.335659 -1.610858 1.721999 0.137333 0.314959 0.010202
frame-000361.color.jpg 0.205712 0.457228 -0.792594 0.347016 -1.647428 1.723364 0.102550 0.206294 0.007291
frame-000362.color.jpg 0.209071 0.457935 -0.787836 0.354824 -1.672828 1.717884 0.076471 0.226519 0.003775
frame-000363.color.jpg 0.213794 0.455623 -0.784902 0.361426 -1.677524 1.727133 0.050117 0.088197 0.004990
frame-000364.color.jpg 0.218164 0.456291 -0.781675 0.364949 -1.689928 1.729975 0.044009 0.121648 0.005800
frame-000365.color.jpg 0.220985 0.457180 -0.779191 0.367442 -1.693167 1.728089 0.040090 0.242671 0.008248
frame-000366.color.jpg 0.226226 0.458642 -0.776160 0.368843 -1.700107 1.730168 0.038587 0.214861 0.009083
frame-000367.color.jpg 0.230024 0.461197 -0.772503 0.370979 -1.708383 1.729744 0.039890 0.174520 0.005741
frame-000368.color.jpg 0.232170 0.459975 -0.770941 0.374393 -1.712687 1.739641 0.022972 0.219233 0.006861
frame-000369.color.jpg 0.234020 0.456736 -0.770271 0.378562 -1.711710 1.751615 0.000926 0.215889 0.008363
frame-000370.color.jpg 0.232843 0.455583 -0.770462 0.380285 -1.717467 1.759822 -0.013964 0.264104 0.011281
frame-000371.color.jpg 0.226248 0.451514 -0.773515 0.382912 -1.718253 1.778069 -0.049059 0.184164 0.008911
frame-000372.color.jpg 0.217972 0.441257 -0.779365 0.387778 -1.699859 1.819777 -0.114916 0.156750 0.006019
frame-000373.color.jpg 0.211338 0.429787 -0.784694 0.393541 -1.674948 1.863976 -0.191518 0.181815 0.006561
frame-000374.color.jpg 0.204134 0.420785 -0.788293 0.399829 -1.663522 1.904499 -0.278653 0.328690 0.012507
frame-000375.color.jpg 0.204783 0.418266 -0.790402 0.397972 -1.664406 1.931644 -0.307445 0.442976 0.016532
frame-000376.color.jpg 0.207689 0.419318 -0.791328 0.393494 -1.683775 1.961480 -0.315083 0.505233 0.018588
frame-000377.color.jpg 0.213098 0.425492 -0.788924 0.388773 -1.726024 1.973194 -0.310919 0.394795 0.015915
frame-000378.color.jpg 0.221000 0.436945 -0.781612 0.386420 -1.801774 1.962951 -0.302165 0.449530 0.015478
frame-000379.color.jpg 0.236687 0.459202 -0.767206 0.380142 -1.923941 1.934277 -0.249555 0.399459 0.013125
frame-000380.color.jpg 0.242668 0.477227 -0.756246 0.376110 -2.045300 1.901659 -0.223667 0.474261 0.013648
frame-000381.color.jpg 0.249743 0.479235 -0.755165 0.371064 -2.081130 1.927068 -0.213142 0.478329 0.011524
frame-000382.color.jpg 0.251738 0.480762 -0.757896 0.362062 -2.121824 1.972718 -0.202156 0.445951 0.012307
frame-000383.color.jpg 0.254161 0.477684 -0.760170 0.359669 -2.133817 2.015944 -0.222597 0.480330 0.013620
frame-000384.color.jpg 0.247900 0.474647 -0.759883 0.368556 -2.179705 2.035302 -0.328375 0.319973 0.012822
frame-000385.color.jpg 0.240002 0.473828 -0.761355 0.371787 -2.221649 2.053192 -0.397206 0.263897 0.010088
frame-000386.color.jpg 0.238084 0.471948 -0.760532 0.377058 -2.255350 2.058698 -0.463924 0.326354 0.013377
frame-000387.color.jpg 0.231579 0.457176 -0.771577 0.376868 -2.236763 2.163101 -0.560548 0.476668 0.013874
frame-000388.color.jpg 0.219621 0.450325 -0.778682 0.377661 -2.252587 2.219795 -0.642514 0.282315 0.009702
frame-000389.color.jpg 0.220645 0.447896 -0.780563 0.376066 -2.262357 2.251403 -0.659265 0.248532 0.004476
frame-000390.color.jpg 0.226082 0.452451 -0.776534 0.375726 -2.327777 2.252985 -0.676812 0.100593 0.002703
frame-000391.color.jpg 0.237409 0.461151 -0.768702 0.374263 -2.444143 2.254099 -0.675662 0.217489 0.007652
frame-000392.color.jpg 0.238658 0.478391 -0.759770 0.370047 -2.572267 2.206809 -0.628691 0.163162 0.006984
frame-000393.color.jpg 0.250210 0.497247 -0.744621 0.368347 -2.706106 2.118280 -0.561392 0.292761 0.008925
frame-000394.color.jpg 0.256824 0.502905 -0.741863 0.361617 -2.752840 2.143119 -0.514254 0.236302 0.006943
frame-000395.color.jpg 0.260211 0.508870 -0.737847 0.359060 -2.812264 2.130995 -0.496360 0.309862 0.010476
frame-000396.color.jpg 0.264527 0.507169 -0.737946 0.358107 -2.824938 2.160847 -0.509400 0.143967 0.006193
frame-000397.color.jpg 0.263971 0.503054 -0.739460 0.361185 -2.843774 2.199029 -0.578991 0.025614 0.004222
frame-000398.color.jpg 0.261838 0.502987 -0.737226 0.367346 -2.883862 2.187677 -0.656802 0.150480 0.003681
frame-000399.color.jpg 0.256915 0.522454 -0.728513 0.360977 -3.012466 2.105884 -0.609218 0.288032 0.007575
frame-000400.color.jpg 0.253796 0.529418 -0.726454 0.357167 -3.080254 2.096062 -0.610637 0.291255 0.008685
frame-000401.color.jpg 0.253546 0.531998 -0.730023 0.346061 -3.094469 2.134881 -0.556778 0.533836 0.011020
frame-000402.color.jpg 0.256812 0.531978 -0.732165 0.339089 -3.124911 2.179525 -0.530495 0.155309 0.004777
frame-000403.color.jpg 0.266422 0.532790 -0.730930 0.333010 -3.153025 2.214986 -0.484684 0.243317 0.005382
frame-000404.color.jpg 0.271960 0.539242 -0.723340 0.334716 -3.220564 2.165417 -0.470605 0.319082 0.006363
frame-000405.color.jpg 0.271300 0.549338 -0.712109 0.342819 -3.330702 2.063118 -0.497506 0.379198 0.006343
frame-000406.color.jpg 0.267354 0.552698 -0.709214 0.346500 -3.378999 2.023084 -0.526707 0.379544 0.006095
frame-000407.color.jpg 0.267013 0.559595 -0.704592 0.345121 -3.450294 1.983042 -0.499151 0.219613 0.003303
frame-000408.color.jpg 0.263933 0.558834 -0.706091 0.345658 -3.473187 1.993109 -0.518957 0.570608 0.008424
frame-000409.color.jpg 0.267738 0.560539 -0.706269 0.339553 -3.501144 2.007763 -0.466835 0.517820 0.007660
frame-000410.color.jpg 0.266916 0.559749 -0.706826 0.340344 -3.500931 2.010493 -0.481303 0.629489 0.007866
frame-000411.color.jpg 0.267438 0.560272 -0.707474 0.337718 -3.519771 2.021924 -0.461334 0.448842 0.006217
frame-000412.color.jpg 0.263028 0.556271 -0.711829 0.338642 -3.508869 2.047918 -0.500834 0.633878 0.011534
frame-000413.color.jpg 0.259434 0.553026 -0.715235 0.339552 -3.495313 2.071079 -0.533943 0.937100 0.013883
frame-000414.color.jpg 0.259981 0.555270 -0.713876 0.338330 -3.510500 2.057604 -0.515304 0.494432 0.008846
